0 9.107589721679688e-05
0 0.02343916893005371
0 0.03388094902038574
1 0.04413318634033203
2 0.05488252639770508
2 0.0661458969116211
3 0.07054400444030762
3 0.07596564292907715
4 0.08014607429504395
5 0.08581280708312988
6 0.09004783630371094
6 0.09586572647094727
8 0.10006833076477051
9 0.10586833953857422
10 0.11008501052856445
12 0.11643385887145996
14 0.12103605270385742
15 0.12636852264404297
17 0.13088226318359375
18 0.13675832748413086
21 0.1414165496826172
22 0.14651179313659668
25 0.151444673538208
27 0.15651249885559082
32 0.16108179092407227
34 0.17155790328979492
36 0.17683649063110352
40 0.18201780319213867
42 0.18686413764953613
45 0.1920149326324463
48 0.19686317443847656
51 0.20151424407958984
54 0.20674538612365723
57 0.21154475212097168
60 0.21787500381469727
64 0.22303223609924316
68 0.22789502143859863
70 0.23338055610656738
74 0.23839855194091797
77 0.24372172355651855
82 0.24822402000427246
84 0.25354695320129395
89 0.2580745220184326
92 0.26337456703186035
96 0.2685971260070801
101 0.2740638256072998
104 0.27857065200805664
108 0.2839541435241699
112 0.28850340843200684
116 0.29387664794921875
120 0.29844188690185547
122 0.30380821228027344
127 0.30837368965148926
130 0.3137366771697998
137 0.3190436363220215
140 0.3245980739593506
144 0.32895350456237793
148 0.33470773696899414
152 0.3390038013458252
156 0.3454287052154541
160 0.34967780113220215
163 0.35509204864501953
168 0.3595705032348633
172 0.3661799430847168
177 0.37252211570739746
180 0.37703371047973633
184 0.38249659538269043
187 0.38698554039001465
191 0.39252352714538574
194 0.3970177173614502
198 0.4024198055267334
201 0.40693187713623047
205 0.41199493408203125
209 0.4169018268585205
211 0.42336583137512207
215 0.42798566818237305
218 0.43335962295532227
221 0.4379873275756836
224 0.4437706470489502
227 0.4484238624572754
230 0.4539511203765869
232 0.45847105979919434
235 0.46389079093933105
238 0.46842193603515625
240 0.47492361068725586
242 0.47940897941589355
244 0.48479628562927246
246 0.489046573638916
247 0.4947850704193115
249 0.49907875061035156
250 0.5046954154968262
252 0.5089817047119141
253 0.5147888660430908
255 0.5190694332122803
256 0.5257456302642822
257 0.5300002098083496
257 0.535754919052124
258 0.540031909942627
259 0.5461673736572266
259 0.5505993366241455
260 0.556088924407959
260 0.560528039932251
260 0.5696802139282227
259 0.5763123035430908
259 0.5809981822967529
258 0.5863451957702637
258 0.5910162925720215
257 0.5963728427886963
256 0.6009359359741211
255 0.606316089630127
254 0.6108522415161133
253 0.6161954402923584
251 0.6208505630493164
250 0.6270408630371094
248 0.6326150894165039
247 0.6373329162597656
245 0.6425018310546875
243 0.6477899551391602
240 0.6540684700012207
237 0.6600947380065918
234 0.6670482158660889
230 0.6758928298950195
228 0.6826839447021484
224 0.6886472702026367
220 0.6961846351623535
216 0.7029178142547607
212 0.708888053894043
208 0.7163071632385254
204 0.7230813503265381
198 0.7313203811645508
196 0.7374296188354492
192 0.742647647857666
189 0.747351884841919
185 0.7527647018432617
182 0.7574508190155029
178 0.7626161575317383
174 0.7680754661560059
169 0.7734103202819824
166 0.7787971496582031
162 0.7841267585754395
159 0.7886409759521484
154 0.7940244674682617
152 0.7985618114471436
147 0.8039748668670654
144 0.8085165023803711
139 0.8140468597412109
136 0.8185992240905762
132 0.8239684104919434
127 0.8295795917510986
124 0.8350615501403809
120 0.8395841121673584
117 0.8450086116790771
112 0.8495123386383057
109 0.8555781841278076
105 0.859870433807373
102 0.8655624389648438
96 0.8698544502258301
92 0.8770601749420166
88 0.883939266204834
85 0.8884255886077881
82 0.8938121795654297
78 0.8983597755432129
76 0.9037158489227295
72 0.9082558155059814
70 0.9136056900024414
66 0.9181516170501709
64 0.9234700202941895
59 0.9280400276184082
57 0.934539794921875
54 0.9389145374298096
51 0.9444127082824707
49 0.9488458633422852
46 0.9541754722595215
44 0.958730936050415
40 0.9640898704528809
38 0.9735133647918701
35 0.9780619144439697
33 0.9845583438873291
31 0.9889016151428223
30 0.9947869777679443
28 0.9990742206573486
27 1.0045642852783203
26 1.0089080333709717
24 1.0145671367645264
24 1.018904209136963
22 1.024343490600586
21 1.0287806987762451
21 1.035465955734253
20 1.0396971702575684
20 1.0453650951385498
19 1.049659252166748
19 1.055537223815918
19 1.0603158473968506
19 1.0659723281860352
19 1.0703017711639404
19 1.0759849548339844
20 1.0819413661956787
20 1.086810827255249
21 1.0914630889892578
22 1.0965361595153809
22 1.101318597793579
24 1.1065325736999512
25 1.1114907264709473
26 1.1167101860046387
27 1.1213274002075195
28 1.1265161037445068
30 1.1327087879180908
32 1.1375808715820312
34 1.1428508758544922
35 1.1476333141326904
38 1.152745246887207
40 1.157435655593872
42 1.1633763313293457
45 1.1679284572601318
47 1.1733782291412354
49 1.1779756546020508
53 1.184117078781128
55 1.1886224746704102
58 1.194035530090332
61 1.1985251903533936
64 1.2039165496826172
67 1.2084267139434814
70 1.2140355110168457
73 1.2185919284820557
77 1.2239313125610352
80 1.228423833847046
84 1.2349860668182373
88 1.2395060062408447
91 1.2449417114257812
95 1.2494142055511475
98 1.2549211978912354
102 1.2593562602996826
105 1.26539945602417
110 1.2696173191070557
113 1.2754504680633545
117 1.279710054397583
122 1.2861125469207764
125 1.2907850742340088
130 1.296152114868164
133 1.3005623817443848
136 1.3060855865478516
141 1.3105220794677734
144 1.316011667251587
149 1.3202118873596191
152 1.325925350189209
156 1.3301525115966797
161 1.3367586135864258
166 1.3414015769958496
169 1.3465030193328857
174 1.351431131362915
177 1.3565232753753662
184 1.3610773086547852
187 1.3709263801574707
192 1.3762578964233398
198 1.3813607692718506
200 1.3884294033050537
205 1.3939464092254639
208 1.3984739780426025
212 1.40401029586792
214 1.4085566997528076
218 1.4140751361846924
221 1.4185891151428223
225 1.423957109451294
227 1.4284355640411377
231 1.433807611465454
234 1.4390952587127686
236 1.444749116897583
240 1.4490375518798828
242 1.4545629024505615
244 1.4589154720306396
247 1.4643986225128174
250 1.4696247577667236
251 1.475417137145996
254 1.479672908782959
256 1.485084056854248
258 1.4902639389038086
259 1.495936393737793
261 1.5001654624938965
262 1.505817174911499
264 1.5100390911102295
265 1.5156989097595215
266 1.519953727722168
268 1.5256247520446777
268 1.5298571586608887
270 1.5356788635253906
270 1.5413274765014648
271 1.5464849472045898
271 1.55104398727417
272 1.5563709735870361
272 1.5609467029571533
272 1.5662877559661865
272 1.570831537246704
271 1.5761351585388184
271 1.5805835723876953
270 1.5860891342163086
270 1.5926172733306885
269 1.5970993041992188
268 1.6025056838989258
268 1.606989860534668
266 1.612011432647705
265 1.616899013519287
264 1.621952772140503
262 1.6267969608306885
261 1.631464958190918
260 1.636662483215332
257 1.6429016590118408
256 1.6477034091949463
254 1.6529767513275146
252 1.6577808856964111
250 1.6630878448486328
247 1.6679348945617676
245 1.6737205982208252
242 1.678246259689331
240 1.6835622787475586
236 1.688122272491455
234 1.6945371627807617
231 1.6989343166351318
228 1.7043755054473877
226 1.708810567855835
222 1.7144229412078857
220 1.7188904285430908
216 1.7243738174438477
213 1.7288193702697754
209 1.7341766357421875
205 1.738708734512329
202 1.7453477382659912
198 1.7495951652526855
196 1.7550225257873535
191 1.7594850063323975
184 1.765824794769287
181 1.774956226348877
177 1.7795789241790771
174 1.7854175567626953
168 1.7897021770477295
165 1.7964057922363281
160 1.800976037979126
157 1.806333065032959
154 1.810887098312378
150 1.8162357807159424
146 1.8206791877746582
142 1.826131820678711
139 1.8308124542236328
134 1.836169719696045
130 1.8406486511230469
127 1.847062110900879
123 1.8526275157928467
120 1.857328176498413
115 1.8625285625457764
112 1.8670306205749512
108 1.87241530418396
105 1.877661943435669
101 1.8827872276306152
98 1.887563705444336
93 1.8938372135162354
89 1.9001996517181396
86 1.905918836593628
82 1.910172939300537
80 1.9159040451049805
76 1.920151710510254
74 1.9260070323944092
70 1.930246353149414
68 1.935929536819458
65 1.9401803016662598
59 1.9536144733428955
56 1.9581670761108398
54 1.9635207653045654
52 1.9680564403533936
50 1.9733638763427734
47 1.9784629344940186
46 1.983856201171875
44 1.988372802734375
42 1.9937107563018799
40 1.9990997314453125
39 2.004701614379883
37 2.008960008621216
36 2.0147483348846436
35 2.0190043449401855
34 2.024458169937134
34 2.028881072998047
33 2.034374475479126
32 2.0388031005859375
32 2.0441620349884033
31 2.049694061279297
31 2.0554676055908203
31 2.0597000122070312
31 2.0653843879699707
31 2.069657802581787
32 2.0755345821380615
32 2.079777479171753
32 2.085578680038452
33 2.0898561477661133
34 2.0955634117126465
35 2.1008739471435547
36 2.1062281131744385
37 2.110771417617798
38 2.116114377975464
40 2.120532512664795
41 2.126009702682495
42 2.13023042678833
44 2.1360747814178467
46 2.140291929244995
48 2.145966053009033
51 2.1519594192504883
52 2.156836986541748
55 2.161475658416748
59 2.1667158603668213
61 2.175884485244751
65 2.180075168609619
67 2.186420202255249
71 2.1914591789245605
74 2.196674108505249
76 2.203383207321167
79 2.207956075668335
83 2.213043689727783
85 2.217839002609253
89 2.222914934158325
92 2.22770094871521
96 2.2328169345855713
98 2.237581253051758
103 2.2426395416259766
107 2.2470991611480713
110 2.253676652908325
114 2.258253812789917
117 2.26355242729187
122 2.2680530548095703
125 2.273338794708252
128 2.2779629230499268
132 2.283079147338867
137 2.2882790565490723
140 2.2936155796051025
145 2.298151969909668
150 2.3042054176330566
153 2.3087587356567383
158 2.314387321472168
160 2.318866014480591
165 2.324188470840454
168 2.32875394821167
173 2.334113597869873
176 2.338632583618164
181 2.344013214111328
186 2.3485748767852783
189 2.35490083694458
194 2.3593757152557373
196 2.3647942543029785
201 2.3690967559814453
204 2.3750295639038086
208 2.3795268535614014
211 2.3849825859069824
216 2.389932632446289
218 2.3955798149108887
224 2.39984393119812
227 2.4075639247894287
230 2.412677049636841
233 2.417393922805786
237 2.4226269721984863
240 2.4273595809936523
243 2.4327943325042725
246 2.4375722408294678
249 2.442819356918335
251 2.447580099105835
254 2.45267391204834
258 2.458268642425537
259 2.463618516921997
262 2.4681477546691895
264 2.4734959602355957
267 2.478048324584961
268 2.483348846435547
271 2.487928628921509
273 2.4939329624176025
274 2.4984261989593506
276 2.503810405731201
278 2.5090882778167725
278 2.514723539352417
280 2.519005537033081
281 2.5244553089141846
282 2.5288960933685303
282 2.5343501567840576
283 2.538780689239502
284 2.544187307357788
284 2.5487163066864014
284 2.5542423725128174
285 2.5597894191741943
285 2.5655434131622314
284 2.5697877407073975
284 2.579014778137207
283 2.5847721099853516
282 2.5890650749206543
282 2.5956504344940186
281 2.599965810775757
280 2.60573410987854
278 2.611544132232666
278 2.6167690753936768
276 2.6214253902435303
275 2.626525640487671
273 2.6310791969299316
272 2.6365060806274414
270 2.6411006450653076
268 2.646433115005493
266 2.650975465774536
264 2.656336545944214
262 2.6626391410827637
260 2.667362928390503
257 2.672736644744873
255 2.677435874938965
252 2.6826272010803223
250 2.6873631477355957
246 2.6926231384277344
242 2.70009446144104
239 2.705923318862915
235 2.7114477157592773
233 2.71653151512146
229 2.721060276031494
226 2.726663112640381
223 2.732694149017334
217 2.738799571990967
213 2.7461061477661133
208 2.753013849258423
200 2.760984182357788
196 2.7694156169891357
192 2.7766950130462646
186 2.783911943435669
180 2.78996205329895
176 2.798082113265991
169 2.80478835105896
163 2.8129780292510986
157 2.8190407752990723
154 2.826754093170166
150 2.8319454193115234
147 2.8368117809295654
142 2.841470241546631
139 2.846710443496704
135 2.851552724838257
132 2.8567891120910645
128 2.863051414489746
124 2.8678760528564453
120 2.8729779720306396
117 2.87784743309021
113 2.8829948902130127
110 2.887809991836548
106 2.8929107189178467
102 2.897752046585083
100 2.9036002159118652
95 2.9081647396087646
92 2.9144465923309326
90 2.91890811920166
86 2.924365758895874
84 2.9287989139556885
80 2.9341771602630615
78 2.938718795776367
75 2.9440886974334717
73 2.948622465133667
70 2.9540300369262695
67 2.958559274673462
66 2.9650793075561523
61 2.9695703983306885
60 2.978741407394409
58 2.9842517375946045
56 2.9887704849243164
54 2.99442458152771
52 2.9988603591918945
51 3.0050525665283203
50 3.009550094604492
49 3.0159990787506104
47 3.0202226638793945
46 3.0258872509002686
46 3.0301527976989746
45 3.035977363586426
44 3.040203094482422
44 3.0459046363830566
43 3.0501232147216797
43 3.0558042526245117
43 3.0600359439849854
43 3.066498279571533
44 3.0710930824279785
44 3.0766587257385254
44 3.0810954570770264
45 3.086531162261963
46 3.091491222381592
46 3.096696615219116
48 3.1010961532592773
48 3.1064486503601074
50 3.1109821796417236
51 3.117410659790039
52 3.1226131916046143
54 3.1271016597747803
56 3.132603645324707
57 3.1370503902435303
59 3.142411231994629
61 3.146904945373535
63 3.152425765991211
65 3.156890392303467
68 3.161909818649292
69 3.1677935123443604
72 3.172898292541504
74 3.177689790725708
78 3.182790517807007
80 3.187558174133301
83 3.192697286605835
85 3.1973729133605957
89 3.202545642852783
91 3.2070116996765137
95 3.212637186050415
99 3.2182540893554688
102 3.223764181137085
106 3.2282609939575195
108 3.2335987091064453
112 3.238121271133423
115 3.2433927059173584
118 3.2479801177978516
122 3.253096342086792
126 3.2578651905059814
130 3.262951612472534
134 3.268477201461792
139 3.2739930152893066
142 3.278564453125
146 3.283942699432373
150 3.2884607315063477
154 3.293787717819214
158 3.2984044551849365
162 3.3037734031677246
165 3.3084142208099365
170 3.3143742084503174
175 3.3197717666625977
178 3.325427293777466
184 3.3296921253204346
188 3.336845636367798
192 3.3426194190979004
196 3.347100019454956
200 3.3526852130889893
203 3.3574020862579346
208 3.362637996673584
215 3.367335081100464
218 3.37736439704895
223 3.382810115814209
226 3.387579917907715
230 3.392954111099243
232 3.397761106491089
237 3.4030470848083496
240 3.4078428745269775
244 3.4137165546417236
249 3.4182426929473877
251 3.4244630336761475
254 3.428903579711914
257 3.434370279312134
260 3.4388303756713867
263 3.444195508956909
265 3.4487247467041016
268 3.454221248626709
270 3.458761692047119
273 3.4640824794769287
276 3.4686408042907715
278 3.475094795227051
280 3.4795823097229004
282 3.485402822494507
284 3.4896340370178223
286 3.495074510574341
288 3.499535322189331
289 3.50496506690979
290 3.5094029903411865
292 3.515740394592285
293 3.5199995040893555
294 3.5264744758605957
295 3.5310802459716797
296 3.536412239074707
296 3.5409395694732666
297 3.546332836151123
297 3.5508365631103516
298 3.5562493801116943
298 3.560681104660034
298 3.5661230087280273
297 3.5707805156707764
297 3.577080011367798
296 3.582502603530884
296 3.587003469467163
295 3.5920209884643555
295 3.5968892574310303
294 3.601914644241333
293 3.606804132461548
292 3.612008810043335
290 3.6177027225494385
289 3.623805046081543
287 3.6283609867095947
285 3.6338717937469482
284 3.6384353637695312
282 3.6437997817993164
280 3.648348093032837
278 3.653726577758789
276 3.6582562923431396
274 3.6636033058166504
272 3.6681904792785645
269 3.674159288406372
267 3.678743600845337
264 3.684098958969116
262 3.68861722946167
258 3.694181442260742
256 3.6987478733062744
252 3.7041919231414795
250 3.7087161540985107
247 3.7140591144561768
243 3.7190663814544678
240 3.7258899211883545
236 3.7301292419433594
234 3.7358133792877197
230 3.7400600910186768
227 3.745910167694092
223 3.7501022815704346
220 3.7559473514556885
214 3.760179042816162
212 3.7665159702301025
204 3.771050214767456
200 3.780979633331299
197 3.786313056945801
192 3.7909889221191406
189 3.7963461875915527
185 3.801076889038086
182 3.8064355850219727
177 3.811379909515381
174 3.816488742828369
170 3.822519540786743
165 3.8281772136688232
162 3.8335793018341064
158 3.8381307125091553
153 3.844428062438965
150 3.8488857746124268
146 3.8543732166290283
143 3.8588078022003174
138 3.8642120361328125
134 3.8687477111816406
131 3.8749032020568848
127 3.8801980018615723
124 3.8859169483184814
120 3.8901596069335938
117 3.8958804607391357
110 3.9068145751953125
106 3.911506175994873
103 3.9167869091033936
100 3.9214634895324707
96 3.9266867637634277
94 3.9334096908569336
90 3.9379897117614746
88 3.9433372020721436
86 3.947944164276123
84 3.9530937671661377
82 3.9579145908355713
79 3.9630439281463623
77 3.967837333679199
74 3.9729485511779785
72 3.9777896404266357
70 3.9840087890625
68 3.9885199069976807
66 3.994063138961792
65 3.998584747314453
64 4.004075050354004
62 4.008591651916504
61 4.01390814781189
60 4.018421173095703
59 4.023743629455566
58 4.0282487869262695
58 4.0354063510894775
57 4.0397114753723145
56 4.045417308807373
56 4.049669981002808
56 4.055460691452026
56 4.0597240924835205
56 4.0653698444366455
56 4.069646596908569
56 4.0750885009765625
57 4.080315113067627
57 4.08602499961853
58 4.09029483795166
58 4.095975160598755
60 4.100285291671753
60 4.105962514877319
62 4.11016845703125
63 4.116010665893555
64 4.120197296142578
66 4.125872373580933
68 4.1327714920043945
69 4.137613534927368
72 4.142699956893921
73 4.147456407546997
76 4.152630567550659
77 4.157329559326172
80 4.162511110305786
82 4.166987180709839
87 4.172507286071777
90 4.1809983253479
92 4.187391996383667
95 4.192739248275757
98 4.197445392608643
101 4.202807664871216
104 4.207576513290405
108 4.212703704833984
110 4.217422246932983
114 4.222624063491821
118 4.22732949256897
122 4.234203577041626
125 4.238738775253296
129 4.24406099319458
132 4.248538017272949
136 4.25392746925354
139 4.258450984954834
144 4.263938903808594
147 4.26841926574707
150 4.273713111877441
154 4.2782487869262695
159 4.284425735473633
164 4.288905382156372
167 4.294571876525879
170 4.298923015594482
175 4.304383039474487
178 4.308809995651245
182 4.314170837402344
186 4.3187196254730225
190 4.324063777923584
195 4.328561544418335
198 4.3357484340667725
203 4.340033292770386
206 4.3457350730896
212 4.349990606307983
216 4.357389211654663
220 4.362925052642822
223 4.367782831192017
228 4.37286376953125
230 4.377640008926392
235 4.382749080657959
239 4.388305187225342
242 4.393838882446289
246 4.398360967636108
249 4.4037206172943115
253 4.408227443695068
256 4.413752317428589
260 4.418269872665405
262 4.423645973205566
266 4.428188800811768
270 4.433515787124634
273 4.439481973648071
275 4.444875955581665
278 4.449095249176025
280 4.454767465591431
284 4.459082126617432
286 4.464682102203369
288 4.468974590301514
290 4.47476863861084
293 4.479038715362549
294 4.48459267616272
296 4.490024089813232
298 4.49564266204834
300 4.4998555183410645
301 4.505474328994751
303 4.5097596645355225
304 4.515429258346558
305 4.519679546356201
306 4.525553226470947
307 4.529826879501343
308 4.535601377487183
309 4.541923522949219
309 4.546799182891846
310 4.551445484161377
310 4.556527137756348
310 4.561371564865112
310 4.5664873123168945
309 4.571082592010498
309 4.57972264289856
308 4.585529088973999
307 4.591381549835205
307 4.5964906215667725
306 4.601475477218628
305 4.6067023277282715
304 4.611385345458984
302 4.616486549377441
301 4.621347665786743
300 4.626465082168579
298 4.631026983261108
296 4.636355400085449
294 4.643395185470581
292 4.647986888885498
291 4.6535069942474365
288 4.658061981201172
286 4.663351058959961
284 4.667940616607666
282 4.673014163970947
280 4.677896738052368
277 4.682989835739136
269 4.68779444694519
266 4.702970027923584
262 4.707762718200684
260 4.71336555480957
256 4.71791934967041
254 4.723415851593018
250 4.7279953956604
247 4.733086347579956
244 4.737844944000244
239 4.744252443313599
235 4.74877405166626
232 4.755570650100708
228 4.7598371505737305
224 4.76614236831665
221 4.770780563354492
216 4.776129484176636
213 4.780812978744507
209 4.786133050918579
204 4.790571928024292
201 4.796792030334473
197 4.801450729370117
194 4.806654453277588
188 4.812761545181274
183 4.819003343582153
177 4.826905727386475
172 4.834230899810791
165 4.840301990509033
160 4.849362850189209
156 4.856771230697632
150 4.863945007324219
144 4.869962692260742
140 4.876909494400024
136 4.884044885635376
130 4.890074729919434
125 4.8987061977386475
122 4.905684947967529
119 4.909971475601196
116 4.915794134140015
112 4.920034885406494
110 4.925740480422974
107 4.929996728897095
104 4.93564248085022
101 4.9398908615112305
98 4.946362257003784
95 4.952547788619995
93 4.95703125
90 4.96241021156311
88 4.9669365882873535
86 4.972637414932251
82 4.980979681015015
80 4.98633337020874
78 4.991037368774414
77 4.997596502304077
76 5.002864599227905
74 5.007662296295166
73 5.012877464294434
72 5.017635345458984
71 5.022747039794922
70 5.0274457931518555
69 5.03263258934021
68 5.0373687744140625
68 5.042768716812134
67 5.048437595367432
67 5.053782939910889
67 5.0584118366241455
67 5.063772439956665
67 5.068427085876465
68 5.074202537536621
68 5.078744173049927
68 5.084074258804321
69 5.088586807250977
70 5.0939741134643555
71 5.099483966827393
72 5.104938745498657
73 5.10943341255188
74 5.114779710769653
76 5.119055509567261
77 5.124587774276733
79 5.1289379596710205
80 5.134730577468872
82 5.139050006866455
84 5.144562244415283
86 5.150007009506226
89 5.15614652633667
90 5.160595417022705
92 5.166067361831665
95 5.170298337936401
98 5.176115274429321
100 5.180577754974365
103 5.1860620975494385
106 5.190306901931763
109 5.196103096008301
113 5.202471733093262
115 5.206960439682007
119 5.211992979049683
122 5.21686577796936
126 5.221513271331787
128 5.226775646209717
132 5.2314207553863525
135 5.2365403175354
139 5.241067409515381
142 5.246340036392212
146 5.252686023712158
151 5.257991075515747
154 5.263361692428589
157 5.267982482910156
161 5.273091554641724
164 5.277953624725342
169 5.283077716827393
172 5.287876844406128
177 5.293042898178101
182 5.2978503704071045
186 5.304157733917236
190 5.3086864948272705
194 5.314250469207764
197 5.318796873092651
202 5.324192047119141
207 5.328737020492554
210 5.335537910461426
215 5.339853048324585
218 5.3455705642700195
222 5.349838733673096
227 5.356197357177734
230 5.360627174377441
235 5.366093873977661
238 5.370803594589233
245 5.376188278198242
248 5.385667562484741
252 5.389937877655029
255 5.395740985870361
261 5.400012493133545
264 5.406529188156128
268 5.411453008651733
270 5.416674852371216
274 5.421320199966431
276 5.426522731781006
280 5.431525468826294
282 5.436766862869263
286 5.441402912139893
288 5.446474313735962
291 5.450985431671143
294 5.457643270492554
296 5.463436841964722
299 5.468015432357788
301 5.4733664989471436
302 5.477968454360962
305 5.483086347579956
307 5.4879395961761475
309 5.493389129638672
310 5.497925281524658
313 5.503031492233276
314 5.508683919906616
316 5.514071464538574
316 5.518572092056274
318 5.523949384689331
318 5.528472661972046
319 5.533846855163574
320 5.538388252258301
321 5.54377293586731
321 5.548438310623169
321 5.553974390029907
322 5.5595033168792725
322 5.56578803062439
322 5.570034980773926
321 5.575734615325928
321 5.579997301101685
321 5.58571195602417
320 5.589990139007568
320 5.595650911331177
319 5.599929571151733
318 5.606346368789673
316 5.611338376998901
315 5.616467714309692
314 5.621030569076538
313 5.626347303390503
312 5.630903005599976
310 5.636253833770752
308 5.640683650970459
306 5.646127223968506
304 5.650599241256714
302 5.656086206436157
300 5.662500619888306
297 5.667831897735596
295 5.673084020614624
293 5.677907466888428
290 5.6830244064331055
287 5.68786883354187
285 5.693847179412842
282 5.698395729064941
278 5.703749179840088
274 5.709038972854614
272 5.714590311050415
268 5.718948841094971
266 5.724531412124634
262 5.728881597518921
259 5.734569311141968
256 5.7389349937438965
252 5.744563579559326
250 5.748910188674927
246 5.754378318786621
242 5.7598655223846436
237 5.766822576522827
232 5.7715301513671875
227 5.7767956256866455
224 5.785959720611572
220 5.7903101444244385
215 5.796282529830933
210 5.800978660583496
207 5.806334018707275
203 5.812891721725464
200 5.817735433578491
195 5.8230063915252686
192 5.827853679656982
188 5.832988262176514
183 5.837825298309326
178 5.844059228897095
174 5.849686145782471
171 5.855484485626221
167 5.860646486282349
162 5.866119146347046
160 5.870564222335815
155 5.876098394393921
152 5.8805646896362305
148 5.88607382774353
146 5.890545606613159
143 5.89604640007019
129 5.9179322719573975
125 5.92309832572937
123 5.927919387817383
119 5.933010578155518
117 5.937812566757202
114 5.942963361740112
112 5.947772026062012
109 5.953014612197876
107 5.957859992980957
103 5.963991403579712
100 5.968536376953125
99 5.974717855453491
96 5.979002475738525
95 5.9845356941223145
94 5.988894701004028
92 5.994253158569336
90 5.998766183853149
88 6.004075527191162
88 6.008598566055298
86 6.015413284301758
85 6.019665241241455
84 6.025087356567383
83 6.0295257568359375
82 6.035080432891846
82 6.039541006088257
81 6.044980764389038
81 6.049489736557007
81 6.054915428161621
81 6.059350490570068
81 6.0658860206604
81 6.070105791091919
81 6.076240539550781
82 6.080866098403931
82 6.086200475692749
83 6.0908424854278564
84 6.096164703369141
85 6.100621461868286
85 6.106053829193115
87 6.110270023345947
88 6.116789817810059
90 6.121421813964844
91 6.12647819519043
93 6.131038188934326
94 6.136319637298584
96 6.140825271606445
98 6.14615273475647
100 6.15079665184021
102 6.156182050704956
104 6.160649538040161
107 6.167030572891235
110 6.172424077987671
115 6.17775297164917
117 6.186959981918335
120 6.192497968673706
123 6.19698429107666
126 6.202500104904175
129 6.206986427307129
132 6.212668418884277
136 6.218278169631958
139 6.223630428314209
143 6.228139877319336
146 6.23352837562561
150 6.238065004348755
153 6.243359327316284
157 6.2479212284088135
160 6.253472805023193
164 6.258006572723389
167 6.263338327407837
172 6.2686767578125
176 6.274200677871704
181 6.2787134647369385
184 6.284687042236328
189 6.288983583450317
192 6.294529914855957
195 6.298902750015259
200 6.304368019104004
203 6.308780670166016
208 6.314098358154297
212 6.3196632862091064
216 6.325314044952393
220 6.3295793533325195
224 6.335420846939087
228 6.339674711227417
231 6.345558166503906
238 6.349809408187866
241 6.356362581253052
244 6.3609232902526855
248 6.366300106048584
253 6.372649431228638
256 6.377386093139648
260 6.383039474487305
263 6.387824296951294
268 6.393039226531982
270 6.397876977920532
274 6.402949094772339
277 6.407754898071289
281 6.412858247756958
285 6.417616128921509
288 6.423731565475464
291 6.4282331466674805
294 6.433560609817505
297 6.438133239746094
299 6.443466663360596
302 6.4480133056640625
304 6.453508377075195
308 6.458056688308716
310 6.463355541229248
312 6.468000411987305
315 6.474409818649292
318 6.478816747665405
319 6.484813451766968
322 6.489062070846558
323 6.4945948123931885
324 6.498919248580933
326 6.504362106323242
327 6.5087902545928955
329 6.514371633529663
330 6.518779993057251
331 6.525387763977051
332 6.529634714126587
333 6.535083770751953
334 6.539567470550537
334 6.544994831085205
334 6.549456357955933
335 6.554956674575806
335 6.559394598007202
335 6.5647594928741455
334 6.569336175918579
334 6.5758750438690186
334 6.580123662948608
333 6.589805603027344
332 6.5955893993377686
331 6.599844932556152
330 6.605818510055542
329 6.610038995742798
328 6.615827560424805
326 6.620051860809326
325 6.626490116119385
323 6.631432294845581
322 6.636526823043823
320 6.641099214553833
318 6.646503448486328
316 6.651072263717651
314 6.656357526779175
312 6.66085147857666
310 6.666225433349609
307 6.670638799667358
305 6.677062511444092
302 6.682503700256348
299 6.6870667934417725
297 6.693393707275391
294 6.697979688644409
291 6.703065395355225
289 6.70788049697876
285 6.712954044342041
282 6.717787265777588
278 6.722908973693848
275 6.72845458984375
271 6.733994722366333
268 6.738499879837036
266 6.743857145309448
262 6.748391389846802
259 6.7538745403289795
254 6.758454084396362
250 6.764612913131714
246 6.768957614898682
243 6.774427175521851
238 6.7799904346466064
236 6.785647630691528
231 6.7905566692352295
228 6.796064615249634
224 6.800318241119385
220 6.8060142993927
216 6.810229301452637
211 6.816095590591431
208 6.820580005645752
204 6.8269758224487305
199 6.832448482513428
196 6.836933374404907
192 6.841999769210815
189 6.846869945526123
184 6.851519584655762
181 6.856740474700928
176 6.8628315925598145
171 6.868804693222046
168 6.874435901641846
164 6.879936695098877
161 6.885599136352539
156 6.889841318130493
152 6.898107528686523
147 6.905028581619263
143 6.91109824180603
138 6.918392181396484
133 6.925454378128052
130 6.93406081199646
126 6.940109729766846
122 6.947063446044922
120 6.954364538192749
116 6.960602521896362
113 6.968125343322754
110 6.97496485710144
107 6.980294227600098
104 6.989602565765381
103 6.995551824569702
102 7.000276327133179
100 7.006122589111328
99 7.010779619216919
97 7.016103982925415
96 7.020532846450806
96 7.025981187820435
94 7.031528472900391
94 7.036780118942261
93 7.041447877883911
93 7.046514511108398
92 7.0514421463012695
92 7.0565345287323
92 7.061082601547241
92 7.066514015197754
92 7.0710601806640625
93 7.076359748840332
94 7.082700729370117
94 7.087397575378418
95 7.092603445053101
96 7.097034454345703
97 7.102401494979858
98 7.106877326965332
99 7.112027883529663
100 7.1168742179870605
102 7.12243390083313
103 7.1268980503082275
105 7.133102178573608
106 7.137953281402588
108 7.143063545227051
110 7.1478493213653564
112 7.153017282485962
114 7.157809495925903
117 7.162907361984253
119 7.167689561843872
122 7.172946214675903
124 7.177778005599976
128 7.183883428573608
130 7.188415050506592
134 7.193781137466431
136 7.198396682739258
138 7.203729867935181
142 7.208248853683472
144 7.21356201171875
148 7.218082666397095
151 7.223408460617065
155 7.227985382080078
159 7.234145402908325
162 7.238703489303589
166 7.2440478801727295
169 7.248553991317749
174 7.254060506820679
176 7.2585530281066895
181 7.263925790786743
184 7.268458127975464
187 7.273801326751709
192 7.278358221054077
196 7.283711194992065
201 7.289049863815308
204 7.294889688491821
208 7.299099922180176
212 7.305774927139282
216 7.310049057006836
220 7.315730571746826
224 7.320616006851196
228 7.326065301895142
232 7.330281734466553
237 7.336863279342651
242 7.3415138721466064
245 7.346725940704346
250 7.351533651351929
252 7.356777191162109
257 7.362778425216675
260 7.367860317230225
265 7.373001575469971
269 7.377850770950317
276 7.386711120605469
279 7.393093824386597
284 7.3979175090789795
286 7.4034035205841064
290 7.40839409828186
294 7.414005994796753
298 7.4185566902160645
302 7.425456762313843
304 7.430781602859497
308 7.43612003326416
311 7.442413330078125
314 7.44687819480896
317 7.451928377151489
319 7.456802129745483
322 7.461438894271851
324 7.466493129730225
326 7.472460031509399
328 7.476934432983398
330 7.4820051193237305
332 7.486843109130859
334 7.493065118789673
336 7.497842311859131
338 7.502913951873779
339 7.507741689682007
340 7.51300048828125
341 7.517798662185669
343 7.522860050201416
344 7.527642250061035
344 7.532872915267944
345 7.537703037261963
346 7.543889045715332
346 7.548438549041748
347 7.5537800788879395
347 7.558416128158569
347 7.563766241073608
347 7.56840443611145
347 7.5737645626068115
346 7.578275442123413
346 7.583617687225342
345 7.588151931762695
344 7.594613790512085
344 7.59895396232605
343 7.604435682296753
341 7.612431526184082
340 7.616915941238403
339 7.622451543807983
338 7.626955509185791
336 7.632500886917114
334 7.6369946002960205
332 7.643682956695557
330 7.648193836212158
328 7.653725624084473
326 7.658632516860962
323 7.664029598236084
322 7.668550729751587
318 7.6739342212677
317 7.6784422397613525
315 7.683820962905884
310 7.688356637954712
308 7.694809675216675
305 7.699072599411011
302 7.704681873321533
299 7.709014177322388
296 7.7155280113220215
293 7.7198333740234375
290 7.725548028945923
286 7.7297751903533936
284 7.735438585281372
280 7.73968243598938
277 7.746027708053589
273 7.750226259231567
270 7.755897760391235
264 7.760111570358276
261 7.766427516937256
257 7.7713611125946045
254 7.776420831680298
248 7.781039237976074
242 7.790024280548096
239 7.796520233154297
234 7.8014562129974365
231 7.806666135787964
227 7.811490297317505
224 7.8174731731414795
219 7.8226447105407715
216 7.827318906784058
212 7.832646608352661
208 7.837347984313965
204 7.842567682266235
200 7.848180294036865
197 7.853517055511475
192 7.85804009437561
189 7.863353490829468
186 7.867950677871704
182 7.873044729232788
179 7.877855062484741
175 7.8829450607299805
167 7.893995046615601
163 7.899540662765503
160 7.90536904335022
156 7.909668207168579
154 7.915063858032227
150 7.9200708866119385
148 7.925734758377075
144 7.930002689361572
141 7.936661720275879
138 7.9413299560546875
136 7.947735071182251
133 7.95301365852356
131 7.957830429077148
128 7.962928533554077
126 7.967748165130615
124 7.972843408584595
122 7.977624893188477
120 7.982759952545166
118 7.987452745437622
116 7.992626905441284
114 7.9982500076293945
114 8.003614664077759
112 8.008172988891602
111 8.01367473602295
110 8.018186569213867
108 8.024041175842285
108 8.028611183166504
107 8.034109592437744
106 8.038604259490967
106 8.043996572494507
105 8.049580335617065
105 8.054998874664307
105 8.0594642162323
105 8.064806699752808
105 8.069068908691406
106 8.074889898300171
106 8.079384565353394
106 8.084753513336182
107 8.089021682739258
108 8.094772100448608
109 8.100085020065308
110 8.105724334716797
111 8.109997272491455
112 8.115652322769165
113 8.11991286277771
114 8.125977993011475
116 8.13076639175415
118 8.136145830154419
120 8.140589237213135
122 8.146051168441772
124 8.152008295059204
126 8.15688419342041
129 8.16244101524353
131 8.166914224624634
134 8.171934604644775
136 8.17680835723877
140 8.181441068649292
143 8.190136671066284
147 8.19603943824768
150 8.202424049377441
153 8.206910371780396
156 8.212435722351074
159 8.216906547546387
163 8.221543788909912
166 8.227574586868286
170 8.232677698135376
172 8.237330675125122
177 8.242531061172485
181 8.246985912322998
184 8.253543615341187
188 8.258049726486206
191 8.26333999633789
194 8.26791000366211
199 8.273056745529175
202 8.277832508087158
206 8.282914876937866
210 8.287724256515503
214 8.293018579483032
219 8.297820091247559
224 8.303928852081299
227 8.308434247970581
232 8.31392216682434
235 8.318459510803223
240 8.323794841766357
244 8.328967809677124
248 8.334445238113403
251 8.338884353637695
255 8.344243288040161
260 8.348757028579712
263 8.355325937271118
268 8.359618663787842
271 8.365054607391357
275 8.369534015655518
278 8.37509799003601
282 8.379578113555908
286 8.385031700134277
290 8.389494895935059
293 8.394813060760498
297 8.399073123931885
300 8.405761003494263
304 8.41001558303833
306 8.41573691368103
310 8.419994115829468
313 8.425803899765015
316 8.430036544799805
320 8.43626594543457
323 8.440999746322632
326 8.448295593261719
330 8.454744577407837
332 8.459060430526733
334 8.46459150314331
337 8.468942642211914
339 8.475311756134033
342 8.479605913162231
343 8.485019445419312
346 8.48949122428894
347 8.495090007781982
349 8.49955129623413
350 8.505940914154053
352 8.510174036026001
352 8.51582145690918
354 8.520038843154907
355 8.525726079940796
356 8.5299813747406
356 8.536066055297852
358 8.540330410003662
358 8.546016454696655
358 8.550316095352173
359 8.55703353881836
359 8.562394618988037
359 8.566901922225952
358 8.571900606155396
358 8.576802730560303
358 8.581489086151123
356 8.590053796768188
356 8.59589171409607
355 8.600113868713379
354 8.6059730052948
352 8.612578630447388
351 8.617055654525757
350 8.62241005897522
348 8.626902103424072
347 8.631554126739502
345 8.636805772781372
343 8.641438484191895
342 8.646528720855713
339 8.65109133720398
338 8.656497478485107
335 8.662882566452026
333 8.667726278305054
330 8.672987937927246
328 8.677770853042603
326 8.683050632476807
323 8.68783450126648
320 8.692954063415527
318 8.697753429412842
314 8.702841997146606
311 8.707675695419312
308 8.713829278945923
305 8.71838092803955
302 8.72376561164856
298 8.72825288772583
294 8.733803272247314
292 8.738844156265259
288 8.744189023971558
285 8.748725414276123
281 8.754046201705933
276 8.759613513946533
274 8.765985012054443
269 8.77021312713623
266 8.775917530059814
262 8.78014588356018
259 8.785778760910034
254 8.790027856826782
251 8.795849084854126
247 8.800085544586182
244 8.805774688720703
238 8.811548471450806
234 8.816775798797607
230 8.821438074111938
227 8.82652235031128
222 8.83133578300476
220 8.836427927017212
215 8.84246015548706
212 8.846918821334839
208 8.852490901947021
203 8.856982469558716
200 8.863511085510254
196 8.86806035041809
193 8.873384952545166
189 8.877991914749146
186 8.883342027664185
182 8.887984991073608
179 8.893087148666382
176 8.89792013168335
173 8.903016090393066
169 8.907837867736816
165 8.914040565490723
162 8.918592691421509
159 8.924146175384521
157 8.928686618804932
153 8.934055089950562
151 8.938596248626709
148 8.944100856781006
145 8.948632001876831
143 8.955432176589966
140 8.959687232971191
138 8.966026782989502
135 8.970226764678955
132 8.978293895721436
128 8.985416889190674
126 8.997389316558838
124 9.004681587219238
122 9.01100754737854
120 9.019384622573853
119 9.026861429214478
118 9.034247636795044
117 9.04032039642334
116 9.047649145126343
116 9.05501937866211
116 9.059865713119507
116 9.066365480422974
116 9.071051120758057
116 9.076329708099365
117 9.080854654312134
118 9.086211442947388
118 9.090866804122925
119 9.096240282058716
120 9.100654125213623
121 9.106083631515503
123 9.11052417755127
124 9.116877555847168
126 9.121903657913208
126 9.126797199249268
128 9.131483793258667
130 9.136711597442627
132 9.141330480575562
134 9.147090673446655
136 9.152713298797607
138 9.157431364059448
140 9.162638187408447
143 9.168235063552856
145 9.173592329025269
148 9.178150653839111
150 9.183471918106079
154 9.188013315200806
156 9.19309687614441
160 9.197871208190918
162 9.203365325927734
166 9.207962989807129
170 9.213464975357056
172 9.218817949295044
176 9.224181652069092
178 9.228689193725586
182 9.234047889709473
186 9.238568305969238
190 9.243945121765137
192 9.248920440673828
197 9.25437307357788
200 9.258772850036621
204 9.264114141464233
209 9.269689559936523
212 9.275447130203247
216 9.279698610305786
220 9.285070657730103
224 9.289548873901367
228 9.294999361038208
232 9.299459457397461
235 9.304784297943115
240 9.309063196182251
243 9.314615964889526
248 9.320044040679932
251 9.3257474899292
256 9.32999324798584
259 9.335809469223022
264 9.340044736862183
267 9.345731735229492
272 9.350677013397217
275 9.356083631515503
279 9.36032247543335
284 9.365979671478271
288 9.372014999389648
292 9.37688136100769
296 9.38190245628357
302 9.386785745620728
306 9.396135330200195
308 9.400795459747314
313 9.40615463256836
315 9.410812854766846
319 9.416165113449097
323 9.422581911087036
326 9.427065372467041
329 9.432506322860718
332 9.437002897262573
335 9.442025423049927
337 9.44689130783081
340 9.452494859695435
344 9.457763671875
346 9.463787078857422
350 9.470861673355103
352 9.476330041885376
354 9.480853080749512
356 9.486233472824097
357 9.49062991142273
359 9.496063947677612
361 9.500280380249023
362 9.505958557128906
364 9.510163068771362
364 9.516018390655518
366 9.520243883132935
367 9.526754379272461
368 9.531439065933228
369 9.53653860092163
370 9.541354179382324
370 9.546454429626465
370 9.550999164581299
371 9.556875467300415
371 9.56155014038086
371 9.566773891448975
370 9.57304310798645
370 9.577891111373901
370 9.583004236221313
370 9.587784051895142
369 9.59306812286377
368 9.597902297973633
367 9.60299015045166
366 9.607799530029297
365 9.612914800643921
364 9.61773681640625
362 9.623801469802856
361 9.628453969955444
359 9.633955478668213
357 9.638471841812134
355 9.643869876861572
354 9.64839768409729
351 9.653729438781738
350 9.65872073173523
347 9.66404676437378
345 9.66857361793518
342 9.675041198730469
340 9.679564237594604
338 9.685051679611206
331 9.689563751220703
327 9.702515840530396
325 9.707013845443726
322 9.71250295639038
319 9.716984272003174
316 9.722525119781494
312 9.728107213973999
309 9.733542442321777
305 9.738092422485352
302 9.743403434753418
298 9.747941732406616
294 9.754106998443604
291 9.758665800094604
287 9.765069961547852
282 9.769543647766113
280 9.774993181228638
275 9.780161619186401
272 9.785842180252075
265 9.79011607170105
260 9.799507856369019
257 9.805090427398682
251 9.80956244468689
248 9.816834211349487
242 9.82285737991333
239 9.828429222106934
236 9.83380675315857
231 9.838366746902466
228 9.843738079071045
224 9.848247528076172
221 9.853759527206421
216 9.858298778533936
212 9.863989353179932
208 9.868565082550049
205 9.874532699584961
196 9.886342763900757
192 9.89092469215393
190 9.89632511138916
187 9.900888442993164
183 9.906234979629517
181 9.910794258117676
177 9.916144132614136
174 9.920599222183228
171 9.926092863082886
168 9.932677984237671
165 9.937390565872192
162 9.942613363265991
160 9.9470853805542
157 9.952535152435303
155 9.957031726837158
152 9.962430238723755
150 9.967698812484741
148 9.972881555557251
146 9.977778196334839
144 9.984074592590332
142 9.98857831954956
140 9.994126558303833
139 9.998627424240112
137 10.003982067108154
