0 9.441375732421875e-05
0 0.02761220932006836
0 0.037035465240478516
0 0.04831504821777344
0 0.05891609191894531
1 0.07034873962402344
1 0.08096098899841309
2 0.09401059150695801
3 0.10011959075927734
3 0.10473036766052246
3 0.11017441749572754
4 0.11476969718933105
5 0.12016606330871582
6 0.12494635581970215
7 0.13034820556640625
8 0.13535785675048828
9 0.14064979553222656
10 0.1469593048095703
11 0.15185856819152832
12 0.1570415496826172
13 0.16193151473999023
15 0.16738510131835938
16 0.17203402519226074
17 0.17746639251708984
19 0.1820812225341797
21 0.1879899501800537
23 0.19262218475341797
24 0.19954919815063477
26 0.20389652252197266
27 0.2096414566040039
30 0.21401762962341309
31 0.219743013381958
33 0.22411584854125977
35 0.2299036979675293
37 0.2342686653137207
40 0.2400650978088379
43 0.24457240104675293
45 0.2509043216705322
47 0.2566542625427246
49 0.26154160499572754
52 0.2667858600616455
55 0.27167582511901855
57 0.27742719650268555
60 0.2821025848388672
62 0.2875235080718994
65 0.2921626567840576
69 0.29863858222961426
72 0.30332350730895996
75 0.31006288528442383
77 0.3148193359375
81 0.3202793598175049
85 0.3248889446258545
87 0.3303380012512207
92 0.33504438400268555
97 0.34378767013549805
99 0.35044264793395996
103 0.3554997444152832
106 0.36083436012268066
110 0.36647868156433105
114 0.37209510803222656
117 0.37772440910339355
121 0.3823375701904297
125 0.38793206214904785
129 0.3930397033691406
132 0.3998556137084961
137 0.4041726589202881
139 0.4099423885345459
144 0.4142765998840332
148 0.4201698303222656
151 0.42476820945739746
156 0.4302091598510742
160 0.4349792003631592
163 0.4403560161590576
168 0.4450235366821289
171 0.45171523094177246
175 0.45690464973449707
179 0.4618494510650635
183 0.46703052520751953
188 0.47197508811950684
191 0.47739648818969727
196 0.4820280075073242
199 0.4874894618988037
206 0.49210071563720703
211 0.4989662170410156
214 0.5045390129089355
219 0.5100817680358887
222 0.5148253440856934
227 0.5202476978302002
231 0.5248186588287354
235 0.5303010940551758
241 0.5349271297454834
244 0.540346622467041
249 0.5450129508972168
254 0.5515782833099365
259 0.5581037998199463
264 0.5638232231140137
267 0.5695805549621582
272 0.57395339012146
275 0.5797271728515625
281 0.584071159362793
284 0.5897789001464844
289 0.5940871238708496
294 0.5998530387878418
299 0.6054339408874512
302 0.6107745170593262
307 0.6169629096984863
312 0.6221752166748047
315 0.6276283264160156
321 0.6322312355041504
324 0.6377577781677246
329 0.6423978805541992
334 0.6480112075805664
339 0.653700590133667
342 0.6595048904418945
347 0.6638820171356201
350 0.669621467590332
355 0.6740782260894775
358 0.6799778938293457
363 0.6845300197601318
367 0.690070390701294
372 0.694603443145752
377 0.7007160186767578
380 0.7073647975921631
385 0.7120440006256104
387 0.7175564765930176
392 0.7221875190734863
395 0.7276053428649902
400 0.7322533130645752
407 0.7417900562286377
410 0.7473969459533691
415 0.7520356178283691
419 0.7585489749908447
423 0.7630007266998291
425 0.7689251899719238
429 0.7735159397125244
432 0.7795569896697998
436 0.7839415073394775
439 0.7897262573242188
443 0.7940828800201416
447 0.7999966144561768
451 0.8069100379943848
453 0.8118400573730469
457 0.8170480728149414
460 0.8219754695892334
463 0.827399730682373
466 0.832108736038208
468 0.8375213146209717
471 0.8421595096588135
474 0.8476009368896484
478 0.8522603511810303
480 0.858837366104126
483 0.8634569644927979
485 0.8690040111541748
488 0.8736274242401123
490 0.8794023990631104
493 0.883751630783081
495 0.8895523548126221
498 0.8938887119293213
501 0.9015805721282959
505 0.910449743270874
507 0.9180588722229004
510 0.9245021343231201
512 0.9316956996917725
514 0.9390485286712646
516 0.945448637008667
519 0.9525871276855469
521 0.9613432884216309
522 0.9686436653137207
524 0.9749915599822998
525 0.9803965091705322
526 0.9850261211395264
527 0.9904389381408691
527 0.9952881336212158
528 1.0004868507385254
529 1.0053820610046387
529 1.0122151374816895
530 1.0176804065704346
531 1.0223352909088135
531 1.027782917022705
531 1.0324065685272217
531 1.0380456447601318
532 1.0426771640777588
532 1.0481572151184082
532 1.052799940109253
532 1.0583560466766357
531 1.0638608932495117
531 1.069652795791626
531 1.0740206241607666
531 1.0797874927520752
531 1.0841114521026611
530 1.0898995399475098
529 1.094266414642334
529 1.1001713275909424
528 1.1048054695129395
528 1.1115357875823975
527 1.116786241531372
526 1.1216645240783691
525 1.1277134418487549
523 1.1338512897491455
522 1.1430158615112305
521 1.149019718170166
520 1.1536433696746826
519 1.1597213745117188
517 1.1659817695617676
516 1.1709580421447754
515 1.176501989364624
513 1.1813583374023438
511 1.1867165565490723
510 1.191598892211914
508 1.1968095302581787
507 1.20172119140625
505 1.2069227695465088
502 1.21297287940979
501 1.2190477848052979
498 1.2236170768737793
497 1.2293438911437988
494 1.2337117195129395
493 1.2397820949554443
490 1.2441368103027344
488 1.2499346733093262
486 1.2542850971221924
483 1.2600586414337158
480 1.2665867805480957
478 1.2714283466339111
475 1.2768654823303223
473 1.2817847728729248
471 1.2869765758514404
464 1.2919082641601562
461 1.3026466369628906
459 1.30891752243042
454 1.3154125213623047
452 1.3208014965057373
449 1.3264622688293457
446 1.3312962055206299
443 1.3367972373962402
440 1.3417062759399414
436 1.3469517230987549
433 1.351928472518921
429 1.3583345413208008
424 1.3629276752471924
421 1.370415449142456
417 1.3753504753112793
415 1.380634069442749
411 1.3854117393493652
408 1.3907408714294434
404 1.3963515758514404
401 1.4009480476379395
397 1.4064586162567139
393 1.4110541343688965
387 1.4188833236694336
384 1.424734115600586
380 1.4301903247833252
377 1.4348082542419434
373 1.4402754306793213
368 1.4449598789215088
365 1.4503967761993408
360 1.4554438591003418
357 1.4607927799224854
353 1.4669506549835205
348 1.4719421863555908
343 1.477764368057251
341 1.4824020862579346
336 1.4878721237182617
333 1.4924817085266113
328 1.498002290725708
325 1.5026202201843262
320 1.5080962181091309
315 1.5127267837524414
312 1.5196473598480225
307 1.5240132808685303
304 1.5297667980194092
299 1.5340852737426758
291 1.5434534549713135
288 1.549361228942871
283 1.5537512302398682
280 1.5597753524780273
274 1.5641324520111084
271 1.5710399150848389
265 1.5767581462860107
263 1.5816407203674316
258 1.5868914127349854
255 1.5918071269989014
249 1.5970118045806885
245 1.6019186973571777
241 1.6073472499847412
237 1.612020492553711
232 1.6174712181091309
227 1.6236510276794434
224 1.629413366317749
219 1.63377046585083
216 1.6397173404693604
211 1.644075870513916
208 1.6499381065368652
203 1.6542644500732422
199 1.660076379776001
196 1.6646389961242676
191 1.6713101863861084
187 1.676689863204956
183 1.6815924644470215
179 1.6869709491729736
175 1.6918842792510986
171 1.697528600692749
167 1.70216703414917
164 1.7076480388641357
160 1.7122995853424072
155 1.7177579402923584
151 1.7239553928375244
148 1.729736089706421
144 1.7341108322143555
141 1.7399160861968994
137 1.744488000869751
133 1.750082015991211
129 1.7548716068267822
126 1.7603275775909424
122 1.7650222778320312
119 1.7706413269042969
116 1.7770195007324219
112 1.7819628715515137
109 1.7875428199768066
106 1.7921817302703857
103 1.7976717948913574
99 1.80232834815979
96 1.8078453540802002
94 1.8124585151672363
91 1.818082332611084
87 1.8238093852996826
85 1.8296003341674805
81 1.8339719772338867
79 1.8397390842437744
76 1.8440964221954346
73 1.8498835563659668
71 1.854541301727295
68 1.8601100444793701
67 1.8647563457489014
63 1.870197057723999
61 1.8768668174743652
59 1.881814956665039
57 1.8870151042938232
54 1.8919615745544434
52 1.8973770141601562
50 1.9020402431488037
49 1.9075825214385986
46 1.912222146987915
45 1.9176790714263916
42 1.9223377704620361
41 1.9299304485321045
39 1.934744119644165
36 1.9402234554290771
35 1.9497056007385254
33 1.9540865421295166
32 1.9600214958190918
31 1.964773416519165
29 1.9702086448669434
29 1.9766383171081543
27 1.9815764427185059
26 1.986875057220459
25 1.9929556846618652
25 1.9988625049591064
24 2.0034849643707275
23 2.009005546569824
23 2.013557195663452
23 2.0192747116088867
21 2.031907796859741
21 2.037365436553955
21 2.0420563220977783
21 2.0475306510925293
21 2.052152395248413
21 2.0577759742736816
21 2.062387228012085
21 2.0678462982177734
21 2.0725083351135254
22 2.0794243812561035
22 2.0837957859039307
22 2.0895707607269287
23 2.093928337097168
23 2.099829912185669
24 2.1041531562805176
24 2.109924077987671
25 2.1142446994781494
26 2.1201765537261963
27 2.124779224395752
28 2.1313254833221436
29 2.137355327606201
30 2.14203143119812
31 2.147540807723999
32 2.1521506309509277
33 2.157611131668091
35 2.162229537963867
36 2.1677205562591553
37 2.1723852157592773
39 2.1793510913848877
41 2.18375301361084
42 2.189518928527832
44 2.1938652992248535
45 2.1996004581451416
47 2.203972816467285
49 2.20988130569458
51 2.2145237922668457
53 2.2201149463653564
56 2.224771022796631
57 2.2313389778137207
60 2.237436056137085
63 2.2421021461486816
64 2.247589111328125
67 2.252224922180176
69 2.2577338218688965
72 2.2623817920684814
75 2.267838716506958
77 2.272481679916382
80 2.277984857559204
83 2.2836530208587646
85 2.289355993270874
91 2.2937071323394775
94 2.3033413887023926
96 2.308851718902588
99 2.3134925365448
102 2.3190252780914307
105 2.323620557785034
109 2.329411268234253
113 2.3350069522857666
118 2.3409979343414307
121 2.350203514099121
125 2.355295419692993
128 2.360466957092285
132 2.3655030727386475
136 2.3718421459198
139 2.3773953914642334
143 2.382803201675415
147 2.3883888721466064
151 2.3929052352905273
155 2.398540496826172
159 2.4029767513275146
161 2.4087116718292236
166 2.4133243560791016
169 2.419037342071533
173 2.4236552715301514
178 2.4294066429138184
184 2.435373544692993
189 2.4429590702056885
192 2.4486279487609863
197 2.452993154525757
199 2.4586827754974365
205 2.463308334350586
207 2.469022274017334
212 2.4736154079437256
215 2.4795114994049072
222 2.484957456588745
225 2.4903979301452637
230 2.4950180053710938
233 2.500424861907959
238 2.505296230316162
241 2.510627031326294
247 2.515415906906128
250 2.520742654800415
255 2.525451898574829
260 2.530789613723755
263 2.537463426589966
268 2.542574167251587
273 2.5480570793151855
277 2.552689790725708
282 2.5581886768341064
285 2.562809467315674
290 2.5683610439300537
295 2.5729405879974365
299 2.57855224609375
303 2.5830180644989014
307 2.589745044708252
312 2.5940420627593994
317 2.5999953746795654
321 2.6045382022857666
325 2.61008882522583
329 2.614623785018921
334 2.620133876800537
337 2.624764919281006
342 2.630208969116211
347 2.634842872619629
352 2.641369104385376
355 2.647367238998413
360 2.652029514312744
365 2.657768487930298
369 2.6623871326446533
373 2.6678295135498047
377 2.67246675491333
381 2.6779236793518066
386 2.682546615600586
389 2.689371109008789
394 2.69374942779541
397 2.6995034217834473
402 2.703880786895752
405 2.709613561630249
409 2.7139625549316406
413 2.71990966796875
417 2.7242605686187744
421 2.730145215988159
426 2.734805107116699
433 2.7415530681610107
436 2.7515652179718018
441 2.756929636001587
445 2.7618331909179688
447 2.767426013946533
451 2.7720887660980225
455 2.777798891067505
458 2.782405376434326
462 2.7878572940826416
466 2.7935009002685547
469 2.799273729324341
473 2.803659439086914
475 2.8094208240509033
479 2.813788890838623
481 2.819554567337036
485 2.823917865753174
487 2.8297183513641357
491 2.834047794342041
494 2.840731382369995
497 2.845492362976074
499 2.8515512943267822
502 2.856933116912842
504 2.861813545227051
507 2.8670477867126465
510 2.87197208404541
512 2.8774032592773438
515 2.882052183151245
518 2.887526750564575
520 2.892993450164795
522 2.8989813327789307
525 2.9035863876342773
526 2.9093422889709473
528 2.91375470161438
530 2.9194998741149902
532 2.923865556716919
533 2.929576873779297
535 2.9339163303375244
537 2.9397261142730713
539 2.946547269821167
541 2.952260971069336
542 2.957871913909912
543 2.9625144004821777
545 2.968022108078003
546 2.9726200103759766
547 2.979933023452759
549 2.9874281883239746
550 2.994542121887207
551 3.0020172595977783
552 3.0093729496002197
552 3.0163424015045166
553 3.0224127769470215
553 3.0298426151275635
554 3.036651372909546
554 3.0441389083862305
554 3.0519661903381348
554 3.0578439235687256
554 3.062451124191284
554 3.0679547786712646
553 3.072605609893799
553 3.078193426132202
553 3.0828511714935303
553 3.0885121822357178
552 3.094034433364868
551 3.0998568534851074
551 3.1041932106018066
550 3.1099767684936523
549 3.114743709564209
549 3.1202216148376465
548 3.1249380111694336
547 3.1303627490997314
546 3.1359424591064453
544 3.1409289836883545
543 3.1509885787963867
542 3.15732479095459
540 3.1620287895202637
539 3.167740821838379
537 3.1723780632019043
536 3.178025484085083
535 3.182649850845337
533 3.1881093978881836
531 3.1927435398101807
530 3.1997251510620117
528 3.2040765285491943
525 3.2098796367645264
524 3.2145273685455322
522 3.2200870513916016
521 3.224632740020752
518 3.23016619682312
516 3.234833240509033
514 3.2403054237365723
511 3.2468597888946533
509 3.2518060207366943
506 3.257383108139038
504 3.2624850273132324
501 3.267961025238037
499 3.2725648880004883
497 3.2780356407165527
495 3.282651901245117
491 3.2881877422332764
488 3.2928481101989746
486 3.299625873565674
483 3.3040199279785156
481 3.3097715377807617
477 3.314110517501831
474 3.320078134536743
472 3.324615001678467
468 3.3301644325256348
466 3.3347795009613037
462 3.340183734893799
459 3.344831943511963
456 3.3513755798339844
452 3.3567142486572266
450 3.361605644226074
446 3.3667993545532227
442 3.372368574142456
438 3.3781676292419434
435 3.382796049118042
431 3.388381242752075
427 3.3929216861724854
424 3.399778366088867
420 3.404100179672241
417 3.4099016189575195
413 3.4142818450927734
409 3.420034408569336
406 3.4245738983154297
401 3.4301390647888184
397 3.434908866882324
394 3.4403491020202637
390 3.445011854171753
385 3.4516313076019287
381 3.4580109119415283
376 3.4640676975250244
373 3.4698123931884766
369 3.474154233932495
365 3.4799296855926514
361 3.484264612197876
356 3.4900619983673096
351 3.49484920501709
349 3.501514434814453
344 3.506913661956787
341 3.511814594268799
336 3.517036199569702
331 3.5219566822052
328 3.5273547172546387
323 3.5320258140563965
320 3.5374739170074463
312 3.542144536972046
307 3.5522255897521973
302 3.5579674243927
297 3.5625579357147217
294 3.568936586380005
289 3.5735228061676025
286 3.579408645629883
281 3.583770513534546
278 3.58950138092041
273 3.5938730239868164
268 3.5997209548950195
263 3.6059045791625977
260 3.61089825630188
249 3.6198556423187256
245 3.6309611797332764
240 3.636843681335449
237 3.641779899597168
232 3.6469974517822266
227 3.6526968479156494
223 3.6583540439605713
218 3.6629137992858887
215 3.668520927429199
210 3.672976016998291
207 3.6792702674865723
203 3.6836771965026855
199 3.6894209384918213
195 3.693814516067505
191 3.6995809078216553
186 3.7050273418426514
183 3.7106945514678955
179 3.715451240539551
176 3.7208218574523926
172 3.725940465927124
169 3.730928421020508
165 3.736604690551758
162 3.7416107654571533
158 3.746831178665161
154 3.7517528533935547
150 3.757920503616333
147 3.762552261352539
143 3.7683420181274414
139 3.7728984355926514
137 3.778568983078003
133 3.7830207347869873
131 3.789811611175537
127 3.7941603660583496
123 3.80010724067688
119 3.8065779209136963
116 3.8122708797454834
113 3.8177523612976074
111 3.8224074840545654
107 3.8278748989105225
104 3.8335230350494385
102 3.839308738708496
99 3.8436925411224365
97 3.849505662918091
93 3.8538482189178467
91 3.860398530960083
88 3.8650267124176025
86 3.870448350906372
83 3.8766162395477295
82 3.8815088272094727
79 3.886723518371582
77 3.891613483428955
75 3.89699125289917
73 3.9019036293029785
71 3.908057689666748
69 3.91267991065979
67 3.918523073196411
65 3.922964572906494
64 3.9287023544311523
62 3.933349370956421
61 3.9389238357543945
58 3.943483591079712
57 3.9526236057281494
55 3.959627628326416
53 3.9640512466430664
53 3.9707837104797363
51 3.97691011428833
51 3.9818012714385986
49 3.987034559249878
49 3.9919495582580566
48 3.9973556995391846
47 4.001986503601074
47 4.00736403465271
47 4.012812376022339
46 4.018350601196289
45 4.022885084152222
45 4.028721570968628
45 4.034958839416504
45 4.040332555770874
45 4.051746368408203
45 4.056964635848999
45 4.062618017196655
45 4.0680718421936035
45 4.07273006439209
45 4.079528570175171
45 4.08391547203064
46 4.089730739593506
46 4.0940704345703125
47 4.100001811981201
47 4.104538202285767
48 4.110990762710571
49 4.1165242195129395
49 4.121309995651245
51 4.126628398895264
51 4.131516218185425
53 4.137772083282471
54 4.1434080600738525
55 4.1489787101745605
56 4.153548955917358
58 4.1595635414123535
59 4.164992570877075
61 4.170390844345093
62 4.175393104553223
63 4.181548118591309
65 4.186751127243042
67 4.191640853881836
69 4.197824239730835
70 4.202540159225464
73 4.208022356033325
75 4.213588237762451
76 4.2194929122924805
79 4.223853826522827
80 4.22962760925293
83 4.2339723110198975
85 4.239721059799194
87 4.244085311889648
89 4.249830722808838
92 4.254134893417358
95 4.259947061538696
97 4.26637864112854
99 4.270982027053833
103 4.276676177978516
105 4.28157639503479
109 4.287707090377808
111 4.292388916015625
114 4.297839164733887
116 4.30250096321106
120 4.308015823364258
123 4.3136091232299805
125 4.319406270980835
129 4.323761463165283
132 4.329530239105225
137 4.333892107009888
144 4.34290337562561
148 4.353012561798096
151 4.359924554824829
156 4.366467475891113
160 4.372380256652832
164 4.378032922744751
168 4.382633686065674
171 4.388718605041504
175 4.393310070037842
180 4.4002838134765625
184 4.4055016040802
189 4.4108054637908936
191 4.417461395263672
196 4.4221062660217285
199 4.427526235580444
203 4.432185888290405
207 4.43760085105896
211 4.442227125167847
214 4.4476940631866455
221 4.452340841293335
224 4.458923578262329
229 4.463515520095825
232 4.469967603683472
237 4.474289655685425
241 4.480029821395874
246 4.484536409378052
249 4.490639686584473
255 4.495412588119507
257 4.500760793685913
263 4.505500078201294
266 4.510820150375366
271 4.516474485397339
276 4.522123575210571
279 4.527519226074219
284 4.532151937484741
287 4.537573575973511
293 4.542198181152344
297 4.547812461853027
301 4.552419185638428
306 4.557873487472534
309 4.562472343444824
315 4.568864822387695
319 4.573502063751221
323 4.579409837722778
328 4.583771467208862
333 4.589509010314941
337 4.594521760940552
341 4.600109338760376
345 4.604597806930542
350 4.610135793685913
355 4.614738464355469
358 4.621367692947388
363 4.626671314239502
367 4.631601810455322
372 4.6369922161102295
377 4.641911029815674
380 4.647308588027954
385 4.651966571807861
388 4.65740442276001
393 4.662057161331177
398 4.667523145675659
403 4.67291784286499
406 4.6787731647491455
411 4.683443069458008
414 4.688996315002441
419 4.694088935852051
422 4.6999831199646
427 4.704483270645142
431 4.710051536560059
434 4.714578866958618
439 4.721050262451172
443 4.726581335067749
446 4.731376886367798
451 4.736682653427124
453 4.741589307785034
461 4.746829271316528
465 4.756451606750488
468 4.761300325393677
473 4.766776084899902
476 4.772546052932739
480 4.778300046920776
484 4.78284215927124
487 4.788491725921631
491 4.792952537536621
493 4.798632621765137
497 4.803018093109131
500 4.808941602706909
503 4.81352424621582
507 4.819555759429932
511 4.824997901916504
513 4.830652713775635
516 4.835423707962036
519 4.840770721435547
522 4.845855236053467
524 4.850817441940308
527 4.85637640953064
529 4.861019134521484
532 4.866583347320557
535 4.871391773223877
538 4.877914905548096
540 4.882548093795776
543 4.888034343719482
544 4.892691373825073
547 4.898921251296997
549 4.903515577316284
551 4.909269094467163
553 4.913678884506226
555 4.919398546218872
557 4.924811601638794
559 4.93027925491333
561 4.935348033905029
562 4.940683841705322
564 4.945451021194458
565 4.950784921646118
567 4.955925226211548
567 4.960901260375977
569 4.966909646987915
571 4.972797870635986
571 4.979538679122925
573 4.983855962753296
573 4.98962664604187
574 4.99398946762085
575 5.000351190567017
576 5.004997491836548
577 5.0104029178619385
577 5.015271425247192
577 5.020487070083618
578 5.026946067810059
578 5.031832218170166
578 5.037024974822998
579 5.041959047317505
579 5.047396421432495
579 5.052056074142456
579 5.0585715770721436
579 5.064852476119995
578 5.07209038734436
578 5.080453872680664
577 5.087616920471191
577 5.093578815460205
576 5.1004016399383545
575 5.10806131362915
574 5.1139678955078125
573 5.121560096740723
572 5.129658937454224
571 5.135972261428833
569 5.142391204833984
567 5.150454759597778
566 5.159990549087524
565 5.164800643920898
563 5.170284986495972
562 5.175436496734619
560 5.18194055557251
558 5.187705755233765
557 5.192456483840942
555 5.198073625564575
553 5.202706813812256
551 5.2096357345581055
549 5.2140138149261475
548 5.21979546546936
545 5.2241339683532715
543 5.230823993682861
541 5.23647928237915
539 5.2412941455841064
537 5.246625185012817
534 5.251868009567261
532 5.2576744556427
529 5.262338161468506
527 5.267797946929932
524 5.272748947143555
522 5.279772043228149
519 5.2841455936431885
517 5.2899487018585205
513 5.29541277885437
511 5.301591634750366
507 5.306803226470947
504 5.312119960784912
501 5.318022966384888
498 5.322650194168091
495 5.328390121459961
491 5.33388090133667
489 5.339621543884277
485 5.344002962112427
483 5.349725246429443
477 5.354074716567993
475 5.36034083366394
471 5.365012168884277
469 5.3715980052948
463 5.376829385757446
461 5.382535219192505
457 5.388043165206909
454 5.392643213272095
450 5.398090600967407
447 5.402679204940796
443 5.40818452835083
439 5.413525342941284
435 5.419442653656006
431 5.423772096633911
427 5.429530620574951
423 5.43492865562439
419 5.440342664718628
415 5.44500994682312
412 5.450489282608032
407 5.455503225326538
405 5.460840702056885
400 5.46596884727478
397 5.470938205718994
393 5.477493047714233
386 5.48293137550354
383 5.4885454177856445
379 5.492976665496826
375 5.498716115951538
371 5.503337144851685
367 5.508893966674805
363 5.513934850692749
359 5.5197083950042725
355 5.524065256118774
350 5.529827117919922
345 5.536492347717285
342 5.541327953338623
337 5.54662013053894
329 5.55535101890564
326 5.560628890991211
321 5.5658650398254395
318 5.57088303565979
313 5.576518774032593
308 5.581327199935913
303 5.587911367416382
300 5.59252667427063
295 5.5981245040893555
292 5.602771043777466
287 5.6083595752716064
283 5.61290168762207
279 5.619497776031494
275 5.623859882354736
271 5.629576206207275
265 5.635047912597656
262 5.640464544296265
257 5.646573543548584
254 5.6513893604278564
249 5.656843423843384
246 5.661750078201294
242 5.666961193084717
237 5.671880722045898
233 5.677720546722412
228 5.682414770126343
225 5.689600467681885
221 5.693985223770142
217 5.6997389793396
213 5.704078435897827
210 5.709869146347046
205 5.714234828948975
202 5.72075080871582
197 5.7258594036102295
195 5.73158597946167
189 5.7377378940582275
186 5.742406129837036
182 5.747937440872192
179 5.752594947814941
175 5.7580578327178955
173 5.76269268989563
169 5.768197059631348
165 5.773895740509033
161 5.779758453369141
157 5.784785509109497
155 5.791395902633667
151 5.796722888946533
149 5.801606893539429
145 5.806804180145264
143 5.811724424362183
139 5.816938161849976
136 5.822315454483032
133 5.827804088592529
131 5.832406520843506
127 5.83931827545166
124 5.843687057495117
122 5.849591493606567
119 5.8539979457855225
117 5.859760999679565
115 5.8640971183776855
112 5.870225191116333
109 5.874830722808838
107 5.880303621292114
104 5.884974956512451
102 5.892435550689697
100 5.898643970489502
97 5.903726816177368
96 5.909946441650391
94 5.91426944732666
92 5.920037746429443
90 5.925361633300781
89 5.930668354034424
87 5.9354472160339355
85 5.941922426223755
84 5.947353363037109
81 5.952028036117554
81 5.961597681045532
79 5.966932773590088
78 5.971843481063843
77 5.977576494216919
75 5.982191801071167
74 5.989953517913818
73 5.997894048690796
73 6.002472877502441
72 6.007929563522339
72 6.012535572052002
71 6.018116235733032
71 6.022721529006958
71 6.028941631317139
71 6.033478260040283
70 6.038958787918091
70 6.046379327774048
70 6.052505731582642
70 6.057974338531494
70 6.062603235244751
71 6.0680320262908936
71 6.072622299194336
71 6.078314542770386
71 6.0828258991241455
72 6.0884108543396
73 6.094024896621704
73 6.099748134613037
73 6.104075908660889
74 6.109959602355957
76 6.120850563049316
77 6.125985145568848
78 6.1317360401153564
79 6.137351751327515
80 6.142003536224365
81 6.148371458053589
83 6.152896881103516
83 6.158500671386719
85 6.162983179092407
86 6.16875696182251
88 6.173400402069092
89 6.179313659667969
91 6.183664560317993
92 6.18938946723938
95 6.193734645843506
96 6.200371742248535
98 6.205286026000977
99 6.210495233535767
102 6.2153730392456055
103 6.220665454864502
106 6.225430965423584
107 6.231539964675903
110 6.2369208335876465
113 6.241819620132446
115 6.2480010986328125
118 6.252628326416016
120 6.258559703826904
123 6.263047456741333
125 6.268765211105347
128 6.273406744003296
130 6.27893590927124
133 6.283523797988892
135 6.289333343505859
139 6.29369854927063
143 6.300136089324951
146 6.308132886886597
150 6.312774419784546
152 6.318640232086182
156 6.323010683059692
158 6.328758001327515
162 6.333938837051392
165 6.339728593826294
169 6.344070911407471
175 6.350786209106445
179 6.360926628112793
183 6.366776704788208
187 6.372315883636475
191 6.378048896789551
193 6.38264536857605
198 6.38834547996521
202 6.392860651016235
205 6.3997297286987305
209 6.404088258743286
212 6.409790754318237
218 6.4141435623168945
223 6.42178750038147
226 6.427326679229736
230 6.431988477706909
235 6.438011169433594
238 6.442628622055054
243 6.44809627532959
247 6.4540910720825195
251 6.459839105606079
255 6.464170455932617
259 6.469933032989502
263 6.474482774734497
268 6.480039834976196
271 6.484537363052368
277 6.490060567855835
279 6.494820833206177
285 6.501509666442871
289 6.506714344024658
293 6.511600494384766
298 6.516828536987305
301 6.521727800369263
306 6.526909828186035
309 6.531830072402954
315 6.5376222133636475
319 6.54221773147583
325 6.54767107963562
330 6.553368330001831
333 6.559268236160278
338 6.5636396408081055
341 6.569376468658447
347 6.57373309135437
350 6.579492092132568
355 6.583851099014282
359 6.589594602584839
363 6.593913316726685
369 6.59970235824585
374 6.605361223220825
377 6.6106343269348145
382 6.615929365158081
385 6.620894432067871
391 6.626608610153198
394 6.63137674331665
399 6.636686325073242
404 6.642009019851685
407 6.647481918334961
413 6.652914524078369
417 6.6585533618927
422 6.662999629974365
425 6.668725252151489
430 6.673357009887695
433 6.679020643234253
438 6.683606147766113
441 6.689303159713745
446 6.693707227706909
451 6.699541807174683
455 6.705025911331177
458 6.710628509521484
463 6.7154011726379395
466 6.720754146575928
471 6.725515365600586
473 6.7308900356292725
478 6.736599922180176
481 6.741408586502075
485 6.746707916259766
492 6.751599073410034
497 6.762004852294922
499 6.767564296722412
503 6.7721662521362305
507 6.777764797210693
510 6.782393217086792
514 6.788026332855225
517 6.79264497756958
521 6.798356056213379
524 6.803581476211548
528 6.810133218765259
531 6.814826488494873
534 6.820300579071045
537 6.824947834014893
540 6.830349683761597
543 6.835010290145874
545 6.840418338775635
549 6.846644163131714
552 6.851552248001099
555 6.8581016063690186
557 6.862732648849487
560 6.868368625640869
563 6.873498916625977
565 6.879537582397461
568 6.8838865756988525
569 6.889773607254028
572 6.894092559814453
575 6.899900674819946
577 6.904532194137573
579 6.910892486572266
581 6.916549921035767
582 6.921369314193726
585 6.927640199661255
586 6.93241286277771
588 6.937894344329834
589 6.942477703094482
591 6.948520183563232
593 6.953009843826294
594 6.959802150726318
595 6.9641218185424805
596 6.969860315322876
598 6.974154949188232
599 6.980328321456909
600 6.984963893890381
601 6.990330457687378
601 6.994967937469482
602 7.000338792800903
603 7.0050036907196045
603 7.011725664138794
604 7.01732873916626
604 7.021986246109009
605 7.027372121810913
605 7.0323851108551025
605 7.038020372390747
605 7.043651819229126
605 7.049822807312012
605 7.054164171218872
605 7.0608344078063965
605 7.0659730434417725
605 7.070922613143921
605 7.076404809951782
604 7.081012964248657
604 7.0866124629974365
603 7.091583251953125
603 7.096975564956665
602 7.101891756057739
601 7.10732889175415
601 7.112810850143433
600 7.118481397628784
599 7.122952461242676
598 7.128628253936768
597 7.133019924163818
596 7.140334844589233
594 7.1475913524627686
591 7.153981924057007
589 7.168078660964966
587 7.174041271209717
586 7.181728363037109
584 7.188569068908691
581 7.194561243057251
579 7.201768636703491
577 7.208385705947876
573 7.2167675495147705
571 7.222748279571533
569 7.230073928833008
567 7.235283136367798
565 7.240483045578003
563 7.245357275009155
561 7.250663757324219
558 7.25672721862793
555 7.261619806289673
552 7.267930269241333
551 7.272568464279175
547 7.278336524963379
545 7.28287672996521
543 7.288522243499756
538 7.292988538742065
535 7.302218437194824
532 7.307726144790649
528 7.312382936477661
526 7.318953275680542
523 7.323558568954468
520 7.3293137550354
517 7.333704471588135
514 7.339617013931274
511 7.343970537185669
508 7.34972882270813
504 7.354065656661987
502 7.359808921813965
497 7.365489721298218
493 7.37188720703125
490 7.377492904663086
486 7.382114887237549
483 7.387523651123047
479 7.392153263092041
475 7.397792816162109
473 7.402446746826172
468 7.408036231994629
464 7.412631273269653
461 7.419378757476807
457 7.423720359802246
454 7.429534435272217
448 7.433878421783447
445 7.4410014152526855
441 7.44687557220459
436 7.45175313949585
431 7.457794427871704
427 7.4624552726745605
424 7.468877792358398
419 7.473800182342529
416 7.479534864425659
411 7.483886241912842
409 7.489613056182861
404 7.493985652923584
397 7.502214670181274
393 7.507895231246948
388 7.51251220703125
385 7.519577503204346
380 7.523955583572388
377 7.529951810836792
372 7.534723281860352
367 7.540157318115234
364 7.544759273529053
359 7.55022406578064
353 7.554839372634888
346 7.564100503921509
343 7.570990324020386
338 7.576774597167969
335 7.581652641296387
330 7.587034702301025
325 7.591959714889526
322 7.597376108169556
317 7.602061033248901
314 7.60750937461853
309 7.612133979797363
305 7.617609262466431
300 7.622974157333374
297 7.628692626953125
291 7.633307695388794
289 7.63903284072876
284 7.643651247024536
281 7.649413824081421
276 7.653761625289917
271 7.65951943397522
267 7.664819717407227
263 7.671530246734619
259 7.676755666732788
256 7.68164324760437
251 7.686844348907471
247 7.691741704940796
244 7.6973466873168945
239 7.702073812484741
237 7.707507371902466
232 7.712157964706421
228 7.7176454067230225
223 7.7233476638793945
221 7.728925466537476
217 7.733497381210327
214 7.739297866821289
209 7.743720054626465
207 7.749513864517212
203 7.753886699676514
200 7.759791374206543
195 7.764119863510132
192 7.770350694656372
189 7.776843786239624
186 7.781749486923218
182 7.786993741989136
179 7.7919020652771
176 7.797512054443359
172 7.802151918411255
170 7.807619094848633
167 7.812272071838379
163 7.8178887367248535
160 7.8235344886779785
157 7.82928466796875
154 7.8337013721466064
152 7.839566469192505
149 7.843972444534302
147 7.849737882614136
144 7.8540825843811035
142 7.85992169380188
138 7.864259958267212
135 7.870479106903076
134 7.877380132675171
131 7.882051467895508
129 7.887519121170044
127 7.8921685218811035
125 7.897634506225586
123 7.902241230010986
121 7.907686948776245
119 7.912339210510254
117 7.917808771133423
115 7.922417402267456
114 7.929417848587036
112 7.933785676956177
111 7.939741134643555
109 7.944073438644409
108 7.950751066207886
105 7.955895662307739
104 7.964961767196655
103 7.971666574478149
101 7.978057622909546
101 7.982668399810791
100 7.988396883010864
99 7.992927312850952
98 7.998760461807251
97 8.0033700466156
97 8.008915662765503
97 8.013473749160767
96 8.018970966339111
96 8.023526191711426
95 8.030000925064087
95 8.034510850906372
95 8.040068864822388
95 8.044601917266846
95 8.050118684768677
95 8.05499792098999
95 8.06037974357605
95 8.06504511833191
95 8.070629596710205
96 8.077545166015625
96 8.082180738449097
97 8.08764362335205
97 8.092291355133057
97 8.097748279571533
98 8.102365732192993
99 8.107833623886108
99 8.11243987083435
100 8.118025064468384
101 8.1241135597229
102 8.130708456039429
103 8.135474920272827
104 8.140822172164917
105 8.14594054222107
107 8.150934219360352
108 8.156431913375854
111 8.167445659637451
113 8.172123193740845
114 8.179749011993408
115 8.184085607528687
117 8.190062046051025
119 8.194625616073608
121 8.200139999389648
123 8.204804182052612
125 8.210302829742432
127 8.214986801147461
128 8.220417022705078
131 8.225290775299072
132 8.23168420791626
135 8.237304210662842
137 8.241998672485352
139 8.247411251068115
142 8.252046346664429
144 8.257621765136719
147 8.262247800827026
150 8.267714500427246
153 8.272440910339355
155 8.278534650802612
158 8.28404712677002
160 8.289795160293579
167 8.294128894805908
170 8.306450605392456
172 8.311326265335083
176 8.31695556640625
179 8.321849584579468
183 8.327507495880127
187 8.332991361618042
189 8.338950157165527
193 8.343528985977173
195 8.349275827407837
203 8.353649139404297
207 8.364917516708374
210 8.3714120388031
214 8.376838445663452
220 8.38289737701416
223 8.388842821121216
227 8.393465757369995
230 8.398960590362549
234 8.403562545776367
237 8.409309387207031
243 8.413692474365234
246 8.42032265663147
251 8.424959182739258
253 8.430432081222534
258 8.436943292617798
263 8.441843271255493
266 8.447418928146362
271 8.452061176300049
274 8.457480907440186
279 8.462117910385132
282 8.467518091201782
287 8.472133874893188
289 8.477744102478027
296 8.483870506286621
299 8.489633560180664
305 8.493993282318115
307 8.49973440170288
313 8.504077672958374
316 8.509833097457886
321 8.514140367507935
324 8.519933462142944
329 8.524247169494629
334 8.530035734176636
339 8.536506652832031
343 8.541314840316772
347 8.54661512374878
351 8.551523447036743
356 8.55671238899231
359 8.561625242233276
365 8.566867113113403
369 8.571755647659302
373 8.577362537384033
380 8.582026958465576
383 8.589033365249634
388 8.59362506866455
391 8.599507331848145
397 8.603843212127686
400 8.609632730484009
405 8.613970041275024
408 8.619759798049927
413 8.624091386795044
419 8.629895448684692
423 8.635908126831055
427 8.640911102294922
432 8.646393775939941
435 8.651030778884888
440 8.656744718551636
443 8.66161561012268
448 8.666810750961304
453 8.671713829040527
456 8.677514553070068
463 8.682144403457642
466 8.68891167640686
471 8.693509817123413
473 8.699057817459106
478 8.703684568405151
481 8.70960521697998
486 8.713971376419067
489 8.719867706298828
493 8.724186420440674
498 8.729989051818848
502 8.734519958496094
505 8.740980386734009
509 8.746561765670776
513 8.751373767852783
517 8.756646633148193
524 8.765506267547607
527 8.770834922790527
531 8.776606559753418
533 8.78138780593872
539 8.786842346191406
541 8.792553901672363
545 8.798050165176392
547 8.802688837051392
551 8.808135032653809
554 8.812777519226074
557 8.81818962097168
560 8.822809934616089
563 8.828368902206421
567 8.832899332046509
569 8.839803218841553
572 8.844177722930908
575 8.84998869895935
577 8.854537963867188
581 8.860088109970093
583 8.864625453948975
585 8.870163917541504
587 8.874783754348755
590 8.880234003067017
593 8.884837627410889
595 8.891956090927124
597 8.897559404373169
600 8.90217638015747
601 8.907628297805786
604 8.91223931312561
605 8.917683601379395
608 8.922304153442383
609 8.928955316543579
611 8.934249639511108
613 8.940069437026978
615 8.946589946746826
616 8.951419591903687
618 8.956856727600098
619 8.961753606796265
620 8.967358112335205
621 8.972012758255005
623 8.977490901947021
623 8.982113599777222
624 8.987511157989502
625 8.992894649505615
626 8.999394178390503
627 9.003750085830688
627 9.009571075439453
628 9.013911962509155
628 9.019766092300415
629 9.024087190628052
629 9.0298490524292
629 9.034165859222412
630 9.039946794509888
630 9.046469688415527
630 9.05105185508728
630 9.056615114212036
630 9.061567544937134
630 9.06682801246643
629 9.071747064590454
629 9.077343702316284
629 9.082007646560669
629 9.087451934814453
628 9.092119693756104
627 9.09944772720337
627 9.103854894638062
627 9.10959005355835
625 9.113965034484863
625 9.11974310874939
624 9.124097347259521
623 9.12987470626831
623 9.134198427200317
621 9.140134334564209
620 9.14646029472351
619 9.151335954666138
618 9.156614780426025
615 9.165297269821167
614 9.170631408691406
613 9.175967931747437
611 9.180959463119507
610 9.186630725860596
608 9.191524744033813
606 9.198632955551147
604 9.203052043914795
602 9.2087562084198
600 9.213410139083862
597 9.220632791519165
595 9.227959632873535
592 9.23394250869751
589 9.240933179855347
585 9.24963641166687
583 9.256608247756958
579 9.262585401535034
577 9.269923210144043
573 9.276670932769775
569 9.282698392868042
567 9.290050268173218
562 9.298023462295532
559 9.30343246459961
557 9.308976411819458
553 9.313597440719604
551 9.3194899559021
548 9.323830366134644
545 9.329674005508423
542 9.334031343460083
539 9.339776515960693
535 9.34413743019104
532 9.350817680358887
528 9.356488227844238
525 9.361309051513672
522 9.366603374481201
517 9.372165441513062
509 9.383014440536499
506 9.390819549560547
502 9.395936489105225
497 9.402094602584839
493 9.40809440612793
491 9.412713527679443
486 9.418167114257812
483 9.422791957855225
479 9.428368330001831
475 9.432887315750122
472 9.43978476524353
466 9.444135665893555
463 9.450799226760864
458 9.455945253372192
455 9.460961818695068
451 9.46646237373352
447 9.471032857894897
443 9.476601362228394
440 9.481379985809326
435 9.486829996109009
431 9.49175477027893
426 9.49735689163208
421 9.502840518951416
418 9.509040117263794
413 9.51361870765686
410 9.519402742385864
405 9.523764610290527
402 9.529513597488403
397 9.533867597579956
394 9.539583683013916
389 9.543933629989624
384 9.549734115600586
379 9.555938243865967
373 9.56092882156372
368 9.570122003555298
363 9.574958562850952
360 9.580408811569214
355 9.585506916046143
352 9.59082293510437
347 9.596458911895752
342 9.602211952209473
339 9.607706785202026
334 9.612334728240967
329 9.618016242980957
326 9.622607946395874
321 9.628072023391724
318 9.632731199264526
313 9.638168096542358
311 9.642792701721191
306 9.64839792251587
301 9.653993844985962
298 9.659782648086548
293 9.664133310317993
290 9.669930934906006
285 9.674719333648682
281 9.680179357528687
277 9.68480372428894
273 9.690278053283691
269 9.69493556022644
266 9.700344562530518
262 9.706833362579346
257 9.712235450744629
253 9.71774959564209
250 9.72238278388977
246 9.727923154830933
243 9.732581615447998
239 9.738194942474365
235 9.742863893508911
232 9.74875807762146
228 9.754101991653442
225 9.759952306747437
221 9.76453685760498
217 9.770148754119873
213 9.774824619293213
211 9.78030800819397
207 9.785011529922485
205 9.790633916854858
201 9.795912504196167
197 9.800940036773682
195 9.807525634765625
191 9.812170267105103
188 9.818155527114868
186 9.822786808013916
183 9.828393936157227
179 9.832971811294556
177 9.838705778121948
174 9.843369483947754
172 9.848908424377441
169 9.853499174118042
166 9.860129117965698
165 9.864776611328125
162 9.870272159576416
159 9.875334024429321
157 9.880650043487549
155 9.885438203811646
153 9.890782594680786
151 9.895908117294312
149 9.90087628364563
147 9.907309532165527
145 9.91204309463501
143 9.918125867843628
141 9.92276644706726
139 9.928343296051025
137 9.932895421981812
136 9.938547134399414
135 9.943022727966309
133 9.950376510620117
131 9.955978393554688
129 9.962086200714111
128 9.97152304649353
127 9.976993799209595
126 9.981903314590454
125 9.987495183944702
125 9.992160558700562
124 9.9977388381958
123 10.002450704574585
