0 0.00015234947204589844
0 0.022930145263671875
0 0.03243589401245117
0 0.04400229454040527
2 0.05545353889465332
2 0.06439447402954102
6 0.07604384422302246
8 0.08940339088439941
10 0.09802913665771484
11 0.10392141342163086
13 0.1094810962677002
15 0.11401510238647461
18 0.11941885948181152
19 0.12393331527709961
21 0.1293168067932129
24 0.13385677337646484
26 0.13927149772644043
29 0.1438615322113037
32 0.14925742149353027
36 0.15448832511901855
38 0.16027355194091797
42 0.16456031799316406
44 0.17017364501953125
48 0.17447185516357422
51 0.1800248622894287
55 0.1843574047088623
59 0.19133567810058594
64 0.198838472366333
70 0.20627832412719727
76 0.21371984481811523
80 0.22104191780090332
86 0.22817444801330566
92 0.23496651649475098
97 0.24247455596923828
102 0.24981093406677246
108 0.25827741622924805
112 0.26447057723999023
115 0.27052736282348633
119 0.27505922317504883
122 0.2809305191040039
126 0.2852015495300293
128 0.29088664054870605
132 0.29520320892333984
136 0.3008909225463867
138 0.30608654022216797
143 0.3151845932006836
145 0.3210282325744629
148 0.3253662586212158
150 0.3312063217163086
152 0.3354954719543457
154 0.3414652347564697
156 0.34574055671691895
158 0.3514707088470459
160 0.3573789596557617
161 0.3623039722442627
162 0.36748695373535156
163 0.3723931312561035
164 0.37743520736694336
165 0.3835484981536865
165 0.38901591300964355
165 0.39362096786499023
165 0.39919304847717285
165 0.40454888343811035
164 0.410228967666626
164 0.41454601287841797
163 0.4202728271484375
162 0.4248669147491455
161 0.43027520179748535
159 0.4348571300506592
158 0.4402599334716797
156 0.4448578357696533
154 0.45027709007263184
152 0.45655131340026855
150 0.4619603157043457
147 0.46678924560546875
146 0.4719424247741699
143 0.4770207405090332
140 0.482285737991333
138 0.4869844913482666
135 0.4922606945037842
132 0.49749064445495605
128 0.5023806095123291
124 0.5093405246734619
121 0.5153698921203613
118 0.5212085247039795
114 0.5255210399627686
112 0.5312089920043945
108 0.5355069637298584
105 0.541226863861084
101 0.5455284118652344
98 0.5512042045593262
92 0.5555264949798584
90 0.5619971752166748
86 0.5668070316314697
82 0.5719342231750488
78 0.576948881149292
76 0.5822477340698242
72 0.5869674682617188
69 0.5922355651855469
65 0.5969171524047852
62 0.6021425724029541
58 0.6068480014801025
56 0.6132340431213379
52 0.6183457374572754
50 0.6232037544250488
46 0.6284899711608887
43 0.6333146095275879
41 0.6388657093048096
38 0.643930196762085
36 0.6493198871612549
33 0.6538705825805664
30 0.6602327823638916
28 0.6648085117340088
26 0.6704497337341309
24 0.6749587059020996
23 0.680405855178833
21 0.6849050521850586
20 0.6903572082519531
19 0.6948473453521729
18 0.7004966735839844
17 0.7049920558929443
16 0.7114837169647217
16 0.7209062576293945
15 0.7252018451690674
15 0.7310571670532227
16 0.7353451251983643
16 0.7411935329437256
16 0.745521068572998
17 0.7512252330780029
18 0.7554938793182373
19 0.7622511386871338
21 0.7669515609741211
22 0.7721920013427734
24 0.7768633365631104
25 0.7820029258728027
28 0.7867963314056396
29 0.7919471263885498
32 0.7965273857116699
34 0.8018853664398193
36 0.8064539432525635
38 0.8130807876586914
42 0.8183956146240234
44 0.823232889175415
48 0.8283734321594238
50 0.8331713676452637
54 0.8383347988128662
56 0.8431243896484375
60 0.8488342761993408
64 0.8534591197967529
68 0.8588166236877441
71 0.8642208576202393
75 0.8696467876434326
78 0.8742125034332275
82 0.879871129989624
86 0.88431715965271
89 0.8900065422058105
94 0.8943731784820557
96 0.8998966217041016
100 0.904350996017456
104 0.9098372459411621
108 0.9152736663818359
111 0.9210095405578613
115 0.9253458976745605
118 0.9310410022735596
122 0.9353363513946533
125 0.9411885738372803
128 0.9454762935638428
132 0.9516448974609375
135 0.9561333656311035
139 0.9615843296051025
142 0.9679973125457764
144 0.972501277923584
148 0.9779107570648193
150 0.98246169090271
153 0.9879660606384277
154 0.9924559593200684
157 0.998011589050293
159 1.0025088787078857
161 1.0079505443572998
163 1.0124988555908203
165 1.0199329853057861
167 1.0244102478027344
168 1.0299153327941895
169 1.0343899726867676
170 1.0399296283721924
170 1.044395923614502
171 1.0498807430267334
172 1.0543558597564697
172 1.060051679611206
172 1.0644574165344238
172 1.0711116790771484
171 1.0754151344299316
171 1.081115484237671
170 1.0854170322418213
169 1.0910871028900146
168 1.0954248905181885
167 1.1012251377105713
165 1.105513334274292
161 1.1111972332000732
160 1.1224734783172607
158 1.1280558109283447
156 1.1327979564666748
153 1.1383070945739746
151 1.1431152820587158
148 1.1488051414489746
145 1.1534199714660645
143 1.1593327522277832
138 1.163867712020874
136 1.1702194213867188
132 1.174525499343872
130 1.1804325580596924
126 1.1849071979522705
124 1.1903865337371826
120 1.1948981285095215
117 1.2002835273742676
113 1.204890489578247
110 1.2103478908538818
106 1.214885950088501
103 1.2212958335876465
98 1.2255699634552002
90 1.2331609725952148
85 1.244250774383545
81 1.2516145706176758
77 1.2563552856445312
74 1.2622292041778564
70 1.2669117450714111
67 1.2733047008514404
64 1.2788190841674805
60 1.2834794521331787
58 1.288813591003418
54 1.2934434413909912
52 1.2989509105682373
49 1.303530216217041
45 1.3088867664337158
42 1.317962884902954
39 1.3236138820648193
38 1.3289697170257568
35 1.3335392475128174
33 1.3393323421478271
32 1.3438951969146729
30 1.349280595779419
28 1.3538401126861572
27 1.359395980834961
26 1.3639097213745117
25 1.3717987537384033
24 1.376929759979248
23 1.38322114944458
23 1.3885371685028076
23 1.3933982849121094
23 1.3985357284545898
23 1.4033582210540771
24 1.408858060836792
24 1.4134647846221924
25 1.4189872741699219
26 1.424360990524292
27 1.4310767650604248
29 1.4353792667388916
30 1.4410624504089355
32 1.445350170135498
34 1.4510555267333984
36 1.4553403854370117
38 1.461043357849121
40 1.4659998416900635
43 1.4715287685394287
46 1.477968454360962
48 1.4824702739715576
52 1.4882280826568604
54 1.4930319786071777
57 1.4981834888458252
60 1.502897024154663
64 1.5081102848052979
69 1.5128028392791748
73 1.5216755867004395
77 1.5280959606170654
80 1.532806158065796
84 1.538395643234253
87 1.5432088375091553
91 1.5484497547149658
94 1.5533168315887451
98 1.558454990386963
101 1.5632472038269043
106 1.5684382915496826
110 1.5732779502868652
114 1.5795352458953857
117 1.5841169357299805
121 1.5895287990570068
124 1.5940895080566406
128 1.5996248722076416
131 1.604163408279419
135 1.609527349472046
138 1.6140997409820557
142 1.6195096969604492
145 1.6251189708709717
148 1.6308751106262207
151 1.6351652145385742
153 1.6408827304840088
156 1.6451776027679443
158 1.6508679389953613
161 1.6551814079284668
163 1.6610169410705566
166 1.6653110980987549
168 1.6715505123138428
170 1.677917718887329
172 1.6824378967285156
174 1.6875019073486328
175 1.692387342453003
176 1.6974961757659912
177 1.702406406402588
178 1.7074685096740723
178 1.7123756408691406
179 1.7180020809173584
180 1.722543716430664
180 1.7290585041046143
180 1.7336525917053223
179 1.7390305995941162
179 1.7436230182647705
178 1.748983383178711
178 1.7536170482635498
177 1.758995532989502
176 1.7635648250579834
175 1.7689902782440186
172 1.7735419273376465
171 1.7799317836761475
169 1.784454345703125
168 1.7901990413665771
165 1.7944929599761963
164 1.8002796173095703
161 1.804853916168213
159 1.8102731704711914
156 1.814847469329834
154 1.8202428817749023
150 1.824568510055542
148 1.8312842845916748
145 1.8355567455291748
142 1.8414278030395508
139 1.8457465171813965
136 1.851426124572754
132 1.8557775020599365
130 1.8614656925201416
126 1.865752935409546
122 1.8719089031219482
118 1.8765027523040771
115 1.883100986480713
110 1.8882439136505127
108 1.8930613994598389
104 1.8984112739562988
101 1.9032480716705322
96 1.908412218093872
90 1.9132421016693115
86 1.9233996868133545
82 1.9290931224822998
78 1.9344241619110107
74 1.9417047500610352
70 1.9469661712646484
68 1.9522428512573242
64 1.9575059413909912
62 1.9623723030090332
58 1.9674100875854492
56 1.9723381996154785
53 1.9774112701416016
50 1.983398199081421
48 1.990260362625122
45 1.994530200958252
44 2.0000834465026855
42 2.00443172454834
38 2.0157358646392822
36 2.0215864181518555
35 2.0260581970214844
34 2.032510995864868
33 2.037971258163452
32 2.042485237121582
32 2.0479319095611572
31 2.052445411682129
31 2.0580592155456543
31 2.0627946853637695
32 2.068045139312744
32 2.072542905807495
33 2.0788676738739014
34 2.0841946601867676
34 2.0896120071411133
35 2.0941922664642334
37 2.09956955909729
38 2.1041345596313477
40 2.1095523834228516
42 2.1140804290771484
44 2.1195101737976074
46 2.1240532398223877
48 2.1294469833374023
51 2.134988784790039
53 2.140857219696045
56 2.145188808441162
58 2.1508865356445312
61 2.155174493789673
64 2.160855293273926
68 2.165147066116333
70 2.170806407928467
74 2.175102710723877
78 2.1811959743499756
82 2.187019109725952
84 2.192267894744873
88 2.197481155395508
92 2.2024037837982178
96 2.2074358463287354
98 2.2123522758483887
103 2.217374086380005
106 2.222261667251587
110 2.226924419403076
114 2.2322206497192383
118 2.238548994064331
120 2.2434144020080566
125 2.248553514480591
129 2.253410816192627
132 2.2590010166168213
136 2.2635793685913086
140 2.269887924194336
146 2.275756359100342
150 2.28365159034729
154 2.291705846786499
158 2.298227071762085
162 2.304097890853882
166 2.311349391937256
172 2.323232412338257
174 2.3298699855804443
178 2.3356552124023438
180 2.34403657913208
182 2.349931478500366
184 2.3543882369995117
185 2.3599228858947754
186 2.3643884658813477
187 2.369927406311035
188 2.374382734298706
189 2.381173610687256
190 2.38549542427063
190 2.3918325901031494
190 2.396449327468872
190 2.4018077850341797
189 2.406398296356201
189 2.4117748737335205
188 2.4164299964904785
188 2.4218106269836426
186 2.4264259338378906
185 2.431805372238159
184 2.4365246295928955
182 2.443162441253662
180 2.4493329524993896
178 2.4539377689361572
176 2.459379196166992
174 2.4639036655426025
172 2.4693238735198975
170 2.4738972187042236
168 2.4792959690093994
165 2.4838602542877197
162 2.491142749786377
158 2.495492458343506
156 2.5013439655303955
153 2.50559401512146
150 2.511282205581665
146 2.5155398845672607
144 2.5212275981903076
140 2.5255277156829834
138 2.531193494796753
133 2.535482168197632
129 2.541853189468384
125 2.5464656352996826
122 2.5518059730529785
118 2.5568203926086426
116 2.561964988708496
111 2.566843271255493
108 2.571960210800171
104 2.5769522190093994
102 2.582242250442505
98 2.586941719055176
95 2.593273162841797
91 2.598442316055298
88 2.6032562255859375
84 2.608405351638794
81 2.613253116607666
78 2.6185593605041504
75 2.623401641845703
72 2.6285555362701416
69 2.6334033012390137
66 2.6388425827026367
64 2.644242525100708
61 2.6496329307556152
59 2.6542036533355713
56 2.659557819366455
55 2.664083242416382
53 2.6694889068603516
51 2.6740221977233887
49 2.679532289505005
48 2.6840667724609375
46 2.689486503601074
45 2.6950621604919434
44 2.7005276679992676
43 2.705048084259033
43 2.7108395099639893
42 2.7151474952697754
42 2.72481107711792
42 2.73041033744812
42 2.734938383102417
42 2.740879774093628
43 2.746293783187866
44 2.7516582012176514
45 2.7561280727386475
46 2.7615697383880615
47 2.7660229206085205
48 2.771498203277588
50 2.7757511138916016
51 2.7814671993255615
54 2.7857327461242676
56 2.7914257049560547
58 2.7984068393707275
60 2.803229570388794
63 2.8083903789520264
65 2.8132598400115967
68 2.8183932304382324
71 2.823237657546997
74 2.8283398151397705
77 2.833125352859497
80 2.838393211364746
84 2.8432064056396484
88 2.849396228790283
91 2.8539211750030518
95 2.8594741821289062
98 2.864013671875
102 2.8694252967834473
105 2.8739688396453857
109 2.87937331199646
112 2.8839025497436523
115 2.889305353164673
121 2.893873453140259
124 2.9009041786193848
128 2.905186176300049
131 2.910877227783203
135 2.9151699542999268
138 2.9210739135742188
142 2.9253411293029785
145 2.9310481548309326
149 2.935335397720337
152 2.9410526752471924
157 2.9453623294830322
160 2.951795816421509
163 2.9574499130249023
167 2.963740110397339
169 2.9692721366882324
172 2.973874092102051
176 2.97941517829895
178 2.9839680194854736
180 2.989393472671509
183 2.9939017295837402
185 3.000899314880371
188 3.0051867961883545
189 3.010904312133789
191 3.0151889324188232
192 3.0209007263183594
194 3.025195598602295
195 3.0309255123138428
196 3.0352065563201904
197 3.041029453277588
198 3.045325756072998
198 3.0516324043273926
198 3.0561134815216064
198 3.061591625213623
198 3.066070795059204
198 3.0715482234954834
198 3.076040267944336
197 3.0815441608428955
196 3.0860912799835205
195 3.091564178466797
194 3.096297264099121
193 3.1028518676757812
191 3.1081106662750244
190 3.1128427982330322
186 3.1181042194366455
184 3.1265652179718018
182 3.131915807723999
180 3.1368980407714844
178 3.142159938812256
175 3.1470208168029785
172 3.153484582901001
170 3.1589887142181396
166 3.1635735034942627
164 3.1689558029174805
160 3.173548698425293
158 3.178860902786255
154 3.1834566593170166
151 3.188833713531494
148 3.193464517593384
144 3.1988556385040283
139 3.2049899101257324
136 3.210442066192627
132 3.2149457931518555
130 3.220552921295166
126 3.225074291229248
123 3.2309317588806152
118 3.235241174697876
116 3.241034746170044
112 3.24531888961792
108 3.2517454624176025
104 3.2564377784729004
101 3.2618043422698975
97 3.266411066055298
94 3.2717795372009277
90 3.2764954566955566
88 3.2818098068237305
84 3.286442279815674
82 3.2917873859405518
80 3.2963907718658447
77 3.302943706512451
70 3.308237314224243
68 3.3192827701568604
66 3.3238301277160645
63 3.3293745517730713
62 3.3339123725891113
59 3.3395817279815674
58 3.3441288471221924
56 3.3495240211486816
54 3.3551251888275146
54 3.3609254360198975
52 3.3652336597442627
51 3.371709108352661
50 3.3761496543884277
50 3.3823890686035156
50 3.387420415878296
50 3.3923118114471436
50 3.3974971771240234
50 3.402369499206543
50 3.4091978073120117
51 3.4137492179870605
52 3.4191620349884033
53 3.423726797103882
54 3.430190086364746
56 3.4354116916656494
57 3.441133499145508
59 3.4454431533813477
61 3.4511547088623047
64 3.456928253173828
65 3.46213698387146
68 3.466959238052368
70 3.4722342491149902
73 3.476897954940796
75 3.4819984436035156
78 3.486968517303467
80 3.4922220706939697
84 3.4969372749328613
86 3.502187967300415
90 3.508411407470703
93 3.5132312774658203
100 3.5185019969940186
104 3.527505397796631
106 3.5323598384857178
110 3.537945508956909
114 3.542461395263672
118 3.5480422973632812
122 3.552839517593384
125 3.559156894683838
129 3.563720941543579
132 3.5690948963165283
136 3.573659896850586
140 3.579258441925049
144 3.5838277339935303
147 3.5892181396484375
151 3.5937745571136475
154 3.5991926193237305
159 3.6037566661834717
162 3.61014461517334
166 3.6152329444885254
168 3.621074676513672
172 3.625373601913452
174 3.6310622692108154
178 3.635324478149414
180 3.6411943435668945
183 3.645484209060669
185 3.651210308074951
189 3.6554832458496094
191 3.6618597507476807
193 3.6664552688598633
195 3.6717991828918457
196 3.6763696670532227
198 3.6817455291748047
200 3.686296224594116
201 3.6916675567626953
203 3.6964099407196045
204 3.701815128326416
204 3.7063679695129395
205 3.7130274772644043
206 3.7189033031463623
206 3.7235231399536133
206 3.728914976119995
206 3.733513116836548
206 3.7388498783111572
205 3.7434580326080322
204 3.749037265777588
204 3.753607988357544
202 3.759155511856079
201 3.764540672302246
200 3.770188570022583
198 3.7744877338409424
197 3.7800605297088623
195 3.7844529151916504
193 3.7899293899536133
192 3.794384479522705
189 3.799891948699951
187 3.8043482303619385
184 3.810931921005249
180 3.8153040409088135
178 3.821821451187134
176 3.826416015625
172 3.8317718505859375
170 3.836348533630371
166 3.8416988849639893
164 3.8462352752685547
160 3.851616382598877
158 3.85606050491333
154 3.8623669147491455
150 3.8674137592315674
147 3.8723058700561523
143 3.878413677215576
138 3.883502244949341
136 3.8891303539276123
132 3.8937771320343018
129 3.8991851806640625
125 3.903749704360962
121 3.9091291427612305
116 3.9145219326019287
110 3.92098331451416
107 3.9308922290802
102 3.935210704803467
99 3.9424290657043457
96 3.948300361633301
93 3.9530997276306152
90 3.958275079727173
86 3.9638404846191406
84 3.9692084789276123
81 3.973767042160034
79 3.9791624546051025
73 3.9904234409332275
71 3.994957447052002
69 4.000535726547241
67 4.005027532577515
65 4.010831356048584
63 4.016072034835815
62 4.021572828292847
60 4.026830434799194
59 4.03197169303894
58 4.036788702011108
58 4.041939735412598
57 4.046538829803467
57 4.051968574523926
56 4.056927680969238
56 4.062190055847168
56 4.0684897899627686
57 4.073321580886841
58 4.078503131866455
58 4.083308219909668
59 4.088429927825928
60 4.093245267868042
61 4.098392009735107
62 4.10322380065918
64 4.108405828475952
66 4.113238096237183
69 4.119555711746216
71 4.124903202056885
73 4.13034725189209
76 4.134850978851318
78 4.140468597412109
80 4.144948244094849
83 4.150379419326782
86 4.154881238937378
88 4.160252571105957
92 4.164550542831421
94 4.171245098114014
98 4.17551589012146
101 4.181343078613281
105 4.18559718132019
108 4.191273927688599
112 4.195540904998779
114 4.201202154159546
119 4.205490350723267
122 4.211191654205322
127 4.215481519699097
130 4.221961498260498
134 4.2267866134643555
138 4.231969833374023
142 4.236948251724243
145 4.242220163345337
149 4.246944427490234
152 4.252209186553955
156 4.256910562515259
159 4.262139081954956
163 4.268556833267212
167 4.273427963256836
170 4.278570175170898
174 4.283448934555054
176 4.288570404052734
180 4.293447732925415
182 4.298967599868774
188 4.303573846817017
191 4.313734292984009
196 4.319895029067993
198 4.329579830169678
200 4.334122896194458
202 4.33968710899353
204 4.344252586364746
206 4.3515965938568115
209 4.358494281768799
211 4.364395618438721
212 4.373189687728882
213 4.380564451217651
214 4.386497497558594
214 4.39357852935791
214 4.400481939315796
213 4.406365156173706
212 4.413471221923828
211 4.421806335449219
210 4.428446292877197
208 4.433889389038086
207 4.439315319061279
205 4.443870306015015
204 4.450345754623413
202 4.4548561573028564
200 4.4602625370025635
198 4.464824676513672
196 4.470240592956543
193 4.4756433963775635
190 4.481539964675903
188 4.486007213592529
186 4.491523504257202
182 4.495797157287598
180 4.501476764678955
176 4.505734443664551
174 4.511424541473389
170 4.515667676925659
166 4.5222649574279785
162 4.527498006820679
160 4.532399415969849
156 4.538541078567505
153 4.543392658233643
149 4.548537254333496
146 4.553357124328613
142 4.558539390563965
139 4.563379526138306
134 4.568524599075317
131 4.574146747589111
127 4.579527854919434
124 4.584070444107056
120 4.589511394500732
117 4.594081878662109
113 4.599655628204346
111 4.6042420864105225
107 4.609619617462158
104 4.614184379577637
101 4.619665145874023
98 4.625214576721191
95 4.631016969680786
92 4.635310649871826
90 4.641456365585327
87 4.645774602890015
85 4.651441812515259
82 4.6556806564331055
80 4.661543369293213
78 4.66580057144165
76 4.67146110534668
74 4.677495241165161
72 4.68238639831543
71 4.687414646148682
70 4.692296743392944
68 4.696977138519287
68 4.702260971069336
67 4.706921339035034
66 4.712140321731567
66 4.716992378234863
66 4.722256660461426
66 4.7330641746521
66 4.739011526107788
66 4.7435877323150635
67 4.749087572097778
68 4.753641605377197
69 4.759172201156616
70 4.763708591461182
71 4.7690839767456055
73 4.773649215698242
75 4.780177593231201
77 4.784488677978516
78 4.790268898010254
81 4.794851303100586
83 4.8002214431762695
86 4.804519176483154
88 4.810059070587158
91 4.814441919326782
93 4.819917678833008
96 4.824377536773682
99 4.831046104431152
102 4.835304260253906
106 4.841709613800049
108 4.8461525440216064
112 4.85158896446228
115 4.856033802032471
118 4.861515760421753
122 4.865762948989868
125 4.871491193771362
131 4.875754117965698
134 4.882261037826538
138 4.886981964111328
141 4.892232179641724
145 4.897408723831177
148 4.902336597442627
152 4.907024621963501
155 4.912273406982422
160 4.917438268661499
162 4.9223620891571045
167 4.927480220794678
171 4.933518886566162
173 4.938879489898682
177 4.9434592723846436
180 4.948808670043945
184 4.953407049179077
188 4.959796190261841
191 4.9651501178741455
193 4.970859527587891
196 4.975149869918823
200 4.981700897216797
202 4.98626971244812
204 4.991623163223267
206 4.9960644245147705
209 5.0015623569488525
210 5.006028652191162
212 5.0115416049957275
214 5.016265153884888
216 5.021643400192261
217 5.026121377944946
218 5.032465696334839
219 5.03792405128479
220 5.0424394607543945
221 5.048012971878052
221 5.052533388137817
221 5.057987928390503
222 5.062530279159546
221 5.068463325500488
221 5.073323488235474
220 5.078821420669556
219 5.084217309951782
218 5.090210676193237
217 5.09454870223999
216 5.100161790847778
214 5.104469537734985
213 5.110015153884888
211 5.114411115646362
210 5.119927883148193
205 5.1243979930877686
203 5.134432554244995
201 5.140383958816528
198 5.144909143447876
196 5.151265621185303
193 5.155542373657227
190 5.161391735076904
187 5.1656458377838135
185 5.171364784240723
181 5.175619602203369
177 5.181457757949829
174 5.187407493591309
171 5.192265033721924
167 5.197468996047974
164 5.202362060546875
160 5.207433700561523
157 5.212348699569702
153 5.2173779010772705
150 5.222269058227539
146 5.226951837539673
144 5.232266902923584
139 5.238908767700195
135 5.243504524230957
132 5.248877763748169
128 5.253460884094238
126 5.258973836898804
122 5.263583421707153
119 5.268949031829834
115 5.2735276222229
112 5.278883218765259
109 5.283486843109131
105 5.289666175842285
103 5.294268846511841
100 5.29966402053833
96 5.304239749908447
94 5.310565233230591
92 5.31508731842041
90 5.321011543273926
87 5.3253045082092285
86 5.330946922302246
83 5.336283206939697
81 5.341672658920288
80 5.34609317779541
78 5.351577281951904
76 5.356792449951172
76 5.3618974685668945
74 5.3664634227752686
74 5.3717942237854
73 5.376518726348877
72 5.382909774780273
72 5.389212131500244
72 5.393763542175293
72 5.399158477783203
72 5.403740644454956
73 5.4091269969940186
74 5.413700103759766
74 5.419043302536011
76 5.4236159324646
76 5.428982496261597
78 5.433566331863403
80 5.440034627914429
82 5.444411993026733
83 5.449904203414917
85 5.454360723495483
87 5.459902763366699
90 5.464372634887695
92 5.471149682998657
95 5.475443363189697
97 5.481121778488159
101 5.485424041748047
104 5.491786241531372
107 5.496496915817261
109 5.501795291900635
112 5.506321668624878
116 5.511663913726807
118 5.516097545623779
122 5.521595239639282
128 5.530988454818726
134 5.535328388214111
136 5.54196834564209
140 5.5474348068237305
144 5.55233907699585
148 5.558491230010986
152 5.563313245773315
155 5.568839073181152
160 5.573472499847412
162 5.578845977783203
166 5.583472013473511
171 5.588838577270508
174 5.594235181808472
178 5.599618911743164
180 5.604168891906738
184 5.6095356941223145
187 5.614116191864014
191 5.619662761688232
193 5.624218940734863
197 5.629661798477173
199 5.634230613708496
202 5.639650106430054
206 5.645258188247681
208 5.650929927825928
211 5.655222415924072
212 5.661313533782959
215 5.665562629699707
217 5.671229124069214
219 5.6754982471466064
220 5.681357145309448
222 5.685635805130005
224 5.69226598739624
225 5.69748592376709
226 5.702350854873657
227 5.707407474517822
228 5.71230149269104
228 5.717371225357056
228 5.722263813018799
229 5.726936340332031
229 5.732156038284302
228 5.737004041671753
228 5.743466138839722
227 5.748842239379883
226 5.753462076187134
225 5.758828401565552
224 5.763915538787842
222 5.769318103790283
221 5.773894786834717
220 5.77927303314209
216 5.783840179443359
212 5.792255163192749
211 5.803377151489258
208 5.8085315227508545
205 5.813393831253052
203 5.818559646606445
200 5.823438405990601
197 5.828959703445435
194 5.833534002304077
192 5.838862657546997
188 5.84345006942749
184 5.849663019180298
180 5.85425066947937
178 5.859915256500244
174 5.864379167556763
171 5.870542764663696
167 5.875130653381348
164 5.880831718444824
160 5.885147333145142
157 5.890848875045776
153 5.895150899887085
149 5.901571750640869
146 5.906043767929077
142 5.911579608917236
139 5.91627836227417
135 5.921649932861328
130 5.926116943359375
126 5.935649156570435
122 5.941560745239258
118 5.946269512176514
116 5.952523708343506
112 5.958287954330444
110 5.9631242752075195
107 5.968313694000244
104 5.973132371902466
100 5.979379653930664
98 5.984936475753784
95 5.991863965988159
93 5.996441841125488
89 6.0091376304626465
87 6.013735055923462
86 6.019157409667969
84 6.023723125457764
83 6.029098749160767
82 6.033682584762573
81 6.0391881465911865
80 6.043757200241089
80 6.049154043197632
80 6.054503440856934
80 6.060006618499756
80 6.06437087059021
80 6.070794105529785
80 6.0750908851623535
81 6.080554723739624
82 6.085059404373169
82 6.090900897979736
84 6.0952067375183105
86 6.101806879043579
88 6.1064488887786865
89 6.111794710159302
90 6.116349458694458
93 6.12171196937561
94 6.126242637634277
97 6.131617784500122
99 6.136068105697632
102 6.141589403152466
110 6.146058797836304
114 6.163679838180542
118 6.169026851654053
120 6.1740498542785645
124 6.179413080215454
126 6.183990955352783
130 6.18942666053772
133 6.193974494934082
138 6.199390649795532
142 6.20501446723938
145 6.210511684417725
149 6.2150444984436035
152 6.220893383026123
156 6.225200414657593
159 6.230903148651123
164 6.235174179077148
166 6.240894079208374
171 6.245179653167725
175 6.250863790512085
178 6.256060361862183
182 6.261584997177124
185 6.2663609981536865
189 6.272284984588623
193 6.278390169143677
195 6.2832372188568115
199 6.288388729095459
202 6.2932469844818115
205 6.298400163650513
208 6.303212881088257
212 6.309384822845459
214 6.3139214515686035
217 6.319322109222412
220 6.323916912078857
223 6.333155632019043
224 6.338846683502197
227 6.343452215194702
228 6.349090337753296
230 6.353666543960571
232 6.360199689865112
233 6.364511966705322
234 6.370048522949219
235 6.374446153640747
235 6.381481647491455
236 6.385765552520752
236 6.391442775726318
236 6.395670175552368
236 6.401556730270386
236 6.407432556152344
235 6.412331581115723
234 6.417010068893433
234 6.422276496887207
232 6.42836856842041
230 6.4343461990356445
228 6.441595077514648
226 6.4482855796813965
223 6.454212188720703
220 6.462532043457031
218 6.469608783721924
214 6.475540637969971
210 6.483594655990601
206 6.4912028312683105
203 6.497968912124634
198 6.503961563110352
195 6.51160740852356
192 6.516286849975586
188 6.521683216094971
186 6.526154518127441
182 6.531636953353882
179 6.536118745803833
175 6.541607856750488
172 6.5460851192474365
168 6.551580429077148
164 6.556062698364258
161 6.562506914138794
157 6.567962884902954
154 6.572494745254517
150 6.5781004428863525
146 6.583472013473511
143 6.588864803314209
139 6.593472480773926
136 6.5988829135894775
132 6.603508234024048
129 6.609003067016602
125 6.614419460296631
123 6.620005369186401
119 6.6244118213653564
117 6.629999876022339
114 6.634411096572876
112 6.6402366161346436
109 6.644820690155029
107 6.650223970413208
104 6.654541730880737
102 6.661138534545898
100 6.665467023849487
98 6.671166181564331
96 6.675447940826416
95 6.681081295013428
93 6.68535304069519
92 6.691027402877808
91 6.695319652557373
90 6.7012248039245605
89 6.705498695373535
88 6.711870431900024
88 6.716463088989258
88 6.721792936325073
88 6.7263853549957275
88 6.736374378204346
88 6.741747617721558
89 6.746431589126587
90 6.751802682876587
91 6.756864786148071
92 6.7632105350494385
94 6.768345594406128
95 6.773155927658081
97 6.778280258178711
98 6.7830846309661865
100 6.788241863250732
102 6.793048620223999
105 6.798205137252808
107 6.803088665008545
110 6.808243751525879
113 6.813826084136963
116 6.81942081451416
118 6.823963642120361
121 6.829329967498779
124 6.833861351013184
127 6.839195966720581
131 6.843731880187988
133 6.849074602127075
138 6.853617191314697
140 6.858985185623169
146 6.8642144203186035
148 6.8699049949646
153 6.874382734298706
156 6.880083084106445
160 6.884450912475586
163 6.890866756439209
167 6.895167112350464
170 6.900863409042358
174 6.905164957046509
179 6.910848617553711
182 6.916270732879639
186 6.921620845794678
189 6.926059007644653
193 6.931596994400024
196 6.936312437057495
200 6.941716194152832
202 6.946320295333862
206 6.951707124710083
208 6.9562389850616455
212 6.961626291275024
216 6.968037366867065
218 6.972539901733398
221 6.977980852127075
223 6.982496976852417
226 6.987968444824219
229 6.993344068527222
232 6.999710321426392
234 7.005245685577393
235 7.010932207107544
237 7.0161356925964355
239 7.021617650985718
240 7.02609658241272
242 7.031559467315674
242 7.036071538925171
244 7.041567802429199
244 7.046047687530518
244 7.051559686660767
245 7.0562639236450195
245 7.0616466999053955
245 7.068030834197998
244 7.072514295578003
244 7.077910661697388
243 7.082451105117798
242 7.087874889373779
242 7.092469215393066
240 7.097868919372559
239 7.102424383163452
238 7.107476234436035
236 7.11235785484314
234 7.118971109390259
232 7.123563766479492
228 7.129193067550659
226 7.138444423675537
223 7.143255710601807
221 7.1488213539123535
218 7.153446674346924
216 7.158984422683716
212 7.16352653503418
209 7.1696226596832275
206 7.174213886260986
202 7.179844856262207
200 7.184300899505615
196 7.189684867858887
192 7.19424843788147
190 7.200429201126099
186 7.204975366592407
183 7.21047043800354
178 7.21499228477478
176 7.221404075622559
172 7.2257490158081055
169 7.231468915939331
165 7.235753059387207
160 7.241571664810181
158 7.24605131149292
154 7.2515528202056885
151 7.256270885467529
147 7.261791944503784
143 7.266357898712158
140 7.272914886474609
137 7.278149843215942
134 7.282902717590332
130 7.288104772567749
128 7.292893171310425
125 7.298267364501953
123 7.303102254867554
120 7.308253526687622
118 7.313080787658691
114 7.318293571472168
112 7.323890686035156
110 7.329279899597168
108 7.333826780319214
106 7.339240550994873
104 7.343890428543091
103 7.349306106567383
102 7.353863477706909
100 7.3593974113464355
99 7.363941192626953
98 7.369330883026123
97 7.374942302703857
97 7.381338834762573
96 7.385591268539429
96 7.3914406299591064
96 7.395769834518433
96 7.401447534561157
97 7.405691146850586
97 7.411383390426636
98 7.415635585784912
99 7.421504974365234
101 7.427919864654541
102 7.432424306869507
104 7.437473773956299
104 7.442362070083618
107 7.447408199310303
108 7.4522624015808105
111 7.456933259963989
112 7.462189197540283
115 7.466879844665527
117 7.471984386444092
120 7.4785449504852295
122 7.483407735824585
126 7.488546133041382
129 7.493428468704224
132 7.498570680618286
135 7.503821134567261
139 7.510251522064209
143 7.514533042907715
146 7.520431756973267
150 7.526008367538452
156 7.535192012786865
160 7.541196584701538
164 7.545480728149414
167 7.551324367523193
171 7.555582761764526
174 7.561408281326294
178 7.5657806396484375
183 7.571513652801514
187 7.577484369277954
190 7.582361459732056
194 7.587427854537964
197 7.59233832359314
201 7.597894668579102
204 7.602445602416992
208 7.608401298522949
210 7.613232135772705
214 7.618401288986206
218 7.623279094696045
222 7.629514217376709
224 7.634057283401489
230 7.643366098403931
232 7.648986577987671
234 7.653545379638672
236 7.6592116355896
239 7.663746118545532
241 7.669270753860474
244 7.67384147644043
245 7.68027400970459
247 7.684859991073608
248 7.690260171890259
250 7.694807052612305
250 7.700223684310913
252 7.704994201660156
252 7.710510730743408
253 7.715052127838135
253 7.720891237258911
254 7.725191831588745
254 7.731583595275879
253 7.736075401306152
253 7.741594552993774
252 7.746049642562866
252 7.7515482902526855
251 7.7560200691223145
250 7.761545419692993
249 7.766026258468628
247 7.771544456481934
245 7.776259183883667
244 7.7825047969818115
242 7.787991285324097
240 7.79249906539917
238 7.797928333282471
236 7.802472829818726
233 7.80787992477417
231 7.813163995742798
228 7.818312883377075
226 7.823148012161255
222 7.828306198120117
219 7.833901643753052
216 7.83946681022644
213 7.843995094299316
210 7.849380731582642
207 7.853930473327637
203 7.8593621253967285
200 7.863909006118774
198 7.869274616241455
194 7.873839855194092
190 7.880251169204712
185 7.884902000427246
182 7.890346527099609
178 7.894909143447876
176 7.9005208015441895
171 7.905036449432373
168 7.910886287689209
164 7.915639400482178
162 7.921398639678955
156 7.925646066665649
150 7.932235479354858
147 7.942248106002808
144 7.947447299957275
141 7.952364444732666
138 7.958089828491211
135 7.96282958984375
132 7.96811318397522
130 7.9728522300720215
127 7.978136301040649
124 7.9837446212768555
122 7.989152908325195
120 7.9937238693237305
118 7.999114274978638
113 8.011595010757446
111 8.01647424697876
109 8.023695707321167
108 8.029170274734497
107 8.034430503845215
106 8.040278673171997
106 8.044815301895142
105 8.050232887268066
105 8.05455207824707
105 8.060253858566284
105 8.06480622291565
105 8.070216178894043
106 8.074520587921143
106 8.080492973327637
108 8.08570909500122
108 8.091419458389282
110 8.095790386199951
111 8.101496696472168
112 8.105775117874146
114 8.11152696609497
116 8.115793943405151
118 8.121516227722168
120 8.125790119171143
124 8.131466627120972
126 8.139066696166992
128 8.14365267753601
131 8.149037837982178
134 8.153619527816772
136 8.158981084823608
140 8.163578510284424
142 8.169078350067139
146 8.173621654510498
149 8.178969383239746
152 8.18352222442627
156 8.189685821533203
161 8.194274425506592
164 8.200005292892456
168 8.204405307769775
171 8.210439920425415
175 8.214942932128906
178 8.220396995544434
182 8.224935531616211
185 8.230377912521362
190 8.234890699386597
192 8.241381168365479
197 8.245631217956543
200 8.251386642456055
204 8.25569200515747
208 8.261556148529053
211 8.266041994094849
215 8.271562099456787
218 8.27602219581604
221 8.281531810760498
225 8.28742003440857
228 8.292356252670288
231 8.297946691513062
233 8.30244755744934
238 8.307505130767822
241 8.315300941467285
243 8.321495771408081
246 8.325764417648315
250 8.331461906433105
251 8.341378927230835
254 8.345624923706055
256 8.351436614990234
257 8.357975959777832
258 8.362483501434326
260 8.369089365005493
261 8.373703002929688
262 8.380895137786865
262 8.385172843933105
262 8.391650915145874
262 8.396101474761963
262 8.40195369720459
262 8.407979011535645
261 8.412517309188843
260 8.417975425720215
259 8.42313003540039
258 8.43055009841919
256 8.435791730880737
255 8.442805051803589
253 8.448044776916504
252 8.452564477920532
249 8.458041667938232
248 8.462554693222046
245 8.468016862869263
243 8.472540616989136
240 8.478005409240723
238 8.482528924942017
235 8.487983703613281
232 8.493630647659302
230 8.499178647994995
226 8.503714561462402
222 8.510256052017212
218 8.516309022903442
214 8.523502588272095
210 8.530269622802734
203 8.536344766616821
199 8.544401407241821
195 8.551788806915283
189 8.559293031692505
185 8.56530213356018
181 8.572253227233887
175 8.579421758651733
171 8.585441589355469
167 8.591212749481201
163 8.596839189529419
160 8.601994276046753
156 8.606788158416748
154 8.611963748931885
150 8.616956233978271
148 8.622242212295532
145 8.626936912536621
142 8.632912158966064
139 8.638139963150024
136 8.643707275390625
134 8.649168968200684
131 8.653731346130371
130 8.659186363220215
127 8.663727283477783
126 8.669143915176392
124 8.673705339431763
122 8.679243087768555
120 8.683824300765991
119 8.68962287902832
117 8.695194482803345
116 8.700901508331299
116 8.705218076705933
115 8.710900783538818
114 8.715179920196533
114 8.720881700515747
114 8.725186109542847
114 8.73088788986206
115 8.741032123565674
116 8.74679970741272
116 8.751943111419678
117 8.756898641586304
118 8.762011528015137
120 8.766947507858276
121 8.77223539352417
123 8.77693247795105
124 8.782164812088013
126 8.786818742752075
128 8.791935920715332
130 8.79854941368103
133 8.803414821624756
135 8.808565378189087
138 8.813450336456299
140 8.818986654281616
144 8.823572397232056
146 8.828994750976562
150 8.833589315414429
154 8.839442729949951
157 8.84395456314087
160 8.85043215751648
164 8.854933261871338
167 8.860549211502075
171 8.865115642547607
174 8.870554208755493
178 8.87506103515625
181 8.880477905273438
185 8.884980916976929
188 8.890472173690796
192 8.894979000091553
195 8.901381969451904
200 8.905638217926025
202 8.911417007446289
207 8.915663719177246
211 8.921540975570679
214 8.92601227760315
216 8.931490182876587
222 8.935744524002075
224 8.943029403686523
228 8.94928503036499
232 8.953850746154785
235 8.959242343902588
238 8.96382474899292
240 8.96918773651123
244 8.973767518997192
247 8.979332208633423
249 8.983879327774048
252 8.989394187927246
254 8.99390172958374
256 9.000267267227173
259 9.004876613616943
260 9.010255098342896
262 9.014568328857422
263 9.020261764526367
265 9.024825811386108
266 9.030210971832275
267 9.034557342529297
268 9.041122913360596
269 9.045444011688232
269 9.051933526992798
270 9.056520223617554
270 9.061874151229858
270 9.066472053527832
269 9.071796178817749
269 9.076531887054443
268 9.081861972808838
268 9.086451530456543
267 9.09179401397705
266 9.096776723861694
264 9.103191375732422
263 9.10831880569458
262 9.113125085830688
260 9.118300199508667
258 9.123117446899414
256 9.128284454345703
252 9.13312840461731
250 9.143041610717773
246 9.148341417312622
244 9.1539466381073
240 9.159627199172974
238 9.164182901382446
235 9.16968321800232
232 9.174248695373535
228 9.179641008377075
226 9.184211730957031
222 9.189618825912476
220 9.194206237792969
216 9.199676513671875
212 9.20533013343811
209 9.211168050765991
205 9.21549129486084
202 9.221331357955933
198 9.225603342056274
195 9.231350898742676
191 9.235618591308594
188 9.241387844085693
184 9.245657205581665
180 9.251385688781738
176 9.25700306892395
173 9.262255430221558
170 9.267006635665894
167 9.272258520126343
163 9.277431726455688
161 9.282337427139282
157 9.287434339523315
155 9.29234004020691
152 9.297385215759277
146 9.302297353744507
144 9.312332153320312
142 9.317380428314209
140 9.322310209274292
137 9.326968431472778
135 9.332218885421753
133 9.337435960769653
132 9.342371463775635
130 9.348216533660889
128 9.353045463562012
127 9.359241008758545
126 9.363832950592041
125 9.369247674942017
124 9.373822212219238
123 9.379998922348022
123 9.384451389312744
123 9.390254974365234
123 9.394545555114746
123 9.4004487991333
123 9.405595541000366
124 9.4113450050354
125 9.41560435295105
125 9.421315670013428
126 9.425569295883179
128 9.43129587173462
129 9.435537338256836
130 9.44122052192688
133 9.445511102676392
136 9.453697443008423
138 9.460479021072388
140 9.464981317520142
142 9.47084379196167
146 9.475188732147217
148 9.480841636657715
151 9.485172271728516
153 9.490865468978882
156 9.495148420333862
159 9.500832557678223
163 9.505162715911865
166 9.511569023132324
169 9.516246318817139
173 9.521634817123413
176 9.52612590789795
180 9.53157901763916
186 9.536078453063965
190 9.54509711265564
193 9.550878524780273
199 9.555634021759033
202 9.562341928482056
206 9.567894458770752
209 9.572405576705933
213 9.577988624572754
216 9.582488059997559
220 9.58792781829834
223 9.592440605163574
227 9.598005056381226
230 9.602485179901123
234 9.607903480529785
238 9.613548994064331
240 9.619040489196777
244 9.623607397079468
246 9.628987550735474
250 9.633552074432373
252 9.639151096343994
256 9.643712520599365
258 9.649101257324219
260 9.65412187576294
263 9.660859107971191
266 9.665167331695557
268 9.67090129852295
270 9.675175905227661
271 9.68084716796875
273 9.685156345367432
274 9.690886497497559
276 9.6951904296875
276 9.701054334640503
278 9.705337762832642
278 9.711941480636597
279 9.716546058654785
279 9.721982479095459
279 9.726951122283936
279 9.732227087020874
279 9.736899614334106
279 9.742011308670044
278 9.746570587158203
278 9.751922607421875
276 9.756904125213623
276 9.763283252716064
274 9.768436431884766
273 9.773258686065674
272 9.778418779373169
270 9.783239841461182
268 9.788432121276855
266 9.793256521224976
264 9.798415899276733
262 9.803237676620483
259 9.808387756347656
256 9.81404423713684
254 9.819608449935913
251 9.824158906936646
248 9.82953143119812
246 9.834067583084106
242 9.839422702789307
240 9.843968391418457
236 9.849371194839478
232 9.853920936584473
230 9.860170364379883
226 9.865540504455566
223 9.871210098266602
219 9.875523567199707
216 9.881404638290405
212 9.885777473449707
209 9.89145803451538
205 9.89573073387146
201 9.901544570922852
198 9.906007051467896
194 9.911536693572998
190 9.917931079864502
187 9.922476768493652
183 9.927905559539795
180 9.932459354400635
174 9.942317724227905
170 9.94791555404663
168 9.952427387237549
163 9.958539485931396
160 9.96517539024353
158 9.971017837524414
154 9.975313901901245
153 9.9810631275177
150 9.98534631729126
148 9.991206407546997
146 9.99549126625061
144 10.00133228302002
