0.00000 0.00000 
-0.00001 0.00100 
-0.00004 0.00200 
-0.00010 0.00300 
-0.00019 0.00400 
-0.00031 0.00500 
-0.00046 0.00600 
-0.00064 0.00700 
-0.00085 0.00800 
-0.00109 0.00900 
-0.00136 0.01000 
-0.00166 0.01100 
-0.00198 0.01200 
-0.00233 0.01300 
-0.00271 0.01400 
-0.00312 0.01500 
-0.00355 0.01600 
-0.00401 0.01700 
-0.00449 0.01800 
-0.00500 0.01900 
-0.00554 0.02000 
-0.00610 0.02100 
-0.00669 0.02200 
-0.00730 0.02300 
-0.00793 0.02400 
-0.00859 0.02500 
-0.00928 0.02600 
-0.00998 0.02700 
-0.01071 0.02800 
-0.01146 0.02900 
-0.01224 0.03000 
-0.01304 0.03100 
-0.01386 0.03200 
-0.01470 0.03300 
-0.01556 0.03400 
-0.01645 0.03500 
-0.01735 0.03600 
-0.01828 0.03700 
-0.01923 0.03800 
-0.02020 0.03900 
-0.02118 0.04000 
-0.02219 0.04100 
-0.02322 0.04200 
-0.02427 0.04300 
-0.02533 0.04400 
-0.02642 0.04500 
-0.02753 0.04600 
-0.02865 0.04700 
-0.02979 0.04800 
-0.03095 0.04900 
-0.03213 0.05000 
-0.03333 0.05100 
-0.03454 0.05200 
-0.03577 0.05300 
-0.03702 0.05400 
-0.03828 0.05500 
-0.03957 0.05600 
-0.04086 0.05700 
-0.04218 0.05800 
-0.04351 0.05900 
-0.04486 0.06000 
-0.04622 0.06100 
-0.04760 0.06200 
-0.04899 0.06300 
-0.05040 0.06400 
-0.05183 0.06500 
-0.05327 0.06600 
-0.05472 0.06700 
-0.05619 0.06800 
-0.05768 0.06900 
-0.05917 0.07000 
-0.06069 0.07100 
-0.06221 0.07200 
-0.06375 0.07300 
-0.06530 0.07400 
-0.06687 0.07500 
-0.06845 0.07600 
-0.07005 0.07700 
-0.07165 0.07800 
-0.07327 0.07900 
-0.07490 0.08000 
-0.07655 0.08100 
-0.07821 0.08200 
-0.07988 0.08300 
-0.08156 0.08400 
-0.08325 0.08500 
-0.08496 0.08600 
-0.08667 0.08700 
-0.08840 0.08800 
-0.09014 0.08900 
-0.09190 0.09000 
-0.09366 0.09100 
-0.09543 0.09200 
-0.09722 0.09300 
-0.09901 0.09400 
-0.10082 0.09500 
-0.10264 0.09600 
-0.10447 0.09700 
-0.10630 0.09800 
-0.10815 0.09900 
-0.11001 0.10000 
-0.11188 0.10100 
-0.11376 0.10200 
-0.11565 0.10300 
-0.11754 0.10400 
-0.11945 0.10500 
-0.12137 0.10600 
-0.12329 0.10700 
-0.12523 0.10800 
-0.12717 0.10900 
-0.12913 0.11000 
-0.13109 0.11100 
-0.13306 0.11200 
-0.13504 0.11300 
-0.13703 0.11400 
-0.13902 0.11500 
-0.14103 0.11600 
-0.14304 0.11700 
-0.14507 0.11800 
-0.14710 0.11900 
-0.14913 0.12000 
-0.15118 0.12100 
-0.15323 0.12200 
-0.15529 0.12300 
-0.15736 0.12400 
-0.15944 0.12500 
-0.16153 0.12600 
-0.16362 0.12700 
-0.16572 0.12800 
-0.16782 0.12900 
-0.16994 0.13000 
-0.17206 0.13100 
-0.17418 0.13200 
-0.17632 0.13300 
-0.17846 0.13400 
-0.18061 0.13500 
-0.18276 0.13600 
-0.18492 0.13700 
-0.18709 0.13800 
-0.18926 0.13900 
-0.19144 0.14000 
-0.19363 0.14100 
-0.19582 0.14200 
-0.19802 0.14300 
-0.20023 0.14400 
-0.20244 0.14500 
-0.20466 0.14600 
-0.20688 0.14700 
-0.20911 0.14800 
-0.21134 0.14900 
-0.21359 0.15000 
-0.21583 0.15100 
-0.21808 0.15200 
-0.22034 0.15300 
-0.22260 0.15400 
-0.22487 0.15500 
-0.22714 0.15600 
-0.22942 0.15700 
-0.23171 0.15800 
-0.23399 0.15900 
-0.23629 0.16000 
-0.23859 0.16100 
-0.24089 0.16200 
-0.24320 0.16300 
-0.24551 0.16400 
-0.24783 0.16500 
-0.25015 0.16600 
-0.25248 0.16700 
-0.25481 0.16800 
-0.25715 0.16900 
-0.25949 0.17000 
-0.26184 0.17100 
-0.26419 0.17200 
-0.26654 0.17300 
-0.26890 0.17400 
-0.27126 0.17500 
-0.27363 0.17600 
-0.27600 0.17700 
-0.27838 0.17800 
-0.28076 0.17900 
-0.28314 0.18000 
-0.28553 0.18100 
-0.28792 0.18200 
-0.29032 0.18300 
-0.29272 0.18400 
-0.29512 0.18500 
-0.29753 0.18600 
-0.29994 0.18700 
-0.30235 0.18800 
-0.30477 0.18900 
-0.30719 0.19000 
-0.30962 0.19100 
-0.31204 0.19200 
-0.31448 0.19300 
-0.31691 0.19400 
-0.31935 0.19500 
-0.32179 0.19600 
-0.32424 0.19700 
-0.32669 0.19800 
-0.32914 0.19900 
-0.33159 0.20000 
-0.33405 0.20100 
-0.33651 0.20200 
-0.33898 0.20300 
-0.34144 0.20400 
-0.34392 0.20500 
-0.34639 0.20600 
-0.34886 0.20700 
-0.35134 0.20800 
-0.35383 0.20900 
-0.35631 0.21000 
-0.35880 0.21100 
-0.36129 0.21200 
-0.36378 0.21300 
-0.36628 0.21400 
-0.36878 0.21500 
-0.37128 0.21600 
-0.37378 0.21700 
-0.37629 0.21800 
-0.37880 0.21900 
-0.38131 0.22000 
-0.38382 0.22100 
-0.38634 0.22200 
-0.38886 0.22300 
-0.39138 0.22400 
-0.39390 0.22500 
-0.39643 0.22600 
-0.39896 0.22700 
-0.40149 0.22800 
-0.40402 0.22900 
-0.40656 0.23000 
-0.40909 0.23100 
-0.41163 0.23200 
-0.41418 0.23300 
-0.41672 0.23400 
-0.41927 0.23500 
-0.42181 0.23600 
-0.42437 0.23700 
-0.42692 0.23800 
-0.42947 0.23900 
-0.43203 0.24000 
-0.43459 0.24100 
-0.43715 0.24200 
-0.43971 0.24300 
-0.44227 0.24400 
-0.44484 0.24500 
-0.44741 0.24600 
-0.44998 0.24700 
-0.45255 0.24800 
-0.45512 0.24900 
-0.45770 0.25000 
-0.46028 0.25100 
-0.46285 0.25200 
-0.46543 0.25300 
-0.46802 0.25400 
-0.47060 0.25500 
-0.47319 0.25600 
-0.47577 0.25700 
-0.47836 0.25800 
-0.48095 0.25900 
-0.48355 0.26000 
-0.48614 0.26100 
-0.48873 0.26200 
-0.49133 0.26300 
-0.49393 0.26400 
-0.49653 0.26500 
-0.49913 0.26600 
-0.50173 0.26700 
-0.50434 0.26800 
-0.50694 0.26900 
-0.50955 0.27000 
-0.51216 0.27100 
-0.51477 0.27200 
-0.51738 0.27300 
-0.51999 0.27400 
-0.52261 0.27500 
-0.52522 0.27600 
-0.52784 0.27700 
-0.53046 0.27800 
-0.53308 0.27900 
-0.53570 0.28000 
-0.53832 0.28100 
-0.54094 0.28200 
-0.54356 0.28300 
-0.54619 0.28400 
-0.54882 0.28500 
-0.55144 0.28600 
-0.55407 0.28700 
-0.55670 0.28800 
-0.55933 0.28900 
-0.56197 0.29000 
-0.56460 0.29100 
-0.56724 0.29200 
-0.56987 0.29300 
-0.57251 0.29400 
-0.57515 0.29500 
-0.57778 0.29600 
-0.58042 0.29700 
-0.58306 0.29800 
-0.58571 0.29900 
-0.58835 0.30000 
-0.59099 0.30100 
-0.59364 0.30200 
-0.59628 0.30300 
-0.59893 0.30400 
-0.60158 0.30500 
-0.60423 0.30600 
-0.60688 0.30700 
-0.60953 0.30800 
-0.61218 0.30900 
-0.61483 0.31000 
-0.61749 0.31100 
-0.62014 0.31200 
-0.62279 0.31300 
-0.62545 0.31400 
-0.62811 0.31500 
-0.63077 0.31600 
-0.63342 0.31700 
-0.63608 0.31800 
-0.63874 0.31900 
-0.64140 0.32000 
-0.64407 0.32100 
-0.64673 0.32200 
-0.64939 0.32300 
-0.65205 0.32400 
-0.65472 0.32500 
-0.65739 0.32600 
-0.66005 0.32700 
-0.66272 0.32800 
-0.66539 0.32900 
-0.66805 0.33000 
-0.67072 0.33100 
-0.67339 0.33200 
-0.67606 0.33300 
-0.67873 0.33400 
-0.68141 0.33500 
-0.68408 0.33600 
-0.68675 0.33700 
-0.68943 0.33800 
-0.69210 0.33900 
-0.69477 0.34000 
-0.69745 0.34100 
-0.70013 0.34200 
-0.70280 0.34300 
-0.70548 0.34400 
-0.70816 0.34500 
-0.71084 0.34600 
-0.71352 0.34700 
-0.71620 0.34800 
-0.71888 0.34900 
-0.72156 0.35000 
-0.72424 0.35100 
-0.72692 0.35200 
-0.72960 0.35300 
-0.73229 0.35400 
-0.73497 0.35500 
-0.73766 0.35600 
-0.74034 0.35700 
-0.74303 0.35800 
-0.74571 0.35900 
-0.74840 0.36000 
-0.75108 0.36100 
-0.75377 0.36200 
-0.75646 0.36300 
-0.75915 0.36400 
-0.76184 0.36500 
-0.76453 0.36600 
-0.76722 0.36700 
-0.76991 0.36800 
-0.77260 0.36900 
-0.77529 0.37000 
-0.77798 0.37100 
-0.78067 0.37200 
-0.78336 0.37300 
-0.78606 0.37400 
-0.78875 0.37500 
-0.79144 0.37600 
-0.79414 0.37700 
-0.79683 0.37800 
-0.79953 0.37900 
-0.80222 0.38000 
-0.80492 0.38100 
-0.80761 0.38200 
-0.81031 0.38300 
-0.81301 0.38400 
-0.81570 0.38500 
-0.81840 0.38600 
-0.82110 0.38700 
-0.82380 0.38800 
-0.82649 0.38900 
-0.82919 0.39000 
-0.83189 0.39100 
-0.83459 0.39200 
-0.83729 0.39300 
-0.83999 0.39400 
-0.84269 0.39500 
-0.84539 0.39600 
-0.84810 0.39700 
-0.85080 0.39800 
-0.85350 0.39900 
-0.85620 0.40000 
-0.85890 0.40100 
-0.86161 0.40200 
-0.86431 0.40300 
-0.86701 0.40400 
-0.86972 0.40500 
-0.87242 0.40600 
-0.87513 0.40700 
-0.87783 0.40800 
-0.88054 0.40900 
-0.88324 0.41000 
-0.88595 0.41100 
-0.88865 0.41200 
-0.89136 0.41300 
-0.89407 0.41400 
-0.89677 0.41500 
-0.89948 0.41600 
-0.90219 0.41700 
-0.90489 0.41800 
-0.90760 0.41900 
-0.91031 0.42000 
-0.91302 0.42100 
-0.91573 0.42200 
-0.91844 0.42300 
-0.92114 0.42400 
-0.92385 0.42500 
-0.92656 0.42600 
-0.92927 0.42700 
-0.93198 0.42800 
-0.93469 0.42900 
-0.93740 0.43000 
-0.94011 0.43100 
-0.94282 0.43200 
-0.94554 0.43300 
-0.94825 0.43400 
-0.95096 0.43500 
-0.95367 0.43600 
-0.95638 0.43700 
-0.95909 0.43800 
-0.96181 0.43900 
-0.96452 0.44000 
-0.96723 0.44100 
-0.96994 0.44200 
-0.97266 0.44300 
-0.97537 0.44400 
-0.97808 0.44500 
-0.98080 0.44600 
-0.98351 0.44700 
-0.98623 0.44800 
-0.98894 0.44900 
-0.99165 0.45000 
-0.99437 0.45100 
-0.99708 0.45200 
-0.99980 0.45300 
-1.00251 0.45400 
-1.00523 0.45500 
-1.00794 0.45600 
-1.01066 0.45700 
-1.01337 0.45800 
-1.01609 0.45900 
-1.01881 0.46000 
-1.02152 0.46100 
-1.02424 0.46200 
-1.02696 0.46300 
-1.02967 0.46400 
-1.03239 0.46500 
-1.03511 0.46600 
-1.03782 0.46700 
-1.04054 0.46800 
-1.04326 0.46900 
-1.04597 0.47000 
-1.04869 0.47100 
-1.05141 0.47200 
-1.05413 0.47300 
-1.05685 0.47400 
-1.05956 0.47500 
-1.06228 0.47600 
-1.06500 0.47700 
-1.06772 0.47800 
-1.07044 0.47900 
-1.07316 0.48000 
-1.07588 0.48100 
-1.07860 0.48200 
-1.08131 0.48300 
-1.08403 0.48400 
-1.08675 0.48500 
-1.08947 0.48600 
-1.09219 0.48700 
-1.09491 0.48800 
-1.09763 0.48900 
-1.10035 0.49000 
-1.10307 0.49100 
-1.10579 0.49200 
-1.10851 0.49300 
-1.11123 0.49400 
-1.11395 0.49500 
-1.11667 0.49600 
-1.11939 0.49700 
-1.12212 0.49800 
-1.12484 0.49900 
-1.12756 0.50000 
-1.13028 0.50100 
-1.13300 0.50200 
-1.13572 0.50300 
-1.13844 0.50400 
-1.14116 0.50500 
-1.14389 0.50600 
-1.14661 0.50700 
-1.14933 0.50800 
-1.15205 0.50900 
-1.15477 0.51000 
-1.15750 0.51100 
-1.16022 0.51200 
-1.16294 0.51300 
-1.16566 0.51400 
-1.16838 0.51500 
-1.17111 0.51600 
-1.17383 0.51700 
-1.17655 0.51800 
-1.17928 0.51900 
-1.18200 0.52000 
-1.18472 0.52100 
-1.18744 0.52200 
-1.19017 0.52300 
-1.19289 0.52400 
-1.19561 0.52500 
-1.19834 0.52600 
-1.20106 0.52700 
-1.20378 0.52800 
-1.20651 0.52900 
-1.20923 0.53000 
-1.21195 0.53100 
-1.21468 0.53200 
-1.21740 0.53300 
-1.22013 0.53400 
-1.22285 0.53500 
-1.22557 0.53600 
-1.22830 0.53700 
-1.23102 0.53800 
-1.23375 0.53900 
-1.23647 0.54000 
-1.23919 0.54100 
-1.24192 0.54200 
-1.24464 0.54300 
-1.24737 0.54400 
-1.25009 0.54500 
-1.25282 0.54600 
-1.25554 0.54700 
-1.25827 0.54800 
-1.26099 0.54900 
-1.26372 0.55000 
-1.26644 0.55100 
-1.26917 0.55200 
-1.27189 0.55300 
-1.27462 0.55400 
-1.27734 0.55500 
-1.28007 0.55600 
-1.28279 0.55700 
-1.28552 0.55800 
-1.28824 0.55900 
-1.29097 0.56000 
-1.29369 0.56100 
-1.29642 0.56200 
-1.29914 0.56300 
-1.30187 0.56400 
-1.30459 0.56500 
-1.30732 0.56600 
-1.31005 0.56700 
-1.31277 0.56800 
-1.31550 0.56900 
-1.31822 0.57000 
-1.32095 0.57100 
-1.32368 0.57200 
-1.32640 0.57300 
-1.32913 0.57400 
-1.33185 0.57500 
-1.33458 0.57600 
-1.33731 0.57700 
-1.34003 0.57800 
-1.34276 0.57900 
-1.34548 0.58000 
-1.34821 0.58100 
-1.35094 0.58200 
-1.35366 0.58300 
-1.35639 0.58400 
-1.35912 0.58500 
-1.36184 0.58600 
-1.36457 0.58700 
-1.36730 0.58800 
-1.37002 0.58900 
-1.37275 0.59000 
-1.37548 0.59100 
-1.37820 0.59200 
-1.38093 0.59300 
-1.38366 0.59400 
-1.38638 0.59500 
-1.38911 0.59600 
-1.39184 0.59700 
-1.39456 0.59800 
-1.39729 0.59900 
-1.40002 0.60000 
-1.40274 0.60100 
-1.40547 0.60200 
-1.40820 0.60300 
-1.41093 0.60400 
-1.41365 0.60500 
-1.41638 0.60600 
-1.41911 0.60700 
-1.42183 0.60800 
-1.42456 0.60900 
-1.42729 0.61000 
-1.43002 0.61100 
-1.43274 0.61200 
-1.43547 0.61300 
-1.43820 0.61400 
-1.44093 0.61500 
-1.44365 0.61600 
-1.44638 0.61700 
-1.44911 0.61800 
-1.45184 0.61900 
-1.45456 0.62000 
-1.45729 0.62100 
-1.46002 0.62200 
-1.46275 0.62300 
-1.46547 0.62400 
-1.46820 0.62500 
-1.47093 0.62600 
-1.47366 0.62700 
-1.47638 0.62800 
-1.47911 0.62900 
-1.48184 0.63000 
-1.48457 0.63100 
-1.48730 0.63200 
-1.49002 0.63300 
-1.49275 0.63400 
-1.49548 0.63500 
-1.49821 0.63600 
-1.50093 0.63700 
-1.50366 0.63800 
-1.50639 0.63900 
-1.50912 0.64000 
-1.51185 0.64100 
-1.51457 0.64200 
-1.51730 0.64300 
-1.52003 0.64400 
-1.52276 0.64500 
-1.52549 0.64600 
-1.52821 0.64700 
-1.53094 0.64800 
-1.53367 0.64900 
-1.53640 0.65000 
-1.53913 0.65100 
-1.54186 0.65200 
-1.54458 0.65300 
-1.54731 0.65400 
-1.55004 0.65500 
-1.55277 0.65600 
-1.55550 0.65700 
-1.55823 0.65800 
-1.56095 0.65900 
-1.56368 0.66000 
-1.56641 0.66100 
-1.56914 0.66200 
-1.57187 0.66300 
-1.57460 0.66400 
-1.57732 0.66500 
-1.58005 0.66600 
-1.58278 0.66700 
-1.58551 0.66800 
-1.58824 0.66900 
-1.59097 0.67000 
-1.59369 0.67100 
-1.59642 0.67200 
-1.59915 0.67300 
-1.60188 0.67400 
-1.60461 0.67500 
-1.60734 0.67600 
-1.61007 0.67700 
-1.61279 0.67800 
-1.61552 0.67900 
-1.61825 0.68000 
-1.62098 0.68100 
-1.62371 0.68200 
-1.62644 0.68300 
-1.62917 0.68400 
-1.63189 0.68500 
-1.63462 0.68600 
-1.63735 0.68700 
-1.64008 0.68800 
-1.64281 0.68900 
-1.64554 0.69000 
-1.64827 0.69100 
-1.65100 0.69200 
-1.65372 0.69300 
-1.65645 0.69400 
-1.65918 0.69500 
-1.66191 0.69600 
-1.66464 0.69700 
-1.66737 0.69800 
-1.67010 0.69900 
-1.67283 0.70000 
-1.67556 0.70100 
-1.67828 0.70200 
-1.68101 0.70300 
-1.68374 0.70400 
-1.68647 0.70500 
-1.68920 0.70600 
-1.69193 0.70700 
-1.69466 0.70800 
-1.69739 0.70900 
-1.70012 0.71000 
-1.70284 0.71100 
-1.70557 0.71200 
-1.70830 0.71300 
-1.71103 0.71400 
-1.71376 0.71500 
-1.71649 0.71600 
-1.71922 0.71700 
-1.72195 0.71800 
-1.72468 0.71900 
-1.72741 0.72000 
-1.73013 0.72100 
-1.73286 0.72200 
-1.73559 0.72300 
-1.73832 0.72400 
-1.74105 0.72500 
-1.74378 0.72600 
-1.74651 0.72700 
-1.74924 0.72800 
-1.75197 0.72900 
-1.75470 0.73000 
-1.75743 0.73100 
-1.76015 0.73200 
-1.76288 0.73300 
-1.76561 0.73400 
-1.76834 0.73500 
-1.77107 0.73600 
-1.77380 0.73700 
-1.77653 0.73800 
-1.77926 0.73900 
-1.78199 0.74000 
-1.78472 0.74100 
-1.78745 0.74200 
-1.79018 0.74300 
-1.79290 0.74400 
-1.79563 0.74500 
-1.79836 0.74600 
-1.80109 0.74700 
-1.80382 0.74800 
-1.80655 0.74900 
-1.80928 0.75000 
-1.81201 0.75100 
-1.81474 0.75200 
-1.81747 0.75300 
-1.82020 0.75400 
-1.82293 0.75500 
-1.82566 0.75600 
-1.82838 0.75700 
-1.83111 0.75800 
-1.83384 0.75900 
-1.83657 0.76000 
-1.83930 0.76100 
-1.84203 0.76200 
-1.84476 0.76300 
-1.84749 0.76400 
-1.85022 0.76500 
-1.85295 0.76600 
-1.85568 0.76700 
-1.85841 0.76800 
-1.86114 0.76900 
-1.86387 0.77000 
-1.86659 0.77100 
-1.86932 0.77200 
-1.87205 0.77300 
-1.87478 0.77400 
-1.87751 0.77500 
-1.88024 0.77600 
-1.88297 0.77700 
-1.88570 0.77800 
-1.88843 0.77900 
-1.89116 0.78000 
-1.89389 0.78100 
-1.89662 0.78200 
-1.89935 0.78300 
-1.90208 0.78400 
-1.90481 0.78500 
-1.90754 0.78600 
-1.91026 0.78700 
-1.91299 0.78800 
-1.91572 0.78900 
-1.91845 0.79000 
-1.92118 0.79100 
-1.92391 0.79200 
-1.92664 0.79300 
-1.92937 0.79400 
-1.93210 0.79500 
-1.93483 0.79600 
-1.93756 0.79700 
-1.94029 0.79800 
-1.94302 0.79900 
-1.94575 0.80000 
-1.94848 0.80100 
-1.95121 0.80200 
-1.95394 0.80300 
-1.95666 0.80400 
-1.95939 0.80500 
-1.96212 0.80600 
-1.96485 0.80700 
-1.96758 0.80800 
-1.97031 0.80900 
-1.97304 0.81000 
-1.97577 0.81100 
-1.97850 0.81200 
-1.98123 0.81300 
-1.98396 0.81400 
-1.98669 0.81500 
-1.98942 0.81600 
-1.99215 0.81700 
-1.99488 0.81800 
-1.99761 0.81900 
-2.00034 0.82000 
-2.00307 0.82100 
-2.00580 0.82200 
-2.00852 0.82300 
-2.01125 0.82400 
-2.01398 0.82500 
-2.01671 0.82600 
-2.01944 0.82700 
-2.02217 0.82800 
-2.02490 0.82900 
-2.02763 0.83000 
-2.03036 0.83100 
-2.03309 0.83200 
-2.03582 0.83300 
-2.03855 0.83400 
-2.04128 0.83500 
-2.04401 0.83600 
-2.04674 0.83700 
-2.04947 0.83800 
-2.05220 0.83900 
-2.05493 0.84000 
-2.05766 0.84100 
-2.06039 0.84200 
-2.06312 0.84300 
-2.06585 0.84400 
-2.06857 0.84500 
-2.07130 0.84600 
-2.07403 0.84700 
-2.07676 0.84800 
-2.07949 0.84900 
-2.08222 0.85000 
-2.08495 0.85100 
-2.08768 0.85200 
-2.09041 0.85300 
-2.09314 0.85400 
-2.09587 0.85500 
-2.09860 0.85600 
-2.10133 0.85700 
-2.10406 0.85800 
-2.10679 0.85900 
-2.10952 0.86000 
-2.11225 0.86100 
-2.11498 0.86200 
-2.11771 0.86300 
-2.12044 0.86400 
-2.12317 0.86500 
-2.12590 0.86600 
-2.12863 0.86700 
-2.13135 0.86800 
-2.13408 0.86900 
-2.13681 0.87000 
-2.13954 0.87100 
-2.14227 0.87200 
-2.14500 0.87300 
-2.14773 0.87400 
-2.15046 0.87500 
-2.15319 0.87600 
-2.15592 0.87700 
-2.15865 0.87800 
-2.16138 0.87900 
-2.16411 0.88000 
-2.16684 0.88100 
-2.16957 0.88200 
-2.17230 0.88300 
-2.17503 0.88400 
-2.17776 0.88500 
-2.18049 0.88600 
-2.18322 0.88700 
-2.18595 0.88800 
-2.18868 0.88900 
-2.19141 0.89000 
-2.19414 0.89100 
-2.19687 0.89200 
-2.19960 0.89300 
-2.20232 0.89400 
-2.20505 0.89500 
-2.20778 0.89600 
-2.21051 0.89700 
-2.21324 0.89800 
-2.21597 0.89900 
-2.21870 0.90000 
-2.22143 0.90100 
-2.22416 0.90200 
-2.22689 0.90300 
-2.22962 0.90400 
-2.23235 0.90500 
-2.23508 0.90600 
-2.23781 0.90700 
-2.24054 0.90800 
-2.24327 0.90900 
-2.24600 0.91000 
-2.24873 0.91100 
-2.25146 0.91200 
-2.25419 0.91300 
-2.25692 0.91400 
-2.25965 0.91500 
-2.26238 0.91600 
-2.26511 0.91700 
-2.26784 0.91800 
-2.27057 0.91900 
-2.27330 0.92000 
-2.27603 0.92100 
-2.27875 0.92200 
-2.28148 0.92300 
-2.28421 0.92400 
-2.28694 0.92500 
-2.28967 0.92600 
-2.29240 0.92700 
-2.29513 0.92800 
-2.29786 0.92900 
-2.30059 0.93000 
-2.30332 0.93100 
-2.30605 0.93200 
-2.30878 0.93300 
-2.31151 0.93400 
-2.31424 0.93500 
-2.31697 0.93600 
-2.31970 0.93700 
-2.32243 0.93800 
-2.32516 0.93900 
-2.32789 0.94000 
-2.33062 0.94100 
-2.33335 0.94200 
-2.33608 0.94300 
-2.33881 0.94400 
-2.34154 0.94500 
-2.34427 0.94600 
-2.34700 0.94700 
-2.34973 0.94800 
-2.35246 0.94900 
-2.35519 0.95000 
-2.35791 0.95100 
-2.36064 0.95200 
-2.36337 0.95300 
-2.36610 0.95400 
-2.36883 0.95500 
-2.37156 0.95600 
-2.37429 0.95700 
-2.37702 0.95800 
-2.37975 0.95900 
-2.38248 0.96000 
-2.38521 0.96100 
-2.38794 0.96200 
-2.39067 0.96300 
-2.39340 0.96400 
-2.39613 0.96500 
-2.39886 0.96600 
-2.40159 0.96700 
-2.40432 0.96800 
-2.40705 0.96900 
-2.40978 0.97000 
-2.41251 0.97100 
-2.41524 0.97200 
-2.41797 0.97300 
-2.42070 0.97400 
-2.42343 0.97500 
-2.42616 0.97600 
-2.42889 0.97700 
-2.43162 0.97800 
-2.43435 0.97900 
-2.43708 0.98000 
-2.43981 0.98100 
-2.44254 0.98200 
-2.44526 0.98300 
-2.44799 0.98400 
-2.45072 0.98500 
-2.45345 0.98600 
-2.45618 0.98700 
-2.45891 0.98800 
-2.46164 0.98900 
-2.46437 0.99000 
-2.46710 0.99100 
-2.46983 0.99200 
-2.47256 0.99300 
-2.47529 0.99400 
-2.47802 0.99500 
-2.48075 0.99600 
-2.48348 0.99700 
-2.48621 0.99800 
-2.48894 0.99900 
-2.49167 1.00000 
-2.49440 1.00100 
-2.49713 1.00200 
-2.49986 1.00300 
-2.50259 1.00400 
-2.50532 1.00500 
-2.50805 1.00600 
-2.51078 1.00700 
-2.51351 1.00800 
-2.51624 1.00900 
-2.51897 1.01000 
-2.52170 1.01100 
-2.52443 1.01200 
-2.52716 1.01300 
-2.52989 1.01400 
-2.53261 1.01500 
-2.53534 1.01600 
-2.53807 1.01700 
-2.54080 1.01800 
-2.54353 1.01900 
-2.54626 1.02000 
-2.54899 1.02100 
-2.55172 1.02200 
-2.55445 1.02300 
-2.55718 1.02400 
-2.55991 1.02500 
-2.56264 1.02600 
-2.56537 1.02700 
-2.56810 1.02800 
-2.57083 1.02900 
-2.57356 1.03000 
-2.57629 1.03100 
-2.57902 1.03200 
-2.58175 1.03300 
-2.58448 1.03400 
-2.58721 1.03500 
-2.58994 1.03600 
-2.59267 1.03700 
-2.59540 1.03800 
-2.59813 1.03900 
-2.60086 1.04000 
-2.60359 1.04100 
-2.60632 1.04200 
-2.60905 1.04300 
-2.61178 1.04400 
-2.61451 1.04500 
-2.61724 1.04600 
-2.61997 1.04700 
-2.62270 1.04800 
-2.62542 1.04900 
-2.62815 1.05000 
-2.63088 1.05100 
-2.63361 1.05200 
-2.63634 1.05300 
-2.63907 1.05400 
-2.64180 1.05500 
-2.64453 1.05600 
-2.64726 1.05700 
-2.64999 1.05800 
-2.65272 1.05900 
-2.65545 1.06000 
-2.65818 1.06100 
-2.66091 1.06200 
-2.66364 1.06300 
-2.66637 1.06400 
-2.66910 1.06500 
-2.67183 1.06600 
-2.67456 1.06700 
-2.67729 1.06800 
-2.68002 1.06900 
-2.68275 1.07000 
-2.68548 1.07100 
-2.68821 1.07200 
-2.69094 1.07300 
-2.69367 1.07400 
-2.69640 1.07500 
-2.69913 1.07600 
-2.70186 1.07700 
-2.70459 1.07800 
-2.70732 1.07900 
-2.71005 1.08000 
-2.71278 1.08100 
-2.71551 1.08200 
-2.71823 1.08300 
-2.72096 1.08400 
-2.72369 1.08500 
-2.72642 1.08600 
-2.72915 1.08700 
-2.73188 1.08800 
-2.73461 1.08900 
-2.73734 1.09000 
-2.74007 1.09100 
-2.74280 1.09200 
-2.74553 1.09300 
-2.74826 1.09400 
-2.75099 1.09500 
-2.75372 1.09600 
-2.75645 1.09700 
-2.75918 1.09800 
-2.76191 1.09900 
-2.76464 1.10000 
-2.76737 1.10100 
-2.77010 1.10200 
-2.77283 1.10300 
-2.77556 1.10400 
-2.77829 1.10500 
-2.78102 1.10600 
-2.78375 1.10700 
-2.78648 1.10800 
-2.78921 1.10900 
-2.79194 1.11000 
-2.79467 1.11100 
-2.79740 1.11200 
-2.80013 1.11300 
-2.80286 1.11400 
-2.80559 1.11500 
-2.80832 1.11600 
-2.81104 1.11700 
-2.81377 1.11800 
-2.81650 1.11900 
-2.81923 1.12000 
-2.82196 1.12100 
-2.82469 1.12200 
-2.82742 1.12300 
-2.83015 1.12400 
-2.83288 1.12500 
-2.83561 1.12600 
-2.83834 1.12700 
-2.84107 1.12800 
-2.84380 1.12900 
-2.84653 1.13000 
-2.84926 1.13100 
-2.85199 1.13200 
-2.85472 1.13300 
-2.85745 1.13400 
-2.86018 1.13500 
-2.86291 1.13600 
-2.86564 1.13700 
-2.86837 1.13800 
-2.87110 1.13900 
-2.87383 1.14000 
-2.87656 1.14100 
-2.87929 1.14200 
-2.88202 1.14300 
-2.88475 1.14400 
-2.88748 1.14500 
-2.89021 1.14600 
-2.89294 1.14700 
-2.89567 1.14800 
-2.89840 1.14900 
-2.90113 1.15000 
-2.90386 1.15100 
-2.90658 1.15200 
-2.90931 1.15300 
-2.91204 1.15400 
-2.91477 1.15500 
-2.91750 1.15600 
-2.92023 1.15700 
-2.92296 1.15800 
-2.92569 1.15900 
-2.92842 1.16000 
-2.93115 1.16100 
-2.93388 1.16200 
-2.93661 1.16300 
-2.93934 1.16400 
-2.94207 1.16500 
-2.94480 1.16600 
-2.94753 1.16700 
-2.95026 1.16800 
-2.95299 1.16900 
-2.95572 1.17000 
-2.95845 1.17100 
-2.96118 1.17200 
-2.96391 1.17300 
-2.96664 1.17400 
-2.96937 1.17500 
-2.97210 1.17600 
-2.97483 1.17700 
-2.97756 1.17800 
-2.98029 1.17900 
-2.98302 1.18000 
-2.98575 1.18100 
-2.98848 1.18200 
-2.99121 1.18300 
-2.99394 1.18400 
-2.99667 1.18500 
-2.99940 1.18600 
-3.00213 1.18700 
-3.00485 1.18800 
-3.00758 1.18900 
-3.01031 1.19000 
-3.01304 1.19100 
-3.01577 1.19200 
-3.01850 1.19300 
-3.02123 1.19400 
-3.02396 1.19500 
-3.02669 1.19600 
-3.02942 1.19700 
-3.03215 1.19800 
-3.03488 1.19900 
-3.03761 1.20000 
-3.04034 1.20100 
-3.04307 1.20200 
-3.04580 1.20300 
-3.04853 1.20400 
-3.05126 1.20500 
-3.05399 1.20600 
-3.05672 1.20700 
-3.05945 1.20800 
-3.06218 1.20900 
-3.06491 1.21000 
-3.06764 1.21100 
-3.07037 1.21200 
-3.07310 1.21300 
-3.07583 1.21400 
-3.07856 1.21500 
-3.08129 1.21600 
-3.08402 1.21700 
-3.08675 1.21800 
-3.08948 1.21900 
-3.09221 1.22000 
-3.09494 1.22100 
-3.09767 1.22200 
-3.10039 1.22300 
-3.10312 1.22400 
-3.10585 1.22500 
-3.10858 1.22600 
-3.11131 1.22700 
-3.11404 1.22800 
-3.11677 1.22900 
-3.11950 1.23000 
-3.12223 1.23100 
-3.12496 1.23200 
-3.12769 1.23300 
-3.13042 1.23400 
-3.13315 1.23500 
-3.13588 1.23600 
-3.13861 1.23700 
-3.14134 1.23800 
-3.14407 1.23900 
-3.14680 1.24000 
-3.14953 1.24100 
-3.15226 1.24200 
-3.15499 1.24300 
-3.15772 1.24400 
-3.16045 1.24500 
-3.16318 1.24600 
-3.16591 1.24700 
-3.16864 1.24800 
-3.17137 1.24900 
-3.17410 1.25000 
-3.17683 1.25100 
-3.17956 1.25200 
-3.18229 1.25300 
-3.18502 1.25400 
-3.18775 1.25500 
-3.19048 1.25600 
-3.19321 1.25700 
-3.19594 1.25800 
-3.19866 1.25900 
-3.20139 1.26000 
-3.20412 1.26100 
-3.20685 1.26200 
-3.20958 1.26300 
-3.21231 1.26400 
-3.21504 1.26500 
-3.21777 1.26600 
-3.22050 1.26700 
-3.22323 1.26800 
-3.22596 1.26900 
-3.22869 1.27000 
-3.23142 1.27100 
-3.23415 1.27200 
-3.23688 1.27300 
-3.23961 1.27400 
-3.24234 1.27500 
-3.24507 1.27600 
-3.24780 1.27700 
-3.25053 1.27800 
-3.25326 1.27900 
-3.25599 1.28000 
-3.25872 1.28100 
-3.26145 1.28200 
-3.26418 1.28300 
-3.26691 1.28400 
-3.26964 1.28500 
-3.27237 1.28600 
-3.27510 1.28700 
-3.27783 1.28800 
-3.28056 1.28900 
-3.28329 1.29000 
-3.28602 1.29100 
-3.28875 1.29200 
-3.29148 1.29300 
-3.29420 1.29400 
-3.29693 1.29500 
-3.29966 1.29600 
-3.30239 1.29700 
-3.30512 1.29800 
-3.30785 1.29900 
-3.31058 1.30000 
-3.31331 1.30100 
-3.31604 1.30200 
-3.31877 1.30300 
-3.32150 1.30400 
-3.32423 1.30500 
-3.32696 1.30600 
-3.32969 1.30700 
-3.33242 1.30800 
-3.33515 1.30900 
-3.33788 1.31000 
-3.34061 1.31100 
-3.34334 1.31200 
-3.34607 1.31300 
-3.34880 1.31400 
-3.35153 1.31500 
-3.35426 1.31600 
-3.35699 1.31700 
-3.35972 1.31800 
-3.36245 1.31900 
-3.36518 1.32000 
-3.36791 1.32100 
-3.37064 1.32200 
-3.37337 1.32300 
-3.37610 1.32400 
-3.37883 1.32500 
-3.38156 1.32600 
-3.38429 1.32700 
-3.38702 1.32800 
-3.38975 1.32900 
-3.39247 1.33000 
-3.39520 1.33100 
-3.39793 1.33200 
-3.40066 1.33300 
-3.40339 1.33400 
-3.40612 1.33500 
-3.40885 1.33600 
-3.41158 1.33700 
-3.41431 1.33800 
-3.41704 1.33900 
-3.41977 1.34000 
-3.42250 1.34100 
-3.42523 1.34200 
-3.42796 1.34300 
-3.43069 1.34400 
-3.43342 1.34500 
-3.43615 1.34600 
-3.43888 1.34700 
-3.44161 1.34800 
-3.44434 1.34900 
-3.44707 1.35000 
-3.44980 1.35100 
-3.45253 1.35200 
-3.45526 1.35300 
-3.45799 1.35400 
-3.46072 1.35500 
-3.46345 1.35600 
-3.46618 1.35700 
-3.46891 1.35800 
-3.47164 1.35900 
-3.47437 1.36000 
-3.47710 1.36100 
-3.47983 1.36200 
-3.48256 1.36300 
-3.48529 1.36400 
-3.48802 1.36500 
-3.49074 1.36600 
-3.49347 1.36700 
-3.49620 1.36800 
-3.49893 1.36900 
-3.50166 1.37000 
-3.50439 1.37100 
-3.50712 1.37200 
-3.50985 1.37300 
-3.51258 1.37400 
-3.51531 1.37500 
-3.51804 1.37600 
-3.52077 1.37700 
-3.52350 1.37800 
-3.52623 1.37900 
-3.52896 1.38000 
-3.53169 1.38100 
-3.53442 1.38200 
-3.53715 1.38300 
-3.53988 1.38400 
-3.54261 1.38500 
-3.54534 1.38600 
-3.54807 1.38700 
-3.55080 1.38800 
-3.55353 1.38900 
-3.55626 1.39000 
-3.55899 1.39100 
-3.56172 1.39200 
-3.56445 1.39300 
-3.56718 1.39400 
-3.56991 1.39500 
-3.57264 1.39600 
-3.57537 1.39700 
-3.57810 1.39800 
-3.58083 1.39900 
-3.58356 1.40000 
-3.58628 1.40100 
-3.58901 1.40200 
-3.59174 1.40300 
-3.59447 1.40400 
-3.59720 1.40500 
-3.59993 1.40600 
-3.60266 1.40700 
-3.60539 1.40800 
-3.60812 1.40900 
-3.61085 1.41000 
-3.61358 1.41100 
-3.61631 1.41200 
-3.61904 1.41300 
-3.62177 1.41400 
-3.62450 1.41500 
-3.62723 1.41600 
-3.62996 1.41700 
-3.63269 1.41800 
-3.63542 1.41900 
-3.63815 1.42000 
-3.64088 1.42100 
-3.64361 1.42200 
-3.64634 1.42300 
-3.64907 1.42400 
-3.65180 1.42500 
-3.65453 1.42600 
-3.65726 1.42700 
-3.65999 1.42800 
-3.66272 1.42900 
-3.66545 1.43000 
-3.66818 1.43100 
-3.67091 1.43200 
-3.67364 1.43300 
-3.67637 1.43400 
-3.67910 1.43500 
-3.68183 1.43600 
-3.68455 1.43700 
-3.68728 1.43800 
-3.69001 1.43900 
-3.69274 1.44000 
-3.69547 1.44100 
-3.69820 1.44200 
-3.70093 1.44300 
-3.70366 1.44400 
-3.70639 1.44500 
-3.70912 1.44600 
-3.71185 1.44700 
-3.71458 1.44800 
-3.71731 1.44900 
-3.72004 1.45000 
-3.72277 1.45100 
-3.72550 1.45200 
-3.72823 1.45300 
-3.73096 1.45400 
-3.73369 1.45500 
-3.73642 1.45600 
-3.73915 1.45700 
-3.74188 1.45800 
-3.74461 1.45900 
-3.74734 1.46000 
-3.75007 1.46100 
-3.75280 1.46200 
-3.75553 1.46300 
-3.75826 1.46400 
-3.76099 1.46500 
-3.76372 1.46600 
-3.76645 1.46700 
-3.76918 1.46800 
-3.77191 1.46900 
-3.77464 1.47000 
-3.77737 1.47100 
-3.78010 1.47200 
-3.78282 1.47300 
-3.78555 1.47400 
-3.78828 1.47500 
-3.79101 1.47600 
-3.79374 1.47700 
-3.79647 1.47800 
-3.79920 1.47900 
-3.80193 1.48000 
-3.80466 1.48100 
-3.80739 1.48200 
-3.81012 1.48300 
-3.81285 1.48400 
-3.81558 1.48500 
-3.81831 1.48600 
-3.82104 1.48700 
-3.82377 1.48800 
-3.82650 1.48900 
-3.82923 1.49000 
-3.83196 1.49100 
-3.83469 1.49200 
-3.83742 1.49300 
-3.84015 1.49400 
-3.84288 1.49500 
-3.84561 1.49600 
-3.84834 1.49700 
-3.85107 1.49800 
-3.85380 1.49900 
-3.85653 1.50000 
-3.85926 1.50100 
-3.86199 1.50200 
-3.86472 1.50300 
-3.86745 1.50400 
-3.87018 1.50500 
-3.87291 1.50600 
-3.87564 1.50700 
-3.87837 1.50800 
-3.88109 1.50900 
-3.88382 1.51000 
-3.88655 1.51100 
-3.88928 1.51200 
-3.89201 1.51300 
-3.89474 1.51400 
-3.89747 1.51500 
-3.90020 1.51600 
-3.90293 1.51700 
-3.90566 1.51800 
-3.90839 1.51900 
-3.91112 1.52000 
-3.91385 1.52100 
-3.91658 1.52200 
-3.91931 1.52300 
-3.92204 1.52400 
-3.92477 1.52500 
-3.92750 1.52600 
-3.93023 1.52700 
-3.93296 1.52800 
-3.93569 1.52900 
-3.93842 1.53000 
-3.94115 1.53100 
-3.94388 1.53200 
-3.94661 1.53300 
-3.94934 1.53400 
-3.95207 1.53500 
-3.95480 1.53600 
-3.95753 1.53700 
-3.96026 1.53800 
-3.96299 1.53900 
-3.96572 1.54000 
-3.96845 1.54100 
-3.97118 1.54200 
-3.97391 1.54300 
-3.97663 1.54400 
-3.97936 1.54500 
-3.98209 1.54600 
-3.98482 1.54700 
-3.98755 1.54800 
-3.99028 1.54900 
-3.99301 1.55000 
-3.99574 1.55100 
-3.99847 1.55200 
-4.00120 1.55300 
-4.00393 1.55400 
-4.00666 1.55500 
-4.00939 1.55600 
-4.01212 1.55700 
-4.01485 1.55800 
-4.01758 1.55900 
-4.02031 1.56000 
-4.02304 1.56100 
-4.02577 1.56200 
-4.02850 1.56300 
-4.03123 1.56400 
-4.03396 1.56500 
-4.03669 1.56600 
-4.03942 1.56700 
-4.04215 1.56800 
-4.04488 1.56900 
-4.04761 1.57000 
-4.05034 1.57100 
-4.05307 1.57200 
-4.05580 1.57300 
-4.05853 1.57400 
-4.06126 1.57500 
-4.06399 1.57600 
-4.06672 1.57700 
-4.06945 1.57800 
-4.07218 1.57900 
-4.07490 1.58000 
-4.07763 1.58100 
-4.08036 1.58200 
-4.08309 1.58300 
-4.08582 1.58400 
-4.08855 1.58500 
-4.09128 1.58600 
-4.09401 1.58700 
-4.09674 1.58800 
-4.09947 1.58900 
-4.10220 1.59000 
-4.10493 1.59100 
-4.10766 1.59200 
-4.11039 1.59300 
-4.11312 1.59400 
-4.11585 1.59500 
-4.11858 1.59600 
-4.12131 1.59700 
-4.12404 1.59800 
-4.12677 1.59900 
-4.12950 1.60000 
-4.13223 1.60100 
-4.13496 1.60200 
-4.13769 1.60300 
-4.14042 1.60400 
-4.14315 1.60500 
-4.14588 1.60600 
-4.14861 1.60700 
-4.15134 1.60800 
-4.15407 1.60900 
-4.15680 1.61000 
-4.15953 1.61100 
-4.16226 1.61200 
-4.16499 1.61300 
-4.16772 1.61400 
-4.17045 1.61500 
-4.17317 1.61600 
-4.17590 1.61700 
-4.17863 1.61800 
-4.18136 1.61900 
-4.18409 1.62000 
-4.18682 1.62100 
-4.18955 1.62200 
-4.19228 1.62300 
-4.19501 1.62400 
-4.19774 1.62500 
-4.20047 1.62600 
-4.20320 1.62700 
-4.20593 1.62800 
-4.20866 1.62900 
-4.21139 1.63000 
-4.21412 1.63100 
-4.21685 1.63200 
-4.21958 1.63300 
-4.22231 1.63400 
-4.22504 1.63500 
-4.22777 1.63600 
-4.23050 1.63700 
-4.23323 1.63800 
-4.23596 1.63900 
-4.23869 1.64000 
-4.24142 1.64100 
-4.24415 1.64200 
-4.24688 1.64300 
-4.24961 1.64400 
-4.25234 1.64500 
-4.25507 1.64600 
-4.25780 1.64700 
-4.26053 1.64800 
-4.26326 1.64900 
-4.26599 1.65000 
-4.26872 1.65100 
-4.27144 1.65200 
-4.27417 1.65300 
-4.27690 1.65400 
-4.27963 1.65500 
-4.28236 1.65600 
-4.28509 1.65700 
-4.28782 1.65800 
-4.29055 1.65900 
-4.29328 1.66000 
-4.29601 1.66100 
-4.29874 1.66200 
-4.30147 1.66300 
-4.30420 1.66400 
-4.30693 1.66500 
-4.30966 1.66600 
-4.31239 1.66700 
-4.31512 1.66800 
-4.31785 1.66900 
-4.32058 1.67000 
-4.32331 1.67100 
-4.32604 1.67200 
-4.32877 1.67300 
-4.33150 1.67400 
-4.33423 1.67500 
-4.33696 1.67600 
-4.33969 1.67700 
-4.34242 1.67800 
-4.34515 1.67900 
-4.34788 1.68000 
-4.35061 1.68100 
-4.35334 1.68200 
-4.35607 1.68300 
-4.35880 1.68400 
-4.36153 1.68500 
-4.36426 1.68600 
-4.36699 1.68700 
-4.36971 1.68800 
-4.37244 1.68900 
-4.37517 1.69000 
-4.37790 1.69100 
-4.38063 1.69200 
-4.38336 1.69300 
-4.38609 1.69400 
-4.38882 1.69500 
-4.39155 1.69600 
-4.39428 1.69700 
-4.39701 1.69800 
-4.39974 1.69900 
-4.40247 1.70000 
-4.40520 1.70100 
-4.40793 1.70200 
-4.41066 1.70300 
-4.41339 1.70400 
-4.41612 1.70500 
-4.41885 1.70600 
-4.42158 1.70700 
-4.42431 1.70800 
-4.42704 1.70900 
-4.42977 1.71000 
-4.43250 1.71100 
-4.43523 1.71200 
-4.43796 1.71300 
-4.44069 1.71400 
-4.44342 1.71500 
-4.44615 1.71600 
-4.44888 1.71700 
-4.45161 1.71800 
-4.45434 1.71900 
-4.45707 1.72000 
-4.45980 1.72100 
-4.46253 1.72200 
-4.46525 1.72300 
-4.46798 1.72400 
-4.47071 1.72500 
-4.47344 1.72600 
-4.47617 1.72700 
-4.47890 1.72800 
-4.48163 1.72900 
-4.48436 1.73000 
-4.48709 1.73100 
-4.48982 1.73200 
-4.49255 1.73300 
-4.49528 1.73400 
-4.49801 1.73500 
-4.50074 1.73600 
-4.50347 1.73700 
-4.50620 1.73800 
-4.50893 1.73900 
-4.51166 1.74000 
-4.51439 1.74100 
-4.51712 1.74200 
-4.51985 1.74300 
-4.52258 1.74400 
-4.52531 1.74500 
-4.52804 1.74600 
-4.53077 1.74700 
-4.53350 1.74800 
-4.53623 1.74900 
-4.53896 1.75000 
-4.54169 1.75100 
-4.54442 1.75200 
-4.54715 1.75300 
-4.54988 1.75400 
-4.55261 1.75500 
-4.55534 1.75600 
-4.55807 1.75700 
-4.56080 1.75800 
-4.56352 1.75900 
-4.56625 1.76000 
-4.56898 1.76100 
-4.57171 1.76200 
-4.57444 1.76300 
-4.57717 1.76400 
-4.57990 1.76500 
-4.58263 1.76600 
-4.58536 1.76700 
-4.58809 1.76800 
-4.59082 1.76900 
-4.59355 1.77000 
-4.59628 1.77100 
-4.59901 1.77200 
-4.60174 1.77300 
-4.60447 1.77400 
-4.60720 1.77500 
-4.60993 1.77600 
-4.61266 1.77700 
-4.61539 1.77800 
-4.61812 1.77900 
-4.62085 1.78000 
-4.62358 1.78100 
-4.62631 1.78200 
-4.62904 1.78300 
-4.63177 1.78400 
-4.63450 1.78500 
-4.63723 1.78600 
-4.63996 1.78700 
-4.64269 1.78800 
-4.64542 1.78900 
-4.64815 1.79000 
-4.65088 1.79100 
-4.65361 1.79200 
-4.65634 1.79300 
-4.65907 1.79400 
-4.66179 1.79500 
-4.66452 1.79600 
-4.66725 1.79700 
-4.66998 1.79800 
-4.67271 1.79900 
-4.67544 1.80000 
-4.67817 1.80100 
-4.68090 1.80200 
-4.68363 1.80300 
-4.68636 1.80400 
-4.68909 1.80500 
-4.69182 1.80600 
-4.69455 1.80700 
-4.69728 1.80800 
-4.70001 1.80900 
-4.70274 1.81000 
-4.70547 1.81100 
-4.70820 1.81200 
-4.71093 1.81300 
-4.71366 1.81400 
-4.71639 1.81500 
-4.71912 1.81600 
-4.72185 1.81700 
-4.72458 1.81800 
-4.72731 1.81900 
-4.73004 1.82000 
-4.73277 1.82100 
-4.73550 1.82200 
-4.73823 1.82300 
-4.74096 1.82400 
-4.74369 1.82500 
-4.74642 1.82600 
-4.74915 1.82700 
-4.75188 1.82800 
-4.75461 1.82900 
-4.75734 1.83000 
-4.76006 1.83100 
-4.76279 1.83200 
-4.76552 1.83300 
-4.76825 1.83400 
-4.77098 1.83500 
-4.77371 1.83600 
-4.77644 1.83700 
-4.77917 1.83800 
-4.78190 1.83900 
-4.78463 1.84000 
-4.78736 1.84100 
-4.79009 1.84200 
-4.79282 1.84300 
-4.79555 1.84400 
-4.79828 1.84500 
-4.80101 1.84600 
-4.80374 1.84700 
-4.80647 1.84800 
-4.80920 1.84900 
-4.81193 1.85000 
-4.81466 1.85100 
-4.81739 1.85200 
-4.82012 1.85300 
-4.82285 1.85400 
-4.82558 1.85500 
-4.82831 1.85600 
-4.83104 1.85700 
-4.83377 1.85800 
-4.83650 1.85900 
-4.83923 1.86000 
-4.84196 1.86100 
-4.84469 1.86200 
-4.84742 1.86300 
-4.85015 1.86400 
-4.85288 1.86500 
-4.85560 1.86600 
-4.85833 1.86700 
-4.86106 1.86800 
-4.86379 1.86900 
-4.86652 1.87000 
-4.86925 1.87100 
-4.87198 1.87200 
-4.87471 1.87300 
-4.87744 1.87400 
-4.88017 1.87500 
-4.88290 1.87600 
-4.88563 1.87700 
-4.88836 1.87800 
-4.89109 1.87900 
-4.89382 1.88000 
-4.89655 1.88100 
-4.89928 1.88200 
-4.90201 1.88300 
-4.90474 1.88400 
-4.90747 1.88500 
-4.91020 1.88600 
-4.91293 1.88700 
-4.91566 1.88800 
-4.91839 1.88900 
-4.92112 1.89000 
-4.92385 1.89100 
-4.92658 1.89200 
-4.92931 1.89300 
-4.93204 1.89400 
-4.93477 1.89500 
-4.93750 1.89600 
-4.94023 1.89700 
-4.94296 1.89800 
-4.94569 1.89900 
-4.94842 1.90000 
-4.95115 1.90100 
-4.95387 1.90200 
-4.95660 1.90300 
-4.95933 1.90400 
-4.96206 1.90500 
-4.96479 1.90600 
-4.96752 1.90700 
-4.97025 1.90800 
-4.97298 1.90900 
-4.97571 1.91000 
-4.97844 1.91100 
-4.98117 1.91200 
-4.98390 1.91300 
-4.98663 1.91400 
-4.98936 1.91500 
-4.99209 1.91600 
-4.99482 1.91700 
-4.99755 1.91800 
-5.00028 1.91900 
-5.00301 1.92000 
-5.00574 1.92100 
-5.00847 1.92200 
-5.01120 1.92300 
-5.01393 1.92400 
-5.01666 1.92500 
-5.01939 1.92600 
-5.02212 1.92700 
-5.02485 1.92800 
-5.02758 1.92900 
-5.03031 1.93000 
-5.03304 1.93100 
-5.03577 1.93200 
-5.03850 1.93300 
-5.04123 1.93400 
-5.04396 1.93500 
-5.04669 1.93600 
-5.04942 1.93700 
-5.05214 1.93800 
-5.05487 1.93900 
-5.05760 1.94000 
-5.06033 1.94100 
-5.06306 1.94200 
-5.06579 1.94300 
-5.06852 1.94400 
-5.07125 1.94500 
-5.07398 1.94600 
-5.07671 1.94700 
-5.07944 1.94800 
-5.08217 1.94900 
-5.08490 1.95000 
-5.08763 1.95100 
-5.09036 1.95200 
-5.09309 1.95300 
-5.09582 1.95400 
-5.09855 1.95500 
-5.10128 1.95600 
-5.10401 1.95700 
-5.10674 1.95800 
-5.10947 1.95900 
-5.11220 1.96000 
-5.11493 1.96100 
-5.11766 1.96200 
-5.12039 1.96300 
-5.12312 1.96400 
-5.12585 1.96500 
-5.12858 1.96600 
-5.13131 1.96700 
-5.13404 1.96800 
-5.13677 1.96900 
-5.13950 1.97000 
-5.14223 1.97100 
-5.14496 1.97200 
-5.14769 1.97300 
-5.15041 1.97400 
-5.15314 1.97500 
-5.15587 1.97600 
-5.15860 1.97700 
-5.16133 1.97800 
-5.16406 1.97900 
-5.16679 1.98000 
-5.16952 1.98100 
-5.17225 1.98200 
-5.17498 1.98300 
-5.17771 1.98400 
-5.18044 1.98500 
-5.18317 1.98600 
-5.18590 1.98700 
-5.18863 1.98800 
-5.19136 1.98900 
-5.19409 1.99000 
-5.19682 1.99100 
-5.19955 1.99200 
-5.20228 1.99300 
-5.20501 1.99400 
-5.20774 1.99500 
-5.21047 1.99600 
-5.21320 1.99700 
-5.21593 1.99800 
-5.21866 1.99900 
-5.22139 2.00000 
-5.22412 2.00100 
-5.22685 2.00200 
-5.22958 2.00300 
-5.23231 2.00400 
-5.23504 2.00500 
-5.23777 2.00600 
-5.24050 2.00700 
-5.24323 2.00800 
-5.24596 2.00900 
-5.24868 2.01000 
-5.25141 2.01100 
-5.25414 2.01200 
-5.25687 2.01300 
-5.25960 2.01400 
-5.26233 2.01500 
-5.26506 2.01600 
-5.26779 2.01700 
-5.27052 2.01800 
-5.27325 2.01900 
-5.27598 2.02000 
-5.27871 2.02100 
-5.28144 2.02200 
-5.28417 2.02300 
-5.28690 2.02400 
-5.28963 2.02500 
-5.29236 2.02600 
-5.29509 2.02700 
-5.29782 2.02800 
-5.30055 2.02900 
-5.30328 2.03000 
-5.30601 2.03100 
-5.30874 2.03200 
-5.31147 2.03300 
-5.31420 2.03400 
-5.31693 2.03500 
-5.31966 2.03600 
-5.32239 2.03700 
-5.32512 2.03800 
-5.32785 2.03900 
-5.33058 2.04000 
-5.33331 2.04100 
-5.33604 2.04200 
-5.33877 2.04300 
-5.34150 2.04400 
-5.34422 2.04500 
-5.34695 2.04600 
-5.34968 2.04700 
-5.35241 2.04800 
-5.35514 2.04900 
-5.35787 2.05000 
-5.36060 2.05100 
-5.36333 2.05200 
-5.36606 2.05300 
-5.36879 2.05400 
-5.37152 2.05500 
-5.37425 2.05600 
-5.37698 2.05700 
-5.37971 2.05800 
-5.38244 2.05900 
-5.38517 2.06000 
-5.38790 2.06100 
-5.39063 2.06200 
-5.39336 2.06300 
-5.39609 2.06400 
-5.39882 2.06500 
-5.40155 2.06600 
-5.40428 2.06700 
-5.40701 2.06800 
-5.40974 2.06900 
-5.41247 2.07000 
-5.41520 2.07100 
-5.41793 2.07200 
-5.42066 2.07300 
-5.42339 2.07400 
-5.42612 2.07500 
-5.42885 2.07600 
-5.43158 2.07700 
-5.43431 2.07800 
-5.43704 2.07900 
-5.43977 2.08000 
-5.44249 2.08100 
-5.44522 2.08200 
-5.44795 2.08300 
-5.45068 2.08400 
-5.45341 2.08500 
-5.45614 2.08600 
-5.45887 2.08700 
-5.46160 2.08800 
-5.46433 2.08900 
-5.46706 2.09000 
-5.46979 2.09100 
-5.47252 2.09200 
-5.47525 2.09300 
-5.47798 2.09400 
-5.48071 2.09500 
-5.48344 2.09600 
-5.48617 2.09700 
-5.48890 2.09800 
-5.49163 2.09900 
-5.49436 2.10000 
-5.49709 2.10100 
-5.49982 2.10200 
-5.50255 2.10300 
-5.50528 2.10400 
-5.50801 2.10500 
-5.51074 2.10600 
-5.51347 2.10700 
-5.51620 2.10800 
-5.51893 2.10900 
-5.52166 2.11000 
-5.52439 2.11100 
-5.52712 2.11200 
-5.52985 2.11300 
-5.53258 2.11400 
-5.53531 2.11500 
-5.53804 2.11600 
-5.54076 2.11700 
-5.54349 2.11800 
-5.54622 2.11900 
-5.54895 2.12000 
-5.55168 2.12100 
-5.55441 2.12200 
-5.55714 2.12300 
-5.55987 2.12400 
-5.56260 2.12500 
-5.56533 2.12600 
-5.56806 2.12700 
-5.57079 2.12800 
-5.57352 2.12900 
-5.57625 2.13000 
-5.57898 2.13100 
-5.58171 2.13200 
-5.58444 2.13300 
-5.58717 2.13400 
-5.58990 2.13500 
-5.59263 2.13600 
-5.59536 2.13700 
-5.59809 2.13800 
-5.60082 2.13900 
-5.60355 2.14000 
-5.60628 2.14100 
-5.60901 2.14200 
-5.61174 2.14300 
-5.61447 2.14400 
-5.61720 2.14500 
-5.61993 2.14600 
-5.62266 2.14700 
-5.62539 2.14800 
-5.62812 2.14900 
-5.63085 2.15000 
-5.63358 2.15100 
-5.63631 2.15200 
-5.63903 2.15300 
-5.64176 2.15400 
-5.64449 2.15500 
-5.64722 2.15600 
-5.64995 2.15700 
-5.65268 2.15800 
-5.65541 2.15900 
-5.65814 2.16000 
-5.66087 2.16100 
-5.66360 2.16200 
-5.66633 2.16300 
-5.66906 2.16400 
-5.67179 2.16500 
-5.67452 2.16600 
-5.67725 2.16700 
-5.67998 2.16800 
-5.68271 2.16900 
-5.68544 2.17000 
-5.68817 2.17100 
-5.69090 2.17200 
-5.69363 2.17300 
-5.69636 2.17400 
-5.69909 2.17500 
-5.70182 2.17600 
-5.70455 2.17700 
-5.70728 2.17800 
-5.71001 2.17900 
-5.71274 2.18000 
-5.71547 2.18100 
-5.71820 2.18200 
-5.72093 2.18300 
-5.72366 2.18400 
-5.72639 2.18500 
-5.72912 2.18600 
-5.73185 2.18700 
-5.73457 2.18800 
-5.73730 2.18900 
-5.74003 2.19000 
-5.74276 2.19100 
-5.74549 2.19200 
-5.74822 2.19300 
-5.75095 2.19400 
-5.75368 2.19500 
-5.75641 2.19600 
-5.75914 2.19700 
-5.76187 2.19800 
-5.76460 2.19900 
-5.76733 2.20000 
-5.77006 2.20100 
-5.77279 2.20200 
-5.77552 2.20300 
-5.77825 2.20400 
-5.78098 2.20500 
-5.78371 2.20600 
-5.78644 2.20700 
-5.78917 2.20800 
-5.79190 2.20900 
-5.79463 2.21000 
-5.79736 2.21100 
-5.80009 2.21200 
-5.80282 2.21300 
-5.80555 2.21400 
-5.80828 2.21500 
-5.81101 2.21600 
-5.81374 2.21700 
-5.81647 2.21800 
-5.81920 2.21900 
-5.82193 2.22000 
-5.82466 2.22100 
-5.82739 2.22200 
-5.83012 2.22300 
-5.83284 2.22400 
-5.83557 2.22500 
-5.83830 2.22600 
-5.84103 2.22700 
-5.84376 2.22800 
-5.84649 2.22900 
-5.84922 2.23000 
-5.85195 2.23100 
-5.85468 2.23200 
-5.85741 2.23300 
-5.86014 2.23400 
-5.86287 2.23500 
-5.86560 2.23600 
-5.86833 2.23700 
-5.87106 2.23800 
-5.87379 2.23900 
-5.87652 2.24000 
-5.87925 2.24100 
-5.88198 2.24200 
-5.88471 2.24300 
-5.88744 2.24400 
-5.89017 2.24500 
-5.89290 2.24600 
-5.89563 2.24700 
-5.89836 2.24800 
-5.90109 2.24900 
-5.90382 2.25000 
-5.90655 2.25100 
-5.90928 2.25200 
-5.91201 2.25300 
-5.91474 2.25400 
-5.91747 2.25500 
-5.92020 2.25600 
-5.92293 2.25700 
-5.92566 2.25800 
-5.92839 2.25900 
-5.93111 2.26000 
-5.93384 2.26100 
-5.93657 2.26200 
-5.93930 2.26300 
-5.94203 2.26400 
-5.94476 2.26500 
-5.94749 2.26600 
-5.95022 2.26700 
-5.95295 2.26800 
-5.95568 2.26900 
-5.95841 2.27000 
-5.96114 2.27100 
-5.96387 2.27200 
-5.96660 2.27300 
-5.96933 2.27400 
-5.97206 2.27500 
-5.97479 2.27600 
-5.97752 2.27700 
-5.98025 2.27800 
-5.98298 2.27900 
-5.98571 2.28000 
-5.98844 2.28100 
-5.99117 2.28200 
-5.99390 2.28300 
-5.99663 2.28400 
-5.99936 2.28500 
-6.00209 2.28600 
-6.00482 2.28700 
-6.00755 2.28800 
-6.01028 2.28900 
-6.01301 2.29000 
-6.01574 2.29100 
-6.01847 2.29200 
-6.02120 2.29300 
-6.02393 2.29400 
-6.02666 2.29500 
-6.02938 2.29600 
-6.03211 2.29700 
-6.03484 2.29800 
-6.03757 2.29900 
-6.04030 2.30000 
-6.04303 2.30100 
-6.04576 2.30200 
-6.04849 2.30300 
-6.05122 2.30400 
-6.05395 2.30500 
-6.05668 2.30600 
-6.05941 2.30700 
-6.06214 2.30800 
-6.06487 2.30900 
-6.06760 2.31000 
-6.07033 2.31100 
-6.07306 2.31200 
-6.07579 2.31300 
-6.07852 2.31400 
-6.08125 2.31500 
-6.08398 2.31600 
-6.08671 2.31700 
-6.08944 2.31800 
-6.09217 2.31900 
-6.09490 2.32000 
-6.09763 2.32100 
-6.10036 2.32200 
-6.10309 2.32300 
-6.10582 2.32400 
-6.10855 2.32500 
-6.11128 2.32600 
-6.11401 2.32700 
-6.11674 2.32800 
-6.11947 2.32900 
-6.12220 2.33000 
-6.12493 2.33100 
-6.12765 2.33200 
-6.13038 2.33300 
-6.13311 2.33400 
-6.13584 2.33500 
-6.13857 2.33600 
-6.14130 2.33700 
-6.14403 2.33800 
-6.14676 2.33900 
-6.14949 2.34000 
-6.15222 2.34100 
-6.15495 2.34200 
-6.15768 2.34300 
-6.16041 2.34400 
-6.16314 2.34500 
-6.16587 2.34600 
-6.16860 2.34700 
-6.17133 2.34800 
-6.17406 2.34900 
-6.17679 2.35000 
-6.17952 2.35100 
-6.18225 2.35200 
-6.18498 2.35300 
-6.18771 2.35400 
-6.19044 2.35500 
-6.19317 2.35600 
-6.19590 2.35700 
-6.19863 2.35800 
-6.20136 2.35900 
-6.20409 2.36000 
-6.20682 2.36100 
-6.20955 2.36200 
-6.21228 2.36300 
-6.21501 2.36400 
-6.21774 2.36500 
-6.22047 2.36600 
-6.22319 2.36700 
-6.22592 2.36800 
-6.22865 2.36900 
-6.23138 2.37000 
-6.23411 2.37100 
-6.23684 2.37200 
-6.23957 2.37300 
-6.24230 2.37400 
-6.24503 2.37500 
-6.24776 2.37600 
-6.25049 2.37700 
-6.25322 2.37800 
-6.25595 2.37900 
-6.25868 2.38000 
-6.26141 2.38100 
-6.26414 2.38200 
-6.26687 2.38300 
-6.26960 2.38400 
-6.27233 2.38500 
-6.27506 2.38600 
-6.27779 2.38700 
-6.28052 2.38800 
-6.28325 2.38900 
-6.28598 2.39000 
-6.28871 2.39100 
-6.29144 2.39200 
-6.29417 2.39300 
-6.29690 2.39400 
-6.29963 2.39500 
-6.30236 2.39600 
-6.30509 2.39700 
-6.30782 2.39800 
-6.31055 2.39900 
-6.31328 2.40000 
-6.31601 2.40100 
-6.31874 2.40200 
-6.32146 2.40300 
-6.32419 2.40400 
-6.32692 2.40500 
-6.32965 2.40600 
-6.33238 2.40700 
-6.33511 2.40800 
-6.33784 2.40900 
-6.34057 2.41000 
-6.34330 2.41100 
-6.34603 2.41200 
-6.34876 2.41300 
-6.35149 2.41400 
-6.35422 2.41500 
-6.35695 2.41600 
-6.35968 2.41700 
-6.36241 2.41800 
-6.36514 2.41900 
-6.36787 2.42000 
-6.37060 2.42100 
-6.37333 2.42200 
-6.37606 2.42300 
-6.37879 2.42400 
-6.38152 2.42500 
-6.38425 2.42600 
-6.38698 2.42700 
-6.38971 2.42800 
-6.39244 2.42900 
-6.39517 2.43000 
-6.39790 2.43100 
-6.40063 2.43200 
-6.40336 2.43300 
-6.40609 2.43400 
-6.40882 2.43500 
-6.41155 2.43600 
-6.41428 2.43700 
-6.41701 2.43800 
-6.41973 2.43900 
-6.42246 2.44000 
-6.42519 2.44100 
-6.42792 2.44200 
-6.43065 2.44300 
-6.43338 2.44400 
-6.43611 2.44500 
-6.43884 2.44600 
-6.44157 2.44700 
-6.44430 2.44800 
-6.44703 2.44900 
-6.44976 2.45000 
-6.45249 2.45100 
-6.45522 2.45200 
-6.45795 2.45300 
-6.46068 2.45400 
-6.46341 2.45500 
-6.46614 2.45600 
-6.46887 2.45700 
-6.47160 2.45800 
-6.47433 2.45900 
-6.47706 2.46000 
-6.47979 2.46100 
-6.48252 2.46200 
-6.48525 2.46300 
-6.48798 2.46400 
-6.49071 2.46500 
-6.49344 2.46600 
-6.49617 2.46700 
-6.49890 2.46800 
-6.50163 2.46900 
-6.50436 2.47000 
-6.50709 2.47100 
-6.50982 2.47200 
-6.51255 2.47300 
-6.51528 2.47400 
-6.51800 2.47500 
-6.52073 2.47600 
-6.52346 2.47700 
-6.52619 2.47800 
-6.52892 2.47900 
-6.53165 2.48000 
-6.53438 2.48100 
-6.53711 2.48200 
-6.53984 2.48300 
-6.54257 2.48400 
-6.54530 2.48500 
-6.54803 2.48600 
-6.55076 2.48700 
-6.55349 2.48800 
-6.55622 2.48900 
-6.55895 2.49000 
-6.56168 2.49100 
-6.56441 2.49200 
-6.56714 2.49300 
-6.56987 2.49400 
-6.57260 2.49500 
-6.57533 2.49600 
-6.57806 2.49700 
-6.58079 2.49800 
-6.58352 2.49900 
-6.58625 2.50000 
-6.58898 2.50100 
-6.59171 2.50200 
-6.59444 2.50300 
-6.59717 2.50400 
-6.59990 2.50500 
-6.60263 2.50600 
-6.60536 2.50700 
-6.60809 2.50800 
-6.61082 2.50900 
-6.61354 2.51000 
-6.61627 2.51100 
-6.61900 2.51200 
-6.62173 2.51300 
-6.62446 2.51400 
-6.62719 2.51500 
-6.62992 2.51600 
-6.63265 2.51700 
-6.63538 2.51800 
-6.63811 2.51900 
-6.64084 2.52000 
-6.64357 2.52100 
-6.64630 2.52200 
-6.64903 2.52300 
-6.65176 2.52400 
-6.65449 2.52500 
-6.65722 2.52600 
-6.65995 2.52700 
-6.66268 2.52800 
-6.66541 2.52900 
-6.66814 2.53000 
-6.67087 2.53100 
-6.67360 2.53200 
-6.67633 2.53300 
-6.67906 2.53400 
-6.68179 2.53500 
-6.68452 2.53600 
-6.68725 2.53700 
-6.68998 2.53800 
-6.69271 2.53900 
-6.69544 2.54000 
-6.69817 2.54100 
-6.70090 2.54200 
-6.70363 2.54300 
-6.70636 2.54400 
-6.70909 2.54500 
-6.71181 2.54600 
-6.71454 2.54700 
-6.71727 2.54800 
-6.72000 2.54900 
-6.72273 2.55000 
-6.72546 2.55100 
-6.72819 2.55200 
-6.73092 2.55300 
-6.73365 2.55400 
-6.73638 2.55500 
-6.73911 2.55600 
-6.74184 2.55700 
-6.74457 2.55800 
-6.74730 2.55900 
-6.75003 2.56000 
-6.75276 2.56100 
-6.75549 2.56200 
-6.75822 2.56300 
-6.76095 2.56400 
-6.76368 2.56500 
-6.76641 2.56600 
-6.76914 2.56700 
-6.77187 2.56800 
-6.77460 2.56900 
-6.77733 2.57000 
-6.78006 2.57100 
-6.78279 2.57200 
-6.78552 2.57300 
-6.78825 2.57400 
-6.79098 2.57500 
-6.79371 2.57600 
-6.79644 2.57700 
-6.79917 2.57800 
-6.80190 2.57900 
-6.80463 2.58000 
-6.80736 2.58100 
-6.81008 2.58200 
-6.81281 2.58300 
-6.81554 2.58400 
-6.81827 2.58500 
-6.82100 2.58600 
-6.82373 2.58700 
-6.82646 2.58800 
-6.82919 2.58900 
-6.83192 2.59000 
-6.83465 2.59100 
-6.83738 2.59200 
-6.84011 2.59300 
-6.84284 2.59400 
-6.84557 2.59500 
-6.84830 2.59600 
-6.85103 2.59700 
-6.85376 2.59800 
-6.85649 2.59900 
-6.85922 2.60000 
-6.86195 2.60100 
-6.86468 2.60200 
-6.86741 2.60300 
-6.87014 2.60400 
-6.87287 2.60500 
-6.87560 2.60600 
-6.87833 2.60700 
-6.88106 2.60800 
-6.88379 2.60900 
-6.88652 2.61000 
-6.88925 2.61100 
-6.89198 2.61200 
-6.89471 2.61300 
-6.89744 2.61400 
-6.90017 2.61500 
-6.90290 2.61600 
-6.90563 2.61700 
-6.90835 2.61800 
-6.91108 2.61900 
-6.91381 2.62000 
-6.91654 2.62100 
-6.91927 2.62200 
-6.92200 2.62300 
-6.92473 2.62400 
-6.92746 2.62500 
-6.93019 2.62600 
-6.93292 2.62700 
-6.93565 2.62800 
-6.93838 2.62900 
-6.94111 2.63000 
-6.94384 2.63100 
-6.94657 2.63200 
-6.94930 2.63300 
-6.95203 2.63400 
-6.95476 2.63500 
-6.95749 2.63600 
-6.96022 2.63700 
-6.96295 2.63800 
-6.96568 2.63900 
-6.96841 2.64000 
-6.97114 2.64100 
-6.97387 2.64200 
-6.97660 2.64300 
-6.97933 2.64400 
-6.98206 2.64500 
-6.98479 2.64600 
-6.98752 2.64700 
-6.99025 2.64800 
-6.99298 2.64900 
-6.99571 2.65000 
-6.99844 2.65100 
-7.00117 2.65200 
-7.00390 2.65300 
-7.00662 2.65400 
-7.00935 2.65500 
-7.01208 2.65600 
-7.01481 2.65700 
-7.01754 2.65800 
-7.02027 2.65900 
-7.02300 2.66000 
-7.02573 2.66100 
-7.02846 2.66200 
-7.03119 2.66300 
-7.03392 2.66400 
-7.03665 2.66500 
-7.03938 2.66600 
-7.04211 2.66700 
-7.04484 2.66800 
-7.04757 2.66900 
-7.05030 2.67000 
-7.05303 2.67100 
-7.05576 2.67200 
-7.05849 2.67300 
-7.06122 2.67400 
-7.06395 2.67500 
-7.06668 2.67600 
-7.06941 2.67700 
-7.07214 2.67800 
-7.07487 2.67900 
-7.07760 2.68000 
-7.08033 2.68100 
-7.08306 2.68200 
-7.08579 2.68300 
-7.08852 2.68400 
-7.09125 2.68500 
-7.09398 2.68600 
-7.09671 2.68700 
-7.09944 2.68800 
-7.10216 2.68900 
-7.10489 2.69000 
-7.10762 2.69100 
-7.11035 2.69200 
-7.11308 2.69300 
-7.11581 2.69400 
-7.11854 2.69500 
-7.12127 2.69600 
-7.12400 2.69700 
-7.12673 2.69800 
-7.12946 2.69900 
-7.13219 2.70000 
-7.13492 2.70100 
-7.13765 2.70200 
-7.14038 2.70300 
-7.14311 2.70400 
-7.14584 2.70500 
-7.14857 2.70600 
-7.15130 2.70700 
-7.15403 2.70800 
-7.15676 2.70900 
-7.15949 2.71000 
-7.16222 2.71100 
-7.16495 2.71200 
-7.16768 2.71300 
-7.17041 2.71400 
-7.17314 2.71500 
-7.17587 2.71600 
-7.17860 2.71700 
-7.18133 2.71800 
-7.18406 2.71900 
-7.18679 2.72000 
-7.18952 2.72100 
-7.19225 2.72200 
-7.19498 2.72300 
-7.19771 2.72400 
-7.20043 2.72500 
-7.20316 2.72600 
-7.20589 2.72700 
-7.20862 2.72800 
-7.21135 2.72900 
-7.21408 2.73000 
-7.21681 2.73100 
-7.21954 2.73200 
-7.22227 2.73300 
-7.22500 2.73400 
-7.22773 2.73500 
-7.23046 2.73600 
-7.23319 2.73700 
-7.23592 2.73800 
-7.23865 2.73900 
-7.24138 2.74000 
-7.24411 2.74100 
-7.24684 2.74200 
-7.24957 2.74300 
-7.25230 2.74400 
-7.25503 2.74500 
-7.25776 2.74600 
-7.26049 2.74700 
-7.26322 2.74800 
-7.26595 2.74900 
-7.26868 2.75000 
-7.27141 2.75100 
-7.27414 2.75200 
-7.27687 2.75300 
-7.27960 2.75400 
-7.28233 2.75500 
-7.28506 2.75600 
-7.28779 2.75700 
-7.29052 2.75800 
-7.29325 2.75900 
-7.29598 2.76000 
-7.29870 2.76100 
-7.30143 2.76200 
-7.30416 2.76300 
-7.30689 2.76400 
-7.30962 2.76500 
-7.31235 2.76600 
-7.31508 2.76700 
-7.31781 2.76800 
-7.32054 2.76900 
-7.32327 2.77000 
-7.32600 2.77100 
-7.32873 2.77200 
-7.33146 2.77300 
-7.33419 2.77400 
-7.33692 2.77500 
-7.33965 2.77600 
-7.34238 2.77700 
-7.34511 2.77800 
-7.34784 2.77900 
-7.35057 2.78000 
-7.35330 2.78100 
-7.35603 2.78200 
-7.35876 2.78300 
-7.36149 2.78400 
-7.36422 2.78500 
-7.36695 2.78600 
-7.36968 2.78700 
-7.37241 2.78800 
-7.37514 2.78900 
-7.37787 2.79000 
-7.38060 2.79100 
-7.38333 2.79200 
-7.38606 2.79300 
-7.38879 2.79400 
-7.39152 2.79500 
-7.39425 2.79600 
-7.39697 2.79700 
-7.39970 2.79800 
-7.40243 2.79900 
-7.40516 2.80000 
-7.40789 2.80100 
-7.41062 2.80200 
-7.41335 2.80300 
-7.41608 2.80400 
-7.41881 2.80500 
-7.42154 2.80600 
-7.42427 2.80700 
-7.42700 2.80800 
-7.42973 2.80900 
-7.43246 2.81000 
-7.43519 2.81100 
-7.43792 2.81200 
-7.44065 2.81300 
-7.44338 2.81400 
-7.44611 2.81500 
-7.44884 2.81600 
-7.45157 2.81700 
-7.45430 2.81800 
-7.45703 2.81900 
-7.45976 2.82000 
-7.46249 2.82100 
-7.46522 2.82200 
-7.46795 2.82300 
-7.47068 2.82400 
-7.47341 2.82500 
-7.47614 2.82600 
-7.47887 2.82700 
-7.48160 2.82800 
-7.48433 2.82900 
-7.48706 2.83000 
-7.48979 2.83100 
-7.49252 2.83200 
-7.49524 2.83300 
-7.49797 2.83400 
-7.50070 2.83500 
-7.50343 2.83600 
-7.50616 2.83700 
-7.50889 2.83800 
-7.51162 2.83900 
-7.51435 2.84000 
-7.51708 2.84100 
-7.51981 2.84200 
-7.52254 2.84300 
-7.52527 2.84400 
-7.52800 2.84500 
-7.53073 2.84600 
-7.53346 2.84700 
-7.53619 2.84800 
-7.53892 2.84900 
-7.54165 2.85000 
-7.54438 2.85100 
-7.54711 2.85200 
-7.54984 2.85300 
-7.55257 2.85400 
-7.55530 2.85500 
-7.55803 2.85600 
-7.56076 2.85700 
-7.56349 2.85800 
-7.56622 2.85900 
-7.56895 2.86000 
-7.57168 2.86100 
-7.57441 2.86200 
-7.57714 2.86300 
-7.57987 2.86400 
-7.58260 2.86500 
-7.58533 2.86600 
-7.58806 2.86700 
-7.59078 2.86800 
-7.59351 2.86900 
-7.59624 2.87000 
-7.59897 2.87100 
-7.60170 2.87200 
-7.60443 2.87300 
-7.60716 2.87400 
-7.60989 2.87500 
-7.61262 2.87600 
-7.61535 2.87700 
-7.61808 2.87800 
-7.62081 2.87900 
-7.62354 2.88000 
-7.62627 2.88100 
-7.62900 2.88200 
-7.63173 2.88300 
-7.63446 2.88400 
-7.63719 2.88500 
-7.63992 2.88600 
-7.64265 2.88700 
-7.64538 2.88800 
-7.64811 2.88900 
-7.65084 2.89000 
-7.65357 2.89100 
-7.65630 2.89200 
-7.65903 2.89300 
-7.66176 2.89400 
-7.66449 2.89500 
-7.66722 2.89600 
-7.66995 2.89700 
-7.67268 2.89800 
-7.67541 2.89900 
-7.67814 2.90000 
-7.68087 2.90100 
-7.68360 2.90200 
-7.68633 2.90300 
-7.68905 2.90400 
-7.69178 2.90500 
-7.69451 2.90600 
-7.69724 2.90700 
-7.69997 2.90800 
-7.70270 2.90900 
-7.70543 2.91000 
-7.70816 2.91100 
-7.71089 2.91200 
-7.71362 2.91300 
-7.71635 2.91400 
-7.71908 2.91500 
-7.72181 2.91600 
-7.72454 2.91700 
-7.72727 2.91800 
-7.73000 2.91900 
-7.73273 2.92000 
-7.73546 2.92100 
-7.73819 2.92200 
-7.74092 2.92300 
-7.74365 2.92400 
-7.74638 2.92500 
-7.74911 2.92600 
-7.75184 2.92700 
-7.75457 2.92800 
-7.75730 2.92900 
-7.76003 2.93000 
-7.76276 2.93100 
-7.76549 2.93200 
-7.76822 2.93300 
-7.77095 2.93400 
-7.77368 2.93500 
-7.77641 2.93600 
-7.77914 2.93700 
-7.78187 2.93800 
-7.78460 2.93900 
-7.78732 2.94000 
-7.79005 2.94100 
-7.79278 2.94200 
-7.79551 2.94300 
-7.79824 2.94400 
-7.80097 2.94500 
-7.80370 2.94600 
-7.80643 2.94700 
-7.80916 2.94800 
-7.81189 2.94900 
-7.81462 2.95000 
-7.81735 2.95100 
-7.82008 2.95200 
-7.82281 2.95300 
-7.82554 2.95400 
-7.82827 2.95500 
-7.83100 2.95600 
-7.83373 2.95700 
-7.83646 2.95800 
-7.83919 2.95900 
-7.84192 2.96000 
-7.84465 2.96100 
-7.84738 2.96200 
-7.85011 2.96300 
-7.85284 2.96400 
-7.85557 2.96500 
-7.85830 2.96600 
-7.86103 2.96700 
-7.86376 2.96800 
-7.86649 2.96900 
-7.86922 2.97000 
-7.87195 2.97100 
-7.87468 2.97200 
-7.87741 2.97300 
-7.88014 2.97400 
-7.88287 2.97500 
-7.88559 2.97600 
-7.88832 2.97700 
-7.89105 2.97800 
-7.89378 2.97900 
-7.89651 2.98000 
-7.89924 2.98100 
-7.90197 2.98200 
-7.90470 2.98300 
-7.90743 2.98400 
-7.91016 2.98500 
-7.91289 2.98600 
-7.91562 2.98700 
-7.91835 2.98800 
-7.92108 2.98900 
-7.92381 2.99000 
-7.92654 2.99100 
-7.92927 2.99200 
-7.93200 2.99300 
-7.93473 2.99400 
-7.93746 2.99500 
-7.94019 2.99600 
-7.94292 2.99700 
-7.94565 2.99800 
-7.94838 2.99900 
-7.95111 3.00000 
-7.95384 3.00100 
-7.95657 3.00200 
-7.95930 3.00300 
-7.96203 3.00400 
-7.96476 3.00500 
-7.96749 3.00600 
-7.97022 3.00700 
-7.97295 3.00800 
-7.97568 3.00900 
-7.97841 3.01000 
-7.98113 3.01100 
-7.98386 3.01200 
-7.98659 3.01300 
-7.98932 3.01400 
-7.99205 3.01500 
-7.99478 3.01600 
-7.99751 3.01700 
-8.00024 3.01800 
-8.00297 3.01900 
-8.00570 3.02000 
-8.00843 3.02100 
-8.01116 3.02200 
-8.01389 3.02300 
-8.01662 3.02400 
-8.01935 3.02500 
-8.02208 3.02600 
-8.02481 3.02700 
-8.02754 3.02800 
-8.03027 3.02900 
-8.03300 3.03000 
-8.03573 3.03100 
-8.03846 3.03200 
-8.04119 3.03300 
-8.04392 3.03400 
-8.04665 3.03500 
-8.04938 3.03600 
-8.05211 3.03700 
-8.05484 3.03800 
-8.05757 3.03900 
-8.06030 3.04000 
-8.06303 3.04100 
-8.06576 3.04200 
-8.06849 3.04300 
-8.07122 3.04400 
-8.07395 3.04500 
-8.07668 3.04600 
-8.07940 3.04700 
-8.08213 3.04800 
-8.08486 3.04900 
-8.08759 3.05000 
-8.09032 3.05100 
-8.09305 3.05200 
-8.09578 3.05300 
-8.09851 3.05400 
-8.10124 3.05500 
-8.10397 3.05600 
-8.10670 3.05700 
-8.10943 3.05800 
-8.11216 3.05900 
-8.11489 3.06000 
-8.11762 3.06100 
-8.12035 3.06200 
-8.12308 3.06300 
-8.12581 3.06400 
-8.12854 3.06500 
-8.13127 3.06600 
-8.13400 3.06700 
-8.13673 3.06800 
-8.13946 3.06900 
-8.14219 3.07000 
-8.14492 3.07100 
-8.14765 3.07200 
-8.15038 3.07300 
-8.15311 3.07400 
-8.15584 3.07500 
-8.15857 3.07600 
-8.16130 3.07700 
-8.16403 3.07800 
-8.16676 3.07900 
-8.16949 3.08000 
-8.17222 3.08100 
-8.17495 3.08200 
-8.17767 3.08300 
-8.18040 3.08400 
-8.18313 3.08500 
-8.18586 3.08600 
-8.18859 3.08700 
-8.19132 3.08800 
-8.19405 3.08900 
-8.19678 3.09000 
-8.19951 3.09100 
-8.20224 3.09200 
-8.20497 3.09300 
-8.20770 3.09400 
-8.21043 3.09500 
-8.21316 3.09600 
-8.21589 3.09700 
-8.21862 3.09800 
-8.22135 3.09900 
-8.22408 3.10000 
-8.22681 3.10100 
-8.22954 3.10200 
-8.23227 3.10300 
-8.23500 3.10400 
-8.23773 3.10500 
-8.24046 3.10600 
-8.24319 3.10700 
-8.24592 3.10800 
-8.24865 3.10900 
-8.25138 3.11000 
-8.25411 3.11100 
-8.25684 3.11200 
-8.25957 3.11300 
-8.26230 3.11400 
-8.26503 3.11500 
-8.26776 3.11600 
-8.27049 3.11700 
-8.27322 3.11800 
-8.27594 3.11900 
-8.27867 3.12000 
-8.28140 3.12100 
-8.28413 3.12200 
-8.28686 3.12300 
-8.28959 3.12400 
-8.29232 3.12500 
-8.29505 3.12600 
-8.29778 3.12700 
-8.30051 3.12800 
-8.30324 3.12900 
-8.30597 3.13000 
-8.30870 3.13100 
-8.31143 3.13200 
-8.31416 3.13300 
-8.31689 3.13400 
-8.31962 3.13500 
-8.32235 3.13600 
-8.32508 3.13700 
-8.32781 3.13800 
-8.33054 3.13900 
-8.33327 3.14000 
-8.33600 3.14100 
-8.33873 3.14200 
-8.34146 3.14300 
-8.34419 3.14400 
-8.34692 3.14500 
-8.34965 3.14600 
-8.35238 3.14700 
-8.35511 3.14800 
-8.35784 3.14900 
-8.36057 3.15000 
-8.36330 3.15100 
-8.36603 3.15200 
-8.36876 3.15300 
-8.37149 3.15400 
-8.37421 3.15500 
-8.37694 3.15600 
-8.37967 3.15700 
-8.38240 3.15800 
-8.38513 3.15900 
-8.38786 3.16000 
-8.39059 3.16100 
-8.39332 3.16200 
-8.39605 3.16300 
-8.39878 3.16400 
-8.40151 3.16500 
-8.40424 3.16600 
-8.40697 3.16700 
-8.40970 3.16800 
-8.41243 3.16900 
-8.41516 3.17000 
-8.41789 3.17100 
-8.42062 3.17200 
-8.42335 3.17300 
-8.42608 3.17400 
-8.42881 3.17500 
-8.43154 3.17600 
-8.43427 3.17700 
-8.43700 3.17800 
-8.43973 3.17900 
-8.44246 3.18000 
-8.44519 3.18100 
-8.44792 3.18200 
-8.45065 3.18300 
-8.45338 3.18400 
-8.45611 3.18500 
-8.45884 3.18600 
-8.46157 3.18700 
-8.46430 3.18800 
-8.46703 3.18900 
-8.46975 3.19000 
-8.47248 3.19100 
-8.47521 3.19200 
-8.47794 3.19300 
-8.48067 3.19400 
-8.48340 3.19500 
-8.48613 3.19600 
-8.48886 3.19700 
-8.49159 3.19800 
-8.49432 3.19900 
-8.49705 3.20000 
-8.49978 3.20100 
-8.50251 3.20200 
-8.50524 3.20300 
-8.50797 3.20400 
-8.51070 3.20500 
-8.51343 3.20600 
-8.51616 3.20700 
-8.51889 3.20800 
-8.52162 3.20900 
-8.52435 3.21000 
-8.52708 3.21100 
-8.52981 3.21200 
-8.53254 3.21300 
-8.53527 3.21400 
-8.53800 3.21500 
-8.54073 3.21600 
-8.54346 3.21700 
-8.54619 3.21800 
-8.54892 3.21900 
-8.55165 3.22000 
-8.55438 3.22100 
-8.55711 3.22200 
-8.55984 3.22300 
-8.56257 3.22400 
-8.56530 3.22500 
-8.56802 3.22600 
-8.57075 3.22700 
-8.57348 3.22800 
-8.57621 3.22900 
-8.57894 3.23000 
-8.58167 3.23100 
-8.58440 3.23200 
-8.58713 3.23300 
-8.58986 3.23400 
-8.59259 3.23500 
-8.59532 3.23600 
-8.59805 3.23700 
-8.60078 3.23800 
-8.60351 3.23900 
-8.60624 3.24000 
-8.60897 3.24100 
-8.61170 3.24200 
-8.61443 3.24300 
-8.61716 3.24400 
-8.61989 3.24500 
-8.62262 3.24600 
-8.62535 3.24700 
-8.62808 3.24800 
-8.63081 3.24900 
-8.63354 3.25000 
-8.63627 3.25100 
-8.63900 3.25200 
-8.64173 3.25300 
-8.64446 3.25400 
-8.64719 3.25500 
-8.64992 3.25600 
-8.65265 3.25700 
-8.65538 3.25800 
-8.65811 3.25900 
-8.66084 3.26000 
-8.66357 3.26100 
-8.66629 3.26200 
-8.66902 3.26300 
-8.67175 3.26400 
-8.67448 3.26500 
-8.67721 3.26600 
-8.67994 3.26700 
-8.68267 3.26800 
-8.68540 3.26900 
-8.68813 3.27000 
-8.69086 3.27100 
-8.69359 3.27200 
-8.69632 3.27300 
-8.69905 3.27400 
-8.70178 3.27500 
-8.70451 3.27600 
-8.70724 3.27700 
-8.70997 3.27800 
-8.71270 3.27900 
-8.71543 3.28000 
-8.71816 3.28100 
-8.72089 3.28200 
-8.72362 3.28300 
-8.72635 3.28400 
-8.72908 3.28500 
-8.73181 3.28600 
-8.73454 3.28700 
-8.73727 3.28800 
-8.74000 3.28900 
-8.74273 3.29000 
-8.74546 3.29100 
-8.74819 3.29200 
-8.75092 3.29300 
-8.75365 3.29400 
-8.75638 3.29500 
-8.75911 3.29600 
-8.76184 3.29700 
-8.76456 3.29800 
-8.76729 3.29900 
-8.77002 3.30000 
-8.77275 3.30100 
-8.77548 3.30200 
-8.77821 3.30300 
-8.78094 3.30400 
-8.78367 3.30500 
-8.78640 3.30600 
-8.78913 3.30700 
-8.79186 3.30800 
-8.79459 3.30900 
-8.79732 3.31000 
-8.80005 3.31100 
-8.80278 3.31200 
-8.80551 3.31300 
-8.80824 3.31400 
-8.81097 3.31500 
-8.81370 3.31600 
-8.81643 3.31700 
-8.81916 3.31800 
-8.82189 3.31900 
-8.82462 3.32000 
-8.82735 3.32100 
-8.83008 3.32200 
-8.83281 3.32300 
-8.83554 3.32400 
-8.83827 3.32500 
-8.84100 3.32600 
-8.84373 3.32700 
-8.84646 3.32800 
-8.84919 3.32900 
-8.85192 3.33000 
-8.85465 3.33100 
-8.85738 3.33200 
-8.86010 3.33300 
-8.86283 3.33400 
-8.86556 3.33500 
-8.86829 3.33600 
-8.87102 3.33700 
-8.87375 3.33800 
-8.87648 3.33900 
-8.87921 3.34000 
-8.88194 3.34100 
-8.88467 3.34200 
-8.88740 3.34300 
-8.89013 3.34400 
-8.89286 3.34500 
-8.89559 3.34600 
-8.89832 3.34700 
-8.90105 3.34800 
-8.90378 3.34900 
-8.90651 3.35000 
-8.90924 3.35100 
-8.91197 3.35200 
-8.91470 3.35300 
-8.91743 3.35400 
-8.92016 3.35500 
-8.92289 3.35600 
-8.92562 3.35700 
-8.92835 3.35800 
-8.93108 3.35900 
-8.93381 3.36000 
-8.93654 3.36100 
-8.93927 3.36200 
-8.94200 3.36300 
-8.94473 3.36400 
-8.94746 3.36500 
-8.95019 3.36600 
-8.95292 3.36700 
-8.95565 3.36800 
-8.95837 3.36900 
-8.96110 3.37000 
-8.96383 3.37100 
-8.96656 3.37200 
-8.96929 3.37300 
-8.97202 3.37400 
-8.97475 3.37500 
-8.97748 3.37600 
-8.98021 3.37700 
-8.98294 3.37800 
-8.98567 3.37900 
-8.98840 3.38000 
-8.99113 3.38100 
-8.99386 3.38200 
-8.99659 3.38300 
-8.99932 3.38400 
-9.00205 3.38500 
-9.00478 3.38600 
-9.00751 3.38700 
-9.01024 3.38800 
-9.01297 3.38900 
-9.01570 3.39000 
-9.01843 3.39100 
-9.02116 3.39200 
-9.02389 3.39300 
-9.02662 3.39400 
-9.02935 3.39500 
-9.03208 3.39600 
-9.03481 3.39700 
-9.03754 3.39800 
-9.04027 3.39900 
-9.04300 3.40000 
-9.04573 3.40100 
-9.04846 3.40200 
-9.05119 3.40300 
-9.05392 3.40400 
-9.05664 3.40500 
-9.05937 3.40600 
-9.06210 3.40700 
-9.06483 3.40800 
-9.06756 3.40900 
-9.07029 3.41000 
-9.07302 3.41100 
-9.07575 3.41200 
-9.07848 3.41300 
-9.08121 3.41400 
-9.08394 3.41500 
-9.08667 3.41600 
-9.08940 3.41700 
-9.09213 3.41800 
-9.09486 3.41900 
-9.09759 3.42000 
-9.10032 3.42100 
-9.10305 3.42200 
-9.10578 3.42300 
-9.10851 3.42400 
-9.11124 3.42500 
-9.11397 3.42600 
-9.11670 3.42700 
-9.11943 3.42800 
-9.12216 3.42900 
-9.12489 3.43000 
-9.12762 3.43100 
-9.13035 3.43200 
-9.13308 3.43300 
-9.13581 3.43400 
-9.13854 3.43500 
-9.14127 3.43600 
-9.14400 3.43700 
-9.14673 3.43800 
-9.14946 3.43900 
-9.15219 3.44000 
-9.15491 3.44100 
-9.15764 3.44200 
-9.16037 3.44300 
-9.16310 3.44400 
-9.16583 3.44500 
-9.16856 3.44600 
-9.17129 3.44700 
-9.17402 3.44800 
-9.17675 3.44900 
-9.17948 3.45000 
-9.18221 3.45100 
-9.18494 3.45200 
-9.18767 3.45300 
-9.19040 3.45400 
-9.19313 3.45500 
-9.19586 3.45600 
-9.19859 3.45700 
-9.20132 3.45800 
-9.20405 3.45900 
-9.20678 3.46000 
-9.20951 3.46100 
-9.21224 3.46200 
-9.21497 3.46300 
-9.21770 3.46400 
-9.22043 3.46500 
-9.22316 3.46600 
-9.22589 3.46700 
-9.22862 3.46800 
-9.23135 3.46900 
-9.23408 3.47000 
-9.23681 3.47100 
-9.23954 3.47200 
-9.24227 3.47300 
-9.24500 3.47400 
-9.24773 3.47500 
-9.25046 3.47600 
-9.25318 3.47700 
-9.25591 3.47800 
-9.25864 3.47900 
-9.26137 3.48000 
-9.26410 3.48100 
-9.26683 3.48200 
-9.26956 3.48300 
-9.27229 3.48400 
-9.27502 3.48500 
-9.27775 3.48600 
-9.28048 3.48700 
-9.28321 3.48800 
-9.28594 3.48900 
-9.28867 3.49000 
-9.29140 3.49100 
-9.29413 3.49200 
-9.29686 3.49300 
-9.29959 3.49400 
-9.30232 3.49500 
-9.30505 3.49600 
-9.30778 3.49700 
-9.31051 3.49800 
-9.31324 3.49900 
-9.31597 3.50000 
-9.31870 3.50100 
-9.32143 3.50200 
-9.32416 3.50300 
-9.32689 3.50400 
-9.32962 3.50500 
-9.33235 3.50600 
-9.33508 3.50700 
-9.33781 3.50800 
-9.34054 3.50900 
-9.34327 3.51000 
-9.34600 3.51100 
-9.34872 3.51200 
-9.35145 3.51300 
-9.35418 3.51400 
-9.35691 3.51500 
-9.35964 3.51600 
-9.36237 3.51700 
-9.36510 3.51800 
-9.36783 3.51900 
-9.37056 3.52000 
-9.37329 3.52100 
-9.37602 3.52200 
-9.37875 3.52300 
-9.38148 3.52400 
-9.38421 3.52500 
-9.38694 3.52600 
-9.38967 3.52700 
-9.39240 3.52800 
-9.39513 3.52900 
-9.39786 3.53000 
-9.40059 3.53100 
-9.40332 3.53200 
-9.40605 3.53300 
-9.40878 3.53400 
-9.41151 3.53500 
-9.41424 3.53600 
-9.41697 3.53700 
-9.41970 3.53800 
-9.42243 3.53900 
-9.42516 3.54000 
-9.42789 3.54100 
-9.43062 3.54200 
-9.43335 3.54300 
-9.43608 3.54400 
-9.43881 3.54500 
-9.44154 3.54600 
-9.44427 3.54700 
-9.44699 3.54800 
-9.44972 3.54900 
-9.45245 3.55000 
-9.45518 3.55100 
-9.45791 3.55200 
-9.46064 3.55300 
-9.46337 3.55400 
-9.46610 3.55500 
-9.46883 3.55600 
-9.47156 3.55700 
-9.47429 3.55800 
-9.47702 3.55900 
-9.47975 3.56000 
-9.48248 3.56100 
-9.48521 3.56200 
-9.48794 3.56300 
-9.49067 3.56400 
-9.49340 3.56500 
-9.49613 3.56600 
-9.49886 3.56700 
-9.50159 3.56800 
-9.50432 3.56900 
-9.50705 3.57000 
-9.50978 3.57100 
-9.51251 3.57200 
-9.51524 3.57300 
-9.51797 3.57400 
-9.52070 3.57500 
-9.52343 3.57600 
-9.52616 3.57700 
-9.52889 3.57800 
-9.53162 3.57900 
-9.53435 3.58000 
-9.53708 3.58100 
-9.53981 3.58200 
-9.54254 3.58300 
-9.54526 3.58400 
-9.54799 3.58500 
-9.55072 3.58600 
-9.55345 3.58700 
-9.55618 3.58800 
-9.55891 3.58900 
-9.56164 3.59000 
-9.56437 3.59100 
-9.56710 3.59200 
-9.56983 3.59300 
-9.57256 3.59400 
-9.57529 3.59500 
-9.57802 3.59600 
-9.58075 3.59700 
-9.58348 3.59800 
-9.58621 3.59900 
-9.58894 3.60000 
-9.59167 3.60100 
-9.59440 3.60200 
-9.59713 3.60300 
-9.59986 3.60400 
-9.60259 3.60500 
-9.60532 3.60600 
-9.60805 3.60700 
-9.61078 3.60800 
-9.61351 3.60900 
-9.61624 3.61000 
-9.61897 3.61100 
-9.62170 3.61200 
-9.62443 3.61300 
-9.62716 3.61400 
-9.62989 3.61500 
-9.63262 3.61600 
-9.63535 3.61700 
-9.63808 3.61800 
-9.64081 3.61900 
-9.64353 3.62000 
-9.64626 3.62100 
-9.64899 3.62200 
-9.65172 3.62300 
-9.65445 3.62400 
-9.65718 3.62500 
-9.65991 3.62600 
-9.66264 3.62700 
-9.66537 3.62800 
-9.66810 3.62900 
-9.67083 3.63000 
-9.67356 3.63100 
-9.67629 3.63200 
-9.67902 3.63300 
-9.68175 3.63400 
-9.68448 3.63500 
-9.68721 3.63600 
-9.68994 3.63700 
-9.69267 3.63800 
-9.69540 3.63900 
-9.69813 3.64000 
-9.70086 3.64100 
-9.70359 3.64200 
-9.70632 3.64300 
-9.70905 3.64400 
-9.71178 3.64500 
-9.71451 3.64600 
-9.71724 3.64700 
-9.71997 3.64800 
-9.72270 3.64900 
-9.72543 3.65000 
-9.72816 3.65100 
-9.73089 3.65200 
-9.73362 3.65300 
-9.73635 3.65400 
-9.73907 3.65500 
-9.74180 3.65600 
-9.74453 3.65700 
-9.74726 3.65800 
-9.74999 3.65900 
-9.75272 3.66000 
-9.75545 3.66100 
-9.75818 3.66200 
-9.76091 3.66300 
-9.76364 3.66400 
-9.76637 3.66500 
-9.76910 3.66600 
-9.77183 3.66700 
-9.77456 3.66800 
-9.77729 3.66900 
-9.78002 3.67000 
-9.78275 3.67100 
-9.78548 3.67200 
-9.78821 3.67300 
-9.79094 3.67400 
-9.79367 3.67500 
-9.79640 3.67600 
-9.79913 3.67700 
-9.80186 3.67800 
-9.80459 3.67900 
-9.80732 3.68000 
-9.81005 3.68100 
-9.81278 3.68200 
-9.81551 3.68300 
-9.81824 3.68400 
-9.82097 3.68500 
-9.82370 3.68600 
-9.82643 3.68700 
-9.82916 3.68800 
-9.83189 3.68900 
-9.83462 3.69000 
-9.83734 3.69100 
-9.84007 3.69200 
-9.84280 3.69300 
-9.84553 3.69400 
-9.84826 3.69500 
-9.85099 3.69600 
-9.85372 3.69700 
-9.85645 3.69800 
-9.85918 3.69900 
-9.86191 3.70000 
-9.86464 3.70100 
-9.86737 3.70200 
-9.87010 3.70300 
-9.87283 3.70400 
-9.87556 3.70500 
-9.87829 3.70600 
-9.88102 3.70700 
-9.88375 3.70800 
-9.88648 3.70900 
-9.88921 3.71000 
-9.89194 3.71100 
-9.89467 3.71200 
-9.89740 3.71300 
-9.90013 3.71400 
-9.90286 3.71500 
-9.90559 3.71600 
-9.90832 3.71700 
-9.91105 3.71800 
-9.91378 3.71900 
-9.91651 3.72000 
-9.91924 3.72100 
-9.92197 3.72200 
-9.92470 3.72300 
-9.92743 3.72400 
-9.93016 3.72500 
-9.93289 3.72600 
-9.93561 3.72700 
-9.93834 3.72800 
-9.94107 3.72900 
-9.94380 3.73000 
-9.94653 3.73100 
-9.94926 3.73200 
-9.95199 3.73300 
-9.95472 3.73400 
-9.95745 3.73500 
-9.96018 3.73600 
-9.96291 3.73700 
-9.96564 3.73800 
-9.96837 3.73900 
-9.97110 3.74000 
-9.97383 3.74100 
-9.97656 3.74200 
-9.97929 3.74300 
-9.98202 3.74400 
-9.98475 3.74500 
-9.98748 3.74600 
-9.99021 3.74700 
-9.99294 3.74800 
-9.99567 3.74900 
-9.99840 3.75000 
-10.00113 3.75100 
-10.00386 3.75200 
-10.00659 3.75300 
-10.00932 3.75400 
-10.01205 3.75500 
-10.01478 3.75600 
-10.01751 3.75700 
-10.02024 3.75800 
-10.02297 3.75900 
-10.02570 3.76000 
-10.02843 3.76100 
-10.03116 3.76200 
-10.03388 3.76300 
-10.03661 3.76400 
-10.03934 3.76500 
-10.04207 3.76600 
-10.04480 3.76700 
-10.04753 3.76800 
-10.05026 3.76900 
-10.05299 3.77000 
-10.05572 3.77100 
-10.05845 3.77200 
-10.06118 3.77300 
-10.06391 3.77400 
-10.06664 3.77500 
-10.06937 3.77600 
-10.07210 3.77700 
-10.07483 3.77800 
-10.07756 3.77900 
-10.08029 3.78000 
-10.08302 3.78100 
-10.08575 3.78200 
-10.08848 3.78300 
-10.09121 3.78400 
-10.09394 3.78500 
-10.09667 3.78600 
-10.09940 3.78700 
-10.10213 3.78800 
-10.10486 3.78900 
-10.10759 3.79000 
-10.11032 3.79100 
-10.11305 3.79200 
-10.11578 3.79300 
-10.11851 3.79400 
-10.12124 3.79500 
-10.12397 3.79600 
-10.12670 3.79700 
-10.12943 3.79800 
-10.13215 3.79900 
-10.13488 3.80000 
-10.13761 3.80100 
-10.14034 3.80200 
-10.14307 3.80300 
-10.14580 3.80400 
-10.14853 3.80500 
-10.15126 3.80600 
-10.15399 3.80700 
-10.15672 3.80800 
-10.15945 3.80900 
-10.16218 3.81000 
-10.16491 3.81100 
-10.16764 3.81200 
-10.17037 3.81300 
-10.17310 3.81400 
-10.17583 3.81500 
-10.17856 3.81600 
-10.18129 3.81700 
-10.18402 3.81800 
-10.18675 3.81900 
-10.18948 3.82000 
-10.19221 3.82100 
-10.19494 3.82200 
-10.19767 3.82300 
-10.20040 3.82400 
-10.20313 3.82500 
-10.20586 3.82600 
-10.20859 3.82700 
-10.21132 3.82800 
-10.21405 3.82900 
-10.21678 3.83000 
-10.21951 3.83100 
-10.22224 3.83200 
-10.22497 3.83300 
-10.22769 3.83400 
-10.23042 3.83500 
-10.23315 3.83600 
-10.23588 3.83700 
-10.23861 3.83800 
-10.24134 3.83900 
-10.24407 3.84000 
-10.24680 3.84100 
-10.24953 3.84200 
-10.25226 3.84300 
-10.25499 3.84400 
-10.25772 3.84500 
-10.26045 3.84600 
-10.26318 3.84700 
-10.26591 3.84800 
-10.26864 3.84900 
-10.27137 3.85000 
-10.27410 3.85100 
-10.27683 3.85200 
-10.27956 3.85300 
-10.28229 3.85400 
-10.28502 3.85500 
-10.28775 3.85600 
-10.29048 3.85700 
-10.29321 3.85800 
-10.29594 3.85900 
-10.29867 3.86000 
-10.30140 3.86100 
-10.30413 3.86200 
-10.30686 3.86300 
-10.30959 3.86400 
-10.31232 3.86500 
-10.31505 3.86600 
-10.31778 3.86700 
-10.32051 3.86800 
-10.32324 3.86900 
-10.32596 3.87000 
-10.32869 3.87100 
-10.33142 3.87200 
-10.33415 3.87300 
-10.33688 3.87400 
-10.33961 3.87500 
-10.34234 3.87600 
-10.34507 3.87700 
-10.34780 3.87800 
-10.35053 3.87900 
-10.35326 3.88000 
-10.35599 3.88100 
-10.35872 3.88200 
-10.36145 3.88300 
-10.36418 3.88400 
-10.36691 3.88500 
-10.36964 3.88600 
-10.37237 3.88700 
-10.37510 3.88800 
-10.37783 3.88900 
-10.38056 3.89000 
-10.38329 3.89100 
-10.38602 3.89200 
-10.38875 3.89300 
-10.39148 3.89400 
-10.39421 3.89500 
-10.39694 3.89600 
-10.39967 3.89700 
-10.40240 3.89800 
-10.40513 3.89900 
-10.40786 3.90000 
-10.41059 3.90100 
-10.41332 3.90200 
-10.41605 3.90300 
-10.41878 3.90400 
-10.42151 3.90500 
-10.42423 3.90600 
-10.42696 3.90700 
-10.42969 3.90800 
-10.43242 3.90900 
-10.43515 3.91000 
-10.43788 3.91100 
-10.44061 3.91200 
-10.44334 3.91300 
-10.44607 3.91400 
-10.44880 3.91500 
-10.45153 3.91600 
-10.45426 3.91700 
-10.45699 3.91800 
-10.45972 3.91900 
-10.46245 3.92000 
-10.46518 3.92100 
-10.46791 3.92200 
-10.47064 3.92300 
-10.47337 3.92400 
-10.47610 3.92500 
-10.47883 3.92600 
-10.48156 3.92700 
-10.48429 3.92800 
-10.48702 3.92900 
-10.48975 3.93000 
-10.49248 3.93100 
-10.49521 3.93200 
-10.49794 3.93300 
-10.50067 3.93400 
-10.50340 3.93500 
-10.50613 3.93600 
-10.50886 3.93700 
-10.51159 3.93800 
-10.51432 3.93900 
-10.51705 3.94000 
-10.51978 3.94100 
-10.52250 3.94200 
-10.52523 3.94300 
-10.52796 3.94400 
-10.53069 3.94500 
-10.53342 3.94600 
-10.53615 3.94700 
-10.53888 3.94800 
-10.54161 3.94900 
-10.54434 3.95000 
-10.54707 3.95100 
-10.54980 3.95200 
-10.55253 3.95300 
-10.55526 3.95400 
-10.55799 3.95500 
-10.56072 3.95600 
-10.56345 3.95700 
-10.56618 3.95800 
-10.56891 3.95900 
-10.57164 3.96000 
-10.57437 3.96100 
-10.57710 3.96200 
-10.57983 3.96300 
-10.58256 3.96400 
-10.58529 3.96500 
-10.58802 3.96600 
-10.59075 3.96700 
-10.59348 3.96800 
-10.59621 3.96900 
-10.59894 3.97000 
-10.60167 3.97100 
-10.60440 3.97200 
-10.60713 3.97300 
-10.60986 3.97400 
-10.61259 3.97500 
-10.61532 3.97600 
-10.61804 3.97700 
-10.62077 3.97800 
-10.62350 3.97900 
-10.62623 3.98000 
-10.62896 3.98100 
-10.63169 3.98200 
-10.63442 3.98300 
-10.63715 3.98400 
-10.63988 3.98500 
-10.64261 3.98600 
-10.64534 3.98700 
-10.64807 3.98800 
-10.65080 3.98900 
-10.65353 3.99000 
-10.65626 3.99100 
-10.65899 3.99200 
-10.66172 3.99300 
-10.66445 3.99400 
-10.66718 3.99500 
-10.66991 3.99600 
-10.67264 3.99700 
-10.67537 3.99800 
-10.67810 3.99900 
-10.68083 4.00000 
-10.68356 4.00100 
-10.68629 4.00200 
-10.68902 4.00300 
-10.69175 4.00400 
-10.69448 4.00500 
-10.69721 4.00600 
-10.69994 4.00700 
-10.70267 4.00800 
-10.70540 4.00900 
-10.70813 4.01000 
-10.71086 4.01100 
-10.71359 4.01200 
-10.71631 4.01300 
-10.71904 4.01400 
-10.72177 4.01500 
-10.72450 4.01600 
-10.72723 4.01700 
-10.72996 4.01800 
-10.73269 4.01900 
-10.73542 4.02000 
-10.73815 4.02100 
-10.74088 4.02200 
-10.74361 4.02300 
-10.74634 4.02400 
-10.74907 4.02500 
-10.75180 4.02600 
-10.75453 4.02700 
-10.75726 4.02800 
-10.75999 4.02900 
-10.76272 4.03000 
-10.76545 4.03100 
-10.76818 4.03200 
-10.77091 4.03300 
-10.77364 4.03400 
-10.77637 4.03500 
-10.77910 4.03600 
-10.78183 4.03700 
-10.78456 4.03800 
-10.78729 4.03900 
-10.79002 4.04000 
-10.79275 4.04100 
-10.79548 4.04200 
-10.79821 4.04300 
-10.80094 4.04400 
-10.80367 4.04500 
-10.80640 4.04600 
-10.80913 4.04700 
-10.81186 4.04800 
-10.81458 4.04900 
-10.81731 4.05000 
-10.82004 4.05100 
-10.82277 4.05200 
-10.82550 4.05300 
-10.82823 4.05400 
-10.83096 4.05500 
-10.83369 4.05600 
-10.83642 4.05700 
-10.83915 4.05800 
-10.84188 4.05900 
-10.84461 4.06000 
-10.84734 4.06100 
-10.85007 4.06200 
-10.85280 4.06300 
-10.85553 4.06400 
-10.85826 4.06500 
-10.86099 4.06600 
-10.86372 4.06700 
-10.86645 4.06800 
-10.86918 4.06900 
-10.87191 4.07000 
-10.87464 4.07100 
-10.87737 4.07200 
-10.88010 4.07300 
-10.88283 4.07400 
-10.88556 4.07500 
-10.88829 4.07600 
-10.89102 4.07700 
-10.89375 4.07800 
-10.89648 4.07900 
-10.89921 4.08000 
-10.90194 4.08100 
-10.90467 4.08200 
-10.90740 4.08300 
-10.91013 4.08400 
-10.91285 4.08500 
-10.91558 4.08600 
-10.91831 4.08700 
-10.92104 4.08800 
-10.92377 4.08900 
-10.92650 4.09000 
-10.92923 4.09100 
-10.93196 4.09200 
-10.93469 4.09300 
-10.93742 4.09400 
-10.94015 4.09500 
-10.94288 4.09600 
-10.94561 4.09700 
-10.94834 4.09800 
-10.95107 4.09900 
-10.95380 4.10000 
-10.95653 4.10100 
-10.95926 4.10200 
-10.96199 4.10300 
-10.96472 4.10400 
-10.96745 4.10500 
-10.97018 4.10600 
-10.97291 4.10700 
-10.97564 4.10800 
-10.97837 4.10900 
-10.98110 4.11000 
-10.98383 4.11100 
-10.98656 4.11200 
-10.98929 4.11300 
-10.99202 4.11400 
-10.99475 4.11500 
-10.99748 4.11600 
-11.00021 4.11700 
-11.00294 4.11800 
-11.00567 4.11900 
-11.00840 4.12000 
-11.01112 4.12100 
-11.01385 4.12200 
-11.01658 4.12300 
-11.01931 4.12400 
-11.02204 4.12500 
-11.02477 4.12600 
-11.02750 4.12700 
-11.03023 4.12800 
-11.03296 4.12900 
-11.03569 4.13000 
-11.03842 4.13100 
-11.04115 4.13200 
-11.04388 4.13300 
-11.04661 4.13400 
-11.04934 4.13500 
-11.05207 4.13600 
-11.05480 4.13700 
-11.05753 4.13800 
-11.06026 4.13900 
-11.06299 4.14000 
-11.06572 4.14100 
-11.06845 4.14200 
-11.07118 4.14300 
-11.07391 4.14400 
-11.07664 4.14500 
-11.07937 4.14600 
-11.08210 4.14700 
-11.08483 4.14800 
-11.08756 4.14900 
-11.09029 4.15000 
-11.09302 4.15100 
-11.09575 4.15200 
-11.09848 4.15300 
-11.10121 4.15400 
-11.10394 4.15500 
-11.10666 4.15600 
-11.10939 4.15700 
-11.11212 4.15800 
-11.11485 4.15900 
-11.11758 4.16000 
-11.12031 4.16100 
-11.12304 4.16200 
-11.12577 4.16300 
-11.12850 4.16400 
-11.13123 4.16500 
-11.13396 4.16600 
-11.13669 4.16700 
-11.13942 4.16800 
-11.14215 4.16900 
-11.14488 4.17000 
-11.14761 4.17100 
-11.15034 4.17200 
-11.15307 4.17300 
-11.15580 4.17400 
-11.15853 4.17500 
-11.16126 4.17600 
-11.16399 4.17700 
-11.16672 4.17800 
-11.16945 4.17900 
-11.17218 4.18000 
-11.17491 4.18100 
-11.17764 4.18200 
-11.18037 4.18300 
-11.18310 4.18400 
-11.18583 4.18500 
-11.18856 4.18600 
-11.19129 4.18700 
-11.19402 4.18800 
-11.19675 4.18900 
-11.19948 4.19000 
-11.20221 4.19100 
-11.20493 4.19200 
-11.20766 4.19300 
-11.21039 4.19400 
-11.21312 4.19500 
-11.21585 4.19600 
-11.21858 4.19700 
-11.22131 4.19800 
-11.22404 4.19900 
-11.22677 4.20000 
-11.22950 4.20100 
-11.23223 4.20200 
-11.23496 4.20300 
-11.23769 4.20400 
-11.24042 4.20500 
-11.24315 4.20600 
-11.24588 4.20700 
-11.24861 4.20800 
-11.25134 4.20900 
-11.25407 4.21000 
-11.25680 4.21100 
-11.25953 4.21200 
-11.26226 4.21300 
-11.26499 4.21400 
-11.26772 4.21500 
-11.27045 4.21600 
-11.27318 4.21700 
-11.27591 4.21800 
-11.27864 4.21900 
-11.28137 4.22000 
-11.28410 4.22100 
-11.28683 4.22200 
-11.28956 4.22300 
-11.29229 4.22400 
-11.29502 4.22500 
-11.29775 4.22600 
-11.30048 4.22700 
-11.30320 4.22800 
-11.30593 4.22900 
-11.30866 4.23000 
-11.31139 4.23100 
-11.31412 4.23200 
-11.31685 4.23300 
-11.31958 4.23400 
-11.32231 4.23500 
-11.32504 4.23600 
-11.32777 4.23700 
-11.33050 4.23800 
-11.33323 4.23900 
-11.33596 4.24000 
-11.33869 4.24100 
-11.34142 4.24200 
-11.34415 4.24300 
-11.34688 4.24400 
-11.34961 4.24500 
-11.35234 4.24600 
-11.35507 4.24700 
-11.35780 4.24800 
-11.36053 4.24900 
-11.36326 4.25000 
-11.36599 4.25100 
-11.36872 4.25200 
-11.37145 4.25300 
-11.37418 4.25400 
-11.37691 4.25500 
-11.37964 4.25600 
-11.38237 4.25700 
-11.38510 4.25800 
-11.38783 4.25900 
-11.39056 4.26000 
-11.39329 4.26100 
-11.39602 4.26200 
-11.39875 4.26300 
-11.40147 4.26400 
-11.40420 4.26500 
-11.40693 4.26600 
-11.40966 4.26700 
-11.41239 4.26800 
-11.41512 4.26900 
-11.41785 4.27000 
-11.42058 4.27100 
-11.42331 4.27200 
-11.42604 4.27300 
-11.42877 4.27400 
-11.43150 4.27500 
-11.43423 4.27600 
-11.43696 4.27700 
-11.43969 4.27800 
-11.44242 4.27900 
-11.44515 4.28000 
-11.44788 4.28100 
-11.45061 4.28200 
-11.45334 4.28300 
-11.45607 4.28400 
-11.45880 4.28500 
-11.46153 4.28600 
-11.46426 4.28700 
-11.46699 4.28800 
-11.46972 4.28900 
-11.47245 4.29000 
-11.47518 4.29100 
-11.47791 4.29200 
-11.48064 4.29300 
-11.48337 4.29400 
-11.48610 4.29500 
-11.48883 4.29600 
-11.49156 4.29700 
-11.49429 4.29800 
-11.49701 4.29900 
-11.49974 4.30000 
-11.50247 4.30100 
-11.50520 4.30200 
-11.50793 4.30300 
-11.51066 4.30400 
-11.51339 4.30500 
-11.51612 4.30600 
-11.51885 4.30700 
-11.52158 4.30800 
-11.52431 4.30900 
-11.52704 4.31000 
-11.52977 4.31100 
-11.53250 4.31200 
-11.53523 4.31300 
-11.53796 4.31400 
-11.54069 4.31500 
-11.54342 4.31600 
-11.54615 4.31700 
-11.54888 4.31800 
-11.55161 4.31900 
-11.55434 4.32000 
-11.55707 4.32100 
-11.55980 4.32200 
-11.56253 4.32300 
-11.56526 4.32400 
-11.56799 4.32500 
-11.57072 4.32600 
-11.57345 4.32700 
-11.57618 4.32800 
-11.57891 4.32900 
-11.58164 4.33000 
-11.58437 4.33100 
-11.58710 4.33200 
-11.58983 4.33300 
-11.59256 4.33400 
-11.59528 4.33500 
-11.59801 4.33600 
-11.60074 4.33700 
-11.60347 4.33800 
-11.60620 4.33900 
-11.60893 4.34000 
-11.61166 4.34100 
-11.61439 4.34200 
-11.61712 4.34300 
-11.61985 4.34400 
-11.62258 4.34500 
-11.62531 4.34600 
-11.62804 4.34700 
-11.63077 4.34800 
-11.63350 4.34900 
-11.63623 4.35000 
-11.63896 4.35100 
-11.64169 4.35200 
-11.64442 4.35300 
-11.64715 4.35400 
-11.64988 4.35500 
-11.65261 4.35600 
-11.65534 4.35700 
-11.65807 4.35800 
-11.66080 4.35900 
-11.66353 4.36000 
-11.66626 4.36100 
-11.66899 4.36200 
-11.67172 4.36300 
-11.67445 4.36400 
-11.67718 4.36500 
-11.67991 4.36600 
-11.68264 4.36700 
-11.68537 4.36800 
-11.68810 4.36900 
-11.69083 4.37000 
-11.69355 4.37100 
-11.69628 4.37200 
-11.69901 4.37300 
-11.70174 4.37400 
-11.70447 4.37500 
-11.70720 4.37600 
-11.70993 4.37700 
-11.71266 4.37800 
-11.71539 4.37900 
-11.71812 4.38000 
-11.72085 4.38100 
-11.72358 4.38200 
-11.72631 4.38300 
-11.72904 4.38400 
-11.73177 4.38500 
-11.73450 4.38600 
-11.73723 4.38700 
-11.73996 4.38800 
-11.74269 4.38900 
-11.74542 4.39000 
-11.74815 4.39100 
-11.75088 4.39200 
-11.75361 4.39300 
-11.75634 4.39400 
-11.75907 4.39500 
-11.76180 4.39600 
-11.76453 4.39700 
-11.76726 4.39800 
-11.76999 4.39900 
-11.77272 4.40000 
-11.77545 4.40100 
-11.77818 4.40200 
-11.78091 4.40300 
-11.78364 4.40400 
-11.78637 4.40500 
-11.78910 4.40600 
-11.79182 4.40700 
-11.79455 4.40800 
-11.79728 4.40900 
-11.80001 4.41000 
-11.80274 4.41100 
-11.80547 4.41200 
-11.80820 4.41300 
-11.81093 4.41400 
-11.81366 4.41500 
-11.81639 4.41600 
-11.81912 4.41700 
-11.82185 4.41800 
-11.82458 4.41900 
-11.82731 4.42000 
-11.83004 4.42100 
-11.83277 4.42200 
-11.83550 4.42300 
-11.83823 4.42400 
-11.84096 4.42500 
-11.84369 4.42600 
-11.84642 4.42700 
-11.84915 4.42800 
-11.85188 4.42900 
-11.85461 4.43000 
-11.85734 4.43100 
-11.86007 4.43200 
-11.86280 4.43300 
-11.86553 4.43400 
-11.86826 4.43500 
-11.87099 4.43600 
-11.87372 4.43700 
-11.87645 4.43800 
-11.87918 4.43900 
-11.88191 4.44000 
-11.88464 4.44100 
-11.88737 4.44200 
-11.89009 4.44300 
-11.89282 4.44400 
-11.89555 4.44500 
-11.89828 4.44600 
-11.90101 4.44700 
-11.90374 4.44800 
-11.90647 4.44900 
-11.90920 4.45000 
-11.91193 4.45100 
-11.91466 4.45200 
-11.91739 4.45300 
-11.92012 4.45400 
-11.92285 4.45500 
-11.92558 4.45600 
-11.92831 4.45700 
-11.93104 4.45800 
-11.93377 4.45900 
-11.93650 4.46000 
-11.93923 4.46100 
-11.94196 4.46200 
-11.94469 4.46300 
-11.94742 4.46400 
-11.95015 4.46500 
-11.95288 4.46600 
-11.95561 4.46700 
-11.95834 4.46800 
-11.96107 4.46900 
-11.96380 4.47000 
-11.96653 4.47100 
-11.96926 4.47200 
-11.97199 4.47300 
-11.97472 4.47400 
-11.97745 4.47500 
-11.98018 4.47600 
-11.98291 4.47700 
-11.98563 4.47800 
-11.98836 4.47900 
-11.99109 4.48000 
-11.99382 4.48100 
-11.99655 4.48200 
-11.99928 4.48300 
-12.00201 4.48400 
-12.00474 4.48500 
-12.00747 4.48600 
-12.01020 4.48700 
-12.01293 4.48800 
-12.01566 4.48900 
-12.01839 4.49000 
-12.02112 4.49100 
-12.02385 4.49200 
-12.02658 4.49300 
-12.02931 4.49400 
-12.03204 4.49500 
-12.03477 4.49600 
-12.03750 4.49700 
-12.04023 4.49800 
-12.04296 4.49900 
-12.04569 4.50000 
-12.04842 4.50100 
-12.05115 4.50200 
-12.05388 4.50300 
-12.05661 4.50400 
-12.05934 4.50500 
-12.06207 4.50600 
-12.06480 4.50700 
-12.06753 4.50800 
-12.07026 4.50900 
-12.07299 4.51000 
-12.07572 4.51100 
-12.07845 4.51200 
-12.08118 4.51300 
-12.08390 4.51400 
-12.08663 4.51500 
-12.08936 4.51600 
-12.09209 4.51700 
-12.09482 4.51800 
-12.09755 4.51900 
-12.10028 4.52000 
-12.10301 4.52100 
-12.10574 4.52200 
-12.10847 4.52300 
-12.11120 4.52400 
-12.11393 4.52500 
-12.11666 4.52600 
-12.11939 4.52700 
-12.12212 4.52800 
-12.12485 4.52900 
-12.12758 4.53000 
-12.13031 4.53100 
-12.13304 4.53200 
-12.13577 4.53300 
-12.13850 4.53400 
-12.14123 4.53500 
-12.14396 4.53600 
-12.14669 4.53700 
-12.14942 4.53800 
-12.15215 4.53900 
-12.15488 4.54000 
-12.15761 4.54100 
-12.16034 4.54200 
-12.16307 4.54300 
-12.16580 4.54400 
-12.16853 4.54500 
-12.17126 4.54600 
-12.17399 4.54700 
-12.17672 4.54800 
-12.17945 4.54900 
-12.18217 4.55000 
-12.18490 4.55100 
-12.18763 4.55200 
-12.19036 4.55300 
-12.19309 4.55400 
-12.19582 4.55500 
-12.19855 4.55600 
-12.20128 4.55700 
-12.20401 4.55800 
-12.20674 4.55900 
-12.20947 4.56000 
-12.21220 4.56100 
-12.21493 4.56200 
-12.21766 4.56300 
-12.22039 4.56400 
-12.22312 4.56500 
-12.22585 4.56600 
-12.22858 4.56700 
-12.23131 4.56800 
-12.23404 4.56900 
-12.23677 4.57000 
-12.23950 4.57100 
-12.24223 4.57200 
-12.24496 4.57300 
-12.24769 4.57400 
-12.25042 4.57500 
-12.25315 4.57600 
-12.25588 4.57700 
-12.25861 4.57800 
-12.26134 4.57900 
-12.26407 4.58000 
-12.26680 4.58100 
-12.26953 4.58200 
-12.27226 4.58300 
-12.27499 4.58400 
-12.27772 4.58500 
-12.28044 4.58600 
-12.28317 4.58700 
-12.28590 4.58800 
-12.28863 4.58900 
-12.29136 4.59000 
-12.29409 4.59100 
-12.29682 4.59200 
-12.29955 4.59300 
-12.30228 4.59400 
-12.30501 4.59500 
-12.30774 4.59600 
-12.31047 4.59700 
-12.31320 4.59800 
-12.31593 4.59900 
-12.31866 4.60000 
-12.32139 4.60100 
-12.32412 4.60200 
-12.32685 4.60300 
-12.32958 4.60400 
-12.33231 4.60500 
-12.33504 4.60600 
-12.33777 4.60700 
-12.34050 4.60800 
-12.34323 4.60900 
-12.34596 4.61000 
-12.34869 4.61100 
-12.35142 4.61200 
-12.35415 4.61300 
-12.35688 4.61400 
-12.35961 4.61500 
-12.36234 4.61600 
-12.36507 4.61700 
-12.36780 4.61800 
-12.37053 4.61900 
-12.37326 4.62000 
-12.37598 4.62100 
-12.37871 4.62200 
-12.38144 4.62300 
-12.38417 4.62400 
-12.38690 4.62500 
-12.38963 4.62600 
-12.39236 4.62700 
-12.39509 4.62800 
-12.39782 4.62900 
-12.40055 4.63000 
-12.40328 4.63100 
-12.40601 4.63200 
-12.40874 4.63300 
-12.41147 4.63400 
-12.41420 4.63500 
-12.41693 4.63600 
-12.41966 4.63700 
-12.42239 4.63800 
-12.42512 4.63900 
-12.42785 4.64000 
-12.43058 4.64100 
-12.43331 4.64200 
-12.43604 4.64300 
-12.43877 4.64400 
-12.44150 4.64500 
-12.44423 4.64600 
-12.44696 4.64700 
-12.44969 4.64800 
-12.45242 4.64900 
-12.45515 4.65000 
-12.45788 4.65100 
-12.46061 4.65200 
-12.46334 4.65300 
-12.46607 4.65400 
-12.46880 4.65500 
-12.47153 4.65600 
-12.47425 4.65700 
-12.47698 4.65800 
-12.47971 4.65900 
-12.48244 4.66000 
-12.48517 4.66100 
-12.48790 4.66200 
-12.49063 4.66300 
-12.49336 4.66400 
-12.49609 4.66500 
-12.49882 4.66600 
-12.50155 4.66700 
-12.50428 4.66800 
-12.50701 4.66900 
-12.50974 4.67000 
-12.51247 4.67100 
-12.51520 4.67200 
-12.51793 4.67300 
-12.52066 4.67400 
-12.52339 4.67500 
-12.52612 4.67600 
-12.52885 4.67700 
-12.53158 4.67800 
-12.53431 4.67900 
-12.53704 4.68000 
-12.53977 4.68100 
-12.54250 4.68200 
-12.54523 4.68300 
-12.54796 4.68400 
-12.55069 4.68500 
-12.55342 4.68600 
-12.55615 4.68700 
-12.55888 4.68800 
-12.56161 4.68900 
-12.56434 4.69000 
-12.56707 4.69100 
-12.56980 4.69200 
-12.57252 4.69300 
-12.57525 4.69400 
-12.57798 4.69500 
-12.58071 4.69600 
-12.58344 4.69700 
-12.58617 4.69800 
-12.58890 4.69900 
-12.59163 4.70000 
-12.59436 4.70100 
-12.59709 4.70200 
-12.59982 4.70300 
-12.60255 4.70400 
-12.60528 4.70500 
-12.60801 4.70600 
-12.61074 4.70700 
-12.61347 4.70800 
-12.61620 4.70900 
-12.61893 4.71000 
-12.62166 4.71100 
-12.62439 4.71200 
-12.62712 4.71300 
-12.62985 4.71400 
-12.63258 4.71500 
-12.63531 4.71600 
-12.63804 4.71700 
-12.64077 4.71800 
-12.64350 4.71900 
-12.64623 4.72000 
-12.64896 4.72100 
-12.65169 4.72200 
-12.65442 4.72300 
-12.65715 4.72400 
-12.65988 4.72500 
-12.66261 4.72600 
-12.66534 4.72700 
-12.66807 4.72800 
-12.67079 4.72900 
-12.67352 4.73000 
-12.67625 4.73100 
-12.67898 4.73200 
-12.68171 4.73300 
-12.68444 4.73400 
-12.68717 4.73500 
-12.68990 4.73600 
-12.69263 4.73700 
-12.69536 4.73800 
-12.69809 4.73900 
-12.70082 4.74000 
-12.70355 4.74100 
-12.70628 4.74200 
-12.70901 4.74300 
-12.71174 4.74400 
-12.71447 4.74500 
-12.71720 4.74600 
-12.71993 4.74700 
-12.72266 4.74800 
-12.72539 4.74900 
-12.72812 4.75000 
-12.73085 4.75100 
-12.73358 4.75200 
-12.73631 4.75300 
-12.73904 4.75400 
-12.74177 4.75500 
-12.74450 4.75600 
-12.74723 4.75700 
-12.74996 4.75800 
-12.75269 4.75900 
-12.75542 4.76000 
-12.75815 4.76100 
-12.76088 4.76200 
-12.76361 4.76300 
-12.76634 4.76400 
-12.76906 4.76500 
-12.77179 4.76600 
-12.77452 4.76700 
-12.77725 4.76800 
-12.77998 4.76900 
-12.78271 4.77000 
-12.78544 4.77100 
-12.78817 4.77200 
-12.79090 4.77300 
-12.79363 4.77400 
-12.79636 4.77500 
-12.79909 4.77600 
-12.80182 4.77700 
-12.80455 4.77800 
-12.80728 4.77900 
-12.81001 4.78000 
-12.81274 4.78100 
-12.81547 4.78200 
-12.81820 4.78300 
-12.82093 4.78400 
-12.82366 4.78500 
-12.82639 4.78600 
-12.82912 4.78700 
-12.83185 4.78800 
-12.83458 4.78900 
-12.83731 4.79000 
-12.84004 4.79100 
-12.84277 4.79200 
-12.84550 4.79300 
-12.84823 4.79400 
-12.85096 4.79500 
-12.85369 4.79600 
-12.85642 4.79700 
-12.85915 4.79800 
-12.86188 4.79900 
-12.86460 4.80000 
-12.86733 4.80100 
-12.87006 4.80200 
-12.87279 4.80300 
-12.87552 4.80400 
-12.87825 4.80500 
-12.88098 4.80600 
-12.88371 4.80700 
-12.88644 4.80800 
-12.88917 4.80900 
-12.89190 4.81000 
-12.89463 4.81100 
-12.89736 4.81200 
-12.90009 4.81300 
-12.90282 4.81400 
-12.90555 4.81500 
-12.90828 4.81600 
-12.91101 4.81700 
-12.91374 4.81800 
-12.91647 4.81900 
-12.91920 4.82000 
-12.92193 4.82100 
-12.92466 4.82200 
-12.92739 4.82300 
-12.93012 4.82400 
-12.93285 4.82500 
-12.93558 4.82600 
-12.93831 4.82700 
-12.94104 4.82800 
-12.94377 4.82900 
-12.94650 4.83000 
-12.94923 4.83100 
-12.95196 4.83200 
-12.95469 4.83300 
-12.95742 4.83400 
-12.96015 4.83500 
-12.96287 4.83600 
-12.96560 4.83700 
-12.96833 4.83800 
-12.97106 4.83900 
-12.97379 4.84000 
-12.97652 4.84100 
-12.97925 4.84200 
-12.98198 4.84300 
-12.98471 4.84400 
-12.98744 4.84500 
-12.99017 4.84600 
-12.99290 4.84700 
-12.99563 4.84800 
-12.99836 4.84900 
-13.00109 4.85000 
-13.00382 4.85100 
-13.00655 4.85200 
-13.00928 4.85300 
-13.01201 4.85400 
-13.01474 4.85500 
-13.01747 4.85600 
-13.02020 4.85700 
-13.02293 4.85800 
-13.02566 4.85900 
-13.02839 4.86000 
-13.03112 4.86100 
-13.03385 4.86200 
-13.03658 4.86300 
-13.03931 4.86400 
-13.04204 4.86500 
-13.04477 4.86600 
-13.04750 4.86700 
-13.05023 4.86800 
-13.05296 4.86900 
-13.05569 4.87000 
-13.05842 4.87100 
-13.06114 4.87200 
-13.06387 4.87300 
-13.06660 4.87400 
-13.06933 4.87500 
-13.07206 4.87600 
-13.07479 4.87700 
-13.07752 4.87800 
-13.08025 4.87900 
-13.08298 4.88000 
-13.08571 4.88100 
-13.08844 4.88200 
-13.09117 4.88300 
-13.09390 4.88400 
-13.09663 4.88500 
-13.09936 4.88600 
-13.10209 4.88700 
-13.10482 4.88800 
-13.10755 4.88900 
-13.11028 4.89000 
-13.11301 4.89100 
-13.11574 4.89200 
-13.11847 4.89300 
-13.12120 4.89400 
-13.12393 4.89500 
-13.12666 4.89600 
-13.12939 4.89700 
-13.13212 4.89800 
-13.13485 4.89900 
-13.13758 4.90000 
-13.14031 4.90100 
-13.14304 4.90200 
-13.14577 4.90300 
-13.14850 4.90400 
-13.15123 4.90500 
-13.15396 4.90600 
-13.15669 4.90700 
-13.15941 4.90800 
-13.16214 4.90900 
-13.16487 4.91000 
-13.16760 4.91100 
-13.17033 4.91200 
-13.17306 4.91300 
-13.17579 4.91400 
-13.17852 4.91500 
-13.18125 4.91600 
-13.18398 4.91700 
-13.18671 4.91800 
-13.18944 4.91900 
-13.19217 4.92000 
-13.19490 4.92100 
-13.19763 4.92200 
-13.20036 4.92300 
-13.20309 4.92400 
-13.20582 4.92500 
-13.20855 4.92600 
-13.21128 4.92700 
-13.21401 4.92800 
-13.21674 4.92900 
-13.21947 4.93000 
-13.22220 4.93100 
-13.22493 4.93200 
-13.22766 4.93300 
-13.23039 4.93400 
-13.23312 4.93500 
-13.23585 4.93600 
-13.23858 4.93700 
-13.24131 4.93800 
-13.24404 4.93900 
-13.24677 4.94000 
-13.24950 4.94100 
-13.25223 4.94200 
-13.25495 4.94300 
-13.25768 4.94400 
-13.26041 4.94500 
-13.26314 4.94600 
-13.26587 4.94700 
-13.26860 4.94800 
-13.27133 4.94900 
-13.27406 4.95000 
-13.27679 4.95100 
-13.27952 4.95200 
-13.28225 4.95300 
-13.28498 4.95400 
-13.28771 4.95500 
-13.29044 4.95600 
-13.29317 4.95700 
-13.29590 4.95800 
-13.29863 4.95900 
-13.30136 4.96000 
-13.30409 4.96100 
-13.30682 4.96200 
-13.30955 4.96300 
-13.31228 4.96400 
-13.31501 4.96500 
-13.31774 4.96600 
-13.32047 4.96700 
-13.32320 4.96800 
-13.32593 4.96900 
-13.32866 4.97000 
-13.33139 4.97100 
-13.33412 4.97200 
-13.33685 4.97300 
-13.33958 4.97400 
-13.34231 4.97500 
-13.34504 4.97600 
-13.34777 4.97700 
-13.35050 4.97800 
-13.35322 4.97900 
-13.35595 4.98000 
-13.35868 4.98100 
-13.36141 4.98200 
-13.36414 4.98300 
-13.36687 4.98400 
-13.36960 4.98500 
-13.37233 4.98600 
-13.37506 4.98700 
-13.37779 4.98800 
-13.38052 4.98900 
-13.38325 4.99000 
-13.38598 4.99100 
-13.38871 4.99200 
-13.39144 4.99300 
-13.39417 4.99400 
-13.39690 4.99500 
-13.39963 4.99600 
-13.40236 4.99700 
-13.40509 4.99800 
-13.40782 4.99900 
