0.00000 0.00000 
-0.00002 0.00100 
-0.00014 0.00200 
-0.00037 0.00300 
-0.00071 0.00400 
-0.00116 0.00500 
-0.00173 0.00600 
-0.00241 0.00700 
-0.00320 0.00800 
-0.00410 0.00900 
-0.00510 0.01000 
-0.00621 0.01100 
-0.00743 0.01200 
-0.00875 0.01300 
-0.01017 0.01400 
-0.01169 0.01500 
-0.01331 0.01600 
-0.01503 0.01700 
-0.01685 0.01800 
-0.01877 0.01900 
-0.02078 0.02000 
-0.02289 0.02100 
-0.02509 0.02200 
-0.02738 0.02300 
-0.02976 0.02400 
-0.03223 0.02500 
-0.03479 0.02600 
-0.03744 0.02700 
-0.04018 0.02800 
-0.04300 0.02900 
-0.04591 0.03000 
-0.04891 0.03100 
-0.05198 0.03200 
-0.05514 0.03300 
-0.05838 0.03400 
-0.06170 0.03500 
-0.06510 0.03600 
-0.06858 0.03700 
-0.07213 0.03800 
-0.07576 0.03900 
-0.07947 0.04000 
-0.08325 0.04100 
-0.08711 0.04200 
-0.09104 0.04300 
-0.09504 0.04400 
-0.09912 0.04500 
-0.10326 0.04600 
-0.10748 0.04700 
-0.11176 0.04800 
-0.11611 0.04900 
-0.12053 0.05000 
-0.12502 0.05100 
-0.12957 0.05200 
-0.13419 0.05300 
-0.13887 0.05400 
-0.14362 0.05500 
-0.14843 0.05600 
-0.15330 0.05700 
-0.15823 0.05800 
-0.16323 0.05900 
-0.16828 0.06000 
-0.17340 0.06100 
-0.17857 0.06200 
-0.18380 0.06300 
-0.18909 0.06400 
-0.19444 0.06500 
-0.19984 0.06600 
-0.20529 0.06700 
-0.21081 0.06800 
-0.21637 0.06900 
-0.22199 0.07000 
-0.22767 0.07100 
-0.23339 0.07200 
-0.23917 0.07300 
-0.24500 0.07400 
-0.25088 0.07500 
-0.25681 0.07600 
-0.26278 0.07700 
-0.26881 0.07800 
-0.27489 0.07900 
-0.28101 0.08000 
-0.28718 0.08100 
-0.29340 0.08200 
-0.29966 0.08300 
-0.30597 0.08400 
-0.31233 0.08500 
-0.31873 0.08600 
-0.32517 0.08700 
-0.33166 0.08800 
-0.33819 0.08900 
-0.34476 0.09000 
-0.35138 0.09100 
-0.35803 0.09200 
-0.36473 0.09300 
-0.37147 0.09400 
-0.37825 0.09500 
-0.38506 0.09600 
-0.39192 0.09700 
-0.39882 0.09800 
-0.40575 0.09900 
-0.41273 0.10000 
-0.41974 0.10100 
-0.42678 0.10200 
-0.43387 0.10300 
-0.44099 0.10400 
-0.44814 0.10500 
-0.45533 0.10600 
-0.46256 0.10700 
-0.46982 0.10800 
-0.47712 0.10900 
-0.48444 0.11000 
-0.49181 0.11100 
-0.49920 0.11200 
-0.50663 0.11300 
-0.51409 0.11400 
-0.52158 0.11500 
-0.52911 0.11600 
-0.53666 0.11700 
-0.54425 0.11800 
-0.55186 0.11900 
-0.55951 0.12000 
-0.56718 0.12100 
-0.57489 0.12200 
-0.58263 0.12300 
-0.59039 0.12400 
-0.59818 0.12500 
-0.60600 0.12600 
-0.61385 0.12700 
-0.62172 0.12800 
-0.62963 0.12900 
-0.63755 0.13000 
-0.64551 0.13100 
-0.65349 0.13200 
-0.66150 0.13300 
-0.66953 0.13400 
-0.67759 0.13500 
-0.68568 0.13600 
-0.69378 0.13700 
-0.70192 0.13800 
-0.71007 0.13900 
-0.71826 0.14000 
-0.72646 0.14100 
-0.73469 0.14200 
-0.74294 0.14300 
-0.75121 0.14400 
-0.75951 0.14500 
-0.76783 0.14600 
-0.77617 0.14700 
-0.78453 0.14800 
-0.79292 0.14900 
-0.80132 0.15000 
-0.80975 0.15100 
-0.81820 0.15200 
-0.82667 0.15300 
-0.83516 0.15400 
-0.84366 0.15500 
-0.85219 0.15600 
-0.86074 0.15700 
-0.86931 0.15800 
-0.87790 0.15900 
-0.88650 0.16000 
-0.89513 0.16100 
-0.90377 0.16200 
-0.91243 0.16300 
-0.92111 0.16400 
-0.92981 0.16500 
-0.93852 0.16600 
-0.94726 0.16700 
-0.95601 0.16800 
-0.96477 0.16900 
-0.97356 0.17000 
-0.98236 0.17100 
-0.99117 0.17200 
-1.00001 0.17300 
-1.00886 0.17400 
-1.01772 0.17500 
-1.02661 0.17600 
-1.03550 0.17700 
-1.04442 0.17800 
-1.05334 0.17900 
-1.06229 0.18000 
-1.07124 0.18100 
-1.08022 0.18200 
-1.08920 0.18300 
-1.09820 0.18400 
-1.10722 0.18500 
-1.11625 0.18600 
-1.12529 0.18700 
-1.13435 0.18800 
-1.14342 0.18900 
-1.15251 0.19000 
-1.16160 0.19100 
-1.17072 0.19200 
-1.17984 0.19300 
-1.18898 0.19400 
-1.19813 0.19500 
-1.20729 0.19600 
-1.21646 0.19700 
-1.22565 0.19800 
-1.23485 0.19900 
-1.24406 0.20000 
-1.25328 0.20100 
-1.26252 0.20200 
-1.27176 0.20300 
-1.28102 0.20400 
-1.29029 0.20500 
-1.29957 0.20600 
-1.30886 0.20700 
-1.31816 0.20800 
-1.32748 0.20900 
-1.33680 0.21000 
-1.34613 0.21100 
-1.35548 0.21200 
-1.36483 0.21300 
-1.37420 0.21400 
-1.38357 0.21500 
-1.39296 0.21600 
-1.40235 0.21700 
-1.41176 0.21800 
-1.42117 0.21900 
-1.43059 0.22000 
-1.44003 0.22100 
-1.44947 0.22200 
-1.45892 0.22300 
-1.46838 0.22400 
-1.47785 0.22500 
-1.48733 0.22600 
-1.49681 0.22700 
-1.50631 0.22800 
-1.51581 0.22900 
-1.52532 0.23000 
-1.53485 0.23100 
-1.54437 0.23200 
-1.55391 0.23300 
-1.56346 0.23400 
-1.57301 0.23500 
-1.58257 0.23600 
-1.59214 0.23700 
-1.60172 0.23800 
-1.61130 0.23900 
-1.62089 0.24000 
-1.63049 0.24100 
-1.64010 0.24200 
-1.64971 0.24300 
-1.65933 0.24400 
-1.66896 0.24500 
-1.67860 0.24600 
-1.68824 0.24700 
-1.69789 0.24800 
-1.70754 0.24900 
-1.71721 0.25000 
-1.72688 0.25100 
-1.73655 0.25200 
-1.74623 0.25300 
-1.75592 0.25400 
-1.76562 0.25500 
-1.77532 0.25600 
-1.78503 0.25700 
-1.79474 0.25800 
-1.80446 0.25900 
-1.81418 0.26000 
-1.82392 0.26100 
-1.83365 0.26200 
-1.84340 0.26300 
-1.85315 0.26400 
-1.86290 0.26500 
-1.87266 0.26600 
-1.88243 0.26700 
-1.89220 0.26800 
-1.90197 0.26900 
-1.91175 0.27000 
-1.92154 0.27100 
-1.93133 0.27200 
-1.94113 0.27300 
-1.95093 0.27400 
-1.96074 0.27500 
-1.97055 0.27600 
-1.98037 0.27700 
-1.99019 0.27800 
-2.00002 0.27900 
-2.00985 0.28000 
-2.01969 0.28100 
-2.02953 0.28200 
-2.03938 0.28300 
-2.04923 0.28400 
-2.05908 0.28500 
-2.06894 0.28600 
-2.07880 0.28700 
-2.08867 0.28800 
-2.09854 0.28900 
-2.10842 0.29000 
-2.11830 0.29100 
-2.12818 0.29200 
-2.13807 0.29300 
-2.14797 0.29400 
-2.15786 0.29500 
-2.16776 0.29600 
-2.17767 0.29700 
-2.18758 0.29800 
-2.19749 0.29900 
-2.20741 0.30000 
-2.21733 0.30100 
-2.22725 0.30200 
-2.23718 0.30300 
-2.24711 0.30400 
-2.25704 0.30500 
-2.26698 0.30600 
-2.27692 0.30700 
-2.28686 0.30800 
-2.29681 0.30900 
-2.30676 0.31000 
-2.31672 0.31100 
-2.32668 0.31200 
-2.33664 0.31300 
-2.34660 0.31400 
-2.35657 0.31500 
-2.36654 0.31600 
-2.37652 0.31700 
-2.38649 0.31800 
-2.39647 0.31900 
-2.40646 0.32000 
-2.41644 0.32100 
-2.42643 0.32200 
-2.43642 0.32300 
-2.44642 0.32400 
-2.45642 0.32500 
-2.46642 0.32600 
-2.47642 0.32700 
-2.48643 0.32800 
-2.49643 0.32900 
-2.50645 0.33000 
-2.51646 0.33100 
-2.52648 0.33200 
-2.53650 0.33300 
-2.54652 0.33400 
-2.55654 0.33500 
-2.56657 0.33600 
-2.57660 0.33700 
-2.58663 0.33800 
-2.59666 0.33900 
-2.60670 0.34000 
-2.61674 0.34100 
-2.62678 0.34200 
-2.63682 0.34300 
-2.64687 0.34400 
-2.65692 0.34500 
-2.66697 0.34600 
-2.67702 0.34700 
-2.68707 0.34800 
-2.69713 0.34900 
-2.70719 0.35000 
-2.71725 0.35100 
-2.72731 0.35200 
-2.73738 0.35300 
-2.74744 0.35400 
-2.75751 0.35500 
-2.76758 0.35600 
-2.77766 0.35700 
-2.78773 0.35800 
-2.79781 0.35900 
-2.80789 0.36000 
-2.81797 0.36100 
-2.82805 0.36200 
-2.83813 0.36300 
-2.84822 0.36400 
-2.85831 0.36500 
-2.86840 0.36600 
-2.87849 0.36700 
-2.88858 0.36800 
-2.89868 0.36900 
-2.90877 0.37000 
-2.91887 0.37100 
-2.92897 0.37200 
-2.93907 0.37300 
-2.94918 0.37400 
-2.95928 0.37500 
-2.96939 0.37600 
-2.97949 0.37700 
-2.98960 0.37800 
-2.99971 0.37900 
-3.00983 0.38000 
-3.01994 0.38100 
-3.03005 0.38200 
-3.04017 0.38300 
-3.05029 0.38400 
-3.06041 0.38500 
-3.07053 0.38600 
-3.08065 0.38700 
-3.09077 0.38800 
-3.10090 0.38900 
-3.11103 0.39000 
-3.12115 0.39100 
-3.13128 0.39200 
-3.14141 0.39300 
-3.15154 0.39400 
-3.16168 0.39500 
-3.17181 0.39600 
-3.18195 0.39700 
-3.19208 0.39800 
-3.20222 0.39900 
-3.21236 0.40000 
-3.22250 0.40100 
-3.23264 0.40200 
-3.24278 0.40300 
-3.25293 0.40400 
-3.26307 0.40500 
-3.27322 0.40600 
-3.28336 0.40700 
-3.29351 0.40800 
-3.30366 0.40900 
-3.31381 0.41000 
-3.32396 0.41100 
-3.33411 0.41200 
-3.34427 0.41300 
-3.35442 0.41400 
-3.36458 0.41500 
-3.37473 0.41600 
-3.38489 0.41700 
-3.39505 0.41800 
-3.40521 0.41900 
-3.41537 0.42000 
-3.42553 0.42100 
-3.43569 0.42200 
-3.44585 0.42300 
-3.45602 0.42400 
-3.46618 0.42500 
-3.47635 0.42600 
-3.48651 0.42700 
-3.49668 0.42800 
-3.50685 0.42900 
-3.51702 0.43000 
-3.52719 0.43100 
-3.53736 0.43200 
-3.54753 0.43300 
-3.55770 0.43400 
-3.56787 0.43500 
-3.57805 0.43600 
-3.58822 0.43700 
-3.59840 0.43800 
-3.60857 0.43900 
-3.61875 0.44000 
-3.62893 0.44100 
-3.63910 0.44200 
-3.64928 0.44300 
-3.65946 0.44400 
-3.66964 0.44500 
-3.67983 0.44600 
-3.69001 0.44700 
-3.70019 0.44800 
-3.71037 0.44900 
-3.72056 0.45000 
-3.73074 0.45100 
-3.74093 0.45200 
-3.75111 0.45300 
-3.76130 0.45400 
-3.77149 0.45500 
-3.78167 0.45600 
-3.79186 0.45700 
-3.80205 0.45800 
-3.81224 0.45900 
-3.82243 0.46000 
-3.83262 0.46100 
-3.84281 0.46200 
-3.85300 0.46300 
-3.86320 0.46400 
-3.87339 0.46500 
-3.88358 0.46600 
-3.89378 0.46700 
-3.90397 0.46800 
-3.91417 0.46900 
-3.92436 0.47000 
-3.93456 0.47100 
-3.94476 0.47200 
-3.95495 0.47300 
-3.96515 0.47400 
-3.97535 0.47500 
-3.98555 0.47600 
-3.99575 0.47700 
-4.00595 0.47800 
-4.01615 0.47900 
-4.02635 0.48000 
-4.03655 0.48100 
-4.04675 0.48200 
-4.05695 0.48300 
-4.06716 0.48400 
-4.07736 0.48500 
-4.08756 0.48600 
-4.09777 0.48700 
-4.10797 0.48800 
-4.11818 0.48900 
-4.12838 0.49000 
-4.13859 0.49100 
-4.14879 0.49200 
-4.15900 0.49300 
-4.16921 0.49400 
-4.17941 0.49500 
-4.18962 0.49600 
-4.19983 0.49700 
-4.21004 0.49800 
-4.22025 0.49900 
-4.23046 0.50000 
-4.24066 0.50100 
-4.25087 0.50200 
-4.26108 0.50300 
-4.27130 0.50400 
-4.28151 0.50500 
-4.29172 0.50600 
-4.30193 0.50700 
-4.31214 0.50800 
-4.32235 0.50900 
-4.33257 0.51000 
-4.34278 0.51100 
-4.35299 0.51200 
-4.36321 0.51300 
-4.37342 0.51400 
-4.38363 0.51500 
-4.39385 0.51600 
-4.40406 0.51700 
-4.41428 0.51800 
-4.42449 0.51900 
-4.43471 0.52000 
-4.44493 0.52100 
-4.45514 0.52200 
-4.46536 0.52300 
-4.47558 0.52400 
-4.48579 0.52500 
-4.49601 0.52600 
-4.50623 0.52700 
-4.51645 0.52800 
-4.52667 0.52900 
-4.53688 0.53000 
-4.54710 0.53100 
-4.55732 0.53200 
-4.56754 0.53300 
-4.57776 0.53400 
-4.58798 0.53500 
-4.59820 0.53600 
-4.60842 0.53700 
-4.61864 0.53800 
-4.62886 0.53900 
-4.63908 0.54000 
-4.64931 0.54100 
-4.65953 0.54200 
-4.66975 0.54300 
-4.67997 0.54400 
-4.69019 0.54500 
-4.70042 0.54600 
-4.71064 0.54700 
-4.72086 0.54800 
-4.73108 0.54900 
-4.74131 0.55000 
-4.75153 0.55100 
-4.76175 0.55200 
-4.77198 0.55300 
-4.78220 0.55400 
-4.79243 0.55500 
-4.80265 0.55600 
-4.81288 0.55700 
-4.82310 0.55800 
-4.83333 0.55900 
-4.84355 0.56000 
-4.85378 0.56100 
-4.86400 0.56200 
-4.87423 0.56300 
-4.88445 0.56400 
-4.89468 0.56500 
-4.90491 0.56600 
-4.91513 0.56700 
-4.92536 0.56800 
-4.93559 0.56900 
-4.94581 0.57000 
-4.95604 0.57100 
-4.96627 0.57200 
-4.97650 0.57300 
-4.98672 0.57400 
-4.99695 0.57500 
-5.00718 0.57600 
-5.01741 0.57700 
-5.02764 0.57800 
-5.03786 0.57900 
-5.04809 0.58000 
-5.05832 0.58100 
-5.06855 0.58200 
-5.07878 0.58300 
-5.08901 0.58400 
-5.09924 0.58500 
-5.10947 0.58600 
-5.11970 0.58700 
-5.12993 0.58800 
-5.14016 0.58900 
-5.15039 0.59000 
-5.16062 0.59100 
-5.17085 0.59200 
-5.18108 0.59300 
-5.19131 0.59400 
-5.20154 0.59500 
-5.21177 0.59600 
-5.22200 0.59700 
-5.23223 0.59800 
-5.24246 0.59900 
-5.25269 0.60000 
-5.26293 0.60100 
-5.27316 0.60200 
-5.28339 0.60300 
-5.29362 0.60400 
-5.30385 0.60500 
-5.31408 0.60600 
-5.32432 0.60700 
-5.33455 0.60800 
-5.34478 0.60900 
-5.35501 0.61000 
-5.36525 0.61100 
-5.37548 0.61200 
-5.38571 0.61300 
-5.39594 0.61400 
-5.40618 0.61500 
-5.41641 0.61600 
-5.42664 0.61700 
-5.43688 0.61800 
-5.44711 0.61900 
-5.45734 0.62000 
-5.46758 0.62100 
-5.47781 0.62200 
-5.48804 0.62300 
-5.49828 0.62400 
-5.50851 0.62500 
-5.51875 0.62600 
-5.52898 0.62700 
-5.53921 0.62800 
-5.54945 0.62900 
-5.55968 0.63000 
-5.56992 0.63100 
-5.58015 0.63200 
-5.59039 0.63300 
-5.60062 0.63400 
-5.61085 0.63500 
-5.62109 0.63600 
-5.63132 0.63700 
-5.64156 0.63800 
-5.65179 0.63900 
-5.66203 0.64000 
-5.67226 0.64100 
-5.68250 0.64200 
-5.69273 0.64300 
-5.70297 0.64400 
-5.71321 0.64500 
-5.72344 0.64600 
-5.73368 0.64700 
-5.74391 0.64800 
-5.75415 0.64900 
-5.76438 0.65000 
-5.77462 0.65100 
-5.78486 0.65200 
-5.79509 0.65300 
-5.80533 0.65400 
-5.81556 0.65500 
-5.82580 0.65600 
-5.83604 0.65700 
-5.84627 0.65800 
-5.85651 0.65900 
-5.86675 0.66000 
-5.87698 0.66100 
-5.88722 0.66200 
-5.89745 0.66300 
-5.90769 0.66400 
-5.91793 0.66500 
-5.92816 0.66600 
-5.93840 0.66700 
-5.94864 0.66800 
-5.95888 0.66900 
-5.96911 0.67000 
-5.97935 0.67100 
-5.98959 0.67200 
-5.99982 0.67300 
-6.01006 0.67400 
-6.02030 0.67500 
-6.03054 0.67600 
-6.04077 0.67700 
-6.05101 0.67800 
-6.06125 0.67900 
-6.07148 0.68000 
-6.08172 0.68100 
-6.09196 0.68200 
-6.10220 0.68300 
-6.11244 0.68400 
-6.12267 0.68500 
-6.13291 0.68600 
-6.14315 0.68700 
-6.15339 0.68800 
-6.16362 0.68900 
-6.17386 0.69000 
-6.18410 0.69100 
-6.19434 0.69200 
-6.20458 0.69300 
-6.21481 0.69400 
-6.22505 0.69500 
-6.23529 0.69600 
-6.24553 0.69700 
-6.25577 0.69800 
-6.26601 0.69900 
-6.27624 0.70000 
-6.28648 0.70100 
-6.29672 0.70200 
-6.30696 0.70300 
-6.31720 0.70400 
-6.32744 0.70500 
-6.33767 0.70600 
-6.34791 0.70700 
-6.35815 0.70800 
-6.36839 0.70900 
-6.37863 0.71000 
-6.38887 0.71100 
-6.39911 0.71200 
-6.40934 0.71300 
-6.41958 0.71400 
-6.42982 0.71500 
-6.44006 0.71600 
-6.45030 0.71700 
-6.46054 0.71800 
-6.47078 0.71900 
-6.48102 0.72000 
-6.49126 0.72100 
-6.50150 0.72200 
-6.51173 0.72300 
-6.52197 0.72400 
-6.53221 0.72500 
-6.54245 0.72600 
-6.55269 0.72700 
-6.56293 0.72800 
-6.57317 0.72900 
-6.58341 0.73000 
-6.59365 0.73100 
-6.60389 0.73200 
-6.61413 0.73300 
-6.62437 0.73400 
-6.63461 0.73500 
-6.64484 0.73600 
-6.65508 0.73700 
-6.66532 0.73800 
-6.67556 0.73900 
-6.68580 0.74000 
-6.69604 0.74100 
-6.70628 0.74200 
-6.71652 0.74300 
-6.72676 0.74400 
-6.73700 0.74500 
-6.74724 0.74600 
-6.75748 0.74700 
-6.76772 0.74800 
-6.77796 0.74900 
-6.78820 0.75000 
-6.79844 0.75100 
-6.80868 0.75200 
-6.81892 0.75300 
-6.82916 0.75400 
-6.83940 0.75500 
-6.84964 0.75600 
-6.85988 0.75700 
-6.87012 0.75800 
-6.88036 0.75900 
-6.89060 0.76000 
-6.90084 0.76100 
-6.91108 0.76200 
-6.92132 0.76300 
-6.93156 0.76400 
-6.94180 0.76500 
-6.95204 0.76600 
-6.96228 0.76700 
-6.97252 0.76800 
-6.98276 0.76900 
-6.99300 0.77000 
-7.00324 0.77100 
-7.01348 0.77200 
-7.02372 0.77300 
-7.03396 0.77400 
-7.04420 0.77500 
-7.05444 0.77600 
-7.06468 0.77700 
-7.07492 0.77800 
-7.08516 0.77900 
-7.09540 0.78000 
-7.10564 0.78100 
-7.11588 0.78200 
-7.12612 0.78300 
-7.13636 0.78400 
-7.14660 0.78500 
-7.15684 0.78600 
-7.16708 0.78700 
-7.17732 0.78800 
-7.18756 0.78900 
-7.19780 0.79000 
-7.20804 0.79100 
-7.21828 0.79200 
-7.22852 0.79300 
-7.23877 0.79400 
-7.24901 0.79500 
-7.25925 0.79600 
-7.26949 0.79700 
-7.27973 0.79800 
-7.28997 0.79900 
-7.30021 0.80000 
-7.31045 0.80100 
-7.32069 0.80200 
-7.33093 0.80300 
-7.34117 0.80400 
-7.35141 0.80500 
-7.36165 0.80600 
-7.37189 0.80700 
-7.38213 0.80800 
-7.39237 0.80900 
-7.40261 0.81000 
-7.41286 0.81100 
-7.42310 0.81200 
-7.43334 0.81300 
-7.44358 0.81400 
-7.45382 0.81500 
-7.46406 0.81600 
-7.47430 0.81700 
-7.48454 0.81800 
-7.49478 0.81900 
-7.50502 0.82000 
-7.51526 0.82100 
-7.52550 0.82200 
-7.53574 0.82300 
-7.54598 0.82400 
-7.55623 0.82500 
-7.56647 0.82600 
-7.57671 0.82700 
-7.58695 0.82800 
-7.59719 0.82900 
-7.60743 0.83000 
-7.61767 0.83100 
-7.62791 0.83200 
-7.63815 0.83300 
-7.64839 0.83400 
-7.65863 0.83500 
-7.66887 0.83600 
-7.67912 0.83700 
-7.68936 0.83800 
-7.69960 0.83900 
-7.70984 0.84000 
-7.72008 0.84100 
-7.73032 0.84200 
-7.74056 0.84300 
-7.75080 0.84400 
-7.76104 0.84500 
-7.77128 0.84600 
-7.78153 0.84700 
-7.79177 0.84800 
-7.80201 0.84900 
-7.81225 0.85000 
-7.82249 0.85100 
-7.83273 0.85200 
-7.84297 0.85300 
-7.85321 0.85400 
-7.86345 0.85500 
-7.87369 0.85600 
-7.88394 0.85700 
-7.89418 0.85800 
-7.90442 0.85900 
-7.91466 0.86000 
-7.92490 0.86100 
-7.93514 0.86200 
-7.94538 0.86300 
-7.95562 0.86400 
-7.96586 0.86500 
-7.97611 0.86600 
-7.98635 0.86700 
-7.99659 0.86800 
-8.00683 0.86900 
-8.01707 0.87000 
-8.02731 0.87100 
-8.03755 0.87200 
-8.04779 0.87300 
-8.05803 0.87400 
-8.06828 0.87500 
-8.07852 0.87600 
-8.08876 0.87700 
-8.09900 0.87800 
-8.10924 0.87900 
-8.11948 0.88000 
-8.12972 0.88100 
-8.13996 0.88200 
-8.15020 0.88300 
-8.16045 0.88400 
-8.17069 0.88500 
-8.18093 0.88600 
-8.19117 0.88700 
-8.20141 0.88800 
-8.21165 0.88900 
-8.22189 0.89000 
-8.23213 0.89100 
-8.24238 0.89200 
-8.25262 0.89300 
-8.26286 0.89400 
-8.27310 0.89500 
-8.28334 0.89600 
-8.29358 0.89700 
-8.30382 0.89800 
-8.31406 0.89900 
-8.32431 0.90000 
-8.33455 0.90100 
-8.34479 0.90200 
-8.35503 0.90300 
-8.36527 0.90400 
-8.37551 0.90500 
-8.38575 0.90600 
-8.39599 0.90700 
-8.40624 0.90800 
-8.41648 0.90900 
-8.42672 0.91000 
-8.43696 0.91100 
-8.44720 0.91200 
-8.45744 0.91300 
-8.46768 0.91400 
-8.47792 0.91500 
-8.48817 0.91600 
-8.49841 0.91700 
-8.50865 0.91800 
-8.51889 0.91900 
-8.52913 0.92000 
-8.53937 0.92100 
-8.54961 0.92200 
-8.55986 0.92300 
-8.57010 0.92400 
-8.58034 0.92500 
-8.59058 0.92600 
-8.60082 0.92700 
-8.61106 0.92800 
-8.62130 0.92900 
-8.63154 0.93000 
-8.64179 0.93100 
-8.65203 0.93200 
-8.66227 0.93300 
-8.67251 0.93400 
-8.68275 0.93500 
-8.69299 0.93600 
-8.70323 0.93700 
-8.71348 0.93800 
-8.72372 0.93900 
-8.73396 0.94000 
-8.74420 0.94100 
-8.75444 0.94200 
-8.76468 0.94300 
-8.77492 0.94400 
-8.78516 0.94500 
-8.79541 0.94600 
-8.80565 0.94700 
-8.81589 0.94800 
-8.82613 0.94900 
-8.83637 0.95000 
-8.84661 0.95100 
-8.85685 0.95200 
-8.86710 0.95300 
-8.87734 0.95400 
-8.88758 0.95500 
-8.89782 0.95600 
-8.90806 0.95700 
-8.91830 0.95800 
-8.92854 0.95900 
-8.93879 0.96000 
-8.94903 0.96100 
-8.95927 0.96200 
-8.96951 0.96300 
-8.97975 0.96400 
-8.98999 0.96500 
-9.00023 0.96600 
-9.01048 0.96700 
-9.02072 0.96800 
-9.03096 0.96900 
-9.04120 0.97000 
-9.05144 0.97100 
-9.06168 0.97200 
-9.07192 0.97300 
-9.08217 0.97400 
-9.09241 0.97500 
-9.10265 0.97600 
-9.11289 0.97700 
-9.12313 0.97800 
-9.13337 0.97900 
-9.14361 0.98000 
-9.15386 0.98100 
-9.16410 0.98200 
-9.17434 0.98300 
-9.18458 0.98400 
-9.19482 0.98500 
-9.20506 0.98600 
-9.21530 0.98700 
-9.22555 0.98800 
-9.23579 0.98900 
-9.24603 0.99000 
-9.25627 0.99100 
-9.26651 0.99200 
-9.27675 0.99300 
-9.28700 0.99400 
-9.29724 0.99500 
-9.30748 0.99600 
-9.31772 0.99700 
-9.32796 0.99800 
-9.33820 0.99900 
-9.34844 1.00000 
-9.35869 1.00100 
-9.36893 1.00200 
-9.37917 1.00300 
-9.38941 1.00400 
-9.39965 1.00500 
-9.40989 1.00600 
-9.42013 1.00700 
-9.43038 1.00800 
-9.44062 1.00900 
-9.45086 1.01000 
-9.46110 1.01100 
-9.47134 1.01200 
-9.48158 1.01300 
-9.49182 1.01400 
-9.50207 1.01500 
-9.51231 1.01600 
-9.52255 1.01700 
-9.53279 1.01800 
-9.54303 1.01900 
-9.55327 1.02000 
-9.56352 1.02100 
-9.57376 1.02200 
-9.58400 1.02300 
-9.59424 1.02400 
-9.60448 1.02500 
-9.61472 1.02600 
-9.62496 1.02700 
-9.63521 1.02800 
-9.64545 1.02900 
-9.65569 1.03000 
-9.66593 1.03100 
-9.67617 1.03200 
-9.68641 1.03300 
-9.69665 1.03400 
-9.70690 1.03500 
-9.71714 1.03600 
-9.72738 1.03700 
-9.73762 1.03800 
-9.74786 1.03900 
-9.75810 1.04000 
-9.76835 1.04100 
-9.77859 1.04200 
-9.78883 1.04300 
-9.79907 1.04400 
-9.80931 1.04500 
-9.81955 1.04600 
-9.82979 1.04700 
-9.84004 1.04800 
-9.85028 1.04900 
-9.86052 1.05000 
-9.87076 1.05100 
-9.88100 1.05200 
-9.89124 1.05300 
-9.90149 1.05400 
-9.91173 1.05500 
-9.92197 1.05600 
-9.93221 1.05700 
-9.94245 1.05800 
-9.95269 1.05900 
-9.96293 1.06000 
-9.97318 1.06100 
-9.98342 1.06200 
-9.99366 1.06300 
-10.00390 1.06400 
-10.01414 1.06500 
-10.02438 1.06600 
-10.03463 1.06700 
-10.04487 1.06800 
-10.05511 1.06900 
-10.06535 1.07000 
-10.07559 1.07100 
-10.08583 1.07200 
-10.09607 1.07300 
-10.10632 1.07400 
-10.11656 1.07500 
-10.12680 1.07600 
-10.13704 1.07700 
-10.14728 1.07800 
-10.15752 1.07900 
-10.16777 1.08000 
-10.17801 1.08100 
-10.18825 1.08200 
-10.19849 1.08300 
-10.20873 1.08400 
-10.21897 1.08500 
-10.22921 1.08600 
-10.23946 1.08700 
-10.24970 1.08800 
-10.25994 1.08900 
-10.27018 1.09000 
-10.28042 1.09100 
-10.29066 1.09200 
-10.30091 1.09300 
-10.31115 1.09400 
-10.32139 1.09500 
-10.33163 1.09600 
-10.34187 1.09700 
-10.35211 1.09800 
-10.36235 1.09900 
-10.37260 1.10000 
-10.38284 1.10100 
-10.39308 1.10200 
-10.40332 1.10300 
-10.41356 1.10400 
-10.42380 1.10500 
-10.43405 1.10600 
-10.44429 1.10700 
-10.45453 1.10800 
-10.46477 1.10900 
-10.47501 1.11000 
-10.48525 1.11100 
-10.49549 1.11200 
-10.50574 1.11300 
-10.51598 1.11400 
-10.52622 1.11500 
-10.53646 1.11600 
-10.54670 1.11700 
-10.55694 1.11800 
-10.56719 1.11900 
-10.57743 1.12000 
-10.58767 1.12100 
-10.59791 1.12200 
-10.60815 1.12300 
-10.61839 1.12400 
-10.62864 1.12500 
-10.63888 1.12600 
-10.64912 1.12700 
-10.65936 1.12800 
-10.66960 1.12900 
-10.67984 1.13000 
-10.69008 1.13100 
-10.70033 1.13200 
-10.71057 1.13300 
-10.72081 1.13400 
-10.73105 1.13500 
-10.74129 1.13600 
-10.75153 1.13700 
-10.76178 1.13800 
-10.77202 1.13900 
-10.78226 1.14000 
-10.79250 1.14100 
-10.80274 1.14200 
-10.81298 1.14300 
-10.82322 1.14400 
-10.83347 1.14500 
-10.84371 1.14600 
-10.85395 1.14700 
-10.86419 1.14800 
-10.87443 1.14900 
-10.88467 1.15000 
-10.89492 1.15100 
-10.90516 1.15200 
-10.91540 1.15300 
-10.92564 1.15400 
-10.93588 1.15500 
-10.94612 1.15600 
-10.95637 1.15700 
-10.96661 1.15800 
-10.97685 1.15900 
-10.98709 1.16000 
-10.99733 1.16100 
-11.00757 1.16200 
-11.01781 1.16300 
-11.02806 1.16400 
-11.03830 1.16500 
-11.04854 1.16600 
-11.05878 1.16700 
-11.06902 1.16800 
-11.07926 1.16900 
-11.08951 1.17000 
-11.09975 1.17100 
-11.10999 1.17200 
-11.12023 1.17300 
-11.13047 1.17400 
-11.14071 1.17500 
-11.15095 1.17600 
-11.16120 1.17700 
-11.17144 1.17800 
-11.18168 1.17900 
-11.19192 1.18000 
-11.20216 1.18100 
-11.21240 1.18200 
-11.22265 1.18300 
-11.23289 1.18400 
-11.24313 1.18500 
-11.25337 1.18600 
-11.26361 1.18700 
-11.27385 1.18800 
-11.28410 1.18900 
-11.29434 1.19000 
-11.30458 1.19100 
-11.31482 1.19200 
-11.32506 1.19300 
-11.33530 1.19400 
-11.34554 1.19500 
-11.35579 1.19600 
-11.36603 1.19700 
-11.37627 1.19800 
-11.38651 1.19900 
-11.39675 1.20000 
-11.40699 1.20100 
-11.41724 1.20200 
-11.42748 1.20300 
-11.43772 1.20400 
-11.44796 1.20500 
-11.45820 1.20600 
-11.46844 1.20700 
-11.47869 1.20800 
-11.48893 1.20900 
-11.49917 1.21000 
-11.50941 1.21100 
-11.51965 1.21200 
-11.52989 1.21300 
-11.54013 1.21400 
-11.55038 1.21500 
-11.56062 1.21600 
-11.57086 1.21700 
-11.58110 1.21800 
-11.59134 1.21900 
-11.60158 1.22000 
-11.61183 1.22100 
-11.62207 1.22200 
-11.63231 1.22300 
-11.64255 1.22400 
-11.65279 1.22500 
-11.66303 1.22600 
-11.67328 1.22700 
-11.68352 1.22800 
-11.69376 1.22900 
-11.70400 1.23000 
-11.71424 1.23100 
-11.72448 1.23200 
-11.73472 1.23300 
-11.74497 1.23400 
-11.75521 1.23500 
-11.76545 1.23600 
-11.77569 1.23700 
-11.78593 1.23800 
-11.79617 1.23900 
-11.80642 1.24000 
-11.81666 1.24100 
-11.82690 1.24200 
-11.83714 1.24300 
-11.84738 1.24400 
-11.85762 1.24500 
-11.86786 1.24600 
-11.87811 1.24700 
-11.88835 1.24800 
-11.89859 1.24900 
-11.90883 1.25000 
-11.91907 1.25100 
-11.92931 1.25200 
-11.93956 1.25300 
-11.94980 1.25400 
-11.96004 1.25500 
-11.97028 1.25600 
-11.98052 1.25700 
-11.99076 1.25800 
-12.00101 1.25900 
-12.01125 1.26000 
-12.02149 1.26100 
-12.03173 1.26200 
-12.04197 1.26300 
-12.05221 1.26400 
-12.06245 1.26500 
-12.07270 1.26600 
-12.08294 1.26700 
-12.09318 1.26800 
-12.10342 1.26900 
-12.11366 1.27000 
-12.12390 1.27100 
-12.13415 1.27200 
-12.14439 1.27300 
-12.15463 1.27400 
-12.16487 1.27500 
-12.17511 1.27600 
-12.18535 1.27700 
-12.19560 1.27800 
-12.20584 1.27900 
-12.21608 1.28000 
-12.22632 1.28100 
-12.23656 1.28200 
-12.24680 1.28300 
-12.25704 1.28400 
-12.26729 1.28500 
-12.27753 1.28600 
-12.28777 1.28700 
-12.29801 1.28800 
-12.30825 1.28900 
-12.31849 1.29000 
-12.32874 1.29100 
-12.33898 1.29200 
-12.34922 1.29300 
-12.35946 1.29400 
-12.36970 1.29500 
-12.37994 1.29600 
-12.39019 1.29700 
-12.40043 1.29800 
-12.41067 1.29900 
-12.42091 1.30000 
-12.43115 1.30100 
-12.44139 1.30200 
-12.45163 1.30300 
-12.46188 1.30400 
-12.47212 1.30500 
-12.48236 1.30600 
-12.49260 1.30700 
-12.50284 1.30800 
-12.51308 1.30900 
-12.52333 1.31000 
-12.53357 1.31100 
-12.54381 1.31200 
-12.55405 1.31300 
-12.56429 1.31400 
-12.57453 1.31500 
-12.58478 1.31600 
-12.59502 1.31700 
-12.60526 1.31800 
-12.61550 1.31900 
-12.62574 1.32000 
-12.63598 1.32100 
-12.64622 1.32200 
-12.65647 1.32300 
-12.66671 1.32400 
-12.67695 1.32500 
-12.68719 1.32600 
-12.69743 1.32700 
-12.70767 1.32800 
-12.71792 1.32900 
-12.72816 1.33000 
-12.73840 1.33100 
-12.74864 1.33200 
-12.75888 1.33300 
-12.76912 1.33400 
-12.77937 1.33500 
-12.78961 1.33600 
-12.79985 1.33700 
-12.81009 1.33800 
-12.82033 1.33900 
-12.83057 1.34000 
-12.84081 1.34100 
-12.85106 1.34200 
-12.86130 1.34300 
-12.87154 1.34400 
-12.88178 1.34500 
-12.89202 1.34600 
-12.90226 1.34700 
-12.91251 1.34800 
-12.92275 1.34900 
-12.93299 1.35000 
-12.94323 1.35100 
-12.95347 1.35200 
-12.96371 1.35300 
-12.97396 1.35400 
-12.98420 1.35500 
-12.99444 1.35600 
-13.00468 1.35700 
-13.01492 1.35800 
-13.02516 1.35900 
-13.03541 1.36000 
-13.04565 1.36100 
-13.05589 1.36200 
-13.06613 1.36300 
-13.07637 1.36400 
-13.08661 1.36500 
-13.09685 1.36600 
-13.10710 1.36700 
-13.11734 1.36800 
-13.12758 1.36900 
-13.13782 1.37000 
-13.14806 1.37100 
-13.15830 1.37200 
-13.16855 1.37300 
-13.17879 1.37400 
-13.18903 1.37500 
-13.19927 1.37600 
-13.20951 1.37700 
-13.21975 1.37800 
-13.23000 1.37900 
-13.24024 1.38000 
-13.25048 1.38100 
-13.26072 1.38200 
-13.27096 1.38300 
-13.28120 1.38400 
-13.29144 1.38500 
-13.30169 1.38600 
-13.31193 1.38700 
-13.32217 1.38800 
-13.33241 1.38900 
-13.34265 1.39000 
-13.35289 1.39100 
-13.36314 1.39200 
-13.37338 1.39300 
-13.38362 1.39400 
-13.39386 1.39500 
-13.40410 1.39600 
-13.41434 1.39700 
-13.42459 1.39800 
-13.43483 1.39900 
-13.44507 1.40000 
-13.45531 1.40100 
-13.46555 1.40200 
-13.47579 1.40300 
-13.48603 1.40400 
-13.49628 1.40500 
-13.50652 1.40600 
-13.51676 1.40700 
-13.52700 1.40800 
-13.53724 1.40900 
-13.54748 1.41000 
-13.55773 1.41100 
-13.56797 1.41200 
-13.57821 1.41300 
-13.58845 1.41400 
-13.59869 1.41500 
-13.60893 1.41600 
-13.61918 1.41700 
-13.62942 1.41800 
-13.63966 1.41900 
-13.64990 1.42000 
-13.66014 1.42100 
-13.67038 1.42200 
-13.68062 1.42300 
-13.69087 1.42400 
-13.70111 1.42500 
-13.71135 1.42600 
-13.72159 1.42700 
-13.73183 1.42800 
-13.74207 1.42900 
-13.75232 1.43000 
-13.76256 1.43100 
-13.77280 1.43200 
-13.78304 1.43300 
-13.79328 1.43400 
-13.80352 1.43500 
-13.81377 1.43600 
-13.82401 1.43700 
-13.83425 1.43800 
-13.84449 1.43900 
-13.85473 1.44000 
-13.86497 1.44100 
-13.87521 1.44200 
-13.88546 1.44300 
-13.89570 1.44400 
-13.90594 1.44500 
-13.91618 1.44600 
-13.92642 1.44700 
-13.93666 1.44800 
-13.94691 1.44900 
-13.95715 1.45000 
-13.96739 1.45100 
-13.97763 1.45200 
-13.98787 1.45300 
-13.99811 1.45400 
-14.00836 1.45500 
-14.01860 1.45600 
-14.02884 1.45700 
-14.03908 1.45800 
-14.04932 1.45900 
-14.05956 1.46000 
-14.06980 1.46100 
-14.08005 1.46200 
-14.09029 1.46300 
-14.10053 1.46400 
-14.11077 1.46500 
-14.12101 1.46600 
-14.13125 1.46700 
-14.14150 1.46800 
-14.15174 1.46900 
-14.16198 1.47000 
-14.17222 1.47100 
-14.18246 1.47200 
-14.19270 1.47300 
-14.20295 1.47400 
-14.21319 1.47500 
-14.22343 1.47600 
-14.23367 1.47700 
-14.24391 1.47800 
-14.25415 1.47900 
-14.26439 1.48000 
-14.27464 1.48100 
-14.28488 1.48200 
-14.29512 1.48300 
-14.30536 1.48400 
-14.31560 1.48500 
-14.32584 1.48600 
-14.33609 1.48700 
-14.34633 1.48800 
-14.35657 1.48900 
-14.36681 1.49000 
-14.37705 1.49100 
-14.38729 1.49200 
-14.39754 1.49300 
-14.40778 1.49400 
-14.41802 1.49500 
-14.42826 1.49600 
-14.43850 1.49700 
-14.44874 1.49800 
-14.45898 1.49900 
-14.46923 1.50000 
-14.47947 1.50100 
-14.48971 1.50200 
-14.49995 1.50300 
-14.51019 1.50400 
-14.52043 1.50500 
-14.53068 1.50600 
-14.54092 1.50700 
-14.55116 1.50800 
-14.56140 1.50900 
-14.57164 1.51000 
-14.58188 1.51100 
-14.59213 1.51200 
-14.60237 1.51300 
-14.61261 1.51400 
-14.62285 1.51500 
-14.63309 1.51600 
-14.64333 1.51700 
-14.65358 1.51800 
-14.66382 1.51900 
-14.67406 1.52000 
-14.68430 1.52100 
-14.69454 1.52200 
-14.70478 1.52300 
-14.71502 1.52400 
-14.72527 1.52500 
-14.73551 1.52600 
-14.74575 1.52700 
-14.75599 1.52800 
-14.76623 1.52900 
-14.77647 1.53000 
-14.78672 1.53100 
-14.79696 1.53200 
-14.80720 1.53300 
-14.81744 1.53400 
-14.82768 1.53500 
-14.83792 1.53600 
-14.84817 1.53700 
-14.85841 1.53800 
-14.86865 1.53900 
-14.87889 1.54000 
-14.88913 1.54100 
-14.89937 1.54200 
-14.90961 1.54300 
-14.91986 1.54400 
-14.93010 1.54500 
-14.94034 1.54600 
-14.95058 1.54700 
-14.96082 1.54800 
-14.97106 1.54900 
-14.98131 1.55000 
-14.99155 1.55100 
-15.00179 1.55200 
-15.01203 1.55300 
-15.02227 1.55400 
-15.03251 1.55500 
-15.04276 1.55600 
-15.05300 1.55700 
-15.06324 1.55800 
-15.07348 1.55900 
-15.08372 1.56000 
-15.09396 1.56100 
-15.10420 1.56200 
-15.11445 1.56300 
-15.12469 1.56400 
-15.13493 1.56500 
-15.14517 1.56600 
-15.15541 1.56700 
-15.16565 1.56800 
-15.17590 1.56900 
-15.18614 1.57000 
-15.19638 1.57100 
-15.20662 1.57200 
-15.21686 1.57300 
-15.22710 1.57400 
-15.23735 1.57500 
-15.24759 1.57600 
-15.25783 1.57700 
-15.26807 1.57800 
-15.27831 1.57900 
-15.28855 1.58000 
-15.29879 1.58100 
-15.30904 1.58200 
-15.31928 1.58300 
-15.32952 1.58400 
-15.33976 1.58500 
-15.35000 1.58600 
-15.36024 1.58700 
-15.37049 1.58800 
-15.38073 1.58900 
-15.39097 1.59000 
-15.40121 1.59100 
-15.41145 1.59200 
-15.42169 1.59300 
-15.43194 1.59400 
-15.44218 1.59500 
-15.45242 1.59600 
-15.46266 1.59700 
-15.47290 1.59800 
-15.48314 1.59900 
-15.49338 1.60000 
-15.50363 1.60100 
-15.51387 1.60200 
-15.52411 1.60300 
-15.53435 1.60400 
-15.54459 1.60500 
-15.55483 1.60600 
-15.56508 1.60700 
-15.57532 1.60800 
-15.58556 1.60900 
-15.59580 1.61000 
-15.60604 1.61100 
-15.61628 1.61200 
-15.62653 1.61300 
-15.63677 1.61400 
-15.64701 1.61500 
-15.65725 1.61600 
-15.66749 1.61700 
-15.67773 1.61800 
-15.68797 1.61900 
-15.69822 1.62000 
-15.70846 1.62100 
-15.71870 1.62200 
-15.72894 1.62300 
-15.73918 1.62400 
-15.74942 1.62500 
-15.75967 1.62600 
-15.76991 1.62700 
-15.78015 1.62800 
-15.79039 1.62900 
-15.80063 1.63000 
-15.81087 1.63100 
-15.82112 1.63200 
-15.83136 1.63300 
-15.84160 1.63400 
-15.85184 1.63500 
-15.86208 1.63600 
-15.87232 1.63700 
-15.88256 1.63800 
-15.89281 1.63900 
-15.90305 1.64000 
-15.91329 1.64100 
-15.92353 1.64200 
-15.93377 1.64300 
-15.94401 1.64400 
-15.95426 1.64500 
-15.96450 1.64600 
-15.97474 1.64700 
-15.98498 1.64800 
-15.99522 1.64900 
-16.00546 1.65000 
-16.01571 1.65100 
-16.02595 1.65200 
-16.03619 1.65300 
-16.04643 1.65400 
-16.05667 1.65500 
-16.06691 1.65600 
-16.07716 1.65700 
-16.08740 1.65800 
-16.09764 1.65900 
-16.10788 1.66000 
-16.11812 1.66100 
-16.12836 1.66200 
-16.13860 1.66300 
-16.14885 1.66400 
-16.15909 1.66500 
-16.16933 1.66600 
-16.17957 1.66700 
-16.18981 1.66800 
-16.20005 1.66900 
-16.21030 1.67000 
-16.22054 1.67100 
-16.23078 1.67200 
-16.24102 1.67300 
-16.25126 1.67400 
-16.26150 1.67500 
-16.27175 1.67600 
-16.28199 1.67700 
-16.29223 1.67800 
-16.30247 1.67900 
-16.31271 1.68000 
-16.32295 1.68100 
-16.33319 1.68200 
-16.34344 1.68300 
-16.35368 1.68400 
-16.36392 1.68500 
-16.37416 1.68600 
-16.38440 1.68700 
-16.39464 1.68800 
-16.40489 1.68900 
-16.41513 1.69000 
-16.42537 1.69100 
-16.43561 1.69200 
-16.44585 1.69300 
-16.45609 1.69400 
-16.46634 1.69500 
-16.47658 1.69600 
-16.48682 1.69700 
-16.49706 1.69800 
-16.50730 1.69900 
-16.51754 1.70000 
-16.52778 1.70100 
-16.53803 1.70200 
-16.54827 1.70300 
-16.55851 1.70400 
-16.56875 1.70500 
-16.57899 1.70600 
-16.58923 1.70700 
-16.59948 1.70800 
-16.60972 1.70900 
-16.61996 1.71000 
-16.63020 1.71100 
-16.64044 1.71200 
-16.65068 1.71300 
-16.66093 1.71400 
-16.67117 1.71500 
-16.68141 1.71600 
-16.69165 1.71700 
-16.70189 1.71800 
-16.71213 1.71900 
-16.72237 1.72000 
-16.73262 1.72100 
-16.74286 1.72200 
-16.75310 1.72300 
-16.76334 1.72400 
-16.77358 1.72500 
-16.78382 1.72600 
-16.79407 1.72700 
-16.80431 1.72800 
-16.81455 1.72900 
-16.82479 1.73000 
-16.83503 1.73100 
-16.84527 1.73200 
-16.85552 1.73300 
-16.86576 1.73400 
-16.87600 1.73500 
-16.88624 1.73600 
-16.89648 1.73700 
-16.90672 1.73800 
-16.91696 1.73900 
-16.92721 1.74000 
-16.93745 1.74100 
-16.94769 1.74200 
-16.95793 1.74300 
-16.96817 1.74400 
-16.97841 1.74500 
-16.98866 1.74600 
-16.99890 1.74700 
-17.00914 1.74800 
-17.01938 1.74900 
-17.02962 1.75000 
-17.03986 1.75100 
-17.05011 1.75200 
-17.06035 1.75300 
-17.07059 1.75400 
-17.08083 1.75500 
-17.09107 1.75600 
-17.10131 1.75700 
-17.11155 1.75800 
-17.12180 1.75900 
-17.13204 1.76000 
-17.14228 1.76100 
-17.15252 1.76200 
-17.16276 1.76300 
-17.17300 1.76400 
-17.18325 1.76500 
-17.19349 1.76600 
-17.20373 1.76700 
-17.21397 1.76800 
-17.22421 1.76900 
-17.23445 1.77000 
-17.24470 1.77100 
-17.25494 1.77200 
-17.26518 1.77300 
-17.27542 1.77400 
-17.28566 1.77500 
-17.29590 1.77600 
-17.30614 1.77700 
-17.31639 1.77800 
-17.32663 1.77900 
-17.33687 1.78000 
-17.34711 1.78100 
-17.35735 1.78200 
-17.36759 1.78300 
-17.37784 1.78400 
-17.38808 1.78500 
-17.39832 1.78600 
-17.40856 1.78700 
-17.41880 1.78800 
-17.42904 1.78900 
-17.43929 1.79000 
-17.44953 1.79100 
-17.45977 1.79200 
-17.47001 1.79300 
-17.48025 1.79400 
-17.49049 1.79500 
-17.50074 1.79600 
-17.51098 1.79700 
-17.52122 1.79800 
-17.53146 1.79900 
-17.54170 1.80000 
-17.55194 1.80100 
-17.56218 1.80200 
-17.57243 1.80300 
-17.58267 1.80400 
-17.59291 1.80500 
-17.60315 1.80600 
-17.61339 1.80700 
-17.62363 1.80800 
-17.63388 1.80900 
-17.64412 1.81000 
-17.65436 1.81100 
-17.66460 1.81200 
-17.67484 1.81300 
-17.68508 1.81400 
-17.69533 1.81500 
-17.70557 1.81600 
-17.71581 1.81700 
-17.72605 1.81800 
-17.73629 1.81900 
-17.74653 1.82000 
-17.75677 1.82100 
-17.76702 1.82200 
-17.77726 1.82300 
-17.78750 1.82400 
-17.79774 1.82500 
-17.80798 1.82600 
-17.81822 1.82700 
-17.82847 1.82800 
-17.83871 1.82900 
-17.84895 1.83000 
-17.85919 1.83100 
-17.86943 1.83200 
-17.87967 1.83300 
-17.88992 1.83400 
-17.90016 1.83500 
-17.91040 1.83600 
-17.92064 1.83700 
-17.93088 1.83800 
-17.94112 1.83900 
-17.95136 1.84000 
-17.96161 1.84100 
-17.97185 1.84200 
-17.98209 1.84300 
-17.99233 1.84400 
-18.00257 1.84500 
-18.01281 1.84600 
-18.02306 1.84700 
-18.03330 1.84800 
-18.04354 1.84900 
-18.05378 1.85000 
-18.06402 1.85100 
-18.07426 1.85200 
-18.08451 1.85300 
-18.09475 1.85400 
-18.10499 1.85500 
-18.11523 1.85600 
-18.12547 1.85700 
-18.13571 1.85800 
-18.14595 1.85900 
-18.15620 1.86000 
-18.16644 1.86100 
-18.17668 1.86200 
-18.18692 1.86300 
-18.19716 1.86400 
-18.20740 1.86500 
-18.21765 1.86600 
-18.22789 1.86700 
-18.23813 1.86800 
-18.24837 1.86900 
-18.25861 1.87000 
-18.26885 1.87100 
-18.27910 1.87200 
-18.28934 1.87300 
-18.29958 1.87400 
-18.30982 1.87500 
-18.32006 1.87600 
-18.33030 1.87700 
-18.34054 1.87800 
-18.35079 1.87900 
-18.36103 1.88000 
-18.37127 1.88100 
-18.38151 1.88200 
-18.39175 1.88300 
-18.40199 1.88400 
-18.41224 1.88500 
-18.42248 1.88600 
-18.43272 1.88700 
-18.44296 1.88800 
-18.45320 1.88900 
-18.46344 1.89000 
-18.47369 1.89100 
-18.48393 1.89200 
-18.49417 1.89300 
-18.50441 1.89400 
-18.51465 1.89500 
-18.52489 1.89600 
-18.53513 1.89700 
-18.54538 1.89800 
-18.55562 1.89900 
-18.56586 1.90000 
-18.57610 1.90100 
-18.58634 1.90200 
-18.59658 1.90300 
-18.60683 1.90400 
-18.61707 1.90500 
-18.62731 1.90600 
-18.63755 1.90700 
-18.64779 1.90800 
-18.65803 1.90900 
-18.66828 1.91000 
-18.67852 1.91100 
-18.68876 1.91200 
-18.69900 1.91300 
-18.70924 1.91400 
-18.71948 1.91500 
-18.72972 1.91600 
-18.73997 1.91700 
-18.75021 1.91800 
-18.76045 1.91900 
-18.77069 1.92000 
-18.78093 1.92100 
-18.79117 1.92200 
-18.80142 1.92300 
-18.81166 1.92400 
-18.82190 1.92500 
-18.83214 1.92600 
-18.84238 1.92700 
-18.85262 1.92800 
-18.86287 1.92900 
-18.87311 1.93000 
-18.88335 1.93100 
-18.89359 1.93200 
-18.90383 1.93300 
-18.91407 1.93400 
-18.92432 1.93500 
-18.93456 1.93600 
-18.94480 1.93700 
-18.95504 1.93800 
-18.96528 1.93900 
-18.97552 1.94000 
-18.98576 1.94100 
-18.99601 1.94200 
-19.00625 1.94300 
-19.01649 1.94400 
-19.02673 1.94500 
-19.03697 1.94600 
-19.04721 1.94700 
-19.05746 1.94800 
-19.06770 1.94900 
-19.07794 1.95000 
-19.08818 1.95100 
-19.09842 1.95200 
-19.10866 1.95300 
-19.11891 1.95400 
-19.12915 1.95500 
-19.13939 1.95600 
-19.14963 1.95700 
-19.15987 1.95800 
-19.17011 1.95900 
-19.18035 1.96000 
-19.19060 1.96100 
-19.20084 1.96200 
-19.21108 1.96300 
-19.22132 1.96400 
-19.23156 1.96500 
-19.24180 1.96600 
-19.25205 1.96700 
-19.26229 1.96800 
-19.27253 1.96900 
-19.28277 1.97000 
-19.29301 1.97100 
-19.30325 1.97200 
-19.31350 1.97300 
-19.32374 1.97400 
-19.33398 1.97500 
-19.34422 1.97600 
-19.35446 1.97700 
-19.36470 1.97800 
-19.37494 1.97900 
-19.38519 1.98000 
-19.39543 1.98100 
-19.40567 1.98200 
-19.41591 1.98300 
-19.42615 1.98400 
-19.43639 1.98500 
-19.44664 1.98600 
-19.45688 1.98700 
-19.46712 1.98800 
-19.47736 1.98900 
-19.48760 1.99000 
-19.49784 1.99100 
-19.50809 1.99200 
-19.51833 1.99300 
-19.52857 1.99400 
-19.53881 1.99500 
-19.54905 1.99600 
-19.55929 1.99700 
-19.56953 1.99800 
-19.57978 1.99900 
-19.59002 2.00000 
-19.60026 2.00100 
-19.61050 2.00200 
-19.62074 2.00300 
-19.63098 2.00400 
-19.64123 2.00500 
-19.65147 2.00600 
-19.66171 2.00700 
-19.67195 2.00800 
-19.68219 2.00900 
-19.69243 2.01000 
-19.70268 2.01100 
-19.71292 2.01200 
-19.72316 2.01300 
-19.73340 2.01400 
-19.74364 2.01500 
-19.75388 2.01600 
-19.76412 2.01700 
-19.77437 2.01800 
-19.78461 2.01900 
-19.79485 2.02000 
-19.80509 2.02100 
-19.81533 2.02200 
-19.82557 2.02300 
-19.83582 2.02400 
-19.84606 2.02500 
-19.85630 2.02600 
-19.86654 2.02700 
-19.87678 2.02800 
-19.88702 2.02900 
-19.89727 2.03000 
-19.90751 2.03100 
-19.91775 2.03200 
-19.92799 2.03300 
-19.93823 2.03400 
-19.94847 2.03500 
-19.95871 2.03600 
-19.96896 2.03700 
-19.97920 2.03800 
-19.98944 2.03900 
-19.99968 2.04000 
-20.00992 2.04100 
-20.02016 2.04200 
-20.03041 2.04300 
-20.04065 2.04400 
-20.05089 2.04500 
-20.06113 2.04600 
-20.07137 2.04700 
-20.08161 2.04800 
-20.09186 2.04900 
-20.10210 2.05000 
-20.11234 2.05100 
-20.12258 2.05200 
-20.13282 2.05300 
-20.14306 2.05400 
-20.15331 2.05500 
-20.16355 2.05600 
-20.17379 2.05700 
-20.18403 2.05800 
-20.19427 2.05900 
-20.20451 2.06000 
-20.21475 2.06100 
-20.22500 2.06200 
-20.23524 2.06300 
-20.24548 2.06400 
-20.25572 2.06500 
-20.26596 2.06600 
-20.27620 2.06700 
-20.28645 2.06800 
-20.29669 2.06900 
-20.30693 2.07000 
-20.31717 2.07100 
-20.32741 2.07200 
-20.33765 2.07300 
-20.34790 2.07400 
-20.35814 2.07500 
-20.36838 2.07600 
-20.37862 2.07700 
-20.38886 2.07800 
-20.39910 2.07900 
-20.40934 2.08000 
-20.41959 2.08100 
-20.42983 2.08200 
-20.44007 2.08300 
-20.45031 2.08400 
-20.46055 2.08500 
-20.47079 2.08600 
-20.48104 2.08700 
-20.49128 2.08800 
-20.50152 2.08900 
-20.51176 2.09000 
-20.52200 2.09100 
-20.53224 2.09200 
-20.54249 2.09300 
-20.55273 2.09400 
-20.56297 2.09500 
-20.57321 2.09600 
-20.58345 2.09700 
-20.59369 2.09800 
-20.60393 2.09900 
-20.61418 2.10000 
-20.62442 2.10100 
-20.63466 2.10200 
-20.64490 2.10300 
-20.65514 2.10400 
-20.66538 2.10500 
-20.67563 2.10600 
-20.68587 2.10700 
-20.69611 2.10800 
-20.70635 2.10900 
-20.71659 2.11000 
-20.72683 2.11100 
-20.73708 2.11200 
-20.74732 2.11300 
-20.75756 2.11400 
-20.76780 2.11500 
-20.77804 2.11600 
-20.78828 2.11700 
-20.79852 2.11800 
-20.80877 2.11900 
-20.81901 2.12000 
-20.82925 2.12100 
-20.83949 2.12200 
-20.84973 2.12300 
-20.85997 2.12400 
-20.87022 2.12500 
-20.88046 2.12600 
-20.89070 2.12700 
-20.90094 2.12800 
-20.91118 2.12900 
-20.92142 2.13000 
-20.93167 2.13100 
-20.94191 2.13200 
-20.95215 2.13300 
-20.96239 2.13400 
-20.97263 2.13500 
-20.98287 2.13600 
-20.99311 2.13700 
-21.00336 2.13800 
-21.01360 2.13900 
-21.02384 2.14000 
-21.03408 2.14100 
-21.04432 2.14200 
-21.05456 2.14300 
-21.06481 2.14400 
-21.07505 2.14500 
-21.08529 2.14600 
-21.09553 2.14700 
-21.10577 2.14800 
-21.11601 2.14900 
-21.12626 2.15000 
-21.13650 2.15100 
-21.14674 2.15200 
-21.15698 2.15300 
-21.16722 2.15400 
-21.17746 2.15500 
-21.18770 2.15600 
-21.19795 2.15700 
-21.20819 2.15800 
-21.21843 2.15900 
-21.22867 2.16000 
-21.23891 2.16100 
-21.24915 2.16200 
-21.25940 2.16300 
-21.26964 2.16400 
-21.27988 2.16500 
-21.29012 2.16600 
-21.30036 2.16700 
-21.31060 2.16800 
-21.32085 2.16900 
-21.33109 2.17000 
-21.34133 2.17100 
-21.35157 2.17200 
-21.36181 2.17300 
-21.37205 2.17400 
-21.38229 2.17500 
-21.39254 2.17600 
-21.40278 2.17700 
-21.41302 2.17800 
-21.42326 2.17900 
-21.43350 2.18000 
-21.44374 2.18100 
-21.45399 2.18200 
-21.46423 2.18300 
-21.47447 2.18400 
-21.48471 2.18500 
-21.49495 2.18600 
-21.50519 2.18700 
-21.51544 2.18800 
-21.52568 2.18900 
-21.53592 2.19000 
-21.54616 2.19100 
-21.55640 2.19200 
-21.56664 2.19300 
-21.57689 2.19400 
-21.58713 2.19500 
-21.59737 2.19600 
-21.60761 2.19700 
-21.61785 2.19800 
-21.62809 2.19900 
-21.63833 2.20000 
-21.64858 2.20100 
-21.65882 2.20200 
-21.66906 2.20300 
-21.67930 2.20400 
-21.68954 2.20500 
-21.69978 2.20600 
-21.71003 2.20700 
-21.72027 2.20800 
-21.73051 2.20900 
-21.74075 2.21000 
-21.75099 2.21100 
-21.76123 2.21200 
-21.77148 2.21300 
-21.78172 2.21400 
-21.79196 2.21500 
-21.80220 2.21600 
-21.81244 2.21700 
-21.82268 2.21800 
-21.83292 2.21900 
-21.84317 2.22000 
-21.85341 2.22100 
-21.86365 2.22200 
-21.87389 2.22300 
-21.88413 2.22400 
-21.89437 2.22500 
-21.90462 2.22600 
-21.91486 2.22700 
-21.92510 2.22800 
-21.93534 2.22900 
-21.94558 2.23000 
-21.95582 2.23100 
-21.96607 2.23200 
-21.97631 2.23300 
-21.98655 2.23400 
-21.99679 2.23500 
-22.00703 2.23600 
-22.01727 2.23700 
-22.02751 2.23800 
-22.03776 2.23900 
-22.04800 2.24000 
-22.05824 2.24100 
-22.06848 2.24200 
-22.07872 2.24300 
-22.08896 2.24400 
-22.09921 2.24500 
-22.10945 2.24600 
-22.11969 2.24700 
-22.12993 2.24800 
-22.14017 2.24900 
-22.15041 2.25000 
-22.16066 2.25100 
-22.17090 2.25200 
-22.18114 2.25300 
-22.19138 2.25400 
-22.20162 2.25500 
-22.21186 2.25600 
-22.22210 2.25700 
-22.23235 2.25800 
-22.24259 2.25900 
-22.25283 2.26000 
-22.26307 2.26100 
-22.27331 2.26200 
-22.28355 2.26300 
-22.29380 2.26400 
-22.30404 2.26500 
-22.31428 2.26600 
-22.32452 2.26700 
-22.33476 2.26800 
-22.34500 2.26900 
-22.35525 2.27000 
-22.36549 2.27100 
-22.37573 2.27200 
-22.38597 2.27300 
-22.39621 2.27400 
-22.40645 2.27500 
-22.41669 2.27600 
-22.42694 2.27700 
-22.43718 2.27800 
-22.44742 2.27900 
-22.45766 2.28000 
-22.46790 2.28100 
-22.47814 2.28200 
-22.48839 2.28300 
-22.49863 2.28400 
-22.50887 2.28500 
-22.51911 2.28600 
-22.52935 2.28700 
-22.53959 2.28800 
-22.54984 2.28900 
-22.56008 2.29000 
-22.57032 2.29100 
-22.58056 2.29200 
-22.59080 2.29300 
-22.60104 2.29400 
-22.61128 2.29500 
-22.62153 2.29600 
-22.63177 2.29700 
-22.64201 2.29800 
-22.65225 2.29900 
-22.66249 2.30000 
-22.67273 2.30100 
-22.68298 2.30200 
-22.69322 2.30300 
-22.70346 2.30400 
-22.71370 2.30500 
-22.72394 2.30600 
-22.73418 2.30700 
-22.74443 2.30800 
-22.75467 2.30900 
-22.76491 2.31000 
-22.77515 2.31100 
-22.78539 2.31200 
-22.79563 2.31300 
-22.80587 2.31400 
-22.81612 2.31500 
-22.82636 2.31600 
-22.83660 2.31700 
-22.84684 2.31800 
-22.85708 2.31900 
-22.86732 2.32000 
-22.87757 2.32100 
-22.88781 2.32200 
-22.89805 2.32300 
-22.90829 2.32400 
-22.91853 2.32500 
-22.92877 2.32600 
-22.93902 2.32700 
-22.94926 2.32800 
-22.95950 2.32900 
-22.96974 2.33000 
-22.97998 2.33100 
-22.99022 2.33200 
-23.00047 2.33300 
-23.01071 2.33400 
-23.02095 2.33500 
-23.03119 2.33600 
-23.04143 2.33700 
-23.05167 2.33800 
-23.06191 2.33900 
-23.07216 2.34000 
-23.08240 2.34100 
-23.09264 2.34200 
-23.10288 2.34300 
-23.11312 2.34400 
-23.12336 2.34500 
-23.13361 2.34600 
-23.14385 2.34700 
-23.15409 2.34800 
-23.16433 2.34900 
-23.17457 2.35000 
-23.18481 2.35100 
-23.19506 2.35200 
-23.20530 2.35300 
-23.21554 2.35400 
-23.22578 2.35500 
-23.23602 2.35600 
-23.24626 2.35700 
-23.25650 2.35800 
-23.26675 2.35900 
-23.27699 2.36000 
-23.28723 2.36100 
-23.29747 2.36200 
-23.30771 2.36300 
-23.31795 2.36400 
-23.32820 2.36500 
-23.33844 2.36600 
-23.34868 2.36700 
-23.35892 2.36800 
-23.36916 2.36900 
-23.37940 2.37000 
-23.38965 2.37100 
-23.39989 2.37200 
-23.41013 2.37300 
-23.42037 2.37400 
-23.43061 2.37500 
-23.44085 2.37600 
-23.45109 2.37700 
-23.46134 2.37800 
-23.47158 2.37900 
-23.48182 2.38000 
-23.49206 2.38100 
-23.50230 2.38200 
-23.51254 2.38300 
-23.52279 2.38400 
-23.53303 2.38500 
-23.54327 2.38600 
-23.55351 2.38700 
-23.56375 2.38800 
-23.57399 2.38900 
-23.58424 2.39000 
-23.59448 2.39100 
-23.60472 2.39200 
-23.61496 2.39300 
-23.62520 2.39400 
-23.63544 2.39500 
-23.64568 2.39600 
-23.65593 2.39700 
-23.66617 2.39800 
-23.67641 2.39900 
-23.68665 2.40000 
-23.69689 2.40100 
-23.70713 2.40200 
-23.71738 2.40300 
-23.72762 2.40400 
-23.73786 2.40500 
-23.74810 2.40600 
-23.75834 2.40700 
-23.76858 2.40800 
-23.77883 2.40900 
-23.78907 2.41000 
-23.79931 2.41100 
-23.80955 2.41200 
-23.81979 2.41300 
-23.83003 2.41400 
-23.84027 2.41500 
-23.85052 2.41600 
-23.86076 2.41700 
-23.87100 2.41800 
-23.88124 2.41900 
-23.89148 2.42000 
-23.90172 2.42100 
-23.91197 2.42200 
-23.92221 2.42300 
-23.93245 2.42400 
-23.94269 2.42500 
-23.95293 2.42600 
-23.96317 2.42700 
-23.97342 2.42800 
-23.98366 2.42900 
-23.99390 2.43000 
-24.00414 2.43100 
-24.01438 2.43200 
-24.02462 2.43300 
-24.03486 2.43400 
-24.04511 2.43500 
-24.05535 2.43600 
-24.06559 2.43700 
-24.07583 2.43800 
-24.08607 2.43900 
-24.09631 2.44000 
-24.10656 2.44100 
-24.11680 2.44200 
-24.12704 2.44300 
-24.13728 2.44400 
-24.14752 2.44500 
-24.15776 2.44600 
-24.16801 2.44700 
-24.17825 2.44800 
-24.18849 2.44900 
-24.19873 2.45000 
-24.20897 2.45100 
-24.21921 2.45200 
-24.22946 2.45300 
-24.23970 2.45400 
-24.24994 2.45500 
-24.26018 2.45600 
-24.27042 2.45700 
-24.28066 2.45800 
-24.29090 2.45900 
-24.30115 2.46000 
-24.31139 2.46100 
-24.32163 2.46200 
-24.33187 2.46300 
-24.34211 2.46400 
-24.35235 2.46500 
-24.36260 2.46600 
-24.37284 2.46700 
-24.38308 2.46800 
-24.39332 2.46900 
-24.40356 2.47000 
-24.41380 2.47100 
-24.42405 2.47200 
-24.43429 2.47300 
-24.44453 2.47400 
-24.45477 2.47500 
-24.46501 2.47600 
-24.47525 2.47700 
-24.48549 2.47800 
-24.49574 2.47900 
-24.50598 2.48000 
-24.51622 2.48100 
-24.52646 2.48200 
-24.53670 2.48300 
-24.54694 2.48400 
-24.55719 2.48500 
-24.56743 2.48600 
-24.57767 2.48700 
-24.58791 2.48800 
-24.59815 2.48900 
-24.60839 2.49000 
-24.61864 2.49100 
-24.62888 2.49200 
-24.63912 2.49300 
-24.64936 2.49400 
-24.65960 2.49500 
-24.66984 2.49600 
-24.68008 2.49700 
-24.69033 2.49800 
-24.70057 2.49900 
-24.71081 2.50000 
-24.72105 2.50100 
-24.73129 2.50200 
-24.74153 2.50300 
-24.75178 2.50400 
-24.76202 2.50500 
-24.77226 2.50600 
-24.78250 2.50700 
-24.79274 2.50800 
-24.80298 2.50900 
-24.81323 2.51000 
-24.82347 2.51100 
-24.83371 2.51200 
-24.84395 2.51300 
-24.85419 2.51400 
-24.86443 2.51500 
-24.87467 2.51600 
-24.88492 2.51700 
-24.89516 2.51800 
-24.90540 2.51900 
-24.91564 2.52000 
-24.92588 2.52100 
-24.93612 2.52200 
-24.94637 2.52300 
-24.95661 2.52400 
-24.96685 2.52500 
-24.97709 2.52600 
-24.98733 2.52700 
-24.99757 2.52800 
-25.00782 2.52900 
-25.01806 2.53000 
-25.02830 2.53100 
-25.03854 2.53200 
-25.04878 2.53300 
-25.05902 2.53400 
-25.06926 2.53500 
-25.07951 2.53600 
-25.08975 2.53700 
-25.09999 2.53800 
-25.11023 2.53900 
-25.12047 2.54000 
-25.13071 2.54100 
-25.14096 2.54200 
-25.15120 2.54300 
-25.16144 2.54400 
-25.17168 2.54500 
-25.18192 2.54600 
-25.19216 2.54700 
-25.20241 2.54800 
-25.21265 2.54900 
-25.22289 2.55000 
-25.23313 2.55100 
-25.24337 2.55200 
-25.25361 2.55300 
-25.26385 2.55400 
-25.27410 2.55500 
-25.28434 2.55600 
-25.29458 2.55700 
-25.30482 2.55800 
-25.31506 2.55900 
-25.32530 2.56000 
-25.33555 2.56100 
-25.34579 2.56200 
-25.35603 2.56300 
-25.36627 2.56400 
-25.37651 2.56500 
-25.38675 2.56600 
-25.39700 2.56700 
-25.40724 2.56800 
-25.41748 2.56900 
-25.42772 2.57000 
-25.43796 2.57100 
-25.44820 2.57200 
-25.45844 2.57300 
-25.46869 2.57400 
-25.47893 2.57500 
-25.48917 2.57600 
-25.49941 2.57700 
-25.50965 2.57800 
-25.51989 2.57900 
-25.53014 2.58000 
-25.54038 2.58100 
-25.55062 2.58200 
-25.56086 2.58300 
-25.57110 2.58400 
-25.58134 2.58500 
-25.59159 2.58600 
-25.60183 2.58700 
-25.61207 2.58800 
-25.62231 2.58900 
-25.63255 2.59000 
-25.64279 2.59100 
-25.65304 2.59200 
-25.66328 2.59300 
-25.67352 2.59400 
-25.68376 2.59500 
-25.69400 2.59600 
-25.70424 2.59700 
-25.71448 2.59800 
-25.72473 2.59900 
-25.73497 2.60000 
-25.74521 2.60100 
-25.75545 2.60200 
-25.76569 2.60300 
-25.77593 2.60400 
-25.78618 2.60500 
-25.79642 2.60600 
-25.80666 2.60700 
-25.81690 2.60800 
-25.82714 2.60900 
-25.83738 2.61000 
-25.84763 2.61100 
-25.85787 2.61200 
-25.86811 2.61300 
-25.87835 2.61400 
-25.88859 2.61500 
-25.89883 2.61600 
-25.90907 2.61700 
-25.91932 2.61800 
-25.92956 2.61900 
-25.93980 2.62000 
-25.95004 2.62100 
-25.96028 2.62200 
-25.97052 2.62300 
-25.98077 2.62400 
-25.99101 2.62500 
-26.00125 2.62600 
-26.01149 2.62700 
-26.02173 2.62800 
-26.03197 2.62900 
-26.04222 2.63000 
-26.05246 2.63100 
-26.06270 2.63200 
-26.07294 2.63300 
-26.08318 2.63400 
-26.09342 2.63500 
-26.10366 2.63600 
-26.11391 2.63700 
-26.12415 2.63800 
-26.13439 2.63900 
-26.14463 2.64000 
-26.15487 2.64100 
-26.16511 2.64200 
-26.17536 2.64300 
-26.18560 2.64400 
-26.19584 2.64500 
-26.20608 2.64600 
-26.21632 2.64700 
-26.22656 2.64800 
-26.23681 2.64900 
-26.24705 2.65000 
-26.25729 2.65100 
-26.26753 2.65200 
-26.27777 2.65300 
-26.28801 2.65400 
-26.29825 2.65500 
-26.30850 2.65600 
-26.31874 2.65700 
-26.32898 2.65800 
-26.33922 2.65900 
-26.34946 2.66000 
-26.35970 2.66100 
-26.36995 2.66200 
-26.38019 2.66300 
-26.39043 2.66400 
-26.40067 2.66500 
-26.41091 2.66600 
-26.42115 2.66700 
-26.43140 2.66800 
-26.44164 2.66900 
-26.45188 2.67000 
-26.46212 2.67100 
-26.47236 2.67200 
-26.48260 2.67300 
-26.49284 2.67400 
-26.50309 2.67500 
-26.51333 2.67600 
-26.52357 2.67700 
-26.53381 2.67800 
-26.54405 2.67900 
-26.55429 2.68000 
-26.56454 2.68100 
-26.57478 2.68200 
-26.58502 2.68300 
-26.59526 2.68400 
-26.60550 2.68500 
-26.61574 2.68600 
-26.62599 2.68700 
-26.63623 2.68800 
-26.64647 2.68900 
-26.65671 2.69000 
-26.66695 2.69100 
-26.67719 2.69200 
-26.68743 2.69300 
-26.69768 2.69400 
-26.70792 2.69500 
-26.71816 2.69600 
-26.72840 2.69700 
-26.73864 2.69800 
-26.74888 2.69900 
-26.75913 2.70000 
-26.76937 2.70100 
-26.77961 2.70200 
-26.78985 2.70300 
-26.80009 2.70400 
-26.81033 2.70500 
-26.82058 2.70600 
-26.83082 2.70700 
-26.84106 2.70800 
-26.85130 2.70900 
-26.86154 2.71000 
-26.87178 2.71100 
-26.88203 2.71200 
-26.89227 2.71300 
-26.90251 2.71400 
-26.91275 2.71500 
-26.92299 2.71600 
-26.93323 2.71700 
-26.94347 2.71800 
-26.95372 2.71900 
-26.96396 2.72000 
-26.97420 2.72100 
-26.98444 2.72200 
-26.99468 2.72300 
-27.00492 2.72400 
-27.01517 2.72500 
-27.02541 2.72600 
-27.03565 2.72700 
-27.04589 2.72800 
-27.05613 2.72900 
-27.06637 2.73000 
-27.07662 2.73100 
-27.08686 2.73200 
-27.09710 2.73300 
-27.10734 2.73400 
-27.11758 2.73500 
-27.12782 2.73600 
-27.13806 2.73700 
-27.14831 2.73800 
-27.15855 2.73900 
-27.16879 2.74000 
-27.17903 2.74100 
-27.18927 2.74200 
-27.19951 2.74300 
-27.20976 2.74400 
-27.22000 2.74500 
-27.23024 2.74600 
-27.24048 2.74700 
-27.25072 2.74800 
-27.26096 2.74900 
-27.27121 2.75000 
-27.28145 2.75100 
-27.29169 2.75200 
-27.30193 2.75300 
-27.31217 2.75400 
-27.32241 2.75500 
-27.33265 2.75600 
-27.34290 2.75700 
-27.35314 2.75800 
-27.36338 2.75900 
-27.37362 2.76000 
-27.38386 2.76100 
-27.39410 2.76200 
-27.40435 2.76300 
-27.41459 2.76400 
-27.42483 2.76500 
-27.43507 2.76600 
-27.44531 2.76700 
-27.45555 2.76800 
-27.46580 2.76900 
-27.47604 2.77000 
-27.48628 2.77100 
-27.49652 2.77200 
-27.50676 2.77300 
-27.51700 2.77400 
-27.52724 2.77500 
-27.53749 2.77600 
-27.54773 2.77700 
-27.55797 2.77800 
-27.56821 2.77900 
-27.57845 2.78000 
-27.58869 2.78100 
-27.59894 2.78200 
-27.60918 2.78300 
-27.61942 2.78400 
-27.62966 2.78500 
-27.63990 2.78600 
-27.65014 2.78700 
-27.66039 2.78800 
-27.67063 2.78900 
-27.68087 2.79000 
-27.69111 2.79100 
-27.70135 2.79200 
-27.71159 2.79300 
-27.72183 2.79400 
-27.73208 2.79500 
-27.74232 2.79600 
-27.75256 2.79700 
-27.76280 2.79800 
-27.77304 2.79900 
-27.78328 2.80000 
-27.79353 2.80100 
-27.80377 2.80200 
-27.81401 2.80300 
-27.82425 2.80400 
-27.83449 2.80500 
-27.84473 2.80600 
-27.85498 2.80700 
-27.86522 2.80800 
-27.87546 2.80900 
-27.88570 2.81000 
-27.89594 2.81100 
-27.90618 2.81200 
-27.91642 2.81300 
-27.92667 2.81400 
-27.93691 2.81500 
-27.94715 2.81600 
-27.95739 2.81700 
-27.96763 2.81800 
-27.97787 2.81900 
-27.98812 2.82000 
-27.99836 2.82100 
-28.00860 2.82200 
-28.01884 2.82300 
-28.02908 2.82400 
-28.03932 2.82500 
-28.04957 2.82600 
-28.05981 2.82700 
-28.07005 2.82800 
-28.08029 2.82900 
-28.09053 2.83000 
-28.10077 2.83100 
-28.11101 2.83200 
-28.12126 2.83300 
-28.13150 2.83400 
-28.14174 2.83500 
-28.15198 2.83600 
-28.16222 2.83700 
-28.17246 2.83800 
-28.18271 2.83900 
-28.19295 2.84000 
-28.20319 2.84100 
-28.21343 2.84200 
-28.22367 2.84300 
-28.23391 2.84400 
-28.24416 2.84500 
-28.25440 2.84600 
-28.26464 2.84700 
-28.27488 2.84800 
-28.28512 2.84900 
-28.29536 2.85000 
-28.30561 2.85100 
-28.31585 2.85200 
-28.32609 2.85300 
-28.33633 2.85400 
-28.34657 2.85500 
-28.35681 2.85600 
-28.36705 2.85700 
-28.37730 2.85800 
-28.38754 2.85900 
-28.39778 2.86000 
-28.40802 2.86100 
-28.41826 2.86200 
-28.42850 2.86300 
-28.43875 2.86400 
-28.44899 2.86500 
-28.45923 2.86600 
-28.46947 2.86700 
-28.47971 2.86800 
-28.48995 2.86900 
-28.50020 2.87000 
-28.51044 2.87100 
-28.52068 2.87200 
-28.53092 2.87300 
-28.54116 2.87400 
-28.55140 2.87500 
-28.56164 2.87600 
-28.57189 2.87700 
-28.58213 2.87800 
-28.59237 2.87900 
-28.60261 2.88000 
-28.61285 2.88100 
-28.62309 2.88200 
-28.63334 2.88300 
-28.64358 2.88400 
-28.65382 2.88500 
-28.66406 2.88600 
-28.67430 2.88700 
-28.68454 2.88800 
-28.69479 2.88900 
-28.70503 2.89000 
-28.71527 2.89100 
-28.72551 2.89200 
-28.73575 2.89300 
-28.74599 2.89400 
-28.75623 2.89500 
-28.76648 2.89600 
-28.77672 2.89700 
-28.78696 2.89800 
-28.79720 2.89900 
-28.80744 2.90000 
-28.81768 2.90100 
-28.82793 2.90200 
-28.83817 2.90300 
-28.84841 2.90400 
-28.85865 2.90500 
-28.86889 2.90600 
-28.87913 2.90700 
-28.88938 2.90800 
-28.89962 2.90900 
-28.90986 2.91000 
-28.92010 2.91100 
-28.93034 2.91200 
-28.94058 2.91300 
-28.95082 2.91400 
-28.96107 2.91500 
-28.97131 2.91600 
-28.98155 2.91700 
-28.99179 2.91800 
-29.00203 2.91900 
-29.01227 2.92000 
-29.02252 2.92100 
-29.03276 2.92200 
-29.04300 2.92300 
-29.05324 2.92400 
-29.06348 2.92500 
-29.07372 2.92600 
-29.08397 2.92700 
-29.09421 2.92800 
-29.10445 2.92900 
-29.11469 2.93000 
-29.12493 2.93100 
-29.13517 2.93200 
-29.14541 2.93300 
-29.15566 2.93400 
-29.16590 2.93500 
-29.17614 2.93600 
-29.18638 2.93700 
-29.19662 2.93800 
-29.20686 2.93900 
-29.21711 2.94000 
-29.22735 2.94100 
-29.23759 2.94200 
-29.24783 2.94300 
-29.25807 2.94400 
-29.26831 2.94500 
-29.27856 2.94600 
-29.28880 2.94700 
-29.29904 2.94800 
-29.30928 2.94900 
-29.31952 2.95000 
-29.32976 2.95100 
-29.34000 2.95200 
-29.35025 2.95300 
-29.36049 2.95400 
-29.37073 2.95500 
-29.38097 2.95600 
-29.39121 2.95700 
-29.40145 2.95800 
-29.41170 2.95900 
-29.42194 2.96000 
-29.43218 2.96100 
-29.44242 2.96200 
-29.45266 2.96300 
-29.46290 2.96400 
-29.47315 2.96500 
-29.48339 2.96600 
-29.49363 2.96700 
-29.50387 2.96800 
-29.51411 2.96900 
-29.52435 2.97000 
-29.53459 2.97100 
-29.54484 2.97200 
-29.55508 2.97300 
-29.56532 2.97400 
-29.57556 2.97500 
-29.58580 2.97600 
-29.59604 2.97700 
-29.60629 2.97800 
-29.61653 2.97900 
-29.62677 2.98000 
-29.63701 2.98100 
-29.64725 2.98200 
-29.65749 2.98300 
-29.66774 2.98400 
-29.67798 2.98500 
-29.68822 2.98600 
-29.69846 2.98700 
-29.70870 2.98800 
-29.71894 2.98900 
-29.72919 2.99000 
-29.73943 2.99100 
-29.74967 2.99200 
-29.75991 2.99300 
-29.77015 2.99400 
-29.78039 2.99500 
-29.79063 2.99600 
-29.80088 2.99700 
-29.81112 2.99800 
-29.82136 2.99900 
-29.83160 3.00000 
-29.84184 3.00100 
-29.85208 3.00200 
-29.86233 3.00300 
-29.87257 3.00400 
-29.88281 3.00500 
-29.89305 3.00600 
-29.90329 3.00700 
-29.91353 3.00800 
-29.92378 3.00900 
-29.93402 3.01000 
-29.94426 3.01100 
-29.95450 3.01200 
-29.96474 3.01300 
-29.97498 3.01400 
-29.98522 3.01500 
-29.99547 3.01600 
-30.00571 3.01700 
-30.01595 3.01800 
-30.02619 3.01900 
-30.03643 3.02000 
-30.04667 3.02100 
-30.05692 3.02200 
-30.06716 3.02300 
-30.07740 3.02400 
-30.08764 3.02500 
-30.09788 3.02600 
-30.10812 3.02700 
-30.11837 3.02800 
-30.12861 3.02900 
-30.13885 3.03000 
-30.14909 3.03100 
-30.15933 3.03200 
-30.16957 3.03300 
-30.17981 3.03400 
-30.19006 3.03500 
-30.20030 3.03600 
-30.21054 3.03700 
-30.22078 3.03800 
-30.23102 3.03900 
-30.24126 3.04000 
-30.25151 3.04100 
-30.26175 3.04200 
-30.27199 3.04300 
-30.28223 3.04400 
-30.29247 3.04500 
-30.30271 3.04600 
-30.31296 3.04700 
-30.32320 3.04800 
-30.33344 3.04900 
-30.34368 3.05000 
-30.35392 3.05100 
-30.36416 3.05200 
-30.37440 3.05300 
-30.38465 3.05400 
-30.39489 3.05500 
-30.40513 3.05600 
-30.41537 3.05700 
-30.42561 3.05800 
-30.43585 3.05900 
-30.44610 3.06000 
-30.45634 3.06100 
-30.46658 3.06200 
-30.47682 3.06300 
-30.48706 3.06400 
-30.49730 3.06500 
-30.50755 3.06600 
-30.51779 3.06700 
-30.52803 3.06800 
-30.53827 3.06900 
-30.54851 3.07000 
-30.55875 3.07100 
-30.56899 3.07200 
-30.57924 3.07300 
-30.58948 3.07400 
-30.59972 3.07500 
-30.60996 3.07600 
-30.62020 3.07700 
-30.63044 3.07800 
-30.64069 3.07900 
-30.65093 3.08000 
-30.66117 3.08100 
-30.67141 3.08200 
-30.68165 3.08300 
-30.69189 3.08400 
-30.70214 3.08500 
-30.71238 3.08600 
-30.72262 3.08700 
-30.73286 3.08800 
-30.74310 3.08900 
-30.75334 3.09000 
-30.76358 3.09100 
-30.77383 3.09200 
-30.78407 3.09300 
-30.79431 3.09400 
-30.80455 3.09500 
-30.81479 3.09600 
-30.82503 3.09700 
-30.83528 3.09800 
-30.84552 3.09900 
-30.85576 3.10000 
-30.86600 3.10100 
-30.87624 3.10200 
-30.88648 3.10300 
-30.89673 3.10400 
-30.90697 3.10500 
-30.91721 3.10600 
-30.92745 3.10700 
-30.93769 3.10800 
-30.94793 3.10900 
-30.95818 3.11000 
-30.96842 3.11100 
-30.97866 3.11200 
-30.98890 3.11300 
-30.99914 3.11400 
-31.00938 3.11500 
-31.01962 3.11600 
-31.02987 3.11700 
-31.04011 3.11800 
-31.05035 3.11900 
-31.06059 3.12000 
-31.07083 3.12100 
-31.08107 3.12200 
-31.09132 3.12300 
-31.10156 3.12400 
-31.11180 3.12500 
-31.12204 3.12600 
-31.13228 3.12700 
-31.14252 3.12800 
-31.15277 3.12900 
-31.16301 3.13000 
-31.17325 3.13100 
-31.18349 3.13200 
-31.19373 3.13300 
-31.20397 3.13400 
-31.21421 3.13500 
-31.22446 3.13600 
-31.23470 3.13700 
-31.24494 3.13800 
-31.25518 3.13900 
-31.26542 3.14000 
-31.27566 3.14100 
-31.28591 3.14200 
-31.29615 3.14300 
-31.30639 3.14400 
-31.31663 3.14500 
-31.32687 3.14600 
-31.33711 3.14700 
-31.34736 3.14800 
-31.35760 3.14900 
-31.36784 3.15000 
-31.37808 3.15100 
-31.38832 3.15200 
-31.39856 3.15300 
-31.40880 3.15400 
-31.41905 3.15500 
-31.42929 3.15600 
-31.43953 3.15700 
-31.44977 3.15800 
-31.46001 3.15900 
-31.47025 3.16000 
-31.48050 3.16100 
-31.49074 3.16200 
-31.50098 3.16300 
-31.51122 3.16400 
-31.52146 3.16500 
-31.53170 3.16600 
-31.54195 3.16700 
-31.55219 3.16800 
-31.56243 3.16900 
-31.57267 3.17000 
-31.58291 3.17100 
-31.59315 3.17200 
-31.60339 3.17300 
-31.61364 3.17400 
-31.62388 3.17500 
-31.63412 3.17600 
-31.64436 3.17700 
-31.65460 3.17800 
-31.66484 3.17900 
-31.67509 3.18000 
-31.68533 3.18100 
-31.69557 3.18200 
-31.70581 3.18300 
-31.71605 3.18400 
-31.72629 3.18500 
-31.73654 3.18600 
-31.74678 3.18700 
-31.75702 3.18800 
-31.76726 3.18900 
-31.77750 3.19000 
-31.78774 3.19100 
-31.79798 3.19200 
-31.80823 3.19300 
-31.81847 3.19400 
-31.82871 3.19500 
-31.83895 3.19600 
-31.84919 3.19700 
-31.85943 3.19800 
-31.86968 3.19900 
-31.87992 3.20000 
-31.89016 3.20100 
-31.90040 3.20200 
-31.91064 3.20300 
-31.92088 3.20400 
-31.93113 3.20500 
-31.94137 3.20600 
-31.95161 3.20700 
-31.96185 3.20800 
-31.97209 3.20900 
-31.98233 3.21000 
-31.99257 3.21100 
-32.00282 3.21200 
-32.01306 3.21300 
-32.02330 3.21400 
-32.03354 3.21500 
-32.04378 3.21600 
-32.05402 3.21700 
-32.06427 3.21800 
-32.07451 3.21900 
-32.08475 3.22000 
-32.09499 3.22100 
-32.10523 3.22200 
-32.11547 3.22300 
-32.12572 3.22400 
-32.13596 3.22500 
-32.14620 3.22600 
-32.15644 3.22700 
-32.16668 3.22800 
-32.17692 3.22900 
-32.18716 3.23000 
-32.19741 3.23100 
-32.20765 3.23200 
-32.21789 3.23300 
-32.22813 3.23400 
-32.23837 3.23500 
-32.24861 3.23600 
-32.25886 3.23700 
-32.26910 3.23800 
-32.27934 3.23900 
-32.28958 3.24000 
-32.29982 3.24100 
-32.31006 3.24200 
-32.32031 3.24300 
-32.33055 3.24400 
-32.34079 3.24500 
-32.35103 3.24600 
-32.36127 3.24700 
-32.37151 3.24800 
-32.38176 3.24900 
-32.39200 3.25000 
-32.40224 3.25100 
-32.41248 3.25200 
-32.42272 3.25300 
-32.43296 3.25400 
-32.44320 3.25500 
-32.45345 3.25600 
-32.46369 3.25700 
-32.47393 3.25800 
-32.48417 3.25900 
-32.49441 3.26000 
-32.50465 3.26100 
-32.51490 3.26200 
-32.52514 3.26300 
-32.53538 3.26400 
-32.54562 3.26500 
-32.55586 3.26600 
-32.56610 3.26700 
-32.57635 3.26800 
-32.58659 3.26900 
-32.59683 3.27000 
-32.60707 3.27100 
-32.61731 3.27200 
-32.62755 3.27300 
-32.63779 3.27400 
-32.64804 3.27500 
-32.65828 3.27600 
-32.66852 3.27700 
-32.67876 3.27800 
-32.68900 3.27900 
-32.69924 3.28000 
-32.70949 3.28100 
-32.71973 3.28200 
-32.72997 3.28300 
-32.74021 3.28400 
-32.75045 3.28500 
-32.76069 3.28600 
-32.77094 3.28700 
-32.78118 3.28800 
-32.79142 3.28900 
-32.80166 3.29000 
-32.81190 3.29100 
-32.82214 3.29200 
-32.83238 3.29300 
-32.84263 3.29400 
-32.85287 3.29500 
-32.86311 3.29600 
-32.87335 3.29700 
-32.88359 3.29800 
-32.89383 3.29900 
-32.90408 3.30000 
-32.91432 3.30100 
-32.92456 3.30200 
-32.93480 3.30300 
-32.94504 3.30400 
-32.95528 3.30500 
-32.96553 3.30600 
-32.97577 3.30700 
-32.98601 3.30800 
-32.99625 3.30900 
-33.00649 3.31000 
-33.01673 3.31100 
-33.02697 3.31200 
-33.03722 3.31300 
-33.04746 3.31400 
-33.05770 3.31500 
-33.06794 3.31600 
-33.07818 3.31700 
-33.08842 3.31800 
-33.09867 3.31900 
-33.10891 3.32000 
-33.11915 3.32100 
-33.12939 3.32200 
-33.13963 3.32300 
-33.14987 3.32400 
-33.16012 3.32500 
-33.17036 3.32600 
-33.18060 3.32700 
-33.19084 3.32800 
-33.20108 3.32900 
-33.21132 3.33000 
-33.22156 3.33100 
-33.23181 3.33200 
-33.24205 3.33300 
-33.25229 3.33400 
-33.26253 3.33500 
-33.27277 3.33600 
-33.28301 3.33700 
-33.29326 3.33800 
-33.30350 3.33900 
-33.31374 3.34000 
-33.32398 3.34100 
-33.33422 3.34200 
-33.34446 3.34300 
-33.35471 3.34400 
-33.36495 3.34500 
-33.37519 3.34600 
-33.38543 3.34700 
-33.39567 3.34800 
-33.40591 3.34900 
-33.41615 3.35000 
-33.42640 3.35100 
-33.43664 3.35200 
-33.44688 3.35300 
-33.45712 3.35400 
-33.46736 3.35500 
-33.47760 3.35600 
-33.48785 3.35700 
-33.49809 3.35800 
-33.50833 3.35900 
-33.51857 3.36000 
-33.52881 3.36100 
-33.53905 3.36200 
-33.54930 3.36300 
-33.55954 3.36400 
-33.56978 3.36500 
-33.58002 3.36600 
-33.59026 3.36700 
-33.60050 3.36800 
-33.61074 3.36900 
-33.62099 3.37000 
-33.63123 3.37100 
-33.64147 3.37200 
-33.65171 3.37300 
-33.66195 3.37400 
-33.67219 3.37500 
-33.68244 3.37600 
-33.69268 3.37700 
-33.70292 3.37800 
-33.71316 3.37900 
-33.72340 3.38000 
-33.73364 3.38100 
-33.74389 3.38200 
-33.75413 3.38300 
-33.76437 3.38400 
-33.77461 3.38500 
-33.78485 3.38600 
-33.79509 3.38700 
-33.80534 3.38800 
-33.81558 3.38900 
-33.82582 3.39000 
-33.83606 3.39100 
-33.84630 3.39200 
-33.85654 3.39300 
-33.86678 3.39400 
-33.87703 3.39500 
-33.88727 3.39600 
-33.89751 3.39700 
-33.90775 3.39800 
-33.91799 3.39900 
-33.92823 3.40000 
-33.93848 3.40100 
-33.94872 3.40200 
-33.95896 3.40300 
-33.96920 3.40400 
-33.97944 3.40500 
-33.98968 3.40600 
-33.99993 3.40700 
-34.01017 3.40800 
-34.02041 3.40900 
-34.03065 3.41000 
-34.04089 3.41100 
-34.05113 3.41200 
-34.06137 3.41300 
-34.07162 3.41400 
-34.08186 3.41500 
-34.09210 3.41600 
-34.10234 3.41700 
-34.11258 3.41800 
-34.12282 3.41900 
-34.13307 3.42000 
-34.14331 3.42100 
-34.15355 3.42200 
-34.16379 3.42300 
-34.17403 3.42400 
-34.18427 3.42500 
-34.19452 3.42600 
-34.20476 3.42700 
-34.21500 3.42800 
-34.22524 3.42900 
-34.23548 3.43000 
-34.24572 3.43100 
-34.25596 3.43200 
-34.26621 3.43300 
-34.27645 3.43400 
-34.28669 3.43500 
-34.29693 3.43600 
-34.30717 3.43700 
-34.31741 3.43800 
-34.32766 3.43900 
-34.33790 3.44000 
-34.34814 3.44100 
-34.35838 3.44200 
-34.36862 3.44300 
-34.37886 3.44400 
-34.38911 3.44500 
-34.39935 3.44600 
-34.40959 3.44700 
-34.41983 3.44800 
-34.43007 3.44900 
-34.44031 3.45000 
-34.45055 3.45100 
-34.46080 3.45200 
-34.47104 3.45300 
-34.48128 3.45400 
-34.49152 3.45500 
-34.50176 3.45600 
-34.51200 3.45700 
-34.52225 3.45800 
-34.53249 3.45900 
-34.54273 3.46000 
-34.55297 3.46100 
-34.56321 3.46200 
-34.57345 3.46300 
-34.58370 3.46400 
-34.59394 3.46500 
-34.60418 3.46600 
-34.61442 3.46700 
-34.62466 3.46800 
-34.63490 3.46900 
-34.64514 3.47000 
-34.65539 3.47100 
-34.66563 3.47200 
-34.67587 3.47300 
-34.68611 3.47400 
-34.69635 3.47500 
-34.70659 3.47600 
-34.71684 3.47700 
-34.72708 3.47800 
-34.73732 3.47900 
-34.74756 3.48000 
-34.75780 3.48100 
-34.76804 3.48200 
-34.77829 3.48300 
-34.78853 3.48400 
-34.79877 3.48500 
-34.80901 3.48600 
-34.81925 3.48700 
-34.82949 3.48800 
-34.83973 3.48900 
-34.84998 3.49000 
-34.86022 3.49100 
-34.87046 3.49200 
-34.88070 3.49300 
-34.89094 3.49400 
-34.90118 3.49500 
-34.91143 3.49600 
-34.92167 3.49700 
-34.93191 3.49800 
-34.94215 3.49900 
-34.95239 3.50000 
-34.96263 3.50100 
-34.97288 3.50200 
-34.98312 3.50300 
-34.99336 3.50400 
-35.00360 3.50500 
-35.01384 3.50600 
-35.02408 3.50700 
-35.03433 3.50800 
-35.04457 3.50900 
-35.05481 3.51000 
-35.06505 3.51100 
-35.07529 3.51200 
-35.08553 3.51300 
-35.09577 3.51400 
-35.10602 3.51500 
-35.11626 3.51600 
-35.12650 3.51700 
-35.13674 3.51800 
-35.14698 3.51900 
-35.15722 3.52000 
-35.16747 3.52100 
-35.17771 3.52200 
-35.18795 3.52300 
-35.19819 3.52400 
-35.20843 3.52500 
-35.21867 3.52600 
-35.22892 3.52700 
-35.23916 3.52800 
-35.24940 3.52900 
-35.25964 3.53000 
-35.26988 3.53100 
-35.28012 3.53200 
-35.29036 3.53300 
-35.30061 3.53400 
-35.31085 3.53500 
-35.32109 3.53600 
-35.33133 3.53700 
-35.34157 3.53800 
-35.35181 3.53900 
-35.36206 3.54000 
-35.37230 3.54100 
-35.38254 3.54200 
-35.39278 3.54300 
-35.40302 3.54400 
-35.41326 3.54500 
-35.42351 3.54600 
-35.43375 3.54700 
-35.44399 3.54800 
-35.45423 3.54900 
-35.46447 3.55000 
-35.47471 3.55100 
-35.48495 3.55200 
-35.49520 3.55300 
-35.50544 3.55400 
-35.51568 3.55500 
-35.52592 3.55600 
-35.53616 3.55700 
-35.54640 3.55800 
-35.55665 3.55900 
-35.56689 3.56000 
-35.57713 3.56100 
-35.58737 3.56200 
-35.59761 3.56300 
-35.60785 3.56400 
-35.61810 3.56500 
-35.62834 3.56600 
-35.63858 3.56700 
-35.64882 3.56800 
-35.65906 3.56900 
-35.66930 3.57000 
-35.67954 3.57100 
-35.68979 3.57200 
-35.70003 3.57300 
-35.71027 3.57400 
-35.72051 3.57500 
-35.73075 3.57600 
-35.74099 3.57700 
-35.75124 3.57800 
-35.76148 3.57900 
-35.77172 3.58000 
-35.78196 3.58100 
-35.79220 3.58200 
-35.80244 3.58300 
-35.81269 3.58400 
-35.82293 3.58500 
-35.83317 3.58600 
-35.84341 3.58700 
-35.85365 3.58800 
-35.86389 3.58900 
-35.87413 3.59000 
-35.88438 3.59100 
-35.89462 3.59200 
-35.90486 3.59300 
-35.91510 3.59400 
-35.92534 3.59500 
-35.93558 3.59600 
-35.94583 3.59700 
-35.95607 3.59800 
-35.96631 3.59900 
-35.97655 3.60000 
-35.98679 3.60100 
-35.99703 3.60200 
-36.00728 3.60300 
-36.01752 3.60400 
-36.02776 3.60500 
-36.03800 3.60600 
-36.04824 3.60700 
-36.05848 3.60800 
-36.06872 3.60900 
-36.07897 3.61000 
-36.08921 3.61100 
-36.09945 3.61200 
-36.10969 3.61300 
-36.11993 3.61400 
-36.13017 3.61500 
-36.14042 3.61600 
-36.15066 3.61700 
-36.16090 3.61800 
-36.17114 3.61900 
-36.18138 3.62000 
-36.19162 3.62100 
-36.20187 3.62200 
-36.21211 3.62300 
-36.22235 3.62400 
-36.23259 3.62500 
-36.24283 3.62600 
-36.25307 3.62700 
-36.26331 3.62800 
-36.27356 3.62900 
-36.28380 3.63000 
-36.29404 3.63100 
-36.30428 3.63200 
-36.31452 3.63300 
-36.32476 3.63400 
-36.33501 3.63500 
-36.34525 3.63600 
-36.35549 3.63700 
-36.36573 3.63800 
-36.37597 3.63900 
-36.38621 3.64000 
-36.39646 3.64100 
-36.40670 3.64200 
-36.41694 3.64300 
-36.42718 3.64400 
-36.43742 3.64500 
-36.44766 3.64600 
-36.45791 3.64700 
-36.46815 3.64800 
-36.47839 3.64900 
-36.48863 3.65000 
-36.49887 3.65100 
-36.50911 3.65200 
-36.51935 3.65300 
-36.52960 3.65400 
-36.53984 3.65500 
-36.55008 3.65600 
-36.56032 3.65700 
-36.57056 3.65800 
-36.58080 3.65900 
-36.59105 3.66000 
-36.60129 3.66100 
-36.61153 3.66200 
-36.62177 3.66300 
-36.63201 3.66400 
-36.64225 3.66500 
-36.65250 3.66600 
-36.66274 3.66700 
-36.67298 3.66800 
-36.68322 3.66900 
-36.69346 3.67000 
-36.70370 3.67100 
-36.71394 3.67200 
-36.72419 3.67300 
-36.73443 3.67400 
-36.74467 3.67500 
-36.75491 3.67600 
-36.76515 3.67700 
-36.77539 3.67800 
-36.78564 3.67900 
-36.79588 3.68000 
-36.80612 3.68100 
-36.81636 3.68200 
-36.82660 3.68300 
-36.83684 3.68400 
-36.84709 3.68500 
-36.85733 3.68600 
-36.86757 3.68700 
-36.87781 3.68800 
-36.88805 3.68900 
-36.89829 3.69000 
-36.90853 3.69100 
-36.91878 3.69200 
-36.92902 3.69300 
-36.93926 3.69400 
-36.94950 3.69500 
-36.95974 3.69600 
-36.96998 3.69700 
-36.98023 3.69800 
-36.99047 3.69900 
-37.00071 3.70000 
-37.01095 3.70100 
-37.02119 3.70200 
-37.03143 3.70300 
-37.04168 3.70400 
-37.05192 3.70500 
-37.06216 3.70600 
-37.07240 3.70700 
-37.08264 3.70800 
-37.09288 3.70900 
-37.10312 3.71000 
-37.11337 3.71100 
-37.12361 3.71200 
-37.13385 3.71300 
-37.14409 3.71400 
-37.15433 3.71500 
-37.16457 3.71600 
-37.17482 3.71700 
-37.18506 3.71800 
-37.19530 3.71900 
-37.20554 3.72000 
-37.21578 3.72100 
-37.22602 3.72200 
-37.23627 3.72300 
-37.24651 3.72400 
-37.25675 3.72500 
-37.26699 3.72600 
-37.27723 3.72700 
-37.28747 3.72800 
-37.29771 3.72900 
-37.30796 3.73000 
-37.31820 3.73100 
-37.32844 3.73200 
-37.33868 3.73300 
-37.34892 3.73400 
-37.35916 3.73500 
-37.36941 3.73600 
-37.37965 3.73700 
-37.38989 3.73800 
-37.40013 3.73900 
-37.41037 3.74000 
-37.42061 3.74100 
-37.43086 3.74200 
-37.44110 3.74300 
-37.45134 3.74400 
-37.46158 3.74500 
-37.47182 3.74600 
-37.48206 3.74700 
-37.49230 3.74800 
-37.50255 3.74900 
-37.51279 3.75000 
-37.52303 3.75100 
-37.53327 3.75200 
-37.54351 3.75300 
-37.55375 3.75400 
-37.56400 3.75500 
-37.57424 3.75600 
-37.58448 3.75700 
-37.59472 3.75800 
-37.60496 3.75900 
-37.61520 3.76000 
-37.62545 3.76100 
-37.63569 3.76200 
-37.64593 3.76300 
-37.65617 3.76400 
-37.66641 3.76500 
-37.67665 3.76600 
-37.68689 3.76700 
-37.69714 3.76800 
-37.70738 3.76900 
-37.71762 3.77000 
-37.72786 3.77100 
-37.73810 3.77200 
-37.74834 3.77300 
-37.75859 3.77400 
-37.76883 3.77500 
-37.77907 3.77600 
-37.78931 3.77700 
-37.79955 3.77800 
-37.80979 3.77900 
-37.82004 3.78000 
-37.83028 3.78100 
-37.84052 3.78200 
-37.85076 3.78300 
-37.86100 3.78400 
-37.87124 3.78500 
-37.88149 3.78600 
-37.89173 3.78700 
-37.90197 3.78800 
-37.91221 3.78900 
-37.92245 3.79000 
-37.93269 3.79100 
-37.94293 3.79200 
-37.95318 3.79300 
-37.96342 3.79400 
-37.97366 3.79500 
-37.98390 3.79600 
-37.99414 3.79700 
-38.00438 3.79800 
-38.01463 3.79900 
-38.02487 3.80000 
-38.03511 3.80100 
-38.04535 3.80200 
-38.05559 3.80300 
-38.06583 3.80400 
-38.07608 3.80500 
-38.08632 3.80600 
-38.09656 3.80700 
-38.10680 3.80800 
-38.11704 3.80900 
-38.12728 3.81000 
-38.13752 3.81100 
-38.14777 3.81200 
-38.15801 3.81300 
-38.16825 3.81400 
-38.17849 3.81500 
-38.18873 3.81600 
-38.19897 3.81700 
-38.20922 3.81800 
-38.21946 3.81900 
-38.22970 3.82000 
-38.23994 3.82100 
-38.25018 3.82200 
-38.26042 3.82300 
-38.27067 3.82400 
-38.28091 3.82500 
-38.29115 3.82600 
-38.30139 3.82700 
-38.31163 3.82800 
-38.32187 3.82900 
-38.33211 3.83000 
-38.34236 3.83100 
-38.35260 3.83200 
-38.36284 3.83300 
-38.37308 3.83400 
-38.38332 3.83500 
-38.39356 3.83600 
-38.40381 3.83700 
-38.41405 3.83800 
-38.42429 3.83900 
-38.43453 3.84000 
-38.44477 3.84100 
-38.45501 3.84200 
-38.46526 3.84300 
-38.47550 3.84400 
-38.48574 3.84500 
-38.49598 3.84600 
-38.50622 3.84700 
-38.51646 3.84800 
-38.52670 3.84900 
-38.53695 3.85000 
-38.54719 3.85100 
-38.55743 3.85200 
-38.56767 3.85300 
-38.57791 3.85400 
-38.58815 3.85500 
-38.59840 3.85600 
-38.60864 3.85700 
-38.61888 3.85800 
-38.62912 3.85900 
-38.63936 3.86000 
-38.64960 3.86100 
-38.65985 3.86200 
-38.67009 3.86300 
-38.68033 3.86400 
-38.69057 3.86500 
-38.70081 3.86600 
-38.71105 3.86700 
-38.72129 3.86800 
-38.73154 3.86900 
-38.74178 3.87000 
-38.75202 3.87100 
-38.76226 3.87200 
-38.77250 3.87300 
-38.78274 3.87400 
-38.79299 3.87500 
-38.80323 3.87600 
-38.81347 3.87700 
-38.82371 3.87800 
-38.83395 3.87900 
-38.84419 3.88000 
-38.85444 3.88100 
-38.86468 3.88200 
-38.87492 3.88300 
-38.88516 3.88400 
-38.89540 3.88500 
-38.90564 3.88600 
-38.91588 3.88700 
-38.92613 3.88800 
-38.93637 3.88900 
-38.94661 3.89000 
-38.95685 3.89100 
-38.96709 3.89200 
-38.97733 3.89300 
-38.98758 3.89400 
-38.99782 3.89500 
-39.00806 3.89600 
-39.01830 3.89700 
-39.02854 3.89800 
-39.03878 3.89900 
-39.04903 3.90000 
-39.05927 3.90100 
-39.06951 3.90200 
-39.07975 3.90300 
-39.08999 3.90400 
-39.10023 3.90500 
-39.11048 3.90600 
-39.12072 3.90700 
-39.13096 3.90800 
-39.14120 3.90900 
-39.15144 3.91000 
-39.16168 3.91100 
-39.17192 3.91200 
-39.18217 3.91300 
-39.19241 3.91400 
-39.20265 3.91500 
-39.21289 3.91600 
-39.22313 3.91700 
-39.23337 3.91800 
-39.24362 3.91900 
-39.25386 3.92000 
-39.26410 3.92100 
-39.27434 3.92200 
-39.28458 3.92300 
-39.29482 3.92400 
-39.30507 3.92500 
-39.31531 3.92600 
-39.32555 3.92700 
-39.33579 3.92800 
-39.34603 3.92900 
-39.35627 3.93000 
-39.36651 3.93100 
-39.37676 3.93200 
-39.38700 3.93300 
-39.39724 3.93400 
-39.40748 3.93500 
-39.41772 3.93600 
-39.42796 3.93700 
-39.43821 3.93800 
-39.44845 3.93900 
-39.45869 3.94000 
-39.46893 3.94100 
-39.47917 3.94200 
-39.48941 3.94300 
-39.49966 3.94400 
-39.50990 3.94500 
-39.52014 3.94600 
-39.53038 3.94700 
-39.54062 3.94800 
-39.55086 3.94900 
-39.56110 3.95000 
-39.57135 3.95100 
-39.58159 3.95200 
-39.59183 3.95300 
-39.60207 3.95400 
-39.61231 3.95500 
-39.62255 3.95600 
-39.63280 3.95700 
-39.64304 3.95800 
-39.65328 3.95900 
-39.66352 3.96000 
-39.67376 3.96100 
-39.68400 3.96200 
-39.69425 3.96300 
-39.70449 3.96400 
-39.71473 3.96500 
-39.72497 3.96600 
-39.73521 3.96700 
-39.74545 3.96800 
-39.75569 3.96900 
-39.76594 3.97000 
-39.77618 3.97100 
-39.78642 3.97200 
-39.79666 3.97300 
-39.80690 3.97400 
-39.81714 3.97500 
-39.82739 3.97600 
-39.83763 3.97700 
-39.84787 3.97800 
-39.85811 3.97900 
-39.86835 3.98000 
-39.87859 3.98100 
-39.88884 3.98200 
-39.89908 3.98300 
-39.90932 3.98400 
-39.91956 3.98500 
-39.92980 3.98600 
-39.94004 3.98700 
-39.95028 3.98800 
-39.96053 3.98900 
-39.97077 3.99000 
-39.98101 3.99100 
-39.99125 3.99200 
-40.00149 3.99300 
-40.01173 3.99400 
-40.02198 3.99500 
-40.03222 3.99600 
-40.04246 3.99700 
-40.05270 3.99800 
-40.06294 3.99900 
-40.07318 4.00000 
-40.08343 4.00100 
-40.09367 4.00200 
-40.10391 4.00300 
-40.11415 4.00400 
-40.12439 4.00500 
-40.13463 4.00600 
-40.14487 4.00700 
-40.15512 4.00800 
-40.16536 4.00900 
-40.17560 4.01000 
-40.18584 4.01100 
-40.19608 4.01200 
-40.20632 4.01300 
-40.21657 4.01400 
-40.22681 4.01500 
-40.23705 4.01600 
-40.24729 4.01700 
-40.25753 4.01800 
-40.26777 4.01900 
-40.27802 4.02000 
-40.28826 4.02100 
-40.29850 4.02200 
-40.30874 4.02300 
-40.31898 4.02400 
-40.32922 4.02500 
-40.33946 4.02600 
-40.34971 4.02700 
-40.35995 4.02800 
-40.37019 4.02900 
-40.38043 4.03000 
-40.39067 4.03100 
-40.40091 4.03200 
-40.41116 4.03300 
-40.42140 4.03400 
-40.43164 4.03500 
-40.44188 4.03600 
-40.45212 4.03700 
-40.46236 4.03800 
-40.47261 4.03900 
-40.48285 4.04000 
-40.49309 4.04100 
-40.50333 4.04200 
-40.51357 4.04300 
-40.52381 4.04400 
-40.53406 4.04500 
-40.54430 4.04600 
-40.55454 4.04700 
-40.56478 4.04800 
-40.57502 4.04900 
-40.58526 4.05000 
-40.59550 4.05100 
-40.60575 4.05200 
-40.61599 4.05300 
-40.62623 4.05400 
-40.63647 4.05500 
-40.64671 4.05600 
-40.65695 4.05700 
-40.66720 4.05800 
-40.67744 4.05900 
-40.68768 4.06000 
-40.69792 4.06100 
-40.70816 4.06200 
-40.71840 4.06300 
-40.72865 4.06400 
-40.73889 4.06500 
-40.74913 4.06600 
-40.75937 4.06700 
-40.76961 4.06800 
-40.77985 4.06900 
-40.79009 4.07000 
-40.80034 4.07100 
-40.81058 4.07200 
-40.82082 4.07300 
-40.83106 4.07400 
-40.84130 4.07500 
-40.85154 4.07600 
-40.86179 4.07700 
-40.87203 4.07800 
-40.88227 4.07900 
-40.89251 4.08000 
-40.90275 4.08100 
-40.91299 4.08200 
-40.92324 4.08300 
-40.93348 4.08400 
-40.94372 4.08500 
-40.95396 4.08600 
-40.96420 4.08700 
-40.97444 4.08800 
-40.98468 4.08900 
-40.99493 4.09000 
-41.00517 4.09100 
-41.01541 4.09200 
-41.02565 4.09300 
-41.03589 4.09400 
-41.04613 4.09500 
-41.05638 4.09600 
-41.06662 4.09700 
-41.07686 4.09800 
-41.08710 4.09900 
-41.09734 4.10000 
-41.10758 4.10100 
-41.11783 4.10200 
-41.12807 4.10300 
-41.13831 4.10400 
-41.14855 4.10500 
-41.15879 4.10600 
-41.16903 4.10700 
-41.17927 4.10800 
-41.18952 4.10900 
-41.19976 4.11000 
-41.21000 4.11100 
-41.22024 4.11200 
-41.23048 4.11300 
-41.24072 4.11400 
-41.25097 4.11500 
-41.26121 4.11600 
-41.27145 4.11700 
-41.28169 4.11800 
-41.29193 4.11900 
-41.30217 4.12000 
-41.31242 4.12100 
-41.32266 4.12200 
-41.33290 4.12300 
-41.34314 4.12400 
-41.35338 4.12500 
-41.36362 4.12600 
-41.37386 4.12700 
-41.38411 4.12800 
-41.39435 4.12900 
-41.40459 4.13000 
-41.41483 4.13100 
-41.42507 4.13200 
-41.43531 4.13300 
-41.44556 4.13400 
-41.45580 4.13500 
-41.46604 4.13600 
-41.47628 4.13700 
-41.48652 4.13800 
-41.49676 4.13900 
-41.50701 4.14000 
-41.51725 4.14100 
-41.52749 4.14200 
-41.53773 4.14300 
-41.54797 4.14400 
-41.55821 4.14500 
-41.56845 4.14600 
-41.57870 4.14700 
-41.58894 4.14800 
-41.59918 4.14900 
-41.60942 4.15000 
-41.61966 4.15100 
-41.62990 4.15200 
-41.64015 4.15300 
-41.65039 4.15400 
-41.66063 4.15500 
-41.67087 4.15600 
-41.68111 4.15700 
-41.69135 4.15800 
-41.70160 4.15900 
-41.71184 4.16000 
-41.72208 4.16100 
-41.73232 4.16200 
-41.74256 4.16300 
-41.75280 4.16400 
-41.76305 4.16500 
-41.77329 4.16600 
-41.78353 4.16700 
-41.79377 4.16800 
-41.80401 4.16900 
-41.81425 4.17000 
-41.82449 4.17100 
-41.83474 4.17200 
-41.84498 4.17300 
-41.85522 4.17400 
-41.86546 4.17500 
-41.87570 4.17600 
-41.88594 4.17700 
-41.89619 4.17800 
-41.90643 4.17900 
-41.91667 4.18000 
-41.92691 4.18100 
-41.93715 4.18200 
-41.94739 4.18300 
-41.95764 4.18400 
-41.96788 4.18500 
-41.97812 4.18600 
-41.98836 4.18700 
-41.99860 4.18800 
-42.00884 4.18900 
-42.01908 4.19000 
-42.02933 4.19100 
-42.03957 4.19200 
-42.04981 4.19300 
-42.06005 4.19400 
-42.07029 4.19500 
-42.08053 4.19600 
-42.09078 4.19700 
-42.10102 4.19800 
-42.11126 4.19900 
-42.12150 4.20000 
-42.13174 4.20100 
-42.14198 4.20200 
-42.15223 4.20300 
-42.16247 4.20400 
-42.17271 4.20500 
-42.18295 4.20600 
-42.19319 4.20700 
-42.20343 4.20800 
-42.21367 4.20900 
-42.22392 4.21000 
-42.23416 4.21100 
-42.24440 4.21200 
-42.25464 4.21300 
-42.26488 4.21400 
-42.27512 4.21500 
-42.28537 4.21600 
-42.29561 4.21700 
-42.30585 4.21800 
-42.31609 4.21900 
-42.32633 4.22000 
-42.33657 4.22100 
-42.34682 4.22200 
-42.35706 4.22300 
-42.36730 4.22400 
-42.37754 4.22500 
-42.38778 4.22600 
-42.39802 4.22700 
-42.40826 4.22800 
-42.41851 4.22900 
-42.42875 4.23000 
-42.43899 4.23100 
-42.44923 4.23200 
-42.45947 4.23300 
-42.46971 4.23400 
-42.47996 4.23500 
-42.49020 4.23600 
-42.50044 4.23700 
-42.51068 4.23800 
-42.52092 4.23900 
-42.53116 4.24000 
-42.54141 4.24100 
-42.55165 4.24200 
-42.56189 4.24300 
-42.57213 4.24400 
-42.58237 4.24500 
-42.59261 4.24600 
-42.60285 4.24700 
-42.61310 4.24800 
-42.62334 4.24900 
-42.63358 4.25000 
-42.64382 4.25100 
-42.65406 4.25200 
-42.66430 4.25300 
-42.67455 4.25400 
-42.68479 4.25500 
-42.69503 4.25600 
-42.70527 4.25700 
-42.71551 4.25800 
-42.72575 4.25900 
-42.73600 4.26000 
-42.74624 4.26100 
-42.75648 4.26200 
-42.76672 4.26300 
-42.77696 4.26400 
-42.78720 4.26500 
-42.79744 4.26600 
-42.80769 4.26700 
-42.81793 4.26800 
-42.82817 4.26900 
-42.83841 4.27000 
-42.84865 4.27100 
-42.85889 4.27200 
-42.86914 4.27300 
-42.87938 4.27400 
-42.88962 4.27500 
-42.89986 4.27600 
-42.91010 4.27700 
-42.92034 4.27800 
-42.93059 4.27900 
-42.94083 4.28000 
-42.95107 4.28100 
-42.96131 4.28200 
-42.97155 4.28300 
-42.98179 4.28400 
-42.99203 4.28500 
-43.00228 4.28600 
-43.01252 4.28700 
-43.02276 4.28800 
-43.03300 4.28900 
-43.04324 4.29000 
-43.05348 4.29100 
-43.06373 4.29200 
-43.07397 4.29300 
-43.08421 4.29400 
-43.09445 4.29500 
-43.10469 4.29600 
-43.11493 4.29700 
-43.12518 4.29800 
-43.13542 4.29900 
-43.14566 4.30000 
-43.15590 4.30100 
-43.16614 4.30200 
-43.17638 4.30300 
-43.18663 4.30400 
-43.19687 4.30500 
-43.20711 4.30600 
-43.21735 4.30700 
-43.22759 4.30800 
-43.23783 4.30900 
-43.24807 4.31000 
-43.25832 4.31100 
-43.26856 4.31200 
-43.27880 4.31300 
-43.28904 4.31400 
-43.29928 4.31500 
-43.30952 4.31600 
-43.31977 4.31700 
-43.33001 4.31800 
-43.34025 4.31900 
-43.35049 4.32000 
-43.36073 4.32100 
-43.37097 4.32200 
-43.38122 4.32300 
-43.39146 4.32400 
-43.40170 4.32500 
-43.41194 4.32600 
-43.42218 4.32700 
-43.43242 4.32800 
-43.44266 4.32900 
-43.45291 4.33000 
-43.46315 4.33100 
-43.47339 4.33200 
-43.48363 4.33300 
-43.49387 4.33400 
-43.50411 4.33500 
-43.51436 4.33600 
-43.52460 4.33700 
-43.53484 4.33800 
-43.54508 4.33900 
-43.55532 4.34000 
-43.56556 4.34100 
-43.57581 4.34200 
-43.58605 4.34300 
-43.59629 4.34400 
-43.60653 4.34500 
-43.61677 4.34600 
-43.62701 4.34700 
-43.63725 4.34800 
-43.64750 4.34900 
-43.65774 4.35000 
-43.66798 4.35100 
-43.67822 4.35200 
-43.68846 4.35300 
-43.69870 4.35400 
-43.70895 4.35500 
-43.71919 4.35600 
-43.72943 4.35700 
-43.73967 4.35800 
-43.74991 4.35900 
-43.76015 4.36000 
-43.77040 4.36100 
-43.78064 4.36200 
-43.79088 4.36300 
-43.80112 4.36400 
-43.81136 4.36500 
-43.82160 4.36600 
-43.83184 4.36700 
-43.84209 4.36800 
-43.85233 4.36900 
-43.86257 4.37000 
-43.87281 4.37100 
-43.88305 4.37200 
-43.89329 4.37300 
-43.90354 4.37400 
-43.91378 4.37500 
-43.92402 4.37600 
-43.93426 4.37700 
-43.94450 4.37800 
-43.95474 4.37900 
-43.96499 4.38000 
-43.97523 4.38100 
-43.98547 4.38200 
-43.99571 4.38300 
-44.00595 4.38400 
-44.01619 4.38500 
-44.02643 4.38600 
-44.03668 4.38700 
-44.04692 4.38800 
-44.05716 4.38900 
-44.06740 4.39000 
-44.07764 4.39100 
-44.08788 4.39200 
-44.09813 4.39300 
-44.10837 4.39400 
-44.11861 4.39500 
-44.12885 4.39600 
-44.13909 4.39700 
-44.14933 4.39800 
-44.15958 4.39900 
-44.16982 4.40000 
-44.18006 4.40100 
-44.19030 4.40200 
-44.20054 4.40300 
-44.21078 4.40400 
-44.22102 4.40500 
-44.23127 4.40600 
-44.24151 4.40700 
-44.25175 4.40800 
-44.26199 4.40900 
-44.27223 4.41000 
-44.28247 4.41100 
-44.29272 4.41200 
-44.30296 4.41300 
-44.31320 4.41400 
-44.32344 4.41500 
-44.33368 4.41600 
-44.34392 4.41700 
-44.35417 4.41800 
-44.36441 4.41900 
-44.37465 4.42000 
-44.38489 4.42100 
-44.39513 4.42200 
-44.40537 4.42300 
-44.41561 4.42400 
-44.42586 4.42500 
-44.43610 4.42600 
-44.44634 4.42700 
-44.45658 4.42800 
-44.46682 4.42900 
-44.47706 4.43000 
-44.48731 4.43100 
-44.49755 4.43200 
-44.50779 4.43300 
-44.51803 4.43400 
-44.52827 4.43500 
-44.53851 4.43600 
-44.54876 4.43700 
-44.55900 4.43800 
-44.56924 4.43900 
-44.57948 4.44000 
-44.58972 4.44100 
-44.59996 4.44200 
-44.61021 4.44300 
-44.62045 4.44400 
-44.63069 4.44500 
-44.64093 4.44600 
-44.65117 4.44700 
-44.66141 4.44800 
-44.67165 4.44900 
-44.68190 4.45000 
-44.69214 4.45100 
-44.70238 4.45200 
-44.71262 4.45300 
-44.72286 4.45400 
-44.73310 4.45500 
-44.74335 4.45600 
-44.75359 4.45700 
-44.76383 4.45800 
-44.77407 4.45900 
-44.78431 4.46000 
-44.79455 4.46100 
-44.80480 4.46200 
-44.81504 4.46300 
-44.82528 4.46400 
-44.83552 4.46500 
-44.84576 4.46600 
-44.85600 4.46700 
-44.86624 4.46800 
-44.87649 4.46900 
-44.88673 4.47000 
-44.89697 4.47100 
-44.90721 4.47200 
-44.91745 4.47300 
-44.92769 4.47400 
-44.93794 4.47500 
-44.94818 4.47600 
-44.95842 4.47700 
-44.96866 4.47800 
-44.97890 4.47900 
-44.98914 4.48000 
-44.99939 4.48100 
-45.00963 4.48200 
-45.01987 4.48300 
-45.03011 4.48400 
-45.04035 4.48500 
-45.05059 4.48600 
-45.06083 4.48700 
-45.07108 4.48800 
-45.08132 4.48900 
-45.09156 4.49000 
-45.10180 4.49100 
-45.11204 4.49200 
-45.12228 4.49300 
-45.13253 4.49400 
-45.14277 4.49500 
-45.15301 4.49600 
-45.16325 4.49700 
-45.17349 4.49800 
-45.18373 4.49900 
-45.19398 4.50000 
-45.20422 4.50100 
-45.21446 4.50200 
-45.22470 4.50300 
-45.23494 4.50400 
-45.24518 4.50500 
-45.25542 4.50600 
-45.26567 4.50700 
-45.27591 4.50800 
-45.28615 4.50900 
-45.29639 4.51000 
-45.30663 4.51100 
-45.31687 4.51200 
-45.32712 4.51300 
-45.33736 4.51400 
-45.34760 4.51500 
-45.35784 4.51600 
-45.36808 4.51700 
-45.37832 4.51800 
-45.38857 4.51900 
-45.39881 4.52000 
-45.40905 4.52100 
-45.41929 4.52200 
-45.42953 4.52300 
-45.43977 4.52400 
-45.45001 4.52500 
-45.46026 4.52600 
-45.47050 4.52700 
-45.48074 4.52800 
-45.49098 4.52900 
-45.50122 4.53000 
-45.51146 4.53100 
-45.52171 4.53200 
-45.53195 4.53300 
-45.54219 4.53400 
-45.55243 4.53500 
-45.56267 4.53600 
-45.57291 4.53700 
-45.58316 4.53800 
-45.59340 4.53900 
-45.60364 4.54000 
-45.61388 4.54100 
-45.62412 4.54200 
-45.63436 4.54300 
-45.64460 4.54400 
-45.65485 4.54500 
-45.66509 4.54600 
-45.67533 4.54700 
-45.68557 4.54800 
-45.69581 4.54900 
-45.70605 4.55000 
-45.71630 4.55100 
-45.72654 4.55200 
-45.73678 4.55300 
-45.74702 4.55400 
-45.75726 4.55500 
-45.76750 4.55600 
-45.77775 4.55700 
-45.78799 4.55800 
-45.79823 4.55900 
-45.80847 4.56000 
-45.81871 4.56100 
-45.82895 4.56200 
-45.83920 4.56300 
-45.84944 4.56400 
-45.85968 4.56500 
-45.86992 4.56600 
-45.88016 4.56700 
-45.89040 4.56800 
-45.90064 4.56900 
-45.91089 4.57000 
-45.92113 4.57100 
-45.93137 4.57200 
-45.94161 4.57300 
-45.95185 4.57400 
-45.96209 4.57500 
-45.97234 4.57600 
-45.98258 4.57700 
-45.99282 4.57800 
-46.00306 4.57900 
-46.01330 4.58000 
-46.02354 4.58100 
-46.03379 4.58200 
-46.04403 4.58300 
-46.05427 4.58400 
-46.06451 4.58500 
-46.07475 4.58600 
-46.08499 4.58700 
-46.09523 4.58800 
-46.10548 4.58900 
-46.11572 4.59000 
-46.12596 4.59100 
-46.13620 4.59200 
-46.14644 4.59300 
-46.15668 4.59400 
-46.16693 4.59500 
-46.17717 4.59600 
-46.18741 4.59700 
-46.19765 4.59800 
-46.20789 4.59900 
-46.21813 4.60000 
-46.22838 4.60100 
-46.23862 4.60200 
-46.24886 4.60300 
-46.25910 4.60400 
-46.26934 4.60500 
-46.27958 4.60600 
-46.28982 4.60700 
-46.30007 4.60800 
-46.31031 4.60900 
-46.32055 4.61000 
-46.33079 4.61100 
-46.34103 4.61200 
-46.35127 4.61300 
-46.36152 4.61400 
-46.37176 4.61500 
-46.38200 4.61600 
-46.39224 4.61700 
-46.40248 4.61800 
-46.41272 4.61900 
-46.42297 4.62000 
-46.43321 4.62100 
-46.44345 4.62200 
-46.45369 4.62300 
-46.46393 4.62400 
-46.47417 4.62500 
-46.48441 4.62600 
-46.49466 4.62700 
-46.50490 4.62800 
-46.51514 4.62900 
-46.52538 4.63000 
-46.53562 4.63100 
-46.54586 4.63200 
-46.55611 4.63300 
-46.56635 4.63400 
-46.57659 4.63500 
-46.58683 4.63600 
-46.59707 4.63700 
-46.60731 4.63800 
-46.61756 4.63900 
-46.62780 4.64000 
-46.63804 4.64100 
-46.64828 4.64200 
-46.65852 4.64300 
-46.66876 4.64400 
-46.67900 4.64500 
-46.68925 4.64600 
-46.69949 4.64700 
-46.70973 4.64800 
-46.71997 4.64900 
-46.73021 4.65000 
-46.74045 4.65100 
-46.75070 4.65200 
-46.76094 4.65300 
-46.77118 4.65400 
-46.78142 4.65500 
-46.79166 4.65600 
-46.80190 4.65700 
-46.81215 4.65800 
-46.82239 4.65900 
-46.83263 4.66000 
-46.84287 4.66100 
-46.85311 4.66200 
-46.86335 4.66300 
-46.87359 4.66400 
-46.88384 4.66500 
-46.89408 4.66600 
-46.90432 4.66700 
-46.91456 4.66800 
-46.92480 4.66900 
-46.93504 4.67000 
-46.94529 4.67100 
-46.95553 4.67200 
-46.96577 4.67300 
-46.97601 4.67400 
-46.98625 4.67500 
-46.99649 4.67600 
-47.00674 4.67700 
-47.01698 4.67800 
-47.02722 4.67900 
-47.03746 4.68000 
-47.04770 4.68100 
-47.05794 4.68200 
-47.06818 4.68300 
-47.07843 4.68400 
-47.08867 4.68500 
-47.09891 4.68600 
-47.10915 4.68700 
-47.11939 4.68800 
-47.12963 4.68900 
-47.13988 4.69000 
-47.15012 4.69100 
-47.16036 4.69200 
-47.17060 4.69300 
-47.18084 4.69400 
-47.19108 4.69500 
-47.20133 4.69600 
-47.21157 4.69700 
-47.22181 4.69800 
-47.23205 4.69900 
-47.24229 4.70000 
-47.25253 4.70100 
-47.26278 4.70200 
-47.27302 4.70300 
-47.28326 4.70400 
-47.29350 4.70500 
-47.30374 4.70600 
-47.31398 4.70700 
-47.32422 4.70800 
-47.33447 4.70900 
-47.34471 4.71000 
-47.35495 4.71100 
-47.36519 4.71200 
-47.37543 4.71300 
-47.38567 4.71400 
-47.39592 4.71500 
-47.40616 4.71600 
-47.41640 4.71700 
-47.42664 4.71800 
-47.43688 4.71900 
-47.44712 4.72000 
-47.45737 4.72100 
-47.46761 4.72200 
-47.47785 4.72300 
-47.48809 4.72400 
-47.49833 4.72500 
-47.50857 4.72600 
-47.51881 4.72700 
-47.52906 4.72800 
-47.53930 4.72900 
-47.54954 4.73000 
-47.55978 4.73100 
-47.57002 4.73200 
-47.58026 4.73300 
-47.59051 4.73400 
-47.60075 4.73500 
-47.61099 4.73600 
-47.62123 4.73700 
-47.63147 4.73800 
-47.64171 4.73900 
-47.65196 4.74000 
-47.66220 4.74100 
-47.67244 4.74200 
-47.68268 4.74300 
-47.69292 4.74400 
-47.70316 4.74500 
-47.71340 4.74600 
-47.72365 4.74700 
-47.73389 4.74800 
-47.74413 4.74900 
-47.75437 4.75000 
-47.76461 4.75100 
-47.77485 4.75200 
-47.78510 4.75300 
-47.79534 4.75400 
-47.80558 4.75500 
-47.81582 4.75600 
-47.82606 4.75700 
-47.83630 4.75800 
-47.84655 4.75900 
-47.85679 4.76000 
-47.86703 4.76100 
-47.87727 4.76200 
-47.88751 4.76300 
-47.89775 4.76400 
-47.90799 4.76500 
-47.91824 4.76600 
-47.92848 4.76700 
-47.93872 4.76800 
-47.94896 4.76900 
-47.95920 4.77000 
-47.96944 4.77100 
-47.97969 4.77200 
-47.98993 4.77300 
-48.00017 4.77400 
-48.01041 4.77500 
-48.02065 4.77600 
-48.03089 4.77700 
-48.04114 4.77800 
-48.05138 4.77900 
-48.06162 4.78000 
-48.07186 4.78100 
-48.08210 4.78200 
-48.09234 4.78300 
-48.10258 4.78400 
-48.11283 4.78500 
-48.12307 4.78600 
-48.13331 4.78700 
-48.14355 4.78800 
-48.15379 4.78900 
-48.16403 4.79000 
-48.17428 4.79100 
-48.18452 4.79200 
-48.19476 4.79300 
-48.20500 4.79400 
-48.21524 4.79500 
-48.22548 4.79600 
-48.23573 4.79700 
-48.24597 4.79800 
-48.25621 4.79900 
-48.26645 4.80000 
-48.27669 4.80100 
-48.28693 4.80200 
-48.29717 4.80300 
-48.30742 4.80400 
-48.31766 4.80500 
-48.32790 4.80600 
-48.33814 4.80700 
-48.34838 4.80800 
-48.35862 4.80900 
-48.36887 4.81000 
-48.37911 4.81100 
-48.38935 4.81200 
-48.39959 4.81300 
-48.40983 4.81400 
-48.42007 4.81500 
-48.43032 4.81600 
-48.44056 4.81700 
-48.45080 4.81800 
-48.46104 4.81900 
-48.47128 4.82000 
-48.48152 4.82100 
-48.49176 4.82200 
-48.50201 4.82300 
-48.51225 4.82400 
-48.52249 4.82500 
-48.53273 4.82600 
-48.54297 4.82700 
-48.55321 4.82800 
-48.56346 4.82900 
-48.57370 4.83000 
-48.58394 4.83100 
-48.59418 4.83200 
-48.60442 4.83300 
-48.61466 4.83400 
-48.62491 4.83500 
-48.63515 4.83600 
-48.64539 4.83700 
-48.65563 4.83800 
-48.66587 4.83900 
-48.67611 4.84000 
-48.68636 4.84100 
-48.69660 4.84200 
-48.70684 4.84300 
-48.71708 4.84400 
-48.72732 4.84500 
-48.73756 4.84600 
-48.74780 4.84700 
-48.75805 4.84800 
-48.76829 4.84900 
-48.77853 4.85000 
-48.78877 4.85100 
-48.79901 4.85200 
-48.80925 4.85300 
-48.81950 4.85400 
-48.82974 4.85500 
-48.83998 4.85600 
-48.85022 4.85700 
-48.86046 4.85800 
-48.87070 4.85900 
-48.88095 4.86000 
-48.89119 4.86100 
-48.90143 4.86200 
-48.91167 4.86300 
-48.92191 4.86400 
-48.93215 4.86500 
-48.94239 4.86600 
-48.95264 4.86700 
-48.96288 4.86800 
-48.97312 4.86900 
-48.98336 4.87000 
-48.99360 4.87100 
-49.00384 4.87200 
-49.01409 4.87300 
-49.02433 4.87400 
-49.03457 4.87500 
-49.04481 4.87600 
-49.05505 4.87700 
-49.06529 4.87800 
-49.07554 4.87900 
-49.08578 4.88000 
-49.09602 4.88100 
-49.10626 4.88200 
-49.11650 4.88300 
-49.12674 4.88400 
-49.13698 4.88500 
-49.14723 4.88600 
-49.15747 4.88700 
-49.16771 4.88800 
-49.17795 4.88900 
-49.18819 4.89000 
-49.19843 4.89100 
-49.20868 4.89200 
-49.21892 4.89300 
-49.22916 4.89400 
-49.23940 4.89500 
-49.24964 4.89600 
-49.25988 4.89700 
-49.27013 4.89800 
-49.28037 4.89900 
-49.29061 4.90000 
-49.30085 4.90100 
-49.31109 4.90200 
-49.32133 4.90300 
-49.33157 4.90400 
-49.34182 4.90500 
-49.35206 4.90600 
-49.36230 4.90700 
-49.37254 4.90800 
-49.38278 4.90900 
-49.39302 4.91000 
-49.40327 4.91100 
-49.41351 4.91200 
-49.42375 4.91300 
-49.43399 4.91400 
-49.44423 4.91500 
-49.45447 4.91600 
-49.46472 4.91700 
-49.47496 4.91800 
-49.48520 4.91900 
-49.49544 4.92000 
-49.50568 4.92100 
-49.51592 4.92200 
-49.52616 4.92300 
-49.53641 4.92400 
-49.54665 4.92500 
-49.55689 4.92600 
-49.56713 4.92700 
-49.57737 4.92800 
-49.58761 4.92900 
-49.59786 4.93000 
-49.60810 4.93100 
-49.61834 4.93200 
-49.62858 4.93300 
-49.63882 4.93400 
-49.64906 4.93500 
-49.65931 4.93600 
-49.66955 4.93700 
-49.67979 4.93800 
-49.69003 4.93900 
-49.70027 4.94000 
-49.71051 4.94100 
-49.72075 4.94200 
-49.73100 4.94300 
-49.74124 4.94400 
-49.75148 4.94500 
-49.76172 4.94600 
-49.77196 4.94700 
-49.78220 4.94800 
-49.79245 4.94900 
-49.80269 4.95000 
-49.81293 4.95100 
-49.82317 4.95200 
-49.83341 4.95300 
-49.84365 4.95400 
-49.85390 4.95500 
-49.86414 4.95600 
-49.87438 4.95700 
-49.88462 4.95800 
-49.89486 4.95900 
-49.90510 4.96000 
-49.91535 4.96100 
-49.92559 4.96200 
-49.93583 4.96300 
-49.94607 4.96400 
-49.95631 4.96500 
-49.96655 4.96600 
-49.97679 4.96700 
-49.98704 4.96800 
-49.99728 4.96900 
-50.00752 4.97000 
-50.01776 4.97100 
-50.02800 4.97200 
-50.03824 4.97300 
-50.04849 4.97400 
-50.05873 4.97500 
-50.06897 4.97600 
-50.07921 4.97700 
-50.08945 4.97800 
-50.09969 4.97900 
-50.10994 4.98000 
-50.12018 4.98100 
-50.13042 4.98200 
-50.14066 4.98300 
-50.15090 4.98400 
-50.16114 4.98500 
-50.17138 4.98600 
-50.18163 4.98700 
-50.19187 4.98800 
-50.20211 4.98900 
-50.21235 4.99000 
-50.22259 4.99100 
-50.23283 4.99200 
-50.24308 4.99300 
-50.25332 4.99400 
-50.26356 4.99500 
-50.27380 4.99600 
-50.28404 4.99700 
-50.29428 4.99800 
-50.30453 4.99900 
