0.00000 0.00000 
-0.00003 0.00100 
-0.00018 0.00200 
-0.00048 0.00300 
-0.00092 0.00400 
-0.00151 0.00500 
-0.00224 0.00600 
-0.00312 0.00700 
-0.00414 0.00800 
-0.00530 0.00900 
-0.00660 0.01000 
-0.00804 0.01100 
-0.00962 0.01200 
-0.01132 0.01300 
-0.01316 0.01400 
-0.01513 0.01500 
-0.01723 0.01600 
-0.01946 0.01700 
-0.02182 0.01800 
-0.02430 0.01900 
-0.02690 0.02000 
-0.02963 0.02100 
-0.03247 0.02200 
-0.03544 0.02300 
-0.03853 0.02400 
-0.04173 0.02500 
-0.04504 0.02600 
-0.04847 0.02700 
-0.05202 0.02800 
-0.05567 0.02900 
-0.05944 0.03000 
-0.06331 0.03100 
-0.06729 0.03200 
-0.07138 0.03300 
-0.07558 0.03400 
-0.07987 0.03500 
-0.08427 0.03600 
-0.08878 0.03700 
-0.09338 0.03800 
-0.09808 0.03900 
-0.10288 0.04000 
-0.10778 0.04100 
-0.11277 0.04200 
-0.11786 0.04300 
-0.12304 0.04400 
-0.12831 0.04500 
-0.13368 0.04600 
-0.13914 0.04700 
-0.14468 0.04800 
-0.15032 0.04900 
-0.15604 0.05000 
-0.16185 0.05100 
-0.16774 0.05200 
-0.17372 0.05300 
-0.17978 0.05400 
-0.18593 0.05500 
-0.19215 0.05600 
-0.19846 0.05700 
-0.20485 0.05800 
-0.21131 0.05900 
-0.21786 0.06000 
-0.22448 0.06100 
-0.23117 0.06200 
-0.23795 0.06300 
-0.24479 0.06400 
-0.25171 0.06500 
-0.25870 0.06600 
-0.26577 0.06700 
-0.27291 0.06800 
-0.28011 0.06900 
-0.28739 0.07000 
-0.29473 0.07100 
-0.30214 0.07200 
-0.30962 0.07300 
-0.31717 0.07400 
-0.32478 0.07500 
-0.33245 0.07600 
-0.34019 0.07700 
-0.34800 0.07800 
-0.35586 0.07900 
-0.36379 0.08000 
-0.37178 0.08100 
-0.37983 0.08200 
-0.38794 0.08300 
-0.39611 0.08400 
-0.40433 0.08500 
-0.41262 0.08600 
-0.42096 0.08700 
-0.42936 0.08800 
-0.43781 0.08900 
-0.44632 0.09000 
-0.45488 0.09100 
-0.46350 0.09200 
-0.47217 0.09300 
-0.48089 0.09400 
-0.48967 0.09500 
-0.49850 0.09600 
-0.50737 0.09700 
-0.51630 0.09800 
-0.52528 0.09900 
-0.53431 0.10000 
-0.54338 0.10100 
-0.55250 0.10200 
-0.56167 0.10300 
-0.57089 0.10400 
-0.58016 0.10500 
-0.58947 0.10600 
-0.59882 0.10700 
-0.60822 0.10800 
-0.61766 0.10900 
-0.62715 0.11000 
-0.63668 0.11100 
-0.64626 0.11200 
-0.65587 0.11300 
-0.66553 0.11400 
-0.67523 0.11500 
-0.68497 0.11600 
-0.69475 0.11700 
-0.70457 0.11800 
-0.71443 0.11900 
-0.72433 0.12000 
-0.73427 0.12100 
-0.74424 0.12200 
-0.75426 0.12300 
-0.76431 0.12400 
-0.77439 0.12500 
-0.78452 0.12600 
-0.79468 0.12700 
-0.80487 0.12800 
-0.81510 0.12900 
-0.82537 0.13000 
-0.83567 0.13100 
-0.84600 0.13200 
-0.85637 0.13300 
-0.86677 0.13400 
-0.87720 0.13500 
-0.88766 0.13600 
-0.89816 0.13700 
-0.90869 0.13800 
-0.91925 0.13900 
-0.92984 0.14000 
-0.94046 0.14100 
-0.95112 0.14200 
-0.96180 0.14300 
-0.97251 0.14400 
-0.98325 0.14500 
-0.99402 0.14600 
-1.00482 0.14700 
-1.01564 0.14800 
-1.02650 0.14900 
-1.03738 0.15000 
-1.04829 0.15100 
-1.05923 0.15200 
-1.07019 0.15300 
-1.08118 0.15400 
-1.09219 0.15500 
-1.10323 0.15600 
-1.11430 0.15700 
-1.12539 0.15800 
-1.13651 0.15900 
-1.14765 0.16000 
-1.15882 0.16100 
-1.17000 0.16200 
-1.18122 0.16300 
-1.19245 0.16400 
-1.20371 0.16500 
-1.21500 0.16600 
-1.22630 0.16700 
-1.23763 0.16800 
-1.24898 0.16900 
-1.26035 0.17000 
-1.27174 0.17100 
-1.28316 0.17200 
-1.29460 0.17300 
-1.30605 0.17400 
-1.31753 0.17500 
-1.32903 0.17600 
-1.34055 0.17700 
-1.35208 0.17800 
-1.36364 0.17900 
-1.37522 0.18000 
-1.38682 0.18100 
-1.39843 0.18200 
-1.41007 0.18300 
-1.42172 0.18400 
-1.43339 0.18500 
-1.44508 0.18600 
-1.45679 0.18700 
-1.46851 0.18800 
-1.48026 0.18900 
-1.49202 0.19000 
-1.50380 0.19100 
-1.51559 0.19200 
-1.52740 0.19300 
-1.53923 0.19400 
-1.55108 0.19500 
-1.56294 0.19600 
-1.57481 0.19700 
-1.58671 0.19800 
-1.59861 0.19900 
-1.61054 0.20000 
-1.62248 0.20100 
-1.63443 0.20200 
-1.64640 0.20300 
-1.65839 0.20400 
-1.67038 0.20500 
-1.68240 0.20600 
-1.69443 0.20700 
-1.70647 0.20800 
-1.71852 0.20900 
-1.73059 0.21000 
-1.74268 0.21100 
-1.75478 0.21200 
-1.76689 0.21300 
-1.77901 0.21400 
-1.79115 0.21500 
-1.80330 0.21600 
-1.81546 0.21700 
-1.82763 0.21800 
-1.83982 0.21900 
-1.85202 0.22000 
-1.86423 0.22100 
-1.87646 0.22200 
-1.88869 0.22300 
-1.90094 0.22400 
-1.91320 0.22500 
-1.92547 0.22600 
-1.93775 0.22700 
-1.95004 0.22800 
-1.96235 0.22900 
-1.97466 0.23000 
-1.98699 0.23100 
-1.99932 0.23200 
-2.01167 0.23300 
-2.02403 0.23400 
-2.03639 0.23500 
-2.04877 0.23600 
-2.06116 0.23700 
-2.07356 0.23800 
-2.08597 0.23900 
-2.09838 0.24000 
-2.11081 0.24100 
-2.12325 0.24200 
-2.13569 0.24300 
-2.14815 0.24400 
-2.16061 0.24500 
-2.17309 0.24600 
-2.18557 0.24700 
-2.19806 0.24800 
-2.21056 0.24900 
-2.22307 0.25000 
-2.23559 0.25100 
-2.24811 0.25200 
-2.26065 0.25300 
-2.27319 0.25400 
-2.28574 0.25500 
-2.29830 0.25600 
-2.31087 0.25700 
-2.32344 0.25800 
-2.33603 0.25900 
-2.34862 0.26000 
-2.36122 0.26100 
-2.37382 0.26200 
-2.38644 0.26300 
-2.39906 0.26400 
-2.41168 0.26500 
-2.42432 0.26600 
-2.43696 0.26700 
-2.44961 0.26800 
-2.46227 0.26900 
-2.47493 0.27000 
-2.48760 0.27100 
-2.50028 0.27200 
-2.51296 0.27300 
-2.52565 0.27400 
-2.53835 0.27500 
-2.55105 0.27600 
-2.56376 0.27700 
-2.57648 0.27800 
-2.58920 0.27900 
-2.60193 0.28000 
-2.61466 0.28100 
-2.62740 0.28200 
-2.64015 0.28300 
-2.65290 0.28400 
-2.66566 0.28500 
-2.67842 0.28600 
-2.69119 0.28700 
-2.70397 0.28800 
-2.71675 0.28900 
-2.72953 0.29000 
-2.74232 0.29100 
-2.75512 0.29200 
-2.76792 0.29300 
-2.78073 0.29400 
-2.79354 0.29500 
-2.80636 0.29600 
-2.81918 0.29700 
-2.83201 0.29800 
-2.84484 0.29900 
-2.85768 0.30000 
-2.87052 0.30100 
-2.88337 0.30200 
-2.89622 0.30300 
-2.90908 0.30400 
-2.92194 0.30500 
-2.93480 0.30600 
-2.94767 0.30700 
-2.96055 0.30800 
-2.97343 0.30900 
-2.98631 0.31000 
-2.99920 0.31100 
-3.01209 0.31200 
-3.02498 0.31300 
-3.03788 0.31400 
-3.05079 0.31500 
-3.06370 0.31600 
-3.07661 0.31700 
-3.08953 0.31800 
-3.10245 0.31900 
-3.11537 0.32000 
-3.12830 0.32100 
-3.14123 0.32200 
-3.15416 0.32300 
-3.16710 0.32400 
-3.18005 0.32500 
-3.19299 0.32600 
-3.20594 0.32700 
-3.21890 0.32800 
-3.23185 0.32900 
-3.24481 0.33000 
-3.25778 0.33100 
-3.27075 0.33200 
-3.28372 0.33300 
-3.29669 0.33400 
-3.30967 0.33500 
-3.32265 0.33600 
-3.33563 0.33700 
-3.34862 0.33800 
-3.36161 0.33900 
-3.37460 0.34000 
-3.38760 0.34100 
-3.40060 0.34200 
-3.41360 0.34300 
-3.42660 0.34400 
-3.43961 0.34500 
-3.45262 0.34600 
-3.46564 0.34700 
-3.47865 0.34800 
-3.49167 0.34900 
-3.50469 0.35000 
-3.51772 0.35100 
-3.53075 0.35200 
-3.54378 0.35300 
-3.55681 0.35400 
-3.56984 0.35500 
-3.58288 0.35600 
-3.59592 0.35700 
-3.60896 0.35800 
-3.62201 0.35900 
-3.63506 0.36000 
-3.64811 0.36100 
-3.66116 0.36200 
-3.67422 0.36300 
-3.68727 0.36400 
-3.70033 0.36500 
-3.71339 0.36600 
-3.72646 0.36700 
-3.73952 0.36800 
-3.75259 0.36900 
-3.76566 0.37000 
-3.77874 0.37100 
-3.79181 0.37200 
-3.80489 0.37300 
-3.81797 0.37400 
-3.83105 0.37500 
-3.84413 0.37600 
-3.85722 0.37700 
-3.87030 0.37800 
-3.88339 0.37900 
-3.89648 0.38000 
-3.90958 0.38100 
-3.92267 0.38200 
-3.93577 0.38300 
-3.94887 0.38400 
-3.96197 0.38500 
-3.97507 0.38600 
-3.98818 0.38700 
-4.00128 0.38800 
-4.01439 0.38900 
-4.02750 0.39000 
-4.04061 0.39100 
-4.05372 0.39200 
-4.06684 0.39300 
-4.07995 0.39400 
-4.09307 0.39500 
-4.10619 0.39600 
-4.11931 0.39700 
-4.13243 0.39800 
-4.14556 0.39900 
-4.15868 0.40000 
-4.17181 0.40100 
-4.18494 0.40200 
-4.19807 0.40300 
-4.21120 0.40400 
-4.22433 0.40500 
-4.23747 0.40600 
-4.25060 0.40700 
-4.26374 0.40800 
-4.27688 0.40900 
-4.29002 0.41000 
-4.30316 0.41100 
-4.31630 0.41200 
-4.32945 0.41300 
-4.34259 0.41400 
-4.35574 0.41500 
-4.36889 0.41600 
-4.38204 0.41700 
-4.39519 0.41800 
-4.40834 0.41900 
-4.42149 0.42000 
-4.43465 0.42100 
-4.44780 0.42200 
-4.46096 0.42300 
-4.47412 0.42400 
-4.48728 0.42500 
-4.50044 0.42600 
-4.51360 0.42700 
-4.52676 0.42800 
-4.53992 0.42900 
-4.55309 0.43000 
-4.56625 0.43100 
-4.57942 0.43200 
-4.59259 0.43300 
-4.60576 0.43400 
-4.61893 0.43500 
-4.63210 0.43600 
-4.64527 0.43700 
-4.65844 0.43800 
-4.67162 0.43900 
-4.68479 0.44000 
-4.69797 0.44100 
-4.71114 0.44200 
-4.72432 0.44300 
-4.73750 0.44400 
-4.75068 0.44500 
-4.76386 0.44600 
-4.77704 0.44700 
-4.79022 0.44800 
-4.80341 0.44900 
-4.81659 0.45000 
-4.82978 0.45100 
-4.84296 0.45200 
-4.85615 0.45300 
-4.86933 0.45400 
-4.88252 0.45500 
-4.89571 0.45600 
-4.90890 0.45700 
-4.92209 0.45800 
-4.93528 0.45900 
-4.94848 0.46000 
-4.96167 0.46100 
-4.97486 0.46200 
-4.98806 0.46300 
-5.00125 0.46400 
-5.01445 0.46500 
-5.02764 0.46600 
-5.04084 0.46700 
-5.05404 0.46800 
-5.06724 0.46900 
-5.08044 0.47000 
-5.09364 0.47100 
-5.10684 0.47200 
-5.12004 0.47300 
-5.13324 0.47400 
-5.14644 0.47500 
-5.15965 0.47600 
-5.17285 0.47700 
-5.18605 0.47800 
-5.19926 0.47900 
-5.21247 0.48000 
-5.22567 0.48100 
-5.23888 0.48200 
-5.25209 0.48300 
-5.26529 0.48400 
-5.27850 0.48500 
-5.29171 0.48600 
-5.30492 0.48700 
-5.31813 0.48800 
-5.33134 0.48900 
-5.34456 0.49000 
-5.35777 0.49100 
-5.37098 0.49200 
-5.38419 0.49300 
-5.39741 0.49400 
-5.41062 0.49500 
-5.42384 0.49600 
-5.43705 0.49700 
-5.45027 0.49800 
-5.46348 0.49900 
-5.47670 0.50000 
-5.48992 0.50100 
-5.50313 0.50200 
-5.51635 0.50300 
-5.52957 0.50400 
-5.54279 0.50500 
-5.55601 0.50600 
-5.56923 0.50700 
-5.58245 0.50800 
-5.59567 0.50900 
-5.60889 0.51000 
-5.62211 0.51100 
-5.63534 0.51200 
-5.64856 0.51300 
-5.66178 0.51400 
-5.67500 0.51500 
-5.68823 0.51600 
-5.70145 0.51700 
-5.71468 0.51800 
-5.72790 0.51900 
-5.74113 0.52000 
-5.75435 0.52100 
-5.76758 0.52200 
-5.78080 0.52300 
-5.79403 0.52400 
-5.80726 0.52500 
-5.82049 0.52600 
-5.83371 0.52700 
-5.84694 0.52800 
-5.86017 0.52900 
-5.87340 0.53000 
-5.88663 0.53100 
-5.89986 0.53200 
-5.91309 0.53300 
-5.92632 0.53400 
-5.93955 0.53500 
-5.95278 0.53600 
-5.96601 0.53700 
-5.97924 0.53800 
-5.99247 0.53900 
-6.00571 0.54000 
-6.01894 0.54100 
-6.03217 0.54200 
-6.04540 0.54300 
-6.05864 0.54400 
-6.07187 0.54500 
-6.08511 0.54600 
-6.09834 0.54700 
-6.11157 0.54800 
-6.12481 0.54900 
-6.13804 0.55000 
-6.15128 0.55100 
-6.16451 0.55200 
-6.17775 0.55300 
-6.19099 0.55400 
-6.20422 0.55500 
-6.21746 0.55600 
-6.23070 0.55700 
-6.24393 0.55800 
-6.25717 0.55900 
-6.27041 0.56000 
-6.28365 0.56100 
-6.29688 0.56200 
-6.31012 0.56300 
-6.32336 0.56400 
-6.33660 0.56500 
-6.34984 0.56600 
-6.36308 0.56700 
-6.37632 0.56800 
-6.38956 0.56900 
-6.40280 0.57000 
-6.41604 0.57100 
-6.42928 0.57200 
-6.44252 0.57300 
-6.45576 0.57400 
-6.46900 0.57500 
-6.48224 0.57600 
-6.49548 0.57700 
-6.50872 0.57800 
-6.52196 0.57900 
-6.53521 0.58000 
-6.54845 0.58100 
-6.56169 0.58200 
-6.57493 0.58300 
-6.58818 0.58400 
-6.60142 0.58500 
-6.61466 0.58600 
-6.62790 0.58700 
-6.64115 0.58800 
-6.65439 0.58900 
-6.66763 0.59000 
-6.68088 0.59100 
-6.69412 0.59200 
-6.70737 0.59300 
-6.72061 0.59400 
-6.73386 0.59500 
-6.74710 0.59600 
-6.76035 0.59700 
-6.77359 0.59800 
-6.78684 0.59900 
-6.80008 0.60000 
-6.81333 0.60100 
-6.82657 0.60200 
-6.83982 0.60300 
-6.85306 0.60400 
-6.86631 0.60500 
-6.87956 0.60600 
-6.89280 0.60700 
-6.90605 0.60800 
-6.91930 0.60900 
-6.93254 0.61000 
-6.94579 0.61100 
-6.95904 0.61200 
-6.97228 0.61300 
-6.98553 0.61400 
-6.99878 0.61500 
-7.01203 0.61600 
-7.02527 0.61700 
-7.03852 0.61800 
-7.05177 0.61900 
-7.06502 0.62000 
-7.07826 0.62100 
-7.09151 0.62200 
-7.10476 0.62300 
-7.11801 0.62400 
-7.13126 0.62500 
-7.14451 0.62600 
-7.15776 0.62700 
-7.17101 0.62800 
-7.18425 0.62900 
-7.19750 0.63000 
-7.21075 0.63100 
-7.22400 0.63200 
-7.23725 0.63300 
-7.25050 0.63400 
-7.26375 0.63500 
-7.27700 0.63600 
-7.29025 0.63700 
-7.30350 0.63800 
-7.31675 0.63900 
-7.33000 0.64000 
-7.34325 0.64100 
-7.35650 0.64200 
-7.36975 0.64300 
-7.38300 0.64400 
-7.39625 0.64500 
-7.40950 0.64600 
-7.42276 0.64700 
-7.43601 0.64800 
-7.44926 0.64900 
-7.46251 0.65000 
-7.47576 0.65100 
-7.48901 0.65200 
-7.50226 0.65300 
-7.51551 0.65400 
-7.52877 0.65500 
-7.54202 0.65600 
-7.55527 0.65700 
-7.56852 0.65800 
-7.58177 0.65900 
-7.59502 0.66000 
-7.60828 0.66100 
-7.62153 0.66200 
-7.63478 0.66300 
-7.64803 0.66400 
-7.66129 0.66500 
-7.67454 0.66600 
-7.68779 0.66700 
-7.70104 0.66800 
-7.71430 0.66900 
-7.72755 0.67000 
-7.74080 0.67100 
-7.75405 0.67200 
-7.76731 0.67300 
-7.78056 0.67400 
-7.79381 0.67500 
-7.80707 0.67600 
-7.82032 0.67700 
-7.83357 0.67800 
-7.84683 0.67900 
-7.86008 0.68000 
-7.87333 0.68100 
-7.88659 0.68200 
-7.89984 0.68300 
-7.91309 0.68400 
-7.92635 0.68500 
-7.93960 0.68600 
-7.95285 0.68700 
-7.96611 0.68800 
-7.97936 0.68900 
-7.99261 0.69000 
-8.00587 0.69100 
-8.01912 0.69200 
-8.03238 0.69300 
-8.04563 0.69400 
-8.05889 0.69500 
-8.07214 0.69600 
-8.08539 0.69700 
-8.09865 0.69800 
-8.11190 0.69900 
-8.12516 0.70000 
-8.13841 0.70100 
-8.15167 0.70200 
-8.16492 0.70300 
-8.17817 0.70400 
-8.19143 0.70500 
-8.20468 0.70600 
-8.21794 0.70700 
-8.23119 0.70800 
-8.24445 0.70900 
-8.25770 0.71000 
-8.27096 0.71100 
-8.28421 0.71200 
-8.29747 0.71300 
-8.31072 0.71400 
-8.32398 0.71500 
-8.33723 0.71600 
-8.35049 0.71700 
-8.36374 0.71800 
-8.37700 0.71900 
-8.39025 0.72000 
-8.40351 0.72100 
-8.41677 0.72200 
-8.43002 0.72300 
-8.44328 0.72400 
-8.45653 0.72500 
-8.46979 0.72600 
-8.48304 0.72700 
-8.49630 0.72800 
-8.50955 0.72900 
-8.52281 0.73000 
-8.53606 0.73100 
-8.54932 0.73200 
-8.56258 0.73300 
-8.57583 0.73400 
-8.58909 0.73500 
-8.60234 0.73600 
-8.61560 0.73700 
-8.62886 0.73800 
-8.64211 0.73900 
-8.65537 0.74000 
-8.66862 0.74100 
-8.68188 0.74200 
-8.69514 0.74300 
-8.70839 0.74400 
-8.72165 0.74500 
-8.73490 0.74600 
-8.74816 0.74700 
-8.76142 0.74800 
-8.77467 0.74900 
-8.78793 0.75000 
-8.80119 0.75100 
-8.81444 0.75200 
-8.82770 0.75300 
-8.84095 0.75400 
-8.85421 0.75500 
-8.86747 0.75600 
-8.88072 0.75700 
-8.89398 0.75800 
-8.90724 0.75900 
-8.92049 0.76000 
-8.93375 0.76100 
-8.94701 0.76200 
-8.96026 0.76300 
-8.97352 0.76400 
-8.98678 0.76500 
-9.00003 0.76600 
-9.01329 0.76700 
-9.02655 0.76800 
-9.03980 0.76900 
-9.05306 0.77000 
-9.06632 0.77100 
-9.07957 0.77200 
-9.09283 0.77300 
-9.10609 0.77400 
-9.11934 0.77500 
-9.13260 0.77600 
-9.14586 0.77700 
-9.15911 0.77800 
-9.17237 0.77900 
-9.18563 0.78000 
-9.19888 0.78100 
-9.21214 0.78200 
-9.22540 0.78300 
-9.23866 0.78400 
-9.25191 0.78500 
-9.26517 0.78600 
-9.27843 0.78700 
-9.29168 0.78800 
-9.30494 0.78900 
-9.31820 0.79000 
-9.33146 0.79100 
-9.34471 0.79200 
-9.35797 0.79300 
-9.37123 0.79400 
-9.38448 0.79500 
-9.39774 0.79600 
-9.41100 0.79700 
-9.42426 0.79800 
-9.43751 0.79900 
-9.45077 0.80000 
-9.46403 0.80100 
-9.47729 0.80200 
-9.49054 0.80300 
-9.50380 0.80400 
-9.51706 0.80500 
-9.53031 0.80600 
-9.54357 0.80700 
-9.55683 0.80800 
-9.57009 0.80900 
-9.58334 0.81000 
-9.59660 0.81100 
-9.60986 0.81200 
-9.62312 0.81300 
-9.63637 0.81400 
-9.64963 0.81500 
-9.66289 0.81600 
-9.67615 0.81700 
-9.68940 0.81800 
-9.70266 0.81900 
-9.71592 0.82000 
-9.72918 0.82100 
-9.74243 0.82200 
-9.75569 0.82300 
-9.76895 0.82400 
-9.78221 0.82500 
-9.79547 0.82600 
-9.80872 0.82700 
-9.82198 0.82800 
-9.83524 0.82900 
-9.84850 0.83000 
-9.86175 0.83100 
-9.87501 0.83200 
-9.88827 0.83300 
-9.90153 0.83400 
-9.91478 0.83500 
-9.92804 0.83600 
-9.94130 0.83700 
-9.95456 0.83800 
-9.96782 0.83900 
-9.98107 0.84000 
-9.99433 0.84100 
-10.00759 0.84200 
-10.02085 0.84300 
-10.03410 0.84400 
-10.04736 0.84500 
-10.06062 0.84600 
-10.07388 0.84700 
-10.08714 0.84800 
-10.10039 0.84900 
-10.11365 0.85000 
-10.12691 0.85100 
-10.14017 0.85200 
-10.15343 0.85300 
-10.16668 0.85400 
-10.17994 0.85500 
-10.19320 0.85600 
-10.20646 0.85700 
-10.21972 0.85800 
-10.23297 0.85900 
-10.24623 0.86000 
-10.25949 0.86100 
-10.27275 0.86200 
-10.28601 0.86300 
-10.29926 0.86400 
-10.31252 0.86500 
-10.32578 0.86600 
-10.33904 0.86700 
-10.35230 0.86800 
-10.36555 0.86900 
-10.37881 0.87000 
-10.39207 0.87100 
-10.40533 0.87200 
-10.41859 0.87300 
-10.43184 0.87400 
-10.44510 0.87500 
-10.45836 0.87600 
-10.47162 0.87700 
-10.48488 0.87800 
-10.49813 0.87900 
-10.51139 0.88000 
-10.52465 0.88100 
-10.53791 0.88200 
-10.55117 0.88300 
-10.56442 0.88400 
-10.57768 0.88500 
-10.59094 0.88600 
-10.60420 0.88700 
-10.61746 0.88800 
-10.63072 0.88900 
-10.64397 0.89000 
-10.65723 0.89100 
-10.67049 0.89200 
-10.68375 0.89300 
-10.69701 0.89400 
-10.71026 0.89500 
-10.72352 0.89600 
-10.73678 0.89700 
-10.75004 0.89800 
-10.76330 0.89900 
-10.77656 0.90000 
-10.78981 0.90100 
-10.80307 0.90200 
-10.81633 0.90300 
-10.82959 0.90400 
-10.84285 0.90500 
-10.85610 0.90600 
-10.86936 0.90700 
-10.88262 0.90800 
-10.89588 0.90900 
-10.90914 0.91000 
-10.92240 0.91100 
-10.93565 0.91200 
-10.94891 0.91300 
-10.96217 0.91400 
-10.97543 0.91500 
-10.98869 0.91600 
-11.00195 0.91700 
-11.01520 0.91800 
-11.02846 0.91900 
-11.04172 0.92000 
-11.05498 0.92100 
-11.06824 0.92200 
-11.08150 0.92300 
-11.09475 0.92400 
-11.10801 0.92500 
-11.12127 0.92600 
-11.13453 0.92700 
-11.14779 0.92800 
-11.16105 0.92900 
-11.17430 0.93000 
-11.18756 0.93100 
-11.20082 0.93200 
-11.21408 0.93300 
-11.22734 0.93400 
-11.24060 0.93500 
-11.25385 0.93600 
-11.26711 0.93700 
-11.28037 0.93800 
-11.29363 0.93900 
-11.30689 0.94000 
-11.32015 0.94100 
-11.33340 0.94200 
-11.34666 0.94300 
-11.35992 0.94400 
-11.37318 0.94500 
-11.38644 0.94600 
-11.39970 0.94700 
-11.41295 0.94800 
-11.42621 0.94900 
-11.43947 0.95000 
-11.45273 0.95100 
-11.46599 0.95200 
-11.47925 0.95300 
-11.49251 0.95400 
-11.50576 0.95500 
-11.51902 0.95600 
-11.53228 0.95700 
-11.54554 0.95800 
-11.55880 0.95900 
-11.57206 0.96000 
-11.58531 0.96100 
-11.59857 0.96200 
-11.61183 0.96300 
-11.62509 0.96400 
-11.63835 0.96500 
-11.65161 0.96600 
-11.66486 0.96700 
-11.67812 0.96800 
-11.69138 0.96900 
-11.70464 0.97000 
-11.71790 0.97100 
-11.73116 0.97200 
-11.74442 0.97300 
-11.75767 0.97400 
-11.77093 0.97500 
-11.78419 0.97600 
-11.79745 0.97700 
-11.81071 0.97800 
-11.82397 0.97900 
-11.83722 0.98000 
-11.85048 0.98100 
-11.86374 0.98200 
-11.87700 0.98300 
-11.89026 0.98400 
-11.90352 0.98500 
-11.91678 0.98600 
-11.93003 0.98700 
-11.94329 0.98800 
-11.95655 0.98900 
-11.96981 0.99000 
-11.98307 0.99100 
-11.99633 0.99200 
-12.00959 0.99300 
-12.02284 0.99400 
-12.03610 0.99500 
-12.04936 0.99600 
-12.06262 0.99700 
-12.07588 0.99800 
-12.08914 0.99900 
-12.10239 1.00000 
-12.11565 1.00100 
-12.12891 1.00200 
-12.14217 1.00300 
-12.15543 1.00400 
-12.16869 1.00500 
-12.18195 1.00600 
-12.19520 1.00700 
-12.20846 1.00800 
-12.22172 1.00900 
-12.23498 1.01000 
-12.24824 1.01100 
-12.26150 1.01200 
-12.27476 1.01300 
-12.28801 1.01400 
-12.30127 1.01500 
-12.31453 1.01600 
-12.32779 1.01700 
-12.34105 1.01800 
-12.35431 1.01900 
-12.36756 1.02000 
-12.38082 1.02100 
-12.39408 1.02200 
-12.40734 1.02300 
-12.42060 1.02400 
-12.43386 1.02500 
-12.44712 1.02600 
-12.46037 1.02700 
-12.47363 1.02800 
-12.48689 1.02900 
-12.50015 1.03000 
-12.51341 1.03100 
-12.52667 1.03200 
-12.53993 1.03300 
-12.55318 1.03400 
-12.56644 1.03500 
-12.57970 1.03600 
-12.59296 1.03700 
-12.60622 1.03800 
-12.61948 1.03900 
-12.63274 1.04000 
-12.64599 1.04100 
-12.65925 1.04200 
-12.67251 1.04300 
-12.68577 1.04400 
-12.69903 1.04500 
-12.71229 1.04600 
-12.72555 1.04700 
-12.73880 1.04800 
-12.75206 1.04900 
-12.76532 1.05000 
-12.77858 1.05100 
-12.79184 1.05200 
-12.80510 1.05300 
-12.81836 1.05400 
-12.83161 1.05500 
-12.84487 1.05600 
-12.85813 1.05700 
-12.87139 1.05800 
-12.88465 1.05900 
-12.89791 1.06000 
-12.91117 1.06100 
-12.92442 1.06200 
-12.93768 1.06300 
-12.95094 1.06400 
-12.96420 1.06500 
-12.97746 1.06600 
-12.99072 1.06700 
-13.00398 1.06800 
-13.01723 1.06900 
-13.03049 1.07000 
-13.04375 1.07100 
-13.05701 1.07200 
-13.07027 1.07300 
-13.08353 1.07400 
-13.09679 1.07500 
-13.11004 1.07600 
-13.12330 1.07700 
-13.13656 1.07800 
-13.14982 1.07900 
-13.16308 1.08000 
-13.17634 1.08100 
-13.18960 1.08200 
-13.20285 1.08300 
-13.21611 1.08400 
-13.22937 1.08500 
-13.24263 1.08600 
-13.25589 1.08700 
-13.26915 1.08800 
-13.28241 1.08900 
-13.29566 1.09000 
-13.30892 1.09100 
-13.32218 1.09200 
-13.33544 1.09300 
-13.34870 1.09400 
-13.36196 1.09500 
-13.37522 1.09600 
-13.38847 1.09700 
-13.40173 1.09800 
-13.41499 1.09900 
-13.42825 1.10000 
-13.44151 1.10100 
-13.45477 1.10200 
-13.46803 1.10300 
-13.48129 1.10400 
-13.49454 1.10500 
-13.50780 1.10600 
-13.52106 1.10700 
-13.53432 1.10800 
-13.54758 1.10900 
-13.56084 1.11000 
-13.57410 1.11100 
-13.58735 1.11200 
-13.60061 1.11300 
-13.61387 1.11400 
-13.62713 1.11500 
-13.64039 1.11600 
-13.65365 1.11700 
-13.66691 1.11800 
-13.68016 1.11900 
-13.69342 1.12000 
-13.70668 1.12100 
-13.71994 1.12200 
-13.73320 1.12300 
-13.74646 1.12400 
-13.75972 1.12500 
-13.77297 1.12600 
-13.78623 1.12700 
-13.79949 1.12800 
-13.81275 1.12900 
-13.82601 1.13000 
-13.83927 1.13100 
-13.85253 1.13200 
-13.86578 1.13300 
-13.87904 1.13400 
-13.89230 1.13500 
-13.90556 1.13600 
-13.91882 1.13700 
-13.93208 1.13800 
-13.94534 1.13900 
-13.95860 1.14000 
-13.97185 1.14100 
-13.98511 1.14200 
-13.99837 1.14300 
-14.01163 1.14400 
-14.02489 1.14500 
-14.03815 1.14600 
-14.05141 1.14700 
-14.06466 1.14800 
-14.07792 1.14900 
-14.09118 1.15000 
-14.10444 1.15100 
-14.11770 1.15200 
-14.13096 1.15300 
-14.14422 1.15400 
-14.15747 1.15500 
-14.17073 1.15600 
-14.18399 1.15700 
-14.19725 1.15800 
-14.21051 1.15900 
-14.22377 1.16000 
-14.23703 1.16100 
-14.25028 1.16200 
-14.26354 1.16300 
-14.27680 1.16400 
-14.29006 1.16500 
-14.30332 1.16600 
-14.31658 1.16700 
-14.32984 1.16800 
-14.34310 1.16900 
-14.35635 1.17000 
-14.36961 1.17100 
-14.38287 1.17200 
-14.39613 1.17300 
-14.40939 1.17400 
-14.42265 1.17500 
-14.43591 1.17600 
-14.44916 1.17700 
-14.46242 1.17800 
-14.47568 1.17900 
-14.48894 1.18000 
-14.50220 1.18100 
-14.51546 1.18200 
-14.52872 1.18300 
-14.54197 1.18400 
-14.55523 1.18500 
-14.56849 1.18600 
-14.58175 1.18700 
-14.59501 1.18800 
-14.60827 1.18900 
-14.62153 1.19000 
-14.63478 1.19100 
-14.64804 1.19200 
-14.66130 1.19300 
-14.67456 1.19400 
-14.68782 1.19500 
-14.70108 1.19600 
-14.71434 1.19700 
-14.72760 1.19800 
-14.74085 1.19900 
-14.75411 1.20000 
-14.76737 1.20100 
-14.78063 1.20200 
-14.79389 1.20300 
-14.80715 1.20400 
-14.82041 1.20500 
-14.83366 1.20600 
-14.84692 1.20700 
-14.86018 1.20800 
-14.87344 1.20900 
-14.88670 1.21000 
-14.89996 1.21100 
-14.91322 1.21200 
-14.92647 1.21300 
-14.93973 1.21400 
-14.95299 1.21500 
-14.96625 1.21600 
-14.97951 1.21700 
-14.99277 1.21800 
-15.00603 1.21900 
-15.01929 1.22000 
-15.03254 1.22100 
-15.04580 1.22200 
-15.05906 1.22300 
-15.07232 1.22400 
-15.08558 1.22500 
-15.09884 1.22600 
-15.11210 1.22700 
-15.12535 1.22800 
-15.13861 1.22900 
-15.15187 1.23000 
-15.16513 1.23100 
-15.17839 1.23200 
-15.19165 1.23300 
-15.20491 1.23400 
-15.21816 1.23500 
-15.23142 1.23600 
-15.24468 1.23700 
-15.25794 1.23800 
-15.27120 1.23900 
-15.28446 1.24000 
-15.29772 1.24100 
-15.31097 1.24200 
-15.32423 1.24300 
-15.33749 1.24400 
-15.35075 1.24500 
-15.36401 1.24600 
-15.37727 1.24700 
-15.39053 1.24800 
-15.40379 1.24900 
-15.41704 1.25000 
-15.43030 1.25100 
-15.44356 1.25200 
-15.45682 1.25300 
-15.47008 1.25400 
-15.48334 1.25500 
-15.49660 1.25600 
-15.50985 1.25700 
-15.52311 1.25800 
-15.53637 1.25900 
-15.54963 1.26000 
-15.56289 1.26100 
-15.57615 1.26200 
-15.58941 1.26300 
-15.60266 1.26400 
-15.61592 1.26500 
-15.62918 1.26600 
-15.64244 1.26700 
-15.65570 1.26800 
-15.66896 1.26900 
-15.68222 1.27000 
-15.69548 1.27100 
-15.70873 1.27200 
-15.72199 1.27300 
-15.73525 1.27400 
-15.74851 1.27500 
-15.76177 1.27600 
-15.77503 1.27700 
-15.78829 1.27800 
-15.80154 1.27900 
-15.81480 1.28000 
-15.82806 1.28100 
-15.84132 1.28200 
-15.85458 1.28300 
-15.86784 1.28400 
-15.88110 1.28500 
-15.89435 1.28600 
-15.90761 1.28700 
-15.92087 1.28800 
-15.93413 1.28900 
-15.94739 1.29000 
-15.96065 1.29100 
-15.97391 1.29200 
-15.98717 1.29300 
-16.00042 1.29400 
-16.01368 1.29500 
-16.02694 1.29600 
-16.04020 1.29700 
-16.05346 1.29800 
-16.06672 1.29900 
-16.07998 1.30000 
-16.09323 1.30100 
-16.10649 1.30200 
-16.11975 1.30300 
-16.13301 1.30400 
-16.14627 1.30500 
-16.15953 1.30600 
-16.17279 1.30700 
-16.18605 1.30800 
-16.19930 1.30900 
-16.21256 1.31000 
-16.22582 1.31100 
-16.23908 1.31200 
-16.25234 1.31300 
-16.26560 1.31400 
-16.27886 1.31500 
-16.29211 1.31600 
-16.30537 1.31700 
-16.31863 1.31800 
-16.33189 1.31900 
-16.34515 1.32000 
-16.35841 1.32100 
-16.37167 1.32200 
-16.38492 1.32300 
-16.39818 1.32400 
-16.41144 1.32500 
-16.42470 1.32600 
-16.43796 1.32700 
-16.45122 1.32800 
-16.46448 1.32900 
-16.47774 1.33000 
-16.49099 1.33100 
-16.50425 1.33200 
-16.51751 1.33300 
-16.53077 1.33400 
-16.54403 1.33500 
-16.55729 1.33600 
-16.57055 1.33700 
-16.58380 1.33800 
-16.59706 1.33900 
-16.61032 1.34000 
-16.62358 1.34100 
-16.63684 1.34200 
-16.65010 1.34300 
-16.66336 1.34400 
-16.67661 1.34500 
-16.68987 1.34600 
-16.70313 1.34700 
-16.71639 1.34800 
-16.72965 1.34900 
-16.74291 1.35000 
-16.75617 1.35100 
-16.76943 1.35200 
-16.78268 1.35300 
-16.79594 1.35400 
-16.80920 1.35500 
-16.82246 1.35600 
-16.83572 1.35700 
-16.84898 1.35800 
-16.86224 1.35900 
-16.87549 1.36000 
-16.88875 1.36100 
-16.90201 1.36200 
-16.91527 1.36300 
-16.92853 1.36400 
-16.94179 1.36500 
-16.95505 1.36600 
-16.96830 1.36700 
-16.98156 1.36800 
-16.99482 1.36900 
-17.00808 1.37000 
-17.02134 1.37100 
-17.03460 1.37200 
-17.04786 1.37300 
-17.06112 1.37400 
-17.07437 1.37500 
-17.08763 1.37600 
-17.10089 1.37700 
-17.11415 1.37800 
-17.12741 1.37900 
-17.14067 1.38000 
-17.15393 1.38100 
-17.16718 1.38200 
-17.18044 1.38300 
-17.19370 1.38400 
-17.20696 1.38500 
-17.22022 1.38600 
-17.23348 1.38700 
-17.24674 1.38800 
-17.25999 1.38900 
-17.27325 1.39000 
-17.28651 1.39100 
-17.29977 1.39200 
-17.31303 1.39300 
-17.32629 1.39400 
-17.33955 1.39500 
-17.35281 1.39600 
-17.36606 1.39700 
-17.37932 1.39800 
-17.39258 1.39900 
-17.40584 1.40000 
-17.41910 1.40100 
-17.43236 1.40200 
-17.44562 1.40300 
-17.45887 1.40400 
-17.47213 1.40500 
-17.48539 1.40600 
-17.49865 1.40700 
-17.51191 1.40800 
-17.52517 1.40900 
-17.53843 1.41000 
-17.55168 1.41100 
-17.56494 1.41200 
-17.57820 1.41300 
-17.59146 1.41400 
-17.60472 1.41500 
-17.61798 1.41600 
-17.63124 1.41700 
-17.64450 1.41800 
-17.65775 1.41900 
-17.67101 1.42000 
-17.68427 1.42100 
-17.69753 1.42200 
-17.71079 1.42300 
-17.72405 1.42400 
-17.73731 1.42500 
-17.75056 1.42600 
-17.76382 1.42700 
-17.77708 1.42800 
-17.79034 1.42900 
-17.80360 1.43000 
-17.81686 1.43100 
-17.83012 1.43200 
-17.84338 1.43300 
-17.85663 1.43400 
-17.86989 1.43500 
-17.88315 1.43600 
-17.89641 1.43700 
-17.90967 1.43800 
-17.92293 1.43900 
-17.93619 1.44000 
-17.94944 1.44100 
-17.96270 1.44200 
-17.97596 1.44300 
-17.98922 1.44400 
-18.00248 1.44500 
-18.01574 1.44600 
-18.02900 1.44700 
-18.04225 1.44800 
-18.05551 1.44900 
-18.06877 1.45000 
-18.08203 1.45100 
-18.09529 1.45200 
-18.10855 1.45300 
-18.12181 1.45400 
-18.13507 1.45500 
-18.14832 1.45600 
-18.16158 1.45700 
-18.17484 1.45800 
-18.18810 1.45900 
-18.20136 1.46000 
-18.21462 1.46100 
-18.22788 1.46200 
-18.24113 1.46300 
-18.25439 1.46400 
-18.26765 1.46500 
-18.28091 1.46600 
-18.29417 1.46700 
-18.30743 1.46800 
-18.32069 1.46900 
-18.33394 1.47000 
-18.34720 1.47100 
-18.36046 1.47200 
-18.37372 1.47300 
-18.38698 1.47400 
-18.40024 1.47500 
-18.41350 1.47600 
-18.42676 1.47700 
-18.44001 1.47800 
-18.45327 1.47900 
-18.46653 1.48000 
-18.47979 1.48100 
-18.49305 1.48200 
-18.50631 1.48300 
-18.51957 1.48400 
-18.53282 1.48500 
-18.54608 1.48600 
-18.55934 1.48700 
-18.57260 1.48800 
-18.58586 1.48900 
-18.59912 1.49000 
-18.61238 1.49100 
-18.62563 1.49200 
-18.63889 1.49300 
-18.65215 1.49400 
-18.66541 1.49500 
-18.67867 1.49600 
-18.69193 1.49700 
-18.70519 1.49800 
-18.71845 1.49900 
-18.73170 1.50000 
-18.74496 1.50100 
-18.75822 1.50200 
-18.77148 1.50300 
-18.78474 1.50400 
-18.79800 1.50500 
-18.81126 1.50600 
-18.82451 1.50700 
-18.83777 1.50800 
-18.85103 1.50900 
-18.86429 1.51000 
-18.87755 1.51100 
-18.89081 1.51200 
-18.90407 1.51300 
-18.91733 1.51400 
-18.93058 1.51500 
-18.94384 1.51600 
-18.95710 1.51700 
-18.97036 1.51800 
-18.98362 1.51900 
-18.99688 1.52000 
-19.01014 1.52100 
-19.02339 1.52200 
-19.03665 1.52300 
-19.04991 1.52400 
-19.06317 1.52500 
-19.07643 1.52600 
-19.08969 1.52700 
-19.10295 1.52800 
-19.11620 1.52900 
-19.12946 1.53000 
-19.14272 1.53100 
-19.15598 1.53200 
-19.16924 1.53300 
-19.18250 1.53400 
-19.19576 1.53500 
-19.20902 1.53600 
-19.22227 1.53700 
-19.23553 1.53800 
-19.24879 1.53900 
-19.26205 1.54000 
-19.27531 1.54100 
-19.28857 1.54200 
-19.30183 1.54300 
-19.31508 1.54400 
-19.32834 1.54500 
-19.34160 1.54600 
-19.35486 1.54700 
-19.36812 1.54800 
-19.38138 1.54900 
-19.39464 1.55000 
-19.40789 1.55100 
-19.42115 1.55200 
-19.43441 1.55300 
-19.44767 1.55400 
-19.46093 1.55500 
-19.47419 1.55600 
-19.48745 1.55700 
-19.50071 1.55800 
-19.51396 1.55900 
-19.52722 1.56000 
-19.54048 1.56100 
-19.55374 1.56200 
-19.56700 1.56300 
-19.58026 1.56400 
-19.59352 1.56500 
-19.60677 1.56600 
-19.62003 1.56700 
-19.63329 1.56800 
-19.64655 1.56900 
-19.65981 1.57000 
-19.67307 1.57100 
-19.68633 1.57200 
-19.69958 1.57300 
-19.71284 1.57400 
-19.72610 1.57500 
-19.73936 1.57600 
-19.75262 1.57700 
-19.76588 1.57800 
-19.77914 1.57900 
-19.79240 1.58000 
-19.80565 1.58100 
-19.81891 1.58200 
-19.83217 1.58300 
-19.84543 1.58400 
-19.85869 1.58500 
-19.87195 1.58600 
-19.88521 1.58700 
-19.89846 1.58800 
-19.91172 1.58900 
-19.92498 1.59000 
-19.93824 1.59100 
-19.95150 1.59200 
-19.96476 1.59300 
-19.97802 1.59400 
-19.99128 1.59500 
-20.00453 1.59600 
-20.01779 1.59700 
-20.03105 1.59800 
-20.04431 1.59900 
-20.05757 1.60000 
-20.07083 1.60100 
-20.08409 1.60200 
-20.09734 1.60300 
-20.11060 1.60400 
-20.12386 1.60500 
-20.13712 1.60600 
-20.15038 1.60700 
-20.16364 1.60800 
-20.17690 1.60900 
-20.19015 1.61000 
-20.20341 1.61100 
-20.21667 1.61200 
-20.22993 1.61300 
-20.24319 1.61400 
-20.25645 1.61500 
-20.26971 1.61600 
-20.28297 1.61700 
-20.29622 1.61800 
-20.30948 1.61900 
-20.32274 1.62000 
-20.33600 1.62100 
-20.34926 1.62200 
-20.36252 1.62300 
-20.37578 1.62400 
-20.38903 1.62500 
-20.40229 1.62600 
-20.41555 1.62700 
-20.42881 1.62800 
-20.44207 1.62900 
-20.45533 1.63000 
-20.46859 1.63100 
-20.48184 1.63200 
-20.49510 1.63300 
-20.50836 1.63400 
-20.52162 1.63500 
-20.53488 1.63600 
-20.54814 1.63700 
-20.56140 1.63800 
-20.57466 1.63900 
-20.58791 1.64000 
-20.60117 1.64100 
-20.61443 1.64200 
-20.62769 1.64300 
-20.64095 1.64400 
-20.65421 1.64500 
-20.66747 1.64600 
-20.68072 1.64700 
-20.69398 1.64800 
-20.70724 1.64900 
-20.72050 1.65000 
-20.73376 1.65100 
-20.74702 1.65200 
-20.76028 1.65300 
-20.77353 1.65400 
-20.78679 1.65500 
-20.80005 1.65600 
-20.81331 1.65700 
-20.82657 1.65800 
-20.83983 1.65900 
-20.85309 1.66000 
-20.86635 1.66100 
-20.87960 1.66200 
-20.89286 1.66300 
-20.90612 1.66400 
-20.91938 1.66500 
-20.93264 1.66600 
-20.94590 1.66700 
-20.95916 1.66800 
-20.97241 1.66900 
-20.98567 1.67000 
-20.99893 1.67100 
-21.01219 1.67200 
-21.02545 1.67300 
-21.03871 1.67400 
-21.05197 1.67500 
-21.06523 1.67600 
-21.07848 1.67700 
-21.09174 1.67800 
-21.10500 1.67900 
-21.11826 1.68000 
-21.13152 1.68100 
-21.14478 1.68200 
-21.15804 1.68300 
-21.17129 1.68400 
-21.18455 1.68500 
-21.19781 1.68600 
-21.21107 1.68700 
-21.22433 1.68800 
-21.23759 1.68900 
-21.25085 1.69000 
-21.26410 1.69100 
-21.27736 1.69200 
-21.29062 1.69300 
-21.30388 1.69400 
-21.31714 1.69500 
-21.33040 1.69600 
-21.34366 1.69700 
-21.35692 1.69800 
-21.37017 1.69900 
-21.38343 1.70000 
-21.39669 1.70100 
-21.40995 1.70200 
-21.42321 1.70300 
-21.43647 1.70400 
-21.44973 1.70500 
-21.46298 1.70600 
-21.47624 1.70700 
-21.48950 1.70800 
-21.50276 1.70900 
-21.51602 1.71000 
-21.52928 1.71100 
-21.54254 1.71200 
-21.55579 1.71300 
-21.56905 1.71400 
-21.58231 1.71500 
-21.59557 1.71600 
-21.60883 1.71700 
-21.62209 1.71800 
-21.63535 1.71900 
-21.64861 1.72000 
-21.66186 1.72100 
-21.67512 1.72200 
-21.68838 1.72300 
-21.70164 1.72400 
-21.71490 1.72500 
-21.72816 1.72600 
-21.74142 1.72700 
-21.75467 1.72800 
-21.76793 1.72900 
-21.78119 1.73000 
-21.79445 1.73100 
-21.80771 1.73200 
-21.82097 1.73300 
-21.83423 1.73400 
-21.84748 1.73500 
-21.86074 1.73600 
-21.87400 1.73700 
-21.88726 1.73800 
-21.90052 1.73900 
-21.91378 1.74000 
-21.92704 1.74100 
-21.94030 1.74200 
-21.95355 1.74300 
-21.96681 1.74400 
-21.98007 1.74500 
-21.99333 1.74600 
-22.00659 1.74700 
-22.01985 1.74800 
-22.03311 1.74900 
-22.04636 1.75000 
-22.05962 1.75100 
-22.07288 1.75200 
-22.08614 1.75300 
-22.09940 1.75400 
-22.11266 1.75500 
-22.12592 1.75600 
-22.13918 1.75700 
-22.15243 1.75800 
-22.16569 1.75900 
-22.17895 1.76000 
-22.19221 1.76100 
-22.20547 1.76200 
-22.21873 1.76300 
-22.23199 1.76400 
-22.24524 1.76500 
-22.25850 1.76600 
-22.27176 1.76700 
-22.28502 1.76800 
-22.29828 1.76900 
-22.31154 1.77000 
-22.32480 1.77100 
-22.33805 1.77200 
-22.35131 1.77300 
-22.36457 1.77400 
-22.37783 1.77500 
-22.39109 1.77600 
-22.40435 1.77700 
-22.41761 1.77800 
-22.43087 1.77900 
-22.44412 1.78000 
-22.45738 1.78100 
-22.47064 1.78200 
-22.48390 1.78300 
-22.49716 1.78400 
-22.51042 1.78500 
-22.52368 1.78600 
-22.53693 1.78700 
-22.55019 1.78800 
-22.56345 1.78900 
-22.57671 1.79000 
-22.58997 1.79100 
-22.60323 1.79200 
-22.61649 1.79300 
-22.62974 1.79400 
-22.64300 1.79500 
-22.65626 1.79600 
-22.66952 1.79700 
-22.68278 1.79800 
-22.69604 1.79900 
-22.70930 1.80000 
-22.72256 1.80100 
-22.73581 1.80200 
-22.74907 1.80300 
-22.76233 1.80400 
-22.77559 1.80500 
-22.78885 1.80600 
-22.80211 1.80700 
-22.81537 1.80800 
-22.82862 1.80900 
-22.84188 1.81000 
-22.85514 1.81100 
-22.86840 1.81200 
-22.88166 1.81300 
-22.89492 1.81400 
-22.90818 1.81500 
-22.92144 1.81600 
-22.93469 1.81700 
-22.94795 1.81800 
-22.96121 1.81900 
-22.97447 1.82000 
-22.98773 1.82100 
-23.00099 1.82200 
-23.01425 1.82300 
-23.02750 1.82400 
-23.04076 1.82500 
-23.05402 1.82600 
-23.06728 1.82700 
-23.08054 1.82800 
-23.09380 1.82900 
-23.10706 1.83000 
-23.12031 1.83100 
-23.13357 1.83200 
-23.14683 1.83300 
-23.16009 1.83400 
-23.17335 1.83500 
-23.18661 1.83600 
-23.19987 1.83700 
-23.21313 1.83800 
-23.22638 1.83900 
-23.23964 1.84000 
-23.25290 1.84100 
-23.26616 1.84200 
-23.27942 1.84300 
-23.29268 1.84400 
-23.30594 1.84500 
-23.31919 1.84600 
-23.33245 1.84700 
-23.34571 1.84800 
-23.35897 1.84900 
-23.37223 1.85000 
-23.38549 1.85100 
-23.39875 1.85200 
-23.41200 1.85300 
-23.42526 1.85400 
-23.43852 1.85500 
-23.45178 1.85600 
-23.46504 1.85700 
-23.47830 1.85800 
-23.49156 1.85900 
-23.50482 1.86000 
-23.51807 1.86100 
-23.53133 1.86200 
-23.54459 1.86300 
-23.55785 1.86400 
-23.57111 1.86500 
-23.58437 1.86600 
-23.59763 1.86700 
-23.61088 1.86800 
-23.62414 1.86900 
-23.63740 1.87000 
-23.65066 1.87100 
-23.66392 1.87200 
-23.67718 1.87300 
-23.69044 1.87400 
-23.70369 1.87500 
-23.71695 1.87600 
-23.73021 1.87700 
-23.74347 1.87800 
-23.75673 1.87900 
-23.76999 1.88000 
-23.78325 1.88100 
-23.79651 1.88200 
-23.80976 1.88300 
-23.82302 1.88400 
-23.83628 1.88500 
-23.84954 1.88600 
-23.86280 1.88700 
-23.87606 1.88800 
-23.88932 1.88900 
-23.90257 1.89000 
-23.91583 1.89100 
-23.92909 1.89200 
-23.94235 1.89300 
-23.95561 1.89400 
-23.96887 1.89500 
-23.98213 1.89600 
-23.99539 1.89700 
-24.00864 1.89800 
-24.02190 1.89900 
-24.03516 1.90000 
-24.04842 1.90100 
-24.06168 1.90200 
-24.07494 1.90300 
-24.08820 1.90400 
-24.10145 1.90500 
-24.11471 1.90600 
-24.12797 1.90700 
-24.14123 1.90800 
-24.15449 1.90900 
-24.16775 1.91000 
-24.18101 1.91100 
-24.19426 1.91200 
-24.20752 1.91300 
-24.22078 1.91400 
-24.23404 1.91500 
-24.24730 1.91600 
-24.26056 1.91700 
-24.27382 1.91800 
-24.28708 1.91900 
-24.30033 1.92000 
-24.31359 1.92100 
-24.32685 1.92200 
-24.34011 1.92300 
-24.35337 1.92400 
-24.36663 1.92500 
-24.37989 1.92600 
-24.39314 1.92700 
-24.40640 1.92800 
-24.41966 1.92900 
-24.43292 1.93000 
-24.44618 1.93100 
-24.45944 1.93200 
-24.47270 1.93300 
-24.48595 1.93400 
-24.49921 1.93500 
-24.51247 1.93600 
-24.52573 1.93700 
-24.53899 1.93800 
-24.55225 1.93900 
-24.56551 1.94000 
-24.57877 1.94100 
-24.59202 1.94200 
-24.60528 1.94300 
-24.61854 1.94400 
-24.63180 1.94500 
-24.64506 1.94600 
-24.65832 1.94700 
-24.67158 1.94800 
-24.68483 1.94900 
-24.69809 1.95000 
-24.71135 1.95100 
-24.72461 1.95200 
-24.73787 1.95300 
-24.75113 1.95400 
-24.76439 1.95500 
-24.77764 1.95600 
-24.79090 1.95700 
-24.80416 1.95800 
-24.81742 1.95900 
-24.83068 1.96000 
-24.84394 1.96100 
-24.85720 1.96200 
-24.87046 1.96300 
-24.88371 1.96400 
-24.89697 1.96500 
-24.91023 1.96600 
-24.92349 1.96700 
-24.93675 1.96800 
-24.95001 1.96900 
-24.96327 1.97000 
-24.97652 1.97100 
-24.98978 1.97200 
-25.00304 1.97300 
-25.01630 1.97400 
-25.02956 1.97500 
-25.04282 1.97600 
-25.05608 1.97700 
-25.06934 1.97800 
-25.08259 1.97900 
-25.09585 1.98000 
-25.10911 1.98100 
-25.12237 1.98200 
-25.13563 1.98300 
-25.14889 1.98400 
-25.16215 1.98500 
-25.17540 1.98600 
-25.18866 1.98700 
-25.20192 1.98800 
-25.21518 1.98900 
-25.22844 1.99000 
-25.24170 1.99100 
-25.25496 1.99200 
-25.26821 1.99300 
-25.28147 1.99400 
-25.29473 1.99500 
-25.30799 1.99600 
-25.32125 1.99700 
-25.33451 1.99800 
-25.34777 1.99900 
-25.36103 2.00000 
-25.37428 2.00100 
-25.38754 2.00200 
-25.40080 2.00300 
-25.41406 2.00400 
-25.42732 2.00500 
-25.44058 2.00600 
-25.45384 2.00700 
-25.46709 2.00800 
-25.48035 2.00900 
-25.49361 2.01000 
-25.50687 2.01100 
-25.52013 2.01200 
-25.53339 2.01300 
-25.54665 2.01400 
-25.55990 2.01500 
-25.57316 2.01600 
-25.58642 2.01700 
-25.59968 2.01800 
-25.61294 2.01900 
-25.62620 2.02000 
-25.63946 2.02100 
-25.65272 2.02200 
-25.66597 2.02300 
-25.67923 2.02400 
-25.69249 2.02500 
-25.70575 2.02600 
-25.71901 2.02700 
-25.73227 2.02800 
-25.74553 2.02900 
-25.75878 2.03000 
-25.77204 2.03100 
-25.78530 2.03200 
-25.79856 2.03300 
-25.81182 2.03400 
-25.82508 2.03500 
-25.83834 2.03600 
-25.85160 2.03700 
-25.86485 2.03800 
-25.87811 2.03900 
-25.89137 2.04000 
-25.90463 2.04100 
-25.91789 2.04200 
-25.93115 2.04300 
-25.94441 2.04400 
-25.95766 2.04500 
-25.97092 2.04600 
-25.98418 2.04700 
-25.99744 2.04800 
-26.01070 2.04900 
-26.02396 2.05000 
-26.03722 2.05100 
-26.05047 2.05200 
-26.06373 2.05300 
-26.07699 2.05400 
-26.09025 2.05500 
-26.10351 2.05600 
-26.11677 2.05700 
-26.13003 2.05800 
-26.14329 2.05900 
-26.15654 2.06000 
-26.16980 2.06100 
-26.18306 2.06200 
-26.19632 2.06300 
-26.20958 2.06400 
-26.22284 2.06500 
-26.23610 2.06600 
-26.24935 2.06700 
-26.26261 2.06800 
-26.27587 2.06900 
-26.28913 2.07000 
-26.30239 2.07100 
-26.31565 2.07200 
-26.32891 2.07300 
-26.34216 2.07400 
-26.35542 2.07500 
-26.36868 2.07600 
-26.38194 2.07700 
-26.39520 2.07800 
-26.40846 2.07900 
-26.42172 2.08000 
-26.43498 2.08100 
-26.44823 2.08200 
-26.46149 2.08300 
-26.47475 2.08400 
-26.48801 2.08500 
-26.50127 2.08600 
-26.51453 2.08700 
-26.52779 2.08800 
-26.54104 2.08900 
-26.55430 2.09000 
-26.56756 2.09100 
-26.58082 2.09200 
-26.59408 2.09300 
-26.60734 2.09400 
-26.62060 2.09500 
-26.63385 2.09600 
-26.64711 2.09700 
-26.66037 2.09800 
-26.67363 2.09900 
-26.68689 2.10000 
-26.70015 2.10100 
-26.71341 2.10200 
-26.72667 2.10300 
-26.73992 2.10400 
-26.75318 2.10500 
-26.76644 2.10600 
-26.77970 2.10700 
-26.79296 2.10800 
-26.80622 2.10900 
-26.81948 2.11000 
-26.83273 2.11100 
-26.84599 2.11200 
-26.85925 2.11300 
-26.87251 2.11400 
-26.88577 2.11500 
-26.89903 2.11600 
-26.91229 2.11700 
-26.92555 2.11800 
-26.93880 2.11900 
-26.95206 2.12000 
-26.96532 2.12100 
-26.97858 2.12200 
-26.99184 2.12300 
-27.00510 2.12400 
-27.01836 2.12500 
-27.03161 2.12600 
-27.04487 2.12700 
-27.05813 2.12800 
-27.07139 2.12900 
-27.08465 2.13000 
-27.09791 2.13100 
-27.11117 2.13200 
-27.12442 2.13300 
-27.13768 2.13400 
-27.15094 2.13500 
-27.16420 2.13600 
-27.17746 2.13700 
-27.19072 2.13800 
-27.20398 2.13900 
-27.21724 2.14000 
-27.23049 2.14100 
-27.24375 2.14200 
-27.25701 2.14300 
-27.27027 2.14400 
-27.28353 2.14500 
-27.29679 2.14600 
-27.31005 2.14700 
-27.32330 2.14800 
-27.33656 2.14900 
-27.34982 2.15000 
-27.36308 2.15100 
-27.37634 2.15200 
-27.38960 2.15300 
-27.40286 2.15400 
-27.41611 2.15500 
-27.42937 2.15600 
-27.44263 2.15700 
-27.45589 2.15800 
-27.46915 2.15900 
-27.48241 2.16000 
-27.49567 2.16100 
-27.50893 2.16200 
-27.52218 2.16300 
-27.53544 2.16400 
-27.54870 2.16500 
-27.56196 2.16600 
-27.57522 2.16700 
-27.58848 2.16800 
-27.60174 2.16900 
-27.61499 2.17000 
-27.62825 2.17100 
-27.64151 2.17200 
-27.65477 2.17300 
-27.66803 2.17400 
-27.68129 2.17500 
-27.69455 2.17600 
-27.70780 2.17700 
-27.72106 2.17800 
-27.73432 2.17900 
-27.74758 2.18000 
-27.76084 2.18100 
-27.77410 2.18200 
-27.78736 2.18300 
-27.80062 2.18400 
-27.81387 2.18500 
-27.82713 2.18600 
-27.84039 2.18700 
-27.85365 2.18800 
-27.86691 2.18900 
-27.88017 2.19000 
-27.89343 2.19100 
-27.90668 2.19200 
-27.91994 2.19300 
-27.93320 2.19400 
-27.94646 2.19500 
-27.95972 2.19600 
-27.97298 2.19700 
-27.98624 2.19800 
-27.99950 2.19900 
-28.01275 2.20000 
-28.02601 2.20100 
-28.03927 2.20200 
-28.05253 2.20300 
-28.06579 2.20400 
-28.07905 2.20500 
-28.09231 2.20600 
-28.10556 2.20700 
-28.11882 2.20800 
-28.13208 2.20900 
-28.14534 2.21000 
-28.15860 2.21100 
-28.17186 2.21200 
-28.18512 2.21300 
-28.19837 2.21400 
-28.21163 2.21500 
-28.22489 2.21600 
-28.23815 2.21700 
-28.25141 2.21800 
-28.26467 2.21900 
-28.27793 2.22000 
-28.29119 2.22100 
-28.30444 2.22200 
-28.31770 2.22300 
-28.33096 2.22400 
-28.34422 2.22500 
-28.35748 2.22600 
-28.37074 2.22700 
-28.38400 2.22800 
-28.39725 2.22900 
-28.41051 2.23000 
-28.42377 2.23100 
-28.43703 2.23200 
-28.45029 2.23300 
-28.46355 2.23400 
-28.47681 2.23500 
-28.49006 2.23600 
-28.50332 2.23700 
-28.51658 2.23800 
-28.52984 2.23900 
-28.54310 2.24000 
-28.55636 2.24100 
-28.56962 2.24200 
-28.58288 2.24300 
-28.59613 2.24400 
-28.60939 2.24500 
-28.62265 2.24600 
-28.63591 2.24700 
-28.64917 2.24800 
-28.66243 2.24900 
-28.67569 2.25000 
-28.68894 2.25100 
-28.70220 2.25200 
-28.71546 2.25300 
-28.72872 2.25400 
-28.74198 2.25500 
-28.75524 2.25600 
-28.76850 2.25700 
-28.78175 2.25800 
-28.79501 2.25900 
-28.80827 2.26000 
-28.82153 2.26100 
-28.83479 2.26200 
-28.84805 2.26300 
-28.86131 2.26400 
-28.87457 2.26500 
-28.88782 2.26600 
-28.90108 2.26700 
-28.91434 2.26800 
-28.92760 2.26900 
-28.94086 2.27000 
-28.95412 2.27100 
-28.96738 2.27200 
-28.98063 2.27300 
-28.99389 2.27400 
-29.00715 2.27500 
-29.02041 2.27600 
-29.03367 2.27700 
-29.04693 2.27800 
-29.06019 2.27900 
-29.07345 2.28000 
-29.08670 2.28100 
-29.09996 2.28200 
-29.11322 2.28300 
-29.12648 2.28400 
-29.13974 2.28500 
-29.15300 2.28600 
-29.16626 2.28700 
-29.17951 2.28800 
-29.19277 2.28900 
-29.20603 2.29000 
-29.21929 2.29100 
-29.23255 2.29200 
-29.24581 2.29300 
-29.25907 2.29400 
-29.27232 2.29500 
-29.28558 2.29600 
-29.29884 2.29700 
-29.31210 2.29800 
-29.32536 2.29900 
-29.33862 2.30000 
-29.35188 2.30100 
-29.36514 2.30200 
-29.37839 2.30300 
-29.39165 2.30400 
-29.40491 2.30500 
-29.41817 2.30600 
-29.43143 2.30700 
-29.44469 2.30800 
-29.45795 2.30900 
-29.47120 2.31000 
-29.48446 2.31100 
-29.49772 2.31200 
-29.51098 2.31300 
-29.52424 2.31400 
-29.53750 2.31500 
-29.55076 2.31600 
-29.56401 2.31700 
-29.57727 2.31800 
-29.59053 2.31900 
-29.60379 2.32000 
-29.61705 2.32100 
-29.63031 2.32200 
-29.64357 2.32300 
-29.65683 2.32400 
-29.67008 2.32500 
-29.68334 2.32600 
-29.69660 2.32700 
-29.70986 2.32800 
-29.72312 2.32900 
-29.73638 2.33000 
-29.74964 2.33100 
-29.76289 2.33200 
-29.77615 2.33300 
-29.78941 2.33400 
-29.80267 2.33500 
-29.81593 2.33600 
-29.82919 2.33700 
-29.84245 2.33800 
-29.85571 2.33900 
-29.86896 2.34000 
-29.88222 2.34100 
-29.89548 2.34200 
-29.90874 2.34300 
-29.92200 2.34400 
-29.93526 2.34500 
-29.94852 2.34600 
-29.96177 2.34700 
-29.97503 2.34800 
-29.98829 2.34900 
-30.00155 2.35000 
-30.01481 2.35100 
-30.02807 2.35200 
-30.04133 2.35300 
-30.05458 2.35400 
-30.06784 2.35500 
-30.08110 2.35600 
-30.09436 2.35700 
-30.10762 2.35800 
-30.12088 2.35900 
-30.13414 2.36000 
-30.14740 2.36100 
-30.16065 2.36200 
-30.17391 2.36300 
-30.18717 2.36400 
-30.20043 2.36500 
-30.21369 2.36600 
-30.22695 2.36700 
-30.24021 2.36800 
-30.25346 2.36900 
-30.26672 2.37000 
-30.27998 2.37100 
-30.29324 2.37200 
-30.30650 2.37300 
-30.31976 2.37400 
-30.33302 2.37500 
-30.34627 2.37600 
-30.35953 2.37700 
-30.37279 2.37800 
-30.38605 2.37900 
-30.39931 2.38000 
-30.41257 2.38100 
-30.42583 2.38200 
-30.43909 2.38300 
-30.45234 2.38400 
-30.46560 2.38500 
-30.47886 2.38600 
-30.49212 2.38700 
-30.50538 2.38800 
-30.51864 2.38900 
-30.53190 2.39000 
-30.54515 2.39100 
-30.55841 2.39200 
-30.57167 2.39300 
-30.58493 2.39400 
-30.59819 2.39500 
-30.61145 2.39600 
-30.62471 2.39700 
-30.63796 2.39800 
-30.65122 2.39900 
-30.66448 2.40000 
-30.67774 2.40100 
-30.69100 2.40200 
-30.70426 2.40300 
-30.71752 2.40400 
-30.73078 2.40500 
-30.74403 2.40600 
-30.75729 2.40700 
-30.77055 2.40800 
-30.78381 2.40900 
-30.79707 2.41000 
-30.81033 2.41100 
-30.82359 2.41200 
-30.83684 2.41300 
-30.85010 2.41400 
-30.86336 2.41500 
-30.87662 2.41600 
-30.88988 2.41700 
-30.90314 2.41800 
-30.91640 2.41900 
-30.92966 2.42000 
-30.94291 2.42100 
-30.95617 2.42200 
-30.96943 2.42300 
-30.98269 2.42400 
-30.99595 2.42500 
-31.00921 2.42600 
-31.02247 2.42700 
-31.03572 2.42800 
-31.04898 2.42900 
-31.06224 2.43000 
-31.07550 2.43100 
-31.08876 2.43200 
-31.10202 2.43300 
-31.11528 2.43400 
-31.12853 2.43500 
-31.14179 2.43600 
-31.15505 2.43700 
-31.16831 2.43800 
-31.18157 2.43900 
-31.19483 2.44000 
-31.20809 2.44100 
-31.22135 2.44200 
-31.23460 2.44300 
-31.24786 2.44400 
-31.26112 2.44500 
-31.27438 2.44600 
-31.28764 2.44700 
-31.30090 2.44800 
-31.31416 2.44900 
-31.32741 2.45000 
-31.34067 2.45100 
-31.35393 2.45200 
-31.36719 2.45300 
-31.38045 2.45400 
-31.39371 2.45500 
-31.40697 2.45600 
-31.42022 2.45700 
-31.43348 2.45800 
-31.44674 2.45900 
-31.46000 2.46000 
-31.47326 2.46100 
-31.48652 2.46200 
-31.49978 2.46300 
-31.51304 2.46400 
-31.52629 2.46500 
-31.53955 2.46600 
-31.55281 2.46700 
-31.56607 2.46800 
-31.57933 2.46900 
-31.59259 2.47000 
-31.60585 2.47100 
-31.61910 2.47200 
-31.63236 2.47300 
-31.64562 2.47400 
-31.65888 2.47500 
-31.67214 2.47600 
-31.68540 2.47700 
-31.69866 2.47800 
-31.71191 2.47900 
-31.72517 2.48000 
-31.73843 2.48100 
-31.75169 2.48200 
-31.76495 2.48300 
-31.77821 2.48400 
-31.79147 2.48500 
-31.80473 2.48600 
-31.81798 2.48700 
-31.83124 2.48800 
-31.84450 2.48900 
-31.85776 2.49000 
-31.87102 2.49100 
-31.88428 2.49200 
-31.89754 2.49300 
-31.91079 2.49400 
-31.92405 2.49500 
-31.93731 2.49600 
-31.95057 2.49700 
-31.96383 2.49800 
-31.97709 2.49900 
-31.99035 2.50000 
-32.00361 2.50100 
-32.01686 2.50200 
-32.03012 2.50300 
-32.04338 2.50400 
-32.05664 2.50500 
-32.06990 2.50600 
-32.08316 2.50700 
-32.09642 2.50800 
-32.10967 2.50900 
-32.12293 2.51000 
-32.13619 2.51100 
-32.14945 2.51200 
-32.16271 2.51300 
-32.17597 2.51400 
-32.18923 2.51500 
-32.20248 2.51600 
-32.21574 2.51700 
-32.22900 2.51800 
-32.24226 2.51900 
-32.25552 2.52000 
-32.26878 2.52100 
-32.28204 2.52200 
-32.29530 2.52300 
-32.30855 2.52400 
-32.32181 2.52500 
-32.33507 2.52600 
-32.34833 2.52700 
-32.36159 2.52800 
-32.37485 2.52900 
-32.38811 2.53000 
-32.40136 2.53100 
-32.41462 2.53200 
-32.42788 2.53300 
-32.44114 2.53400 
-32.45440 2.53500 
-32.46766 2.53600 
-32.48092 2.53700 
-32.49417 2.53800 
-32.50743 2.53900 
-32.52069 2.54000 
-32.53395 2.54100 
-32.54721 2.54200 
-32.56047 2.54300 
-32.57373 2.54400 
-32.58699 2.54500 
-32.60024 2.54600 
-32.61350 2.54700 
-32.62676 2.54800 
-32.64002 2.54900 
-32.65328 2.55000 
-32.66654 2.55100 
-32.67980 2.55200 
-32.69305 2.55300 
-32.70631 2.55400 
-32.71957 2.55500 
-32.73283 2.55600 
-32.74609 2.55700 
-32.75935 2.55800 
-32.77261 2.55900 
-32.78586 2.56000 
-32.79912 2.56100 
-32.81238 2.56200 
-32.82564 2.56300 
-32.83890 2.56400 
-32.85216 2.56500 
-32.86542 2.56600 
-32.87868 2.56700 
-32.89193 2.56800 
-32.90519 2.56900 
-32.91845 2.57000 
-32.93171 2.57100 
-32.94497 2.57200 
-32.95823 2.57300 
-32.97149 2.57400 
-32.98474 2.57500 
-32.99800 2.57600 
-33.01126 2.57700 
-33.02452 2.57800 
-33.03778 2.57900 
-33.05104 2.58000 
-33.06430 2.58100 
-33.07756 2.58200 
-33.09081 2.58300 
-33.10407 2.58400 
-33.11733 2.58500 
-33.13059 2.58600 
-33.14385 2.58700 
-33.15711 2.58800 
-33.17037 2.58900 
-33.18362 2.59000 
-33.19688 2.59100 
-33.21014 2.59200 
-33.22340 2.59300 
-33.23666 2.59400 
-33.24992 2.59500 
-33.26318 2.59600 
-33.27643 2.59700 
-33.28969 2.59800 
-33.30295 2.59900 
-33.31621 2.60000 
-33.32947 2.60100 
-33.34273 2.60200 
-33.35599 2.60300 
-33.36925 2.60400 
-33.38250 2.60500 
-33.39576 2.60600 
-33.40902 2.60700 
-33.42228 2.60800 
-33.43554 2.60900 
-33.44880 2.61000 
-33.46206 2.61100 
-33.47531 2.61200 
-33.48857 2.61300 
-33.50183 2.61400 
-33.51509 2.61500 
-33.52835 2.61600 
-33.54161 2.61700 
-33.55487 2.61800 
-33.56812 2.61900 
-33.58138 2.62000 
-33.59464 2.62100 
-33.60790 2.62200 
-33.62116 2.62300 
-33.63442 2.62400 
-33.64768 2.62500 
-33.66094 2.62600 
-33.67419 2.62700 
-33.68745 2.62800 
-33.70071 2.62900 
-33.71397 2.63000 
-33.72723 2.63100 
-33.74049 2.63200 
-33.75375 2.63300 
-33.76700 2.63400 
-33.78026 2.63500 
-33.79352 2.63600 
-33.80678 2.63700 
-33.82004 2.63800 
-33.83330 2.63900 
-33.84656 2.64000 
-33.85982 2.64100 
-33.87307 2.64200 
-33.88633 2.64300 
-33.89959 2.64400 
-33.91285 2.64500 
-33.92611 2.64600 
-33.93937 2.64700 
-33.95263 2.64800 
-33.96588 2.64900 
-33.97914 2.65000 
-33.99240 2.65100 
-34.00566 2.65200 
-34.01892 2.65300 
-34.03218 2.65400 
-34.04544 2.65500 
-34.05869 2.65600 
-34.07195 2.65700 
-34.08521 2.65800 
-34.09847 2.65900 
-34.11173 2.66000 
-34.12499 2.66100 
-34.13825 2.66200 
-34.15151 2.66300 
-34.16476 2.66400 
-34.17802 2.66500 
-34.19128 2.66600 
-34.20454 2.66700 
-34.21780 2.66800 
-34.23106 2.66900 
-34.24432 2.67000 
-34.25757 2.67100 
-34.27083 2.67200 
-34.28409 2.67300 
-34.29735 2.67400 
-34.31061 2.67500 
-34.32387 2.67600 
-34.33713 2.67700 
-34.35038 2.67800 
-34.36364 2.67900 
-34.37690 2.68000 
-34.39016 2.68100 
-34.40342 2.68200 
-34.41668 2.68300 
-34.42994 2.68400 
-34.44320 2.68500 
-34.45645 2.68600 
-34.46971 2.68700 
-34.48297 2.68800 
-34.49623 2.68900 
-34.50949 2.69000 
-34.52275 2.69100 
-34.53601 2.69200 
-34.54926 2.69300 
-34.56252 2.69400 
-34.57578 2.69500 
-34.58904 2.69600 
-34.60230 2.69700 
-34.61556 2.69800 
-34.62882 2.69900 
-34.64207 2.70000 
-34.65533 2.70100 
-34.66859 2.70200 
-34.68185 2.70300 
-34.69511 2.70400 
-34.70837 2.70500 
-34.72163 2.70600 
-34.73489 2.70700 
-34.74814 2.70800 
-34.76140 2.70900 
-34.77466 2.71000 
-34.78792 2.71100 
-34.80118 2.71200 
-34.81444 2.71300 
-34.82770 2.71400 
-34.84095 2.71500 
-34.85421 2.71600 
-34.86747 2.71700 
-34.88073 2.71800 
-34.89399 2.71900 
-34.90725 2.72000 
-34.92051 2.72100 
-34.93377 2.72200 
-34.94702 2.72300 
-34.96028 2.72400 
-34.97354 2.72500 
-34.98680 2.72600 
-35.00006 2.72700 
-35.01332 2.72800 
-35.02658 2.72900 
-35.03983 2.73000 
-35.05309 2.73100 
-35.06635 2.73200 
-35.07961 2.73300 
-35.09287 2.73400 
-35.10613 2.73500 
-35.11939 2.73600 
-35.13264 2.73700 
-35.14590 2.73800 
-35.15916 2.73900 
-35.17242 2.74000 
-35.18568 2.74100 
-35.19894 2.74200 
-35.21220 2.74300 
-35.22546 2.74400 
-35.23871 2.74500 
-35.25197 2.74600 
-35.26523 2.74700 
-35.27849 2.74800 
-35.29175 2.74900 
-35.30501 2.75000 
-35.31827 2.75100 
-35.33152 2.75200 
-35.34478 2.75300 
-35.35804 2.75400 
-35.37130 2.75500 
-35.38456 2.75600 
-35.39782 2.75700 
-35.41108 2.75800 
-35.42433 2.75900 
-35.43759 2.76000 
-35.45085 2.76100 
-35.46411 2.76200 
-35.47737 2.76300 
-35.49063 2.76400 
-35.50389 2.76500 
-35.51715 2.76600 
-35.53040 2.76700 
-35.54366 2.76800 
-35.55692 2.76900 
-35.57018 2.77000 
-35.58344 2.77100 
-35.59670 2.77200 
-35.60996 2.77300 
-35.62321 2.77400 
-35.63647 2.77500 
-35.64973 2.77600 
-35.66299 2.77700 
-35.67625 2.77800 
-35.68951 2.77900 
-35.70277 2.78000 
-35.71602 2.78100 
-35.72928 2.78200 
-35.74254 2.78300 
-35.75580 2.78400 
-35.76906 2.78500 
-35.78232 2.78600 
-35.79558 2.78700 
-35.80884 2.78800 
-35.82209 2.78900 
-35.83535 2.79000 
-35.84861 2.79100 
-35.86187 2.79200 
-35.87513 2.79300 
-35.88839 2.79400 
-35.90165 2.79500 
-35.91490 2.79600 
-35.92816 2.79700 
-35.94142 2.79800 
-35.95468 2.79900 
-35.96794 2.80000 
-35.98120 2.80100 
-35.99446 2.80200 
-36.00772 2.80300 
-36.02097 2.80400 
-36.03423 2.80500 
-36.04749 2.80600 
-36.06075 2.80700 
-36.07401 2.80800 
-36.08727 2.80900 
-36.10053 2.81000 
-36.11378 2.81100 
-36.12704 2.81200 
-36.14030 2.81300 
-36.15356 2.81400 
-36.16682 2.81500 
-36.18008 2.81600 
-36.19334 2.81700 
-36.20659 2.81800 
-36.21985 2.81900 
-36.23311 2.82000 
-36.24637 2.82100 
-36.25963 2.82200 
-36.27289 2.82300 
-36.28615 2.82400 
-36.29941 2.82500 
-36.31266 2.82600 
-36.32592 2.82700 
-36.33918 2.82800 
-36.35244 2.82900 
-36.36570 2.83000 
-36.37896 2.83100 
-36.39222 2.83200 
-36.40547 2.83300 
-36.41873 2.83400 
-36.43199 2.83500 
-36.44525 2.83600 
-36.45851 2.83700 
-36.47177 2.83800 
-36.48503 2.83900 
-36.49828 2.84000 
-36.51154 2.84100 
-36.52480 2.84200 
-36.53806 2.84300 
-36.55132 2.84400 
-36.56458 2.84500 
-36.57784 2.84600 
-36.59110 2.84700 
-36.60435 2.84800 
-36.61761 2.84900 
-36.63087 2.85000 
-36.64413 2.85100 
-36.65739 2.85200 
-36.67065 2.85300 
-36.68391 2.85400 
-36.69716 2.85500 
-36.71042 2.85600 
-36.72368 2.85700 
-36.73694 2.85800 
-36.75020 2.85900 
-36.76346 2.86000 
-36.77672 2.86100 
-36.78998 2.86200 
-36.80323 2.86300 
-36.81649 2.86400 
-36.82975 2.86500 
-36.84301 2.86600 
-36.85627 2.86700 
-36.86953 2.86800 
-36.88279 2.86900 
-36.89604 2.87000 
-36.90930 2.87100 
-36.92256 2.87200 
-36.93582 2.87300 
-36.94908 2.87400 
-36.96234 2.87500 
-36.97560 2.87600 
-36.98885 2.87700 
-37.00211 2.87800 
-37.01537 2.87900 
-37.02863 2.88000 
-37.04189 2.88100 
-37.05515 2.88200 
-37.06841 2.88300 
-37.08167 2.88400 
-37.09492 2.88500 
-37.10818 2.88600 
-37.12144 2.88700 
-37.13470 2.88800 
-37.14796 2.88900 
-37.16122 2.89000 
-37.17448 2.89100 
-37.18773 2.89200 
-37.20099 2.89300 
-37.21425 2.89400 
-37.22751 2.89500 
-37.24077 2.89600 
-37.25403 2.89700 
-37.26729 2.89800 
-37.28054 2.89900 
-37.29380 2.90000 
-37.30706 2.90100 
-37.32032 2.90200 
-37.33358 2.90300 
-37.34684 2.90400 
-37.36010 2.90500 
-37.37336 2.90600 
-37.38661 2.90700 
-37.39987 2.90800 
-37.41313 2.90900 
-37.42639 2.91000 
-37.43965 2.91100 
-37.45291 2.91200 
-37.46617 2.91300 
-37.47942 2.91400 
-37.49268 2.91500 
-37.50594 2.91600 
-37.51920 2.91700 
-37.53246 2.91800 
-37.54572 2.91900 
-37.55898 2.92000 
-37.57223 2.92100 
-37.58549 2.92200 
-37.59875 2.92300 
-37.61201 2.92400 
-37.62527 2.92500 
-37.63853 2.92600 
-37.65179 2.92700 
-37.66505 2.92800 
-37.67830 2.92900 
-37.69156 2.93000 
-37.70482 2.93100 
-37.71808 2.93200 
-37.73134 2.93300 
-37.74460 2.93400 
-37.75786 2.93500 
-37.77111 2.93600 
-37.78437 2.93700 
-37.79763 2.93800 
-37.81089 2.93900 
-37.82415 2.94000 
-37.83741 2.94100 
-37.85067 2.94200 
-37.86393 2.94300 
-37.87718 2.94400 
-37.89044 2.94500 
-37.90370 2.94600 
-37.91696 2.94700 
-37.93022 2.94800 
-37.94348 2.94900 
-37.95674 2.95000 
-37.96999 2.95100 
-37.98325 2.95200 
-37.99651 2.95300 
-38.00977 2.95400 
-38.02303 2.95500 
-38.03629 2.95600 
-38.04955 2.95700 
-38.06280 2.95800 
-38.07606 2.95900 
-38.08932 2.96000 
-38.10258 2.96100 
-38.11584 2.96200 
-38.12910 2.96300 
-38.14236 2.96400 
-38.15562 2.96500 
-38.16887 2.96600 
-38.18213 2.96700 
-38.19539 2.96800 
-38.20865 2.96900 
-38.22191 2.97000 
-38.23517 2.97100 
-38.24843 2.97200 
-38.26168 2.97300 
-38.27494 2.97400 
-38.28820 2.97500 
-38.30146 2.97600 
-38.31472 2.97700 
-38.32798 2.97800 
-38.34124 2.97900 
-38.35449 2.98000 
-38.36775 2.98100 
-38.38101 2.98200 
-38.39427 2.98300 
-38.40753 2.98400 
-38.42079 2.98500 
-38.43405 2.98600 
-38.44731 2.98700 
-38.46056 2.98800 
-38.47382 2.98900 
-38.48708 2.99000 
-38.50034 2.99100 
-38.51360 2.99200 
-38.52686 2.99300 
-38.54012 2.99400 
-38.55337 2.99500 
-38.56663 2.99600 
-38.57989 2.99700 
-38.59315 2.99800 
-38.60641 2.99900 
-38.61967 3.00000 
-38.63293 3.00100 
-38.64618 3.00200 
-38.65944 3.00300 
-38.67270 3.00400 
-38.68596 3.00500 
-38.69922 3.00600 
-38.71248 3.00700 
-38.72574 3.00800 
-38.73900 3.00900 
-38.75225 3.01000 
-38.76551 3.01100 
-38.77877 3.01200 
-38.79203 3.01300 
-38.80529 3.01400 
-38.81855 3.01500 
-38.83181 3.01600 
-38.84506 3.01700 
-38.85832 3.01800 
-38.87158 3.01900 
-38.88484 3.02000 
-38.89810 3.02100 
-38.91136 3.02200 
-38.92462 3.02300 
-38.93788 3.02400 
-38.95113 3.02500 
-38.96439 3.02600 
-38.97765 3.02700 
-38.99091 3.02800 
-39.00417 3.02900 
-39.01743 3.03000 
-39.03069 3.03100 
-39.04394 3.03200 
-39.05720 3.03300 
-39.07046 3.03400 
-39.08372 3.03500 
-39.09698 3.03600 
-39.11024 3.03700 
-39.12350 3.03800 
-39.13675 3.03900 
-39.15001 3.04000 
-39.16327 3.04100 
-39.17653 3.04200 
-39.18979 3.04300 
-39.20305 3.04400 
-39.21631 3.04500 
-39.22957 3.04600 
-39.24282 3.04700 
-39.25608 3.04800 
-39.26934 3.04900 
-39.28260 3.05000 
-39.29586 3.05100 
-39.30912 3.05200 
-39.32238 3.05300 
-39.33563 3.05400 
-39.34889 3.05500 
-39.36215 3.05600 
-39.37541 3.05700 
-39.38867 3.05800 
-39.40193 3.05900 
-39.41519 3.06000 
-39.42844 3.06100 
-39.44170 3.06200 
-39.45496 3.06300 
-39.46822 3.06400 
-39.48148 3.06500 
-39.49474 3.06600 
-39.50800 3.06700 
-39.52126 3.06800 
-39.53451 3.06900 
-39.54777 3.07000 
-39.56103 3.07100 
-39.57429 3.07200 
-39.58755 3.07300 
-39.60081 3.07400 
-39.61407 3.07500 
-39.62732 3.07600 
-39.64058 3.07700 
-39.65384 3.07800 
-39.66710 3.07900 
-39.68036 3.08000 
-39.69362 3.08100 
-39.70688 3.08200 
-39.72013 3.08300 
-39.73339 3.08400 
-39.74665 3.08500 
-39.75991 3.08600 
-39.77317 3.08700 
-39.78643 3.08800 
-39.79969 3.08900 
-39.81295 3.09000 
-39.82620 3.09100 
-39.83946 3.09200 
-39.85272 3.09300 
-39.86598 3.09400 
-39.87924 3.09500 
-39.89250 3.09600 
-39.90576 3.09700 
-39.91901 3.09800 
-39.93227 3.09900 
-39.94553 3.10000 
-39.95879 3.10100 
-39.97205 3.10200 
-39.98531 3.10300 
-39.99857 3.10400 
-40.01183 3.10500 
-40.02508 3.10600 
-40.03834 3.10700 
-40.05160 3.10800 
-40.06486 3.10900 
-40.07812 3.11000 
-40.09138 3.11100 
-40.10464 3.11200 
-40.11789 3.11300 
-40.13115 3.11400 
-40.14441 3.11500 
-40.15767 3.11600 
-40.17093 3.11700 
-40.18419 3.11800 
-40.19745 3.11900 
-40.21070 3.12000 
-40.22396 3.12100 
-40.23722 3.12200 
-40.25048 3.12300 
-40.26374 3.12400 
-40.27700 3.12500 
-40.29026 3.12600 
-40.30352 3.12700 
-40.31677 3.12800 
-40.33003 3.12900 
-40.34329 3.13000 
-40.35655 3.13100 
-40.36981 3.13200 
-40.38307 3.13300 
-40.39633 3.13400 
-40.40958 3.13500 
-40.42284 3.13600 
-40.43610 3.13700 
-40.44936 3.13800 
-40.46262 3.13900 
-40.47588 3.14000 
-40.48914 3.14100 
-40.50239 3.14200 
-40.51565 3.14300 
-40.52891 3.14400 
-40.54217 3.14500 
-40.55543 3.14600 
-40.56869 3.14700 
-40.58195 3.14800 
-40.59521 3.14900 
-40.60846 3.15000 
-40.62172 3.15100 
-40.63498 3.15200 
-40.64824 3.15300 
-40.66150 3.15400 
-40.67476 3.15500 
-40.68802 3.15600 
-40.70127 3.15700 
-40.71453 3.15800 
-40.72779 3.15900 
-40.74105 3.16000 
-40.75431 3.16100 
-40.76757 3.16200 
-40.78083 3.16300 
-40.79409 3.16400 
-40.80734 3.16500 
-40.82060 3.16600 
-40.83386 3.16700 
-40.84712 3.16800 
-40.86038 3.16900 
-40.87364 3.17000 
-40.88690 3.17100 
-40.90015 3.17200 
-40.91341 3.17300 
-40.92667 3.17400 
-40.93993 3.17500 
-40.95319 3.17600 
-40.96645 3.17700 
-40.97971 3.17800 
-40.99296 3.17900 
-41.00622 3.18000 
-41.01948 3.18100 
-41.03274 3.18200 
-41.04600 3.18300 
-41.05926 3.18400 
-41.07252 3.18500 
-41.08578 3.18600 
-41.09903 3.18700 
-41.11229 3.18800 
-41.12555 3.18900 
-41.13881 3.19000 
-41.15207 3.19100 
-41.16533 3.19200 
-41.17859 3.19300 
-41.19184 3.19400 
-41.20510 3.19500 
-41.21836 3.19600 
-41.23162 3.19700 
-41.24488 3.19800 
-41.25814 3.19900 
-41.27140 3.20000 
-41.28465 3.20100 
-41.29791 3.20200 
-41.31117 3.20300 
-41.32443 3.20400 
-41.33769 3.20500 
-41.35095 3.20600 
-41.36421 3.20700 
-41.37747 3.20800 
-41.39072 3.20900 
-41.40398 3.21000 
-41.41724 3.21100 
-41.43050 3.21200 
-41.44376 3.21300 
-41.45702 3.21400 
-41.47028 3.21500 
-41.48353 3.21600 
-41.49679 3.21700 
-41.51005 3.21800 
-41.52331 3.21900 
-41.53657 3.22000 
-41.54983 3.22100 
-41.56309 3.22200 
-41.57634 3.22300 
-41.58960 3.22400 
-41.60286 3.22500 
-41.61612 3.22600 
-41.62938 3.22700 
-41.64264 3.22800 
-41.65590 3.22900 
-41.66916 3.23000 
-41.68241 3.23100 
-41.69567 3.23200 
-41.70893 3.23300 
-41.72219 3.23400 
-41.73545 3.23500 
-41.74871 3.23600 
-41.76197 3.23700 
-41.77522 3.23800 
-41.78848 3.23900 
-41.80174 3.24000 
-41.81500 3.24100 
-41.82826 3.24200 
-41.84152 3.24300 
-41.85478 3.24400 
-41.86804 3.24500 
-41.88129 3.24600 
-41.89455 3.24700 
-41.90781 3.24800 
-41.92107 3.24900 
-41.93433 3.25000 
-41.94759 3.25100 
-41.96085 3.25200 
-41.97410 3.25300 
-41.98736 3.25400 
-42.00062 3.25500 
-42.01388 3.25600 
-42.02714 3.25700 
-42.04040 3.25800 
-42.05366 3.25900 
-42.06691 3.26000 
-42.08017 3.26100 
-42.09343 3.26200 
-42.10669 3.26300 
-42.11995 3.26400 
-42.13321 3.26500 
-42.14647 3.26600 
-42.15973 3.26700 
-42.17298 3.26800 
-42.18624 3.26900 
-42.19950 3.27000 
-42.21276 3.27100 
-42.22602 3.27200 
-42.23928 3.27300 
-42.25254 3.27400 
-42.26579 3.27500 
-42.27905 3.27600 
-42.29231 3.27700 
-42.30557 3.27800 
-42.31883 3.27900 
-42.33209 3.28000 
-42.34535 3.28100 
-42.35860 3.28200 
-42.37186 3.28300 
-42.38512 3.28400 
-42.39838 3.28500 
-42.41164 3.28600 
-42.42490 3.28700 
-42.43816 3.28800 
-42.45142 3.28900 
-42.46467 3.29000 
-42.47793 3.29100 
-42.49119 3.29200 
-42.50445 3.29300 
-42.51771 3.29400 
-42.53097 3.29500 
-42.54423 3.29600 
-42.55748 3.29700 
-42.57074 3.29800 
-42.58400 3.29900 
-42.59726 3.30000 
-42.61052 3.30100 
-42.62378 3.30200 
-42.63704 3.30300 
-42.65029 3.30400 
-42.66355 3.30500 
-42.67681 3.30600 
-42.69007 3.30700 
-42.70333 3.30800 
-42.71659 3.30900 
-42.72985 3.31000 
-42.74311 3.31100 
-42.75636 3.31200 
-42.76962 3.31300 
-42.78288 3.31400 
-42.79614 3.31500 
-42.80940 3.31600 
-42.82266 3.31700 
-42.83592 3.31800 
-42.84917 3.31900 
-42.86243 3.32000 
-42.87569 3.32100 
-42.88895 3.32200 
-42.90221 3.32300 
-42.91547 3.32400 
-42.92873 3.32500 
-42.94199 3.32600 
-42.95524 3.32700 
-42.96850 3.32800 
-42.98176 3.32900 
-42.99502 3.33000 
-43.00828 3.33100 
-43.02154 3.33200 
-43.03480 3.33300 
-43.04805 3.33400 
-43.06131 3.33500 
-43.07457 3.33600 
-43.08783 3.33700 
-43.10109 3.33800 
-43.11435 3.33900 
-43.12761 3.34000 
-43.14086 3.34100 
-43.15412 3.34200 
-43.16738 3.34300 
-43.18064 3.34400 
-43.19390 3.34500 
-43.20716 3.34600 
-43.22042 3.34700 
-43.23368 3.34800 
-43.24693 3.34900 
-43.26019 3.35000 
-43.27345 3.35100 
-43.28671 3.35200 
-43.29997 3.35300 
-43.31323 3.35400 
-43.32649 3.35500 
-43.33974 3.35600 
-43.35300 3.35700 
-43.36626 3.35800 
-43.37952 3.35900 
-43.39278 3.36000 
-43.40604 3.36100 
-43.41930 3.36200 
-43.43255 3.36300 
-43.44581 3.36400 
-43.45907 3.36500 
-43.47233 3.36600 
-43.48559 3.36700 
-43.49885 3.36800 
-43.51211 3.36900 
-43.52537 3.37000 
-43.53862 3.37100 
-43.55188 3.37200 
-43.56514 3.37300 
-43.57840 3.37400 
-43.59166 3.37500 
-43.60492 3.37600 
-43.61818 3.37700 
-43.63143 3.37800 
-43.64469 3.37900 
-43.65795 3.38000 
-43.67121 3.38100 
-43.68447 3.38200 
-43.69773 3.38300 
-43.71099 3.38400 
-43.72425 3.38500 
-43.73750 3.38600 
-43.75076 3.38700 
-43.76402 3.38800 
-43.77728 3.38900 
-43.79054 3.39000 
-43.80380 3.39100 
-43.81706 3.39200 
-43.83031 3.39300 
-43.84357 3.39400 
-43.85683 3.39500 
-43.87009 3.39600 
-43.88335 3.39700 
-43.89661 3.39800 
-43.90987 3.39900 
-43.92312 3.40000 
-43.93638 3.40100 
-43.94964 3.40200 
-43.96290 3.40300 
-43.97616 3.40400 
-43.98942 3.40500 
-44.00268 3.40600 
-44.01594 3.40700 
-44.02919 3.40800 
-44.04245 3.40900 
-44.05571 3.41000 
-44.06897 3.41100 
-44.08223 3.41200 
-44.09549 3.41300 
-44.10875 3.41400 
-44.12200 3.41500 
-44.13526 3.41600 
-44.14852 3.41700 
-44.16178 3.41800 
-44.17504 3.41900 
-44.18830 3.42000 
-44.20156 3.42100 
-44.21481 3.42200 
-44.22807 3.42300 
-44.24133 3.42400 
-44.25459 3.42500 
-44.26785 3.42600 
-44.28111 3.42700 
-44.29437 3.42800 
-44.30763 3.42900 
-44.32088 3.43000 
-44.33414 3.43100 
-44.34740 3.43200 
-44.36066 3.43300 
-44.37392 3.43400 
-44.38718 3.43500 
-44.40044 3.43600 
-44.41369 3.43700 
-44.42695 3.43800 
-44.44021 3.43900 
-44.45347 3.44000 
-44.46673 3.44100 
-44.47999 3.44200 
-44.49325 3.44300 
-44.50650 3.44400 
-44.51976 3.44500 
-44.53302 3.44600 
-44.54628 3.44700 
-44.55954 3.44800 
-44.57280 3.44900 
-44.58606 3.45000 
-44.59932 3.45100 
-44.61257 3.45200 
-44.62583 3.45300 
-44.63909 3.45400 
-44.65235 3.45500 
-44.66561 3.45600 
-44.67887 3.45700 
-44.69213 3.45800 
-44.70538 3.45900 
-44.71864 3.46000 
-44.73190 3.46100 
-44.74516 3.46200 
-44.75842 3.46300 
-44.77168 3.46400 
-44.78494 3.46500 
-44.79820 3.46600 
-44.81145 3.46700 
-44.82471 3.46800 
-44.83797 3.46900 
-44.85123 3.47000 
-44.86449 3.47100 
-44.87775 3.47200 
-44.89101 3.47300 
-44.90426 3.47400 
-44.91752 3.47500 
-44.93078 3.47600 
-44.94404 3.47700 
-44.95730 3.47800 
-44.97056 3.47900 
-44.98382 3.48000 
-44.99707 3.48100 
-45.01033 3.48200 
-45.02359 3.48300 
-45.03685 3.48400 
-45.05011 3.48500 
-45.06337 3.48600 
-45.07663 3.48700 
-45.08989 3.48800 
-45.10314 3.48900 
-45.11640 3.49000 
-45.12966 3.49100 
-45.14292 3.49200 
-45.15618 3.49300 
-45.16944 3.49400 
-45.18270 3.49500 
-45.19595 3.49600 
-45.20921 3.49700 
-45.22247 3.49800 
-45.23573 3.49900 
-45.24899 3.50000 
-45.26225 3.50100 
-45.27551 3.50200 
-45.28876 3.50300 
-45.30202 3.50400 
-45.31528 3.50500 
-45.32854 3.50600 
-45.34180 3.50700 
-45.35506 3.50800 
-45.36832 3.50900 
-45.38158 3.51000 
-45.39483 3.51100 
-45.40809 3.51200 
-45.42135 3.51300 
-45.43461 3.51400 
-45.44787 3.51500 
-45.46113 3.51600 
-45.47439 3.51700 
-45.48764 3.51800 
-45.50090 3.51900 
-45.51416 3.52000 
-45.52742 3.52100 
-45.54068 3.52200 
-45.55394 3.52300 
-45.56720 3.52400 
-45.58045 3.52500 
-45.59371 3.52600 
-45.60697 3.52700 
-45.62023 3.52800 
-45.63349 3.52900 
-45.64675 3.53000 
-45.66001 3.53100 
-45.67327 3.53200 
-45.68652 3.53300 
-45.69978 3.53400 
-45.71304 3.53500 
-45.72630 3.53600 
-45.73956 3.53700 
-45.75282 3.53800 
-45.76608 3.53900 
-45.77933 3.54000 
-45.79259 3.54100 
-45.80585 3.54200 
-45.81911 3.54300 
-45.83237 3.54400 
-45.84563 3.54500 
-45.85889 3.54600 
-45.87215 3.54700 
-45.88540 3.54800 
-45.89866 3.54900 
-45.91192 3.55000 
-45.92518 3.55100 
-45.93844 3.55200 
-45.95170 3.55300 
-45.96496 3.55400 
-45.97821 3.55500 
-45.99147 3.55600 
-46.00473 3.55700 
-46.01799 3.55800 
-46.03125 3.55900 
-46.04451 3.56000 
-46.05777 3.56100 
-46.07102 3.56200 
-46.08428 3.56300 
-46.09754 3.56400 
-46.11080 3.56500 
-46.12406 3.56600 
-46.13732 3.56700 
-46.15058 3.56800 
-46.16384 3.56900 
-46.17709 3.57000 
-46.19035 3.57100 
-46.20361 3.57200 
-46.21687 3.57300 
-46.23013 3.57400 
-46.24339 3.57500 
-46.25665 3.57600 
-46.26990 3.57700 
-46.28316 3.57800 
-46.29642 3.57900 
-46.30968 3.58000 
-46.32294 3.58100 
-46.33620 3.58200 
-46.34946 3.58300 
-46.36271 3.58400 
-46.37597 3.58500 
-46.38923 3.58600 
-46.40249 3.58700 
-46.41575 3.58800 
-46.42901 3.58900 
-46.44227 3.59000 
-46.45553 3.59100 
-46.46878 3.59200 
-46.48204 3.59300 
-46.49530 3.59400 
-46.50856 3.59500 
-46.52182 3.59600 
-46.53508 3.59700 
-46.54834 3.59800 
-46.56159 3.59900 
-46.57485 3.60000 
-46.58811 3.60100 
-46.60137 3.60200 
-46.61463 3.60300 
-46.62789 3.60400 
-46.64115 3.60500 
-46.65440 3.60600 
-46.66766 3.60700 
-46.68092 3.60800 
-46.69418 3.60900 
-46.70744 3.61000 
-46.72070 3.61100 
-46.73396 3.61200 
-46.74722 3.61300 
-46.76047 3.61400 
-46.77373 3.61500 
-46.78699 3.61600 
-46.80025 3.61700 
-46.81351 3.61800 
-46.82677 3.61900 
-46.84003 3.62000 
-46.85328 3.62100 
-46.86654 3.62200 
-46.87980 3.62300 
-46.89306 3.62400 
-46.90632 3.62500 
-46.91958 3.62600 
-46.93284 3.62700 
-46.94610 3.62800 
-46.95935 3.62900 
-46.97261 3.63000 
-46.98587 3.63100 
-46.99913 3.63200 
-47.01239 3.63300 
-47.02565 3.63400 
-47.03891 3.63500 
-47.05216 3.63600 
-47.06542 3.63700 
-47.07868 3.63800 
-47.09194 3.63900 
-47.10520 3.64000 
-47.11846 3.64100 
-47.13172 3.64200 
-47.14497 3.64300 
-47.15823 3.64400 
-47.17149 3.64500 
-47.18475 3.64600 
-47.19801 3.64700 
-47.21127 3.64800 
-47.22453 3.64900 
-47.23779 3.65000 
-47.25104 3.65100 
-47.26430 3.65200 
-47.27756 3.65300 
-47.29082 3.65400 
-47.30408 3.65500 
-47.31734 3.65600 
-47.33060 3.65700 
-47.34385 3.65800 
-47.35711 3.65900 
-47.37037 3.66000 
-47.38363 3.66100 
-47.39689 3.66200 
-47.41015 3.66300 
-47.42341 3.66400 
-47.43666 3.66500 
-47.44992 3.66600 
-47.46318 3.66700 
-47.47644 3.66800 
-47.48970 3.66900 
-47.50296 3.67000 
-47.51622 3.67100 
-47.52948 3.67200 
-47.54273 3.67300 
-47.55599 3.67400 
-47.56925 3.67500 
-47.58251 3.67600 
-47.59577 3.67700 
-47.60903 3.67800 
-47.62229 3.67900 
-47.63554 3.68000 
-47.64880 3.68100 
-47.66206 3.68200 
-47.67532 3.68300 
-47.68858 3.68400 
-47.70184 3.68500 
-47.71510 3.68600 
-47.72836 3.68700 
-47.74161 3.68800 
-47.75487 3.68900 
-47.76813 3.69000 
-47.78139 3.69100 
-47.79465 3.69200 
-47.80791 3.69300 
-47.82117 3.69400 
-47.83442 3.69500 
-47.84768 3.69600 
-47.86094 3.69700 
-47.87420 3.69800 
-47.88746 3.69900 
-47.90072 3.70000 
-47.91398 3.70100 
-47.92723 3.70200 
-47.94049 3.70300 
-47.95375 3.70400 
-47.96701 3.70500 
-47.98027 3.70600 
-47.99353 3.70700 
-48.00679 3.70800 
-48.02005 3.70900 
-48.03330 3.71000 
-48.04656 3.71100 
-48.05982 3.71200 
-48.07308 3.71300 
-48.08634 3.71400 
-48.09960 3.71500 
-48.11286 3.71600 
-48.12611 3.71700 
-48.13937 3.71800 
-48.15263 3.71900 
-48.16589 3.72000 
-48.17915 3.72100 
-48.19241 3.72200 
-48.20567 3.72300 
-48.21892 3.72400 
-48.23218 3.72500 
-48.24544 3.72600 
-48.25870 3.72700 
-48.27196 3.72800 
-48.28522 3.72900 
-48.29848 3.73000 
-48.31174 3.73100 
-48.32499 3.73200 
-48.33825 3.73300 
-48.35151 3.73400 
-48.36477 3.73500 
-48.37803 3.73600 
-48.39129 3.73700 
-48.40455 3.73800 
-48.41780 3.73900 
-48.43106 3.74000 
-48.44432 3.74100 
-48.45758 3.74200 
-48.47084 3.74300 
-48.48410 3.74400 
-48.49736 3.74500 
-48.51061 3.74600 
-48.52387 3.74700 
-48.53713 3.74800 
-48.55039 3.74900 
-48.56365 3.75000 
-48.57691 3.75100 
-48.59017 3.75200 
-48.60343 3.75300 
-48.61668 3.75400 
-48.62994 3.75500 
-48.64320 3.75600 
-48.65646 3.75700 
-48.66972 3.75800 
-48.68298 3.75900 
-48.69624 3.76000 
-48.70949 3.76100 
-48.72275 3.76200 
-48.73601 3.76300 
-48.74927 3.76400 
-48.76253 3.76500 
-48.77579 3.76600 
-48.78905 3.76700 
-48.80231 3.76800 
-48.81556 3.76900 
-48.82882 3.77000 
-48.84208 3.77100 
-48.85534 3.77200 
-48.86860 3.77300 
-48.88186 3.77400 
-48.89512 3.77500 
-48.90837 3.77600 
-48.92163 3.77700 
-48.93489 3.77800 
-48.94815 3.77900 
-48.96141 3.78000 
-48.97467 3.78100 
-48.98793 3.78200 
-49.00118 3.78300 
-49.01444 3.78400 
-49.02770 3.78500 
-49.04096 3.78600 
-49.05422 3.78700 
-49.06748 3.78800 
-49.08074 3.78900 
-49.09400 3.79000 
-49.10725 3.79100 
-49.12051 3.79200 
-49.13377 3.79300 
-49.14703 3.79400 
-49.16029 3.79500 
-49.17355 3.79600 
-49.18681 3.79700 
-49.20006 3.79800 
-49.21332 3.79900 
-49.22658 3.80000 
-49.23984 3.80100 
-49.25310 3.80200 
-49.26636 3.80300 
-49.27962 3.80400 
-49.29287 3.80500 
-49.30613 3.80600 
-49.31939 3.80700 
-49.33265 3.80800 
-49.34591 3.80900 
-49.35917 3.81000 
-49.37243 3.81100 
-49.38569 3.81200 
-49.39894 3.81300 
-49.41220 3.81400 
-49.42546 3.81500 
-49.43872 3.81600 
-49.45198 3.81700 
-49.46524 3.81800 
-49.47850 3.81900 
-49.49175 3.82000 
-49.50501 3.82100 
-49.51827 3.82200 
-49.53153 3.82300 
-49.54479 3.82400 
-49.55805 3.82500 
-49.57131 3.82600 
-49.58456 3.82700 
-49.59782 3.82800 
-49.61108 3.82900 
-49.62434 3.83000 
-49.63760 3.83100 
-49.65086 3.83200 
-49.66412 3.83300 
-49.67738 3.83400 
-49.69063 3.83500 
-49.70389 3.83600 
-49.71715 3.83700 
-49.73041 3.83800 
-49.74367 3.83900 
-49.75693 3.84000 
-49.77019 3.84100 
-49.78344 3.84200 
-49.79670 3.84300 
-49.80996 3.84400 
-49.82322 3.84500 
-49.83648 3.84600 
-49.84974 3.84700 
-49.86300 3.84800 
-49.87626 3.84900 
-49.88951 3.85000 
-49.90277 3.85100 
-49.91603 3.85200 
-49.92929 3.85300 
-49.94255 3.85400 
-49.95581 3.85500 
-49.96907 3.85600 
-49.98232 3.85700 
-49.99558 3.85800 
-50.00884 3.85900 
-50.02210 3.86000 
-50.03536 3.86100 
-50.04862 3.86200 
-50.06188 3.86300 
-50.07513 3.86400 
-50.08839 3.86500 
-50.10165 3.86600 
-50.11491 3.86700 
-50.12817 3.86800 
-50.14143 3.86900 
-50.15469 3.87000 
-50.16795 3.87100 
-50.18120 3.87200 
-50.19446 3.87300 
-50.20772 3.87400 
-50.22098 3.87500 
-50.23424 3.87600 
-50.24750 3.87700 
-50.26076 3.87800 
-50.27401 3.87900 
-50.28727 3.88000 
-50.30053 3.88100 
-50.31379 3.88200 
-50.32705 3.88300 
-50.34031 3.88400 
-50.35357 3.88500 
-50.36682 3.88600 
-50.38008 3.88700 
-50.39334 3.88800 
-50.40660 3.88900 
-50.41986 3.89000 
-50.43312 3.89100 
-50.44638 3.89200 
-50.45964 3.89300 
-50.47289 3.89400 
-50.48615 3.89500 
-50.49941 3.89600 
-50.51267 3.89700 
-50.52593 3.89800 
-50.53919 3.89900 
-50.55245 3.90000 
-50.56570 3.90100 
-50.57896 3.90200 
-50.59222 3.90300 
-50.60548 3.90400 
-50.61874 3.90500 
-50.63200 3.90600 
-50.64526 3.90700 
-50.65851 3.90800 
-50.67177 3.90900 
-50.68503 3.91000 
-50.69829 3.91100 
-50.71155 3.91200 
-50.72481 3.91300 
-50.73807 3.91400 
-50.75133 3.91500 
-50.76458 3.91600 
-50.77784 3.91700 
-50.79110 3.91800 
-50.80436 3.91900 
-50.81762 3.92000 
-50.83088 3.92100 
-50.84414 3.92200 
-50.85739 3.92300 
-50.87065 3.92400 
-50.88391 3.92500 
-50.89717 3.92600 
-50.91043 3.92700 
-50.92369 3.92800 
-50.93695 3.92900 
-50.95021 3.93000 
-50.96346 3.93100 
-50.97672 3.93200 
-50.98998 3.93300 
-51.00324 3.93400 
-51.01650 3.93500 
-51.02976 3.93600 
-51.04302 3.93700 
-51.05627 3.93800 
-51.06953 3.93900 
-51.08279 3.94000 
-51.09605 3.94100 
-51.10931 3.94200 
-51.12257 3.94300 
-51.13583 3.94400 
-51.14908 3.94500 
-51.16234 3.94600 
-51.17560 3.94700 
-51.18886 3.94800 
-51.20212 3.94900 
-51.21538 3.95000 
-51.22864 3.95100 
-51.24190 3.95200 
-51.25515 3.95300 
-51.26841 3.95400 
-51.28167 3.95500 
-51.29493 3.95600 
-51.30819 3.95700 
-51.32145 3.95800 
-51.33471 3.95900 
-51.34796 3.96000 
-51.36122 3.96100 
-51.37448 3.96200 
-51.38774 3.96300 
-51.40100 3.96400 
-51.41426 3.96500 
-51.42752 3.96600 
-51.44077 3.96700 
-51.45403 3.96800 
-51.46729 3.96900 
-51.48055 3.97000 
-51.49381 3.97100 
-51.50707 3.97200 
-51.52033 3.97300 
-51.53359 3.97400 
-51.54684 3.97500 
-51.56010 3.97600 
-51.57336 3.97700 
-51.58662 3.97800 
-51.59988 3.97900 
-51.61314 3.98000 
-51.62640 3.98100 
-51.63965 3.98200 
-51.65291 3.98300 
-51.66617 3.98400 
-51.67943 3.98500 
-51.69269 3.98600 
-51.70595 3.98700 
-51.71921 3.98800 
-51.73247 3.98900 
-51.74572 3.99000 
-51.75898 3.99100 
-51.77224 3.99200 
-51.78550 3.99300 
-51.79876 3.99400 
-51.81202 3.99500 
-51.82528 3.99600 
-51.83853 3.99700 
-51.85179 3.99800 
-51.86505 3.99900 
-51.87831 4.00000 
-51.89157 4.00100 
-51.90483 4.00200 
-51.91809 4.00300 
-51.93134 4.00400 
-51.94460 4.00500 
-51.95786 4.00600 
-51.97112 4.00700 
-51.98438 4.00800 
-51.99764 4.00900 
-52.01090 4.01000 
-52.02416 4.01100 
-52.03741 4.01200 
-52.05067 4.01300 
-52.06393 4.01400 
-52.07719 4.01500 
-52.09045 4.01600 
-52.10371 4.01700 
-52.11697 4.01800 
-52.13022 4.01900 
-52.14348 4.02000 
-52.15674 4.02100 
-52.17000 4.02200 
-52.18326 4.02300 
-52.19652 4.02400 
-52.20978 4.02500 
-52.22303 4.02600 
-52.23629 4.02700 
-52.24955 4.02800 
-52.26281 4.02900 
-52.27607 4.03000 
-52.28933 4.03100 
-52.30259 4.03200 
-52.31585 4.03300 
-52.32910 4.03400 
-52.34236 4.03500 
-52.35562 4.03600 
-52.36888 4.03700 
-52.38214 4.03800 
-52.39540 4.03900 
-52.40866 4.04000 
-52.42191 4.04100 
-52.43517 4.04200 
-52.44843 4.04300 
-52.46169 4.04400 
-52.47495 4.04500 
-52.48821 4.04600 
-52.50147 4.04700 
-52.51472 4.04800 
-52.52798 4.04900 
-52.54124 4.05000 
-52.55450 4.05100 
-52.56776 4.05200 
-52.58102 4.05300 
-52.59428 4.05400 
-52.60754 4.05500 
-52.62079 4.05600 
-52.63405 4.05700 
-52.64731 4.05800 
-52.66057 4.05900 
-52.67383 4.06000 
-52.68709 4.06100 
-52.70035 4.06200 
-52.71360 4.06300 
-52.72686 4.06400 
-52.74012 4.06500 
-52.75338 4.06600 
-52.76664 4.06700 
-52.77990 4.06800 
-52.79316 4.06900 
-52.80642 4.07000 
-52.81967 4.07100 
-52.83293 4.07200 
-52.84619 4.07300 
-52.85945 4.07400 
-52.87271 4.07500 
-52.88597 4.07600 
-52.89923 4.07700 
-52.91248 4.07800 
-52.92574 4.07900 
-52.93900 4.08000 
-52.95226 4.08100 
-52.96552 4.08200 
-52.97878 4.08300 
-52.99204 4.08400 
-53.00529 4.08500 
-53.01855 4.08600 
-53.03181 4.08700 
-53.04507 4.08800 
-53.05833 4.08900 
-53.07159 4.09000 
-53.08485 4.09100 
-53.09811 4.09200 
-53.11136 4.09300 
-53.12462 4.09400 
-53.13788 4.09500 
-53.15114 4.09600 
-53.16440 4.09700 
-53.17766 4.09800 
-53.19092 4.09900 
-53.20417 4.10000 
-53.21743 4.10100 
-53.23069 4.10200 
-53.24395 4.10300 
-53.25721 4.10400 
-53.27047 4.10500 
-53.28373 4.10600 
-53.29698 4.10700 
-53.31024 4.10800 
-53.32350 4.10900 
-53.33676 4.11000 
-53.35002 4.11100 
-53.36328 4.11200 
-53.37654 4.11300 
-53.38980 4.11400 
-53.40305 4.11500 
-53.41631 4.11600 
-53.42957 4.11700 
-53.44283 4.11800 
-53.45609 4.11900 
-53.46935 4.12000 
-53.48261 4.12100 
-53.49586 4.12200 
-53.50912 4.12300 
-53.52238 4.12400 
-53.53564 4.12500 
-53.54890 4.12600 
-53.56216 4.12700 
-53.57542 4.12800 
-53.58867 4.12900 
-53.60193 4.13000 
-53.61519 4.13100 
-53.62845 4.13200 
-53.64171 4.13300 
-53.65497 4.13400 
-53.66823 4.13500 
-53.68149 4.13600 
-53.69474 4.13700 
-53.70800 4.13800 
-53.72126 4.13900 
-53.73452 4.14000 
-53.74778 4.14100 
-53.76104 4.14200 
-53.77430 4.14300 
-53.78755 4.14400 
-53.80081 4.14500 
-53.81407 4.14600 
-53.82733 4.14700 
-53.84059 4.14800 
-53.85385 4.14900 
-53.86711 4.15000 
-53.88037 4.15100 
-53.89362 4.15200 
-53.90688 4.15300 
-53.92014 4.15400 
-53.93340 4.15500 
-53.94666 4.15600 
-53.95992 4.15700 
-53.97318 4.15800 
-53.98643 4.15900 
-53.99969 4.16000 
-54.01295 4.16100 
-54.02621 4.16200 
-54.03947 4.16300 
-54.05273 4.16400 
-54.06599 4.16500 
-54.07924 4.16600 
-54.09250 4.16700 
-54.10576 4.16800 
-54.11902 4.16900 
-54.13228 4.17000 
-54.14554 4.17100 
-54.15880 4.17200 
-54.17206 4.17300 
-54.18531 4.17400 
-54.19857 4.17500 
-54.21183 4.17600 
-54.22509 4.17700 
-54.23835 4.17800 
-54.25161 4.17900 
-54.26487 4.18000 
-54.27812 4.18100 
-54.29138 4.18200 
-54.30464 4.18300 
-54.31790 4.18400 
-54.33116 4.18500 
-54.34442 4.18600 
-54.35768 4.18700 
-54.37093 4.18800 
-54.38419 4.18900 
-54.39745 4.19000 
-54.41071 4.19100 
-54.42397 4.19200 
-54.43723 4.19300 
-54.45049 4.19400 
-54.46375 4.19500 
-54.47700 4.19600 
-54.49026 4.19700 
-54.50352 4.19800 
-54.51678 4.19900 
-54.53004 4.20000 
-54.54330 4.20100 
-54.55656 4.20200 
-54.56981 4.20300 
-54.58307 4.20400 
-54.59633 4.20500 
-54.60959 4.20600 
-54.62285 4.20700 
-54.63611 4.20800 
-54.64937 4.20900 
-54.66263 4.21000 
-54.67588 4.21100 
-54.68914 4.21200 
-54.70240 4.21300 
-54.71566 4.21400 
-54.72892 4.21500 
-54.74218 4.21600 
-54.75544 4.21700 
-54.76869 4.21800 
-54.78195 4.21900 
-54.79521 4.22000 
-54.80847 4.22100 
-54.82173 4.22200 
-54.83499 4.22300 
-54.84825 4.22400 
-54.86150 4.22500 
-54.87476 4.22600 
-54.88802 4.22700 
-54.90128 4.22800 
-54.91454 4.22900 
-54.92780 4.23000 
-54.94106 4.23100 
-54.95432 4.23200 
-54.96757 4.23300 
-54.98083 4.23400 
-54.99409 4.23500 
-55.00735 4.23600 
-55.02061 4.23700 
-55.03387 4.23800 
-55.04713 4.23900 
-55.06038 4.24000 
-55.07364 4.24100 
-55.08690 4.24200 
-55.10016 4.24300 
-55.11342 4.24400 
-55.12668 4.24500 
-55.13994 4.24600 
-55.15319 4.24700 
-55.16645 4.24800 
-55.17971 4.24900 
-55.19297 4.25000 
-55.20623 4.25100 
-55.21949 4.25200 
-55.23275 4.25300 
-55.24601 4.25400 
-55.25926 4.25500 
-55.27252 4.25600 
-55.28578 4.25700 
-55.29904 4.25800 
-55.31230 4.25900 
-55.32556 4.26000 
-55.33882 4.26100 
-55.35207 4.26200 
-55.36533 4.26300 
-55.37859 4.26400 
-55.39185 4.26500 
-55.40511 4.26600 
-55.41837 4.26700 
-55.43163 4.26800 
-55.44488 4.26900 
-55.45814 4.27000 
-55.47140 4.27100 
-55.48466 4.27200 
-55.49792 4.27300 
-55.51118 4.27400 
-55.52444 4.27500 
-55.53770 4.27600 
-55.55095 4.27700 
-55.56421 4.27800 
-55.57747 4.27900 
-55.59073 4.28000 
-55.60399 4.28100 
-55.61725 4.28200 
-55.63051 4.28300 
-55.64376 4.28400 
-55.65702 4.28500 
-55.67028 4.28600 
-55.68354 4.28700 
-55.69680 4.28800 
-55.71006 4.28900 
-55.72332 4.29000 
-55.73658 4.29100 
-55.74983 4.29200 
-55.76309 4.29300 
-55.77635 4.29400 
-55.78961 4.29500 
-55.80287 4.29600 
-55.81613 4.29700 
-55.82939 4.29800 
-55.84264 4.29900 
-55.85590 4.30000 
-55.86916 4.30100 
-55.88242 4.30200 
-55.89568 4.30300 
-55.90894 4.30400 
-55.92220 4.30500 
-55.93545 4.30600 
-55.94871 4.30700 
-55.96197 4.30800 
-55.97523 4.30900 
-55.98849 4.31000 
-56.00175 4.31100 
-56.01501 4.31200 
-56.02827 4.31300 
-56.04152 4.31400 
-56.05478 4.31500 
-56.06804 4.31600 
-56.08130 4.31700 
-56.09456 4.31800 
-56.10782 4.31900 
-56.12108 4.32000 
-56.13433 4.32100 
-56.14759 4.32200 
-56.16085 4.32300 
-56.17411 4.32400 
-56.18737 4.32500 
-56.20063 4.32600 
-56.21389 4.32700 
-56.22714 4.32800 
-56.24040 4.32900 
-56.25366 4.33000 
-56.26692 4.33100 
-56.28018 4.33200 
-56.29344 4.33300 
-56.30670 4.33400 
-56.31996 4.33500 
-56.33321 4.33600 
-56.34647 4.33700 
-56.35973 4.33800 
-56.37299 4.33900 
-56.38625 4.34000 
-56.39951 4.34100 
-56.41277 4.34200 
-56.42602 4.34300 
-56.43928 4.34400 
-56.45254 4.34500 
-56.46580 4.34600 
-56.47906 4.34700 
-56.49232 4.34800 
-56.50558 4.34900 
-56.51883 4.35000 
-56.53209 4.35100 
-56.54535 4.35200 
-56.55861 4.35300 
-56.57187 4.35400 
-56.58513 4.35500 
-56.59839 4.35600 
-56.61165 4.35700 
-56.62490 4.35800 
-56.63816 4.35900 
-56.65142 4.36000 
-56.66468 4.36100 
-56.67794 4.36200 
-56.69120 4.36300 
-56.70446 4.36400 
-56.71771 4.36500 
-56.73097 4.36600 
-56.74423 4.36700 
-56.75749 4.36800 
-56.77075 4.36900 
-56.78401 4.37000 
-56.79727 4.37100 
-56.81053 4.37200 
-56.82378 4.37300 
-56.83704 4.37400 
-56.85030 4.37500 
-56.86356 4.37600 
-56.87682 4.37700 
-56.89008 4.37800 
-56.90334 4.37900 
-56.91659 4.38000 
-56.92985 4.38100 
-56.94311 4.38200 
-56.95637 4.38300 
-56.96963 4.38400 
-56.98289 4.38500 
-56.99615 4.38600 
-57.00940 4.38700 
-57.02266 4.38800 
-57.03592 4.38900 
-57.04918 4.39000 
-57.06244 4.39100 
-57.07570 4.39200 
-57.08896 4.39300 
-57.10222 4.39400 
-57.11547 4.39500 
-57.12873 4.39600 
-57.14199 4.39700 
-57.15525 4.39800 
-57.16851 4.39900 
-57.18177 4.40000 
-57.19503 4.40100 
-57.20828 4.40200 
-57.22154 4.40300 
-57.23480 4.40400 
-57.24806 4.40500 
-57.26132 4.40600 
-57.27458 4.40700 
-57.28784 4.40800 
-57.30109 4.40900 
-57.31435 4.41000 
-57.32761 4.41100 
-57.34087 4.41200 
-57.35413 4.41300 
-57.36739 4.41400 
-57.38065 4.41500 
-57.39391 4.41600 
-57.40716 4.41700 
-57.42042 4.41800 
-57.43368 4.41900 
-57.44694 4.42000 
-57.46020 4.42100 
-57.47346 4.42200 
-57.48672 4.42300 
-57.49997 4.42400 
-57.51323 4.42500 
-57.52649 4.42600 
-57.53975 4.42700 
-57.55301 4.42800 
-57.56627 4.42900 
-57.57953 4.43000 
-57.59278 4.43100 
-57.60604 4.43200 
-57.61930 4.43300 
-57.63256 4.43400 
-57.64582 4.43500 
-57.65908 4.43600 
-57.67234 4.43700 
-57.68560 4.43800 
-57.69885 4.43900 
-57.71211 4.44000 
-57.72537 4.44100 
-57.73863 4.44200 
-57.75189 4.44300 
-57.76515 4.44400 
-57.77841 4.44500 
-57.79166 4.44600 
-57.80492 4.44700 
-57.81818 4.44800 
-57.83144 4.44900 
-57.84470 4.45000 
-57.85796 4.45100 
-57.87122 4.45200 
-57.88448 4.45300 
-57.89773 4.45400 
-57.91099 4.45500 
-57.92425 4.45600 
-57.93751 4.45700 
-57.95077 4.45800 
-57.96403 4.45900 
-57.97729 4.46000 
-57.99054 4.46100 
-58.00380 4.46200 
-58.01706 4.46300 
-58.03032 4.46400 
-58.04358 4.46500 
-58.05684 4.46600 
-58.07010 4.46700 
-58.08335 4.46800 
-58.09661 4.46900 
-58.10987 4.47000 
-58.12313 4.47100 
-58.13639 4.47200 
-58.14965 4.47300 
-58.16291 4.47400 
-58.17617 4.47500 
-58.18942 4.47600 
-58.20268 4.47700 
-58.21594 4.47800 
-58.22920 4.47900 
-58.24246 4.48000 
-58.25572 4.48100 
-58.26898 4.48200 
-58.28223 4.48300 
-58.29549 4.48400 
-58.30875 4.48500 
-58.32201 4.48600 
-58.33527 4.48700 
-58.34853 4.48800 
-58.36179 4.48900 
-58.37504 4.49000 
-58.38830 4.49100 
-58.40156 4.49200 
-58.41482 4.49300 
-58.42808 4.49400 
-58.44134 4.49500 
-58.45460 4.49600 
-58.46786 4.49700 
-58.48111 4.49800 
-58.49437 4.49900 
-58.50763 4.50000 
-58.52089 4.50100 
-58.53415 4.50200 
-58.54741 4.50300 
-58.56067 4.50400 
-58.57392 4.50500 
-58.58718 4.50600 
-58.60044 4.50700 
-58.61370 4.50800 
-58.62696 4.50900 
-58.64022 4.51000 
-58.65348 4.51100 
-58.66674 4.51200 
-58.67999 4.51300 
-58.69325 4.51400 
-58.70651 4.51500 
-58.71977 4.51600 
-58.73303 4.51700 
-58.74629 4.51800 
-58.75955 4.51900 
-58.77280 4.52000 
-58.78606 4.52100 
-58.79932 4.52200 
-58.81258 4.52300 
-58.82584 4.52400 
-58.83910 4.52500 
-58.85236 4.52600 
-58.86561 4.52700 
-58.87887 4.52800 
-58.89213 4.52900 
-58.90539 4.53000 
-58.91865 4.53100 
-58.93191 4.53200 
-58.94517 4.53300 
-58.95843 4.53400 
-58.97168 4.53500 
-58.98494 4.53600 
-58.99820 4.53700 
-59.01146 4.53800 
-59.02472 4.53900 
-59.03798 4.54000 
-59.05124 4.54100 
-59.06449 4.54200 
-59.07775 4.54300 
-59.09101 4.54400 
-59.10427 4.54500 
-59.11753 4.54600 
-59.13079 4.54700 
-59.14405 4.54800 
-59.15730 4.54900 
-59.17056 4.55000 
-59.18382 4.55100 
-59.19708 4.55200 
-59.21034 4.55300 
-59.22360 4.55400 
-59.23686 4.55500 
-59.25012 4.55600 
-59.26337 4.55700 
-59.27663 4.55800 
-59.28989 4.55900 
-59.30315 4.56000 
-59.31641 4.56100 
-59.32967 4.56200 
-59.34293 4.56300 
-59.35618 4.56400 
-59.36944 4.56500 
-59.38270 4.56600 
-59.39596 4.56700 
-59.40922 4.56800 
-59.42248 4.56900 
-59.43574 4.57000 
-59.44899 4.57100 
-59.46225 4.57200 
-59.47551 4.57300 
-59.48877 4.57400 
-59.50203 4.57500 
-59.51529 4.57600 
-59.52855 4.57700 
-59.54181 4.57800 
-59.55506 4.57900 
-59.56832 4.58000 
-59.58158 4.58100 
-59.59484 4.58200 
-59.60810 4.58300 
-59.62136 4.58400 
-59.63462 4.58500 
-59.64787 4.58600 
-59.66113 4.58700 
-59.67439 4.58800 
-59.68765 4.58900 
-59.70091 4.59000 
-59.71417 4.59100 
-59.72743 4.59200 
-59.74069 4.59300 
-59.75394 4.59400 
-59.76720 4.59500 
-59.78046 4.59600 
-59.79372 4.59700 
-59.80698 4.59800 
-59.82024 4.59900 
-59.83350 4.60000 
-59.84675 4.60100 
-59.86001 4.60200 
-59.87327 4.60300 
-59.88653 4.60400 
-59.89979 4.60500 
-59.91305 4.60600 
-59.92631 4.60700 
-59.93956 4.60800 
-59.95282 4.60900 
-59.96608 4.61000 
-59.97934 4.61100 
-59.99260 4.61200 
-60.00586 4.61300 
-60.01912 4.61400 
-60.03238 4.61500 
-60.04563 4.61600 
-60.05889 4.61700 
-60.07215 4.61800 
-60.08541 4.61900 
-60.09867 4.62000 
-60.11193 4.62100 
-60.12519 4.62200 
-60.13844 4.62300 
-60.15170 4.62400 
-60.16496 4.62500 
-60.17822 4.62600 
-60.19148 4.62700 
-60.20474 4.62800 
-60.21800 4.62900 
-60.23125 4.63000 
-60.24451 4.63100 
-60.25777 4.63200 
-60.27103 4.63300 
-60.28429 4.63400 
-60.29755 4.63500 
-60.31081 4.63600 
-60.32407 4.63700 
-60.33732 4.63800 
-60.35058 4.63900 
-60.36384 4.64000 
-60.37710 4.64100 
-60.39036 4.64200 
-60.40362 4.64300 
-60.41688 4.64400 
-60.43013 4.64500 
-60.44339 4.64600 
-60.45665 4.64700 
-60.46991 4.64800 
-60.48317 4.64900 
-60.49643 4.65000 
-60.50969 4.65100 
-60.52294 4.65200 
-60.53620 4.65300 
-60.54946 4.65400 
-60.56272 4.65500 
-60.57598 4.65600 
-60.58924 4.65700 
-60.60250 4.65800 
-60.61576 4.65900 
-60.62901 4.66000 
-60.64227 4.66100 
-60.65553 4.66200 
-60.66879 4.66300 
-60.68205 4.66400 
-60.69531 4.66500 
-60.70857 4.66600 
-60.72182 4.66700 
-60.73508 4.66800 
-60.74834 4.66900 
-60.76160 4.67000 
-60.77486 4.67100 
-60.78812 4.67200 
-60.80138 4.67300 
-60.81464 4.67400 
-60.82789 4.67500 
-60.84115 4.67600 
-60.85441 4.67700 
-60.86767 4.67800 
-60.88093 4.67900 
-60.89419 4.68000 
-60.90745 4.68100 
-60.92070 4.68200 
-60.93396 4.68300 
-60.94722 4.68400 
-60.96048 4.68500 
-60.97374 4.68600 
-60.98700 4.68700 
-61.00026 4.68800 
-61.01351 4.68900 
-61.02677 4.69000 
-61.04003 4.69100 
-61.05329 4.69200 
-61.06655 4.69300 
-61.07981 4.69400 
-61.09307 4.69500 
-61.10633 4.69600 
-61.11958 4.69700 
-61.13284 4.69800 
-61.14610 4.69900 
-61.15936 4.70000 
-61.17262 4.70100 
-61.18588 4.70200 
-61.19914 4.70300 
-61.21239 4.70400 
-61.22565 4.70500 
-61.23891 4.70600 
-61.25217 4.70700 
-61.26543 4.70800 
-61.27869 4.70900 
-61.29195 4.71000 
-61.30520 4.71100 
-61.31846 4.71200 
-61.33172 4.71300 
-61.34498 4.71400 
-61.35824 4.71500 
-61.37150 4.71600 
-61.38476 4.71700 
-61.39802 4.71800 
-61.41127 4.71900 
-61.42453 4.72000 
-61.43779 4.72100 
-61.45105 4.72200 
-61.46431 4.72300 
-61.47757 4.72400 
-61.49083 4.72500 
-61.50408 4.72600 
-61.51734 4.72700 
-61.53060 4.72800 
-61.54386 4.72900 
-61.55712 4.73000 
-61.57038 4.73100 
-61.58364 4.73200 
-61.59690 4.73300 
-61.61015 4.73400 
-61.62341 4.73500 
-61.63667 4.73600 
-61.64993 4.73700 
-61.66319 4.73800 
-61.67645 4.73900 
-61.68971 4.74000 
-61.70296 4.74100 
-61.71622 4.74200 
-61.72948 4.74300 
-61.74274 4.74400 
-61.75600 4.74500 
-61.76926 4.74600 
-61.78252 4.74700 
-61.79577 4.74800 
-61.80903 4.74900 
-61.82229 4.75000 
-61.83555 4.75100 
-61.84881 4.75200 
-61.86207 4.75300 
-61.87533 4.75400 
-61.88859 4.75500 
-61.90184 4.75600 
-61.91510 4.75700 
-61.92836 4.75800 
-61.94162 4.75900 
-61.95488 4.76000 
-61.96814 4.76100 
-61.98140 4.76200 
-61.99465 4.76300 
-62.00791 4.76400 
-62.02117 4.76500 
-62.03443 4.76600 
-62.04769 4.76700 
-62.06095 4.76800 
-62.07421 4.76900 
-62.08746 4.77000 
-62.10072 4.77100 
-62.11398 4.77200 
-62.12724 4.77300 
-62.14050 4.77400 
-62.15376 4.77500 
-62.16702 4.77600 
-62.18028 4.77700 
-62.19353 4.77800 
-62.20679 4.77900 
-62.22005 4.78000 
-62.23331 4.78100 
-62.24657 4.78200 
-62.25983 4.78300 
-62.27309 4.78400 
-62.28634 4.78500 
-62.29960 4.78600 
-62.31286 4.78700 
-62.32612 4.78800 
-62.33938 4.78900 
-62.35264 4.79000 
-62.36590 4.79100 
-62.37915 4.79200 
-62.39241 4.79300 
-62.40567 4.79400 
-62.41893 4.79500 
-62.43219 4.79600 
-62.44545 4.79700 
-62.45871 4.79800 
-62.47197 4.79900 
-62.48522 4.80000 
-62.49848 4.80100 
-62.51174 4.80200 
-62.52500 4.80300 
-62.53826 4.80400 
-62.55152 4.80500 
-62.56478 4.80600 
-62.57803 4.80700 
-62.59129 4.80800 
-62.60455 4.80900 
-62.61781 4.81000 
-62.63107 4.81100 
-62.64433 4.81200 
-62.65759 4.81300 
-62.67085 4.81400 
-62.68410 4.81500 
-62.69736 4.81600 
-62.71062 4.81700 
-62.72388 4.81800 
-62.73714 4.81900 
-62.75040 4.82000 
-62.76366 4.82100 
-62.77691 4.82200 
-62.79017 4.82300 
-62.80343 4.82400 
-62.81669 4.82500 
-62.82995 4.82600 
-62.84321 4.82700 
-62.85647 4.82800 
-62.86972 4.82900 
-62.88298 4.83000 
-62.89624 4.83100 
-62.90950 4.83200 
-62.92276 4.83300 
-62.93602 4.83400 
-62.94928 4.83500 
-62.96254 4.83600 
-62.97579 4.83700 
-62.98905 4.83800 
-63.00231 4.83900 
-63.01557 4.84000 
-63.02883 4.84100 
-63.04209 4.84200 
-63.05535 4.84300 
-63.06860 4.84400 
-63.08186 4.84500 
-63.09512 4.84600 
-63.10838 4.84700 
-63.12164 4.84800 
-63.13490 4.84900 
-63.14816 4.85000 
-63.16141 4.85100 
-63.17467 4.85200 
-63.18793 4.85300 
-63.20119 4.85400 
-63.21445 4.85500 
-63.22771 4.85600 
-63.24097 4.85700 
-63.25423 4.85800 
-63.26748 4.85900 
-63.28074 4.86000 
-63.29400 4.86100 
-63.30726 4.86200 
-63.32052 4.86300 
-63.33378 4.86400 
-63.34704 4.86500 
-63.36029 4.86600 
-63.37355 4.86700 
-63.38681 4.86800 
-63.40007 4.86900 
-63.41333 4.87000 
-63.42659 4.87100 
-63.43985 4.87200 
-63.45310 4.87300 
-63.46636 4.87400 
-63.47962 4.87500 
-63.49288 4.87600 
-63.50614 4.87700 
-63.51940 4.87800 
-63.53266 4.87900 
-63.54592 4.88000 
-63.55917 4.88100 
-63.57243 4.88200 
-63.58569 4.88300 
-63.59895 4.88400 
-63.61221 4.88500 
-63.62547 4.88600 
-63.63873 4.88700 
-63.65198 4.88800 
-63.66524 4.88900 
-63.67850 4.89000 
-63.69176 4.89100 
-63.70502 4.89200 
-63.71828 4.89300 
-63.73154 4.89400 
-63.74480 4.89500 
-63.75805 4.89600 
-63.77131 4.89700 
-63.78457 4.89800 
-63.79783 4.89900 
-63.81109 4.90000 
-63.82435 4.90100 
-63.83761 4.90200 
-63.85086 4.90300 
-63.86412 4.90400 
-63.87738 4.90500 
-63.89064 4.90600 
-63.90390 4.90700 
-63.91716 4.90800 
-63.93042 4.90900 
-63.94367 4.91000 
-63.95693 4.91100 
-63.97019 4.91200 
-63.98345 4.91300 
-63.99671 4.91400 
-64.00997 4.91500 
-64.02323 4.91600 
-64.03649 4.91700 
-64.04974 4.91800 
-64.06300 4.91900 
-64.07626 4.92000 
-64.08952 4.92100 
-64.10278 4.92200 
-64.11604 4.92300 
-64.12930 4.92400 
-64.14255 4.92500 
-64.15581 4.92600 
-64.16907 4.92700 
-64.18233 4.92800 
-64.19559 4.92900 
-64.20885 4.93000 
-64.22211 4.93100 
-64.23536 4.93200 
-64.24862 4.93300 
-64.26188 4.93400 
-64.27514 4.93500 
-64.28840 4.93600 
-64.30166 4.93700 
-64.31492 4.93800 
-64.32818 4.93900 
-64.34143 4.94000 
-64.35469 4.94100 
-64.36795 4.94200 
-64.38121 4.94300 
-64.39447 4.94400 
-64.40773 4.94500 
-64.42099 4.94600 
-64.43424 4.94700 
-64.44750 4.94800 
-64.46076 4.94900 
-64.47402 4.95000 
-64.48728 4.95100 
-64.50054 4.95200 
-64.51380 4.95300 
-64.52705 4.95400 
-64.54031 4.95500 
-64.55357 4.95600 
-64.56683 4.95700 
-64.58009 4.95800 
-64.59335 4.95900 
-64.60661 4.96000 
-64.61987 4.96100 
-64.63312 4.96200 
-64.64638 4.96300 
-64.65964 4.96400 
-64.67290 4.96500 
-64.68616 4.96600 
-64.69942 4.96700 
-64.71268 4.96800 
-64.72593 4.96900 
-64.73919 4.97000 
-64.75245 4.97100 
-64.76571 4.97200 
-64.77897 4.97300 
-64.79223 4.97400 
-64.80549 4.97500 
-64.81875 4.97600 
-64.83200 4.97700 
-64.84526 4.97800 
-64.85852 4.97900 
-64.87178 4.98000 
-64.88504 4.98100 
-64.89830 4.98200 
-64.91156 4.98300 
-64.92481 4.98400 
-64.93807 4.98500 
-64.95133 4.98600 
-64.96459 4.98700 
-64.97785 4.98800 
-64.99111 4.98900 
-65.00437 4.99000 
-65.01762 4.99100 
-65.03088 4.99200 
-65.04414 4.99300 
-65.05740 4.99400 
-65.07066 4.99500 
-65.08392 4.99600 
-65.09718 4.99700 
-65.11044 4.99800 
-65.12369 4.99900 
