0.00000 0.00000 
-0.00002 0.00100 
-0.00012 0.00200 
-0.00031 0.00300 
-0.00061 0.00400 
-0.00099 0.00500 
-0.00148 0.00600 
-0.00206 0.00700 
-0.00273 0.00800 
-0.00350 0.00900 
-0.00436 0.01000 
-0.00530 0.01100 
-0.00634 0.01200 
-0.00747 0.01300 
-0.00868 0.01400 
-0.00998 0.01500 
-0.01137 0.01600 
-0.01284 0.01700 
-0.01439 0.01800 
-0.01602 0.01900 
-0.01774 0.02000 
-0.01954 0.02100 
-0.02142 0.02200 
-0.02337 0.02300 
-0.02541 0.02400 
-0.02752 0.02500 
-0.02970 0.02600 
-0.03197 0.02700 
-0.03430 0.02800 
-0.03671 0.02900 
-0.03920 0.03000 
-0.04175 0.03100 
-0.04438 0.03200 
-0.04707 0.03300 
-0.04984 0.03400 
-0.05267 0.03500 
-0.05557 0.03600 
-0.05854 0.03700 
-0.06158 0.03800 
-0.06468 0.03900 
-0.06784 0.04000 
-0.07107 0.04100 
-0.07437 0.04200 
-0.07772 0.04300 
-0.08114 0.04400 
-0.08462 0.04500 
-0.08816 0.04600 
-0.09175 0.04700 
-0.09541 0.04800 
-0.09913 0.04900 
-0.10290 0.05000 
-0.10673 0.05100 
-0.11062 0.05200 
-0.11456 0.05300 
-0.11856 0.05400 
-0.12261 0.05500 
-0.12672 0.05600 
-0.13088 0.05700 
-0.13509 0.05800 
-0.13935 0.05900 
-0.14367 0.06000 
-0.14803 0.06100 
-0.15245 0.06200 
-0.15691 0.06300 
-0.16143 0.06400 
-0.16599 0.06500 
-0.17060 0.06600 
-0.17526 0.06700 
-0.17997 0.06800 
-0.18472 0.06900 
-0.18952 0.07000 
-0.19436 0.07100 
-0.19925 0.07200 
-0.20418 0.07300 
-0.20916 0.07400 
-0.21418 0.07500 
-0.21924 0.07600 
-0.22434 0.07700 
-0.22949 0.07800 
-0.23468 0.07900 
-0.23990 0.08000 
-0.24517 0.08100 
-0.25048 0.08200 
-0.25583 0.08300 
-0.26121 0.08400 
-0.26664 0.08500 
-0.27210 0.08600 
-0.27760 0.08700 
-0.28314 0.08800 
-0.28872 0.08900 
-0.29433 0.09000 
-0.29997 0.09100 
-0.30566 0.09200 
-0.31137 0.09300 
-0.31713 0.09400 
-0.32291 0.09500 
-0.32873 0.09600 
-0.33459 0.09700 
-0.34048 0.09800 
-0.34640 0.09900 
-0.35235 0.10000 
-0.35833 0.10100 
-0.36435 0.10200 
-0.37040 0.10300 
-0.37647 0.10400 
-0.38258 0.10500 
-0.38872 0.10600 
-0.39489 0.10700 
-0.40109 0.10800 
-0.40732 0.10900 
-0.41358 0.11000 
-0.41986 0.11100 
-0.42617 0.11200 
-0.43252 0.11300 
-0.43888 0.11400 
-0.44528 0.11500 
-0.45170 0.11600 
-0.45815 0.11700 
-0.46463 0.11800 
-0.47113 0.11900 
-0.47766 0.12000 
-0.48421 0.12100 
-0.49079 0.12200 
-0.49739 0.12300 
-0.50402 0.12400 
-0.51067 0.12500 
-0.51735 0.12600 
-0.52405 0.12700 
-0.53077 0.12800 
-0.53752 0.12900 
-0.54429 0.13000 
-0.55108 0.13100 
-0.55789 0.13200 
-0.56473 0.13300 
-0.57159 0.13400 
-0.57847 0.13500 
-0.58537 0.13600 
-0.59229 0.13700 
-0.59923 0.13800 
-0.60620 0.13900 
-0.61318 0.14000 
-0.62019 0.14100 
-0.62721 0.14200 
-0.63426 0.14300 
-0.64132 0.14400 
-0.64840 0.14500 
-0.65550 0.14600 
-0.66262 0.14700 
-0.66976 0.14800 
-0.67692 0.14900 
-0.68410 0.15000 
-0.69129 0.15100 
-0.69850 0.15200 
-0.70573 0.15300 
-0.71298 0.15400 
-0.72024 0.15500 
-0.72752 0.15600 
-0.73482 0.15700 
-0.74214 0.15800 
-0.74947 0.15900 
-0.75681 0.16000 
-0.76418 0.16100 
-0.77156 0.16200 
-0.77895 0.16300 
-0.78636 0.16400 
-0.79379 0.16500 
-0.80123 0.16600 
-0.80868 0.16700 
-0.81615 0.16800 
-0.82364 0.16900 
-0.83113 0.17000 
-0.83865 0.17100 
-0.84617 0.17200 
-0.85372 0.17300 
-0.86127 0.17400 
-0.86884 0.17500 
-0.87642 0.17600 
-0.88402 0.17700 
-0.89163 0.17800 
-0.89925 0.17900 
-0.90688 0.18000 
-0.91453 0.18100 
-0.92219 0.18200 
-0.92986 0.18300 
-0.93755 0.18400 
-0.94524 0.18500 
-0.95295 0.18600 
-0.96067 0.18700 
-0.96841 0.18800 
-0.97615 0.18900 
-0.98391 0.19000 
-0.99167 0.19100 
-0.99945 0.19200 
-1.00724 0.19300 
-1.01504 0.19400 
-1.02285 0.19500 
-1.03067 0.19600 
-1.03850 0.19700 
-1.04635 0.19800 
-1.05420 0.19900 
-1.06207 0.20000 
-1.06994 0.20100 
-1.07782 0.20200 
-1.08572 0.20300 
-1.09362 0.20400 
-1.10153 0.20500 
-1.10946 0.20600 
-1.11739 0.20700 
-1.12533 0.20800 
-1.13328 0.20900 
-1.14124 0.21000 
-1.14921 0.21100 
-1.15718 0.21200 
-1.16517 0.21300 
-1.17316 0.21400 
-1.18117 0.21500 
-1.18918 0.21600 
-1.19720 0.21700 
-1.20523 0.21800 
-1.21327 0.21900 
-1.22131 0.22000 
-1.22936 0.22100 
-1.23742 0.22200 
-1.24549 0.22300 
-1.25357 0.22400 
-1.26165 0.22500 
-1.26974 0.22600 
-1.27784 0.22700 
-1.28595 0.22800 
-1.29406 0.22900 
-1.30218 0.23000 
-1.31031 0.23100 
-1.31845 0.23200 
-1.32659 0.23300 
-1.33474 0.23400 
-1.34289 0.23500 
-1.35106 0.23600 
-1.35922 0.23700 
-1.36740 0.23800 
-1.37558 0.23900 
-1.38377 0.24000 
-1.39197 0.24100 
-1.40017 0.24200 
-1.40837 0.24300 
-1.41659 0.24400 
-1.42481 0.24500 
-1.43303 0.24600 
-1.44126 0.24700 
-1.44950 0.24800 
-1.45775 0.24900 
-1.46599 0.25000 
-1.47425 0.25100 
-1.48251 0.25200 
-1.49077 0.25300 
-1.49905 0.25400 
-1.50732 0.25500 
-1.51560 0.25600 
-1.52389 0.25700 
-1.53218 0.25800 
-1.54048 0.25900 
-1.54878 0.26000 
-1.55709 0.26100 
-1.56541 0.26200 
-1.57372 0.26300 
-1.58205 0.26400 
-1.59037 0.26500 
-1.59871 0.26600 
-1.60704 0.26700 
-1.61538 0.26800 
-1.62373 0.26900 
-1.63208 0.27000 
-1.64044 0.27100 
-1.64880 0.27200 
-1.65716 0.27300 
-1.66553 0.27400 
-1.67390 0.27500 
-1.68228 0.27600 
-1.69066 0.27700 
-1.69904 0.27800 
-1.70743 0.27900 
-1.71583 0.28000 
-1.72422 0.28100 
-1.73263 0.28200 
-1.74103 0.28300 
-1.74944 0.28400 
-1.75785 0.28500 
-1.76627 0.28600 
-1.77469 0.28700 
-1.78312 0.28800 
-1.79154 0.28900 
-1.79997 0.29000 
-1.80841 0.29100 
-1.81685 0.29200 
-1.82529 0.29300 
-1.83374 0.29400 
-1.84218 0.29500 
-1.85064 0.29600 
-1.85909 0.29700 
-1.86755 0.29800 
-1.87601 0.29900 
-1.88448 0.30000 
-1.89295 0.30100 
-1.90142 0.30200 
-1.90989 0.30300 
-1.91837 0.30400 
-1.92685 0.30500 
-1.93534 0.30600 
-1.94382 0.30700 
-1.95231 0.30800 
-1.96081 0.30900 
-1.96930 0.31000 
-1.97780 0.31100 
-1.98630 0.31200 
-1.99481 0.31300 
-2.00331 0.31400 
-2.01182 0.31500 
-2.02034 0.31600 
-2.02885 0.31700 
-2.03737 0.31800 
-2.04589 0.31900 
-2.05441 0.32000 
-2.06294 0.32100 
-2.07146 0.32200 
-2.07999 0.32300 
-2.08853 0.32400 
-2.09706 0.32500 
-2.10560 0.32600 
-2.11414 0.32700 
-2.12268 0.32800 
-2.13123 0.32900 
-2.13977 0.33000 
-2.14832 0.33100 
-2.15687 0.33200 
-2.16543 0.33300 
-2.17398 0.33400 
-2.18254 0.33500 
-2.19110 0.33600 
-2.19966 0.33700 
-2.20823 0.33800 
-2.21679 0.33900 
-2.22536 0.34000 
-2.23393 0.34100 
-2.24250 0.34200 
-2.25108 0.34300 
-2.25965 0.34400 
-2.26823 0.34500 
-2.27681 0.34600 
-2.28539 0.34700 
-2.29398 0.34800 
-2.30256 0.34900 
-2.31115 0.35000 
-2.31974 0.35100 
-2.32833 0.35200 
-2.33692 0.35300 
-2.34551 0.35400 
-2.35411 0.35500 
-2.36271 0.35600 
-2.37131 0.35700 
-2.37991 0.35800 
-2.38851 0.35900 
-2.39712 0.36000 
-2.40572 0.36100 
-2.41433 0.36200 
-2.42294 0.36300 
-2.43155 0.36400 
-2.44016 0.36500 
-2.44877 0.36600 
-2.45739 0.36700 
-2.46600 0.36800 
-2.47462 0.36900 
-2.48324 0.37000 
-2.49186 0.37100 
-2.50048 0.37200 
-2.50911 0.37300 
-2.51773 0.37400 
-2.52636 0.37500 
-2.53499 0.37600 
-2.54362 0.37700 
-2.55225 0.37800 
-2.56088 0.37900 
-2.56951 0.38000 
-2.57815 0.38100 
-2.58678 0.38200 
-2.59542 0.38300 
-2.60405 0.38400 
-2.61269 0.38500 
-2.62133 0.38600 
-2.62998 0.38700 
-2.63862 0.38800 
-2.64726 0.38900 
-2.65591 0.39000 
-2.66455 0.39100 
-2.67320 0.39200 
-2.68185 0.39300 
-2.69050 0.39400 
-2.69915 0.39500 
-2.70780 0.39600 
-2.71645 0.39700 
-2.72511 0.39800 
-2.73376 0.39900 
-2.74242 0.40000 
-2.75107 0.40100 
-2.75973 0.40200 
-2.76839 0.40300 
-2.77705 0.40400 
-2.78571 0.40500 
-2.79437 0.40600 
-2.80303 0.40700 
-2.81170 0.40800 
-2.82036 0.40900 
-2.82903 0.41000 
-2.83769 0.41100 
-2.84636 0.41200 
-2.85503 0.41300 
-2.86369 0.41400 
-2.87236 0.41500 
-2.88103 0.41600 
-2.88971 0.41700 
-2.89838 0.41800 
-2.90705 0.41900 
-2.91572 0.42000 
-2.92440 0.42100 
-2.93307 0.42200 
-2.94175 0.42300 
-2.95043 0.42400 
-2.95910 0.42500 
-2.96778 0.42600 
-2.97646 0.42700 
-2.98514 0.42800 
-2.99382 0.42900 
-3.00250 0.43000 
-3.01119 0.43100 
-3.01987 0.43200 
-3.02855 0.43300 
-3.03724 0.43400 
-3.04592 0.43500 
-3.05461 0.43600 
-3.06329 0.43700 
-3.07198 0.43800 
-3.08067 0.43900 
-3.08935 0.44000 
-3.09804 0.44100 
-3.10673 0.44200 
-3.11542 0.44300 
-3.12411 0.44400 
-3.13280 0.44500 
-3.14149 0.44600 
-3.15019 0.44700 
-3.15888 0.44800 
-3.16757 0.44900 
-3.17627 0.45000 
-3.18496 0.45100 
-3.19366 0.45200 
-3.20235 0.45300 
-3.21105 0.45400 
-3.21975 0.45500 
-3.22844 0.45600 
-3.23714 0.45700 
-3.24584 0.45800 
-3.25454 0.45900 
-3.26324 0.46000 
-3.27194 0.46100 
-3.28064 0.46200 
-3.28934 0.46300 
-3.29804 0.46400 
-3.30674 0.46500 
-3.31544 0.46600 
-3.32415 0.46700 
-3.33285 0.46800 
-3.34155 0.46900 
-3.35026 0.47000 
-3.35896 0.47100 
-3.36767 0.47200 
-3.37637 0.47300 
-3.38508 0.47400 
-3.39379 0.47500 
-3.40249 0.47600 
-3.41120 0.47700 
-3.41991 0.47800 
-3.42862 0.47900 
-3.43732 0.48000 
-3.44603 0.48100 
-3.45474 0.48200 
-3.46345 0.48300 
-3.47216 0.48400 
-3.48087 0.48500 
-3.48958 0.48600 
-3.49829 0.48700 
-3.50701 0.48800 
-3.51572 0.48900 
-3.52443 0.49000 
-3.53314 0.49100 
-3.54186 0.49200 
-3.55057 0.49300 
-3.55928 0.49400 
-3.56800 0.49500 
-3.57671 0.49600 
-3.58543 0.49700 
-3.59414 0.49800 
-3.60286 0.49900 
-3.61157 0.50000 
-3.62029 0.50100 
-3.62900 0.50200 
-3.63772 0.50300 
-3.64644 0.50400 
-3.65515 0.50500 
-3.66387 0.50600 
-3.67259 0.50700 
-3.68131 0.50800 
-3.69003 0.50900 
-3.69874 0.51000 
-3.70746 0.51100 
-3.71618 0.51200 
-3.72490 0.51300 
-3.73362 0.51400 
-3.74234 0.51500 
-3.75106 0.51600 
-3.75978 0.51700 
-3.76850 0.51800 
-3.77722 0.51900 
-3.78595 0.52000 
-3.79467 0.52100 
-3.80339 0.52200 
-3.81211 0.52300 
-3.82083 0.52400 
-3.82956 0.52500 
-3.83828 0.52600 
-3.84700 0.52700 
-3.85572 0.52800 
-3.86445 0.52900 
-3.87317 0.53000 
-3.88190 0.53100 
-3.89062 0.53200 
-3.89934 0.53300 
-3.90807 0.53400 
-3.91679 0.53500 
-3.92552 0.53600 
-3.93424 0.53700 
-3.94297 0.53800 
-3.95169 0.53900 
-3.96042 0.54000 
-3.96915 0.54100 
-3.97787 0.54200 
-3.98660 0.54300 
-3.99533 0.54400 
-4.00405 0.54500 
-4.01278 0.54600 
-4.02151 0.54700 
-4.03023 0.54800 
-4.03896 0.54900 
-4.04769 0.55000 
-4.05642 0.55100 
-4.06515 0.55200 
-4.07387 0.55300 
-4.08260 0.55400 
-4.09133 0.55500 
-4.10006 0.55600 
-4.10879 0.55700 
-4.11752 0.55800 
-4.12625 0.55900 
-4.13498 0.56000 
-4.14371 0.56100 
-4.15244 0.56200 
-4.16116 0.56300 
-4.16989 0.56400 
-4.17863 0.56500 
-4.18736 0.56600 
-4.19609 0.56700 
-4.20482 0.56800 
-4.21355 0.56900 
-4.22228 0.57000 
-4.23101 0.57100 
-4.23974 0.57200 
-4.24847 0.57300 
-4.25720 0.57400 
-4.26593 0.57500 
-4.27467 0.57600 
-4.28340 0.57700 
-4.29213 0.57800 
-4.30086 0.57900 
-4.30959 0.58000 
-4.31833 0.58100 
-4.32706 0.58200 
-4.33579 0.58300 
-4.34452 0.58400 
-4.35326 0.58500 
-4.36199 0.58600 
-4.37072 0.58700 
-4.37946 0.58800 
-4.38819 0.58900 
-4.39692 0.59000 
-4.40566 0.59100 
-4.41439 0.59200 
-4.42312 0.59300 
-4.43186 0.59400 
-4.44059 0.59500 
-4.44933 0.59600 
-4.45806 0.59700 
-4.46680 0.59800 
-4.47553 0.59900 
-4.48426 0.60000 
-4.49300 0.60100 
-4.50173 0.60200 
-4.51047 0.60300 
-4.51920 0.60400 
-4.52794 0.60500 
-4.53667 0.60600 
-4.54541 0.60700 
-4.55414 0.60800 
-4.56288 0.60900 
-4.57161 0.61000 
-4.58035 0.61100 
-4.58909 0.61200 
-4.59782 0.61300 
-4.60656 0.61400 
-4.61529 0.61500 
-4.62403 0.61600 
-4.63277 0.61700 
-4.64150 0.61800 
-4.65024 0.61900 
-4.65897 0.62000 
-4.66771 0.62100 
-4.67645 0.62200 
-4.68518 0.62300 
-4.69392 0.62400 
-4.70266 0.62500 
-4.71139 0.62600 
-4.72013 0.62700 
-4.72887 0.62800 
-4.73760 0.62900 
-4.74634 0.63000 
-4.75508 0.63100 
-4.76382 0.63200 
-4.77255 0.63300 
-4.78129 0.63400 
-4.79003 0.63500 
-4.79877 0.63600 
-4.80750 0.63700 
-4.81624 0.63800 
-4.82498 0.63900 
-4.83372 0.64000 
-4.84245 0.64100 
-4.85119 0.64200 
-4.85993 0.64300 
-4.86867 0.64400 
-4.87741 0.64500 
-4.88614 0.64600 
-4.89488 0.64700 
-4.90362 0.64800 
-4.91236 0.64900 
-4.92110 0.65000 
-4.92984 0.65100 
-4.93857 0.65200 
-4.94731 0.65300 
-4.95605 0.65400 
-4.96479 0.65500 
-4.97353 0.65600 
-4.98227 0.65700 
-4.99101 0.65800 
-4.99975 0.65900 
-5.00848 0.66000 
-5.01722 0.66100 
-5.02596 0.66200 
-5.03470 0.66300 
-5.04344 0.66400 
-5.05218 0.66500 
-5.06092 0.66600 
-5.06966 0.66700 
-5.07840 0.66800 
-5.08714 0.66900 
-5.09588 0.67000 
-5.10462 0.67100 
-5.11335 0.67200 
-5.12209 0.67300 
-5.13083 0.67400 
-5.13957 0.67500 
-5.14831 0.67600 
-5.15705 0.67700 
-5.16579 0.67800 
-5.17453 0.67900 
-5.18327 0.68000 
-5.19201 0.68100 
-5.20075 0.68200 
-5.20949 0.68300 
-5.21823 0.68400 
-5.22697 0.68500 
-5.23571 0.68600 
-5.24445 0.68700 
-5.25319 0.68800 
-5.26193 0.68900 
-5.27067 0.69000 
-5.27941 0.69100 
-5.28815 0.69200 
-5.29689 0.69300 
-5.30563 0.69400 
-5.31437 0.69500 
-5.32311 0.69600 
-5.33185 0.69700 
-5.34059 0.69800 
-5.34934 0.69900 
-5.35808 0.70000 
-5.36682 0.70100 
-5.37556 0.70200 
-5.38430 0.70300 
-5.39304 0.70400 
-5.40178 0.70500 
-5.41052 0.70600 
-5.41926 0.70700 
-5.42800 0.70800 
-5.43674 0.70900 
-5.44548 0.71000 
-5.45422 0.71100 
-5.46296 0.71200 
-5.47171 0.71300 
-5.48045 0.71400 
-5.48919 0.71500 
-5.49793 0.71600 
-5.50667 0.71700 
-5.51541 0.71800 
-5.52415 0.71900 
-5.53289 0.72000 
-5.54163 0.72100 
-5.55037 0.72200 
-5.55912 0.72300 
-5.56786 0.72400 
-5.57660 0.72500 
-5.58534 0.72600 
-5.59408 0.72700 
-5.60282 0.72800 
-5.61156 0.72900 
-5.62030 0.73000 
-5.62905 0.73100 
-5.63779 0.73200 
-5.64653 0.73300 
-5.65527 0.73400 
-5.66401 0.73500 
-5.67275 0.73600 
-5.68149 0.73700 
-5.69024 0.73800 
-5.69898 0.73900 
-5.70772 0.74000 
-5.71646 0.74100 
-5.72520 0.74200 
-5.73394 0.74300 
-5.74269 0.74400 
-5.75143 0.74500 
-5.76017 0.74600 
-5.76891 0.74700 
-5.77765 0.74800 
-5.78639 0.74900 
-5.79514 0.75000 
-5.80388 0.75100 
-5.81262 0.75200 
-5.82136 0.75300 
-5.83010 0.75400 
-5.83884 0.75500 
-5.84759 0.75600 
-5.85633 0.75700 
-5.86507 0.75800 
-5.87381 0.75900 
-5.88255 0.76000 
-5.89130 0.76100 
-5.90004 0.76200 
-5.90878 0.76300 
-5.91752 0.76400 
-5.92626 0.76500 
-5.93501 0.76600 
-5.94375 0.76700 
-5.95249 0.76800 
-5.96123 0.76900 
-5.96997 0.77000 
-5.97872 0.77100 
-5.98746 0.77200 
-5.99620 0.77300 
-6.00494 0.77400 
-6.01368 0.77500 
-6.02243 0.77600 
-6.03117 0.77700 
-6.03991 0.77800 
-6.04865 0.77900 
-6.05740 0.78000 
-6.06614 0.78100 
-6.07488 0.78200 
-6.08362 0.78300 
-6.09236 0.78400 
-6.10111 0.78500 
-6.10985 0.78600 
-6.11859 0.78700 
-6.12733 0.78800 
-6.13608 0.78900 
-6.14482 0.79000 
-6.15356 0.79100 
-6.16230 0.79200 
-6.17105 0.79300 
-6.17979 0.79400 
-6.18853 0.79500 
-6.19727 0.79600 
-6.20601 0.79700 
-6.21476 0.79800 
-6.22350 0.79900 
-6.23224 0.80000 
-6.24098 0.80100 
-6.24973 0.80200 
-6.25847 0.80300 
-6.26721 0.80400 
-6.27595 0.80500 
-6.28470 0.80600 
-6.29344 0.80700 
-6.30218 0.80800 
-6.31092 0.80900 
-6.31967 0.81000 
-6.32841 0.81100 
-6.33715 0.81200 
-6.34589 0.81300 
-6.35464 0.81400 
-6.36338 0.81500 
-6.37212 0.81600 
-6.38086 0.81700 
-6.38961 0.81800 
-6.39835 0.81900 
-6.40709 0.82000 
-6.41584 0.82100 
-6.42458 0.82200 
-6.43332 0.82300 
-6.44206 0.82400 
-6.45081 0.82500 
-6.45955 0.82600 
-6.46829 0.82700 
-6.47703 0.82800 
-6.48578 0.82900 
-6.49452 0.83000 
-6.50326 0.83100 
-6.51200 0.83200 
-6.52075 0.83300 
-6.52949 0.83400 
-6.53823 0.83500 
-6.54698 0.83600 
-6.55572 0.83700 
-6.56446 0.83800 
-6.57320 0.83900 
-6.58195 0.84000 
-6.59069 0.84100 
-6.59943 0.84200 
-6.60817 0.84300 
-6.61692 0.84400 
-6.62566 0.84500 
-6.63440 0.84600 
-6.64315 0.84700 
-6.65189 0.84800 
-6.66063 0.84900 
-6.66937 0.85000 
-6.67812 0.85100 
-6.68686 0.85200 
-6.69560 0.85300 
-6.70435 0.85400 
-6.71309 0.85500 
-6.72183 0.85600 
-6.73057 0.85700 
-6.73932 0.85800 
-6.74806 0.85900 
-6.75680 0.86000 
-6.76555 0.86100 
-6.77429 0.86200 
-6.78303 0.86300 
-6.79177 0.86400 
-6.80052 0.86500 
-6.80926 0.86600 
-6.81800 0.86700 
-6.82675 0.86800 
-6.83549 0.86900 
-6.84423 0.87000 
-6.85297 0.87100 
-6.86172 0.87200 
-6.87046 0.87300 
-6.87920 0.87400 
-6.88795 0.87500 
-6.89669 0.87600 
-6.90543 0.87700 
-6.91418 0.87800 
-6.92292 0.87900 
-6.93166 0.88000 
-6.94040 0.88100 
-6.94915 0.88200 
-6.95789 0.88300 
-6.96663 0.88400 
-6.97538 0.88500 
-6.98412 0.88600 
-6.99286 0.88700 
-7.00160 0.88800 
-7.01035 0.88900 
-7.01909 0.89000 
-7.02783 0.89100 
-7.03658 0.89200 
-7.04532 0.89300 
-7.05406 0.89400 
-7.06281 0.89500 
-7.07155 0.89600 
-7.08029 0.89700 
-7.08904 0.89800 
-7.09778 0.89900 
-7.10652 0.90000 
-7.11526 0.90100 
-7.12401 0.90200 
-7.13275 0.90300 
-7.14149 0.90400 
-7.15024 0.90500 
-7.15898 0.90600 
-7.16772 0.90700 
-7.17647 0.90800 
-7.18521 0.90900 
-7.19395 0.91000 
-7.20269 0.91100 
-7.21144 0.91200 
-7.22018 0.91300 
-7.22892 0.91400 
-7.23767 0.91500 
-7.24641 0.91600 
-7.25515 0.91700 
-7.26390 0.91800 
-7.27264 0.91900 
-7.28138 0.92000 
-7.29013 0.92100 
-7.29887 0.92200 
-7.30761 0.92300 
-7.31635 0.92400 
-7.32510 0.92500 
-7.33384 0.92600 
-7.34258 0.92700 
-7.35133 0.92800 
-7.36007 0.92900 
-7.36881 0.93000 
-7.37756 0.93100 
-7.38630 0.93200 
-7.39504 0.93300 
-7.40379 0.93400 
-7.41253 0.93500 
-7.42127 0.93600 
-7.43002 0.93700 
-7.43876 0.93800 
-7.44750 0.93900 
-7.45624 0.94000 
-7.46499 0.94100 
-7.47373 0.94200 
-7.48247 0.94300 
-7.49122 0.94400 
-7.49996 0.94500 
-7.50870 0.94600 
-7.51745 0.94700 
-7.52619 0.94800 
-7.53493 0.94900 
-7.54368 0.95000 
-7.55242 0.95100 
-7.56116 0.95200 
-7.56991 0.95300 
-7.57865 0.95400 
-7.58739 0.95500 
-7.59614 0.95600 
-7.60488 0.95700 
-7.61362 0.95800 
-7.62236 0.95900 
-7.63111 0.96000 
-7.63985 0.96100 
-7.64859 0.96200 
-7.65734 0.96300 
-7.66608 0.96400 
-7.67482 0.96500 
-7.68357 0.96600 
-7.69231 0.96700 
-7.70105 0.96800 
-7.70980 0.96900 
-7.71854 0.97000 
-7.72728 0.97100 
-7.73603 0.97200 
-7.74477 0.97300 
-7.75351 0.97400 
-7.76226 0.97500 
-7.77100 0.97600 
-7.77974 0.97700 
-7.78849 0.97800 
-7.79723 0.97900 
-7.80597 0.98000 
-7.81471 0.98100 
-7.82346 0.98200 
-7.83220 0.98300 
-7.84094 0.98400 
-7.84969 0.98500 
-7.85843 0.98600 
-7.86717 0.98700 
-7.87592 0.98800 
-7.88466 0.98900 
-7.89340 0.99000 
-7.90215 0.99100 
-7.91089 0.99200 
-7.91963 0.99300 
-7.92838 0.99400 
-7.93712 0.99500 
-7.94586 0.99600 
-7.95461 0.99700 
-7.96335 0.99800 
-7.97209 0.99900 
-7.98084 1.00000 
-7.98958 1.00100 
-7.99832 1.00200 
-8.00707 1.00300 
-8.01581 1.00400 
-8.02455 1.00500 
-8.03330 1.00600 
-8.04204 1.00700 
-8.05078 1.00800 
-8.05953 1.00900 
-8.06827 1.01000 
-8.07701 1.01100 
-8.08575 1.01200 
-8.09450 1.01300 
-8.10324 1.01400 
-8.11198 1.01500 
-8.12073 1.01600 
-8.12947 1.01700 
-8.13821 1.01800 
-8.14696 1.01900 
-8.15570 1.02000 
-8.16444 1.02100 
-8.17319 1.02200 
-8.18193 1.02300 
-8.19067 1.02400 
-8.19942 1.02500 
-8.20816 1.02600 
-8.21690 1.02700 
-8.22565 1.02800 
-8.23439 1.02900 
-8.24313 1.03000 
-8.25188 1.03100 
-8.26062 1.03200 
-8.26936 1.03300 
-8.27811 1.03400 
-8.28685 1.03500 
-8.29559 1.03600 
-8.30434 1.03700 
-8.31308 1.03800 
-8.32182 1.03900 
-8.33057 1.04000 
-8.33931 1.04100 
-8.34805 1.04200 
-8.35680 1.04300 
-8.36554 1.04400 
-8.37428 1.04500 
-8.38303 1.04600 
-8.39177 1.04700 
-8.40051 1.04800 
-8.40926 1.04900 
-8.41800 1.05000 
-8.42674 1.05100 
-8.43548 1.05200 
-8.44423 1.05300 
-8.45297 1.05400 
-8.46171 1.05500 
-8.47046 1.05600 
-8.47920 1.05700 
-8.48794 1.05800 
-8.49669 1.05900 
-8.50543 1.06000 
-8.51417 1.06100 
-8.52292 1.06200 
-8.53166 1.06300 
-8.54040 1.06400 
-8.54915 1.06500 
-8.55789 1.06600 
-8.56663 1.06700 
-8.57538 1.06800 
-8.58412 1.06900 
-8.59286 1.07000 
-8.60161 1.07100 
-8.61035 1.07200 
-8.61909 1.07300 
-8.62784 1.07400 
-8.63658 1.07500 
-8.64532 1.07600 
-8.65407 1.07700 
-8.66281 1.07800 
-8.67155 1.07900 
-8.68030 1.08000 
-8.68904 1.08100 
-8.69778 1.08200 
-8.70653 1.08300 
-8.71527 1.08400 
-8.72401 1.08500 
-8.73276 1.08600 
-8.74150 1.08700 
-8.75024 1.08800 
-8.75899 1.08900 
-8.76773 1.09000 
-8.77647 1.09100 
-8.78522 1.09200 
-8.79396 1.09300 
-8.80270 1.09400 
-8.81145 1.09500 
-8.82019 1.09600 
-8.82893 1.09700 
-8.83768 1.09800 
-8.84642 1.09900 
-8.85516 1.10000 
-8.86391 1.10100 
-8.87265 1.10200 
-8.88139 1.10300 
-8.89014 1.10400 
-8.89888 1.10500 
-8.90762 1.10600 
-8.91637 1.10700 
-8.92511 1.10800 
-8.93385 1.10900 
-8.94260 1.11000 
-8.95134 1.11100 
-8.96008 1.11200 
-8.96883 1.11300 
-8.97757 1.11400 
-8.98631 1.11500 
-8.99505 1.11600 
-9.00380 1.11700 
-9.01254 1.11800 
-9.02128 1.11900 
-9.03003 1.12000 
-9.03877 1.12100 
-9.04751 1.12200 
-9.05626 1.12300 
-9.06500 1.12400 
-9.07374 1.12500 
-9.08249 1.12600 
-9.09123 1.12700 
-9.09997 1.12800 
-9.10872 1.12900 
-9.11746 1.13000 
-9.12620 1.13100 
-9.13495 1.13200 
-9.14369 1.13300 
-9.15243 1.13400 
-9.16118 1.13500 
-9.16992 1.13600 
-9.17866 1.13700 
-9.18741 1.13800 
-9.19615 1.13900 
-9.20489 1.14000 
-9.21364 1.14100 
-9.22238 1.14200 
-9.23112 1.14300 
-9.23987 1.14400 
-9.24861 1.14500 
-9.25735 1.14600 
-9.26610 1.14700 
-9.27484 1.14800 
-9.28358 1.14900 
-9.29233 1.15000 
-9.30107 1.15100 
-9.30981 1.15200 
-9.31856 1.15300 
-9.32730 1.15400 
-9.33604 1.15500 
-9.34479 1.15600 
-9.35353 1.15700 
-9.36227 1.15800 
-9.37102 1.15900 
-9.37976 1.16000 
-9.38850 1.16100 
-9.39725 1.16200 
-9.40599 1.16300 
-9.41473 1.16400 
-9.42348 1.16500 
-9.43222 1.16600 
-9.44096 1.16700 
-9.44971 1.16800 
-9.45845 1.16900 
-9.46719 1.17000 
-9.47594 1.17100 
-9.48468 1.17200 
-9.49342 1.17300 
-9.50217 1.17400 
-9.51091 1.17500 
-9.51965 1.17600 
-9.52840 1.17700 
-9.53714 1.17800 
-9.54588 1.17900 
-9.55463 1.18000 
-9.56337 1.18100 
-9.57211 1.18200 
-9.58086 1.18300 
-9.58960 1.18400 
-9.59834 1.18500 
-9.60709 1.18600 
-9.61583 1.18700 
-9.62457 1.18800 
-9.63332 1.18900 
-9.64206 1.19000 
-9.65080 1.19100 
-9.65955 1.19200 
-9.66829 1.19300 
-9.67703 1.19400 
-9.68578 1.19500 
-9.69452 1.19600 
-9.70326 1.19700 
-9.71201 1.19800 
-9.72075 1.19900 
-9.72949 1.20000 
-9.73824 1.20100 
-9.74698 1.20200 
-9.75572 1.20300 
-9.76447 1.20400 
-9.77321 1.20500 
-9.78195 1.20600 
-9.79070 1.20700 
-9.79944 1.20800 
-9.80818 1.20900 
-9.81693 1.21000 
-9.82567 1.21100 
-9.83441 1.21200 
-9.84316 1.21300 
-9.85190 1.21400 
-9.86064 1.21500 
-9.86939 1.21600 
-9.87813 1.21700 
-9.88687 1.21800 
-9.89561 1.21900 
-9.90436 1.22000 
-9.91310 1.22100 
-9.92184 1.22200 
-9.93059 1.22300 
-9.93933 1.22400 
-9.94807 1.22500 
-9.95682 1.22600 
-9.96556 1.22700 
-9.97430 1.22800 
-9.98305 1.22900 
-9.99179 1.23000 
-10.00053 1.23100 
-10.00928 1.23200 
-10.01802 1.23300 
-10.02676 1.23400 
-10.03551 1.23500 
-10.04425 1.23600 
-10.05299 1.23700 
-10.06174 1.23800 
-10.07048 1.23900 
-10.07922 1.24000 
-10.08797 1.24100 
-10.09671 1.24200 
-10.10545 1.24300 
-10.11420 1.24400 
-10.12294 1.24500 
-10.13168 1.24600 
-10.14043 1.24700 
-10.14917 1.24800 
-10.15791 1.24900 
-10.16666 1.25000 
-10.17540 1.25100 
-10.18414 1.25200 
-10.19289 1.25300 
-10.20163 1.25400 
-10.21037 1.25500 
-10.21912 1.25600 
-10.22786 1.25700 
-10.23660 1.25800 
-10.24535 1.25900 
-10.25409 1.26000 
-10.26283 1.26100 
-10.27158 1.26200 
-10.28032 1.26300 
-10.28906 1.26400 
-10.29781 1.26500 
-10.30655 1.26600 
-10.31529 1.26700 
-10.32404 1.26800 
-10.33278 1.26900 
-10.34152 1.27000 
-10.35027 1.27100 
-10.35901 1.27200 
-10.36775 1.27300 
-10.37650 1.27400 
-10.38524 1.27500 
-10.39398 1.27600 
-10.40273 1.27700 
-10.41147 1.27800 
-10.42021 1.27900 
-10.42896 1.28000 
-10.43770 1.28100 
-10.44644 1.28200 
-10.45519 1.28300 
-10.46393 1.28400 
-10.47267 1.28500 
-10.48142 1.28600 
-10.49016 1.28700 
-10.49890 1.28800 
-10.50765 1.28900 
-10.51639 1.29000 
-10.52513 1.29100 
-10.53388 1.29200 
-10.54262 1.29300 
-10.55136 1.29400 
-10.56011 1.29500 
-10.56885 1.29600 
-10.57759 1.29700 
-10.58634 1.29800 
-10.59508 1.29900 
-10.60382 1.30000 
-10.61257 1.30100 
-10.62131 1.30200 
-10.63005 1.30300 
-10.63880 1.30400 
-10.64754 1.30500 
-10.65628 1.30600 
-10.66503 1.30700 
-10.67377 1.30800 
-10.68251 1.30900 
-10.69126 1.31000 
-10.70000 1.31100 
-10.70874 1.31200 
-10.71749 1.31300 
-10.72623 1.31400 
-10.73497 1.31500 
-10.74372 1.31600 
-10.75246 1.31700 
-10.76120 1.31800 
-10.76995 1.31900 
-10.77869 1.32000 
-10.78743 1.32100 
-10.79618 1.32200 
-10.80492 1.32300 
-10.81366 1.32400 
-10.82241 1.32500 
-10.83115 1.32600 
-10.83989 1.32700 
-10.84864 1.32800 
-10.85738 1.32900 
-10.86612 1.33000 
-10.87487 1.33100 
-10.88361 1.33200 
-10.89235 1.33300 
-10.90110 1.33400 
-10.90984 1.33500 
-10.91858 1.33600 
-10.92733 1.33700 
-10.93607 1.33800 
-10.94481 1.33900 
-10.95356 1.34000 
-10.96230 1.34100 
-10.97104 1.34200 
-10.97979 1.34300 
-10.98853 1.34400 
-10.99727 1.34500 
-11.00602 1.34600 
-11.01476 1.34700 
-11.02350 1.34800 
-11.03225 1.34900 
-11.04099 1.35000 
-11.04973 1.35100 
-11.05848 1.35200 
-11.06722 1.35300 
-11.07596 1.35400 
-11.08471 1.35500 
-11.09345 1.35600 
-11.10219 1.35700 
-11.11094 1.35800 
-11.11968 1.35900 
-11.12842 1.36000 
-11.13717 1.36100 
-11.14591 1.36200 
-11.15465 1.36300 
-11.16340 1.36400 
-11.17214 1.36500 
-11.18088 1.36600 
-11.18963 1.36700 
-11.19837 1.36800 
-11.20711 1.36900 
-11.21586 1.37000 
-11.22460 1.37100 
-11.23334 1.37200 
-11.24208 1.37300 
-11.25083 1.37400 
-11.25957 1.37500 
-11.26831 1.37600 
-11.27706 1.37700 
-11.28580 1.37800 
-11.29454 1.37900 
-11.30329 1.38000 
-11.31203 1.38100 
-11.32077 1.38200 
-11.32952 1.38300 
-11.33826 1.38400 
-11.34700 1.38500 
-11.35575 1.38600 
-11.36449 1.38700 
-11.37323 1.38800 
-11.38198 1.38900 
-11.39072 1.39000 
-11.39946 1.39100 
-11.40821 1.39200 
-11.41695 1.39300 
-11.42569 1.39400 
-11.43444 1.39500 
-11.44318 1.39600 
-11.45192 1.39700 
-11.46067 1.39800 
-11.46941 1.39900 
-11.47815 1.40000 
-11.48690 1.40100 
-11.49564 1.40200 
-11.50438 1.40300 
-11.51313 1.40400 
-11.52187 1.40500 
-11.53061 1.40600 
-11.53936 1.40700 
-11.54810 1.40800 
-11.55684 1.40900 
-11.56559 1.41000 
-11.57433 1.41100 
-11.58307 1.41200 
-11.59182 1.41300 
-11.60056 1.41400 
-11.60930 1.41500 
-11.61805 1.41600 
-11.62679 1.41700 
-11.63553 1.41800 
-11.64428 1.41900 
-11.65302 1.42000 
-11.66176 1.42100 
-11.67051 1.42200 
-11.67925 1.42300 
-11.68799 1.42400 
-11.69674 1.42500 
-11.70548 1.42600 
-11.71422 1.42700 
-11.72297 1.42800 
-11.73171 1.42900 
-11.74045 1.43000 
-11.74920 1.43100 
-11.75794 1.43200 
-11.76668 1.43300 
-11.77543 1.43400 
-11.78417 1.43500 
-11.79291 1.43600 
-11.80166 1.43700 
-11.81040 1.43800 
-11.81914 1.43900 
-11.82789 1.44000 
-11.83663 1.44100 
-11.84537 1.44200 
-11.85412 1.44300 
-11.86286 1.44400 
-11.87160 1.44500 
-11.88035 1.44600 
-11.88909 1.44700 
-11.89783 1.44800 
-11.90658 1.44900 
-11.91532 1.45000 
-11.92406 1.45100 
-11.93281 1.45200 
-11.94155 1.45300 
-11.95029 1.45400 
-11.95904 1.45500 
-11.96778 1.45600 
-11.97652 1.45700 
-11.98527 1.45800 
-11.99401 1.45900 
-12.00275 1.46000 
-12.01150 1.46100 
-12.02024 1.46200 
-12.02898 1.46300 
-12.03773 1.46400 
-12.04647 1.46500 
-12.05521 1.46600 
-12.06396 1.46700 
-12.07270 1.46800 
-12.08144 1.46900 
-12.09019 1.47000 
-12.09893 1.47100 
-12.10767 1.47200 
-12.11642 1.47300 
-12.12516 1.47400 
-12.13390 1.47500 
-12.14265 1.47600 
-12.15139 1.47700 
-12.16013 1.47800 
-12.16888 1.47900 
-12.17762 1.48000 
-12.18636 1.48100 
-12.19511 1.48200 
-12.20385 1.48300 
-12.21259 1.48400 
-12.22134 1.48500 
-12.23008 1.48600 
-12.23882 1.48700 
-12.24757 1.48800 
-12.25631 1.48900 
-12.26505 1.49000 
-12.27380 1.49100 
-12.28254 1.49200 
-12.29128 1.49300 
-12.30003 1.49400 
-12.30877 1.49500 
-12.31751 1.49600 
-12.32626 1.49700 
-12.33500 1.49800 
-12.34374 1.49900 
-12.35249 1.50000 
-12.36123 1.50100 
-12.36997 1.50200 
-12.37872 1.50300 
-12.38746 1.50400 
-12.39620 1.50500 
-12.40495 1.50600 
-12.41369 1.50700 
-12.42243 1.50800 
-12.43118 1.50900 
-12.43992 1.51000 
-12.44866 1.51100 
-12.45741 1.51200 
-12.46615 1.51300 
-12.47489 1.51400 
-12.48364 1.51500 
-12.49238 1.51600 
-12.50112 1.51700 
-12.50987 1.51800 
-12.51861 1.51900 
-12.52735 1.52000 
-12.53610 1.52100 
-12.54484 1.52200 
-12.55358 1.52300 
-12.56233 1.52400 
-12.57107 1.52500 
-12.57981 1.52600 
-12.58856 1.52700 
-12.59730 1.52800 
-12.60604 1.52900 
-12.61479 1.53000 
-12.62353 1.53100 
-12.63227 1.53200 
-12.64102 1.53300 
-12.64976 1.53400 
-12.65850 1.53500 
-12.66725 1.53600 
-12.67599 1.53700 
-12.68473 1.53800 
-12.69348 1.53900 
-12.70222 1.54000 
-12.71096 1.54100 
-12.71971 1.54200 
-12.72845 1.54300 
-12.73719 1.54400 
-12.74594 1.54500 
-12.75468 1.54600 
-12.76342 1.54700 
-12.77217 1.54800 
-12.78091 1.54900 
-12.78965 1.55000 
-12.79840 1.55100 
-12.80714 1.55200 
-12.81588 1.55300 
-12.82462 1.55400 
-12.83337 1.55500 
-12.84211 1.55600 
-12.85085 1.55700 
-12.85960 1.55800 
-12.86834 1.55900 
-12.87708 1.56000 
-12.88583 1.56100 
-12.89457 1.56200 
-12.90331 1.56300 
-12.91206 1.56400 
-12.92080 1.56500 
-12.92954 1.56600 
-12.93829 1.56700 
-12.94703 1.56800 
-12.95577 1.56900 
-12.96452 1.57000 
-12.97326 1.57100 
-12.98200 1.57200 
-12.99075 1.57300 
-12.99949 1.57400 
-13.00823 1.57500 
-13.01698 1.57600 
-13.02572 1.57700 
-13.03446 1.57800 
-13.04321 1.57900 
-13.05195 1.58000 
-13.06069 1.58100 
-13.06944 1.58200 
-13.07818 1.58300 
-13.08692 1.58400 
-13.09567 1.58500 
-13.10441 1.58600 
-13.11315 1.58700 
-13.12190 1.58800 
-13.13064 1.58900 
-13.13938 1.59000 
-13.14813 1.59100 
-13.15687 1.59200 
-13.16561 1.59300 
-13.17436 1.59400 
-13.18310 1.59500 
-13.19184 1.59600 
-13.20059 1.59700 
-13.20933 1.59800 
-13.21807 1.59900 
-13.22682 1.60000 
-13.23556 1.60100 
-13.24430 1.60200 
-13.25305 1.60300 
-13.26179 1.60400 
-13.27053 1.60500 
-13.27928 1.60600 
-13.28802 1.60700 
-13.29676 1.60800 
-13.30551 1.60900 
-13.31425 1.61000 
-13.32299 1.61100 
-13.33174 1.61200 
-13.34048 1.61300 
-13.34922 1.61400 
-13.35797 1.61500 
-13.36671 1.61600 
-13.37545 1.61700 
-13.38420 1.61800 
-13.39294 1.61900 
-13.40168 1.62000 
-13.41043 1.62100 
-13.41917 1.62200 
-13.42791 1.62300 
-13.43666 1.62400 
-13.44540 1.62500 
-13.45414 1.62600 
-13.46289 1.62700 
-13.47163 1.62800 
-13.48037 1.62900 
-13.48912 1.63000 
-13.49786 1.63100 
-13.50660 1.63200 
-13.51535 1.63300 
-13.52409 1.63400 
-13.53283 1.63500 
-13.54158 1.63600 
-13.55032 1.63700 
-13.55906 1.63800 
-13.56781 1.63900 
-13.57655 1.64000 
-13.58529 1.64100 
-13.59404 1.64200 
-13.60278 1.64300 
-13.61152 1.64400 
-13.62027 1.64500 
-13.62901 1.64600 
-13.63775 1.64700 
-13.64650 1.64800 
-13.65524 1.64900 
-13.66398 1.65000 
-13.67273 1.65100 
-13.68147 1.65200 
-13.69021 1.65300 
-13.69896 1.65400 
-13.70770 1.65500 
-13.71644 1.65600 
-13.72519 1.65700 
-13.73393 1.65800 
-13.74267 1.65900 
-13.75142 1.66000 
-13.76016 1.66100 
-13.76890 1.66200 
-13.77765 1.66300 
-13.78639 1.66400 
-13.79513 1.66500 
-13.80388 1.66600 
-13.81262 1.66700 
-13.82136 1.66800 
-13.83011 1.66900 
-13.83885 1.67000 
-13.84759 1.67100 
-13.85634 1.67200 
-13.86508 1.67300 
-13.87382 1.67400 
-13.88257 1.67500 
-13.89131 1.67600 
-13.90005 1.67700 
-13.90880 1.67800 
-13.91754 1.67900 
-13.92628 1.68000 
-13.93503 1.68100 
-13.94377 1.68200 
-13.95251 1.68300 
-13.96126 1.68400 
-13.97000 1.68500 
-13.97874 1.68600 
-13.98749 1.68700 
-13.99623 1.68800 
-14.00497 1.68900 
-14.01372 1.69000 
-14.02246 1.69100 
-14.03120 1.69200 
-14.03995 1.69300 
-14.04869 1.69400 
-14.05743 1.69500 
-14.06618 1.69600 
-14.07492 1.69700 
-14.08366 1.69800 
-14.09241 1.69900 
-14.10115 1.70000 
-14.10989 1.70100 
-14.11864 1.70200 
-14.12738 1.70300 
-14.13612 1.70400 
-14.14487 1.70500 
-14.15361 1.70600 
-14.16235 1.70700 
-14.17110 1.70800 
-14.17984 1.70900 
-14.18858 1.71000 
-14.19733 1.71100 
-14.20607 1.71200 
-14.21481 1.71300 
-14.22356 1.71400 
-14.23230 1.71500 
-14.24104 1.71600 
-14.24979 1.71700 
-14.25853 1.71800 
-14.26727 1.71900 
-14.27602 1.72000 
-14.28476 1.72100 
-14.29350 1.72200 
-14.30225 1.72300 
-14.31099 1.72400 
-14.31973 1.72500 
-14.32848 1.72600 
-14.33722 1.72700 
-14.34596 1.72800 
-14.35471 1.72900 
-14.36345 1.73000 
-14.37219 1.73100 
-14.38094 1.73200 
-14.38968 1.73300 
-14.39842 1.73400 
-14.40717 1.73500 
-14.41591 1.73600 
-14.42465 1.73700 
-14.43339 1.73800 
-14.44214 1.73900 
-14.45088 1.74000 
-14.45962 1.74100 
-14.46837 1.74200 
-14.47711 1.74300 
-14.48585 1.74400 
-14.49460 1.74500 
-14.50334 1.74600 
-14.51208 1.74700 
-14.52083 1.74800 
-14.52957 1.74900 
-14.53831 1.75000 
-14.54706 1.75100 
-14.55580 1.75200 
-14.56454 1.75300 
-14.57329 1.75400 
-14.58203 1.75500 
-14.59077 1.75600 
-14.59952 1.75700 
-14.60826 1.75800 
-14.61700 1.75900 
-14.62575 1.76000 
-14.63449 1.76100 
-14.64323 1.76200 
-14.65198 1.76300 
-14.66072 1.76400 
-14.66946 1.76500 
-14.67821 1.76600 
-14.68695 1.76700 
-14.69569 1.76800 
-14.70444 1.76900 
-14.71318 1.77000 
-14.72192 1.77100 
-14.73067 1.77200 
-14.73941 1.77300 
-14.74815 1.77400 
-14.75690 1.77500 
-14.76564 1.77600 
-14.77438 1.77700 
-14.78313 1.77800 
-14.79187 1.77900 
-14.80061 1.78000 
-14.80936 1.78100 
-14.81810 1.78200 
-14.82684 1.78300 
-14.83559 1.78400 
-14.84433 1.78500 
-14.85307 1.78600 
-14.86182 1.78700 
-14.87056 1.78800 
-14.87930 1.78900 
-14.88805 1.79000 
-14.89679 1.79100 
-14.90553 1.79200 
-14.91428 1.79300 
-14.92302 1.79400 
-14.93176 1.79500 
-14.94051 1.79600 
-14.94925 1.79700 
-14.95799 1.79800 
-14.96674 1.79900 
-14.97548 1.80000 
-14.98422 1.80100 
-14.99297 1.80200 
-15.00171 1.80300 
-15.01045 1.80400 
-15.01920 1.80500 
-15.02794 1.80600 
-15.03668 1.80700 
-15.04543 1.80800 
-15.05417 1.80900 
-15.06291 1.81000 
-15.07166 1.81100 
-15.08040 1.81200 
-15.08914 1.81300 
-15.09789 1.81400 
-15.10663 1.81500 
-15.11537 1.81600 
-15.12412 1.81700 
-15.13286 1.81800 
-15.14160 1.81900 
-15.15035 1.82000 
-15.15909 1.82100 
-15.16783 1.82200 
-15.17658 1.82300 
-15.18532 1.82400 
-15.19406 1.82500 
-15.20281 1.82600 
-15.21155 1.82700 
-15.22029 1.82800 
-15.22904 1.82900 
-15.23778 1.83000 
-15.24652 1.83100 
-15.25527 1.83200 
-15.26401 1.83300 
-15.27275 1.83400 
-15.28150 1.83500 
-15.29024 1.83600 
-15.29898 1.83700 
-15.30773 1.83800 
-15.31647 1.83900 
-15.32521 1.84000 
-15.33396 1.84100 
-15.34270 1.84200 
-15.35144 1.84300 
-15.36019 1.84400 
-15.36893 1.84500 
-15.37767 1.84600 
-15.38642 1.84700 
-15.39516 1.84800 
-15.40390 1.84900 
-15.41265 1.85000 
-15.42139 1.85100 
-15.43013 1.85200 
-15.43888 1.85300 
-15.44762 1.85400 
-15.45636 1.85500 
-15.46511 1.85600 
-15.47385 1.85700 
-15.48259 1.85800 
-15.49134 1.85900 
-15.50008 1.86000 
-15.50882 1.86100 
-15.51757 1.86200 
-15.52631 1.86300 
-15.53505 1.86400 
-15.54380 1.86500 
-15.55254 1.86600 
-15.56128 1.86700 
-15.57003 1.86800 
-15.57877 1.86900 
-15.58751 1.87000 
-15.59626 1.87100 
-15.60500 1.87200 
-15.61374 1.87300 
-15.62249 1.87400 
-15.63123 1.87500 
-15.63997 1.87600 
-15.64872 1.87700 
-15.65746 1.87800 
-15.66620 1.87900 
-15.67495 1.88000 
-15.68369 1.88100 
-15.69243 1.88200 
-15.70118 1.88300 
-15.70992 1.88400 
-15.71866 1.88500 
-15.72741 1.88600 
-15.73615 1.88700 
-15.74489 1.88800 
-15.75364 1.88900 
-15.76238 1.89000 
-15.77112 1.89100 
-15.77987 1.89200 
-15.78861 1.89300 
-15.79735 1.89400 
-15.80610 1.89500 
-15.81484 1.89600 
-15.82358 1.89700 
-15.83233 1.89800 
-15.84107 1.89900 
-15.84981 1.90000 
-15.85856 1.90100 
-15.86730 1.90200 
-15.87604 1.90300 
-15.88479 1.90400 
-15.89353 1.90500 
-15.90227 1.90600 
-15.91102 1.90700 
-15.91976 1.90800 
-15.92850 1.90900 
-15.93725 1.91000 
-15.94599 1.91100 
-15.95473 1.91200 
-15.96348 1.91300 
-15.97222 1.91400 
-15.98096 1.91500 
-15.98971 1.91600 
-15.99845 1.91700 
-16.00719 1.91800 
-16.01594 1.91900 
-16.02468 1.92000 
-16.03342 1.92100 
-16.04216 1.92200 
-16.05091 1.92300 
-16.05965 1.92400 
-16.06839 1.92500 
-16.07714 1.92600 
-16.08588 1.92700 
-16.09462 1.92800 
-16.10337 1.92900 
-16.11211 1.93000 
-16.12085 1.93100 
-16.12960 1.93200 
-16.13834 1.93300 
-16.14708 1.93400 
-16.15583 1.93500 
-16.16457 1.93600 
-16.17331 1.93700 
-16.18206 1.93800 
-16.19080 1.93900 
-16.19954 1.94000 
-16.20829 1.94100 
-16.21703 1.94200 
-16.22577 1.94300 
-16.23452 1.94400 
-16.24326 1.94500 
-16.25200 1.94600 
-16.26075 1.94700 
-16.26949 1.94800 
-16.27823 1.94900 
-16.28698 1.95000 
-16.29572 1.95100 
-16.30446 1.95200 
-16.31321 1.95300 
-16.32195 1.95400 
-16.33069 1.95500 
-16.33944 1.95600 
-16.34818 1.95700 
-16.35692 1.95800 
-16.36567 1.95900 
-16.37441 1.96000 
-16.38315 1.96100 
-16.39190 1.96200 
-16.40064 1.96300 
-16.40938 1.96400 
-16.41813 1.96500 
-16.42687 1.96600 
-16.43561 1.96700 
-16.44436 1.96800 
-16.45310 1.96900 
-16.46184 1.97000 
-16.47059 1.97100 
-16.47933 1.97200 
-16.48807 1.97300 
-16.49682 1.97400 
-16.50556 1.97500 
-16.51430 1.97600 
-16.52305 1.97700 
-16.53179 1.97800 
-16.54053 1.97900 
-16.54928 1.98000 
-16.55802 1.98100 
-16.56676 1.98200 
-16.57551 1.98300 
-16.58425 1.98400 
-16.59299 1.98500 
-16.60174 1.98600 
-16.61048 1.98700 
-16.61922 1.98800 
-16.62797 1.98900 
-16.63671 1.99000 
-16.64545 1.99100 
-16.65420 1.99200 
-16.66294 1.99300 
-16.67168 1.99400 
-16.68043 1.99500 
-16.68917 1.99600 
-16.69791 1.99700 
-16.70666 1.99800 
-16.71540 1.99900 
-16.72414 2.00000 
-16.73289 2.00100 
-16.74163 2.00200 
-16.75037 2.00300 
-16.75912 2.00400 
-16.76786 2.00500 
-16.77660 2.00600 
-16.78535 2.00700 
-16.79409 2.00800 
-16.80283 2.00900 
-16.81158 2.01000 
-16.82032 2.01100 
-16.82906 2.01200 
-16.83781 2.01300 
-16.84655 2.01400 
-16.85529 2.01500 
-16.86404 2.01600 
-16.87278 2.01700 
-16.88152 2.01800 
-16.89027 2.01900 
-16.89901 2.02000 
-16.90775 2.02100 
-16.91650 2.02200 
-16.92524 2.02300 
-16.93398 2.02400 
-16.94273 2.02500 
-16.95147 2.02600 
-16.96021 2.02700 
-16.96896 2.02800 
-16.97770 2.02900 
-16.98644 2.03000 
-16.99519 2.03100 
-17.00393 2.03200 
-17.01267 2.03300 
-17.02142 2.03400 
-17.03016 2.03500 
-17.03890 2.03600 
-17.04765 2.03700 
-17.05639 2.03800 
-17.06513 2.03900 
-17.07388 2.04000 
-17.08262 2.04100 
-17.09136 2.04200 
-17.10011 2.04300 
-17.10885 2.04400 
-17.11759 2.04500 
-17.12634 2.04600 
-17.13508 2.04700 
-17.14382 2.04800 
-17.15257 2.04900 
-17.16131 2.05000 
-17.17005 2.05100 
-17.17880 2.05200 
-17.18754 2.05300 
-17.19628 2.05400 
-17.20503 2.05500 
-17.21377 2.05600 
-17.22251 2.05700 
-17.23126 2.05800 
-17.24000 2.05900 
-17.24874 2.06000 
-17.25749 2.06100 
-17.26623 2.06200 
-17.27497 2.06300 
-17.28372 2.06400 
-17.29246 2.06500 
-17.30120 2.06600 
-17.30995 2.06700 
-17.31869 2.06800 
-17.32743 2.06900 
-17.33618 2.07000 
-17.34492 2.07100 
-17.35366 2.07200 
-17.36241 2.07300 
-17.37115 2.07400 
-17.37989 2.07500 
-17.38864 2.07600 
-17.39738 2.07700 
-17.40612 2.07800 
-17.41487 2.07900 
-17.42361 2.08000 
-17.43235 2.08100 
-17.44110 2.08200 
-17.44984 2.08300 
-17.45858 2.08400 
-17.46733 2.08500 
-17.47607 2.08600 
-17.48481 2.08700 
-17.49356 2.08800 
-17.50230 2.08900 
-17.51104 2.09000 
-17.51979 2.09100 
-17.52853 2.09200 
-17.53727 2.09300 
-17.54602 2.09400 
-17.55476 2.09500 
-17.56350 2.09600 
-17.57225 2.09700 
-17.58099 2.09800 
-17.58973 2.09900 
-17.59848 2.10000 
-17.60722 2.10100 
-17.61596 2.10200 
-17.62471 2.10300 
-17.63345 2.10400 
-17.64219 2.10500 
-17.65093 2.10600 
-17.65968 2.10700 
-17.66842 2.10800 
-17.67716 2.10900 
-17.68591 2.11000 
-17.69465 2.11100 
-17.70339 2.11200 
-17.71214 2.11300 
-17.72088 2.11400 
-17.72962 2.11500 
-17.73837 2.11600 
-17.74711 2.11700 
-17.75585 2.11800 
-17.76460 2.11900 
-17.77334 2.12000 
-17.78208 2.12100 
-17.79083 2.12200 
-17.79957 2.12300 
-17.80831 2.12400 
-17.81706 2.12500 
-17.82580 2.12600 
-17.83454 2.12700 
-17.84329 2.12800 
-17.85203 2.12900 
-17.86077 2.13000 
-17.86952 2.13100 
-17.87826 2.13200 
-17.88700 2.13300 
-17.89575 2.13400 
-17.90449 2.13500 
-17.91323 2.13600 
-17.92198 2.13700 
-17.93072 2.13800 
-17.93946 2.13900 
-17.94821 2.14000 
-17.95695 2.14100 
-17.96569 2.14200 
-17.97444 2.14300 
-17.98318 2.14400 
-17.99192 2.14500 
-18.00067 2.14600 
-18.00941 2.14700 
-18.01815 2.14800 
-18.02690 2.14900 
-18.03564 2.15000 
-18.04438 2.15100 
-18.05313 2.15200 
-18.06187 2.15300 
-18.07061 2.15400 
-18.07936 2.15500 
-18.08810 2.15600 
-18.09684 2.15700 
-18.10559 2.15800 
-18.11433 2.15900 
-18.12307 2.16000 
-18.13182 2.16100 
-18.14056 2.16200 
-18.14930 2.16300 
-18.15805 2.16400 
-18.16679 2.16500 
-18.17553 2.16600 
-18.18428 2.16700 
-18.19302 2.16800 
-18.20176 2.16900 
-18.21051 2.17000 
-18.21925 2.17100 
-18.22799 2.17200 
-18.23674 2.17300 
-18.24548 2.17400 
-18.25422 2.17500 
-18.26297 2.17600 
-18.27171 2.17700 
-18.28045 2.17800 
-18.28920 2.17900 
-18.29794 2.18000 
-18.30668 2.18100 
-18.31543 2.18200 
-18.32417 2.18300 
-18.33291 2.18400 
-18.34166 2.18500 
-18.35040 2.18600 
-18.35914 2.18700 
-18.36789 2.18800 
-18.37663 2.18900 
-18.38537 2.19000 
-18.39412 2.19100 
-18.40286 2.19200 
-18.41160 2.19300 
-18.42035 2.19400 
-18.42909 2.19500 
-18.43783 2.19600 
-18.44658 2.19700 
-18.45532 2.19800 
-18.46406 2.19900 
-18.47281 2.20000 
-18.48155 2.20100 
-18.49029 2.20200 
-18.49904 2.20300 
-18.50778 2.20400 
-18.51652 2.20500 
-18.52527 2.20600 
-18.53401 2.20700 
-18.54275 2.20800 
-18.55150 2.20900 
-18.56024 2.21000 
-18.56898 2.21100 
-18.57773 2.21200 
-18.58647 2.21300 
-18.59521 2.21400 
-18.60396 2.21500 
-18.61270 2.21600 
-18.62144 2.21700 
-18.63019 2.21800 
-18.63893 2.21900 
-18.64767 2.22000 
-18.65642 2.22100 
-18.66516 2.22200 
-18.67390 2.22300 
-18.68265 2.22400 
-18.69139 2.22500 
-18.70013 2.22600 
-18.70888 2.22700 
-18.71762 2.22800 
-18.72636 2.22900 
-18.73511 2.23000 
-18.74385 2.23100 
-18.75259 2.23200 
-18.76134 2.23300 
-18.77008 2.23400 
-18.77882 2.23500 
-18.78757 2.23600 
-18.79631 2.23700 
-18.80505 2.23800 
-18.81380 2.23900 
-18.82254 2.24000 
-18.83128 2.24100 
-18.84003 2.24200 
-18.84877 2.24300 
-18.85751 2.24400 
-18.86626 2.24500 
-18.87500 2.24600 
-18.88374 2.24700 
-18.89249 2.24800 
-18.90123 2.24900 
-18.90997 2.25000 
-18.91872 2.25100 
-18.92746 2.25200 
-18.93620 2.25300 
-18.94495 2.25400 
-18.95369 2.25500 
-18.96243 2.25600 
-18.97118 2.25700 
-18.97992 2.25800 
-18.98866 2.25900 
-18.99741 2.26000 
-19.00615 2.26100 
-19.01489 2.26200 
-19.02364 2.26300 
-19.03238 2.26400 
-19.04112 2.26500 
-19.04987 2.26600 
-19.05861 2.26700 
-19.06735 2.26800 
-19.07610 2.26900 
-19.08484 2.27000 
-19.09358 2.27100 
-19.10233 2.27200 
-19.11107 2.27300 
-19.11981 2.27400 
-19.12856 2.27500 
-19.13730 2.27600 
-19.14604 2.27700 
-19.15479 2.27800 
-19.16353 2.27900 
-19.17227 2.28000 
-19.18102 2.28100 
-19.18976 2.28200 
-19.19850 2.28300 
-19.20725 2.28400 
-19.21599 2.28500 
-19.22473 2.28600 
-19.23348 2.28700 
-19.24222 2.28800 
-19.25096 2.28900 
-19.25971 2.29000 
-19.26845 2.29100 
-19.27719 2.29200 
-19.28593 2.29300 
-19.29468 2.29400 
-19.30342 2.29500 
-19.31216 2.29600 
-19.32091 2.29700 
-19.32965 2.29800 
-19.33839 2.29900 
-19.34714 2.30000 
-19.35588 2.30100 
-19.36462 2.30200 
-19.37337 2.30300 
-19.38211 2.30400 
-19.39085 2.30500 
-19.39960 2.30600 
-19.40834 2.30700 
-19.41708 2.30800 
-19.42583 2.30900 
-19.43457 2.31000 
-19.44331 2.31100 
-19.45206 2.31200 
-19.46080 2.31300 
-19.46954 2.31400 
-19.47829 2.31500 
-19.48703 2.31600 
-19.49577 2.31700 
-19.50452 2.31800 
-19.51326 2.31900 
-19.52200 2.32000 
-19.53075 2.32100 
-19.53949 2.32200 
-19.54823 2.32300 
-19.55698 2.32400 
-19.56572 2.32500 
-19.57446 2.32600 
-19.58321 2.32700 
-19.59195 2.32800 
-19.60069 2.32900 
-19.60944 2.33000 
-19.61818 2.33100 
-19.62692 2.33200 
-19.63567 2.33300 
-19.64441 2.33400 
-19.65315 2.33500 
-19.66190 2.33600 
-19.67064 2.33700 
-19.67938 2.33800 
-19.68813 2.33900 
-19.69687 2.34000 
-19.70561 2.34100 
-19.71436 2.34200 
-19.72310 2.34300 
-19.73184 2.34400 
-19.74059 2.34500 
-19.74933 2.34600 
-19.75807 2.34700 
-19.76682 2.34800 
-19.77556 2.34900 
-19.78430 2.35000 
-19.79305 2.35100 
-19.80179 2.35200 
-19.81053 2.35300 
-19.81928 2.35400 
-19.82802 2.35500 
-19.83676 2.35600 
-19.84551 2.35700 
-19.85425 2.35800 
-19.86299 2.35900 
-19.87174 2.36000 
-19.88048 2.36100 
-19.88922 2.36200 
-19.89797 2.36300 
-19.90671 2.36400 
-19.91545 2.36500 
-19.92420 2.36600 
-19.93294 2.36700 
-19.94168 2.36800 
-19.95043 2.36900 
-19.95917 2.37000 
-19.96791 2.37100 
-19.97666 2.37200 
-19.98540 2.37300 
-19.99414 2.37400 
-20.00289 2.37500 
-20.01163 2.37600 
-20.02037 2.37700 
-20.02912 2.37800 
-20.03786 2.37900 
-20.04660 2.38000 
-20.05535 2.38100 
-20.06409 2.38200 
-20.07283 2.38300 
-20.08158 2.38400 
-20.09032 2.38500 
-20.09906 2.38600 
-20.10781 2.38700 
-20.11655 2.38800 
-20.12529 2.38900 
-20.13404 2.39000 
-20.14278 2.39100 
-20.15152 2.39200 
-20.16027 2.39300 
-20.16901 2.39400 
-20.17775 2.39500 
-20.18650 2.39600 
-20.19524 2.39700 
-20.20398 2.39800 
-20.21273 2.39900 
-20.22147 2.40000 
-20.23021 2.40100 
-20.23896 2.40200 
-20.24770 2.40300 
-20.25644 2.40400 
-20.26519 2.40500 
-20.27393 2.40600 
-20.28267 2.40700 
-20.29142 2.40800 
-20.30016 2.40900 
-20.30890 2.41000 
-20.31765 2.41100 
-20.32639 2.41200 
-20.33513 2.41300 
-20.34388 2.41400 
-20.35262 2.41500 
-20.36136 2.41600 
-20.37011 2.41700 
-20.37885 2.41800 
-20.38759 2.41900 
-20.39634 2.42000 
-20.40508 2.42100 
-20.41382 2.42200 
-20.42257 2.42300 
-20.43131 2.42400 
-20.44005 2.42500 
-20.44880 2.42600 
-20.45754 2.42700 
-20.46628 2.42800 
-20.47503 2.42900 
-20.48377 2.43000 
-20.49251 2.43100 
-20.50126 2.43200 
-20.51000 2.43300 
-20.51874 2.43400 
-20.52749 2.43500 
-20.53623 2.43600 
-20.54497 2.43700 
-20.55372 2.43800 
-20.56246 2.43900 
-20.57120 2.44000 
-20.57995 2.44100 
-20.58869 2.44200 
-20.59743 2.44300 
-20.60618 2.44400 
-20.61492 2.44500 
-20.62366 2.44600 
-20.63241 2.44700 
-20.64115 2.44800 
-20.64989 2.44900 
-20.65864 2.45000 
-20.66738 2.45100 
-20.67612 2.45200 
-20.68487 2.45300 
-20.69361 2.45400 
-20.70235 2.45500 
-20.71110 2.45600 
-20.71984 2.45700 
-20.72858 2.45800 
-20.73733 2.45900 
-20.74607 2.46000 
-20.75481 2.46100 
-20.76356 2.46200 
-20.77230 2.46300 
-20.78104 2.46400 
-20.78979 2.46500 
-20.79853 2.46600 
-20.80727 2.46700 
-20.81602 2.46800 
-20.82476 2.46900 
-20.83350 2.47000 
-20.84225 2.47100 
-20.85099 2.47200 
-20.85973 2.47300 
-20.86848 2.47400 
-20.87722 2.47500 
-20.88596 2.47600 
-20.89470 2.47700 
-20.90345 2.47800 
-20.91219 2.47900 
-20.92093 2.48000 
-20.92968 2.48100 
-20.93842 2.48200 
-20.94716 2.48300 
-20.95591 2.48400 
-20.96465 2.48500 
-20.97339 2.48600 
-20.98214 2.48700 
-20.99088 2.48800 
-20.99962 2.48900 
-21.00837 2.49000 
-21.01711 2.49100 
-21.02585 2.49200 
-21.03460 2.49300 
-21.04334 2.49400 
-21.05208 2.49500 
-21.06083 2.49600 
-21.06957 2.49700 
-21.07831 2.49800 
-21.08706 2.49900 
-21.09580 2.50000 
-21.10454 2.50100 
-21.11329 2.50200 
-21.12203 2.50300 
-21.13077 2.50400 
-21.13952 2.50500 
-21.14826 2.50600 
-21.15700 2.50700 
-21.16575 2.50800 
-21.17449 2.50900 
-21.18323 2.51000 
-21.19198 2.51100 
-21.20072 2.51200 
-21.20946 2.51300 
-21.21821 2.51400 
-21.22695 2.51500 
-21.23569 2.51600 
-21.24444 2.51700 
-21.25318 2.51800 
-21.26192 2.51900 
-21.27067 2.52000 
-21.27941 2.52100 
-21.28815 2.52200 
-21.29690 2.52300 
-21.30564 2.52400 
-21.31438 2.52500 
-21.32313 2.52600 
-21.33187 2.52700 
-21.34061 2.52800 
-21.34936 2.52900 
-21.35810 2.53000 
-21.36684 2.53100 
-21.37559 2.53200 
-21.38433 2.53300 
-21.39307 2.53400 
-21.40182 2.53500 
-21.41056 2.53600 
-21.41930 2.53700 
-21.42805 2.53800 
-21.43679 2.53900 
-21.44553 2.54000 
-21.45428 2.54100 
-21.46302 2.54200 
-21.47176 2.54300 
-21.48051 2.54400 
-21.48925 2.54500 
-21.49799 2.54600 
-21.50674 2.54700 
-21.51548 2.54800 
-21.52422 2.54900 
-21.53297 2.55000 
-21.54171 2.55100 
-21.55045 2.55200 
-21.55920 2.55300 
-21.56794 2.55400 
-21.57668 2.55500 
-21.58543 2.55600 
-21.59417 2.55700 
-21.60291 2.55800 
-21.61166 2.55900 
-21.62040 2.56000 
-21.62914 2.56100 
-21.63789 2.56200 
-21.64663 2.56300 
-21.65537 2.56400 
-21.66412 2.56500 
-21.67286 2.56600 
-21.68160 2.56700 
-21.69035 2.56800 
-21.69909 2.56900 
-21.70783 2.57000 
-21.71658 2.57100 
-21.72532 2.57200 
-21.73406 2.57300 
-21.74281 2.57400 
-21.75155 2.57500 
-21.76029 2.57600 
-21.76904 2.57700 
-21.77778 2.57800 
-21.78652 2.57900 
-21.79527 2.58000 
-21.80401 2.58100 
-21.81275 2.58200 
-21.82150 2.58300 
-21.83024 2.58400 
-21.83898 2.58500 
-21.84773 2.58600 
-21.85647 2.58700 
-21.86521 2.58800 
-21.87396 2.58900 
-21.88270 2.59000 
-21.89144 2.59100 
-21.90019 2.59200 
-21.90893 2.59300 
-21.91767 2.59400 
-21.92642 2.59500 
-21.93516 2.59600 
-21.94390 2.59700 
-21.95265 2.59800 
-21.96139 2.59900 
-21.97013 2.60000 
-21.97888 2.60100 
-21.98762 2.60200 
-21.99636 2.60300 
-22.00511 2.60400 
-22.01385 2.60500 
-22.02259 2.60600 
-22.03134 2.60700 
-22.04008 2.60800 
-22.04882 2.60900 
-22.05757 2.61000 
-22.06631 2.61100 
-22.07505 2.61200 
-22.08380 2.61300 
-22.09254 2.61400 
-22.10128 2.61500 
-22.11003 2.61600 
-22.11877 2.61700 
-22.12751 2.61800 
-22.13626 2.61900 
-22.14500 2.62000 
-22.15374 2.62100 
-22.16249 2.62200 
-22.17123 2.62300 
-22.17997 2.62400 
-22.18872 2.62500 
-22.19746 2.62600 
-22.20620 2.62700 
-22.21495 2.62800 
-22.22369 2.62900 
-22.23243 2.63000 
-22.24118 2.63100 
-22.24992 2.63200 
-22.25866 2.63300 
-22.26741 2.63400 
-22.27615 2.63500 
-22.28489 2.63600 
-22.29364 2.63700 
-22.30238 2.63800 
-22.31112 2.63900 
-22.31987 2.64000 
-22.32861 2.64100 
-22.33735 2.64200 
-22.34610 2.64300 
-22.35484 2.64400 
-22.36358 2.64500 
-22.37233 2.64600 
-22.38107 2.64700 
-22.38981 2.64800 
-22.39856 2.64900 
-22.40730 2.65000 
-22.41604 2.65100 
-22.42479 2.65200 
-22.43353 2.65300 
-22.44227 2.65400 
-22.45102 2.65500 
-22.45976 2.65600 
-22.46850 2.65700 
-22.47725 2.65800 
-22.48599 2.65900 
-22.49473 2.66000 
-22.50347 2.66100 
-22.51222 2.66200 
-22.52096 2.66300 
-22.52970 2.66400 
-22.53845 2.66500 
-22.54719 2.66600 
-22.55593 2.66700 
-22.56468 2.66800 
-22.57342 2.66900 
-22.58216 2.67000 
-22.59091 2.67100 
-22.59965 2.67200 
-22.60839 2.67300 
-22.61714 2.67400 
-22.62588 2.67500 
-22.63462 2.67600 
-22.64337 2.67700 
-22.65211 2.67800 
-22.66085 2.67900 
-22.66960 2.68000 
-22.67834 2.68100 
-22.68708 2.68200 
-22.69583 2.68300 
-22.70457 2.68400 
-22.71331 2.68500 
-22.72206 2.68600 
-22.73080 2.68700 
-22.73954 2.68800 
-22.74829 2.68900 
-22.75703 2.69000 
-22.76577 2.69100 
-22.77452 2.69200 
-22.78326 2.69300 
-22.79200 2.69400 
-22.80075 2.69500 
-22.80949 2.69600 
-22.81823 2.69700 
-22.82698 2.69800 
-22.83572 2.69900 
-22.84446 2.70000 
-22.85321 2.70100 
-22.86195 2.70200 
-22.87069 2.70300 
-22.87944 2.70400 
-22.88818 2.70500 
-22.89692 2.70600 
-22.90567 2.70700 
-22.91441 2.70800 
-22.92315 2.70900 
-22.93190 2.71000 
-22.94064 2.71100 
-22.94938 2.71200 
-22.95813 2.71300 
-22.96687 2.71400 
-22.97561 2.71500 
-22.98436 2.71600 
-22.99310 2.71700 
-23.00184 2.71800 
-23.01059 2.71900 
-23.01933 2.72000 
-23.02807 2.72100 
-23.03682 2.72200 
-23.04556 2.72300 
-23.05430 2.72400 
-23.06305 2.72500 
-23.07179 2.72600 
-23.08053 2.72700 
-23.08928 2.72800 
-23.09802 2.72900 
-23.10676 2.73000 
-23.11551 2.73100 
-23.12425 2.73200 
-23.13299 2.73300 
-23.14174 2.73400 
-23.15048 2.73500 
-23.15922 2.73600 
-23.16797 2.73700 
-23.17671 2.73800 
-23.18545 2.73900 
-23.19420 2.74000 
-23.20294 2.74100 
-23.21168 2.74200 
-23.22043 2.74300 
-23.22917 2.74400 
-23.23791 2.74500 
-23.24666 2.74600 
-23.25540 2.74700 
-23.26414 2.74800 
-23.27289 2.74900 
-23.28163 2.75000 
-23.29037 2.75100 
-23.29912 2.75200 
-23.30786 2.75300 
-23.31660 2.75400 
-23.32535 2.75500 
-23.33409 2.75600 
-23.34283 2.75700 
-23.35158 2.75800 
-23.36032 2.75900 
-23.36906 2.76000 
-23.37781 2.76100 
-23.38655 2.76200 
-23.39529 2.76300 
-23.40404 2.76400 
-23.41278 2.76500 
-23.42152 2.76600 
-23.43027 2.76700 
-23.43901 2.76800 
-23.44775 2.76900 
-23.45650 2.77000 
-23.46524 2.77100 
-23.47398 2.77200 
-23.48273 2.77300 
-23.49147 2.77400 
-23.50021 2.77500 
-23.50896 2.77600 
-23.51770 2.77700 
-23.52644 2.77800 
-23.53519 2.77900 
-23.54393 2.78000 
-23.55267 2.78100 
-23.56142 2.78200 
-23.57016 2.78300 
-23.57890 2.78400 
-23.58765 2.78500 
-23.59639 2.78600 
-23.60513 2.78700 
-23.61388 2.78800 
-23.62262 2.78900 
-23.63136 2.79000 
-23.64011 2.79100 
-23.64885 2.79200 
-23.65759 2.79300 
-23.66634 2.79400 
-23.67508 2.79500 
-23.68382 2.79600 
-23.69257 2.79700 
-23.70131 2.79800 
-23.71005 2.79900 
-23.71880 2.80000 
-23.72754 2.80100 
-23.73628 2.80200 
-23.74503 2.80300 
-23.75377 2.80400 
-23.76251 2.80500 
-23.77126 2.80600 
-23.78000 2.80700 
-23.78874 2.80800 
-23.79749 2.80900 
-23.80623 2.81000 
-23.81497 2.81100 
-23.82372 2.81200 
-23.83246 2.81300 
-23.84120 2.81400 
-23.84995 2.81500 
-23.85869 2.81600 
-23.86743 2.81700 
-23.87618 2.81800 
-23.88492 2.81900 
-23.89366 2.82000 
-23.90241 2.82100 
-23.91115 2.82200 
-23.91989 2.82300 
-23.92864 2.82400 
-23.93738 2.82500 
-23.94612 2.82600 
-23.95487 2.82700 
-23.96361 2.82800 
-23.97235 2.82900 
-23.98110 2.83000 
-23.98984 2.83100 
-23.99858 2.83200 
-24.00733 2.83300 
-24.01607 2.83400 
-24.02481 2.83500 
-24.03356 2.83600 
-24.04230 2.83700 
-24.05104 2.83800 
-24.05979 2.83900 
-24.06853 2.84000 
-24.07727 2.84100 
-24.08602 2.84200 
-24.09476 2.84300 
-24.10350 2.84400 
-24.11224 2.84500 
-24.12099 2.84600 
-24.12973 2.84700 
-24.13847 2.84800 
-24.14722 2.84900 
-24.15596 2.85000 
-24.16470 2.85100 
-24.17345 2.85200 
-24.18219 2.85300 
-24.19093 2.85400 
-24.19968 2.85500 
-24.20842 2.85600 
-24.21716 2.85700 
-24.22591 2.85800 
-24.23465 2.85900 
-24.24339 2.86000 
-24.25214 2.86100 
-24.26088 2.86200 
-24.26962 2.86300 
-24.27837 2.86400 
-24.28711 2.86500 
-24.29585 2.86600 
-24.30460 2.86700 
-24.31334 2.86800 
-24.32208 2.86900 
-24.33083 2.87000 
-24.33957 2.87100 
-24.34831 2.87200 
-24.35706 2.87300 
-24.36580 2.87400 
-24.37454 2.87500 
-24.38329 2.87600 
-24.39203 2.87700 
-24.40077 2.87800 
-24.40952 2.87900 
-24.41826 2.88000 
-24.42700 2.88100 
-24.43575 2.88200 
-24.44449 2.88300 
-24.45323 2.88400 
-24.46198 2.88500 
-24.47072 2.88600 
-24.47946 2.88700 
-24.48821 2.88800 
-24.49695 2.88900 
-24.50569 2.89000 
-24.51444 2.89100 
-24.52318 2.89200 
-24.53192 2.89300 
-24.54067 2.89400 
-24.54941 2.89500 
-24.55815 2.89600 
-24.56690 2.89700 
-24.57564 2.89800 
-24.58438 2.89900 
-24.59313 2.90000 
-24.60187 2.90100 
-24.61061 2.90200 
-24.61936 2.90300 
-24.62810 2.90400 
-24.63684 2.90500 
-24.64559 2.90600 
-24.65433 2.90700 
-24.66307 2.90800 
-24.67182 2.90900 
-24.68056 2.91000 
-24.68930 2.91100 
-24.69805 2.91200 
-24.70679 2.91300 
-24.71553 2.91400 
-24.72428 2.91500 
-24.73302 2.91600 
-24.74176 2.91700 
-24.75051 2.91800 
-24.75925 2.91900 
-24.76799 2.92000 
-24.77674 2.92100 
-24.78548 2.92200 
-24.79422 2.92300 
-24.80297 2.92400 
-24.81171 2.92500 
-24.82045 2.92600 
-24.82920 2.92700 
-24.83794 2.92800 
-24.84668 2.92900 
-24.85543 2.93000 
-24.86417 2.93100 
-24.87291 2.93200 
-24.88166 2.93300 
-24.89040 2.93400 
-24.89914 2.93500 
-24.90789 2.93600 
-24.91663 2.93700 
-24.92537 2.93800 
-24.93412 2.93900 
-24.94286 2.94000 
-24.95160 2.94100 
-24.96035 2.94200 
-24.96909 2.94300 
-24.97783 2.94400 
-24.98658 2.94500 
-24.99532 2.94600 
-25.00406 2.94700 
-25.01281 2.94800 
-25.02155 2.94900 
-25.03029 2.95000 
-25.03904 2.95100 
-25.04778 2.95200 
-25.05652 2.95300 
-25.06527 2.95400 
-25.07401 2.95500 
-25.08275 2.95600 
-25.09150 2.95700 
-25.10024 2.95800 
-25.10898 2.95900 
-25.11773 2.96000 
-25.12647 2.96100 
-25.13521 2.96200 
-25.14396 2.96300 
-25.15270 2.96400 
-25.16144 2.96500 
-25.17019 2.96600 
-25.17893 2.96700 
-25.18767 2.96800 
-25.19642 2.96900 
-25.20516 2.97000 
-25.21390 2.97100 
-25.22265 2.97200 
-25.23139 2.97300 
-25.24013 2.97400 
-25.24888 2.97500 
-25.25762 2.97600 
-25.26636 2.97700 
-25.27511 2.97800 
-25.28385 2.97900 
-25.29259 2.98000 
-25.30134 2.98100 
-25.31008 2.98200 
-25.31882 2.98300 
-25.32757 2.98400 
-25.33631 2.98500 
-25.34505 2.98600 
-25.35380 2.98700 
-25.36254 2.98800 
-25.37128 2.98900 
-25.38003 2.99000 
-25.38877 2.99100 
-25.39751 2.99200 
-25.40626 2.99300 
-25.41500 2.99400 
-25.42374 2.99500 
-25.43249 2.99600 
-25.44123 2.99700 
-25.44997 2.99800 
-25.45872 2.99900 
-25.46746 3.00000 
-25.47620 3.00100 
-25.48495 3.00200 
-25.49369 3.00300 
-25.50243 3.00400 
-25.51118 3.00500 
-25.51992 3.00600 
-25.52866 3.00700 
-25.53741 3.00800 
-25.54615 3.00900 
-25.55489 3.01000 
-25.56364 3.01100 
-25.57238 3.01200 
-25.58112 3.01300 
-25.58987 3.01400 
-25.59861 3.01500 
-25.60735 3.01600 
-25.61610 3.01700 
-25.62484 3.01800 
-25.63358 3.01900 
-25.64233 3.02000 
-25.65107 3.02100 
-25.65981 3.02200 
-25.66856 3.02300 
-25.67730 3.02400 
-25.68604 3.02500 
-25.69479 3.02600 
-25.70353 3.02700 
-25.71227 3.02800 
-25.72102 3.02900 
-25.72976 3.03000 
-25.73850 3.03100 
-25.74724 3.03200 
-25.75599 3.03300 
-25.76473 3.03400 
-25.77347 3.03500 
-25.78222 3.03600 
-25.79096 3.03700 
-25.79970 3.03800 
-25.80845 3.03900 
-25.81719 3.04000 
-25.82593 3.04100 
-25.83468 3.04200 
-25.84342 3.04300 
-25.85216 3.04400 
-25.86091 3.04500 
-25.86965 3.04600 
-25.87839 3.04700 
-25.88714 3.04800 
-25.89588 3.04900 
-25.90462 3.05000 
-25.91337 3.05100 
-25.92211 3.05200 
-25.93085 3.05300 
-25.93960 3.05400 
-25.94834 3.05500 
-25.95708 3.05600 
-25.96583 3.05700 
-25.97457 3.05800 
-25.98331 3.05900 
-25.99206 3.06000 
-26.00080 3.06100 
-26.00954 3.06200 
-26.01829 3.06300 
-26.02703 3.06400 
-26.03577 3.06500 
-26.04452 3.06600 
-26.05326 3.06700 
-26.06200 3.06800 
-26.07075 3.06900 
-26.07949 3.07000 
-26.08823 3.07100 
-26.09698 3.07200 
-26.10572 3.07300 
-26.11446 3.07400 
-26.12321 3.07500 
-26.13195 3.07600 
-26.14069 3.07700 
-26.14944 3.07800 
-26.15818 3.07900 
-26.16692 3.08000 
-26.17567 3.08100 
-26.18441 3.08200 
-26.19315 3.08300 
-26.20190 3.08400 
-26.21064 3.08500 
-26.21938 3.08600 
-26.22813 3.08700 
-26.23687 3.08800 
-26.24561 3.08900 
-26.25436 3.09000 
-26.26310 3.09100 
-26.27184 3.09200 
-26.28059 3.09300 
-26.28933 3.09400 
-26.29807 3.09500 
-26.30682 3.09600 
-26.31556 3.09700 
-26.32430 3.09800 
-26.33305 3.09900 
-26.34179 3.10000 
-26.35053 3.10100 
-26.35928 3.10200 
-26.36802 3.10300 
-26.37676 3.10400 
-26.38551 3.10500 
-26.39425 3.10600 
-26.40299 3.10700 
-26.41174 3.10800 
-26.42048 3.10900 
-26.42922 3.11000 
-26.43797 3.11100 
-26.44671 3.11200 
-26.45545 3.11300 
-26.46420 3.11400 
-26.47294 3.11500 
-26.48168 3.11600 
-26.49043 3.11700 
-26.49917 3.11800 
-26.50791 3.11900 
-26.51666 3.12000 
-26.52540 3.12100 
-26.53414 3.12200 
-26.54289 3.12300 
-26.55163 3.12400 
-26.56037 3.12500 
-26.56912 3.12600 
-26.57786 3.12700 
-26.58660 3.12800 
-26.59535 3.12900 
-26.60409 3.13000 
-26.61283 3.13100 
-26.62158 3.13200 
-26.63032 3.13300 
-26.63906 3.13400 
-26.64781 3.13500 
-26.65655 3.13600 
-26.66529 3.13700 
-26.67404 3.13800 
-26.68278 3.13900 
-26.69152 3.14000 
-26.70027 3.14100 
-26.70901 3.14200 
-26.71775 3.14300 
-26.72650 3.14400 
-26.73524 3.14500 
-26.74398 3.14600 
-26.75273 3.14700 
-26.76147 3.14800 
-26.77021 3.14900 
-26.77896 3.15000 
-26.78770 3.15100 
-26.79644 3.15200 
-26.80519 3.15300 
-26.81393 3.15400 
-26.82267 3.15500 
-26.83142 3.15600 
-26.84016 3.15700 
-26.84890 3.15800 
-26.85765 3.15900 
-26.86639 3.16000 
-26.87513 3.16100 
-26.88388 3.16200 
-26.89262 3.16300 
-26.90136 3.16400 
-26.91011 3.16500 
-26.91885 3.16600 
-26.92759 3.16700 
-26.93634 3.16800 
-26.94508 3.16900 
-26.95382 3.17000 
-26.96257 3.17100 
-26.97131 3.17200 
-26.98005 3.17300 
-26.98880 3.17400 
-26.99754 3.17500 
-27.00628 3.17600 
-27.01503 3.17700 
-27.02377 3.17800 
-27.03251 3.17900 
-27.04126 3.18000 
-27.05000 3.18100 
-27.05874 3.18200 
-27.06749 3.18300 
-27.07623 3.18400 
-27.08497 3.18500 
-27.09372 3.18600 
-27.10246 3.18700 
-27.11120 3.18800 
-27.11995 3.18900 
-27.12869 3.19000 
-27.13743 3.19100 
-27.14618 3.19200 
-27.15492 3.19300 
-27.16366 3.19400 
-27.17241 3.19500 
-27.18115 3.19600 
-27.18989 3.19700 
-27.19864 3.19800 
-27.20738 3.19900 
-27.21612 3.20000 
-27.22487 3.20100 
-27.23361 3.20200 
-27.24235 3.20300 
-27.25110 3.20400 
-27.25984 3.20500 
-27.26858 3.20600 
-27.27733 3.20700 
-27.28607 3.20800 
-27.29481 3.20900 
-27.30356 3.21000 
-27.31230 3.21100 
-27.32104 3.21200 
-27.32979 3.21300 
-27.33853 3.21400 
-27.34727 3.21500 
-27.35601 3.21600 
-27.36476 3.21700 
-27.37350 3.21800 
-27.38224 3.21900 
-27.39099 3.22000 
-27.39973 3.22100 
-27.40847 3.22200 
-27.41722 3.22300 
-27.42596 3.22400 
-27.43470 3.22500 
-27.44345 3.22600 
-27.45219 3.22700 
-27.46093 3.22800 
-27.46968 3.22900 
-27.47842 3.23000 
-27.48716 3.23100 
-27.49591 3.23200 
-27.50465 3.23300 
-27.51339 3.23400 
-27.52214 3.23500 
-27.53088 3.23600 
-27.53962 3.23700 
-27.54837 3.23800 
-27.55711 3.23900 
-27.56585 3.24000 
-27.57460 3.24100 
-27.58334 3.24200 
-27.59208 3.24300 
-27.60083 3.24400 
-27.60957 3.24500 
-27.61831 3.24600 
-27.62706 3.24700 
-27.63580 3.24800 
-27.64454 3.24900 
-27.65329 3.25000 
-27.66203 3.25100 
-27.67077 3.25200 
-27.67952 3.25300 
-27.68826 3.25400 
-27.69700 3.25500 
-27.70575 3.25600 
-27.71449 3.25700 
-27.72323 3.25800 
-27.73198 3.25900 
-27.74072 3.26000 
-27.74946 3.26100 
-27.75821 3.26200 
-27.76695 3.26300 
-27.77569 3.26400 
-27.78444 3.26500 
-27.79318 3.26600 
-27.80192 3.26700 
-27.81067 3.26800 
-27.81941 3.26900 
-27.82815 3.27000 
-27.83690 3.27100 
-27.84564 3.27200 
-27.85438 3.27300 
-27.86313 3.27400 
-27.87187 3.27500 
-27.88061 3.27600 
-27.88936 3.27700 
-27.89810 3.27800 
-27.90684 3.27900 
-27.91559 3.28000 
-27.92433 3.28100 
-27.93307 3.28200 
-27.94182 3.28300 
-27.95056 3.28400 
-27.95930 3.28500 
-27.96805 3.28600 
-27.97679 3.28700 
-27.98553 3.28800 
-27.99428 3.28900 
-28.00302 3.29000 
-28.01176 3.29100 
-28.02051 3.29200 
-28.02925 3.29300 
-28.03799 3.29400 
-28.04674 3.29500 
-28.05548 3.29600 
-28.06422 3.29700 
-28.07297 3.29800 
-28.08171 3.29900 
-28.09045 3.30000 
-28.09920 3.30100 
-28.10794 3.30200 
-28.11668 3.30300 
-28.12543 3.30400 
-28.13417 3.30500 
-28.14291 3.30600 
-28.15166 3.30700 
-28.16040 3.30800 
-28.16914 3.30900 
-28.17789 3.31000 
-28.18663 3.31100 
-28.19537 3.31200 
-28.20412 3.31300 
-28.21286 3.31400 
-28.22160 3.31500 
-28.23035 3.31600 
-28.23909 3.31700 
-28.24783 3.31800 
-28.25658 3.31900 
-28.26532 3.32000 
-28.27406 3.32100 
-28.28281 3.32200 
-28.29155 3.32300 
-28.30029 3.32400 
-28.30904 3.32500 
-28.31778 3.32600 
-28.32652 3.32700 
-28.33527 3.32800 
-28.34401 3.32900 
-28.35275 3.33000 
-28.36150 3.33100 
-28.37024 3.33200 
-28.37898 3.33300 
-28.38773 3.33400 
-28.39647 3.33500 
-28.40521 3.33600 
-28.41396 3.33700 
-28.42270 3.33800 
-28.43144 3.33900 
-28.44019 3.34000 
-28.44893 3.34100 
-28.45767 3.34200 
-28.46642 3.34300 
-28.47516 3.34400 
-28.48390 3.34500 
-28.49265 3.34600 
-28.50139 3.34700 
-28.51013 3.34800 
-28.51888 3.34900 
-28.52762 3.35000 
-28.53636 3.35100 
-28.54511 3.35200 
-28.55385 3.35300 
-28.56259 3.35400 
-28.57134 3.35500 
-28.58008 3.35600 
-28.58882 3.35700 
-28.59757 3.35800 
-28.60631 3.35900 
-28.61505 3.36000 
-28.62380 3.36100 
-28.63254 3.36200 
-28.64128 3.36300 
-28.65003 3.36400 
-28.65877 3.36500 
-28.66751 3.36600 
-28.67626 3.36700 
-28.68500 3.36800 
-28.69374 3.36900 
-28.70249 3.37000 
-28.71123 3.37100 
-28.71997 3.37200 
-28.72872 3.37300 
-28.73746 3.37400 
-28.74620 3.37500 
-28.75495 3.37600 
-28.76369 3.37700 
-28.77243 3.37800 
-28.78118 3.37900 
-28.78992 3.38000 
-28.79866 3.38100 
-28.80741 3.38200 
-28.81615 3.38300 
-28.82489 3.38400 
-28.83364 3.38500 
-28.84238 3.38600 
-28.85112 3.38700 
-28.85987 3.38800 
-28.86861 3.38900 
-28.87735 3.39000 
-28.88610 3.39100 
-28.89484 3.39200 
-28.90358 3.39300 
-28.91233 3.39400 
-28.92107 3.39500 
-28.92981 3.39600 
-28.93856 3.39700 
-28.94730 3.39800 
-28.95604 3.39900 
-28.96478 3.40000 
-28.97353 3.40100 
-28.98227 3.40200 
-28.99101 3.40300 
-28.99976 3.40400 
-29.00850 3.40500 
-29.01724 3.40600 
-29.02599 3.40700 
-29.03473 3.40800 
-29.04347 3.40900 
-29.05222 3.41000 
-29.06096 3.41100 
-29.06970 3.41200 
-29.07845 3.41300 
-29.08719 3.41400 
-29.09593 3.41500 
-29.10468 3.41600 
-29.11342 3.41700 
-29.12216 3.41800 
-29.13091 3.41900 
-29.13965 3.42000 
-29.14839 3.42100 
-29.15714 3.42200 
-29.16588 3.42300 
-29.17462 3.42400 
-29.18337 3.42500 
-29.19211 3.42600 
-29.20085 3.42700 
-29.20960 3.42800 
-29.21834 3.42900 
-29.22708 3.43000 
-29.23583 3.43100 
-29.24457 3.43200 
-29.25331 3.43300 
-29.26206 3.43400 
-29.27080 3.43500 
-29.27954 3.43600 
-29.28829 3.43700 
-29.29703 3.43800 
-29.30577 3.43900 
-29.31452 3.44000 
-29.32326 3.44100 
-29.33200 3.44200 
-29.34075 3.44300 
-29.34949 3.44400 
-29.35823 3.44500 
-29.36698 3.44600 
-29.37572 3.44700 
-29.38446 3.44800 
-29.39321 3.44900 
-29.40195 3.45000 
-29.41069 3.45100 
-29.41944 3.45200 
-29.42818 3.45300 
-29.43692 3.45400 
-29.44567 3.45500 
-29.45441 3.45600 
-29.46315 3.45700 
-29.47190 3.45800 
-29.48064 3.45900 
-29.48938 3.46000 
-29.49813 3.46100 
-29.50687 3.46200 
-29.51561 3.46300 
-29.52436 3.46400 
-29.53310 3.46500 
-29.54184 3.46600 
-29.55059 3.46700 
-29.55933 3.46800 
-29.56807 3.46900 
-29.57682 3.47000 
-29.58556 3.47100 
-29.59430 3.47200 
-29.60305 3.47300 
-29.61179 3.47400 
-29.62053 3.47500 
-29.62928 3.47600 
-29.63802 3.47700 
-29.64676 3.47800 
-29.65551 3.47900 
-29.66425 3.48000 
-29.67299 3.48100 
-29.68174 3.48200 
-29.69048 3.48300 
-29.69922 3.48400 
-29.70797 3.48500 
-29.71671 3.48600 
-29.72545 3.48700 
-29.73420 3.48800 
-29.74294 3.48900 
-29.75168 3.49000 
-29.76043 3.49100 
-29.76917 3.49200 
-29.77791 3.49300 
-29.78666 3.49400 
-29.79540 3.49500 
-29.80414 3.49600 
-29.81289 3.49700 
-29.82163 3.49800 
-29.83037 3.49900 
-29.83912 3.50000 
-29.84786 3.50100 
-29.85660 3.50200 
-29.86535 3.50300 
-29.87409 3.50400 
-29.88283 3.50500 
-29.89158 3.50600 
-29.90032 3.50700 
-29.90906 3.50800 
-29.91781 3.50900 
-29.92655 3.51000 
-29.93529 3.51100 
-29.94404 3.51200 
-29.95278 3.51300 
-29.96152 3.51400 
-29.97027 3.51500 
-29.97901 3.51600 
-29.98775 3.51700 
-29.99650 3.51800 
-30.00524 3.51900 
-30.01398 3.52000 
-30.02273 3.52100 
-30.03147 3.52200 
-30.04021 3.52300 
-30.04896 3.52400 
-30.05770 3.52500 
-30.06644 3.52600 
-30.07519 3.52700 
-30.08393 3.52800 
-30.09267 3.52900 
-30.10142 3.53000 
-30.11016 3.53100 
-30.11890 3.53200 
-30.12765 3.53300 
-30.13639 3.53400 
-30.14513 3.53500 
-30.15388 3.53600 
-30.16262 3.53700 
-30.17136 3.53800 
-30.18011 3.53900 
-30.18885 3.54000 
-30.19759 3.54100 
-30.20634 3.54200 
-30.21508 3.54300 
-30.22382 3.54400 
-30.23257 3.54500 
-30.24131 3.54600 
-30.25005 3.54700 
-30.25880 3.54800 
-30.26754 3.54900 
-30.27628 3.55000 
-30.28503 3.55100 
-30.29377 3.55200 
-30.30251 3.55300 
-30.31126 3.55400 
-30.32000 3.55500 
-30.32874 3.55600 
-30.33749 3.55700 
-30.34623 3.55800 
-30.35497 3.55900 
-30.36372 3.56000 
-30.37246 3.56100 
-30.38120 3.56200 
-30.38995 3.56300 
-30.39869 3.56400 
-30.40743 3.56500 
-30.41618 3.56600 
-30.42492 3.56700 
-30.43366 3.56800 
-30.44241 3.56900 
-30.45115 3.57000 
-30.45989 3.57100 
-30.46864 3.57200 
-30.47738 3.57300 
-30.48612 3.57400 
-30.49487 3.57500 
-30.50361 3.57600 
-30.51235 3.57700 
-30.52110 3.57800 
-30.52984 3.57900 
-30.53858 3.58000 
-30.54733 3.58100 
-30.55607 3.58200 
-30.56481 3.58300 
-30.57355 3.58400 
-30.58230 3.58500 
-30.59104 3.58600 
-30.59978 3.58700 
-30.60853 3.58800 
-30.61727 3.58900 
-30.62601 3.59000 
-30.63476 3.59100 
-30.64350 3.59200 
-30.65224 3.59300 
-30.66099 3.59400 
-30.66973 3.59500 
-30.67847 3.59600 
-30.68722 3.59700 
-30.69596 3.59800 
-30.70470 3.59900 
-30.71345 3.60000 
-30.72219 3.60100 
-30.73093 3.60200 
-30.73968 3.60300 
-30.74842 3.60400 
-30.75716 3.60500 
-30.76591 3.60600 
-30.77465 3.60700 
-30.78339 3.60800 
-30.79214 3.60900 
-30.80088 3.61000 
-30.80962 3.61100 
-30.81837 3.61200 
-30.82711 3.61300 
-30.83585 3.61400 
-30.84460 3.61500 
-30.85334 3.61600 
-30.86208 3.61700 
-30.87083 3.61800 
-30.87957 3.61900 
-30.88831 3.62000 
-30.89706 3.62100 
-30.90580 3.62200 
-30.91454 3.62300 
-30.92329 3.62400 
-30.93203 3.62500 
-30.94077 3.62600 
-30.94952 3.62700 
-30.95826 3.62800 
-30.96700 3.62900 
-30.97575 3.63000 
-30.98449 3.63100 
-30.99323 3.63200 
-31.00198 3.63300 
-31.01072 3.63400 
-31.01946 3.63500 
-31.02821 3.63600 
-31.03695 3.63700 
-31.04569 3.63800 
-31.05444 3.63900 
-31.06318 3.64000 
-31.07192 3.64100 
-31.08067 3.64200 
-31.08941 3.64300 
-31.09815 3.64400 
-31.10690 3.64500 
-31.11564 3.64600 
-31.12438 3.64700 
-31.13313 3.64800 
-31.14187 3.64900 
-31.15061 3.65000 
-31.15936 3.65100 
-31.16810 3.65200 
-31.17684 3.65300 
-31.18559 3.65400 
-31.19433 3.65500 
-31.20307 3.65600 
-31.21182 3.65700 
-31.22056 3.65800 
-31.22930 3.65900 
-31.23805 3.66000 
-31.24679 3.66100 
-31.25553 3.66200 
-31.26428 3.66300 
-31.27302 3.66400 
-31.28176 3.66500 
-31.29051 3.66600 
-31.29925 3.66700 
-31.30799 3.66800 
-31.31674 3.66900 
-31.32548 3.67000 
-31.33422 3.67100 
-31.34297 3.67200 
-31.35171 3.67300 
-31.36045 3.67400 
-31.36920 3.67500 
-31.37794 3.67600 
-31.38668 3.67700 
-31.39543 3.67800 
-31.40417 3.67900 
-31.41291 3.68000 
-31.42166 3.68100 
-31.43040 3.68200 
-31.43914 3.68300 
-31.44789 3.68400 
-31.45663 3.68500 
-31.46537 3.68600 
-31.47412 3.68700 
-31.48286 3.68800 
-31.49160 3.68900 
-31.50035 3.69000 
-31.50909 3.69100 
-31.51783 3.69200 
-31.52658 3.69300 
-31.53532 3.69400 
-31.54406 3.69500 
-31.55281 3.69600 
-31.56155 3.69700 
-31.57029 3.69800 
-31.57904 3.69900 
-31.58778 3.70000 
-31.59652 3.70100 
-31.60527 3.70200 
-31.61401 3.70300 
-31.62275 3.70400 
-31.63150 3.70500 
-31.64024 3.70600 
-31.64898 3.70700 
-31.65773 3.70800 
-31.66647 3.70900 
-31.67521 3.71000 
-31.68396 3.71100 
-31.69270 3.71200 
-31.70144 3.71300 
-31.71019 3.71400 
-31.71893 3.71500 
-31.72767 3.71600 
-31.73642 3.71700 
-31.74516 3.71800 
-31.75390 3.71900 
-31.76265 3.72000 
-31.77139 3.72100 
-31.78013 3.72200 
-31.78888 3.72300 
-31.79762 3.72400 
-31.80636 3.72500 
-31.81511 3.72600 
-31.82385 3.72700 
-31.83259 3.72800 
-31.84134 3.72900 
-31.85008 3.73000 
-31.85882 3.73100 
-31.86757 3.73200 
-31.87631 3.73300 
-31.88505 3.73400 
-31.89380 3.73500 
-31.90254 3.73600 
-31.91128 3.73700 
-31.92003 3.73800 
-31.92877 3.73900 
-31.93751 3.74000 
-31.94626 3.74100 
-31.95500 3.74200 
-31.96374 3.74300 
-31.97249 3.74400 
-31.98123 3.74500 
-31.98997 3.74600 
-31.99872 3.74700 
-32.00746 3.74800 
-32.01620 3.74900 
-32.02495 3.75000 
-32.03369 3.75100 
-32.04243 3.75200 
-32.05118 3.75300 
-32.05992 3.75400 
-32.06866 3.75500 
-32.07741 3.75600 
-32.08615 3.75700 
-32.09489 3.75800 
-32.10364 3.75900 
-32.11238 3.76000 
-32.12112 3.76100 
-32.12987 3.76200 
-32.13861 3.76300 
-32.14735 3.76400 
-32.15610 3.76500 
-32.16484 3.76600 
-32.17358 3.76700 
-32.18233 3.76800 
-32.19107 3.76900 
-32.19981 3.77000 
-32.20855 3.77100 
-32.21730 3.77200 
-32.22604 3.77300 
-32.23478 3.77400 
-32.24353 3.77500 
-32.25227 3.77600 
-32.26101 3.77700 
-32.26976 3.77800 
-32.27850 3.77900 
-32.28724 3.78000 
-32.29599 3.78100 
-32.30473 3.78200 
-32.31347 3.78300 
-32.32222 3.78400 
-32.33096 3.78500 
-32.33970 3.78600 
-32.34845 3.78700 
-32.35719 3.78800 
-32.36593 3.78900 
-32.37468 3.79000 
-32.38342 3.79100 
-32.39216 3.79200 
-32.40091 3.79300 
-32.40965 3.79400 
-32.41839 3.79500 
-32.42714 3.79600 
-32.43588 3.79700 
-32.44462 3.79800 
-32.45337 3.79900 
-32.46211 3.80000 
-32.47085 3.80100 
-32.47960 3.80200 
-32.48834 3.80300 
-32.49708 3.80400 
-32.50583 3.80500 
-32.51457 3.80600 
-32.52331 3.80700 
-32.53206 3.80800 
-32.54080 3.80900 
-32.54954 3.81000 
-32.55829 3.81100 
-32.56703 3.81200 
-32.57577 3.81300 
-32.58452 3.81400 
-32.59326 3.81500 
-32.60200 3.81600 
-32.61075 3.81700 
-32.61949 3.81800 
-32.62823 3.81900 
-32.63698 3.82000 
-32.64572 3.82100 
-32.65446 3.82200 
-32.66321 3.82300 
-32.67195 3.82400 
-32.68069 3.82500 
-32.68944 3.82600 
-32.69818 3.82700 
-32.70692 3.82800 
-32.71567 3.82900 
-32.72441 3.83000 
-32.73315 3.83100 
-32.74190 3.83200 
-32.75064 3.83300 
-32.75938 3.83400 
-32.76813 3.83500 
-32.77687 3.83600 
-32.78561 3.83700 
-32.79436 3.83800 
-32.80310 3.83900 
-32.81184 3.84000 
-32.82059 3.84100 
-32.82933 3.84200 
-32.83807 3.84300 
-32.84682 3.84400 
-32.85556 3.84500 
-32.86430 3.84600 
-32.87305 3.84700 
-32.88179 3.84800 
-32.89053 3.84900 
-32.89928 3.85000 
-32.90802 3.85100 
-32.91676 3.85200 
-32.92551 3.85300 
-32.93425 3.85400 
-32.94299 3.85500 
-32.95174 3.85600 
-32.96048 3.85700 
-32.96922 3.85800 
-32.97797 3.85900 
-32.98671 3.86000 
-32.99545 3.86100 
-33.00420 3.86200 
-33.01294 3.86300 
-33.02168 3.86400 
-33.03043 3.86500 
-33.03917 3.86600 
-33.04791 3.86700 
-33.05666 3.86800 
-33.06540 3.86900 
-33.07414 3.87000 
-33.08289 3.87100 
-33.09163 3.87200 
-33.10037 3.87300 
-33.10912 3.87400 
-33.11786 3.87500 
-33.12660 3.87600 
-33.13535 3.87700 
-33.14409 3.87800 
-33.15283 3.87900 
-33.16158 3.88000 
-33.17032 3.88100 
-33.17906 3.88200 
-33.18781 3.88300 
-33.19655 3.88400 
-33.20529 3.88500 
-33.21404 3.88600 
-33.22278 3.88700 
-33.23152 3.88800 
-33.24027 3.88900 
-33.24901 3.89000 
-33.25775 3.89100 
-33.26650 3.89200 
-33.27524 3.89300 
-33.28398 3.89400 
-33.29273 3.89500 
-33.30147 3.89600 
-33.31021 3.89700 
-33.31896 3.89800 
-33.32770 3.89900 
-33.33644 3.90000 
-33.34519 3.90100 
-33.35393 3.90200 
-33.36267 3.90300 
-33.37142 3.90400 
-33.38016 3.90500 
-33.38890 3.90600 
-33.39765 3.90700 
-33.40639 3.90800 
-33.41513 3.90900 
-33.42388 3.91000 
-33.43262 3.91100 
-33.44136 3.91200 
-33.45011 3.91300 
-33.45885 3.91400 
-33.46759 3.91500 
-33.47634 3.91600 
-33.48508 3.91700 
-33.49382 3.91800 
-33.50257 3.91900 
-33.51131 3.92000 
-33.52005 3.92100 
-33.52880 3.92200 
-33.53754 3.92300 
-33.54628 3.92400 
-33.55503 3.92500 
-33.56377 3.92600 
-33.57251 3.92700 
-33.58126 3.92800 
-33.59000 3.92900 
-33.59874 3.93000 
-33.60749 3.93100 
-33.61623 3.93200 
-33.62497 3.93300 
-33.63372 3.93400 
-33.64246 3.93500 
-33.65120 3.93600 
-33.65995 3.93700 
-33.66869 3.93800 
-33.67743 3.93900 
-33.68618 3.94000 
-33.69492 3.94100 
-33.70366 3.94200 
-33.71241 3.94300 
-33.72115 3.94400 
-33.72989 3.94500 
-33.73864 3.94600 
-33.74738 3.94700 
-33.75612 3.94800 
-33.76487 3.94900 
-33.77361 3.95000 
-33.78235 3.95100 
-33.79110 3.95200 
-33.79984 3.95300 
-33.80858 3.95400 
-33.81732 3.95500 
-33.82607 3.95600 
-33.83481 3.95700 
-33.84355 3.95800 
-33.85230 3.95900 
-33.86104 3.96000 
-33.86978 3.96100 
-33.87853 3.96200 
-33.88727 3.96300 
-33.89601 3.96400 
-33.90476 3.96500 
-33.91350 3.96600 
-33.92224 3.96700 
-33.93099 3.96800 
-33.93973 3.96900 
-33.94847 3.97000 
-33.95722 3.97100 
-33.96596 3.97200 
-33.97470 3.97300 
-33.98345 3.97400 
-33.99219 3.97500 
-34.00093 3.97600 
-34.00968 3.97700 
-34.01842 3.97800 
-34.02716 3.97900 
-34.03591 3.98000 
-34.04465 3.98100 
-34.05339 3.98200 
-34.06214 3.98300 
-34.07088 3.98400 
-34.07962 3.98500 
-34.08837 3.98600 
-34.09711 3.98700 
-34.10585 3.98800 
-34.11460 3.98900 
-34.12334 3.99000 
-34.13208 3.99100 
-34.14083 3.99200 
-34.14957 3.99300 
-34.15831 3.99400 
-34.16706 3.99500 
-34.17580 3.99600 
-34.18454 3.99700 
-34.19329 3.99800 
-34.20203 3.99900 
-34.21077 4.00000 
-34.21952 4.00100 
-34.22826 4.00200 
-34.23700 4.00300 
-34.24575 4.00400 
-34.25449 4.00500 
-34.26323 4.00600 
-34.27198 4.00700 
-34.28072 4.00800 
-34.28946 4.00900 
-34.29821 4.01000 
-34.30695 4.01100 
-34.31569 4.01200 
-34.32444 4.01300 
-34.33318 4.01400 
-34.34192 4.01500 
-34.35067 4.01600 
-34.35941 4.01700 
-34.36815 4.01800 
-34.37690 4.01900 
-34.38564 4.02000 
-34.39438 4.02100 
-34.40313 4.02200 
-34.41187 4.02300 
-34.42061 4.02400 
-34.42936 4.02500 
-34.43810 4.02600 
-34.44684 4.02700 
-34.45559 4.02800 
-34.46433 4.02900 
-34.47307 4.03000 
-34.48182 4.03100 
-34.49056 4.03200 
-34.49930 4.03300 
-34.50805 4.03400 
-34.51679 4.03500 
-34.52553 4.03600 
-34.53428 4.03700 
-34.54302 4.03800 
-34.55176 4.03900 
-34.56051 4.04000 
-34.56925 4.04100 
-34.57799 4.04200 
-34.58674 4.04300 
-34.59548 4.04400 
-34.60422 4.04500 
-34.61297 4.04600 
-34.62171 4.04700 
-34.63045 4.04800 
-34.63920 4.04900 
-34.64794 4.05000 
-34.65668 4.05100 
-34.66543 4.05200 
-34.67417 4.05300 
-34.68291 4.05400 
-34.69166 4.05500 
-34.70040 4.05600 
-34.70914 4.05700 
-34.71789 4.05800 
-34.72663 4.05900 
-34.73537 4.06000 
-34.74412 4.06100 
-34.75286 4.06200 
-34.76160 4.06300 
-34.77035 4.06400 
-34.77909 4.06500 
-34.78783 4.06600 
-34.79658 4.06700 
-34.80532 4.06800 
-34.81406 4.06900 
-34.82281 4.07000 
-34.83155 4.07100 
-34.84029 4.07200 
-34.84904 4.07300 
-34.85778 4.07400 
-34.86652 4.07500 
-34.87527 4.07600 
-34.88401 4.07700 
-34.89275 4.07800 
-34.90150 4.07900 
-34.91024 4.08000 
-34.91898 4.08100 
-34.92773 4.08200 
-34.93647 4.08300 
-34.94521 4.08400 
-34.95396 4.08500 
-34.96270 4.08600 
-34.97144 4.08700 
-34.98019 4.08800 
-34.98893 4.08900 
-34.99767 4.09000 
-35.00642 4.09100 
-35.01516 4.09200 
-35.02390 4.09300 
-35.03265 4.09400 
-35.04139 4.09500 
-35.05013 4.09600 
-35.05888 4.09700 
-35.06762 4.09800 
-35.07636 4.09900 
-35.08511 4.10000 
-35.09385 4.10100 
-35.10259 4.10200 
-35.11134 4.10300 
-35.12008 4.10400 
-35.12882 4.10500 
-35.13757 4.10600 
-35.14631 4.10700 
-35.15505 4.10800 
-35.16380 4.10900 
-35.17254 4.11000 
-35.18128 4.11100 
-35.19003 4.11200 
-35.19877 4.11300 
-35.20751 4.11400 
-35.21626 4.11500 
-35.22500 4.11600 
-35.23374 4.11700 
-35.24249 4.11800 
-35.25123 4.11900 
-35.25997 4.12000 
-35.26872 4.12100 
-35.27746 4.12200 
-35.28620 4.12300 
-35.29495 4.12400 
-35.30369 4.12500 
-35.31243 4.12600 
-35.32118 4.12700 
-35.32992 4.12800 
-35.33866 4.12900 
-35.34741 4.13000 
-35.35615 4.13100 
-35.36489 4.13200 
-35.37364 4.13300 
-35.38238 4.13400 
-35.39112 4.13500 
-35.39987 4.13600 
-35.40861 4.13700 
-35.41735 4.13800 
-35.42609 4.13900 
-35.43484 4.14000 
-35.44358 4.14100 
-35.45232 4.14200 
-35.46107 4.14300 
-35.46981 4.14400 
-35.47855 4.14500 
-35.48730 4.14600 
-35.49604 4.14700 
-35.50478 4.14800 
-35.51353 4.14900 
-35.52227 4.15000 
-35.53101 4.15100 
-35.53976 4.15200 
-35.54850 4.15300 
-35.55724 4.15400 
-35.56599 4.15500 
-35.57473 4.15600 
-35.58347 4.15700 
-35.59222 4.15800 
-35.60096 4.15900 
-35.60970 4.16000 
-35.61845 4.16100 
-35.62719 4.16200 
-35.63593 4.16300 
-35.64468 4.16400 
-35.65342 4.16500 
-35.66216 4.16600 
-35.67091 4.16700 
-35.67965 4.16800 
-35.68839 4.16900 
-35.69714 4.17000 
-35.70588 4.17100 
-35.71462 4.17200 
-35.72337 4.17300 
-35.73211 4.17400 
-35.74085 4.17500 
-35.74960 4.17600 
-35.75834 4.17700 
-35.76708 4.17800 
-35.77583 4.17900 
-35.78457 4.18000 
-35.79331 4.18100 
-35.80206 4.18200 
-35.81080 4.18300 
-35.81954 4.18400 
-35.82829 4.18500 
-35.83703 4.18600 
-35.84577 4.18700 
-35.85452 4.18800 
-35.86326 4.18900 
-35.87200 4.19000 
-35.88075 4.19100 
-35.88949 4.19200 
-35.89823 4.19300 
-35.90698 4.19400 
-35.91572 4.19500 
-35.92446 4.19600 
-35.93321 4.19700 
-35.94195 4.19800 
-35.95069 4.19900 
-35.95944 4.20000 
-35.96818 4.20100 
-35.97692 4.20200 
-35.98567 4.20300 
-35.99441 4.20400 
-36.00315 4.20500 
-36.01190 4.20600 
-36.02064 4.20700 
-36.02938 4.20800 
-36.03813 4.20900 
-36.04687 4.21000 
-36.05561 4.21100 
-36.06436 4.21200 
-36.07310 4.21300 
-36.08184 4.21400 
-36.09059 4.21500 
-36.09933 4.21600 
-36.10807 4.21700 
-36.11682 4.21800 
-36.12556 4.21900 
-36.13430 4.22000 
-36.14305 4.22100 
-36.15179 4.22200 
-36.16053 4.22300 
-36.16928 4.22400 
-36.17802 4.22500 
-36.18676 4.22600 
-36.19551 4.22700 
-36.20425 4.22800 
-36.21299 4.22900 
-36.22174 4.23000 
-36.23048 4.23100 
-36.23922 4.23200 
-36.24797 4.23300 
-36.25671 4.23400 
-36.26545 4.23500 
-36.27420 4.23600 
-36.28294 4.23700 
-36.29168 4.23800 
-36.30043 4.23900 
-36.30917 4.24000 
-36.31791 4.24100 
-36.32666 4.24200 
-36.33540 4.24300 
-36.34414 4.24400 
-36.35289 4.24500 
-36.36163 4.24600 
-36.37037 4.24700 
-36.37912 4.24800 
-36.38786 4.24900 
-36.39660 4.25000 
-36.40535 4.25100 
-36.41409 4.25200 
-36.42283 4.25300 
-36.43158 4.25400 
-36.44032 4.25500 
-36.44906 4.25600 
-36.45781 4.25700 
-36.46655 4.25800 
-36.47529 4.25900 
-36.48404 4.26000 
-36.49278 4.26100 
-36.50152 4.26200 
-36.51027 4.26300 
-36.51901 4.26400 
-36.52775 4.26500 
-36.53650 4.26600 
-36.54524 4.26700 
-36.55398 4.26800 
-36.56273 4.26900 
-36.57147 4.27000 
-36.58021 4.27100 
-36.58896 4.27200 
-36.59770 4.27300 
-36.60644 4.27400 
-36.61519 4.27500 
-36.62393 4.27600 
-36.63267 4.27700 
-36.64142 4.27800 
-36.65016 4.27900 
-36.65890 4.28000 
-36.66765 4.28100 
-36.67639 4.28200 
-36.68513 4.28300 
-36.69388 4.28400 
-36.70262 4.28500 
-36.71136 4.28600 
-36.72011 4.28700 
-36.72885 4.28800 
-36.73759 4.28900 
-36.74634 4.29000 
-36.75508 4.29100 
-36.76382 4.29200 
-36.77257 4.29300 
-36.78131 4.29400 
-36.79005 4.29500 
-36.79880 4.29600 
-36.80754 4.29700 
-36.81628 4.29800 
-36.82503 4.29900 
-36.83377 4.30000 
-36.84251 4.30100 
-36.85126 4.30200 
-36.86000 4.30300 
-36.86874 4.30400 
-36.87749 4.30500 
-36.88623 4.30600 
-36.89497 4.30700 
-36.90372 4.30800 
-36.91246 4.30900 
-36.92120 4.31000 
-36.92995 4.31100 
-36.93869 4.31200 
-36.94743 4.31300 
-36.95618 4.31400 
-36.96492 4.31500 
-36.97366 4.31600 
-36.98241 4.31700 
-36.99115 4.31800 
-36.99989 4.31900 
-37.00864 4.32000 
-37.01738 4.32100 
-37.02612 4.32200 
-37.03486 4.32300 
-37.04361 4.32400 
-37.05235 4.32500 
-37.06109 4.32600 
-37.06984 4.32700 
-37.07858 4.32800 
-37.08732 4.32900 
-37.09607 4.33000 
-37.10481 4.33100 
-37.11355 4.33200 
-37.12230 4.33300 
-37.13104 4.33400 
-37.13978 4.33500 
-37.14853 4.33600 
-37.15727 4.33700 
-37.16601 4.33800 
-37.17476 4.33900 
-37.18350 4.34000 
-37.19224 4.34100 
-37.20099 4.34200 
-37.20973 4.34300 
-37.21847 4.34400 
-37.22722 4.34500 
-37.23596 4.34600 
-37.24470 4.34700 
-37.25345 4.34800 
-37.26219 4.34900 
-37.27093 4.35000 
-37.27968 4.35100 
-37.28842 4.35200 
-37.29716 4.35300 
-37.30591 4.35400 
-37.31465 4.35500 
-37.32339 4.35600 
-37.33214 4.35700 
-37.34088 4.35800 
-37.34962 4.35900 
-37.35837 4.36000 
-37.36711 4.36100 
-37.37585 4.36200 
-37.38460 4.36300 
-37.39334 4.36400 
-37.40208 4.36500 
-37.41083 4.36600 
-37.41957 4.36700 
-37.42831 4.36800 
-37.43706 4.36900 
-37.44580 4.37000 
-37.45454 4.37100 
-37.46329 4.37200 
-37.47203 4.37300 
-37.48077 4.37400 
-37.48952 4.37500 
-37.49826 4.37600 
-37.50700 4.37700 
-37.51575 4.37800 
-37.52449 4.37900 
-37.53323 4.38000 
-37.54198 4.38100 
-37.55072 4.38200 
-37.55946 4.38300 
-37.56821 4.38400 
-37.57695 4.38500 
-37.58569 4.38600 
-37.59444 4.38700 
-37.60318 4.38800 
-37.61192 4.38900 
-37.62067 4.39000 
-37.62941 4.39100 
-37.63815 4.39200 
-37.64690 4.39300 
-37.65564 4.39400 
-37.66438 4.39500 
-37.67313 4.39600 
-37.68187 4.39700 
-37.69061 4.39800 
-37.69936 4.39900 
-37.70810 4.40000 
-37.71684 4.40100 
-37.72559 4.40200 
-37.73433 4.40300 
-37.74307 4.40400 
-37.75182 4.40500 
-37.76056 4.40600 
-37.76930 4.40700 
-37.77805 4.40800 
-37.78679 4.40900 
-37.79553 4.41000 
-37.80428 4.41100 
-37.81302 4.41200 
-37.82176 4.41300 
-37.83051 4.41400 
-37.83925 4.41500 
-37.84799 4.41600 
-37.85674 4.41700 
-37.86548 4.41800 
-37.87422 4.41900 
-37.88297 4.42000 
-37.89171 4.42100 
-37.90045 4.42200 
-37.90920 4.42300 
-37.91794 4.42400 
-37.92668 4.42500 
-37.93543 4.42600 
-37.94417 4.42700 
-37.95291 4.42800 
-37.96166 4.42900 
-37.97040 4.43000 
-37.97914 4.43100 
-37.98789 4.43200 
-37.99663 4.43300 
-38.00537 4.43400 
-38.01412 4.43500 
-38.02286 4.43600 
-38.03160 4.43700 
-38.04035 4.43800 
-38.04909 4.43900 
-38.05783 4.44000 
-38.06658 4.44100 
-38.07532 4.44200 
-38.08406 4.44300 
-38.09281 4.44400 
-38.10155 4.44500 
-38.11029 4.44600 
-38.11904 4.44700 
-38.12778 4.44800 
-38.13652 4.44900 
-38.14527 4.45000 
-38.15401 4.45100 
-38.16275 4.45200 
-38.17150 4.45300 
-38.18024 4.45400 
-38.18898 4.45500 
-38.19773 4.45600 
-38.20647 4.45700 
-38.21521 4.45800 
-38.22396 4.45900 
-38.23270 4.46000 
-38.24144 4.46100 
-38.25019 4.46200 
-38.25893 4.46300 
-38.26767 4.46400 
-38.27642 4.46500 
-38.28516 4.46600 
-38.29390 4.46700 
-38.30265 4.46800 
-38.31139 4.46900 
-38.32013 4.47000 
-38.32888 4.47100 
-38.33762 4.47200 
-38.34636 4.47300 
-38.35511 4.47400 
-38.36385 4.47500 
-38.37259 4.47600 
-38.38134 4.47700 
-38.39008 4.47800 
-38.39882 4.47900 
-38.40757 4.48000 
-38.41631 4.48100 
-38.42505 4.48200 
-38.43380 4.48300 
-38.44254 4.48400 
-38.45128 4.48500 
-38.46003 4.48600 
-38.46877 4.48700 
-38.47751 4.48800 
-38.48626 4.48900 
-38.49500 4.49000 
-38.50374 4.49100 
-38.51249 4.49200 
-38.52123 4.49300 
-38.52997 4.49400 
-38.53872 4.49500 
-38.54746 4.49600 
-38.55620 4.49700 
-38.56495 4.49800 
-38.57369 4.49900 
-38.58243 4.50000 
-38.59118 4.50100 
-38.59992 4.50200 
-38.60866 4.50300 
-38.61741 4.50400 
-38.62615 4.50500 
-38.63489 4.50600 
-38.64364 4.50700 
-38.65238 4.50800 
-38.66112 4.50900 
-38.66986 4.51000 
-38.67861 4.51100 
-38.68735 4.51200 
-38.69609 4.51300 
-38.70484 4.51400 
-38.71358 4.51500 
-38.72232 4.51600 
-38.73107 4.51700 
-38.73981 4.51800 
-38.74855 4.51900 
-38.75730 4.52000 
-38.76604 4.52100 
-38.77478 4.52200 
-38.78353 4.52300 
-38.79227 4.52400 
-38.80101 4.52500 
-38.80976 4.52600 
-38.81850 4.52700 
-38.82724 4.52800 
-38.83599 4.52900 
-38.84473 4.53000 
-38.85347 4.53100 
-38.86222 4.53200 
-38.87096 4.53300 
-38.87970 4.53400 
-38.88845 4.53500 
-38.89719 4.53600 
-38.90593 4.53700 
-38.91468 4.53800 
-38.92342 4.53900 
-38.93216 4.54000 
-38.94091 4.54100 
-38.94965 4.54200 
-38.95839 4.54300 
-38.96714 4.54400 
-38.97588 4.54500 
-38.98462 4.54600 
-38.99337 4.54700 
-39.00211 4.54800 
-39.01085 4.54900 
-39.01960 4.55000 
-39.02834 4.55100 
-39.03708 4.55200 
-39.04583 4.55300 
-39.05457 4.55400 
-39.06331 4.55500 
-39.07206 4.55600 
-39.08080 4.55700 
-39.08954 4.55800 
-39.09829 4.55900 
-39.10703 4.56000 
-39.11577 4.56100 
-39.12452 4.56200 
-39.13326 4.56300 
-39.14200 4.56400 
-39.15075 4.56500 
-39.15949 4.56600 
-39.16823 4.56700 
-39.17698 4.56800 
-39.18572 4.56900 
-39.19446 4.57000 
-39.20321 4.57100 
-39.21195 4.57200 
-39.22069 4.57300 
-39.22944 4.57400 
-39.23818 4.57500 
-39.24692 4.57600 
-39.25567 4.57700 
-39.26441 4.57800 
-39.27315 4.57900 
-39.28190 4.58000 
-39.29064 4.58100 
-39.29938 4.58200 
-39.30813 4.58300 
-39.31687 4.58400 
-39.32561 4.58500 
-39.33436 4.58600 
-39.34310 4.58700 
-39.35184 4.58800 
-39.36059 4.58900 
-39.36933 4.59000 
-39.37807 4.59100 
-39.38682 4.59200 
-39.39556 4.59300 
-39.40430 4.59400 
-39.41305 4.59500 
-39.42179 4.59600 
-39.43053 4.59700 
-39.43928 4.59800 
-39.44802 4.59900 
-39.45676 4.60000 
-39.46551 4.60100 
-39.47425 4.60200 
-39.48299 4.60300 
-39.49174 4.60400 
-39.50048 4.60500 
-39.50922 4.60600 
-39.51797 4.60700 
-39.52671 4.60800 
-39.53545 4.60900 
-39.54420 4.61000 
-39.55294 4.61100 
-39.56168 4.61200 
-39.57043 4.61300 
-39.57917 4.61400 
-39.58791 4.61500 
-39.59666 4.61600 
-39.60540 4.61700 
-39.61414 4.61800 
-39.62289 4.61900 
-39.63163 4.62000 
-39.64037 4.62100 
-39.64912 4.62200 
-39.65786 4.62300 
-39.66660 4.62400 
-39.67535 4.62500 
-39.68409 4.62600 
-39.69283 4.62700 
-39.70158 4.62800 
-39.71032 4.62900 
-39.71906 4.63000 
-39.72781 4.63100 
-39.73655 4.63200 
-39.74529 4.63300 
-39.75404 4.63400 
-39.76278 4.63500 
-39.77152 4.63600 
-39.78027 4.63700 
-39.78901 4.63800 
-39.79775 4.63900 
-39.80650 4.64000 
-39.81524 4.64100 
-39.82398 4.64200 
-39.83273 4.64300 
-39.84147 4.64400 
-39.85021 4.64500 
-39.85896 4.64600 
-39.86770 4.64700 
-39.87644 4.64800 
-39.88519 4.64900 
-39.89393 4.65000 
-39.90267 4.65100 
-39.91142 4.65200 
-39.92016 4.65300 
-39.92890 4.65400 
-39.93765 4.65500 
-39.94639 4.65600 
-39.95513 4.65700 
-39.96388 4.65800 
-39.97262 4.65900 
-39.98136 4.66000 
-39.99011 4.66100 
-39.99885 4.66200 
-40.00759 4.66300 
-40.01634 4.66400 
-40.02508 4.66500 
-40.03382 4.66600 
-40.04257 4.66700 
-40.05131 4.66800 
-40.06005 4.66900 
-40.06880 4.67000 
-40.07754 4.67100 
-40.08628 4.67200 
-40.09503 4.67300 
-40.10377 4.67400 
-40.11251 4.67500 
-40.12126 4.67600 
-40.13000 4.67700 
-40.13874 4.67800 
-40.14749 4.67900 
-40.15623 4.68000 
-40.16497 4.68100 
-40.17372 4.68200 
-40.18246 4.68300 
-40.19120 4.68400 
-40.19995 4.68500 
-40.20869 4.68600 
-40.21743 4.68700 
-40.22618 4.68800 
-40.23492 4.68900 
-40.24366 4.69000 
-40.25241 4.69100 
-40.26115 4.69200 
-40.26989 4.69300 
-40.27863 4.69400 
-40.28738 4.69500 
-40.29612 4.69600 
-40.30486 4.69700 
-40.31361 4.69800 
-40.32235 4.69900 
-40.33109 4.70000 
-40.33984 4.70100 
-40.34858 4.70200 
-40.35732 4.70300 
-40.36607 4.70400 
-40.37481 4.70500 
-40.38355 4.70600 
-40.39230 4.70700 
-40.40104 4.70800 
-40.40978 4.70900 
-40.41853 4.71000 
-40.42727 4.71100 
-40.43601 4.71200 
-40.44476 4.71300 
-40.45350 4.71400 
-40.46224 4.71500 
-40.47099 4.71600 
-40.47973 4.71700 
-40.48847 4.71800 
-40.49722 4.71900 
-40.50596 4.72000 
-40.51470 4.72100 
-40.52345 4.72200 
-40.53219 4.72300 
-40.54093 4.72400 
-40.54968 4.72500 
-40.55842 4.72600 
-40.56716 4.72700 
-40.57591 4.72800 
-40.58465 4.72900 
-40.59339 4.73000 
-40.60214 4.73100 
-40.61088 4.73200 
-40.61962 4.73300 
-40.62837 4.73400 
-40.63711 4.73500 
-40.64585 4.73600 
-40.65460 4.73700 
-40.66334 4.73800 
-40.67208 4.73900 
-40.68083 4.74000 
-40.68957 4.74100 
-40.69831 4.74200 
-40.70706 4.74300 
-40.71580 4.74400 
-40.72454 4.74500 
-40.73329 4.74600 
-40.74203 4.74700 
-40.75077 4.74800 
-40.75952 4.74900 
-40.76826 4.75000 
-40.77700 4.75100 
-40.78575 4.75200 
-40.79449 4.75300 
-40.80323 4.75400 
-40.81198 4.75500 
-40.82072 4.75600 
-40.82946 4.75700 
-40.83821 4.75800 
-40.84695 4.75900 
-40.85569 4.76000 
-40.86444 4.76100 
-40.87318 4.76200 
-40.88192 4.76300 
-40.89067 4.76400 
-40.89941 4.76500 
-40.90815 4.76600 
-40.91690 4.76700 
-40.92564 4.76800 
-40.93438 4.76900 
-40.94313 4.77000 
-40.95187 4.77100 
-40.96061 4.77200 
-40.96936 4.77300 
-40.97810 4.77400 
-40.98684 4.77500 
-40.99559 4.77600 
-41.00433 4.77700 
-41.01307 4.77800 
-41.02182 4.77900 
-41.03056 4.78000 
-41.03930 4.78100 
-41.04805 4.78200 
-41.05679 4.78300 
-41.06553 4.78400 
-41.07428 4.78500 
-41.08302 4.78600 
-41.09176 4.78700 
-41.10051 4.78800 
-41.10925 4.78900 
-41.11799 4.79000 
-41.12674 4.79100 
-41.13548 4.79200 
-41.14422 4.79300 
-41.15297 4.79400 
-41.16171 4.79500 
-41.17045 4.79600 
-41.17920 4.79700 
-41.18794 4.79800 
-41.19668 4.79900 
-41.20543 4.80000 
-41.21417 4.80100 
-41.22291 4.80200 
-41.23166 4.80300 
-41.24040 4.80400 
-41.24914 4.80500 
-41.25789 4.80600 
-41.26663 4.80700 
-41.27537 4.80800 
-41.28412 4.80900 
-41.29286 4.81000 
-41.30160 4.81100 
-41.31035 4.81200 
-41.31909 4.81300 
-41.32783 4.81400 
-41.33658 4.81500 
-41.34532 4.81600 
-41.35406 4.81700 
-41.36281 4.81800 
-41.37155 4.81900 
-41.38029 4.82000 
-41.38904 4.82100 
-41.39778 4.82200 
-41.40652 4.82300 
-41.41527 4.82400 
-41.42401 4.82500 
-41.43275 4.82600 
-41.44150 4.82700 
-41.45024 4.82800 
-41.45898 4.82900 
-41.46773 4.83000 
-41.47647 4.83100 
-41.48521 4.83200 
-41.49396 4.83300 
-41.50270 4.83400 
-41.51144 4.83500 
-41.52019 4.83600 
-41.52893 4.83700 
-41.53767 4.83800 
-41.54642 4.83900 
-41.55516 4.84000 
-41.56390 4.84100 
-41.57265 4.84200 
-41.58139 4.84300 
-41.59013 4.84400 
-41.59888 4.84500 
-41.60762 4.84600 
-41.61636 4.84700 
-41.62511 4.84800 
-41.63385 4.84900 
-41.64259 4.85000 
-41.65134 4.85100 
-41.66008 4.85200 
-41.66882 4.85300 
-41.67757 4.85400 
-41.68631 4.85500 
-41.69505 4.85600 
-41.70380 4.85700 
-41.71254 4.85800 
-41.72128 4.85900 
-41.73003 4.86000 
-41.73877 4.86100 
-41.74751 4.86200 
-41.75626 4.86300 
-41.76500 4.86400 
-41.77374 4.86500 
-41.78249 4.86600 
-41.79123 4.86700 
-41.79997 4.86800 
-41.80872 4.86900 
-41.81746 4.87000 
-41.82620 4.87100 
-41.83495 4.87200 
-41.84369 4.87300 
-41.85243 4.87400 
-41.86118 4.87500 
-41.86992 4.87600 
-41.87866 4.87700 
-41.88740 4.87800 
-41.89615 4.87900 
-41.90489 4.88000 
-41.91363 4.88100 
-41.92238 4.88200 
-41.93112 4.88300 
-41.93986 4.88400 
-41.94861 4.88500 
-41.95735 4.88600 
-41.96609 4.88700 
-41.97484 4.88800 
-41.98358 4.88900 
-41.99232 4.89000 
-42.00107 4.89100 
-42.00981 4.89200 
-42.01855 4.89300 
-42.02730 4.89400 
-42.03604 4.89500 
-42.04478 4.89600 
-42.05353 4.89700 
-42.06227 4.89800 
-42.07101 4.89900 
-42.07976 4.90000 
-42.08850 4.90100 
-42.09724 4.90200 
-42.10599 4.90300 
-42.11473 4.90400 
-42.12347 4.90500 
-42.13222 4.90600 
-42.14096 4.90700 
-42.14970 4.90800 
-42.15845 4.90900 
-42.16719 4.91000 
-42.17593 4.91100 
-42.18468 4.91200 
-42.19342 4.91300 
-42.20216 4.91400 
-42.21091 4.91500 
-42.21965 4.91600 
-42.22839 4.91700 
-42.23714 4.91800 
-42.24588 4.91900 
-42.25462 4.92000 
-42.26337 4.92100 
-42.27211 4.92200 
-42.28085 4.92300 
-42.28960 4.92400 
-42.29834 4.92500 
-42.30708 4.92600 
-42.31583 4.92700 
-42.32457 4.92800 
-42.33331 4.92900 
-42.34206 4.93000 
-42.35080 4.93100 
-42.35954 4.93200 
-42.36829 4.93300 
-42.37703 4.93400 
-42.38577 4.93500 
-42.39452 4.93600 
-42.40326 4.93700 
-42.41200 4.93800 
-42.42075 4.93900 
-42.42949 4.94000 
-42.43823 4.94100 
-42.44698 4.94200 
-42.45572 4.94300 
-42.46446 4.94400 
-42.47321 4.94500 
-42.48195 4.94600 
-42.49069 4.94700 
-42.49944 4.94800 
-42.50818 4.94900 
-42.51692 4.95000 
-42.52567 4.95100 
-42.53441 4.95200 
-42.54315 4.95300 
-42.55190 4.95400 
-42.56064 4.95500 
-42.56938 4.95600 
-42.57813 4.95700 
-42.58687 4.95800 
-42.59561 4.95900 
-42.60436 4.96000 
-42.61310 4.96100 
-42.62184 4.96200 
-42.63059 4.96300 
-42.63933 4.96400 
-42.64807 4.96500 
-42.65682 4.96600 
-42.66556 4.96700 
-42.67430 4.96800 
-42.68305 4.96900 
-42.69179 4.97000 
-42.70053 4.97100 
-42.70928 4.97200 
-42.71802 4.97300 
-42.72676 4.97400 
-42.73551 4.97500 
-42.74425 4.97600 
-42.75299 4.97700 
-42.76174 4.97800 
-42.77048 4.97900 
-42.77922 4.98000 
-42.78797 4.98100 
-42.79671 4.98200 
-42.80545 4.98300 
-42.81420 4.98400 
-42.82294 4.98500 
-42.83168 4.98600 
-42.84043 4.98700 
-42.84917 4.98800 
-42.85791 4.98900 
-42.86666 4.99000 
-42.87540 4.99100 
-42.88414 4.99200 
-42.89289 4.99300 
-42.90163 4.99400 
-42.91037 4.99500 
-42.91912 4.99600 
-42.92786 4.99700 
-42.93660 4.99800 
-42.94535 4.99900 
