0.00000 0.00000 
0.00001 0.00100 
0.00004 0.00200 
0.00010 0.00300 
0.00019 0.00400 
0.00031 0.00500 
0.00046 0.00600 
0.00064 0.00700 
0.00085 0.00800 
0.00108 0.00900 
0.00135 0.01000 
0.00164 0.01100 
0.00197 0.01200 
0.00231 0.01300 
0.00269 0.01400 
0.00309 0.01500 
0.00352 0.01600 
0.00398 0.01700 
0.00446 0.01800 
0.00497 0.01900 
0.00550 0.02000 
0.00606 0.02100 
0.00664 0.02200 
0.00724 0.02300 
0.00787 0.02400 
0.00853 0.02500 
0.00921 0.02600 
0.00991 0.02700 
0.01063 0.02800 
0.01138 0.02900 
0.01215 0.03000 
0.01294 0.03100 
0.01375 0.03200 
0.01459 0.03300 
0.01545 0.03400 
0.01632 0.03500 
0.01722 0.03600 
0.01814 0.03700 
0.01908 0.03800 
0.02004 0.03900 
0.02102 0.04000 
0.02203 0.04100 
0.02305 0.04200 
0.02409 0.04300 
0.02514 0.04400 
0.02622 0.04500 
0.02732 0.04600 
0.02843 0.04700 
0.02957 0.04800 
0.03072 0.04900 
0.03189 0.05000 
0.03307 0.05100 
0.03428 0.05200 
0.03550 0.05300 
0.03674 0.05400 
0.03800 0.05500 
0.03927 0.05600 
0.04056 0.05700 
0.04186 0.05800 
0.04318 0.05900 
0.04452 0.06000 
0.04587 0.06100 
0.04724 0.06200 
0.04863 0.06300 
0.05002 0.06400 
0.05144 0.06500 
0.05287 0.06600 
0.05431 0.06700 
0.05577 0.06800 
0.05724 0.06900 
0.05873 0.07000 
0.06023 0.07100 
0.06174 0.07200 
0.06327 0.07300 
0.06481 0.07400 
0.06637 0.07500 
0.06794 0.07600 
0.06952 0.07700 
0.07111 0.07800 
0.07272 0.07900 
0.07434 0.08000 
0.07597 0.08100 
0.07762 0.08200 
0.07928 0.08300 
0.08094 0.08400 
0.08263 0.08500 
0.08432 0.08600 
0.08602 0.08700 
0.08774 0.08800 
0.08947 0.08900 
0.09121 0.09000 
0.09295 0.09100 
0.09472 0.09200 
0.09649 0.09300 
0.09827 0.09400 
0.10006 0.09500 
0.10187 0.09600 
0.10368 0.09700 
0.10550 0.09800 
0.10734 0.09900 
0.10918 0.10000 
0.11104 0.10100 
0.11290 0.10200 
0.11478 0.10300 
0.11666 0.10400 
0.11855 0.10500 
0.12045 0.10600 
0.12237 0.10700 
0.12429 0.10800 
0.12622 0.10900 
0.12816 0.11000 
0.13010 0.11100 
0.13206 0.11200 
0.13402 0.11300 
0.13600 0.11400 
0.13798 0.11500 
0.13997 0.11600 
0.14197 0.11700 
0.14397 0.11800 
0.14599 0.11900 
0.14801 0.12000 
0.15004 0.12100 
0.15208 0.12200 
0.15413 0.12300 
0.15618 0.12400 
0.15824 0.12500 
0.16031 0.12600 
0.16239 0.12700 
0.16447 0.12800 
0.16656 0.12900 
0.16866 0.13000 
0.17076 0.13100 
0.17287 0.13200 
0.17499 0.13300 
0.17712 0.13400 
0.17925 0.13500 
0.18139 0.13600 
0.18353 0.13700 
0.18568 0.13800 
0.18784 0.13900 
0.19001 0.14000 
0.19218 0.14100 
0.19435 0.14200 
0.19654 0.14300 
0.19872 0.14400 
0.20092 0.14500 
0.20312 0.14600 
0.20533 0.14700 
0.20754 0.14800 
0.20976 0.14900 
0.21198 0.15000 
0.21421 0.15100 
0.21644 0.15200 
0.21868 0.15300 
0.22093 0.15400 
0.22318 0.15500 
0.22544 0.15600 
0.22770 0.15700 
0.22996 0.15800 
0.23223 0.15900 
0.23451 0.16000 
0.23679 0.16100 
0.23908 0.16200 
0.24137 0.16300 
0.24367 0.16400 
0.24597 0.16500 
0.24827 0.16600 
0.25058 0.16700 
0.25290 0.16800 
0.25522 0.16900 
0.25754 0.17000 
0.25987 0.17100 
0.26220 0.17200 
0.26454 0.17300 
0.26688 0.17400 
0.26923 0.17500 
0.27157 0.17600 
0.27393 0.17700 
0.27629 0.17800 
0.27865 0.17900 
0.28101 0.18000 
0.28338 0.18100 
0.28576 0.18200 
0.28814 0.18300 
0.29052 0.18400 
0.29290 0.18500 
0.29529 0.18600 
0.29768 0.18700 
0.30008 0.18800 
0.30248 0.18900 
0.30488 0.19000 
0.30729 0.19100 
0.30970 0.19200 
0.31211 0.19300 
0.31453 0.19400 
0.31695 0.19500 
0.31937 0.19600 
0.32180 0.19700 
0.32423 0.19800 
0.32666 0.19900 
0.32910 0.20000 
0.33154 0.20100 
0.33398 0.20200 
0.33643 0.20300 
0.33888 0.20400 
0.34133 0.20500 
0.34378 0.20600 
0.34624 0.20700 
0.34870 0.20800 
0.35117 0.20900 
0.35363 0.21000 
0.35610 0.21100 
0.35857 0.21200 
0.36105 0.21300 
0.36352 0.21400 
0.36600 0.21500 
0.36849 0.21600 
0.37097 0.21700 
0.37346 0.21800 
0.37595 0.21900 
0.37844 0.22000 
0.38094 0.22100 
0.38343 0.22200 
0.38593 0.22300 
0.38844 0.22400 
0.39094 0.22500 
0.39345 0.22600 
0.39596 0.22700 
0.39847 0.22800 
0.40098 0.22900 
0.40350 0.23000 
0.40602 0.23100 
0.40854 0.23200 
0.41106 0.23300 
0.41359 0.23400 
0.41611 0.23500 
0.41864 0.23600 
0.42117 0.23700 
0.42371 0.23800 
0.42624 0.23900 
0.42878 0.24000 
0.43132 0.24100 
0.43386 0.24200 
0.43640 0.24300 
0.43895 0.24400 
0.44150 0.24500 
0.44404 0.24600 
0.44659 0.24700 
0.44915 0.24800 
0.45170 0.24900 
0.45426 0.25000 
0.45681 0.25100 
0.45937 0.25200 
0.46194 0.25300 
0.46450 0.25400 
0.46706 0.25500 
0.46963 0.25600 
0.47220 0.25700 
0.47477 0.25800 
0.47734 0.25900 
0.47991 0.26000 
0.48248 0.26100 
0.48506 0.26200 
0.48764 0.26300 
0.49022 0.26400 
0.49280 0.26500 
0.49538 0.26600 
0.49796 0.26700 
0.50055 0.26800 
0.50313 0.26900 
0.50572 0.27000 
0.50831 0.27100 
0.51090 0.27200 
0.51349 0.27300 
0.51608 0.27400 
0.51868 0.27500 
0.52127 0.27600 
0.52387 0.27700 
0.52647 0.27800 
0.52907 0.27900 
0.53167 0.28000 
0.53427 0.28100 
0.53687 0.28200 
0.53948 0.28300 
0.54208 0.28400 
0.54469 0.28500 
0.54730 0.28600 
0.54991 0.28700 
0.55252 0.28800 
0.55513 0.28900 
0.55774 0.29000 
0.56036 0.29100 
0.56297 0.29200 
0.56559 0.29300 
0.56820 0.29400 
0.57082 0.29500 
0.57344 0.29600 
0.57606 0.29700 
0.57868 0.29800 
0.58130 0.29900 
0.58393 0.30000 
0.58655 0.30100 
0.58918 0.30200 
0.59180 0.30300 
0.59443 0.30400 
0.59706 0.30500 
0.59969 0.30600 
0.60231 0.30700 
0.60495 0.30800 
0.60758 0.30900 
0.61021 0.31000 
0.61284 0.31100 
0.61548 0.31200 
0.61811 0.31300 
0.62075 0.31400 
0.62339 0.31500 
0.62602 0.31600 
0.62866 0.31700 
0.63130 0.31800 
0.63394 0.31900 
0.63658 0.32000 
0.63922 0.32100 
0.64187 0.32200 
0.64451 0.32300 
0.64715 0.32400 
0.64980 0.32500 
0.65244 0.32600 
0.65509 0.32700 
0.65774 0.32800 
0.66038 0.32900 
0.66303 0.33000 
0.66568 0.33100 
0.66833 0.33200 
0.67098 0.33300 
0.67363 0.33400 
0.67628 0.33500 
0.67894 0.33600 
0.68159 0.33700 
0.68424 0.33800 
0.68690 0.33900 
0.68955 0.34000 
0.69221 0.34100 
0.69486 0.34200 
0.69752 0.34300 
0.70018 0.34400 
0.70283 0.34500 
0.70549 0.34600 
0.70815 0.34700 
0.71081 0.34800 
0.71347 0.34900 
0.71613 0.35000 
0.71879 0.35100 
0.72146 0.35200 
0.72412 0.35300 
0.72678 0.35400 
0.72945 0.35500 
0.73211 0.35600 
0.73477 0.35700 
0.73744 0.35800 
0.74010 0.35900 
0.74277 0.36000 
0.74544 0.36100 
0.74810 0.36200 
0.75077 0.36300 
0.75344 0.36400 
0.75611 0.36500 
0.75878 0.36600 
0.76145 0.36700 
0.76412 0.36800 
0.76679 0.36900 
0.76946 0.37000 
0.77213 0.37100 
0.77480 0.37200 
0.77747 0.37300 
0.78014 0.37400 
0.78282 0.37500 
0.78549 0.37600 
0.78817 0.37700 
0.79084 0.37800 
0.79351 0.37900 
0.79619 0.38000 
0.79886 0.38100 
0.80154 0.38200 
0.80422 0.38300 
0.80689 0.38400 
0.80957 0.38500 
0.81225 0.38600 
0.81492 0.38700 
0.81760 0.38800 
0.82028 0.38900 
0.82296 0.39000 
0.82564 0.39100 
0.82832 0.39200 
0.83100 0.39300 
0.83368 0.39400 
0.83636 0.39500 
0.83904 0.39600 
0.84172 0.39700 
0.84440 0.39800 
0.84708 0.39900 
0.84976 0.40000 
0.85245 0.40100 
0.85513 0.40200 
0.85781 0.40300 
0.86050 0.40400 
0.86318 0.40500 
0.86586 0.40600 
0.86855 0.40700 
0.87123 0.40800 
0.87392 0.40900 
0.87660 0.41000 
0.87929 0.41100 
0.88197 0.41200 
0.88466 0.41300 
0.88734 0.41400 
0.89003 0.41500 
0.89272 0.41600 
0.89540 0.41700 
0.89809 0.41800 
0.90078 0.41900 
0.90347 0.42000 
0.90615 0.42100 
0.90884 0.42200 
0.91153 0.42300 
0.91422 0.42400 
0.91691 0.42500 
0.91960 0.42600 
0.92229 0.42700 
0.92498 0.42800 
0.92767 0.42900 
0.93036 0.43000 
0.93305 0.43100 
0.93574 0.43200 
0.93843 0.43300 
0.94112 0.43400 
0.94381 0.43500 
0.94650 0.43600 
0.94919 0.43700 
0.95188 0.43800 
0.95457 0.43900 
0.95727 0.44000 
0.95996 0.44100 
0.96265 0.44200 
0.96534 0.44300 
0.96804 0.44400 
0.97073 0.44500 
0.97342 0.44600 
0.97612 0.44700 
0.97881 0.44800 
0.98150 0.44900 
0.98420 0.45000 
0.98689 0.45100 
0.98959 0.45200 
0.99228 0.45300 
0.99498 0.45400 
0.99767 0.45500 
1.00036 0.45600 
1.00306 0.45700 
1.00576 0.45800 
1.00845 0.45900 
1.01115 0.46000 
1.01384 0.46100 
1.01654 0.46200 
1.01923 0.46300 
1.02193 0.46400 
1.02463 0.46500 
1.02732 0.46600 
1.03002 0.46700 
1.03272 0.46800 
1.03541 0.46900 
1.03811 0.47000 
1.04081 0.47100 
1.04350 0.47200 
1.04620 0.47300 
1.04890 0.47400 
1.05160 0.47500 
1.05430 0.47600 
1.05699 0.47700 
1.05969 0.47800 
1.06239 0.47900 
1.06509 0.48000 
1.06779 0.48100 
1.07049 0.48200 
1.07318 0.48300 
1.07588 0.48400 
1.07858 0.48500 
1.08128 0.48600 
1.08398 0.48700 
1.08668 0.48800 
1.08938 0.48900 
1.09208 0.49000 
1.09478 0.49100 
1.09748 0.49200 
1.10018 0.49300 
1.10288 0.49400 
1.10558 0.49500 
1.10828 0.49600 
1.11098 0.49700 
1.11368 0.49800 
1.11638 0.49900 
1.11908 0.50000 
1.12178 0.50100 
1.12448 0.50200 
1.12718 0.50300 
1.12988 0.50400 
1.13258 0.50500 
1.13529 0.50600 
1.13799 0.50700 
1.14069 0.50800 
1.14339 0.50900 
1.14609 0.51000 
1.14879 0.51100 
1.15149 0.51200 
1.15420 0.51300 
1.15690 0.51400 
1.15960 0.51500 
1.16230 0.51600 
1.16500 0.51700 
1.16771 0.51800 
1.17041 0.51900 
1.17311 0.52000 
1.17581 0.52100 
1.17852 0.52200 
1.18122 0.52300 
1.18392 0.52400 
1.18662 0.52500 
1.18933 0.52600 
1.19203 0.52700 
1.19473 0.52800 
1.19744 0.52900 
1.20014 0.53000 
1.20284 0.53100 
1.20555 0.53200 
1.20825 0.53300 
1.21095 0.53400 
1.21366 0.53500 
1.21636 0.53600 
1.21906 0.53700 
1.22177 0.53800 
1.22447 0.53900 
1.22717 0.54000 
1.22988 0.54100 
1.23258 0.54200 
1.23529 0.54300 
1.23799 0.54400 
1.24069 0.54500 
1.24340 0.54600 
1.24610 0.54700 
1.24881 0.54800 
1.25151 0.54900 
1.25421 0.55000 
1.25692 0.55100 
1.25962 0.55200 
1.26233 0.55300 
1.26503 0.55400 
1.26774 0.55500 
1.27044 0.55600 
1.27315 0.55700 
1.27585 0.55800 
1.27856 0.55900 
1.28126 0.56000 
1.28397 0.56100 
1.28667 0.56200 
1.28938 0.56300 
1.29208 0.56400 
1.29479 0.56500 
1.29749 0.56600 
1.30020 0.56700 
1.30290 0.56800 
1.30561 0.56900 
1.30831 0.57000 
1.31102 0.57100 
1.31372 0.57200 
1.31643 0.57300 
1.31913 0.57400 
1.32184 0.57500 
1.32455 0.57600 
1.32725 0.57700 
1.32996 0.57800 
1.33266 0.57900 
1.33537 0.58000 
1.33807 0.58100 
1.34078 0.58200 
1.34349 0.58300 
1.34619 0.58400 
1.34890 0.58500 
1.35160 0.58600 
1.35431 0.58700 
1.35702 0.58800 
1.35972 0.58900 
1.36243 0.59000 
1.36513 0.59100 
1.36784 0.59200 
1.37055 0.59300 
1.37325 0.59400 
1.37596 0.59500 
1.37867 0.59600 
1.38137 0.59700 
1.38408 0.59800 
1.38678 0.59900 
1.38949 0.60000 
1.39220 0.60100 
1.39490 0.60200 
1.39761 0.60300 
1.40032 0.60400 
1.40302 0.60500 
1.40573 0.60600 
1.40844 0.60700 
1.41114 0.60800 
1.41385 0.60900 
1.41656 0.61000 
1.41926 0.61100 
1.42197 0.61200 
1.42468 0.61300 
1.42738 0.61400 
1.43009 0.61500 
1.43280 0.61600 
1.43551 0.61700 
1.43821 0.61800 
1.44092 0.61900 
1.44363 0.62000 
1.44633 0.62100 
1.44904 0.62200 
1.45175 0.62300 
1.45445 0.62400 
1.45716 0.62500 
1.45987 0.62600 
1.46258 0.62700 
1.46528 0.62800 
1.46799 0.62900 
1.47070 0.63000 
1.47341 0.63100 
1.47611 0.63200 
1.47882 0.63300 
1.48153 0.63400 
1.48423 0.63500 
1.48694 0.63600 
1.48965 0.63700 
1.49236 0.63800 
1.49506 0.63900 
1.49777 0.64000 
1.50048 0.64100 
1.50319 0.64200 
1.50589 0.64300 
1.50860 0.64400 
1.51131 0.64500 
1.51402 0.64600 
1.51672 0.64700 
1.51943 0.64800 
1.52214 0.64900 
1.52485 0.65000 
1.52755 0.65100 
1.53026 0.65200 
1.53297 0.65300 
1.53568 0.65400 
1.53839 0.65500 
1.54109 0.65600 
1.54380 0.65700 
1.54651 0.65800 
1.54922 0.65900 
1.55192 0.66000 
1.55463 0.66100 
1.55734 0.66200 
1.56005 0.66300 
1.56276 0.66400 
1.56546 0.66500 
1.56817 0.66600 
1.57088 0.66700 
1.57359 0.66800 
1.57630 0.66900 
1.57900 0.67000 
1.58171 0.67100 
1.58442 0.67200 
1.58713 0.67300 
1.58984 0.67400 
1.59254 0.67500 
1.59525 0.67600 
1.59796 0.67700 
1.60067 0.67800 
1.60338 0.67900 
1.60608 0.68000 
1.60879 0.68100 
1.61150 0.68200 
1.61421 0.68300 
1.61692 0.68400 
1.61963 0.68500 
1.62233 0.68600 
1.62504 0.68700 
1.62775 0.68800 
1.63046 0.68900 
1.63317 0.69000 
1.63587 0.69100 
1.63858 0.69200 
1.64129 0.69300 
1.64400 0.69400 
1.64671 0.69500 
1.64942 0.69600 
1.65212 0.69700 
1.65483 0.69800 
1.65754 0.69900 
1.66025 0.70000 
1.66296 0.70100 
1.66567 0.70200 
1.66837 0.70300 
1.67108 0.70400 
1.67379 0.70500 
1.67650 0.70600 
1.67921 0.70700 
1.68192 0.70800 
1.68462 0.70900 
1.68733 0.71000 
1.69004 0.71100 
1.69275 0.71200 
1.69546 0.71300 
1.69817 0.71400 
1.70088 0.71500 
1.70358 0.71600 
1.70629 0.71700 
1.70900 0.71800 
1.71171 0.71900 
1.71442 0.72000 
1.71713 0.72100 
1.71983 0.72200 
1.72254 0.72300 
1.72525 0.72400 
1.72796 0.72500 
1.73067 0.72600 
1.73338 0.72700 
1.73609 0.72800 
1.73879 0.72900 
1.74150 0.73000 
1.74421 0.73100 
1.74692 0.73200 
1.74963 0.73300 
1.75234 0.73400 
1.75505 0.73500 
1.75775 0.73600 
1.76046 0.73700 
1.76317 0.73800 
1.76588 0.73900 
1.76859 0.74000 
1.77130 0.74100 
1.77401 0.74200 
1.77672 0.74300 
1.77942 0.74400 
1.78213 0.74500 
1.78484 0.74600 
1.78755 0.74700 
1.79026 0.74800 
1.79297 0.74900 
1.79568 0.75000 
1.79838 0.75100 
1.80109 0.75200 
1.80380 0.75300 
1.80651 0.75400 
1.80922 0.75500 
1.81193 0.75600 
1.81464 0.75700 
1.81735 0.75800 
1.82005 0.75900 
1.82276 0.76000 
1.82547 0.76100 
1.82818 0.76200 
1.83089 0.76300 
1.83360 0.76400 
1.83631 0.76500 
1.83902 0.76600 
1.84172 0.76700 
1.84443 0.76800 
1.84714 0.76900 
1.84985 0.77000 
1.85256 0.77100 
1.85527 0.77200 
1.85798 0.77300 
1.86069 0.77400 
1.86340 0.77500 
1.86610 0.77600 
1.86881 0.77700 
1.87152 0.77800 
1.87423 0.77900 
1.87694 0.78000 
1.87965 0.78100 
1.88236 0.78200 
1.88507 0.78300 
1.88777 0.78400 
1.89048 0.78500 
1.89319 0.78600 
1.89590 0.78700 
1.89861 0.78800 
1.90132 0.78900 
1.90403 0.79000 
1.90674 0.79100 
1.90945 0.79200 
1.91215 0.79300 
1.91486 0.79400 
1.91757 0.79500 
1.92028 0.79600 
1.92299 0.79700 
1.92570 0.79800 
1.92841 0.79900 
1.93112 0.80000 
1.93383 0.80100 
1.93654 0.80200 
1.93924 0.80300 
1.94195 0.80400 
1.94466 0.80500 
1.94737 0.80600 
1.95008 0.80700 
1.95279 0.80800 
1.95550 0.80900 
1.95821 0.81000 
1.96092 0.81100 
1.96362 0.81200 
1.96633 0.81300 
1.96904 0.81400 
1.97175 0.81500 
1.97446 0.81600 
1.97717 0.81700 
1.97988 0.81800 
1.98259 0.81900 
1.98530 0.82000 
1.98801 0.82100 
1.99071 0.82200 
1.99342 0.82300 
1.99613 0.82400 
1.99884 0.82500 
2.00155 0.82600 
2.00426 0.82700 
2.00697 0.82800 
2.00968 0.82900 
2.01239 0.83000 
2.01510 0.83100 
2.01780 0.83200 
2.02051 0.83300 
2.02322 0.83400 
2.02593 0.83500 
2.02864 0.83600 
2.03135 0.83700 
2.03406 0.83800 
2.03677 0.83900 
2.03948 0.84000 
2.04219 0.84100 
2.04489 0.84200 
2.04760 0.84300 
2.05031 0.84400 
2.05302 0.84500 
2.05573 0.84600 
2.05844 0.84700 
2.06115 0.84800 
2.06386 0.84900 
2.06657 0.85000 
2.06928 0.85100 
2.07198 0.85200 
2.07469 0.85300 
2.07740 0.85400 
2.08011 0.85500 
2.08282 0.85600 
2.08553 0.85700 
2.08824 0.85800 
2.09095 0.85900 
2.09366 0.86000 
2.09637 0.86100 
2.09908 0.86200 
2.10178 0.86300 
2.10449 0.86400 
2.10720 0.86500 
2.10991 0.86600 
2.11262 0.86700 
2.11533 0.86800 
2.11804 0.86900 
2.12075 0.87000 
2.12346 0.87100 
2.12617 0.87200 
2.12888 0.87300 
2.13158 0.87400 
2.13429 0.87500 
2.13700 0.87600 
2.13971 0.87700 
2.14242 0.87800 
2.14513 0.87900 
2.14784 0.88000 
2.15055 0.88100 
2.15326 0.88200 
2.15597 0.88300 
2.15868 0.88400 
2.16138 0.88500 
2.16409 0.88600 
2.16680 0.88700 
2.16951 0.88800 
2.17222 0.88900 
2.17493 0.89000 
2.17764 0.89100 
2.18035 0.89200 
2.18306 0.89300 
2.18577 0.89400 
2.18848 0.89500 
2.19118 0.89600 
2.19389 0.89700 
2.19660 0.89800 
2.19931 0.89900 
2.20202 0.90000 
2.20473 0.90100 
2.20744 0.90200 
2.21015 0.90300 
2.21286 0.90400 
2.21557 0.90500 
2.21828 0.90600 
2.22098 0.90700 
2.22369 0.90800 
2.22640 0.90900 
2.22911 0.91000 
2.23182 0.91100 
2.23453 0.91200 
2.23724 0.91300 
2.23995 0.91400 
2.24266 0.91500 
2.24537 0.91600 
2.24808 0.91700 
2.25078 0.91800 
2.25349 0.91900 
2.25620 0.92000 
2.25891 0.92100 
2.26162 0.92200 
2.26433 0.92300 
2.26704 0.92400 
2.26975 0.92500 
2.27246 0.92600 
2.27517 0.92700 
2.27788 0.92800 
2.28059 0.92900 
2.28329 0.93000 
2.28600 0.93100 
2.28871 0.93200 
2.29142 0.93300 
2.29413 0.93400 
2.29684 0.93500 
2.29955 0.93600 
2.30226 0.93700 
2.30497 0.93800 
2.30768 0.93900 
2.31039 0.94000 
2.31309 0.94100 
2.31580 0.94200 
2.31851 0.94300 
2.32122 0.94400 
2.32393 0.94500 
2.32664 0.94600 
2.32935 0.94700 
2.33206 0.94800 
2.33477 0.94900 
2.33748 0.95000 
2.34019 0.95100 
2.34290 0.95200 
2.34560 0.95300 
2.34831 0.95400 
2.35102 0.95500 
2.35373 0.95600 
2.35644 0.95700 
2.35915 0.95800 
2.36186 0.95900 
2.36457 0.96000 
2.36728 0.96100 
2.36999 0.96200 
2.37270 0.96300 
2.37541 0.96400 
2.37811 0.96500 
2.38082 0.96600 
2.38353 0.96700 
2.38624 0.96800 
2.38895 0.96900 
2.39166 0.97000 
2.39437 0.97100 
2.39708 0.97200 
2.39979 0.97300 
2.40250 0.97400 
2.40521 0.97500 
2.40792 0.97600 
2.41062 0.97700 
2.41333 0.97800 
2.41604 0.97900 
2.41875 0.98000 
2.42146 0.98100 
2.42417 0.98200 
2.42688 0.98300 
2.42959 0.98400 
2.43230 0.98500 
2.43501 0.98600 
2.43772 0.98700 
2.44043 0.98800 
2.44313 0.98900 
2.44584 0.99000 
2.44855 0.99100 
2.45126 0.99200 
2.45397 0.99300 
2.45668 0.99400 
2.45939 0.99500 
2.46210 0.99600 
2.46481 0.99700 
2.46752 0.99800 
2.47023 0.99900 
2.47294 1.00000 
2.47564 1.00100 
2.47835 1.00200 
2.48106 1.00300 
2.48377 1.00400 
2.48648 1.00500 
2.48919 1.00600 
2.49190 1.00700 
2.49461 1.00800 
2.49732 1.00900 
2.50003 1.01000 
2.50274 1.01100 
2.50545 1.01200 
2.50815 1.01300 
2.51086 1.01400 
2.51357 1.01500 
2.51628 1.01600 
2.51899 1.01700 
2.52170 1.01800 
2.52441 1.01900 
2.52712 1.02000 
2.52983 1.02100 
2.53254 1.02200 
2.53525 1.02300 
2.53796 1.02400 
2.54066 1.02500 
2.54337 1.02600 
2.54608 1.02700 
2.54879 1.02800 
2.55150 1.02900 
2.55421 1.03000 
2.55692 1.03100 
2.55963 1.03200 
2.56234 1.03300 
2.56505 1.03400 
2.56776 1.03500 
2.57047 1.03600 
2.57317 1.03700 
2.57588 1.03800 
2.57859 1.03900 
2.58130 1.04000 
2.58401 1.04100 
2.58672 1.04200 
2.58943 1.04300 
2.59214 1.04400 
2.59485 1.04500 
2.59756 1.04600 
2.60027 1.04700 
2.60298 1.04800 
2.60568 1.04900 
2.60839 1.05000 
2.61110 1.05100 
2.61381 1.05200 
2.61652 1.05300 
2.61923 1.05400 
2.62194 1.05500 
2.62465 1.05600 
2.62736 1.05700 
2.63007 1.05800 
2.63278 1.05900 
2.63549 1.06000 
2.63819 1.06100 
2.64090 1.06200 
2.64361 1.06300 
2.64632 1.06400 
2.64903 1.06500 
2.65174 1.06600 
2.65445 1.06700 
2.65716 1.06800 
2.65987 1.06900 
2.66258 1.07000 
2.66529 1.07100 
2.66800 1.07200 
2.67071 1.07300 
2.67341 1.07400 
2.67612 1.07500 
2.67883 1.07600 
2.68154 1.07700 
2.68425 1.07800 
2.68696 1.07900 
2.68967 1.08000 
2.69238 1.08100 
2.69509 1.08200 
2.69780 1.08300 
2.70051 1.08400 
2.70322 1.08500 
2.70592 1.08600 
2.70863 1.08700 
2.71134 1.08800 
2.71405 1.08900 
2.71676 1.09000 
2.71947 1.09100 
2.72218 1.09200 
2.72489 1.09300 
2.72760 1.09400 
2.73031 1.09500 
2.73302 1.09600 
2.73573 1.09700 
2.73843 1.09800 
2.74114 1.09900 
2.74385 1.10000 
2.74656 1.10100 
2.74927 1.10200 
2.75198 1.10300 
2.75469 1.10400 
2.75740 1.10500 
2.76011 1.10600 
2.76282 1.10700 
2.76553 1.10800 
2.76824 1.10900 
2.77094 1.11000 
2.77365 1.11100 
2.77636 1.11200 
2.77907 1.11300 
2.78178 1.11400 
2.78449 1.11500 
2.78720 1.11600 
2.78991 1.11700 
2.79262 1.11800 
2.79533 1.11900 
2.79804 1.12000 
2.80075 1.12100 
2.80346 1.12200 
2.80616 1.12300 
2.80887 1.12400 
2.81158 1.12500 
2.81429 1.12600 
2.81700 1.12700 
2.81971 1.12800 
2.82242 1.12900 
2.82513 1.13000 
2.82784 1.13100 
2.83055 1.13200 
2.83326 1.13300 
2.83597 1.13400 
2.83867 1.13500 
2.84138 1.13600 
2.84409 1.13700 
2.84680 1.13800 
2.84951 1.13900 
2.85222 1.14000 
2.85493 1.14100 
2.85764 1.14200 
2.86035 1.14300 
2.86306 1.14400 
2.86577 1.14500 
2.86848 1.14600 
2.87119 1.14700 
2.87389 1.14800 
2.87660 1.14900 
2.87931 1.15000 
2.88202 1.15100 
2.88473 1.15200 
2.88744 1.15300 
2.89015 1.15400 
2.89286 1.15500 
2.89557 1.15600 
2.89828 1.15700 
2.90099 1.15800 
2.90370 1.15900 
2.90640 1.16000 
2.90911 1.16100 
2.91182 1.16200 
2.91453 1.16300 
2.91724 1.16400 
2.91995 1.16500 
2.92266 1.16600 
2.92537 1.16700 
2.92808 1.16800 
2.93079 1.16900 
2.93350 1.17000 
2.93621 1.17100 
2.93891 1.17200 
2.94162 1.17300 
2.94433 1.17400 
2.94704 1.17500 
2.94975 1.17600 
2.95246 1.17700 
2.95517 1.17800 
2.95788 1.17900 
2.96059 1.18000 
2.96330 1.18100 
2.96601 1.18200 
2.96872 1.18300 
2.97143 1.18400 
2.97413 1.18500 
2.97684 1.18600 
2.97955 1.18700 
2.98226 1.18800 
2.98497 1.18900 
2.98768 1.19000 
2.99039 1.19100 
2.99310 1.19200 
2.99581 1.19300 
2.99852 1.19400 
3.00123 1.19500 
3.00394 1.19600 
3.00664 1.19700 
3.00935 1.19800 
3.01206 1.19900 
3.01477 1.20000 
3.01748 1.20100 
3.02019 1.20200 
3.02290 1.20300 
3.02561 1.20400 
3.02832 1.20500 
3.03103 1.20600 
3.03374 1.20700 
3.03645 1.20800 
3.03915 1.20900 
3.04186 1.21000 
3.04457 1.21100 
3.04728 1.21200 
3.04999 1.21300 
3.05270 1.21400 
3.05541 1.21500 
3.05812 1.21600 
3.06083 1.21700 
3.06354 1.21800 
3.06625 1.21900 
3.06896 1.22000 
3.07167 1.22100 
3.07437 1.22200 
3.07708 1.22300 
3.07979 1.22400 
3.08250 1.22500 
3.08521 1.22600 
3.08792 1.22700 
3.09063 1.22800 
3.09334 1.22900 
3.09605 1.23000 
3.09876 1.23100 
3.10147 1.23200 
3.10418 1.23300 
3.10688 1.23400 
3.10959 1.23500 
3.11230 1.23600 
3.11501 1.23700 
3.11772 1.23800 
3.12043 1.23900 
3.12314 1.24000 
3.12585 1.24100 
3.12856 1.24200 
3.13127 1.24300 
3.13398 1.24400 
3.13669 1.24500 
3.13940 1.24600 
3.14210 1.24700 
3.14481 1.24800 
3.14752 1.24900 
3.15023 1.25000 
3.15294 1.25100 
3.15565 1.25200 
3.15836 1.25300 
3.16107 1.25400 
3.16378 1.25500 
3.16649 1.25600 
3.16920 1.25700 
3.17191 1.25800 
3.17461 1.25900 
3.17732 1.26000 
3.18003 1.26100 
3.18274 1.26200 
3.18545 1.26300 
3.18816 1.26400 
3.19087 1.26500 
3.19358 1.26600 
3.19629 1.26700 
3.19900 1.26800 
3.20171 1.26900 
3.20442 1.27000 
3.20713 1.27100 
3.20983 1.27200 
3.21254 1.27300 
3.21525 1.27400 
3.21796 1.27500 
3.22067 1.27600 
3.22338 1.27700 
3.22609 1.27800 
3.22880 1.27900 
3.23151 1.28000 
3.23422 1.28100 
3.23693 1.28200 
3.23964 1.28300 
3.24234 1.28400 
3.24505 1.28500 
3.24776 1.28600 
3.25047 1.28700 
3.25318 1.28800 
3.25589 1.28900 
3.25860 1.29000 
3.26131 1.29100 
3.26402 1.29200 
3.26673 1.29300 
3.26944 1.29400 
3.27215 1.29500 
3.27485 1.29600 
3.27756 1.29700 
3.28027 1.29800 
3.28298 1.29900 
3.28569 1.30000 
3.28840 1.30100 
3.29111 1.30200 
3.29382 1.30300 
3.29653 1.30400 
3.29924 1.30500 
3.30195 1.30600 
3.30466 1.30700 
3.30737 1.30800 
3.31007 1.30900 
3.31278 1.31000 
3.31549 1.31100 
3.31820 1.31200 
3.32091 1.31300 
3.32362 1.31400 
3.32633 1.31500 
3.32904 1.31600 
3.33175 1.31700 
3.33446 1.31800 
3.33717 1.31900 
3.33988 1.32000 
3.34258 1.32100 
3.34529 1.32200 
3.34800 1.32300 
3.35071 1.32400 
3.35342 1.32500 
3.35613 1.32600 
3.35884 1.32700 
3.36155 1.32800 
3.36426 1.32900 
3.36697 1.33000 
3.36968 1.33100 
3.37239 1.33200 
3.37510 1.33300 
3.37780 1.33400 
3.38051 1.33500 
3.38322 1.33600 
3.38593 1.33700 
3.38864 1.33800 
3.39135 1.33900 
3.39406 1.34000 
3.39677 1.34100 
3.39948 1.34200 
3.40219 1.34300 
3.40490 1.34400 
3.40761 1.34500 
3.41031 1.34600 
3.41302 1.34700 
3.41573 1.34800 
3.41844 1.34900 
3.42115 1.35000 
3.42386 1.35100 
3.42657 1.35200 
3.42928 1.35300 
3.43199 1.35400 
3.43470 1.35500 
3.43741 1.35600 
3.44012 1.35700 
3.44283 1.35800 
3.44553 1.35900 
3.44824 1.36000 
3.45095 1.36100 
3.45366 1.36200 
3.45637 1.36300 
3.45908 1.36400 
3.46179 1.36500 
3.46450 1.36600 
3.46721 1.36700 
3.46992 1.36800 
3.47263 1.36900 
3.47534 1.37000 
3.47804 1.37100 
3.48075 1.37200 
3.48346 1.37300 
3.48617 1.37400 
3.48888 1.37500 
3.49159 1.37600 
3.49430 1.37700 
3.49701 1.37800 
3.49972 1.37900 
3.50243 1.38000 
3.50514 1.38100 
3.50785 1.38200 
3.51055 1.38300 
3.51326 1.38400 
3.51597 1.38500 
3.51868 1.38600 
3.52139 1.38700 
3.52410 1.38800 
3.52681 1.38900 
3.52952 1.39000 
3.53223 1.39100 
3.53494 1.39200 
3.53765 1.39300 
3.54036 1.39400 
3.54307 1.39500 
3.54577 1.39600 
3.54848 1.39700 
3.55119 1.39800 
3.55390 1.39900 
3.55661 1.40000 
3.55932 1.40100 
3.56203 1.40200 
3.56474 1.40300 
3.56745 1.40400 
3.57016 1.40500 
3.57287 1.40600 
3.57558 1.40700 
3.57828 1.40800 
3.58099 1.40900 
3.58370 1.41000 
3.58641 1.41100 
3.58912 1.41200 
3.59183 1.41300 
3.59454 1.41400 
3.59725 1.41500 
3.59996 1.41600 
3.60267 1.41700 
3.60538 1.41800 
3.60809 1.41900 
3.61080 1.42000 
3.61350 1.42100 
3.61621 1.42200 
3.61892 1.42300 
3.62163 1.42400 
3.62434 1.42500 
3.62705 1.42600 
3.62976 1.42700 
3.63247 1.42800 
3.63518 1.42900 
3.63789 1.43000 
3.64060 1.43100 
3.64331 1.43200 
3.64601 1.43300 
3.64872 1.43400 
3.65143 1.43500 
3.65414 1.43600 
3.65685 1.43700 
3.65956 1.43800 
3.66227 1.43900 
3.66498 1.44000 
3.66769 1.44100 
3.67040 1.44200 
3.67311 1.44300 
3.67582 1.44400 
3.67853 1.44500 
3.68123 1.44600 
3.68394 1.44700 
3.68665 1.44800 
3.68936 1.44900 
3.69207 1.45000 
3.69478 1.45100 
3.69749 1.45200 
3.70020 1.45300 
3.70291 1.45400 
3.70562 1.45500 
3.70833 1.45600 
3.71104 1.45700 
3.71374 1.45800 
3.71645 1.45900 
3.71916 1.46000 
3.72187 1.46100 
3.72458 1.46200 
3.72729 1.46300 
3.73000 1.46400 
3.73271 1.46500 
3.73542 1.46600 
3.73813 1.46700 
3.74084 1.46800 
3.74355 1.46900 
3.74625 1.47000 
3.74896 1.47100 
3.75167 1.47200 
3.75438 1.47300 
3.75709 1.47400 
3.75980 1.47500 
3.76251 1.47600 
3.76522 1.47700 
3.76793 1.47800 
3.77064 1.47900 
3.77335 1.48000 
3.77606 1.48100 
3.77877 1.48200 
3.78147 1.48300 
3.78418 1.48400 
3.78689 1.48500 
3.78960 1.48600 
3.79231 1.48700 
3.79502 1.48800 
3.79773 1.48900 
3.80044 1.49000 
3.80315 1.49100 
3.80586 1.49200 
3.80857 1.49300 
3.81128 1.49400 
3.81398 1.49500 
3.81669 1.49600 
3.81940 1.49700 
3.82211 1.49800 
3.82482 1.49900 
3.82753 1.50000 
3.83024 1.50100 
3.83295 1.50200 
3.83566 1.50300 
3.83837 1.50400 
3.84108 1.50500 
3.84379 1.50600 
3.84650 1.50700 
3.84920 1.50800 
3.85191 1.50900 
3.85462 1.51000 
3.85733 1.51100 
3.86004 1.51200 
3.86275 1.51300 
3.86546 1.51400 
3.86817 1.51500 
3.87088 1.51600 
3.87359 1.51700 
3.87630 1.51800 
3.87901 1.51900 
3.88171 1.52000 
3.88442 1.52100 
3.88713 1.52200 
3.88984 1.52300 
3.89255 1.52400 
3.89526 1.52500 
3.89797 1.52600 
3.90068 1.52700 
3.90339 1.52800 
3.90610 1.52900 
3.90881 1.53000 
3.91152 1.53100 
3.91423 1.53200 
3.91693 1.53300 
3.91964 1.53400 
3.92235 1.53500 
3.92506 1.53600 
3.92777 1.53700 
3.93048 1.53800 
3.93319 1.53900 
3.93590 1.54000 
3.93861 1.54100 
3.94132 1.54200 
3.94403 1.54300 
3.94674 1.54400 
3.94944 1.54500 
3.95215 1.54600 
3.95486 1.54700 
3.95757 1.54800 
3.96028 1.54900 
3.96299 1.55000 
3.96570 1.55100 
3.96841 1.55200 
3.97112 1.55300 
3.97383 1.55400 
3.97654 1.55500 
3.97925 1.55600 
3.98196 1.55700 
3.98466 1.55800 
3.98737 1.55900 
3.99008 1.56000 
3.99279 1.56100 
3.99550 1.56200 
3.99821 1.56300 
4.00092 1.56400 
4.00363 1.56500 
4.00634 1.56600 
4.00905 1.56700 
4.01176 1.56800 
4.01447 1.56900 
4.01717 1.57000 
4.01988 1.57100 
4.02259 1.57200 
4.02530 1.57300 
4.02801 1.57400 
4.03072 1.57500 
4.03343 1.57600 
4.03614 1.57700 
4.03885 1.57800 
4.04156 1.57900 
4.04427 1.58000 
4.04698 1.58100 
4.04968 1.58200 
4.05239 1.58300 
4.05510 1.58400 
4.05781 1.58500 
4.06052 1.58600 
4.06323 1.58700 
4.06594 1.58800 
4.06865 1.58900 
4.07136 1.59000 
4.07407 1.59100 
4.07678 1.59200 
4.07949 1.59300 
4.08220 1.59400 
4.08490 1.59500 
4.08761 1.59600 
4.09032 1.59700 
4.09303 1.59800 
4.09574 1.59900 
4.09845 1.60000 
4.10116 1.60100 
4.10387 1.60200 
4.10658 1.60300 
4.10929 1.60400 
4.11200 1.60500 
4.11471 1.60600 
4.11741 1.60700 
4.12012 1.60800 
4.12283 1.60900 
4.12554 1.61000 
4.12825 1.61100 
4.13096 1.61200 
4.13367 1.61300 
4.13638 1.61400 
4.13909 1.61500 
4.14180 1.61600 
4.14451 1.61700 
4.14722 1.61800 
4.14993 1.61900 
4.15263 1.62000 
4.15534 1.62100 
4.15805 1.62200 
4.16076 1.62300 
4.16347 1.62400 
4.16618 1.62500 
4.16889 1.62600 
4.17160 1.62700 
4.17431 1.62800 
4.17702 1.62900 
4.17973 1.63000 
4.18244 1.63100 
4.18514 1.63200 
4.18785 1.63300 
4.19056 1.63400 
4.19327 1.63500 
4.19598 1.63600 
4.19869 1.63700 
4.20140 1.63800 
4.20411 1.63900 
4.20682 1.64000 
4.20953 1.64100 
4.21224 1.64200 
4.21495 1.64300 
4.21766 1.64400 
4.22036 1.64500 
4.22307 1.64600 
4.22578 1.64700 
4.22849 1.64800 
4.23120 1.64900 
4.23391 1.65000 
4.23662 1.65100 
4.23933 1.65200 
4.24204 1.65300 
4.24475 1.65400 
4.24746 1.65500 
4.25017 1.65600 
4.25287 1.65700 
4.25558 1.65800 
4.25829 1.65900 
4.26100 1.66000 
4.26371 1.66100 
4.26642 1.66200 
4.26913 1.66300 
4.27184 1.66400 
4.27455 1.66500 
4.27726 1.66600 
4.27997 1.66700 
4.28268 1.66800 
4.28539 1.66900 
4.28809 1.67000 
4.29080 1.67100 
4.29351 1.67200 
4.29622 1.67300 
4.29893 1.67400 
4.30164 1.67500 
4.30435 1.67600 
4.30706 1.67700 
4.30977 1.67800 
4.31248 1.67900 
4.31519 1.68000 
4.31790 1.68100 
4.32060 1.68200 
4.32331 1.68300 
4.32602 1.68400 
4.32873 1.68500 
4.33144 1.68600 
4.33415 1.68700 
4.33686 1.68800 
4.33957 1.68900 
4.34228 1.69000 
4.34499 1.69100 
4.34770 1.69200 
4.35041 1.69300 
4.35311 1.69400 
4.35582 1.69500 
4.35853 1.69600 
4.36124 1.69700 
4.36395 1.69800 
4.36666 1.69900 
4.36937 1.70000 
4.37208 1.70100 
4.37479 1.70200 
4.37750 1.70300 
4.38021 1.70400 
4.38292 1.70500 
4.38563 1.70600 
4.38833 1.70700 
4.39104 1.70800 
4.39375 1.70900 
4.39646 1.71000 
4.39917 1.71100 
4.40188 1.71200 
4.40459 1.71300 
4.40730 1.71400 
4.41001 1.71500 
4.41272 1.71600 
4.41543 1.71700 
4.41814 1.71800 
4.42084 1.71900 
4.42355 1.72000 
4.42626 1.72100 
4.42897 1.72200 
4.43168 1.72300 
4.43439 1.72400 
4.43710 1.72500 
4.43981 1.72600 
4.44252 1.72700 
4.44523 1.72800 
4.44794 1.72900 
4.45065 1.73000 
4.45336 1.73100 
4.45606 1.73200 
4.45877 1.73300 
4.46148 1.73400 
4.46419 1.73500 
4.46690 1.73600 
4.46961 1.73700 
4.47232 1.73800 
4.47503 1.73900 
4.47774 1.74000 
4.48045 1.74100 
4.48316 1.74200 
4.48587 1.74300 
4.48857 1.74400 
4.49128 1.74500 
4.49399 1.74600 
4.49670 1.74700 
4.49941 1.74800 
4.50212 1.74900 
4.50483 1.75000 
4.50754 1.75100 
4.51025 1.75200 
4.51296 1.75300 
4.51567 1.75400 
4.51838 1.75500 
4.52109 1.75600 
4.52379 1.75700 
4.52650 1.75800 
4.52921 1.75900 
4.53192 1.76000 
4.53463 1.76100 
4.53734 1.76200 
4.54005 1.76300 
4.54276 1.76400 
4.54547 1.76500 
4.54818 1.76600 
4.55089 1.76700 
4.55360 1.76800 
4.55630 1.76900 
4.55901 1.77000 
4.56172 1.77100 
4.56443 1.77200 
4.56714 1.77300 
4.56985 1.77400 
4.57256 1.77500 
4.57527 1.77600 
4.57798 1.77700 
4.58069 1.77800 
4.58340 1.77900 
4.58611 1.78000 
4.58882 1.78100 
4.59152 1.78200 
4.59423 1.78300 
4.59694 1.78400 
4.59965 1.78500 
4.60236 1.78600 
4.60507 1.78700 
4.60778 1.78800 
4.61049 1.78900 
4.61320 1.79000 
4.61591 1.79100 
4.61862 1.79200 
4.62133 1.79300 
4.62403 1.79400 
4.62674 1.79500 
4.62945 1.79600 
4.63216 1.79700 
4.63487 1.79800 
4.63758 1.79900 
4.64029 1.80000 
4.64300 1.80100 
4.64571 1.80200 
4.64842 1.80300 
4.65113 1.80400 
4.65384 1.80500 
4.65654 1.80600 
4.65925 1.80700 
4.66196 1.80800 
4.66467 1.80900 
4.66738 1.81000 
4.67009 1.81100 
4.67280 1.81200 
4.67551 1.81300 
4.67822 1.81400 
4.68093 1.81500 
4.68364 1.81600 
4.68635 1.81700 
4.68906 1.81800 
4.69176 1.81900 
4.69447 1.82000 
4.69718 1.82100 
4.69989 1.82200 
4.70260 1.82300 
4.70531 1.82400 
4.70802 1.82500 
4.71073 1.82600 
4.71344 1.82700 
4.71615 1.82800 
4.71886 1.82900 
4.72157 1.83000 
4.72427 1.83100 
4.72698 1.83200 
4.72969 1.83300 
4.73240 1.83400 
4.73511 1.83500 
4.73782 1.83600 
4.74053 1.83700 
4.74324 1.83800 
4.74595 1.83900 
4.74866 1.84000 
4.75137 1.84100 
4.75408 1.84200 
4.75679 1.84300 
4.75949 1.84400 
4.76220 1.84500 
4.76491 1.84600 
4.76762 1.84700 
4.77033 1.84800 
4.77304 1.84900 
4.77575 1.85000 
4.77846 1.85100 
4.78117 1.85200 
4.78388 1.85300 
4.78659 1.85400 
4.78930 1.85500 
4.79200 1.85600 
4.79471 1.85700 
4.79742 1.85800 
4.80013 1.85900 
4.80284 1.86000 
4.80555 1.86100 
4.80826 1.86200 
4.81097 1.86300 
4.81368 1.86400 
4.81639 1.86500 
4.81910 1.86600 
4.82181 1.86700 
4.82452 1.86800 
4.82722 1.86900 
4.82993 1.87000 
4.83264 1.87100 
4.83535 1.87200 
4.83806 1.87300 
4.84077 1.87400 
4.84348 1.87500 
4.84619 1.87600 
4.84890 1.87700 
4.85161 1.87800 
4.85432 1.87900 
4.85703 1.88000 
4.85973 1.88100 
4.86244 1.88200 
4.86515 1.88300 
4.86786 1.88400 
4.87057 1.88500 
4.87328 1.88600 
4.87599 1.88700 
4.87870 1.88800 
4.88141 1.88900 
4.88412 1.89000 
4.88683 1.89100 
4.88954 1.89200 
4.89224 1.89300 
4.89495 1.89400 
4.89766 1.89500 
4.90037 1.89600 
4.90308 1.89700 
4.90579 1.89800 
4.90850 1.89900 
4.91121 1.90000 
4.91392 1.90100 
4.91663 1.90200 
4.91934 1.90300 
4.92205 1.90400 
4.92476 1.90500 
4.92746 1.90600 
4.93017 1.90700 
4.93288 1.90800 
4.93559 1.90900 
4.93830 1.91000 
4.94101 1.91100 
4.94372 1.91200 
4.94643 1.91300 
4.94914 1.91400 
4.95185 1.91500 
4.95456 1.91600 
4.95727 1.91700 
4.95997 1.91800 
4.96268 1.91900 
4.96539 1.92000 
4.96810 1.92100 
4.97081 1.92200 
4.97352 1.92300 
4.97623 1.92400 
4.97894 1.92500 
4.98165 1.92600 
4.98436 1.92700 
4.98707 1.92800 
4.98978 1.92900 
4.99249 1.93000 
4.99519 1.93100 
4.99790 1.93200 
5.00061 1.93300 
5.00332 1.93400 
5.00603 1.93500 
5.00874 1.93600 
5.01145 1.93700 
5.01416 1.93800 
5.01687 1.93900 
5.01958 1.94000 
5.02229 1.94100 
5.02500 1.94200 
5.02770 1.94300 
5.03041 1.94400 
5.03312 1.94500 
5.03583 1.94600 
5.03854 1.94700 
5.04125 1.94800 
5.04396 1.94900 
5.04667 1.95000 
5.04938 1.95100 
5.05209 1.95200 
5.05480 1.95300 
5.05751 1.95400 
5.06022 1.95500 
5.06292 1.95600 
5.06563 1.95700 
5.06834 1.95800 
5.07105 1.95900 
5.07376 1.96000 
5.07647 1.96100 
5.07918 1.96200 
5.08189 1.96300 
5.08460 1.96400 
5.08731 1.96500 
5.09002 1.96600 
5.09273 1.96700 
5.09543 1.96800 
5.09814 1.96900 
5.10085 1.97000 
5.10356 1.97100 
5.10627 1.97200 
5.10898 1.97300 
5.11169 1.97400 
5.11440 1.97500 
5.11711 1.97600 
5.11982 1.97700 
5.12253 1.97800 
5.12524 1.97900 
5.12795 1.98000 
5.13065 1.98100 
5.13336 1.98200 
5.13607 1.98300 
5.13878 1.98400 
5.14149 1.98500 
5.14420 1.98600 
5.14691 1.98700 
5.14962 1.98800 
5.15233 1.98900 
5.15504 1.99000 
5.15775 1.99100 
5.16046 1.99200 
5.16316 1.99300 
5.16587 1.99400 
5.16858 1.99500 
5.17129 1.99600 
5.17400 1.99700 
5.17671 1.99800 
5.17942 1.99900 
5.18213 2.00000 
5.18484 2.00100 
5.18755 2.00200 
5.19026 2.00300 
5.19297 2.00400 
5.19567 2.00500 
5.19838 2.00600 
5.20109 2.00700 
5.20380 2.00800 
5.20651 2.00900 
5.20922 2.01000 
5.21193 2.01100 
5.21464 2.01200 
5.21735 2.01300 
5.22006 2.01400 
5.22277 2.01500 
5.22548 2.01600 
5.22819 2.01700 
5.23089 2.01800 
5.23360 2.01900 
5.23631 2.02000 
5.23902 2.02100 
5.24173 2.02200 
5.24444 2.02300 
5.24715 2.02400 
5.24986 2.02500 
5.25257 2.02600 
5.25528 2.02700 
5.25799 2.02800 
5.26070 2.02900 
5.26340 2.03000 
5.26611 2.03100 
5.26882 2.03200 
5.27153 2.03300 
5.27424 2.03400 
5.27695 2.03500 
5.27966 2.03600 
5.28237 2.03700 
5.28508 2.03800 
5.28779 2.03900 
5.29050 2.04000 
5.29321 2.04100 
5.29592 2.04200 
5.29862 2.04300 
5.30133 2.04400 
5.30404 2.04500 
5.30675 2.04600 
5.30946 2.04700 
5.31217 2.04800 
5.31488 2.04900 
5.31759 2.05000 
5.32030 2.05100 
5.32301 2.05200 
5.32572 2.05300 
5.32843 2.05400 
5.33113 2.05500 
5.33384 2.05600 
5.33655 2.05700 
5.33926 2.05800 
5.34197 2.05900 
5.34468 2.06000 
5.34739 2.06100 
5.35010 2.06200 
5.35281 2.06300 
5.35552 2.06400 
5.35823 2.06500 
5.36094 2.06600 
5.36365 2.06700 
5.36635 2.06800 
5.36906 2.06900 
5.37177 2.07000 
5.37448 2.07100 
5.37719 2.07200 
5.37990 2.07300 
5.38261 2.07400 
5.38532 2.07500 
5.38803 2.07600 
5.39074 2.07700 
5.39345 2.07800 
5.39616 2.07900 
5.39886 2.08000 
5.40157 2.08100 
5.40428 2.08200 
5.40699 2.08300 
5.40970 2.08400 
5.41241 2.08500 
5.41512 2.08600 
5.41783 2.08700 
5.42054 2.08800 
5.42325 2.08900 
5.42596 2.09000 
5.42867 2.09100 
5.43138 2.09200 
5.43408 2.09300 
5.43679 2.09400 
5.43950 2.09500 
5.44221 2.09600 
5.44492 2.09700 
5.44763 2.09800 
5.45034 2.09900 
5.45305 2.10000 
5.45576 2.10100 
5.45847 2.10200 
5.46118 2.10300 
5.46389 2.10400 
5.46659 2.10500 
5.46930 2.10600 
5.47201 2.10700 
5.47472 2.10800 
5.47743 2.10900 
5.48014 2.11000 
5.48285 2.11100 
5.48556 2.11200 
5.48827 2.11300 
5.49098 2.11400 
5.49369 2.11500 
5.49640 2.11600 
5.49910 2.11700 
5.50181 2.11800 
5.50452 2.11900 
5.50723 2.12000 
5.50994 2.12100 
5.51265 2.12200 
5.51536 2.12300 
5.51807 2.12400 
5.52078 2.12500 
5.52349 2.12600 
5.52620 2.12700 
5.52891 2.12800 
5.53162 2.12900 
5.53432 2.13000 
5.53703 2.13100 
5.53974 2.13200 
5.54245 2.13300 
5.54516 2.13400 
5.54787 2.13500 
5.55058 2.13600 
5.55329 2.13700 
5.55600 2.13800 
5.55871 2.13900 
5.56142 2.14000 
5.56413 2.14100 
5.56683 2.14200 
5.56954 2.14300 
5.57225 2.14400 
5.57496 2.14500 
5.57767 2.14600 
5.58038 2.14700 
5.58309 2.14800 
5.58580 2.14900 
5.58851 2.15000 
5.59122 2.15100 
5.59393 2.15200 
5.59664 2.15300 
5.59935 2.15400 
5.60205 2.15500 
5.60476 2.15600 
5.60747 2.15700 
5.61018 2.15800 
5.61289 2.15900 
5.61560 2.16000 
5.61831 2.16100 
5.62102 2.16200 
5.62373 2.16300 
5.62644 2.16400 
5.62915 2.16500 
5.63186 2.16600 
5.63456 2.16700 
5.63727 2.16800 
5.63998 2.16900 
5.64269 2.17000 
5.64540 2.17100 
5.64811 2.17200 
5.65082 2.17300 
5.65353 2.17400 
5.65624 2.17500 
5.65895 2.17600 
5.66166 2.17700 
5.66437 2.17800 
5.66708 2.17900 
5.66978 2.18000 
5.67249 2.18100 
5.67520 2.18200 
5.67791 2.18300 
5.68062 2.18400 
5.68333 2.18500 
5.68604 2.18600 
5.68875 2.18700 
5.69146 2.18800 
5.69417 2.18900 
5.69688 2.19000 
5.69959 2.19100 
5.70229 2.19200 
5.70500 2.19300 
5.70771 2.19400 
5.71042 2.19500 
5.71313 2.19600 
5.71584 2.19700 
5.71855 2.19800 
5.72126 2.19900 
5.72397 2.20000 
5.72668 2.20100 
5.72939 2.20200 
5.73210 2.20300 
5.73481 2.20400 
5.73751 2.20500 
5.74022 2.20600 
5.74293 2.20700 
5.74564 2.20800 
5.74835 2.20900 
5.75106 2.21000 
5.75377 2.21100 
5.75648 2.21200 
5.75919 2.21300 
5.76190 2.21400 
5.76461 2.21500 
5.76732 2.21600 
5.77002 2.21700 
5.77273 2.21800 
5.77544 2.21900 
5.77815 2.22000 
5.78086 2.22100 
5.78357 2.22200 
5.78628 2.22300 
5.78899 2.22400 
5.79170 2.22500 
5.79441 2.22600 
5.79712 2.22700 
5.79983 2.22800 
5.80253 2.22900 
5.80524 2.23000 
5.80795 2.23100 
5.81066 2.23200 
5.81337 2.23300 
5.81608 2.23400 
5.81879 2.23500 
5.82150 2.23600 
5.82421 2.23700 
5.82692 2.23800 
5.82963 2.23900 
5.83234 2.24000 
5.83505 2.24100 
5.83775 2.24200 
5.84046 2.24300 
5.84317 2.24400 
5.84588 2.24500 
5.84859 2.24600 
5.85130 2.24700 
5.85401 2.24800 
5.85672 2.24900 
5.85943 2.25000 
5.86214 2.25100 
5.86485 2.25200 
5.86756 2.25300 
5.87026 2.25400 
5.87297 2.25500 
5.87568 2.25600 
5.87839 2.25700 
5.88110 2.25800 
5.88381 2.25900 
5.88652 2.26000 
5.88923 2.26100 
5.89194 2.26200 
5.89465 2.26300 
5.89736 2.26400 
5.90007 2.26500 
5.90278 2.26600 
5.90548 2.26700 
5.90819 2.26800 
5.91090 2.26900 
5.91361 2.27000 
5.91632 2.27100 
5.91903 2.27200 
5.92174 2.27300 
5.92445 2.27400 
5.92716 2.27500 
5.92987 2.27600 
5.93258 2.27700 
5.93529 2.27800 
5.93799 2.27900 
5.94070 2.28000 
5.94341 2.28100 
5.94612 2.28200 
5.94883 2.28300 
5.95154 2.28400 
5.95425 2.28500 
5.95696 2.28600 
5.95967 2.28700 
5.96238 2.28800 
5.96509 2.28900 
5.96780 2.29000 
5.97051 2.29100 
5.97321 2.29200 
5.97592 2.29300 
5.97863 2.29400 
5.98134 2.29500 
5.98405 2.29600 
5.98676 2.29700 
5.98947 2.29800 
5.99218 2.29900 
5.99489 2.30000 
5.99760 2.30100 
6.00031 2.30200 
6.00302 2.30300 
6.00572 2.30400 
6.00843 2.30500 
6.01114 2.30600 
6.01385 2.30700 
6.01656 2.30800 
6.01927 2.30900 
6.02198 2.31000 
6.02469 2.31100 
6.02740 2.31200 
6.03011 2.31300 
6.03282 2.31400 
6.03553 2.31500 
6.03824 2.31600 
6.04094 2.31700 
6.04365 2.31800 
6.04636 2.31900 
6.04907 2.32000 
6.05178 2.32100 
6.05449 2.32200 
6.05720 2.32300 
6.05991 2.32400 
6.06262 2.32500 
6.06533 2.32600 
6.06804 2.32700 
6.07075 2.32800 
6.07345 2.32900 
6.07616 2.33000 
6.07887 2.33100 
6.08158 2.33200 
6.08429 2.33300 
6.08700 2.33400 
6.08971 2.33500 
6.09242 2.33600 
6.09513 2.33700 
6.09784 2.33800 
6.10055 2.33900 
6.10326 2.34000 
6.10596 2.34100 
6.10867 2.34200 
6.11138 2.34300 
6.11409 2.34400 
6.11680 2.34500 
6.11951 2.34600 
6.12222 2.34700 
6.12493 2.34800 
6.12764 2.34900 
6.13035 2.35000 
6.13306 2.35100 
6.13577 2.35200 
6.13848 2.35300 
6.14118 2.35400 
6.14389 2.35500 
6.14660 2.35600 
6.14931 2.35700 
6.15202 2.35800 
6.15473 2.35900 
6.15744 2.36000 
6.16015 2.36100 
6.16286 2.36200 
6.16557 2.36300 
6.16828 2.36400 
6.17099 2.36500 
6.17369 2.36600 
6.17640 2.36700 
6.17911 2.36800 
6.18182 2.36900 
6.18453 2.37000 
6.18724 2.37100 
6.18995 2.37200 
6.19266 2.37300 
6.19537 2.37400 
6.19808 2.37500 
6.20079 2.37600 
6.20350 2.37700 
6.20621 2.37800 
6.20891 2.37900 
6.21162 2.38000 
6.21433 2.38100 
6.21704 2.38200 
6.21975 2.38300 
6.22246 2.38400 
6.22517 2.38500 
6.22788 2.38600 
6.23059 2.38700 
6.23330 2.38800 
6.23601 2.38900 
6.23872 2.39000 
6.24142 2.39100 
6.24413 2.39200 
6.24684 2.39300 
6.24955 2.39400 
6.25226 2.39500 
6.25497 2.39600 
6.25768 2.39700 
6.26039 2.39800 
6.26310 2.39900 
6.26581 2.40000 
6.26852 2.40100 
6.27123 2.40200 
6.27394 2.40300 
6.27664 2.40400 
6.27935 2.40500 
6.28206 2.40600 
6.28477 2.40700 
6.28748 2.40800 
6.29019 2.40900 
6.29290 2.41000 
6.29561 2.41100 
6.29832 2.41200 
6.30103 2.41300 
6.30374 2.41400 
6.30645 2.41500 
6.30915 2.41600 
6.31186 2.41700 
6.31457 2.41800 
6.31728 2.41900 
6.31999 2.42000 
6.32270 2.42100 
6.32541 2.42200 
6.32812 2.42300 
6.33083 2.42400 
6.33354 2.42500 
6.33625 2.42600 
6.33896 2.42700 
6.34167 2.42800 
6.34437 2.42900 
6.34708 2.43000 
6.34979 2.43100 
6.35250 2.43200 
6.35521 2.43300 
6.35792 2.43400 
6.36063 2.43500 
6.36334 2.43600 
6.36605 2.43700 
6.36876 2.43800 
6.37147 2.43900 
6.37418 2.44000 
6.37688 2.44100 
6.37959 2.44200 
6.38230 2.44300 
6.38501 2.44400 
6.38772 2.44500 
6.39043 2.44600 
6.39314 2.44700 
6.39585 2.44800 
6.39856 2.44900 
6.40127 2.45000 
6.40398 2.45100 
6.40669 2.45200 
6.40939 2.45300 
6.41210 2.45400 
6.41481 2.45500 
6.41752 2.45600 
6.42023 2.45700 
6.42294 2.45800 
6.42565 2.45900 
6.42836 2.46000 
6.43107 2.46100 
6.43378 2.46200 
6.43649 2.46300 
6.43920 2.46400 
6.44191 2.46500 
6.44461 2.46600 
6.44732 2.46700 
6.45003 2.46800 
6.45274 2.46900 
6.45545 2.47000 
6.45816 2.47100 
6.46087 2.47200 
6.46358 2.47300 
6.46629 2.47400 
6.46900 2.47500 
6.47171 2.47600 
6.47442 2.47700 
6.47712 2.47800 
6.47983 2.47900 
6.48254 2.48000 
6.48525 2.48100 
6.48796 2.48200 
6.49067 2.48300 
6.49338 2.48400 
6.49609 2.48500 
6.49880 2.48600 
6.50151 2.48700 
6.50422 2.48800 
6.50693 2.48900 
6.50964 2.49000 
6.51234 2.49100 
6.51505 2.49200 
6.51776 2.49300 
6.52047 2.49400 
6.52318 2.49500 
6.52589 2.49600 
6.52860 2.49700 
6.53131 2.49800 
6.53402 2.49900 
6.53673 2.50000 
6.53944 2.50100 
6.54215 2.50200 
6.54485 2.50300 
6.54756 2.50400 
6.55027 2.50500 
6.55298 2.50600 
6.55569 2.50700 
6.55840 2.50800 
6.56111 2.50900 
6.56382 2.51000 
6.56653 2.51100 
6.56924 2.51200 
6.57195 2.51300 
6.57466 2.51400 
6.57737 2.51500 
6.58007 2.51600 
6.58278 2.51700 
6.58549 2.51800 
6.58820 2.51900 
6.59091 2.52000 
6.59362 2.52100 
6.59633 2.52200 
6.59904 2.52300 
6.60175 2.52400 
6.60446 2.52500 
6.60717 2.52600 
6.60988 2.52700 
6.61258 2.52800 
6.61529 2.52900 
6.61800 2.53000 
6.62071 2.53100 
6.62342 2.53200 
6.62613 2.53300 
6.62884 2.53400 
6.63155 2.53500 
6.63426 2.53600 
6.63697 2.53700 
6.63968 2.53800 
6.64239 2.53900 
6.64509 2.54000 
6.64780 2.54100 
6.65051 2.54200 
6.65322 2.54300 
6.65593 2.54400 
6.65864 2.54500 
6.66135 2.54600 
6.66406 2.54700 
6.66677 2.54800 
6.66948 2.54900 
6.67219 2.55000 
6.67490 2.55100 
6.67761 2.55200 
6.68031 2.55300 
6.68302 2.55400 
6.68573 2.55500 
6.68844 2.55600 
6.69115 2.55700 
6.69386 2.55800 
6.69657 2.55900 
6.69928 2.56000 
6.70199 2.56100 
6.70470 2.56200 
6.70741 2.56300 
6.71012 2.56400 
6.71282 2.56500 
6.71553 2.56600 
6.71824 2.56700 
6.72095 2.56800 
6.72366 2.56900 
6.72637 2.57000 
6.72908 2.57100 
6.73179 2.57200 
6.73450 2.57300 
6.73721 2.57400 
6.73992 2.57500 
6.74263 2.57600 
6.74534 2.57700 
6.74804 2.57800 
6.75075 2.57900 
6.75346 2.58000 
6.75617 2.58100 
6.75888 2.58200 
6.76159 2.58300 
6.76430 2.58400 
6.76701 2.58500 
6.76972 2.58600 
6.77243 2.58700 
6.77514 2.58800 
6.77785 2.58900 
6.78055 2.59000 
6.78326 2.59100 
6.78597 2.59200 
6.78868 2.59300 
6.79139 2.59400 
6.79410 2.59500 
6.79681 2.59600 
6.79952 2.59700 
6.80223 2.59800 
6.80494 2.59900 
6.80765 2.60000 
6.81036 2.60100 
6.81307 2.60200 
6.81577 2.60300 
6.81848 2.60400 
6.82119 2.60500 
6.82390 2.60600 
6.82661 2.60700 
6.82932 2.60800 
6.83203 2.60900 
6.83474 2.61000 
6.83745 2.61100 
6.84016 2.61200 
6.84287 2.61300 
6.84558 2.61400 
6.84828 2.61500 
6.85099 2.61600 
6.85370 2.61700 
6.85641 2.61800 
6.85912 2.61900 
6.86183 2.62000 
6.86454 2.62100 
6.86725 2.62200 
6.86996 2.62300 
6.87267 2.62400 
6.87538 2.62500 
6.87809 2.62600 
6.88080 2.62700 
6.88350 2.62800 
6.88621 2.62900 
6.88892 2.63000 
6.89163 2.63100 
6.89434 2.63200 
6.89705 2.63300 
6.89976 2.63400 
6.90247 2.63500 
6.90518 2.63600 
6.90789 2.63700 
6.91060 2.63800 
6.91331 2.63900 
6.91601 2.64000 
6.91872 2.64100 
6.92143 2.64200 
6.92414 2.64300 
6.92685 2.64400 
6.92956 2.64500 
6.93227 2.64600 
6.93498 2.64700 
6.93769 2.64800 
6.94040 2.64900 
6.94311 2.65000 
6.94582 2.65100 
6.94852 2.65200 
6.95123 2.65300 
6.95394 2.65400 
6.95665 2.65500 
6.95936 2.65600 
6.96207 2.65700 
6.96478 2.65800 
6.96749 2.65900 
6.97020 2.66000 
6.97291 2.66100 
6.97562 2.66200 
6.97833 2.66300 
6.98104 2.66400 
6.98374 2.66500 
6.98645 2.66600 
6.98916 2.66700 
6.99187 2.66800 
6.99458 2.66900 
6.99729 2.67000 
7.00000 2.67100 
7.00271 2.67200 
7.00542 2.67300 
7.00813 2.67400 
7.01084 2.67500 
7.01355 2.67600 
7.01625 2.67700 
7.01896 2.67800 
7.02167 2.67900 
7.02438 2.68000 
7.02709 2.68100 
7.02980 2.68200 
7.03251 2.68300 
7.03522 2.68400 
7.03793 2.68500 
7.04064 2.68600 
7.04335 2.68700 
7.04606 2.68800 
7.04877 2.68900 
7.05147 2.69000 
7.05418 2.69100 
7.05689 2.69200 
7.05960 2.69300 
7.06231 2.69400 
7.06502 2.69500 
7.06773 2.69600 
7.07044 2.69700 
7.07315 2.69800 
7.07586 2.69900 
7.07857 2.70000 
7.08128 2.70100 
7.08398 2.70200 
7.08669 2.70300 
7.08940 2.70400 
7.09211 2.70500 
7.09482 2.70600 
7.09753 2.70700 
7.10024 2.70800 
7.10295 2.70900 
7.10566 2.71000 
7.10837 2.71100 
7.11108 2.71200 
7.11379 2.71300 
7.11650 2.71400 
7.11920 2.71500 
7.12191 2.71600 
7.12462 2.71700 
7.12733 2.71800 
7.13004 2.71900 
7.13275 2.72000 
7.13546 2.72100 
7.13817 2.72200 
7.14088 2.72300 
7.14359 2.72400 
7.14630 2.72500 
7.14901 2.72600 
7.15171 2.72700 
7.15442 2.72800 
7.15713 2.72900 
7.15984 2.73000 
7.16255 2.73100 
7.16526 2.73200 
7.16797 2.73300 
7.17068 2.73400 
7.17339 2.73500 
7.17610 2.73600 
7.17881 2.73700 
7.18152 2.73800 
7.18423 2.73900 
7.18693 2.74000 
7.18964 2.74100 
7.19235 2.74200 
7.19506 2.74300 
7.19777 2.74400 
7.20048 2.74500 
7.20319 2.74600 
7.20590 2.74700 
7.20861 2.74800 
7.21132 2.74900 
7.21403 2.75000 
7.21674 2.75100 
7.21944 2.75200 
7.22215 2.75300 
7.22486 2.75400 
7.22757 2.75500 
7.23028 2.75600 
7.23299 2.75700 
7.23570 2.75800 
7.23841 2.75900 
7.24112 2.76000 
7.24383 2.76100 
7.24654 2.76200 
7.24925 2.76300 
7.25195 2.76400 
7.25466 2.76500 
7.25737 2.76600 
7.26008 2.76700 
7.26279 2.76800 
7.26550 2.76900 
7.26821 2.77000 
7.27092 2.77100 
7.27363 2.77200 
7.27634 2.77300 
7.27905 2.77400 
7.28176 2.77500 
7.28447 2.77600 
7.28717 2.77700 
7.28988 2.77800 
7.29259 2.77900 
7.29530 2.78000 
7.29801 2.78100 
7.30072 2.78200 
7.30343 2.78300 
7.30614 2.78400 
7.30885 2.78500 
7.31156 2.78600 
7.31427 2.78700 
7.31698 2.78800 
7.31968 2.78900 
7.32239 2.79000 
7.32510 2.79100 
7.32781 2.79200 
7.33052 2.79300 
7.33323 2.79400 
7.33594 2.79500 
7.33865 2.79600 
7.34136 2.79700 
7.34407 2.79800 
7.34678 2.79900 
7.34949 2.80000 
7.35220 2.80100 
7.35490 2.80200 
7.35761 2.80300 
7.36032 2.80400 
7.36303 2.80500 
7.36574 2.80600 
7.36845 2.80700 
7.37116 2.80800 
7.37387 2.80900 
7.37658 2.81000 
7.37929 2.81100 
7.38200 2.81200 
7.38471 2.81300 
7.38741 2.81400 
7.39012 2.81500 
7.39283 2.81600 
7.39554 2.81700 
7.39825 2.81800 
7.40096 2.81900 
7.40367 2.82000 
7.40638 2.82100 
7.40909 2.82200 
7.41180 2.82300 
7.41451 2.82400 
7.41722 2.82500 
7.41993 2.82600 
7.42263 2.82700 
7.42534 2.82800 
7.42805 2.82900 
7.43076 2.83000 
7.43347 2.83100 
7.43618 2.83200 
7.43889 2.83300 
7.44160 2.83400 
7.44431 2.83500 
7.44702 2.83600 
7.44973 2.83700 
7.45244 2.83800 
7.45514 2.83900 
7.45785 2.84000 
7.46056 2.84100 
7.46327 2.84200 
7.46598 2.84300 
7.46869 2.84400 
7.47140 2.84500 
7.47411 2.84600 
7.47682 2.84700 
7.47953 2.84800 
7.48224 2.84900 
7.48495 2.85000 
7.48766 2.85100 
7.49036 2.85200 
7.49307 2.85300 
7.49578 2.85400 
7.49849 2.85500 
7.50120 2.85600 
7.50391 2.85700 
7.50662 2.85800 
7.50933 2.85900 
7.51204 2.86000 
7.51475 2.86100 
7.51746 2.86200 
7.52017 2.86300 
7.52287 2.86400 
7.52558 2.86500 
7.52829 2.86600 
7.53100 2.86700 
7.53371 2.86800 
7.53642 2.86900 
7.53913 2.87000 
7.54184 2.87100 
7.54455 2.87200 
7.54726 2.87300 
7.54997 2.87400 
7.55268 2.87500 
7.55538 2.87600 
7.55809 2.87700 
7.56080 2.87800 
7.56351 2.87900 
7.56622 2.88000 
7.56893 2.88100 
7.57164 2.88200 
7.57435 2.88300 
7.57706 2.88400 
7.57977 2.88500 
7.58248 2.88600 
7.58519 2.88700 
7.58790 2.88800 
7.59060 2.88900 
7.59331 2.89000 
7.59602 2.89100 
7.59873 2.89200 
7.60144 2.89300 
7.60415 2.89400 
7.60686 2.89500 
7.60957 2.89600 
7.61228 2.89700 
7.61499 2.89800 
7.61770 2.89900 
7.62041 2.90000 
7.62311 2.90100 
7.62582 2.90200 
7.62853 2.90300 
7.63124 2.90400 
7.63395 2.90500 
7.63666 2.90600 
7.63937 2.90700 
7.64208 2.90800 
7.64479 2.90900 
7.64750 2.91000 
7.65021 2.91100 
7.65292 2.91200 
7.65563 2.91300 
7.65833 2.91400 
7.66104 2.91500 
7.66375 2.91600 
7.66646 2.91700 
7.66917 2.91800 
7.67188 2.91900 
7.67459 2.92000 
7.67730 2.92100 
7.68001 2.92200 
7.68272 2.92300 
7.68543 2.92400 
7.68814 2.92500 
7.69084 2.92600 
7.69355 2.92700 
7.69626 2.92800 
7.69897 2.92900 
7.70168 2.93000 
7.70439 2.93100 
7.70710 2.93200 
7.70981 2.93300 
7.71252 2.93400 
7.71523 2.93500 
7.71794 2.93600 
7.72065 2.93700 
7.72336 2.93800 
7.72606 2.93900 
7.72877 2.94000 
7.73148 2.94100 
7.73419 2.94200 
7.73690 2.94300 
7.73961 2.94400 
7.74232 2.94500 
7.74503 2.94600 
7.74774 2.94700 
7.75045 2.94800 
7.75316 2.94900 
7.75587 2.95000 
7.75857 2.95100 
7.76128 2.95200 
7.76399 2.95300 
7.76670 2.95400 
7.76941 2.95500 
7.77212 2.95600 
7.77483 2.95700 
7.77754 2.95800 
7.78025 2.95900 
7.78296 2.96000 
7.78567 2.96100 
7.78838 2.96200 
7.79109 2.96300 
7.79379 2.96400 
7.79650 2.96500 
7.79921 2.96600 
7.80192 2.96700 
7.80463 2.96800 
7.80734 2.96900 
7.81005 2.97000 
7.81276 2.97100 
7.81547 2.97200 
7.81818 2.97300 
7.82089 2.97400 
7.82360 2.97500 
7.82630 2.97600 
7.82901 2.97700 
7.83172 2.97800 
7.83443 2.97900 
7.83714 2.98000 
7.83985 2.98100 
7.84256 2.98200 
7.84527 2.98300 
7.84798 2.98400 
7.85069 2.98500 
7.85340 2.98600 
7.85611 2.98700 
7.85881 2.98800 
7.86152 2.98900 
7.86423 2.99000 
7.86694 2.99100 
7.86965 2.99200 
7.87236 2.99300 
7.87507 2.99400 
7.87778 2.99500 
7.88049 2.99600 
7.88320 2.99700 
7.88591 2.99800 
7.88862 2.99900 
7.89133 3.00000 
7.89403 3.00100 
7.89674 3.00200 
7.89945 3.00300 
7.90216 3.00400 
7.90487 3.00500 
7.90758 3.00600 
7.91029 3.00700 
7.91300 3.00800 
7.91571 3.00900 
7.91842 3.01000 
7.92113 3.01100 
7.92384 3.01200 
7.92654 3.01300 
7.92925 3.01400 
7.93196 3.01500 
7.93467 3.01600 
7.93738 3.01700 
7.94009 3.01800 
7.94280 3.01900 
7.94551 3.02000 
7.94822 3.02100 
7.95093 3.02200 
7.95364 3.02300 
7.95635 3.02400 
7.95906 3.02500 
7.96176 3.02600 
7.96447 3.02700 
7.96718 3.02800 
7.96989 3.02900 
7.97260 3.03000 
7.97531 3.03100 
7.97802 3.03200 
7.98073 3.03300 
7.98344 3.03400 
7.98615 3.03500 
7.98886 3.03600 
7.99157 3.03700 
7.99427 3.03800 
7.99698 3.03900 
7.99969 3.04000 
8.00240 3.04100 
8.00511 3.04200 
8.00782 3.04300 
8.01053 3.04400 
8.01324 3.04500 
8.01595 3.04600 
8.01866 3.04700 
8.02137 3.04800 
8.02408 3.04900 
8.02679 3.05000 
8.02949 3.05100 
8.03220 3.05200 
8.03491 3.05300 
8.03762 3.05400 
8.04033 3.05500 
8.04304 3.05600 
8.04575 3.05700 
8.04846 3.05800 
8.05117 3.05900 
8.05388 3.06000 
8.05659 3.06100 
8.05930 3.06200 
8.06200 3.06300 
8.06471 3.06400 
8.06742 3.06500 
8.07013 3.06600 
8.07284 3.06700 
8.07555 3.06800 
8.07826 3.06900 
8.08097 3.07000 
8.08368 3.07100 
8.08639 3.07200 
8.08910 3.07300 
8.09181 3.07400 
8.09452 3.07500 
8.09722 3.07600 
8.09993 3.07700 
8.10264 3.07800 
8.10535 3.07900 
8.10806 3.08000 
8.11077 3.08100 
8.11348 3.08200 
8.11619 3.08300 
8.11890 3.08400 
8.12161 3.08500 
8.12432 3.08600 
8.12703 3.08700 
8.12973 3.08800 
8.13244 3.08900 
8.13515 3.09000 
8.13786 3.09100 
8.14057 3.09200 
8.14328 3.09300 
8.14599 3.09400 
8.14870 3.09500 
8.15141 3.09600 
8.15412 3.09700 
8.15683 3.09800 
8.15954 3.09900 
8.16224 3.10000 
8.16495 3.10100 
8.16766 3.10200 
8.17037 3.10300 
8.17308 3.10400 
8.17579 3.10500 
8.17850 3.10600 
8.18121 3.10700 
8.18392 3.10800 
8.18663 3.10900 
8.18934 3.11000 
8.19205 3.11100 
8.19476 3.11200 
8.19746 3.11300 
8.20017 3.11400 
8.20288 3.11500 
8.20559 3.11600 
8.20830 3.11700 
8.21101 3.11800 
8.21372 3.11900 
8.21643 3.12000 
8.21914 3.12100 
8.22185 3.12200 
8.22456 3.12300 
8.22727 3.12400 
8.22997 3.12500 
8.23268 3.12600 
8.23539 3.12700 
8.23810 3.12800 
8.24081 3.12900 
8.24352 3.13000 
8.24623 3.13100 
8.24894 3.13200 
8.25165 3.13300 
8.25436 3.13400 
8.25707 3.13500 
8.25978 3.13600 
8.26249 3.13700 
8.26519 3.13800 
8.26790 3.13900 
8.27061 3.14000 
8.27332 3.14100 
8.27603 3.14200 
8.27874 3.14300 
8.28145 3.14400 
8.28416 3.14500 
8.28687 3.14600 
8.28958 3.14700 
8.29229 3.14800 
8.29500 3.14900 
8.29770 3.15000 
8.30041 3.15100 
8.30312 3.15200 
8.30583 3.15300 
8.30854 3.15400 
8.31125 3.15500 
8.31396 3.15600 
8.31667 3.15700 
8.31938 3.15800 
8.32209 3.15900 
8.32480 3.16000 
8.32751 3.16100 
8.33022 3.16200 
8.33292 3.16300 
8.33563 3.16400 
8.33834 3.16500 
8.34105 3.16600 
8.34376 3.16700 
8.34647 3.16800 
8.34918 3.16900 
8.35189 3.17000 
8.35460 3.17100 
8.35731 3.17200 
8.36002 3.17300 
8.36273 3.17400 
8.36543 3.17500 
8.36814 3.17600 
8.37085 3.17700 
8.37356 3.17800 
8.37627 3.17900 
8.37898 3.18000 
8.38169 3.18100 
8.38440 3.18200 
8.38711 3.18300 
8.38982 3.18400 
8.39253 3.18500 
8.39524 3.18600 
8.39794 3.18700 
8.40065 3.18800 
8.40336 3.18900 
8.40607 3.19000 
8.40878 3.19100 
8.41149 3.19200 
8.41420 3.19300 
8.41691 3.19400 
8.41962 3.19500 
8.42233 3.19600 
8.42504 3.19700 
8.42775 3.19800 
8.43046 3.19900 
8.43316 3.20000 
8.43587 3.20100 
8.43858 3.20200 
8.44129 3.20300 
8.44400 3.20400 
8.44671 3.20500 
8.44942 3.20600 
8.45213 3.20700 
8.45484 3.20800 
8.45755 3.20900 
8.46026 3.21000 
8.46297 3.21100 
8.46567 3.21200 
8.46838 3.21300 
8.47109 3.21400 
8.47380 3.21500 
8.47651 3.21600 
8.47922 3.21700 
8.48193 3.21800 
8.48464 3.21900 
8.48735 3.22000 
8.49006 3.22100 
8.49277 3.22200 
8.49548 3.22300 
8.49819 3.22400 
8.50089 3.22500 
8.50360 3.22600 
8.50631 3.22700 
8.50902 3.22800 
8.51173 3.22900 
8.51444 3.23000 
8.51715 3.23100 
8.51986 3.23200 
8.52257 3.23300 
8.52528 3.23400 
8.52799 3.23500 
8.53070 3.23600 
8.53340 3.23700 
8.53611 3.23800 
8.53882 3.23900 
8.54153 3.24000 
8.54424 3.24100 
8.54695 3.24200 
8.54966 3.24300 
8.55237 3.24400 
8.55508 3.24500 
8.55779 3.24600 
8.56050 3.24700 
8.56321 3.24800 
8.56592 3.24900 
8.56862 3.25000 
8.57133 3.25100 
8.57404 3.25200 
8.57675 3.25300 
8.57946 3.25400 
8.58217 3.25500 
8.58488 3.25600 
8.58759 3.25700 
8.59030 3.25800 
8.59301 3.25900 
8.59572 3.26000 
8.59843 3.26100 
8.60113 3.26200 
8.60384 3.26300 
8.60655 3.26400 
8.60926 3.26500 
8.61197 3.26600 
8.61468 3.26700 
8.61739 3.26800 
8.62010 3.26900 
8.62281 3.27000 
8.62552 3.27100 
8.62823 3.27200 
8.63094 3.27300 
8.63365 3.27400 
8.63635 3.27500 
8.63906 3.27600 
8.64177 3.27700 
8.64448 3.27800 
8.64719 3.27900 
8.64990 3.28000 
8.65261 3.28100 
8.65532 3.28200 
8.65803 3.28300 
8.66074 3.28400 
8.66345 3.28500 
8.66616 3.28600 
8.66886 3.28700 
8.67157 3.28800 
8.67428 3.28900 
8.67699 3.29000 
8.67970 3.29100 
8.68241 3.29200 
8.68512 3.29300 
8.68783 3.29400 
8.69054 3.29500 
8.69325 3.29600 
8.69596 3.29700 
8.69867 3.29800 
8.70137 3.29900 
8.70408 3.30000 
8.70679 3.30100 
8.70950 3.30200 
8.71221 3.30300 
8.71492 3.30400 
8.71763 3.30500 
8.72034 3.30600 
8.72305 3.30700 
8.72576 3.30800 
8.72847 3.30900 
8.73118 3.31000 
8.73389 3.31100 
8.73659 3.31200 
8.73930 3.31300 
8.74201 3.31400 
8.74472 3.31500 
8.74743 3.31600 
8.75014 3.31700 
8.75285 3.31800 
8.75556 3.31900 
8.75827 3.32000 
8.76098 3.32100 
8.76369 3.32200 
8.76640 3.32300 
8.76910 3.32400 
8.77181 3.32500 
8.77452 3.32600 
8.77723 3.32700 
8.77994 3.32800 
8.78265 3.32900 
8.78536 3.33000 
8.78807 3.33100 
8.79078 3.33200 
8.79349 3.33300 
8.79620 3.33400 
8.79891 3.33500 
8.80162 3.33600 
8.80432 3.33700 
8.80703 3.33800 
8.80974 3.33900 
8.81245 3.34000 
8.81516 3.34100 
8.81787 3.34200 
8.82058 3.34300 
8.82329 3.34400 
8.82600 3.34500 
8.82871 3.34600 
8.83142 3.34700 
8.83413 3.34800 
8.83683 3.34900 
8.83954 3.35000 
8.84225 3.35100 
8.84496 3.35200 
8.84767 3.35300 
8.85038 3.35400 
8.85309 3.35500 
8.85580 3.35600 
8.85851 3.35700 
8.86122 3.35800 
8.86393 3.35900 
8.86664 3.36000 
8.86935 3.36100 
8.87205 3.36200 
8.87476 3.36300 
8.87747 3.36400 
8.88018 3.36500 
8.88289 3.36600 
8.88560 3.36700 
8.88831 3.36800 
8.89102 3.36900 
8.89373 3.37000 
8.89644 3.37100 
8.89915 3.37200 
8.90186 3.37300 
8.90456 3.37400 
8.90727 3.37500 
8.90998 3.37600 
8.91269 3.37700 
8.91540 3.37800 
8.91811 3.37900 
8.92082 3.38000 
8.92353 3.38100 
8.92624 3.38200 
8.92895 3.38300 
8.93166 3.38400 
8.93437 3.38500 
8.93708 3.38600 
8.93978 3.38700 
8.94249 3.38800 
8.94520 3.38900 
8.94791 3.39000 
8.95062 3.39100 
8.95333 3.39200 
8.95604 3.39300 
8.95875 3.39400 
8.96146 3.39500 
8.96417 3.39600 
8.96688 3.39700 
8.96959 3.39800 
8.97229 3.39900 
8.97500 3.40000 
8.97771 3.40100 
8.98042 3.40200 
8.98313 3.40300 
8.98584 3.40400 
8.98855 3.40500 
8.99126 3.40600 
8.99397 3.40700 
8.99668 3.40800 
8.99939 3.40900 
9.00210 3.41000 
9.00480 3.41100 
9.00751 3.41200 
9.01022 3.41300 
9.01293 3.41400 
9.01564 3.41500 
9.01835 3.41600 
9.02106 3.41700 
9.02377 3.41800 
9.02648 3.41900 
9.02919 3.42000 
9.03190 3.42100 
9.03461 3.42200 
9.03732 3.42300 
9.04002 3.42400 
9.04273 3.42500 
9.04544 3.42600 
9.04815 3.42700 
9.05086 3.42800 
9.05357 3.42900 
9.05628 3.43000 
9.05899 3.43100 
9.06170 3.43200 
9.06441 3.43300 
9.06712 3.43400 
9.06983 3.43500 
9.07253 3.43600 
9.07524 3.43700 
9.07795 3.43800 
9.08066 3.43900 
9.08337 3.44000 
9.08608 3.44100 
9.08879 3.44200 
9.09150 3.44300 
9.09421 3.44400 
9.09692 3.44500 
9.09963 3.44600 
9.10234 3.44700 
9.10505 3.44800 
9.10775 3.44900 
9.11046 3.45000 
9.11317 3.45100 
9.11588 3.45200 
9.11859 3.45300 
9.12130 3.45400 
9.12401 3.45500 
9.12672 3.45600 
9.12943 3.45700 
9.13214 3.45800 
9.13485 3.45900 
9.13756 3.46000 
9.14026 3.46100 
9.14297 3.46200 
9.14568 3.46300 
9.14839 3.46400 
9.15110 3.46500 
9.15381 3.46600 
9.15652 3.46700 
9.15923 3.46800 
9.16194 3.46900 
9.16465 3.47000 
9.16736 3.47100 
9.17007 3.47200 
9.17278 3.47300 
9.17548 3.47400 
9.17819 3.47500 
9.18090 3.47600 
9.18361 3.47700 
9.18632 3.47800 
9.18903 3.47900 
9.19174 3.48000 
9.19445 3.48100 
9.19716 3.48200 
9.19987 3.48300 
9.20258 3.48400 
9.20529 3.48500 
9.20799 3.48600 
9.21070 3.48700 
9.21341 3.48800 
9.21612 3.48900 
9.21883 3.49000 
9.22154 3.49100 
9.22425 3.49200 
9.22696 3.49300 
9.22967 3.49400 
9.23238 3.49500 
9.23509 3.49600 
9.23780 3.49700 
9.24051 3.49800 
9.24321 3.49900 
9.24592 3.50000 
9.24863 3.50100 
9.25134 3.50200 
9.25405 3.50300 
9.25676 3.50400 
9.25947 3.50500 
9.26218 3.50600 
9.26489 3.50700 
9.26760 3.50800 
9.27031 3.50900 
9.27302 3.51000 
9.27572 3.51100 
9.27843 3.51200 
9.28114 3.51300 
9.28385 3.51400 
9.28656 3.51500 
9.28927 3.51600 
9.29198 3.51700 
9.29469 3.51800 
9.29740 3.51900 
9.30011 3.52000 
9.30282 3.52100 
9.30553 3.52200 
9.30823 3.52300 
9.31094 3.52400 
9.31365 3.52500 
9.31636 3.52600 
9.31907 3.52700 
9.32178 3.52800 
9.32449 3.52900 
9.32720 3.53000 
9.32991 3.53100 
9.33262 3.53200 
9.33533 3.53300 
9.33804 3.53400 
9.34075 3.53500 
9.34345 3.53600 
9.34616 3.53700 
9.34887 3.53800 
9.35158 3.53900 
9.35429 3.54000 
9.35700 3.54100 
9.35971 3.54200 
9.36242 3.54300 
9.36513 3.54400 
9.36784 3.54500 
9.37055 3.54600 
9.37326 3.54700 
9.37596 3.54800 
9.37867 3.54900 
9.38138 3.55000 
9.38409 3.55100 
9.38680 3.55200 
9.38951 3.55300 
9.39222 3.55400 
9.39493 3.55500 
9.39764 3.55600 
9.40035 3.55700 
9.40306 3.55800 
9.40577 3.55900 
9.40848 3.56000 
9.41118 3.56100 
9.41389 3.56200 
9.41660 3.56300 
9.41931 3.56400 
9.42202 3.56500 
9.42473 3.56600 
9.42744 3.56700 
9.43015 3.56800 
9.43286 3.56900 
9.43557 3.57000 
9.43828 3.57100 
9.44099 3.57200 
9.44369 3.57300 
9.44640 3.57400 
9.44911 3.57500 
9.45182 3.57600 
9.45453 3.57700 
9.45724 3.57800 
9.45995 3.57900 
9.46266 3.58000 
9.46537 3.58100 
9.46808 3.58200 
9.47079 3.58300 
9.47350 3.58400 
9.47621 3.58500 
9.47891 3.58600 
9.48162 3.58700 
9.48433 3.58800 
9.48704 3.58900 
9.48975 3.59000 
9.49246 3.59100 
9.49517 3.59200 
9.49788 3.59300 
9.50059 3.59400 
9.50330 3.59500 
9.50601 3.59600 
9.50872 3.59700 
9.51142 3.59800 
9.51413 3.59900 
9.51684 3.60000 
9.51955 3.60100 
9.52226 3.60200 
9.52497 3.60300 
9.52768 3.60400 
9.53039 3.60500 
9.53310 3.60600 
9.53581 3.60700 
9.53852 3.60800 
9.54123 3.60900 
9.54394 3.61000 
9.54664 3.61100 
9.54935 3.61200 
9.55206 3.61300 
9.55477 3.61400 
9.55748 3.61500 
9.56019 3.61600 
9.56290 3.61700 
9.56561 3.61800 
9.56832 3.61900 
9.57103 3.62000 
9.57374 3.62100 
9.57645 3.62200 
9.57915 3.62300 
9.58186 3.62400 
9.58457 3.62500 
9.58728 3.62600 
9.58999 3.62700 
9.59270 3.62800 
9.59541 3.62900 
9.59812 3.63000 
9.60083 3.63100 
9.60354 3.63200 
9.60625 3.63300 
9.60896 3.63400 
9.61166 3.63500 
9.61437 3.63600 
9.61708 3.63700 
9.61979 3.63800 
9.62250 3.63900 
9.62521 3.64000 
9.62792 3.64100 
9.63063 3.64200 
9.63334 3.64300 
9.63605 3.64400 
9.63876 3.64500 
9.64147 3.64600 
9.64418 3.64700 
9.64688 3.64800 
9.64959 3.64900 
9.65230 3.65000 
9.65501 3.65100 
9.65772 3.65200 
9.66043 3.65300 
9.66314 3.65400 
9.66585 3.65500 
9.66856 3.65600 
9.67127 3.65700 
9.67398 3.65800 
9.67669 3.65900 
9.67939 3.66000 
9.68210 3.66100 
9.68481 3.66200 
9.68752 3.66300 
9.69023 3.66400 
9.69294 3.66500 
9.69565 3.66600 
9.69836 3.66700 
9.70107 3.66800 
9.70378 3.66900 
9.70649 3.67000 
9.70920 3.67100 
9.71191 3.67200 
9.71461 3.67300 
9.71732 3.67400 
9.72003 3.67500 
9.72274 3.67600 
9.72545 3.67700 
9.72816 3.67800 
9.73087 3.67900 
9.73358 3.68000 
9.73629 3.68100 
9.73900 3.68200 
9.74171 3.68300 
9.74442 3.68400 
9.74712 3.68500 
9.74983 3.68600 
9.75254 3.68700 
9.75525 3.68800 
9.75796 3.68900 
9.76067 3.69000 
9.76338 3.69100 
9.76609 3.69200 
9.76880 3.69300 
9.77151 3.69400 
9.77422 3.69500 
9.77693 3.69600 
9.77964 3.69700 
9.78234 3.69800 
9.78505 3.69900 
9.78776 3.70000 
9.79047 3.70100 
9.79318 3.70200 
9.79589 3.70300 
9.79860 3.70400 
9.80131 3.70500 
9.80402 3.70600 
9.80673 3.70700 
9.80944 3.70800 
9.81215 3.70900 
9.81485 3.71000 
9.81756 3.71100 
9.82027 3.71200 
9.82298 3.71300 
9.82569 3.71400 
9.82840 3.71500 
9.83111 3.71600 
9.83382 3.71700 
9.83653 3.71800 
9.83924 3.71900 
9.84195 3.72000 
9.84466 3.72100 
9.84737 3.72200 
9.85007 3.72300 
9.85278 3.72400 
9.85549 3.72500 
9.85820 3.72600 
9.86091 3.72700 
9.86362 3.72800 
9.86633 3.72900 
9.86904 3.73000 
9.87175 3.73100 
9.87446 3.73200 
9.87717 3.73300 
9.87988 3.73400 
9.88258 3.73500 
9.88529 3.73600 
9.88800 3.73700 
9.89071 3.73800 
9.89342 3.73900 
9.89613 3.74000 
9.89884 3.74100 
9.90155 3.74200 
9.90426 3.74300 
9.90697 3.74400 
9.90968 3.74500 
9.91239 3.74600 
9.91509 3.74700 
9.91780 3.74800 
9.92051 3.74900 
9.92322 3.75000 
9.92593 3.75100 
9.92864 3.75200 
9.93135 3.75300 
9.93406 3.75400 
9.93677 3.75500 
9.93948 3.75600 
9.94219 3.75700 
9.94490 3.75800 
9.94761 3.75900 
9.95031 3.76000 
9.95302 3.76100 
9.95573 3.76200 
9.95844 3.76300 
9.96115 3.76400 
9.96386 3.76500 
9.96657 3.76600 
9.96928 3.76700 
9.97199 3.76800 
9.97470 3.76900 
9.97741 3.77000 
9.98012 3.77100 
9.98282 3.77200 
9.98553 3.77300 
9.98824 3.77400 
9.99095 3.77500 
9.99366 3.77600 
9.99637 3.77700 
9.99908 3.77800 
10.00179 3.77900 
10.00450 3.78000 
10.00721 3.78100 
10.00992 3.78200 
10.01263 3.78300 
10.01534 3.78400 
10.01804 3.78500 
10.02075 3.78600 
10.02346 3.78700 
10.02617 3.78800 
10.02888 3.78900 
10.03159 3.79000 
10.03430 3.79100 
10.03701 3.79200 
10.03972 3.79300 
10.04243 3.79400 
10.04514 3.79500 
10.04785 3.79600 
10.05055 3.79700 
10.05326 3.79800 
10.05597 3.79900 
10.05868 3.80000 
10.06139 3.80100 
10.06410 3.80200 
10.06681 3.80300 
10.06952 3.80400 
10.07223 3.80500 
10.07494 3.80600 
10.07765 3.80700 
10.08036 3.80800 
10.08307 3.80900 
10.08577 3.81000 
10.08848 3.81100 
10.09119 3.81200 
10.09390 3.81300 
10.09661 3.81400 
10.09932 3.81500 
10.10203 3.81600 
10.10474 3.81700 
10.10745 3.81800 
10.11016 3.81900 
10.11287 3.82000 
10.11558 3.82100 
10.11828 3.82200 
10.12099 3.82300 
10.12370 3.82400 
10.12641 3.82500 
10.12912 3.82600 
10.13183 3.82700 
10.13454 3.82800 
10.13725 3.82900 
10.13996 3.83000 
10.14267 3.83100 
10.14538 3.83200 
10.14809 3.83300 
10.15079 3.83400 
10.15350 3.83500 
10.15621 3.83600 
10.15892 3.83700 
10.16163 3.83800 
10.16434 3.83900 
10.16705 3.84000 
10.16976 3.84100 
10.17247 3.84200 
10.17518 3.84300 
10.17789 3.84400 
10.18060 3.84500 
10.18331 3.84600 
10.18601 3.84700 
10.18872 3.84800 
10.19143 3.84900 
10.19414 3.85000 
10.19685 3.85100 
10.19956 3.85200 
10.20227 3.85300 
10.20498 3.85400 
10.20769 3.85500 
10.21040 3.85600 
10.21311 3.85700 
10.21582 3.85800 
10.21852 3.85900 
10.22123 3.86000 
10.22394 3.86100 
10.22665 3.86200 
10.22936 3.86300 
10.23207 3.86400 
10.23478 3.86500 
10.23749 3.86600 
10.24020 3.86700 
10.24291 3.86800 
10.24562 3.86900 
10.24833 3.87000 
10.25104 3.87100 
10.25374 3.87200 
10.25645 3.87300 
10.25916 3.87400 
10.26187 3.87500 
10.26458 3.87600 
10.26729 3.87700 
10.27000 3.87800 
10.27271 3.87900 
10.27542 3.88000 
10.27813 3.88100 
10.28084 3.88200 
10.28355 3.88300 
10.28625 3.88400 
10.28896 3.88500 
10.29167 3.88600 
10.29438 3.88700 
10.29709 3.88800 
10.29980 3.88900 
10.30251 3.89000 
10.30522 3.89100 
10.30793 3.89200 
10.31064 3.89300 
10.31335 3.89400 
10.31606 3.89500 
10.31877 3.89600 
10.32147 3.89700 
10.32418 3.89800 
10.32689 3.89900 
10.32960 3.90000 
10.33231 3.90100 
10.33502 3.90200 
10.33773 3.90300 
10.34044 3.90400 
10.34315 3.90500 
10.34586 3.90600 
10.34857 3.90700 
10.35128 3.90800 
10.35398 3.90900 
10.35669 3.91000 
10.35940 3.91100 
10.36211 3.91200 
10.36482 3.91300 
10.36753 3.91400 
10.37024 3.91500 
10.37295 3.91600 
10.37566 3.91700 
10.37837 3.91800 
10.38108 3.91900 
10.38379 3.92000 
10.38650 3.92100 
10.38920 3.92200 
10.39191 3.92300 
10.39462 3.92400 
10.39733 3.92500 
10.40004 3.92600 
10.40275 3.92700 
10.40546 3.92800 
10.40817 3.92900 
10.41088 3.93000 
10.41359 3.93100 
10.41630 3.93200 
10.41901 3.93300 
10.42171 3.93400 
10.42442 3.93500 
10.42713 3.93600 
10.42984 3.93700 
10.43255 3.93800 
10.43526 3.93900 
10.43797 3.94000 
10.44068 3.94100 
10.44339 3.94200 
10.44610 3.94300 
10.44881 3.94400 
10.45152 3.94500 
10.45422 3.94600 
10.45693 3.94700 
10.45964 3.94800 
10.46235 3.94900 
10.46506 3.95000 
10.46777 3.95100 
10.47048 3.95200 
10.47319 3.95300 
10.47590 3.95400 
10.47861 3.95500 
10.48132 3.95600 
10.48403 3.95700 
10.48674 3.95800 
10.48944 3.95900 
10.49215 3.96000 
10.49486 3.96100 
10.49757 3.96200 
10.50028 3.96300 
10.50299 3.96400 
10.50570 3.96500 
10.50841 3.96600 
10.51112 3.96700 
10.51383 3.96800 
10.51654 3.96900 
10.51925 3.97000 
10.52195 3.97100 
10.52466 3.97200 
10.52737 3.97300 
10.53008 3.97400 
10.53279 3.97500 
10.53550 3.97600 
10.53821 3.97700 
10.54092 3.97800 
10.54363 3.97900 
10.54634 3.98000 
10.54905 3.98100 
10.55176 3.98200 
10.55447 3.98300 
10.55717 3.98400 
10.55988 3.98500 
10.56259 3.98600 
10.56530 3.98700 
10.56801 3.98800 
10.57072 3.98900 
10.57343 3.99000 
10.57614 3.99100 
10.57885 3.99200 
10.58156 3.99300 
10.58427 3.99400 
10.58698 3.99500 
10.58968 3.99600 
10.59239 3.99700 
10.59510 3.99800 
10.59781 3.99900 
10.60052 4.00000 
10.60323 4.00100 
10.60594 4.00200 
10.60865 4.00300 
10.61136 4.00400 
10.61407 4.00500 
10.61678 4.00600 
10.61949 4.00700 
10.62220 4.00800 
10.62490 4.00900 
10.62761 4.01000 
10.63032 4.01100 
10.63303 4.01200 
10.63574 4.01300 
10.63845 4.01400 
10.64116 4.01500 
10.64387 4.01600 
10.64658 4.01700 
10.64929 4.01800 
10.65200 4.01900 
10.65471 4.02000 
10.65741 4.02100 
10.66012 4.02200 
10.66283 4.02300 
10.66554 4.02400 
10.66825 4.02500 
10.67096 4.02600 
10.67367 4.02700 
10.67638 4.02800 
10.67909 4.02900 
10.68180 4.03000 
10.68451 4.03100 
10.68722 4.03200 
10.68993 4.03300 
10.69263 4.03400 
10.69534 4.03500 
10.69805 4.03600 
10.70076 4.03700 
10.70347 4.03800 
10.70618 4.03900 
10.70889 4.04000 
10.71160 4.04100 
10.71431 4.04200 
10.71702 4.04300 
10.71973 4.04400 
10.72244 4.04500 
10.72514 4.04600 
10.72785 4.04700 
10.73056 4.04800 
10.73327 4.04900 
10.73598 4.05000 
10.73869 4.05100 
10.74140 4.05200 
10.74411 4.05300 
10.74682 4.05400 
10.74953 4.05500 
10.75224 4.05600 
10.75495 4.05700 
10.75765 4.05800 
10.76036 4.05900 
10.76307 4.06000 
10.76578 4.06100 
10.76849 4.06200 
10.77120 4.06300 
10.77391 4.06400 
10.77662 4.06500 
10.77933 4.06600 
10.78204 4.06700 
10.78475 4.06800 
10.78746 4.06900 
10.79017 4.07000 
10.79287 4.07100 
10.79558 4.07200 
10.79829 4.07300 
10.80100 4.07400 
10.80371 4.07500 
10.80642 4.07600 
10.80913 4.07700 
10.81184 4.07800 
10.81455 4.07900 
10.81726 4.08000 
10.81997 4.08100 
10.82268 4.08200 
10.82538 4.08300 
10.82809 4.08400 
10.83080 4.08500 
10.83351 4.08600 
10.83622 4.08700 
10.83893 4.08800 
10.84164 4.08900 
10.84435 4.09000 
10.84706 4.09100 
10.84977 4.09200 
10.85248 4.09300 
10.85519 4.09400 
10.85790 4.09500 
10.86060 4.09600 
10.86331 4.09700 
10.86602 4.09800 
10.86873 4.09900 
10.87144 4.10000 
10.87415 4.10100 
10.87686 4.10200 
10.87957 4.10300 
10.88228 4.10400 
10.88499 4.10500 
10.88770 4.10600 
10.89041 4.10700 
10.89311 4.10800 
10.89582 4.10900 
10.89853 4.11000 
10.90124 4.11100 
10.90395 4.11200 
10.90666 4.11300 
10.90937 4.11400 
10.91208 4.11500 
10.91479 4.11600 
10.91750 4.11700 
10.92021 4.11800 
10.92292 4.11900 
10.92563 4.12000 
10.92833 4.12100 
10.93104 4.12200 
10.93375 4.12300 
10.93646 4.12400 
10.93917 4.12500 
10.94188 4.12600 
10.94459 4.12700 
10.94730 4.12800 
10.95001 4.12900 
10.95272 4.13000 
10.95543 4.13100 
10.95814 4.13200 
10.96084 4.13300 
10.96355 4.13400 
10.96626 4.13500 
10.96897 4.13600 
10.97168 4.13700 
10.97439 4.13800 
10.97710 4.13900 
10.97981 4.14000 
10.98252 4.14100 
10.98523 4.14200 
10.98794 4.14300 
10.99065 4.14400 
10.99336 4.14500 
10.99606 4.14600 
10.99877 4.14700 
11.00148 4.14800 
11.00419 4.14900 
11.00690 4.15000 
11.00961 4.15100 
11.01232 4.15200 
11.01503 4.15300 
11.01774 4.15400 
11.02045 4.15500 
11.02316 4.15600 
11.02587 4.15700 
11.02857 4.15800 
11.03128 4.15900 
11.03399 4.16000 
11.03670 4.16100 
11.03941 4.16200 
11.04212 4.16300 
11.04483 4.16400 
11.04754 4.16500 
11.05025 4.16600 
11.05296 4.16700 
11.05567 4.16800 
11.05838 4.16900 
11.06108 4.17000 
11.06379 4.17100 
11.06650 4.17200 
11.06921 4.17300 
11.07192 4.17400 
11.07463 4.17500 
11.07734 4.17600 
11.08005 4.17700 
11.08276 4.17800 
11.08547 4.17900 
11.08818 4.18000 
11.09089 4.18100 
11.09360 4.18200 
11.09630 4.18300 
11.09901 4.18400 
11.10172 4.18500 
11.10443 4.18600 
11.10714 4.18700 
11.10985 4.18800 
11.11256 4.18900 
11.11527 4.19000 
11.11798 4.19100 
11.12069 4.19200 
11.12340 4.19300 
11.12611 4.19400 
11.12881 4.19500 
11.13152 4.19600 
11.13423 4.19700 
11.13694 4.19800 
11.13965 4.19900 
11.14236 4.20000 
11.14507 4.20100 
11.14778 4.20200 
11.15049 4.20300 
11.15320 4.20400 
11.15591 4.20500 
11.15862 4.20600 
11.16133 4.20700 
11.16403 4.20800 
11.16674 4.20900 
11.16945 4.21000 
11.17216 4.21100 
11.17487 4.21200 
11.17758 4.21300 
11.18029 4.21400 
11.18300 4.21500 
11.18571 4.21600 
11.18842 4.21700 
11.19113 4.21800 
11.19384 4.21900 
11.19654 4.22000 
11.19925 4.22100 
11.20196 4.22200 
11.20467 4.22300 
11.20738 4.22400 
11.21009 4.22500 
11.21280 4.22600 
11.21551 4.22700 
11.21822 4.22800 
11.22093 4.22900 
11.22364 4.23000 
11.22635 4.23100 
11.22906 4.23200 
11.23176 4.23300 
11.23447 4.23400 
11.23718 4.23500 
11.23989 4.23600 
11.24260 4.23700 
11.24531 4.23800 
11.24802 4.23900 
11.25073 4.24000 
11.25344 4.24100 
11.25615 4.24200 
11.25886 4.24300 
11.26157 4.24400 
11.26427 4.24500 
11.26698 4.24600 
11.26969 4.24700 
11.27240 4.24800 
11.27511 4.24900 
11.27782 4.25000 
11.28053 4.25100 
11.28324 4.25200 
11.28595 4.25300 
11.28866 4.25400 
11.29137 4.25500 
11.29408 4.25600 
11.29679 4.25700 
11.29949 4.25800 
11.30220 4.25900 
11.30491 4.26000 
11.30762 4.26100 
11.31033 4.26200 
11.31304 4.26300 
11.31575 4.26400 
11.31846 4.26500 
11.32117 4.26600 
11.32388 4.26700 
11.32659 4.26800 
11.32930 4.26900 
11.33200 4.27000 
11.33471 4.27100 
11.33742 4.27200 
11.34013 4.27300 
11.34284 4.27400 
11.34555 4.27500 
11.34826 4.27600 
11.35097 4.27700 
11.35368 4.27800 
11.35639 4.27900 
11.35910 4.28000 
11.36181 4.28100 
11.36451 4.28200 
11.36722 4.28300 
11.36993 4.28400 
11.37264 4.28500 
11.37535 4.28600 
11.37806 4.28700 
11.38077 4.28800 
11.38348 4.28900 
11.38619 4.29000 
11.38890 4.29100 
11.39161 4.29200 
11.39432 4.29300 
11.39703 4.29400 
11.39973 4.29500 
11.40244 4.29600 
11.40515 4.29700 
11.40786 4.29800 
11.41057 4.29900 
11.41328 4.30000 
11.41599 4.30100 
11.41870 4.30200 
11.42141 4.30300 
11.42412 4.30400 
11.42683 4.30500 
11.42954 4.30600 
11.43224 4.30700 
11.43495 4.30800 
11.43766 4.30900 
11.44037 4.31000 
11.44308 4.31100 
11.44579 4.31200 
11.44850 4.31300 
11.45121 4.31400 
11.45392 4.31500 
11.45663 4.31600 
11.45934 4.31700 
11.46205 4.31800 
11.46476 4.31900 
11.46746 4.32000 
11.47017 4.32100 
11.47288 4.32200 
11.47559 4.32300 
11.47830 4.32400 
11.48101 4.32500 
11.48372 4.32600 
11.48643 4.32700 
11.48914 4.32800 
11.49185 4.32900 
11.49456 4.33000 
11.49727 4.33100 
11.49997 4.33200 
11.50268 4.33300 
11.50539 4.33400 
11.50810 4.33500 
11.51081 4.33600 
11.51352 4.33700 
11.51623 4.33800 
11.51894 4.33900 
11.52165 4.34000 
11.52436 4.34100 
11.52707 4.34200 
11.52978 4.34300 
11.53249 4.34400 
11.53519 4.34500 
11.53790 4.34600 
11.54061 4.34700 
11.54332 4.34800 
11.54603 4.34900 
11.54874 4.35000 
11.55145 4.35100 
11.55416 4.35200 
11.55687 4.35300 
11.55958 4.35400 
11.56229 4.35500 
11.56500 4.35600 
11.56770 4.35700 
11.57041 4.35800 
11.57312 4.35900 
11.57583 4.36000 
11.57854 4.36100 
11.58125 4.36200 
11.58396 4.36300 
11.58667 4.36400 
11.58938 4.36500 
11.59209 4.36600 
11.59480 4.36700 
11.59751 4.36800 
11.60022 4.36900 
11.60292 4.37000 
11.60563 4.37100 
11.60834 4.37200 
11.61105 4.37300 
11.61376 4.37400 
11.61647 4.37500 
11.61918 4.37600 
11.62189 4.37700 
11.62460 4.37800 
11.62731 4.37900 
11.63002 4.38000 
11.63273 4.38100 
11.63543 4.38200 
11.63814 4.38300 
11.64085 4.38400 
11.64356 4.38500 
11.64627 4.38600 
11.64898 4.38700 
11.65169 4.38800 
11.65440 4.38900 
11.65711 4.39000 
11.65982 4.39100 
11.66253 4.39200 
11.66524 4.39300 
11.66794 4.39400 
11.67065 4.39500 
11.67336 4.39600 
11.67607 4.39700 
11.67878 4.39800 
11.68149 4.39900 
11.68420 4.40000 
11.68691 4.40100 
11.68962 4.40200 
11.69233 4.40300 
11.69504 4.40400 
11.69775 4.40500 
11.70046 4.40600 
11.70316 4.40700 
11.70587 4.40800 
11.70858 4.40900 
11.71129 4.41000 
11.71400 4.41100 
11.71671 4.41200 
11.71942 4.41300 
11.72213 4.41400 
11.72484 4.41500 
11.72755 4.41600 
11.73026 4.41700 
11.73297 4.41800 
11.73567 4.41900 
11.73838 4.42000 
11.74109 4.42100 
11.74380 4.42200 
11.74651 4.42300 
11.74922 4.42400 
11.75193 4.42500 
11.75464 4.42600 
11.75735 4.42700 
11.76006 4.42800 
11.76277 4.42900 
11.76548 4.43000 
11.76819 4.43100 
11.77089 4.43200 
11.77360 4.43300 
11.77631 4.43400 
11.77902 4.43500 
11.78173 4.43600 
11.78444 4.43700 
11.78715 4.43800 
11.78986 4.43900 
11.79257 4.44000 
11.79528 4.44100 
11.79799 4.44200 
11.80070 4.44300 
11.80340 4.44400 
11.80611 4.44500 
11.80882 4.44600 
11.81153 4.44700 
11.81424 4.44800 
11.81695 4.44900 
11.81966 4.45000 
11.82237 4.45100 
11.82508 4.45200 
11.82779 4.45300 
11.83050 4.45400 
11.83321 4.45500 
11.83592 4.45600 
11.83862 4.45700 
11.84133 4.45800 
11.84404 4.45900 
11.84675 4.46000 
11.84946 4.46100 
11.85217 4.46200 
11.85488 4.46300 
11.85759 4.46400 
11.86030 4.46500 
11.86301 4.46600 
11.86572 4.46700 
11.86843 4.46800 
11.87113 4.46900 
11.87384 4.47000 
11.87655 4.47100 
11.87926 4.47200 
11.88197 4.47300 
11.88468 4.47400 
11.88739 4.47500 
11.89010 4.47600 
11.89281 4.47700 
11.89552 4.47800 
11.89823 4.47900 
11.90094 4.48000 
11.90364 4.48100 
11.90635 4.48200 
11.90906 4.48300 
11.91177 4.48400 
11.91448 4.48500 
11.91719 4.48600 
11.91990 4.48700 
11.92261 4.48800 
11.92532 4.48900 
11.92803 4.49000 
11.93074 4.49100 
11.93345 4.49200 
11.93616 4.49300 
11.93886 4.49400 
11.94157 4.49500 
11.94428 4.49600 
11.94699 4.49700 
11.94970 4.49800 
11.95241 4.49900 
11.95512 4.50000 
11.95783 4.50100 
11.96054 4.50200 
11.96325 4.50300 
11.96596 4.50400 
11.96867 4.50500 
11.97137 4.50600 
11.97408 4.50700 
11.97679 4.50800 
11.97950 4.50900 
11.98221 4.51000 
11.98492 4.51100 
11.98763 4.51200 
11.99034 4.51300 
11.99305 4.51400 
11.99576 4.51500 
11.99847 4.51600 
12.00118 4.51700 
12.00389 4.51800 
12.00659 4.51900 
12.00930 4.52000 
12.01201 4.52100 
12.01472 4.52200 
12.01743 4.52300 
12.02014 4.52400 
12.02285 4.52500 
12.02556 4.52600 
12.02827 4.52700 
12.03098 4.52800 
12.03369 4.52900 
12.03640 4.53000 
12.03910 4.53100 
12.04181 4.53200 
12.04452 4.53300 
12.04723 4.53400 
12.04994 4.53500 
12.05265 4.53600 
12.05536 4.53700 
12.05807 4.53800 
12.06078 4.53900 
12.06349 4.54000 
12.06620 4.54100 
12.06891 4.54200 
12.07162 4.54300 
12.07432 4.54400 
12.07703 4.54500 
12.07974 4.54600 
12.08245 4.54700 
12.08516 4.54800 
12.08787 4.54900 
12.09058 4.55000 
12.09329 4.55100 
12.09600 4.55200 
12.09871 4.55300 
12.10142 4.55400 
12.10413 4.55500 
12.10683 4.55600 
12.10954 4.55700 
12.11225 4.55800 
12.11496 4.55900 
12.11767 4.56000 
12.12038 4.56100 
12.12309 4.56200 
12.12580 4.56300 
12.12851 4.56400 
12.13122 4.56500 
12.13393 4.56600 
12.13664 4.56700 
12.13935 4.56800 
12.14205 4.56900 
12.14476 4.57000 
12.14747 4.57100 
12.15018 4.57200 
12.15289 4.57300 
12.15560 4.57400 
12.15831 4.57500 
12.16102 4.57600 
12.16373 4.57700 
12.16644 4.57800 
12.16915 4.57900 
12.17186 4.58000 
12.17456 4.58100 
12.17727 4.58200 
12.17998 4.58300 
12.18269 4.58400 
12.18540 4.58500 
12.18811 4.58600 
12.19082 4.58700 
12.19353 4.58800 
12.19624 4.58900 
12.19895 4.59000 
12.20166 4.59100 
12.20437 4.59200 
12.20707 4.59300 
12.20978 4.59400 
12.21249 4.59500 
12.21520 4.59600 
12.21791 4.59700 
12.22062 4.59800 
12.22333 4.59900 
12.22604 4.60000 
12.22875 4.60100 
12.23146 4.60200 
12.23417 4.60300 
12.23688 4.60400 
12.23959 4.60500 
12.24229 4.60600 
12.24500 4.60700 
12.24771 4.60800 
12.25042 4.60900 
12.25313 4.61000 
12.25584 4.61100 
12.25855 4.61200 
12.26126 4.61300 
12.26397 4.61400 
12.26668 4.61500 
12.26939 4.61600 
12.27210 4.61700 
12.27480 4.61800 
12.27751 4.61900 
12.28022 4.62000 
12.28293 4.62100 
12.28564 4.62200 
12.28835 4.62300 
12.29106 4.62400 
12.29377 4.62500 
12.29648 4.62600 
12.29919 4.62700 
12.30190 4.62800 
12.30461 4.62900 
12.30732 4.63000 
12.31002 4.63100 
12.31273 4.63200 
12.31544 4.63300 
12.31815 4.63400 
12.32086 4.63500 
12.32357 4.63600 
12.32628 4.63700 
12.32899 4.63800 
12.33170 4.63900 
12.33441 4.64000 
12.33712 4.64100 
12.33983 4.64200 
12.34253 4.64300 
12.34524 4.64400 
12.34795 4.64500 
12.35066 4.64600 
12.35337 4.64700 
12.35608 4.64800 
12.35879 4.64900 
12.36150 4.65000 
12.36421 4.65100 
12.36692 4.65200 
12.36963 4.65300 
12.37234 4.65400 
12.37505 4.65500 
12.37775 4.65600 
12.38046 4.65700 
12.38317 4.65800 
12.38588 4.65900 
12.38859 4.66000 
12.39130 4.66100 
12.39401 4.66200 
12.39672 4.66300 
12.39943 4.66400 
12.40214 4.66500 
12.40485 4.66600 
12.40756 4.66700 
12.41026 4.66800 
12.41297 4.66900 
12.41568 4.67000 
12.41839 4.67100 
12.42110 4.67200 
12.42381 4.67300 
12.42652 4.67400 
12.42923 4.67500 
12.43194 4.67600 
12.43465 4.67700 
12.43736 4.67800 
12.44007 4.67900 
12.44278 4.68000 
12.44548 4.68100 
12.44819 4.68200 
12.45090 4.68300 
12.45361 4.68400 
12.45632 4.68500 
12.45903 4.68600 
12.46174 4.68700 
12.46445 4.68800 
12.46716 4.68900 
12.46987 4.69000 
12.47258 4.69100 
12.47529 4.69200 
12.47799 4.69300 
12.48070 4.69400 
12.48341 4.69500 
12.48612 4.69600 
12.48883 4.69700 
12.49154 4.69800 
12.49425 4.69900 
12.49696 4.70000 
12.49967 4.70100 
12.50238 4.70200 
12.50509 4.70300 
12.50780 4.70400 
12.51050 4.70500 
12.51321 4.70600 
12.51592 4.70700 
12.51863 4.70800 
12.52134 4.70900 
12.52405 4.71000 
12.52676 4.71100 
12.52947 4.71200 
12.53218 4.71300 
12.53489 4.71400 
12.53760 4.71500 
12.54031 4.71600 
12.54302 4.71700 
12.54572 4.71800 
12.54843 4.71900 
12.55114 4.72000 
12.55385 4.72100 
12.55656 4.72200 
12.55927 4.72300 
12.56198 4.72400 
12.56469 4.72500 
12.56740 4.72600 
12.57011 4.72700 
12.57282 4.72800 
12.57553 4.72900 
12.57823 4.73000 
12.58094 4.73100 
12.58365 4.73200 
12.58636 4.73300 
12.58907 4.73400 
12.59178 4.73500 
12.59449 4.73600 
12.59720 4.73700 
12.59991 4.73800 
12.60262 4.73900 
12.60533 4.74000 
12.60804 4.74100 
12.61075 4.74200 
12.61345 4.74300 
12.61616 4.74400 
12.61887 4.74500 
12.62158 4.74600 
12.62429 4.74700 
12.62700 4.74800 
12.62971 4.74900 
12.63242 4.75000 
12.63513 4.75100 
12.63784 4.75200 
12.64055 4.75300 
12.64326 4.75400 
12.64596 4.75500 
12.64867 4.75600 
12.65138 4.75700 
12.65409 4.75800 
12.65680 4.75900 
12.65951 4.76000 
12.66222 4.76100 
12.66493 4.76200 
12.66764 4.76300 
12.67035 4.76400 
12.67306 4.76500 
12.67577 4.76600 
12.67848 4.76700 
12.68118 4.76800 
12.68389 4.76900 
12.68660 4.77000 
12.68931 4.77100 
12.69202 4.77200 
12.69473 4.77300 
12.69744 4.77400 
12.70015 4.77500 
12.70286 4.77600 
12.70557 4.77700 
12.70828 4.77800 
12.71099 4.77900 
12.71369 4.78000 
12.71640 4.78100 
12.71911 4.78200 
12.72182 4.78300 
12.72453 4.78400 
12.72724 4.78500 
12.72995 4.78600 
12.73266 4.78700 
12.73537 4.78800 
12.73808 4.78900 
12.74079 4.79000 
12.74350 4.79100 
12.74621 4.79200 
12.74891 4.79300 
12.75162 4.79400 
12.75433 4.79500 
12.75704 4.79600 
12.75975 4.79700 
12.76246 4.79800 
12.76517 4.79900 
12.76788 4.80000 
12.77059 4.80100 
12.77330 4.80200 
12.77601 4.80300 
12.77872 4.80400 
12.78142 4.80500 
12.78413 4.80600 
12.78684 4.80700 
12.78955 4.80800 
12.79226 4.80900 
12.79497 4.81000 
12.79768 4.81100 
12.80039 4.81200 
12.80310 4.81300 
12.80581 4.81400 
12.80852 4.81500 
12.81123 4.81600 
12.81393 4.81700 
12.81664 4.81800 
12.81935 4.81900 
12.82206 4.82000 
12.82477 4.82100 
12.82748 4.82200 
12.83019 4.82300 
12.83290 4.82400 
12.83561 4.82500 
12.83832 4.82600 
12.84103 4.82700 
12.84374 4.82800 
12.84645 4.82900 
12.84915 4.83000 
12.85186 4.83100 
12.85457 4.83200 
12.85728 4.83300 
12.85999 4.83400 
12.86270 4.83500 
12.86541 4.83600 
12.86812 4.83700 
12.87083 4.83800 
12.87354 4.83900 
12.87625 4.84000 
12.87896 4.84100 
12.88166 4.84200 
12.88437 4.84300 
12.88708 4.84400 
12.88979 4.84500 
12.89250 4.84600 
12.89521 4.84700 
12.89792 4.84800 
12.90063 4.84900 
12.90334 4.85000 
12.90605 4.85100 
12.90876 4.85200 
12.91147 4.85300 
12.91418 4.85400 
12.91688 4.85500 
12.91959 4.85600 
12.92230 4.85700 
12.92501 4.85800 
12.92772 4.85900 
12.93043 4.86000 
12.93314 4.86100 
12.93585 4.86200 
12.93856 4.86300 
12.94127 4.86400 
12.94398 4.86500 
12.94669 4.86600 
12.94939 4.86700 
12.95210 4.86800 
12.95481 4.86900 
12.95752 4.87000 
12.96023 4.87100 
12.96294 4.87200 
12.96565 4.87300 
12.96836 4.87400 
12.97107 4.87500 
12.97378 4.87600 
12.97649 4.87700 
12.97920 4.87800 
12.98191 4.87900 
12.98461 4.88000 
12.98732 4.88100 
12.99003 4.88200 
12.99274 4.88300 
12.99545 4.88400 
12.99816 4.88500 
13.00087 4.88600 
13.00358 4.88700 
13.00629 4.88800 
13.00900 4.88900 
13.01171 4.89000 
13.01442 4.89100 
13.01712 4.89200 
13.01983 4.89300 
13.02254 4.89400 
13.02525 4.89500 
13.02796 4.89600 
13.03067 4.89700 
13.03338 4.89800 
13.03609 4.89900 
13.03880 4.90000 
13.04151 4.90100 
13.04422 4.90200 
13.04693 4.90300 
13.04964 4.90400 
13.05234 4.90500 
13.05505 4.90600 
13.05776 4.90700 
13.06047 4.90800 
13.06318 4.90900 
13.06589 4.91000 
13.06860 4.91100 
13.07131 4.91200 
13.07402 4.91300 
13.07673 4.91400 
13.07944 4.91500 
13.08215 4.91600 
13.08485 4.91700 
13.08756 4.91800 
13.09027 4.91900 
13.09298 4.92000 
13.09569 4.92100 
13.09840 4.92200 
13.10111 4.92300 
13.10382 4.92400 
13.10653 4.92500 
13.10924 4.92600 
13.11195 4.92700 
13.11466 4.92800 
13.11736 4.92900 
13.12007 4.93000 
13.12278 4.93100 
13.12549 4.93200 
13.12820 4.93300 
13.13091 4.93400 
13.13362 4.93500 
13.13633 4.93600 
13.13904 4.93700 
13.14175 4.93800 
13.14446 4.93900 
13.14717 4.94000 
13.14988 4.94100 
13.15258 4.94200 
13.15529 4.94300 
13.15800 4.94400 
13.16071 4.94500 
13.16342 4.94600 
13.16613 4.94700 
13.16884 4.94800 
13.17155 4.94900 
13.17426 4.95000 
13.17697 4.95100 
13.17968 4.95200 
13.18239 4.95300 
13.18509 4.95400 
13.18780 4.95500 
13.19051 4.95600 
13.19322 4.95700 
13.19593 4.95800 
13.19864 4.95900 
13.20135 4.96000 
13.20406 4.96100 
13.20677 4.96200 
13.20948 4.96300 
13.21219 4.96400 
13.21490 4.96500 
13.21761 4.96600 
13.22031 4.96700 
13.22302 4.96800 
13.22573 4.96900 
13.22844 4.97000 
13.23115 4.97100 
13.23386 4.97200 
13.23657 4.97300 
13.23928 4.97400 
13.24199 4.97500 
13.24470 4.97600 
13.24741 4.97700 
13.25012 4.97800 
13.25282 4.97900 
13.25553 4.98000 
13.25824 4.98100 
13.26095 4.98200 
13.26366 4.98300 
13.26637 4.98400 
13.26908 4.98500 
13.27179 4.98600 
13.27450 4.98700 
13.27721 4.98800 
13.27992 4.98900 
13.28263 4.99000 
13.28534 4.99100 
13.28804 4.99200 
13.29075 4.99300 
13.29346 4.99400 
13.29617 4.99500 
13.29888 4.99600 
13.30159 4.99700 
13.30430 4.99800 
13.30701 4.99900 
