0.00000 0.00000 
0.00006 0.00100 
0.00023 0.00200 
0.00052 0.00300 
0.00092 0.00400 
0.00144 0.00500 
0.00206 0.00600 
0.00280 0.00700 
0.00364 0.00800 
0.00459 0.00900 
0.00564 0.01000 
0.00680 0.01100 
0.00807 0.01200 
0.00943 0.01300 
0.01090 0.01400 
0.01246 0.01500 
0.01413 0.01600 
0.01589 0.01700 
0.01775 0.01800 
0.01970 0.01900 
0.02175 0.02000 
0.02389 0.02100 
0.02613 0.02200 
0.02845 0.02300 
0.03087 0.02400 
0.03337 0.02500 
0.03596 0.02600 
0.03864 0.02700 
0.04141 0.02800 
0.04426 0.02900 
0.04719 0.03000 
0.05021 0.03100 
0.05331 0.03200 
0.05649 0.03300 
0.05975 0.03400 
0.06309 0.03500 
0.06651 0.03600 
0.07000 0.03700 
0.07357 0.03800 
0.07722 0.03900 
0.08095 0.04000 
0.08474 0.04100 
0.08861 0.04200 
0.09256 0.04300 
0.09657 0.04400 
0.10066 0.04500 
0.10481 0.04600 
0.10904 0.04700 
0.11333 0.04800 
0.11769 0.04900 
0.12212 0.05000 
0.12661 0.05100 
0.13117 0.05200 
0.13579 0.05300 
0.14048 0.05400 
0.14523 0.05500 
0.15004 0.05600 
0.15492 0.05700 
0.15985 0.05800 
0.16485 0.05900 
0.16990 0.06000 
0.17502 0.06100 
0.18019 0.06200 
0.18542 0.06300 
0.19070 0.06400 
0.19605 0.06500 
0.20145 0.06600 
0.20690 0.06700 
0.21241 0.06800 
0.21797 0.06900 
0.22358 0.07000 
0.22925 0.07100 
0.23497 0.07200 
0.24074 0.07300 
0.24656 0.07400 
0.25243 0.07500 
0.25835 0.07600 
0.26432 0.07700 
0.27034 0.07800 
0.27641 0.07900 
0.28252 0.08000 
0.28868 0.08100 
0.29489 0.08200 
0.30114 0.08300 
0.30744 0.08400 
0.31378 0.08500 
0.32017 0.08600 
0.32660 0.08700 
0.33308 0.08800 
0.33959 0.08900 
0.34615 0.09000 
0.35275 0.09100 
0.35939 0.09200 
0.36608 0.09300 
0.37280 0.09400 
0.37956 0.09500 
0.38637 0.09600 
0.39321 0.09700 
0.40009 0.09800 
0.40700 0.09900 
0.41396 0.10000 
0.42095 0.10100 
0.42798 0.10200 
0.43505 0.10300 
0.44215 0.10400 
0.44929 0.10500 
0.45646 0.10600 
0.46367 0.10700 
0.47091 0.10800 
0.47819 0.10900 
0.48550 0.11000 
0.49284 0.11100 
0.50021 0.11200 
0.50762 0.11300 
0.51506 0.11400 
0.52253 0.11500 
0.53004 0.11600 
0.53757 0.11700 
0.54514 0.11800 
0.55273 0.11900 
0.56036 0.12000 
0.56801 0.12100 
0.57569 0.12200 
0.58341 0.12300 
0.59115 0.12400 
0.59892 0.12500 
0.60671 0.12600 
0.61454 0.12700 
0.62239 0.12800 
0.63027 0.12900 
0.63818 0.13000 
0.64611 0.13100 
0.65407 0.13200 
0.66205 0.13300 
0.67006 0.13400 
0.67810 0.13500 
0.68616 0.13600 
0.69424 0.13700 
0.70235 0.13800 
0.71048 0.13900 
0.71864 0.14000 
0.72682 0.14100 
0.73503 0.14200 
0.74325 0.14300 
0.75150 0.14400 
0.75977 0.14500 
0.76807 0.14600 
0.77638 0.14700 
0.78472 0.14800 
0.79308 0.14900 
0.80146 0.15000 
0.80986 0.15100 
0.81828 0.15200 
0.82673 0.15300 
0.83519 0.15400 
0.84367 0.15500 
0.85218 0.15600 
0.86070 0.15700 
0.86924 0.15800 
0.87780 0.15900 
0.88638 0.16000 
0.89498 0.16100 
0.90360 0.16200 
0.91223 0.16300 
0.92089 0.16400 
0.92956 0.16500 
0.93825 0.16600 
0.94695 0.16700 
0.95568 0.16800 
0.96442 0.16900 
0.97318 0.17000 
0.98195 0.17100 
0.99074 0.17200 
0.99955 0.17300 
1.00837 0.17400 
1.01721 0.17500 
1.02606 0.17600 
1.03494 0.17700 
1.04382 0.17800 
1.05272 0.17900 
1.06164 0.18000 
1.07057 0.18100 
1.07952 0.18200 
1.08848 0.18300 
1.09745 0.18400 
1.10644 0.18500 
1.11544 0.18600 
1.12446 0.18700 
1.13349 0.18800 
1.14253 0.18900 
1.15159 0.19000 
1.16066 0.19100 
1.16975 0.19200 
1.17884 0.19300 
1.18795 0.19400 
1.19708 0.19500 
1.20621 0.19600 
1.21536 0.19700 
1.22452 0.19800 
1.23369 0.19900 
1.24287 0.20000 
1.25207 0.20100 
1.26127 0.20200 
1.27049 0.20300 
1.27972 0.20400 
1.28896 0.20500 
1.29822 0.20600 
1.30748 0.20700 
1.31676 0.20800 
1.32604 0.20900 
1.33534 0.21000 
1.34465 0.21100 
1.35396 0.21200 
1.36329 0.21300 
1.37263 0.21400 
1.38198 0.21500 
1.39134 0.21600 
1.40070 0.21700 
1.41008 0.21800 
1.41947 0.21900 
1.42886 0.22000 
1.43827 0.22100 
1.44769 0.22200 
1.45711 0.22300 
1.46654 0.22400 
1.47599 0.22500 
1.48544 0.22600 
1.49490 0.22700 
1.50437 0.22800 
1.51384 0.22900 
1.52333 0.23000 
1.53282 0.23100 
1.54233 0.23200 
1.55184 0.23300 
1.56136 0.23400 
1.57088 0.23500 
1.58042 0.23600 
1.58996 0.23700 
1.59951 0.23800 
1.60907 0.23900 
1.61863 0.24000 
1.62821 0.24100 
1.63779 0.24200 
1.64737 0.24300 
1.65697 0.24400 
1.66657 0.24500 
1.67618 0.24600 
1.68580 0.24700 
1.69542 0.24800 
1.70505 0.24900 
1.71468 0.25000 
1.72433 0.25100 
1.73398 0.25200 
1.74363 0.25300 
1.75329 0.25400 
1.76296 0.25500 
1.77264 0.25600 
1.78232 0.25700 
1.79201 0.25800 
1.80170 0.25900 
1.81140 0.26000 
1.82111 0.26100 
1.83082 0.26200 
1.84053 0.26300 
1.85026 0.26400 
1.85999 0.26500 
1.86972 0.26600 
1.87946 0.26700 
1.88921 0.26800 
1.89896 0.26900 
1.90871 0.27000 
1.91847 0.27100 
1.92824 0.27200 
1.93801 0.27300 
1.94779 0.27400 
1.95757 0.27500 
1.96736 0.27600 
1.97715 0.27700 
1.98695 0.27800 
1.99675 0.27900 
2.00655 0.28000 
2.01636 0.28100 
2.02618 0.28200 
2.03600 0.28300 
2.04583 0.28400 
2.05565 0.28500 
2.06549 0.28600 
2.07533 0.28700 
2.08517 0.28800 
2.09502 0.28900 
2.10487 0.29000 
2.11472 0.29100 
2.12458 0.29200 
2.13445 0.29300 
2.14431 0.29400 
2.15419 0.29500 
2.16406 0.29600 
2.17394 0.29700 
2.18382 0.29800 
2.19371 0.29900 
2.20360 0.30000 
2.21350 0.30100 
2.22340 0.30200 
2.23330 0.30300 
2.24320 0.30400 
2.25311 0.30500 
2.26303 0.30600 
2.27294 0.30700 
2.28286 0.30800 
2.29279 0.30900 
2.30271 0.31000 
2.31264 0.31100 
2.32258 0.31200 
2.33251 0.31300 
2.34245 0.31400 
2.35240 0.31500 
2.36234 0.31600 
2.37229 0.31700 
2.38225 0.31800 
2.39220 0.31900 
2.40216 0.32000 
2.41212 0.32100 
2.42209 0.32200 
2.43205 0.32300 
2.44203 0.32400 
2.45200 0.32500 
2.46197 0.32600 
2.47195 0.32700 
2.48194 0.32800 
2.49192 0.32900 
2.50191 0.33000 
2.51190 0.33100 
2.52189 0.33200 
2.53188 0.33300 
2.54188 0.33400 
2.55188 0.33500 
2.56188 0.33600 
2.57189 0.33700 
2.58190 0.33800 
2.59191 0.33900 
2.60192 0.34000 
2.61193 0.34100 
2.62195 0.34200 
2.63197 0.34300 
2.64199 0.34400 
2.65202 0.34500 
2.66204 0.34600 
2.67207 0.34700 
2.68210 0.34800 
2.69214 0.34900 
2.70217 0.35000 
2.71221 0.35100 
2.72225 0.35200 
2.73229 0.35300 
2.74233 0.35400 
2.75238 0.35500 
2.76243 0.35600 
2.77247 0.35700 
2.78253 0.35800 
2.79258 0.35900 
2.80263 0.36000 
2.81269 0.36100 
2.82275 0.36200 
2.83281 0.36300 
2.84287 0.36400 
2.85294 0.36500 
2.86300 0.36600 
2.87307 0.36700 
2.88314 0.36800 
2.89321 0.36900 
2.90329 0.37000 
2.91336 0.37100 
2.92344 0.37200 
2.93352 0.37300 
2.94360 0.37400 
2.95368 0.37500 
2.96376 0.37600 
2.97384 0.37700 
2.98393 0.37800 
2.99402 0.37900 
3.00411 0.38000 
3.01420 0.38100 
3.02429 0.38200 
3.03438 0.38300 
3.04448 0.38400 
3.05458 0.38500 
3.06467 0.38600 
3.07477 0.38700 
3.08487 0.38800 
3.09498 0.38900 
3.10508 0.39000 
3.11518 0.39100 
3.12529 0.39200 
3.13540 0.39300 
3.14551 0.39400 
3.15562 0.39500 
3.16573 0.39600 
3.17584 0.39700 
3.18595 0.39800 
3.19607 0.39900 
3.20618 0.40000 
3.21630 0.40100 
3.22642 0.40200 
3.23654 0.40300 
3.24666 0.40400 
3.25678 0.40500 
3.26691 0.40600 
3.27703 0.40700 
3.28716 0.40800 
3.29728 0.40900 
3.30741 0.41000 
3.31754 0.41100 
3.32767 0.41200 
3.33780 0.41300 
3.34793 0.41400 
3.35806 0.41500 
3.36820 0.41600 
3.37833 0.41700 
3.38847 0.41800 
3.39860 0.41900 
3.40874 0.42000 
3.41888 0.42100 
3.42902 0.42200 
3.43916 0.42300 
3.44930 0.42400 
3.45944 0.42500 
3.46959 0.42600 
3.47973 0.42700 
3.48988 0.42800 
3.50002 0.42900 
3.51017 0.43000 
3.52032 0.43100 
3.53046 0.43200 
3.54061 0.43300 
3.55076 0.43400 
3.56091 0.43500 
3.57107 0.43600 
3.58122 0.43700 
3.59137 0.43800 
3.60152 0.43900 
3.61168 0.44000 
3.62183 0.44100 
3.63199 0.44200 
3.64215 0.44300 
3.65231 0.44400 
3.66246 0.44500 
3.67262 0.44600 
3.68278 0.44700 
3.69294 0.44800 
3.70310 0.44900 
3.71327 0.45000 
3.72343 0.45100 
3.73359 0.45200 
3.74376 0.45300 
3.75392 0.45400 
3.76409 0.45500 
3.77425 0.45600 
3.78442 0.45700 
3.79459 0.45800 
3.80475 0.45900 
3.81492 0.46000 
3.82509 0.46100 
3.83526 0.46200 
3.84543 0.46300 
3.85560 0.46400 
3.86577 0.46500 
3.87594 0.46600 
3.88612 0.46700 
3.89629 0.46800 
3.90646 0.46900 
3.91664 0.47000 
3.92681 0.47100 
3.93699 0.47200 
3.94716 0.47300 
3.95734 0.47400 
3.96751 0.47500 
3.97769 0.47600 
3.98787 0.47700 
3.99805 0.47800 
4.00823 0.47900 
4.01841 0.48000 
4.02859 0.48100 
4.03877 0.48200 
4.04895 0.48300 
4.05913 0.48400 
4.06931 0.48500 
4.07949 0.48600 
4.08967 0.48700 
4.09986 0.48800 
4.11004 0.48900 
4.12022 0.49000 
4.13041 0.49100 
4.14059 0.49200 
4.15078 0.49300 
4.16096 0.49400 
4.17115 0.49500 
4.18133 0.49600 
4.19152 0.49700 
4.20171 0.49800 
4.21189 0.49900 
4.22208 0.50000 
4.23227 0.50100 
4.24246 0.50200 
4.25265 0.50300 
4.26284 0.50400 
4.27303 0.50500 
4.28322 0.50600 
4.29341 0.50700 
4.30360 0.50800 
4.31379 0.50900 
4.32398 0.51000 
4.33417 0.51100 
4.34436 0.51200 
4.35455 0.51300 
4.36475 0.51400 
4.37494 0.51500 
4.38513 0.51600 
4.39533 0.51700 
4.40552 0.51800 
4.41571 0.51900 
4.42591 0.52000 
4.43610 0.52100 
4.44630 0.52200 
4.45649 0.52300 
4.46669 0.52400 
4.47689 0.52500 
4.48708 0.52600 
4.49728 0.52700 
4.50748 0.52800 
4.51767 0.52900 
4.52787 0.53000 
4.53807 0.53100 
4.54827 0.53200 
4.55846 0.53300 
4.56866 0.53400 
4.57886 0.53500 
4.58906 0.53600 
4.59926 0.53700 
4.60946 0.53800 
4.61966 0.53900 
4.62986 0.54000 
4.64006 0.54100 
4.65026 0.54200 
4.66046 0.54300 
4.67066 0.54400 
4.68086 0.54500 
4.69106 0.54600 
4.70126 0.54700 
4.71147 0.54800 
4.72167 0.54900 
4.73187 0.55000 
4.74207 0.55100 
4.75227 0.55200 
4.76248 0.55300 
4.77268 0.55400 
4.78288 0.55500 
4.79309 0.55600 
4.80329 0.55700 
4.81349 0.55800 
4.82370 0.55900 
4.83390 0.56000 
4.84411 0.56100 
4.85431 0.56200 
4.86452 0.56300 
4.87472 0.56400 
4.88493 0.56500 
4.89513 0.56600 
4.90534 0.56700 
4.91554 0.56800 
4.92575 0.56900 
4.93596 0.57000 
4.94616 0.57100 
4.95637 0.57200 
4.96657 0.57300 
4.97678 0.57400 
4.98699 0.57500 
4.99720 0.57600 
5.00740 0.57700 
5.01761 0.57800 
5.02782 0.57900 
5.03802 0.58000 
5.04823 0.58100 
5.05844 0.58200 
5.06865 0.58300 
5.07886 0.58400 
5.08907 0.58500 
5.09927 0.58600 
5.10948 0.58700 
5.11969 0.58800 
5.12990 0.58900 
5.14011 0.59000 
5.15032 0.59100 
5.16053 0.59200 
5.17074 0.59300 
5.18095 0.59400 
5.19116 0.59500 
5.20137 0.59600 
5.21158 0.59700 
5.22179 0.59800 
5.23200 0.59900 
5.24221 0.60000 
5.25242 0.60100 
5.26263 0.60200 
5.27284 0.60300 
5.28305 0.60400 
5.29326 0.60500 
5.30347 0.60600 
5.31368 0.60700 
5.32390 0.60800 
5.33411 0.60900 
5.34432 0.61000 
5.35453 0.61100 
5.36474 0.61200 
5.37495 0.61300 
5.38517 0.61400 
5.39538 0.61500 
5.40559 0.61600 
5.41580 0.61700 
5.42601 0.61800 
5.43623 0.61900 
5.44644 0.62000 
5.45665 0.62100 
5.46686 0.62200 
5.47708 0.62300 
5.48729 0.62400 
5.49750 0.62500 
5.50772 0.62600 
5.51793 0.62700 
5.52814 0.62800 
5.53836 0.62900 
5.54857 0.63000 
5.55878 0.63100 
5.56900 0.63200 
5.57921 0.63300 
5.58942 0.63400 
5.59964 0.63500 
5.60985 0.63600 
5.62007 0.63700 
5.63028 0.63800 
5.64050 0.63900 
5.65071 0.64000 
5.66092 0.64100 
5.67114 0.64200 
5.68135 0.64300 
5.69157 0.64400 
5.70178 0.64500 
5.71200 0.64600 
5.72221 0.64700 
5.73243 0.64800 
5.74264 0.64900 
5.75286 0.65000 
5.76307 0.65100 
5.77329 0.65200 
5.78350 0.65300 
5.79372 0.65400 
5.80393 0.65500 
5.81415 0.65600 
5.82436 0.65700 
5.83458 0.65800 
5.84479 0.65900 
5.85501 0.66000 
5.86523 0.66100 
5.87544 0.66200 
5.88566 0.66300 
5.89587 0.66400 
5.90609 0.66500 
5.91631 0.66600 
5.92652 0.66700 
5.93674 0.66800 
5.94695 0.66900 
5.95717 0.67000 
5.96739 0.67100 
5.97760 0.67200 
5.98782 0.67300 
5.99804 0.67400 
6.00825 0.67500 
6.01847 0.67600 
6.02869 0.67700 
6.03890 0.67800 
6.04912 0.67900 
6.05934 0.68000 
6.06955 0.68100 
6.07977 0.68200 
6.08999 0.68300 
6.10020 0.68400 
6.11042 0.68500 
6.12064 0.68600 
6.13085 0.68700 
6.14107 0.68800 
6.15129 0.68900 
6.16151 0.69000 
6.17172 0.69100 
6.18194 0.69200 
6.19216 0.69300 
6.20238 0.69400 
6.21259 0.69500 
6.22281 0.69600 
6.23303 0.69700 
6.24325 0.69800 
6.25346 0.69900 
6.26368 0.70000 
6.27390 0.70100 
6.28412 0.70200 
6.29433 0.70300 
6.30455 0.70400 
6.31477 0.70500 
6.32499 0.70600 
6.33521 0.70700 
6.34542 0.70800 
6.35564 0.70900 
6.36586 0.71000 
6.37608 0.71100 
6.38630 0.71200 
6.39651 0.71300 
6.40673 0.71400 
6.41695 0.71500 
6.42717 0.71600 
6.43739 0.71700 
6.44760 0.71800 
6.45782 0.71900 
6.46804 0.72000 
6.47826 0.72100 
6.48848 0.72200 
6.49870 0.72300 
6.50891 0.72400 
6.51913 0.72500 
6.52935 0.72600 
6.53957 0.72700 
6.54979 0.72800 
6.56001 0.72900 
6.57023 0.73000 
6.58044 0.73100 
6.59066 0.73200 
6.60088 0.73300 
6.61110 0.73400 
6.62132 0.73500 
6.63154 0.73600 
6.64176 0.73700 
6.65198 0.73800 
6.66220 0.73900 
6.67241 0.74000 
6.68263 0.74100 
6.69285 0.74200 
6.70307 0.74300 
6.71329 0.74400 
6.72351 0.74500 
6.73373 0.74600 
6.74395 0.74700 
6.75417 0.74800 
6.76439 0.74900 
6.77460 0.75000 
6.78482 0.75100 
6.79504 0.75200 
6.80526 0.75300 
6.81548 0.75400 
6.82570 0.75500 
6.83592 0.75600 
6.84614 0.75700 
6.85636 0.75800 
6.86658 0.75900 
6.87680 0.76000 
6.88702 0.76100 
6.89724 0.76200 
6.90745 0.76300 
6.91767 0.76400 
6.92789 0.76500 
6.93811 0.76600 
6.94833 0.76700 
6.95855 0.76800 
6.96877 0.76900 
6.97899 0.77000 
6.98921 0.77100 
6.99943 0.77200 
7.00965 0.77300 
7.01987 0.77400 
7.03009 0.77500 
7.04031 0.77600 
7.05053 0.77700 
7.06075 0.77800 
7.07097 0.77900 
7.08119 0.78000 
7.09141 0.78100 
7.10163 0.78200 
7.11185 0.78300 
7.12207 0.78400 
7.13229 0.78500 
7.14251 0.78600 
7.15273 0.78700 
7.16295 0.78800 
7.17317 0.78900 
7.18339 0.79000 
7.19360 0.79100 
7.20382 0.79200 
7.21404 0.79300 
7.22426 0.79400 
7.23448 0.79500 
7.24470 0.79600 
7.25492 0.79700 
7.26514 0.79800 
7.27536 0.79900 
7.28558 0.80000 
7.29580 0.80100 
7.30602 0.80200 
7.31624 0.80300 
7.32646 0.80400 
7.33668 0.80500 
7.34690 0.80600 
7.35712 0.80700 
7.36734 0.80800 
7.37756 0.80900 
7.38778 0.81000 
7.39800 0.81100 
7.40822 0.81200 
7.41844 0.81300 
7.42866 0.81400 
7.43889 0.81500 
7.44911 0.81600 
7.45933 0.81700 
7.46955 0.81800 
7.47977 0.81900 
7.48999 0.82000 
7.50021 0.82100 
7.51043 0.82200 
7.52065 0.82300 
7.53087 0.82400 
7.54109 0.82500 
7.55131 0.82600 
7.56153 0.82700 
7.57175 0.82800 
7.58197 0.82900 
7.59219 0.83000 
7.60241 0.83100 
7.61263 0.83200 
7.62285 0.83300 
7.63307 0.83400 
7.64329 0.83500 
7.65351 0.83600 
7.66373 0.83700 
7.67395 0.83800 
7.68417 0.83900 
7.69439 0.84000 
7.70461 0.84100 
7.71483 0.84200 
7.72505 0.84300 
7.73527 0.84400 
7.74549 0.84500 
7.75571 0.84600 
7.76593 0.84700 
7.77615 0.84800 
7.78638 0.84900 
7.79660 0.85000 
7.80682 0.85100 
7.81704 0.85200 
7.82726 0.85300 
7.83748 0.85400 
7.84770 0.85500 
7.85792 0.85600 
7.86814 0.85700 
7.87836 0.85800 
7.88858 0.85900 
7.89880 0.86000 
7.90902 0.86100 
7.91924 0.86200 
7.92946 0.86300 
7.93968 0.86400 
7.94990 0.86500 
7.96012 0.86600 
7.97034 0.86700 
7.98056 0.86800 
7.99079 0.86900 
8.00101 0.87000 
8.01123 0.87100 
8.02145 0.87200 
8.03167 0.87300 
8.04189 0.87400 
8.05211 0.87500 
8.06233 0.87600 
8.07255 0.87700 
8.08277 0.87800 
8.09299 0.87900 
8.10321 0.88000 
8.11343 0.88100 
8.12365 0.88200 
8.13387 0.88300 
8.14409 0.88400 
8.15432 0.88500 
8.16454 0.88600 
8.17476 0.88700 
8.18498 0.88800 
8.19520 0.88900 
8.20542 0.89000 
8.21564 0.89100 
8.22586 0.89200 
8.23608 0.89300 
8.24630 0.89400 
8.25652 0.89500 
8.26674 0.89600 
8.27696 0.89700 
8.28718 0.89800 
8.29740 0.89900 
8.30763 0.90000 
8.31785 0.90100 
8.32807 0.90200 
8.33829 0.90300 
8.34851 0.90400 
8.35873 0.90500 
8.36895 0.90600 
8.37917 0.90700 
8.38939 0.90800 
8.39961 0.90900 
8.40983 0.91000 
8.42005 0.91100 
8.43027 0.91200 
8.44049 0.91300 
8.45072 0.91400 
8.46094 0.91500 
8.47116 0.91600 
8.48138 0.91700 
8.49160 0.91800 
8.50182 0.91900 
8.51204 0.92000 
8.52226 0.92100 
8.53248 0.92200 
8.54270 0.92300 
8.55292 0.92400 
8.56314 0.92500 
8.57336 0.92600 
8.58359 0.92700 
8.59381 0.92800 
8.60403 0.92900 
8.61425 0.93000 
8.62447 0.93100 
8.63469 0.93200 
8.64491 0.93300 
8.65513 0.93400 
8.66535 0.93500 
8.67557 0.93600 
8.68579 0.93700 
8.69601 0.93800 
8.70624 0.93900 
8.71646 0.94000 
8.72668 0.94100 
8.73690 0.94200 
8.74712 0.94300 
8.75734 0.94400 
8.76756 0.94500 
8.77778 0.94600 
8.78800 0.94700 
8.79822 0.94800 
8.80844 0.94900 
8.81866 0.95000 
8.82889 0.95100 
8.83911 0.95200 
8.84933 0.95300 
8.85955 0.95400 
8.86977 0.95500 
8.87999 0.95600 
8.89021 0.95700 
8.90043 0.95800 
8.91065 0.95900 
8.92087 0.96000 
8.93109 0.96100 
8.94132 0.96200 
8.95154 0.96300 
8.96176 0.96400 
8.97198 0.96500 
8.98220 0.96600 
8.99242 0.96700 
9.00264 0.96800 
9.01286 0.96900 
9.02308 0.97000 
9.03330 0.97100 
9.04352 0.97200 
9.05375 0.97300 
9.06397 0.97400 
9.07419 0.97500 
9.08441 0.97600 
9.09463 0.97700 
9.10485 0.97800 
9.11507 0.97900 
9.12529 0.98000 
9.13551 0.98100 
9.14573 0.98200 
9.15595 0.98300 
9.16618 0.98400 
9.17640 0.98500 
9.18662 0.98600 
9.19684 0.98700 
9.20706 0.98800 
9.21728 0.98900 
9.22750 0.99000 
9.23772 0.99100 
9.24794 0.99200 
9.25816 0.99300 
9.26838 0.99400 
9.27861 0.99500 
9.28883 0.99600 
9.29905 0.99700 
9.30927 0.99800 
9.31949 0.99900 
