0.00000 0.00000 
-0.00001 0.00100 
-0.00008 0.00200 
-0.00021 0.00300 
-0.00040 0.00400 
-0.00065 0.00500 
-0.00097 0.00600 
-0.00135 0.00700 
-0.00179 0.00800 
-0.00229 0.00900 
-0.00285 0.01000 
-0.00347 0.01100 
-0.00415 0.01200 
-0.00489 0.01300 
-0.00569 0.01400 
-0.00654 0.01500 
-0.00744 0.01600 
-0.00841 0.01700 
-0.00942 0.01800 
-0.01050 0.01900 
-0.01162 0.02000 
-0.01280 0.02100 
-0.01403 0.02200 
-0.01531 0.02300 
-0.01664 0.02400 
-0.01802 0.02500 
-0.01946 0.02600 
-0.02094 0.02700 
-0.02247 0.02800 
-0.02405 0.02900 
-0.02567 0.03000 
-0.02735 0.03100 
-0.02907 0.03200 
-0.03083 0.03300 
-0.03264 0.03400 
-0.03450 0.03500 
-0.03640 0.03600 
-0.03834 0.03700 
-0.04033 0.03800 
-0.04236 0.03900 
-0.04443 0.04000 
-0.04655 0.04100 
-0.04871 0.04200 
-0.05090 0.04300 
-0.05314 0.04400 
-0.05542 0.04500 
-0.05774 0.04600 
-0.06009 0.04700 
-0.06249 0.04800 
-0.06492 0.04900 
-0.06739 0.05000 
-0.06990 0.05100 
-0.07245 0.05200 
-0.07503 0.05300 
-0.07765 0.05400 
-0.08030 0.05500 
-0.08299 0.05600 
-0.08572 0.05700 
-0.08847 0.05800 
-0.09127 0.05900 
-0.09409 0.06000 
-0.09695 0.06100 
-0.09985 0.06200 
-0.10277 0.06300 
-0.10573 0.06400 
-0.10872 0.06500 
-0.11174 0.06600 
-0.11479 0.06700 
-0.11787 0.06800 
-0.12098 0.06900 
-0.12412 0.07000 
-0.12730 0.07100 
-0.13050 0.07200 
-0.13373 0.07300 
-0.13699 0.07400 
-0.14027 0.07500 
-0.14359 0.07600 
-0.14693 0.07700 
-0.15030 0.07800 
-0.15370 0.07900 
-0.15712 0.08000 
-0.16057 0.08100 
-0.16405 0.08200 
-0.16755 0.08300 
-0.17108 0.08400 
-0.17463 0.08500 
-0.17821 0.08600 
-0.18181 0.08700 
-0.18544 0.08800 
-0.18909 0.08900 
-0.19277 0.09000 
-0.19646 0.09100 
-0.20019 0.09200 
-0.20393 0.09300 
-0.20770 0.09400 
-0.21149 0.09500 
-0.21530 0.09600 
-0.21913 0.09700 
-0.22299 0.09800 
-0.22687 0.09900 
-0.23077 0.10000 
-0.23469 0.10100 
-0.23863 0.10200 
-0.24259 0.10300 
-0.24657 0.10400 
-0.25057 0.10500 
-0.25459 0.10600 
-0.25863 0.10700 
-0.26269 0.10800 
-0.26677 0.10900 
-0.27087 0.11000 
-0.27498 0.11100 
-0.27912 0.11200 
-0.28327 0.11300 
-0.28744 0.11400 
-0.29163 0.11500 
-0.29584 0.11600 
-0.30006 0.11700 
-0.30430 0.11800 
-0.30856 0.11900 
-0.31284 0.12000 
-0.31713 0.12100 
-0.32144 0.12200 
-0.32576 0.12300 
-0.33010 0.12400 
-0.33446 0.12500 
-0.33883 0.12600 
-0.34322 0.12700 
-0.34762 0.12800 
-0.35204 0.12900 
-0.35647 0.13000 
-0.36092 0.13100 
-0.36538 0.13200 
-0.36986 0.13300 
-0.37435 0.13400 
-0.37886 0.13500 
-0.38338 0.13600 
-0.38791 0.13700 
-0.39246 0.13800 
-0.39702 0.13900 
-0.40159 0.14000 
-0.40618 0.14100 
-0.41078 0.14200 
-0.41540 0.14300 
-0.42002 0.14400 
-0.42466 0.14500 
-0.42931 0.14600 
-0.43398 0.14700 
-0.43865 0.14800 
-0.44334 0.14900 
-0.44804 0.15000 
-0.45275 0.15100 
-0.45747 0.15200 
-0.46221 0.15300 
-0.46696 0.15400 
-0.47171 0.15500 
-0.47648 0.15600 
-0.48126 0.15700 
-0.48605 0.15800 
-0.49085 0.15900 
-0.49566 0.16000 
-0.50049 0.16100 
-0.50532 0.16200 
-0.51016 0.16300 
-0.51501 0.16400 
-0.51988 0.16500 
-0.52475 0.16600 
-0.52963 0.16700 
-0.53452 0.16800 
-0.53943 0.16900 
-0.54434 0.17000 
-0.54926 0.17100 
-0.55419 0.17200 
-0.55913 0.17300 
-0.56408 0.17400 
-0.56903 0.17500 
-0.57400 0.17600 
-0.57897 0.17700 
-0.58396 0.17800 
-0.58895 0.17900 
-0.59395 0.18000 
-0.59896 0.18100 
-0.60397 0.18200 
-0.60900 0.18300 
-0.61403 0.18400 
-0.61907 0.18500 
-0.62412 0.18600 
-0.62918 0.18700 
-0.63424 0.18800 
-0.63931 0.18900 
-0.64439 0.19000 
-0.64948 0.19100 
-0.65458 0.19200 
-0.65968 0.19300 
-0.66479 0.19400 
-0.66990 0.19500 
-0.67503 0.19600 
-0.68016 0.19700 
-0.68529 0.19800 
-0.69044 0.19900 
-0.69559 0.20000 
-0.70074 0.20100 
-0.70591 0.20200 
-0.71107 0.20300 
-0.71625 0.20400 
-0.72143 0.20500 
-0.72662 0.20600 
-0.73182 0.20700 
-0.73702 0.20800 
-0.74222 0.20900 
-0.74744 0.21000 
-0.75266 0.21100 
-0.75788 0.21200 
-0.76311 0.21300 
-0.76835 0.21400 
-0.77359 0.21500 
-0.77884 0.21600 
-0.78409 0.21700 
-0.78935 0.21800 
-0.79461 0.21900 
-0.79988 0.22000 
-0.80515 0.22100 
-0.81043 0.22200 
-0.81572 0.22300 
-0.82100 0.22400 
-0.82630 0.22500 
-0.83160 0.22600 
-0.83690 0.22700 
-0.84221 0.22800 
-0.84753 0.22900 
-0.85284 0.23000 
-0.85817 0.23100 
-0.86349 0.23200 
-0.86883 0.23300 
-0.87416 0.23400 
-0.87951 0.23500 
-0.88485 0.23600 
-0.89020 0.23700 
-0.89556 0.23800 
-0.90091 0.23900 
-0.90628 0.24000 
-0.91164 0.24100 
-0.91702 0.24200 
-0.92239 0.24300 
-0.92777 0.24400 
-0.93315 0.24500 
-0.93854 0.24600 
-0.94393 0.24700 
-0.94933 0.24800 
-0.95472 0.24900 
-0.96013 0.25000 
-0.96553 0.25100 
-0.97094 0.25200 
-0.97636 0.25300 
-0.98177 0.25400 
-0.98719 0.25500 
-0.99262 0.25600 
-0.99805 0.25700 
-1.00348 0.25800 
-1.00891 0.25900 
-1.01435 0.26000 
-1.01979 0.26100 
-1.02523 0.26200 
-1.03068 0.26300 
-1.03613 0.26400 
-1.04159 0.26500 
-1.04704 0.26600 
-1.05250 0.26700 
-1.05797 0.26800 
-1.06343 0.26900 
-1.06890 0.27000 
-1.07437 0.27100 
-1.07985 0.27200 
-1.08533 0.27300 
-1.09081 0.27400 
-1.09629 0.27500 
-1.10178 0.27600 
-1.10727 0.27700 
-1.11276 0.27800 
-1.11825 0.27900 
-1.12375 0.28000 
-1.12925 0.28100 
-1.13475 0.28200 
-1.14026 0.28300 
-1.14576 0.28400 
-1.15127 0.28500 
-1.15679 0.28600 
-1.16230 0.28700 
-1.16782 0.28800 
-1.17334 0.28900 
-1.17886 0.29000 
-1.18438 0.29100 
-1.18991 0.29200 
-1.19544 0.29300 
-1.20097 0.29400 
-1.20650 0.29500 
-1.21204 0.29600 
-1.21758 0.29700 
-1.22312 0.29800 
-1.22866 0.29900 
-1.23420 0.30000 
-1.23975 0.30100 
-1.24530 0.30200 
-1.25085 0.30300 
-1.25640 0.30400 
-1.26196 0.30500 
-1.26751 0.30600 
-1.27307 0.30700 
-1.27863 0.30800 
-1.28419 0.30900 
-1.28976 0.31000 
-1.29532 0.31100 
-1.30089 0.31200 
-1.30646 0.31300 
-1.31203 0.31400 
-1.31760 0.31500 
-1.32318 0.31600 
-1.32876 0.31700 
-1.33433 0.31800 
-1.33991 0.31900 
-1.34550 0.32000 
-1.35108 0.32100 
-1.35667 0.32200 
-1.36225 0.32300 
-1.36784 0.32400 
-1.37343 0.32500 
-1.37902 0.32600 
-1.38461 0.32700 
-1.39021 0.32800 
-1.39580 0.32900 
-1.40140 0.33000 
-1.40700 0.33100 
-1.41260 0.33200 
-1.41820 0.33300 
-1.42381 0.33400 
-1.42941 0.33500 
-1.43502 0.33600 
-1.44063 0.33700 
-1.44623 0.33800 
-1.45184 0.33900 
-1.45746 0.34000 
-1.46307 0.34100 
-1.46868 0.34200 
-1.47430 0.34300 
-1.47992 0.34400 
-1.48553 0.34500 
-1.49115 0.34600 
-1.49677 0.34700 
-1.50239 0.34800 
-1.50802 0.34900 
-1.51364 0.35000 
-1.51927 0.35100 
-1.52489 0.35200 
-1.53052 0.35300 
-1.53615 0.35400 
-1.54178 0.35500 
-1.54741 0.35600 
-1.55304 0.35700 
-1.55867 0.35800 
-1.56431 0.35900 
-1.56994 0.36000 
-1.57558 0.36100 
-1.58122 0.36200 
-1.58686 0.36300 
-1.59249 0.36400 
-1.59813 0.36500 
-1.60378 0.36600 
-1.60942 0.36700 
-1.61506 0.36800 
-1.62071 0.36900 
-1.62635 0.37000 
-1.63200 0.37100 
-1.63764 0.37200 
-1.64329 0.37300 
-1.64894 0.37400 
-1.65459 0.37500 
-1.66024 0.37600 
-1.66589 0.37700 
-1.67154 0.37800 
-1.67720 0.37900 
-1.68285 0.38000 
-1.68851 0.38100 
-1.69416 0.38200 
-1.69982 0.38300 
-1.70547 0.38400 
-1.71113 0.38500 
-1.71679 0.38600 
-1.72245 0.38700 
-1.72811 0.38800 
-1.73377 0.38900 
-1.73943 0.39000 
-1.74510 0.39100 
-1.75076 0.39200 
-1.75642 0.39300 
-1.76209 0.39400 
-1.76775 0.39500 
-1.77342 0.39600 
-1.77909 0.39700 
-1.78475 0.39800 
-1.79042 0.39900 
-1.79609 0.40000 
-1.80176 0.40100 
-1.80743 0.40200 
-1.81310 0.40300 
-1.81877 0.40400 
-1.82444 0.40500 
-1.83012 0.40600 
-1.83579 0.40700 
-1.84146 0.40800 
-1.84714 0.40900 
-1.85281 0.41000 
-1.85849 0.41100 
-1.86417 0.41200 
-1.86984 0.41300 
-1.87552 0.41400 
-1.88120 0.41500 
-1.88688 0.41600 
-1.89256 0.41700 
-1.89823 0.41800 
-1.90391 0.41900 
-1.90960 0.42000 
-1.91528 0.42100 
-1.92096 0.42200 
-1.92664 0.42300 
-1.93232 0.42400 
-1.93801 0.42500 
-1.94369 0.42600 
-1.94937 0.42700 
-1.95506 0.42800 
-1.96074 0.42900 
-1.96643 0.43000 
-1.97212 0.43100 
-1.97780 0.43200 
-1.98349 0.43300 
-1.98918 0.43400 
-1.99486 0.43500 
-2.00055 0.43600 
-2.00624 0.43700 
-2.01193 0.43800 
-2.01762 0.43900 
-2.02331 0.44000 
-2.02900 0.44100 
-2.03469 0.44200 
-2.04038 0.44300 
-2.04607 0.44400 
-2.05177 0.44500 
-2.05746 0.44600 
-2.06315 0.44700 
-2.06885 0.44800 
-2.07454 0.44900 
-2.08023 0.45000 
-2.08593 0.45100 
-2.09162 0.45200 
-2.09732 0.45300 
-2.10301 0.45400 
-2.10871 0.45500 
-2.11440 0.45600 
-2.12010 0.45700 
-2.12580 0.45800 
-2.13150 0.45900 
-2.13719 0.46000 
-2.14289 0.46100 
-2.14859 0.46200 
-2.15429 0.46300 
-2.15999 0.46400 
-2.16568 0.46500 
-2.17138 0.46600 
-2.17708 0.46700 
-2.18278 0.46800 
-2.18848 0.46900 
-2.19419 0.47000 
-2.19989 0.47100 
-2.20559 0.47200 
-2.21129 0.47300 
-2.21699 0.47400 
-2.22269 0.47500 
-2.22839 0.47600 
-2.23410 0.47700 
-2.23980 0.47800 
-2.24550 0.47900 
-2.25121 0.48000 
-2.25691 0.48100 
-2.26261 0.48200 
-2.26832 0.48300 
-2.27402 0.48400 
-2.27973 0.48500 
-2.28543 0.48600 
-2.29114 0.48700 
-2.29684 0.48800 
-2.30255 0.48900 
-2.30825 0.49000 
-2.31396 0.49100 
-2.31967 0.49200 
-2.32537 0.49300 
-2.33108 0.49400 
-2.33679 0.49500 
-2.34250 0.49600 
-2.34820 0.49700 
-2.35391 0.49800 
-2.35962 0.49900 
-2.36533 0.50000 
-2.37103 0.50100 
-2.37674 0.50200 
-2.38245 0.50300 
-2.38816 0.50400 
-2.39387 0.50500 
-2.39958 0.50600 
-2.40529 0.50700 
-2.41100 0.50800 
-2.41671 0.50900 
-2.42242 0.51000 
-2.42813 0.51100 
-2.43384 0.51200 
-2.43955 0.51300 
-2.44526 0.51400 
-2.45097 0.51500 
-2.45668 0.51600 
-2.46239 0.51700 
-2.46811 0.51800 
-2.47382 0.51900 
-2.47953 0.52000 
-2.48524 0.52100 
-2.49095 0.52200 
-2.49667 0.52300 
-2.50238 0.52400 
-2.50809 0.52500 
-2.51380 0.52600 
-2.51952 0.52700 
-2.52523 0.52800 
-2.53094 0.52900 
-2.53666 0.53000 
-2.54237 0.53100 
-2.54808 0.53200 
-2.55380 0.53300 
-2.55951 0.53400 
-2.56522 0.53500 
-2.57094 0.53600 
-2.57665 0.53700 
-2.58237 0.53800 
-2.58808 0.53900 
-2.59380 0.54000 
-2.59951 0.54100 
-2.60523 0.54200 
-2.61094 0.54300 
-2.61666 0.54400 
-2.62237 0.54500 
-2.62809 0.54600 
-2.63380 0.54700 
-2.63952 0.54800 
-2.64524 0.54900 
-2.65095 0.55000 
-2.65667 0.55100 
-2.66238 0.55200 
-2.66810 0.55300 
-2.67382 0.55400 
-2.67953 0.55500 
-2.68525 0.55600 
-2.69097 0.55700 
-2.69668 0.55800 
-2.70240 0.55900 
-2.70812 0.56000 
-2.71384 0.56100 
-2.71955 0.56200 
-2.72527 0.56300 
-2.73099 0.56400 
-2.73671 0.56500 
-2.74242 0.56600 
-2.74814 0.56700 
-2.75386 0.56800 
-2.75958 0.56900 
-2.76530 0.57000 
-2.77101 0.57100 
-2.77673 0.57200 
-2.78245 0.57300 
-2.78817 0.57400 
-2.79389 0.57500 
-2.79961 0.57600 
-2.80532 0.57700 
-2.81104 0.57800 
-2.81676 0.57900 
-2.82248 0.58000 
-2.82820 0.58100 
-2.83392 0.58200 
-2.83964 0.58300 
-2.84536 0.58400 
-2.85108 0.58500 
-2.85680 0.58600 
-2.86252 0.58700 
-2.86824 0.58800 
-2.87396 0.58900 
-2.87968 0.59000 
-2.88540 0.59100 
-2.89112 0.59200 
-2.89684 0.59300 
-2.90256 0.59400 
-2.90828 0.59500 
-2.91400 0.59600 
-2.91972 0.59700 
-2.92544 0.59800 
-2.93116 0.59900 
-2.93688 0.60000 
-2.94260 0.60100 
-2.94832 0.60200 
-2.95404 0.60300 
-2.95976 0.60400 
-2.96548 0.60500 
-2.97120 0.60600 
-2.97692 0.60700 
-2.98264 0.60800 
-2.98837 0.60900 
-2.99409 0.61000 
-2.99981 0.61100 
-3.00553 0.61200 
-3.01125 0.61300 
-3.01697 0.61400 
-3.02269 0.61500 
-3.02841 0.61600 
-3.03414 0.61700 
-3.03986 0.61800 
-3.04558 0.61900 
-3.05130 0.62000 
-3.05702 0.62100 
-3.06274 0.62200 
-3.06847 0.62300 
-3.07419 0.62400 
-3.07991 0.62500 
-3.08563 0.62600 
-3.09135 0.62700 
-3.09708 0.62800 
-3.10280 0.62900 
-3.10852 0.63000 
-3.11424 0.63100 
-3.11996 0.63200 
-3.12569 0.63300 
-3.13141 0.63400 
-3.13713 0.63500 
-3.14285 0.63600 
-3.14858 0.63700 
-3.15430 0.63800 
-3.16002 0.63900 
-3.16574 0.64000 
-3.17147 0.64100 
-3.17719 0.64200 
-3.18291 0.64300 
-3.18863 0.64400 
-3.19436 0.64500 
-3.20008 0.64600 
-3.20580 0.64700 
-3.21153 0.64800 
-3.21725 0.64900 
-3.22297 0.65000 
-3.22870 0.65100 
-3.23442 0.65200 
-3.24014 0.65300 
-3.24586 0.65400 
-3.25159 0.65500 
-3.25731 0.65600 
-3.26303 0.65700 
-3.26876 0.65800 
-3.27448 0.65900 
-3.28020 0.66000 
-3.28593 0.66100 
-3.29165 0.66200 
-3.29737 0.66300 
-3.30310 0.66400 
-3.30882 0.66500 
-3.31455 0.66600 
-3.32027 0.66700 
-3.32599 0.66800 
-3.33172 0.66900 
-3.33744 0.67000 
-3.34316 0.67100 
-3.34889 0.67200 
-3.35461 0.67300 
-3.36033 0.67400 
-3.36606 0.67500 
-3.37178 0.67600 
-3.37751 0.67700 
-3.38323 0.67800 
-3.38895 0.67900 
-3.39468 0.68000 
-3.40040 0.68100 
-3.40613 0.68200 
-3.41185 0.68300 
-3.41757 0.68400 
-3.42330 0.68500 
-3.42902 0.68600 
-3.43475 0.68700 
-3.44047 0.68800 
-3.44619 0.68900 
-3.45192 0.69000 
-3.45764 0.69100 
-3.46337 0.69200 
-3.46909 0.69300 
-3.47482 0.69400 
-3.48054 0.69500 
-3.48626 0.69600 
-3.49199 0.69700 
-3.49771 0.69800 
-3.50344 0.69900 
-3.50916 0.70000 
-3.51489 0.70100 
-3.52061 0.70200 
-3.52634 0.70300 
-3.53206 0.70400 
-3.53778 0.70500 
-3.54351 0.70600 
-3.54923 0.70700 
-3.55496 0.70800 
-3.56068 0.70900 
-3.56641 0.71000 
-3.57213 0.71100 
-3.57786 0.71200 
-3.58358 0.71300 
-3.58931 0.71400 
-3.59503 0.71500 
-3.60076 0.71600 
-3.60648 0.71700 
-3.61221 0.71800 
-3.61793 0.71900 
-3.62365 0.72000 
-3.62938 0.72100 
-3.63510 0.72200 
-3.64083 0.72300 
-3.64655 0.72400 
-3.65228 0.72500 
-3.65800 0.72600 
-3.66373 0.72700 
-3.66945 0.72800 
-3.67518 0.72900 
-3.68090 0.73000 
-3.68663 0.73100 
-3.69235 0.73200 
-3.69808 0.73300 
-3.70380 0.73400 
-3.70953 0.73500 
-3.71525 0.73600 
-3.72098 0.73700 
-3.72670 0.73800 
-3.73243 0.73900 
-3.73815 0.74000 
-3.74388 0.74100 
-3.74960 0.74200 
-3.75533 0.74300 
-3.76105 0.74400 
-3.76678 0.74500 
-3.77251 0.74600 
-3.77823 0.74700 
-3.78396 0.74800 
-3.78968 0.74900 
-3.79541 0.75000 
-3.80113 0.75100 
-3.80686 0.75200 
-3.81258 0.75300 
-3.81831 0.75400 
-3.82403 0.75500 
-3.82976 0.75600 
-3.83548 0.75700 
-3.84121 0.75800 
-3.84693 0.75900 
-3.85266 0.76000 
-3.85838 0.76100 
-3.86411 0.76200 
-3.86983 0.76300 
-3.87556 0.76400 
-3.88129 0.76500 
-3.88701 0.76600 
-3.89274 0.76700 
-3.89846 0.76800 
-3.90419 0.76900 
-3.90991 0.77000 
-3.91564 0.77100 
-3.92136 0.77200 
-3.92709 0.77300 
-3.93281 0.77400 
-3.93854 0.77500 
-3.94427 0.77600 
-3.94999 0.77700 
-3.95572 0.77800 
-3.96144 0.77900 
-3.96717 0.78000 
-3.97289 0.78100 
-3.97862 0.78200 
-3.98434 0.78300 
-3.99007 0.78400 
-3.99580 0.78500 
-4.00152 0.78600 
-4.00725 0.78700 
-4.01297 0.78800 
-4.01870 0.78900 
-4.02442 0.79000 
-4.03015 0.79100 
-4.03587 0.79200 
-4.04160 0.79300 
-4.04733 0.79400 
-4.05305 0.79500 
-4.05878 0.79600 
-4.06450 0.79700 
-4.07023 0.79800 
-4.07595 0.79900 
-4.08168 0.80000 
-4.08741 0.80100 
-4.09313 0.80200 
-4.09886 0.80300 
-4.10458 0.80400 
-4.11031 0.80500 
-4.11603 0.80600 
-4.12176 0.80700 
-4.12749 0.80800 
-4.13321 0.80900 
-4.13894 0.81000 
-4.14466 0.81100 
-4.15039 0.81200 
-4.15611 0.81300 
-4.16184 0.81400 
-4.16757 0.81500 
-4.17329 0.81600 
-4.17902 0.81700 
-4.18474 0.81800 
-4.19047 0.81900 
-4.19619 0.82000 
-4.20192 0.82100 
-4.20765 0.82200 
-4.21337 0.82300 
-4.21910 0.82400 
-4.22482 0.82500 
-4.23055 0.82600 
-4.23628 0.82700 
-4.24200 0.82800 
-4.24773 0.82900 
-4.25345 0.83000 
-4.25918 0.83100 
-4.26490 0.83200 
-4.27063 0.83300 
-4.27636 0.83400 
-4.28208 0.83500 
-4.28781 0.83600 
-4.29353 0.83700 
-4.29926 0.83800 
-4.30499 0.83900 
-4.31071 0.84000 
-4.31644 0.84100 
-4.32216 0.84200 
-4.32789 0.84300 
-4.33361 0.84400 
-4.33934 0.84500 
-4.34507 0.84600 
-4.35079 0.84700 
-4.35652 0.84800 
-4.36224 0.84900 
-4.36797 0.85000 
-4.37370 0.85100 
-4.37942 0.85200 
-4.38515 0.85300 
-4.39087 0.85400 
-4.39660 0.85500 
-4.40233 0.85600 
-4.40805 0.85700 
-4.41378 0.85800 
-4.41950 0.85900 
-4.42523 0.86000 
-4.43096 0.86100 
-4.43668 0.86200 
-4.44241 0.86300 
-4.44813 0.86400 
-4.45386 0.86500 
-4.45959 0.86600 
-4.46531 0.86700 
-4.47104 0.86800 
-4.47676 0.86900 
-4.48249 0.87000 
-4.48822 0.87100 
-4.49394 0.87200 
-4.49967 0.87300 
-4.50539 0.87400 
-4.51112 0.87500 
-4.51685 0.87600 
-4.52257 0.87700 
-4.52830 0.87800 
-4.53402 0.87900 
-4.53975 0.88000 
-4.54548 0.88100 
-4.55120 0.88200 
-4.55693 0.88300 
-4.56265 0.88400 
-4.56838 0.88500 
-4.57411 0.88600 
-4.57983 0.88700 
-4.58556 0.88800 
-4.59128 0.88900 
-4.59701 0.89000 
-4.60274 0.89100 
-4.60846 0.89200 
-4.61419 0.89300 
-4.61991 0.89400 
-4.62564 0.89500 
-4.63137 0.89600 
-4.63709 0.89700 
-4.64282 0.89800 
-4.64854 0.89900 
-4.65427 0.90000 
-4.66000 0.90100 
-4.66572 0.90200 
-4.67145 0.90300 
-4.67718 0.90400 
-4.68290 0.90500 
-4.68863 0.90600 
-4.69435 0.90700 
-4.70008 0.90800 
-4.70581 0.90900 
-4.71153 0.91000 
-4.71726 0.91100 
-4.72298 0.91200 
-4.72871 0.91300 
-4.73444 0.91400 
-4.74016 0.91500 
-4.74589 0.91600 
-4.75161 0.91700 
-4.75734 0.91800 
-4.76307 0.91900 
-4.76879 0.92000 
-4.77452 0.92100 
-4.78024 0.92200 
-4.78597 0.92300 
-4.79170 0.92400 
-4.79742 0.92500 
-4.80315 0.92600 
-4.80888 0.92700 
-4.81460 0.92800 
-4.82033 0.92900 
-4.82605 0.93000 
-4.83178 0.93100 
-4.83751 0.93200 
-4.84323 0.93300 
-4.84896 0.93400 
-4.85468 0.93500 
-4.86041 0.93600 
-4.86614 0.93700 
-4.87186 0.93800 
-4.87759 0.93900 
-4.88332 0.94000 
-4.88904 0.94100 
-4.89477 0.94200 
-4.90049 0.94300 
-4.90622 0.94400 
-4.91195 0.94500 
-4.91767 0.94600 
-4.92340 0.94700 
-4.92912 0.94800 
-4.93485 0.94900 
-4.94058 0.95000 
-4.94630 0.95100 
-4.95203 0.95200 
-4.95776 0.95300 
-4.96348 0.95400 
-4.96921 0.95500 
-4.97493 0.95600 
-4.98066 0.95700 
-4.98639 0.95800 
-4.99211 0.95900 
-4.99784 0.96000 
-5.00356 0.96100 
-5.00929 0.96200 
-5.01502 0.96300 
-5.02074 0.96400 
-5.02647 0.96500 
-5.03220 0.96600 
-5.03792 0.96700 
-5.04365 0.96800 
-5.04937 0.96900 
-5.05510 0.97000 
-5.06083 0.97100 
-5.06655 0.97200 
-5.07228 0.97300 
-5.07800 0.97400 
-5.08373 0.97500 
-5.08946 0.97600 
-5.09518 0.97700 
-5.10091 0.97800 
-5.10664 0.97900 
-5.11236 0.98000 
-5.11809 0.98100 
-5.12381 0.98200 
-5.12954 0.98300 
-5.13527 0.98400 
-5.14099 0.98500 
-5.14672 0.98600 
-5.15245 0.98700 
-5.15817 0.98800 
-5.16390 0.98900 
-5.16962 0.99000 
-5.17535 0.99100 
-5.18108 0.99200 
-5.18680 0.99300 
-5.19253 0.99400 
-5.19825 0.99500 
-5.20398 0.99600 
-5.20971 0.99700 
-5.21543 0.99800 
-5.22116 0.99900 
-5.22689 1.00000 
-5.23261 1.00100 
-5.23834 1.00200 
-5.24406 1.00300 
-5.24979 1.00400 
-5.25552 1.00500 
-5.26124 1.00600 
-5.26697 1.00700 
-5.27270 1.00800 
-5.27842 1.00900 
-5.28415 1.01000 
-5.28987 1.01100 
-5.29560 1.01200 
-5.30133 1.01300 
-5.30705 1.01400 
-5.31278 1.01500 
-5.31850 1.01600 
-5.32423 1.01700 
-5.32996 1.01800 
-5.33568 1.01900 
-5.34141 1.02000 
-5.34714 1.02100 
-5.35286 1.02200 
-5.35859 1.02300 
-5.36431 1.02400 
-5.37004 1.02500 
-5.37577 1.02600 
-5.38149 1.02700 
-5.38722 1.02800 
-5.39295 1.02900 
-5.39867 1.03000 
-5.40440 1.03100 
-5.41012 1.03200 
-5.41585 1.03300 
-5.42158 1.03400 
-5.42730 1.03500 
-5.43303 1.03600 
-5.43876 1.03700 
-5.44448 1.03800 
-5.45021 1.03900 
-5.45593 1.04000 
-5.46166 1.04100 
-5.46739 1.04200 
-5.47311 1.04300 
-5.47884 1.04400 
-5.48457 1.04500 
-5.49029 1.04600 
-5.49602 1.04700 
-5.50174 1.04800 
-5.50747 1.04900 
-5.51320 1.05000 
-5.51892 1.05100 
-5.52465 1.05200 
-5.53037 1.05300 
-5.53610 1.05400 
-5.54183 1.05500 
-5.54755 1.05600 
-5.55328 1.05700 
-5.55901 1.05800 
-5.56473 1.05900 
-5.57046 1.06000 
-5.57618 1.06100 
-5.58191 1.06200 
-5.58764 1.06300 
-5.59336 1.06400 
-5.59909 1.06500 
-5.60482 1.06600 
-5.61054 1.06700 
-5.61627 1.06800 
-5.62199 1.06900 
-5.62772 1.07000 
-5.63345 1.07100 
-5.63917 1.07200 
-5.64490 1.07300 
-5.65063 1.07400 
-5.65635 1.07500 
-5.66208 1.07600 
-5.66780 1.07700 
-5.67353 1.07800 
-5.67926 1.07900 
-5.68498 1.08000 
-5.69071 1.08100 
-5.69644 1.08200 
-5.70216 1.08300 
-5.70789 1.08400 
-5.71361 1.08500 
-5.71934 1.08600 
-5.72507 1.08700 
-5.73079 1.08800 
-5.73652 1.08900 
-5.74225 1.09000 
-5.74797 1.09100 
-5.75370 1.09200 
-5.75942 1.09300 
-5.76515 1.09400 
-5.77088 1.09500 
-5.77660 1.09600 
-5.78233 1.09700 
-5.78806 1.09800 
-5.79378 1.09900 
-5.79951 1.10000 
-5.80523 1.10100 
-5.81096 1.10200 
-5.81669 1.10300 
-5.82241 1.10400 
-5.82814 1.10500 
-5.83387 1.10600 
-5.83959 1.10700 
-5.84532 1.10800 
-5.85104 1.10900 
-5.85677 1.11000 
-5.86250 1.11100 
-5.86822 1.11200 
-5.87395 1.11300 
-5.87968 1.11400 
-5.88540 1.11500 
-5.89113 1.11600 
-5.89685 1.11700 
-5.90258 1.11800 
-5.90831 1.11900 
-5.91403 1.12000 
-5.91976 1.12100 
-5.92548 1.12200 
-5.93121 1.12300 
-5.93694 1.12400 
-5.94266 1.12500 
-5.94839 1.12600 
-5.95412 1.12700 
-5.95984 1.12800 
-5.96557 1.12900 
-5.97129 1.13000 
-5.97702 1.13100 
-5.98275 1.13200 
-5.98847 1.13300 
-5.99420 1.13400 
-5.99993 1.13500 
-6.00565 1.13600 
-6.01138 1.13700 
-6.01710 1.13800 
-6.02283 1.13900 
-6.02856 1.14000 
-6.03428 1.14100 
-6.04001 1.14200 
-6.04574 1.14300 
-6.05146 1.14400 
-6.05719 1.14500 
-6.06291 1.14600 
-6.06864 1.14700 
-6.07437 1.14800 
-6.08009 1.14900 
-6.08582 1.15000 
-6.09155 1.15100 
-6.09727 1.15200 
-6.10300 1.15300 
-6.10872 1.15400 
-6.11445 1.15500 
-6.12018 1.15600 
-6.12590 1.15700 
-6.13163 1.15800 
-6.13736 1.15900 
-6.14308 1.16000 
-6.14881 1.16100 
-6.15453 1.16200 
-6.16026 1.16300 
-6.16599 1.16400 
-6.17171 1.16500 
-6.17744 1.16600 
-6.18317 1.16700 
-6.18889 1.16800 
-6.19462 1.16900 
-6.20034 1.17000 
-6.20607 1.17100 
-6.21180 1.17200 
-6.21752 1.17300 
-6.22325 1.17400 
-6.22898 1.17500 
-6.23470 1.17600 
-6.24043 1.17700 
-6.24615 1.17800 
-6.25188 1.17900 
-6.25761 1.18000 
-6.26333 1.18100 
-6.26906 1.18200 
-6.27479 1.18300 
-6.28051 1.18400 
-6.28624 1.18500 
-6.29196 1.18600 
-6.29769 1.18700 
-6.30342 1.18800 
-6.30914 1.18900 
-6.31487 1.19000 
-6.32060 1.19100 
-6.32632 1.19200 
-6.33205 1.19300 
-6.33777 1.19400 
-6.34350 1.19500 
-6.34923 1.19600 
-6.35495 1.19700 
-6.36068 1.19800 
-6.36641 1.19900 
-6.37213 1.20000 
-6.37786 1.20100 
-6.38358 1.20200 
-6.38931 1.20300 
-6.39504 1.20400 
-6.40076 1.20500 
-6.40649 1.20600 
-6.41222 1.20700 
-6.41794 1.20800 
-6.42367 1.20900 
-6.42939 1.21000 
-6.43512 1.21100 
-6.44085 1.21200 
-6.44657 1.21300 
-6.45230 1.21400 
-6.45803 1.21500 
-6.46375 1.21600 
-6.46948 1.21700 
-6.47520 1.21800 
-6.48093 1.21900 
-6.48666 1.22000 
-6.49238 1.22100 
-6.49811 1.22200 
-6.50384 1.22300 
-6.50956 1.22400 
-6.51529 1.22500 
-6.52101 1.22600 
-6.52674 1.22700 
-6.53247 1.22800 
-6.53819 1.22900 
-6.54392 1.23000 
-6.54965 1.23100 
-6.55537 1.23200 
-6.56110 1.23300 
-6.56682 1.23400 
-6.57255 1.23500 
-6.57828 1.23600 
-6.58400 1.23700 
-6.58973 1.23800 
-6.59546 1.23900 
-6.60118 1.24000 
-6.60691 1.24100 
-6.61263 1.24200 
-6.61836 1.24300 
-6.62409 1.24400 
-6.62981 1.24500 
-6.63554 1.24600 
-6.64127 1.24700 
-6.64699 1.24800 
-6.65272 1.24900 
-6.65844 1.25000 
-6.66417 1.25100 
-6.66990 1.25200 
-6.67562 1.25300 
-6.68135 1.25400 
-6.68708 1.25500 
-6.69280 1.25600 
-6.69853 1.25700 
-6.70425 1.25800 
-6.70998 1.25900 
-6.71571 1.26000 
-6.72143 1.26100 
-6.72716 1.26200 
-6.73289 1.26300 
-6.73861 1.26400 
-6.74434 1.26500 
-6.75006 1.26600 
-6.75579 1.26700 
-6.76152 1.26800 
-6.76724 1.26900 
-6.77297 1.27000 
-6.77870 1.27100 
-6.78442 1.27200 
-6.79015 1.27300 
-6.79587 1.27400 
-6.80160 1.27500 
-6.80733 1.27600 
-6.81305 1.27700 
-6.81878 1.27800 
-6.82451 1.27900 
-6.83023 1.28000 
-6.83596 1.28100 
-6.84168 1.28200 
-6.84741 1.28300 
-6.85314 1.28400 
-6.85886 1.28500 
-6.86459 1.28600 
-6.87032 1.28700 
-6.87604 1.28800 
-6.88177 1.28900 
-6.88749 1.29000 
-6.89322 1.29100 
-6.89895 1.29200 
-6.90467 1.29300 
-6.91040 1.29400 
-6.91613 1.29500 
-6.92185 1.29600 
-6.92758 1.29700 
-6.93330 1.29800 
-6.93903 1.29900 
-6.94476 1.30000 
-6.95048 1.30100 
-6.95621 1.30200 
-6.96194 1.30300 
-6.96766 1.30400 
-6.97339 1.30500 
-6.97911 1.30600 
-6.98484 1.30700 
-6.99057 1.30800 
-6.99629 1.30900 
-7.00202 1.31000 
-7.00775 1.31100 
-7.01347 1.31200 
-7.01920 1.31300 
-7.02492 1.31400 
-7.03065 1.31500 
-7.03638 1.31600 
-7.04210 1.31700 
-7.04783 1.31800 
-7.05356 1.31900 
-7.05928 1.32000 
-7.06501 1.32100 
-7.07073 1.32200 
-7.07646 1.32300 
-7.08219 1.32400 
-7.08791 1.32500 
-7.09364 1.32600 
-7.09937 1.32700 
-7.10509 1.32800 
-7.11082 1.32900 
-7.11655 1.33000 
-7.12227 1.33100 
-7.12800 1.33200 
-7.13372 1.33300 
-7.13945 1.33400 
-7.14518 1.33500 
-7.15090 1.33600 
-7.15663 1.33700 
-7.16236 1.33800 
-7.16808 1.33900 
-7.17381 1.34000 
-7.17953 1.34100 
-7.18526 1.34200 
-7.19099 1.34300 
-7.19671 1.34400 
-7.20244 1.34500 
-7.20817 1.34600 
-7.21389 1.34700 
-7.21962 1.34800 
-7.22534 1.34900 
-7.23107 1.35000 
-7.23680 1.35100 
-7.24252 1.35200 
-7.24825 1.35300 
-7.25398 1.35400 
-7.25970 1.35500 
-7.26543 1.35600 
-7.27115 1.35700 
-7.27688 1.35800 
-7.28261 1.35900 
-7.28833 1.36000 
-7.29406 1.36100 
-7.29979 1.36200 
-7.30551 1.36300 
-7.31124 1.36400 
-7.31696 1.36500 
-7.32269 1.36600 
-7.32842 1.36700 
-7.33414 1.36800 
-7.33987 1.36900 
-7.34560 1.37000 
-7.35132 1.37100 
-7.35705 1.37200 
-7.36277 1.37300 
-7.36850 1.37400 
-7.37423 1.37500 
-7.37995 1.37600 
-7.38568 1.37700 
-7.39141 1.37800 
-7.39713 1.37900 
-7.40286 1.38000 
-7.40858 1.38100 
-7.41431 1.38200 
-7.42004 1.38300 
-7.42576 1.38400 
-7.43149 1.38500 
-7.43722 1.38600 
-7.44294 1.38700 
-7.44867 1.38800 
-7.45439 1.38900 
-7.46012 1.39000 
-7.46585 1.39100 
-7.47157 1.39200 
-7.47730 1.39300 
-7.48303 1.39400 
-7.48875 1.39500 
-7.49448 1.39600 
-7.50020 1.39700 
-7.50593 1.39800 
-7.51166 1.39900 
-7.51738 1.40000 
-7.52311 1.40100 
-7.52884 1.40200 
-7.53456 1.40300 
-7.54029 1.40400 
-7.54601 1.40500 
-7.55174 1.40600 
-7.55747 1.40700 
-7.56319 1.40800 
-7.56892 1.40900 
-7.57465 1.41000 
-7.58037 1.41100 
-7.58610 1.41200 
-7.59182 1.41300 
-7.59755 1.41400 
-7.60328 1.41500 
-7.60900 1.41600 
-7.61473 1.41700 
-7.62046 1.41800 
-7.62618 1.41900 
-7.63191 1.42000 
-7.63763 1.42100 
-7.64336 1.42200 
-7.64909 1.42300 
-7.65481 1.42400 
-7.66054 1.42500 
-7.66627 1.42600 
-7.67199 1.42700 
-7.67772 1.42800 
-7.68344 1.42900 
-7.68917 1.43000 
-7.69490 1.43100 
-7.70062 1.43200 
-7.70635 1.43300 
-7.71208 1.43400 
-7.71780 1.43500 
-7.72353 1.43600 
-7.72925 1.43700 
-7.73498 1.43800 
-7.74071 1.43900 
-7.74643 1.44000 
-7.75216 1.44100 
-7.75789 1.44200 
-7.76361 1.44300 
-7.76934 1.44400 
-7.77506 1.44500 
-7.78079 1.44600 
-7.78652 1.44700 
-7.79224 1.44800 
-7.79797 1.44900 
-7.80370 1.45000 
-7.80942 1.45100 
-7.81515 1.45200 
-7.82087 1.45300 
-7.82660 1.45400 
-7.83233 1.45500 
-7.83805 1.45600 
-7.84378 1.45700 
-7.84951 1.45800 
-7.85523 1.45900 
-7.86096 1.46000 
-7.86668 1.46100 
-7.87241 1.46200 
-7.87814 1.46300 
-7.88386 1.46400 
-7.88959 1.46500 
-7.89532 1.46600 
-7.90104 1.46700 
-7.90677 1.46800 
-7.91249 1.46900 
-7.91822 1.47000 
-7.92395 1.47100 
-7.92967 1.47200 
-7.93540 1.47300 
-7.94113 1.47400 
-7.94685 1.47500 
-7.95258 1.47600 
-7.95830 1.47700 
-7.96403 1.47800 
-7.96976 1.47900 
-7.97548 1.48000 
-7.98121 1.48100 
-7.98694 1.48200 
-7.99266 1.48300 
-7.99839 1.48400 
-8.00411 1.48500 
-8.00984 1.48600 
-8.01557 1.48700 
-8.02129 1.48800 
-8.02702 1.48900 
-8.03275 1.49000 
-8.03847 1.49100 
-8.04420 1.49200 
-8.04992 1.49300 
-8.05565 1.49400 
-8.06138 1.49500 
-8.06710 1.49600 
-8.07283 1.49700 
-8.07856 1.49800 
-8.08428 1.49900 
-8.09001 1.50000 
-8.09573 1.50100 
-8.10146 1.50200 
-8.10719 1.50300 
-8.11291 1.50400 
-8.11864 1.50500 
-8.12437 1.50600 
-8.13009 1.50700 
-8.13582 1.50800 
-8.14154 1.50900 
-8.14727 1.51000 
-8.15300 1.51100 
-8.15872 1.51200 
-8.16445 1.51300 
-8.17018 1.51400 
-8.17590 1.51500 
-8.18163 1.51600 
-8.18735 1.51700 
-8.19308 1.51800 
-8.19881 1.51900 
-8.20453 1.52000 
-8.21026 1.52100 
-8.21599 1.52200 
-8.22171 1.52300 
-8.22744 1.52400 
-8.23316 1.52500 
-8.23889 1.52600 
-8.24462 1.52700 
-8.25034 1.52800 
-8.25607 1.52900 
-8.26180 1.53000 
-8.26752 1.53100 
-8.27325 1.53200 
-8.27897 1.53300 
-8.28470 1.53400 
-8.29043 1.53500 
-8.29615 1.53600 
-8.30188 1.53700 
-8.30761 1.53800 
-8.31333 1.53900 
-8.31906 1.54000 
-8.32478 1.54100 
-8.33051 1.54200 
-8.33624 1.54300 
-8.34196 1.54400 
-8.34769 1.54500 
-8.35342 1.54600 
-8.35914 1.54700 
-8.36487 1.54800 
-8.37059 1.54900 
-8.37632 1.55000 
-8.38205 1.55100 
-8.38777 1.55200 
-8.39350 1.55300 
-8.39923 1.55400 
-8.40495 1.55500 
-8.41068 1.55600 
-8.41640 1.55700 
-8.42213 1.55800 
-8.42786 1.55900 
-8.43358 1.56000 
-8.43931 1.56100 
-8.44504 1.56200 
-8.45076 1.56300 
-8.45649 1.56400 
-8.46222 1.56500 
-8.46794 1.56600 
-8.47367 1.56700 
-8.47939 1.56800 
-8.48512 1.56900 
-8.49085 1.57000 
-8.49657 1.57100 
-8.50230 1.57200 
-8.50803 1.57300 
-8.51375 1.57400 
-8.51948 1.57500 
-8.52520 1.57600 
-8.53093 1.57700 
-8.53666 1.57800 
-8.54238 1.57900 
-8.54811 1.58000 
-8.55384 1.58100 
-8.55956 1.58200 
-8.56529 1.58300 
-8.57101 1.58400 
-8.57674 1.58500 
-8.58247 1.58600 
-8.58819 1.58700 
-8.59392 1.58800 
-8.59965 1.58900 
-8.60537 1.59000 
-8.61110 1.59100 
-8.61682 1.59200 
-8.62255 1.59300 
-8.62828 1.59400 
-8.63400 1.59500 
-8.63973 1.59600 
-8.64546 1.59700 
-8.65118 1.59800 
-8.65691 1.59900 
-8.66263 1.60000 
-8.66836 1.60100 
-8.67409 1.60200 
-8.67981 1.60300 
-8.68554 1.60400 
-8.69127 1.60500 
-8.69699 1.60600 
-8.70272 1.60700 
-8.70844 1.60800 
-8.71417 1.60900 
-8.71990 1.61000 
-8.72562 1.61100 
-8.73135 1.61200 
-8.73708 1.61300 
-8.74280 1.61400 
-8.74853 1.61500 
-8.75425 1.61600 
-8.75998 1.61700 
-8.76571 1.61800 
-8.77143 1.61900 
-8.77716 1.62000 
-8.78289 1.62100 
-8.78861 1.62200 
-8.79434 1.62300 
-8.80006 1.62400 
-8.80579 1.62500 
-8.81152 1.62600 
-8.81724 1.62700 
-8.82297 1.62800 
-8.82870 1.62900 
-8.83442 1.63000 
-8.84015 1.63100 
-8.84587 1.63200 
-8.85160 1.63300 
-8.85733 1.63400 
-8.86305 1.63500 
-8.86878 1.63600 
-8.87451 1.63700 
-8.88023 1.63800 
-8.88596 1.63900 
-8.89168 1.64000 
-8.89741 1.64100 
-8.90314 1.64200 
-8.90886 1.64300 
-8.91459 1.64400 
-8.92032 1.64500 
-8.92604 1.64600 
-8.93177 1.64700 
-8.93749 1.64800 
-8.94322 1.64900 
-8.94895 1.65000 
-8.95467 1.65100 
-8.96040 1.65200 
-8.96613 1.65300 
-8.97185 1.65400 
-8.97758 1.65500 
-8.98330 1.65600 
-8.98903 1.65700 
-8.99476 1.65800 
-9.00048 1.65900 
-9.00621 1.66000 
-9.01194 1.66100 
-9.01766 1.66200 
-9.02339 1.66300 
-9.02911 1.66400 
-9.03484 1.66500 
-9.04057 1.66600 
-9.04629 1.66700 
-9.05202 1.66800 
-9.05775 1.66900 
-9.06347 1.67000 
-9.06920 1.67100 
-9.07492 1.67200 
-9.08065 1.67300 
-9.08638 1.67400 
-9.09210 1.67500 
-9.09783 1.67600 
-9.10356 1.67700 
-9.10928 1.67800 
-9.11501 1.67900 
-9.12073 1.68000 
-9.12646 1.68100 
-9.13219 1.68200 
-9.13791 1.68300 
-9.14364 1.68400 
-9.14937 1.68500 
-9.15509 1.68600 
-9.16082 1.68700 
-9.16654 1.68800 
-9.17227 1.68900 
-9.17800 1.69000 
-9.18372 1.69100 
-9.18945 1.69200 
-9.19518 1.69300 
-9.20090 1.69400 
-9.20663 1.69500 
-9.21235 1.69600 
-9.21808 1.69700 
-9.22381 1.69800 
-9.22953 1.69900 
-9.23526 1.70000 
-9.24099 1.70100 
-9.24671 1.70200 
-9.25244 1.70300 
-9.25816 1.70400 
-9.26389 1.70500 
-9.26962 1.70600 
-9.27534 1.70700 
-9.28107 1.70800 
-9.28680 1.70900 
-9.29252 1.71000 
-9.29825 1.71100 
-9.30397 1.71200 
-9.30970 1.71300 
-9.31543 1.71400 
-9.32115 1.71500 
-9.32688 1.71600 
-9.33261 1.71700 
-9.33833 1.71800 
-9.34406 1.71900 
-9.34978 1.72000 
-9.35551 1.72100 
-9.36124 1.72200 
-9.36696 1.72300 
-9.37269 1.72400 
-9.37842 1.72500 
-9.38414 1.72600 
-9.38987 1.72700 
-9.39559 1.72800 
-9.40132 1.72900 
-9.40705 1.73000 
-9.41277 1.73100 
-9.41850 1.73200 
-9.42423 1.73300 
-9.42995 1.73400 
-9.43568 1.73500 
-9.44140 1.73600 
-9.44713 1.73700 
-9.45286 1.73800 
-9.45858 1.73900 
-9.46431 1.74000 
-9.47004 1.74100 
-9.47576 1.74200 
-9.48149 1.74300 
-9.48721 1.74400 
-9.49294 1.74500 
-9.49867 1.74600 
-9.50439 1.74700 
-9.51012 1.74800 
-9.51585 1.74900 
-9.52157 1.75000 
-9.52730 1.75100 
-9.53302 1.75200 
-9.53875 1.75300 
-9.54448 1.75400 
-9.55020 1.75500 
-9.55593 1.75600 
-9.56166 1.75700 
-9.56738 1.75800 
-9.57311 1.75900 
-9.57883 1.76000 
-9.58456 1.76100 
-9.59029 1.76200 
-9.59601 1.76300 
-9.60174 1.76400 
-9.60747 1.76500 
-9.61319 1.76600 
-9.61892 1.76700 
-9.62464 1.76800 
-9.63037 1.76900 
-9.63610 1.77000 
-9.64182 1.77100 
-9.64755 1.77200 
-9.65328 1.77300 
-9.65900 1.77400 
-9.66473 1.77500 
-9.67045 1.77600 
-9.67618 1.77700 
-9.68191 1.77800 
-9.68763 1.77900 
-9.69336 1.78000 
-9.69909 1.78100 
-9.70481 1.78200 
-9.71054 1.78300 
-9.71627 1.78400 
-9.72199 1.78500 
-9.72772 1.78600 
-9.73344 1.78700 
-9.73917 1.78800 
-9.74490 1.78900 
-9.75062 1.79000 
-9.75635 1.79100 
-9.76208 1.79200 
-9.76780 1.79300 
-9.77353 1.79400 
-9.77925 1.79500 
-9.78498 1.79600 
-9.79071 1.79700 
-9.79643 1.79800 
-9.80216 1.79900 
-9.80789 1.80000 
-9.81361 1.80100 
-9.81934 1.80200 
-9.82506 1.80300 
-9.83079 1.80400 
-9.83652 1.80500 
-9.84224 1.80600 
-9.84797 1.80700 
-9.85370 1.80800 
-9.85942 1.80900 
-9.86515 1.81000 
-9.87087 1.81100 
-9.87660 1.81200 
-9.88233 1.81300 
-9.88805 1.81400 
-9.89378 1.81500 
-9.89951 1.81600 
-9.90523 1.81700 
-9.91096 1.81800 
-9.91668 1.81900 
-9.92241 1.82000 
-9.92814 1.82100 
-9.93386 1.82200 
-9.93959 1.82300 
-9.94532 1.82400 
-9.95104 1.82500 
-9.95677 1.82600 
-9.96249 1.82700 
-9.96822 1.82800 
-9.97395 1.82900 
-9.97967 1.83000 
-9.98540 1.83100 
-9.99113 1.83200 
-9.99685 1.83300 
-10.00258 1.83400 
-10.00830 1.83500 
-10.01403 1.83600 
-10.01976 1.83700 
-10.02548 1.83800 
-10.03121 1.83900 
-10.03694 1.84000 
-10.04266 1.84100 
-10.04839 1.84200 
-10.05411 1.84300 
-10.05984 1.84400 
-10.06557 1.84500 
-10.07129 1.84600 
-10.07702 1.84700 
-10.08275 1.84800 
-10.08847 1.84900 
-10.09420 1.85000 
-10.09992 1.85100 
-10.10565 1.85200 
-10.11138 1.85300 
-10.11710 1.85400 
-10.12283 1.85500 
-10.12856 1.85600 
-10.13428 1.85700 
-10.14001 1.85800 
-10.14573 1.85900 
-10.15146 1.86000 
-10.15719 1.86100 
-10.16291 1.86200 
-10.16864 1.86300 
-10.17437 1.86400 
-10.18009 1.86500 
-10.18582 1.86600 
-10.19154 1.86700 
-10.19727 1.86800 
-10.20300 1.86900 
-10.20872 1.87000 
-10.21445 1.87100 
-10.22018 1.87200 
-10.22590 1.87300 
-10.23163 1.87400 
-10.23735 1.87500 
-10.24308 1.87600 
-10.24881 1.87700 
-10.25453 1.87800 
-10.26026 1.87900 
-10.26599 1.88000 
-10.27171 1.88100 
-10.27744 1.88200 
-10.28316 1.88300 
-10.28889 1.88400 
-10.29462 1.88500 
-10.30034 1.88600 
-10.30607 1.88700 
-10.31180 1.88800 
-10.31752 1.88900 
-10.32325 1.89000 
-10.32897 1.89100 
-10.33470 1.89200 
-10.34043 1.89300 
-10.34615 1.89400 
-10.35188 1.89500 
-10.35761 1.89600 
-10.36333 1.89700 
-10.36906 1.89800 
-10.37478 1.89900 
-10.38051 1.90000 
-10.38624 1.90100 
-10.39196 1.90200 
-10.39769 1.90300 
-10.40342 1.90400 
-10.40914 1.90500 
-10.41487 1.90600 
-10.42059 1.90700 
-10.42632 1.90800 
-10.43205 1.90900 
-10.43777 1.91000 
-10.44350 1.91100 
-10.44923 1.91200 
-10.45495 1.91300 
-10.46068 1.91400 
-10.46640 1.91500 
-10.47213 1.91600 
-10.47786 1.91700 
-10.48358 1.91800 
-10.48931 1.91900 
-10.49504 1.92000 
-10.50076 1.92100 
-10.50649 1.92200 
-10.51221 1.92300 
-10.51794 1.92400 
-10.52367 1.92500 
-10.52939 1.92600 
-10.53512 1.92700 
-10.54085 1.92800 
-10.54657 1.92900 
-10.55230 1.93000 
-10.55802 1.93100 
-10.56375 1.93200 
-10.56948 1.93300 
-10.57520 1.93400 
-10.58093 1.93500 
-10.58666 1.93600 
-10.59238 1.93700 
-10.59811 1.93800 
-10.60383 1.93900 
-10.60956 1.94000 
-10.61529 1.94100 
-10.62101 1.94200 
-10.62674 1.94300 
-10.63247 1.94400 
-10.63819 1.94500 
-10.64392 1.94600 
-10.64964 1.94700 
-10.65537 1.94800 
-10.66110 1.94900 
-10.66682 1.95000 
-10.67255 1.95100 
-10.67828 1.95200 
-10.68400 1.95300 
-10.68973 1.95400 
-10.69545 1.95500 
-10.70118 1.95600 
-10.70691 1.95700 
-10.71263 1.95800 
-10.71836 1.95900 
-10.72409 1.96000 
-10.72981 1.96100 
-10.73554 1.96200 
-10.74126 1.96300 
-10.74699 1.96400 
-10.75272 1.96500 
-10.75844 1.96600 
-10.76417 1.96700 
-10.76990 1.96800 
-10.77562 1.96900 
-10.78135 1.97000 
-10.78707 1.97100 
-10.79280 1.97200 
-10.79853 1.97300 
-10.80425 1.97400 
-10.80998 1.97500 
-10.81571 1.97600 
-10.82143 1.97700 
-10.82716 1.97800 
-10.83288 1.97900 
-10.83861 1.98000 
-10.84434 1.98100 
-10.85006 1.98200 
-10.85579 1.98300 
-10.86152 1.98400 
-10.86724 1.98500 
-10.87297 1.98600 
-10.87869 1.98700 
-10.88442 1.98800 
-10.89015 1.98900 
-10.89587 1.99000 
-10.90160 1.99100 
-10.90733 1.99200 
-10.91305 1.99300 
-10.91878 1.99400 
-10.92451 1.99500 
-10.93023 1.99600 
-10.93596 1.99700 
-10.94168 1.99800 
-10.94741 1.99900 
-10.95314 2.00000 
-10.95886 2.00100 
-10.96459 2.00200 
-10.97032 2.00300 
-10.97604 2.00400 
-10.98177 2.00500 
-10.98749 2.00600 
-10.99322 2.00700 
-10.99895 2.00800 
-11.00467 2.00900 
-11.01040 2.01000 
-11.01613 2.01100 
-11.02185 2.01200 
-11.02758 2.01300 
-11.03330 2.01400 
-11.03903 2.01500 
-11.04476 2.01600 
-11.05048 2.01700 
-11.05621 2.01800 
-11.06194 2.01900 
-11.06766 2.02000 
-11.07339 2.02100 
-11.07911 2.02200 
-11.08484 2.02300 
-11.09057 2.02400 
-11.09629 2.02500 
-11.10202 2.02600 
-11.10775 2.02700 
-11.11347 2.02800 
-11.11920 2.02900 
-11.12492 2.03000 
-11.13065 2.03100 
-11.13638 2.03200 
-11.14210 2.03300 
-11.14783 2.03400 
-11.15356 2.03500 
-11.15928 2.03600 
-11.16501 2.03700 
-11.17073 2.03800 
-11.17646 2.03900 
-11.18219 2.04000 
-11.18791 2.04100 
-11.19364 2.04200 
-11.19937 2.04300 
-11.20509 2.04400 
-11.21082 2.04500 
-11.21654 2.04600 
-11.22227 2.04700 
-11.22800 2.04800 
-11.23372 2.04900 
-11.23945 2.05000 
-11.24518 2.05100 
-11.25090 2.05200 
-11.25663 2.05300 
-11.26235 2.05400 
-11.26808 2.05500 
-11.27381 2.05600 
-11.27953 2.05700 
-11.28526 2.05800 
-11.29099 2.05900 
-11.29671 2.06000 
-11.30244 2.06100 
-11.30816 2.06200 
-11.31389 2.06300 
-11.31962 2.06400 
-11.32534 2.06500 
-11.33107 2.06600 
-11.33680 2.06700 
-11.34252 2.06800 
-11.34825 2.06900 
-11.35397 2.07000 
-11.35970 2.07100 
-11.36543 2.07200 
-11.37115 2.07300 
-11.37688 2.07400 
-11.38261 2.07500 
-11.38833 2.07600 
-11.39406 2.07700 
-11.39978 2.07800 
-11.40551 2.07900 
-11.41124 2.08000 
-11.41696 2.08100 
-11.42269 2.08200 
-11.42842 2.08300 
-11.43414 2.08400 
-11.43987 2.08500 
-11.44559 2.08600 
-11.45132 2.08700 
-11.45705 2.08800 
-11.46277 2.08900 
-11.46850 2.09000 
-11.47423 2.09100 
-11.47995 2.09200 
-11.48568 2.09300 
-11.49140 2.09400 
-11.49713 2.09500 
-11.50286 2.09600 
-11.50858 2.09700 
-11.51431 2.09800 
-11.52004 2.09900 
-11.52576 2.10000 
-11.53149 2.10100 
-11.53721 2.10200 
-11.54294 2.10300 
-11.54867 2.10400 
-11.55439 2.10500 
-11.56012 2.10600 
-11.56585 2.10700 
-11.57157 2.10800 
-11.57730 2.10900 
-11.58302 2.11000 
-11.58875 2.11100 
-11.59448 2.11200 
-11.60020 2.11300 
-11.60593 2.11400 
-11.61166 2.11500 
-11.61738 2.11600 
-11.62311 2.11700 
-11.62883 2.11800 
-11.63456 2.11900 
-11.64029 2.12000 
-11.64601 2.12100 
-11.65174 2.12200 
-11.65747 2.12300 
-11.66319 2.12400 
-11.66892 2.12500 
-11.67464 2.12600 
-11.68037 2.12700 
-11.68610 2.12800 
-11.69182 2.12900 
-11.69755 2.13000 
-11.70328 2.13100 
-11.70900 2.13200 
-11.71473 2.13300 
-11.72045 2.13400 
-11.72618 2.13500 
-11.73191 2.13600 
-11.73763 2.13700 
-11.74336 2.13800 
-11.74909 2.13900 
-11.75481 2.14000 
-11.76054 2.14100 
-11.76626 2.14200 
-11.77199 2.14300 
-11.77772 2.14400 
-11.78344 2.14500 
-11.78917 2.14600 
-11.79490 2.14700 
-11.80062 2.14800 
-11.80635 2.14900 
-11.81207 2.15000 
-11.81780 2.15100 
-11.82353 2.15200 
-11.82925 2.15300 
-11.83498 2.15400 
-11.84071 2.15500 
-11.84643 2.15600 
-11.85216 2.15700 
-11.85788 2.15800 
-11.86361 2.15900 
-11.86934 2.16000 
-11.87506 2.16100 
-11.88079 2.16200 
-11.88652 2.16300 
-11.89224 2.16400 
-11.89797 2.16500 
-11.90369 2.16600 
-11.90942 2.16700 
-11.91515 2.16800 
-11.92087 2.16900 
-11.92660 2.17000 
-11.93233 2.17100 
-11.93805 2.17200 
-11.94378 2.17300 
-11.94950 2.17400 
-11.95523 2.17500 
-11.96096 2.17600 
-11.96668 2.17700 
-11.97241 2.17800 
-11.97814 2.17900 
-11.98386 2.18000 
-11.98959 2.18100 
-11.99531 2.18200 
-12.00104 2.18300 
-12.00677 2.18400 
-12.01249 2.18500 
-12.01822 2.18600 
-12.02395 2.18700 
-12.02967 2.18800 
-12.03540 2.18900 
-12.04112 2.19000 
-12.04685 2.19100 
-12.05258 2.19200 
-12.05830 2.19300 
-12.06403 2.19400 
-12.06976 2.19500 
-12.07548 2.19600 
-12.08121 2.19700 
-12.08693 2.19800 
-12.09266 2.19900 
-12.09839 2.20000 
-12.10411 2.20100 
-12.10984 2.20200 
-12.11557 2.20300 
-12.12129 2.20400 
-12.12702 2.20500 
-12.13274 2.20600 
-12.13847 2.20700 
-12.14420 2.20800 
-12.14992 2.20900 
-12.15565 2.21000 
-12.16138 2.21100 
-12.16710 2.21200 
-12.17283 2.21300 
-12.17856 2.21400 
-12.18428 2.21500 
-12.19001 2.21600 
-12.19573 2.21700 
-12.20146 2.21800 
-12.20719 2.21900 
-12.21291 2.22000 
-12.21864 2.22100 
-12.22437 2.22200 
-12.23009 2.22300 
-12.23582 2.22400 
-12.24154 2.22500 
-12.24727 2.22600 
-12.25300 2.22700 
-12.25872 2.22800 
-12.26445 2.22900 
-12.27018 2.23000 
-12.27590 2.23100 
-12.28163 2.23200 
-12.28735 2.23300 
-12.29308 2.23400 
-12.29881 2.23500 
-12.30453 2.23600 
-12.31026 2.23700 
-12.31599 2.23800 
-12.32171 2.23900 
-12.32744 2.24000 
-12.33316 2.24100 
-12.33889 2.24200 
-12.34462 2.24300 
-12.35034 2.24400 
-12.35607 2.24500 
-12.36180 2.24600 
-12.36752 2.24700 
-12.37325 2.24800 
-12.37897 2.24900 
-12.38470 2.25000 
-12.39043 2.25100 
-12.39615 2.25200 
-12.40188 2.25300 
-12.40761 2.25400 
-12.41333 2.25500 
-12.41906 2.25600 
-12.42478 2.25700 
-12.43051 2.25800 
-12.43624 2.25900 
-12.44196 2.26000 
-12.44769 2.26100 
-12.45342 2.26200 
-12.45914 2.26300 
-12.46487 2.26400 
-12.47059 2.26500 
-12.47632 2.26600 
-12.48205 2.26700 
-12.48777 2.26800 
-12.49350 2.26900 
-12.49923 2.27000 
-12.50495 2.27100 
-12.51068 2.27200 
-12.51640 2.27300 
-12.52213 2.27400 
-12.52786 2.27500 
-12.53358 2.27600 
-12.53931 2.27700 
-12.54504 2.27800 
-12.55076 2.27900 
-12.55649 2.28000 
-12.56221 2.28100 
-12.56794 2.28200 
-12.57367 2.28300 
-12.57939 2.28400 
-12.58512 2.28500 
-12.59085 2.28600 
-12.59657 2.28700 
-12.60230 2.28800 
-12.60802 2.28900 
-12.61375 2.29000 
-12.61948 2.29100 
-12.62520 2.29200 
-12.63093 2.29300 
-12.63666 2.29400 
-12.64238 2.29500 
-12.64811 2.29600 
-12.65383 2.29700 
-12.65956 2.29800 
-12.66529 2.29900 
-12.67101 2.30000 
-12.67674 2.30100 
-12.68247 2.30200 
-12.68819 2.30300 
-12.69392 2.30400 
-12.69964 2.30500 
-12.70537 2.30600 
-12.71110 2.30700 
-12.71682 2.30800 
-12.72255 2.30900 
-12.72828 2.31000 
-12.73400 2.31100 
-12.73973 2.31200 
-12.74545 2.31300 
-12.75118 2.31400 
-12.75691 2.31500 
-12.76263 2.31600 
-12.76836 2.31700 
-12.77409 2.31800 
-12.77981 2.31900 
-12.78554 2.32000 
-12.79126 2.32100 
-12.79699 2.32200 
-12.80272 2.32300 
-12.80844 2.32400 
-12.81417 2.32500 
-12.81990 2.32600 
-12.82562 2.32700 
-12.83135 2.32800 
-12.83707 2.32900 
-12.84280 2.33000 
-12.84853 2.33100 
-12.85425 2.33200 
-12.85998 2.33300 
-12.86571 2.33400 
-12.87143 2.33500 
-12.87716 2.33600 
-12.88288 2.33700 
-12.88861 2.33800 
-12.89434 2.33900 
-12.90006 2.34000 
-12.90579 2.34100 
-12.91152 2.34200 
-12.91724 2.34300 
-12.92297 2.34400 
-12.92869 2.34500 
-12.93442 2.34600 
-12.94015 2.34700 
-12.94587 2.34800 
-12.95160 2.34900 
-12.95733 2.35000 
-12.96305 2.35100 
-12.96878 2.35200 
-12.97450 2.35300 
-12.98023 2.35400 
-12.98596 2.35500 
-12.99168 2.35600 
-12.99741 2.35700 
-13.00314 2.35800 
-13.00886 2.35900 
-13.01459 2.36000 
-13.02031 2.36100 
-13.02604 2.36200 
-13.03177 2.36300 
-13.03749 2.36400 
-13.04322 2.36500 
-13.04895 2.36600 
-13.05467 2.36700 
-13.06040 2.36800 
-13.06612 2.36900 
-13.07185 2.37000 
-13.07758 2.37100 
-13.08330 2.37200 
-13.08903 2.37300 
-13.09476 2.37400 
-13.10048 2.37500 
-13.10621 2.37600 
-13.11193 2.37700 
-13.11766 2.37800 
-13.12339 2.37900 
-13.12911 2.38000 
-13.13484 2.38100 
-13.14057 2.38200 
-13.14629 2.38300 
-13.15202 2.38400 
-13.15774 2.38500 
-13.16347 2.38600 
-13.16920 2.38700 
-13.17492 2.38800 
-13.18065 2.38900 
-13.18638 2.39000 
-13.19210 2.39100 
-13.19783 2.39200 
-13.20355 2.39300 
-13.20928 2.39400 
-13.21501 2.39500 
-13.22073 2.39600 
-13.22646 2.39700 
-13.23219 2.39800 
-13.23791 2.39900 
-13.24364 2.40000 
-13.24936 2.40100 
-13.25509 2.40200 
-13.26082 2.40300 
-13.26654 2.40400 
-13.27227 2.40500 
-13.27800 2.40600 
-13.28372 2.40700 
-13.28945 2.40800 
-13.29517 2.40900 
-13.30090 2.41000 
-13.30663 2.41100 
-13.31235 2.41200 
-13.31808 2.41300 
-13.32381 2.41400 
-13.32953 2.41500 
-13.33526 2.41600 
-13.34098 2.41700 
-13.34671 2.41800 
-13.35244 2.41900 
-13.35816 2.42000 
-13.36389 2.42100 
-13.36962 2.42200 
-13.37534 2.42300 
-13.38107 2.42400 
-13.38680 2.42500 
-13.39252 2.42600 
-13.39825 2.42700 
-13.40397 2.42800 
-13.40970 2.42900 
-13.41543 2.43000 
-13.42115 2.43100 
-13.42688 2.43200 
-13.43261 2.43300 
-13.43833 2.43400 
-13.44406 2.43500 
-13.44978 2.43600 
-13.45551 2.43700 
-13.46124 2.43800 
-13.46696 2.43900 
-13.47269 2.44000 
-13.47842 2.44100 
-13.48414 2.44200 
-13.48987 2.44300 
-13.49559 2.44400 
-13.50132 2.44500 
-13.50705 2.44600 
-13.51277 2.44700 
-13.51850 2.44800 
-13.52423 2.44900 
-13.52995 2.45000 
-13.53568 2.45100 
-13.54140 2.45200 
-13.54713 2.45300 
-13.55286 2.45400 
-13.55858 2.45500 
-13.56431 2.45600 
-13.57004 2.45700 
-13.57576 2.45800 
-13.58149 2.45900 
-13.58721 2.46000 
-13.59294 2.46100 
-13.59867 2.46200 
-13.60439 2.46300 
-13.61012 2.46400 
-13.61585 2.46500 
-13.62157 2.46600 
-13.62730 2.46700 
-13.63302 2.46800 
-13.63875 2.46900 
-13.64448 2.47000 
-13.65020 2.47100 
-13.65593 2.47200 
-13.66166 2.47300 
-13.66738 2.47400 
-13.67311 2.47500 
-13.67883 2.47600 
-13.68456 2.47700 
-13.69029 2.47800 
-13.69601 2.47900 
-13.70174 2.48000 
-13.70747 2.48100 
-13.71319 2.48200 
-13.71892 2.48300 
-13.72464 2.48400 
-13.73037 2.48500 
-13.73610 2.48600 
-13.74182 2.48700 
-13.74755 2.48800 
-13.75328 2.48900 
-13.75900 2.49000 
-13.76473 2.49100 
-13.77045 2.49200 
-13.77618 2.49300 
-13.78191 2.49400 
-13.78763 2.49500 
-13.79336 2.49600 
-13.79909 2.49700 
-13.80481 2.49800 
-13.81054 2.49900 
-13.81626 2.50000 
-13.82199 2.50100 
-13.82772 2.50200 
-13.83344 2.50300 
-13.83917 2.50400 
-13.84490 2.50500 
-13.85062 2.50600 
-13.85635 2.50700 
-13.86207 2.50800 
-13.86780 2.50900 
-13.87353 2.51000 
-13.87925 2.51100 
-13.88498 2.51200 
-13.89071 2.51300 
-13.89643 2.51400 
-13.90216 2.51500 
-13.90788 2.51600 
-13.91361 2.51700 
-13.91934 2.51800 
-13.92506 2.51900 
-13.93079 2.52000 
-13.93652 2.52100 
-13.94224 2.52200 
-13.94797 2.52300 
-13.95369 2.52400 
-13.95942 2.52500 
-13.96515 2.52600 
-13.97087 2.52700 
-13.97660 2.52800 
-13.98233 2.52900 
-13.98805 2.53000 
-13.99378 2.53100 
-13.99950 2.53200 
-14.00523 2.53300 
-14.01096 2.53400 
-14.01668 2.53500 
-14.02241 2.53600 
-14.02814 2.53700 
-14.03386 2.53800 
-14.03959 2.53900 
-14.04531 2.54000 
-14.05104 2.54100 
-14.05677 2.54200 
-14.06249 2.54300 
-14.06822 2.54400 
-14.07395 2.54500 
-14.07967 2.54600 
-14.08540 2.54700 
-14.09112 2.54800 
-14.09685 2.54900 
-14.10258 2.55000 
-14.10830 2.55100 
-14.11403 2.55200 
-14.11976 2.55300 
-14.12548 2.55400 
-14.13121 2.55500 
-14.13693 2.55600 
-14.14266 2.55700 
-14.14839 2.55800 
-14.15411 2.55900 
-14.15984 2.56000 
-14.16557 2.56100 
-14.17129 2.56200 
-14.17702 2.56300 
-14.18274 2.56400 
-14.18847 2.56500 
-14.19420 2.56600 
-14.19992 2.56700 
-14.20565 2.56800 
-14.21138 2.56900 
-14.21710 2.57000 
-14.22283 2.57100 
-14.22855 2.57200 
-14.23428 2.57300 
-14.24001 2.57400 
-14.24573 2.57500 
-14.25146 2.57600 
-14.25719 2.57700 
-14.26291 2.57800 
-14.26864 2.57900 
-14.27436 2.58000 
-14.28009 2.58100 
-14.28582 2.58200 
-14.29154 2.58300 
-14.29727 2.58400 
-14.30300 2.58500 
-14.30872 2.58600 
-14.31445 2.58700 
-14.32017 2.58800 
-14.32590 2.58900 
-14.33163 2.59000 
-14.33735 2.59100 
-14.34308 2.59200 
-14.34881 2.59300 
-14.35453 2.59400 
-14.36026 2.59500 
-14.36598 2.59600 
-14.37171 2.59700 
-14.37744 2.59800 
-14.38316 2.59900 
-14.38889 2.60000 
-14.39462 2.60100 
-14.40034 2.60200 
-14.40607 2.60300 
-14.41179 2.60400 
-14.41752 2.60500 
-14.42325 2.60600 
-14.42897 2.60700 
-14.43470 2.60800 
-14.44043 2.60900 
-14.44615 2.61000 
-14.45188 2.61100 
-14.45760 2.61200 
-14.46333 2.61300 
-14.46906 2.61400 
-14.47478 2.61500 
-14.48051 2.61600 
-14.48624 2.61700 
-14.49196 2.61800 
-14.49769 2.61900 
-14.50341 2.62000 
-14.50914 2.62100 
-14.51487 2.62200 
-14.52059 2.62300 
-14.52632 2.62400 
-14.53205 2.62500 
-14.53777 2.62600 
-14.54350 2.62700 
-14.54922 2.62800 
-14.55495 2.62900 
-14.56068 2.63000 
-14.56640 2.63100 
-14.57213 2.63200 
-14.57786 2.63300 
-14.58358 2.63400 
-14.58931 2.63500 
-14.59503 2.63600 
-14.60076 2.63700 
-14.60649 2.63800 
-14.61221 2.63900 
-14.61794 2.64000 
-14.62367 2.64100 
-14.62939 2.64200 
-14.63512 2.64300 
-14.64085 2.64400 
-14.64657 2.64500 
-14.65230 2.64600 
-14.65802 2.64700 
-14.66375 2.64800 
-14.66948 2.64900 
-14.67520 2.65000 
-14.68093 2.65100 
-14.68666 2.65200 
-14.69238 2.65300 
-14.69811 2.65400 
-14.70383 2.65500 
-14.70956 2.65600 
-14.71529 2.65700 
-14.72101 2.65800 
-14.72674 2.65900 
-14.73247 2.66000 
-14.73819 2.66100 
-14.74392 2.66200 
-14.74964 2.66300 
-14.75537 2.66400 
-14.76110 2.66500 
-14.76682 2.66600 
-14.77255 2.66700 
-14.77828 2.66800 
-14.78400 2.66900 
-14.78973 2.67000 
-14.79545 2.67100 
-14.80118 2.67200 
-14.80691 2.67300 
-14.81263 2.67400 
-14.81836 2.67500 
-14.82409 2.67600 
-14.82981 2.67700 
-14.83554 2.67800 
-14.84126 2.67900 
-14.84699 2.68000 
-14.85272 2.68100 
-14.85844 2.68200 
-14.86417 2.68300 
-14.86990 2.68400 
-14.87562 2.68500 
-14.88135 2.68600 
-14.88707 2.68700 
-14.89280 2.68800 
-14.89853 2.68900 
-14.90425 2.69000 
-14.90998 2.69100 
-14.91571 2.69200 
-14.92143 2.69300 
-14.92716 2.69400 
-14.93288 2.69500 
-14.93861 2.69600 
-14.94434 2.69700 
-14.95006 2.69800 
-14.95579 2.69900 
-14.96152 2.70000 
-14.96724 2.70100 
-14.97297 2.70200 
-14.97869 2.70300 
-14.98442 2.70400 
-14.99015 2.70500 
-14.99587 2.70600 
-15.00160 2.70700 
-15.00733 2.70800 
-15.01305 2.70900 
-15.01878 2.71000 
-15.02450 2.71100 
-15.03023 2.71200 
-15.03596 2.71300 
-15.04168 2.71400 
-15.04741 2.71500 
-15.05314 2.71600 
-15.05886 2.71700 
-15.06459 2.71800 
-15.07031 2.71900 
-15.07604 2.72000 
-15.08177 2.72100 
-15.08749 2.72200 
-15.09322 2.72300 
-15.09895 2.72400 
-15.10467 2.72500 
-15.11040 2.72600 
-15.11612 2.72700 
-15.12185 2.72800 
-15.12758 2.72900 
-15.13330 2.73000 
-15.13903 2.73100 
-15.14476 2.73200 
-15.15048 2.73300 
-15.15621 2.73400 
-15.16193 2.73500 
-15.16766 2.73600 
-15.17339 2.73700 
-15.17911 2.73800 
-15.18484 2.73900 
-15.19057 2.74000 
-15.19629 2.74100 
-15.20202 2.74200 
-15.20774 2.74300 
-15.21347 2.74400 
-15.21920 2.74500 
-15.22492 2.74600 
-15.23065 2.74700 
-15.23638 2.74800 
-15.24210 2.74900 
-15.24783 2.75000 
-15.25355 2.75100 
-15.25928 2.75200 
-15.26501 2.75300 
-15.27073 2.75400 
-15.27646 2.75500 
-15.28219 2.75600 
-15.28791 2.75700 
-15.29364 2.75800 
-15.29936 2.75900 
-15.30509 2.76000 
-15.31082 2.76100 
-15.31654 2.76200 
-15.32227 2.76300 
-15.32800 2.76400 
-15.33372 2.76500 
-15.33945 2.76600 
-15.34517 2.76700 
-15.35090 2.76800 
-15.35663 2.76900 
-15.36235 2.77000 
-15.36808 2.77100 
-15.37381 2.77200 
-15.37953 2.77300 
-15.38526 2.77400 
-15.39098 2.77500 
-15.39671 2.77600 
-15.40244 2.77700 
-15.40816 2.77800 
-15.41389 2.77900 
-15.41962 2.78000 
-15.42534 2.78100 
-15.43107 2.78200 
-15.43679 2.78300 
-15.44252 2.78400 
-15.44825 2.78500 
-15.45397 2.78600 
-15.45970 2.78700 
-15.46543 2.78800 
-15.47115 2.78900 
-15.47688 2.79000 
-15.48260 2.79100 
-15.48833 2.79200 
-15.49406 2.79300 
-15.49978 2.79400 
-15.50551 2.79500 
-15.51124 2.79600 
-15.51696 2.79700 
-15.52269 2.79800 
-15.52841 2.79900 
-15.53414 2.80000 
-15.53987 2.80100 
-15.54559 2.80200 
-15.55132 2.80300 
-15.55705 2.80400 
-15.56277 2.80500 
-15.56850 2.80600 
-15.57422 2.80700 
-15.57995 2.80800 
-15.58568 2.80900 
-15.59140 2.81000 
-15.59713 2.81100 
-15.60286 2.81200 
-15.60858 2.81300 
-15.61431 2.81400 
-15.62003 2.81500 
-15.62576 2.81600 
-15.63149 2.81700 
-15.63721 2.81800 
-15.64294 2.81900 
-15.64867 2.82000 
-15.65439 2.82100 
-15.66012 2.82200 
-15.66584 2.82300 
-15.67157 2.82400 
-15.67730 2.82500 
-15.68302 2.82600 
-15.68875 2.82700 
-15.69448 2.82800 
-15.70020 2.82900 
-15.70593 2.83000 
-15.71165 2.83100 
-15.71738 2.83200 
-15.72311 2.83300 
-15.72883 2.83400 
-15.73456 2.83500 
-15.74029 2.83600 
-15.74601 2.83700 
-15.75174 2.83800 
-15.75746 2.83900 
-15.76319 2.84000 
-15.76892 2.84100 
-15.77464 2.84200 
-15.78037 2.84300 
-15.78610 2.84400 
-15.79182 2.84500 
-15.79755 2.84600 
-15.80327 2.84700 
-15.80900 2.84800 
-15.81473 2.84900 
-15.82045 2.85000 
-15.82618 2.85100 
-15.83191 2.85200 
-15.83763 2.85300 
-15.84336 2.85400 
-15.84908 2.85500 
-15.85481 2.85600 
-15.86054 2.85700 
-15.86626 2.85800 
-15.87199 2.85900 
-15.87772 2.86000 
-15.88344 2.86100 
-15.88917 2.86200 
-15.89490 2.86300 
-15.90062 2.86400 
-15.90635 2.86500 
-15.91207 2.86600 
-15.91780 2.86700 
-15.92353 2.86800 
-15.92925 2.86900 
-15.93498 2.87000 
-15.94071 2.87100 
-15.94643 2.87200 
-15.95216 2.87300 
-15.95788 2.87400 
-15.96361 2.87500 
-15.96934 2.87600 
-15.97506 2.87700 
-15.98079 2.87800 
-15.98652 2.87900 
-15.99224 2.88000 
-15.99797 2.88100 
-16.00369 2.88200 
-16.00942 2.88300 
-16.01515 2.88400 
-16.02087 2.88500 
-16.02660 2.88600 
-16.03233 2.88700 
-16.03805 2.88800 
-16.04378 2.88900 
-16.04950 2.89000 
-16.05523 2.89100 
-16.06096 2.89200 
-16.06668 2.89300 
-16.07241 2.89400 
-16.07814 2.89500 
-16.08386 2.89600 
-16.08959 2.89700 
-16.09531 2.89800 
-16.10104 2.89900 
-16.10677 2.90000 
-16.11249 2.90100 
-16.11822 2.90200 
-16.12395 2.90300 
-16.12967 2.90400 
-16.13540 2.90500 
-16.14112 2.90600 
-16.14685 2.90700 
-16.15258 2.90800 
-16.15830 2.90900 
-16.16403 2.91000 
-16.16976 2.91100 
-16.17548 2.91200 
-16.18121 2.91300 
-16.18693 2.91400 
-16.19266 2.91500 
-16.19839 2.91600 
-16.20411 2.91700 
-16.20984 2.91800 
-16.21557 2.91900 
-16.22129 2.92000 
-16.22702 2.92100 
-16.23274 2.92200 
-16.23847 2.92300 
-16.24420 2.92400 
-16.24992 2.92500 
-16.25565 2.92600 
-16.26138 2.92700 
-16.26710 2.92800 
-16.27283 2.92900 
-16.27855 2.93000 
-16.28428 2.93100 
-16.29001 2.93200 
-16.29573 2.93300 
-16.30146 2.93400 
-16.30719 2.93500 
-16.31291 2.93600 
-16.31864 2.93700 
-16.32436 2.93800 
-16.33009 2.93900 
-16.33582 2.94000 
-16.34154 2.94100 
-16.34727 2.94200 
-16.35300 2.94300 
-16.35872 2.94400 
-16.36445 2.94500 
-16.37017 2.94600 
-16.37590 2.94700 
-16.38163 2.94800 
-16.38735 2.94900 
-16.39308 2.95000 
-16.39881 2.95100 
-16.40453 2.95200 
-16.41026 2.95300 
-16.41598 2.95400 
-16.42171 2.95500 
-16.42744 2.95600 
-16.43316 2.95700 
-16.43889 2.95800 
-16.44462 2.95900 
-16.45034 2.96000 
-16.45607 2.96100 
-16.46179 2.96200 
-16.46752 2.96300 
-16.47325 2.96400 
-16.47897 2.96500 
-16.48470 2.96600 
-16.49043 2.96700 
-16.49615 2.96800 
-16.50188 2.96900 
-16.50760 2.97000 
-16.51333 2.97100 
-16.51906 2.97200 
-16.52478 2.97300 
-16.53051 2.97400 
-16.53624 2.97500 
-16.54196 2.97600 
-16.54769 2.97700 
-16.55341 2.97800 
-16.55914 2.97900 
-16.56487 2.98000 
-16.57059 2.98100 
-16.57632 2.98200 
-16.58205 2.98300 
-16.58777 2.98400 
-16.59350 2.98500 
-16.59922 2.98600 
-16.60495 2.98700 
-16.61068 2.98800 
-16.61640 2.98900 
-16.62213 2.99000 
-16.62786 2.99100 
-16.63358 2.99200 
-16.63931 2.99300 
-16.64503 2.99400 
-16.65076 2.99500 
-16.65649 2.99600 
-16.66221 2.99700 
-16.66794 2.99800 
-16.67367 2.99900 
-16.67939 3.00000 
-16.68512 3.00100 
-16.69084 3.00200 
-16.69657 3.00300 
-16.70230 3.00400 
-16.70802 3.00500 
-16.71375 3.00600 
-16.71948 3.00700 
-16.72520 3.00800 
-16.73093 3.00900 
-16.73665 3.01000 
-16.74238 3.01100 
-16.74811 3.01200 
-16.75383 3.01300 
-16.75956 3.01400 
-16.76529 3.01500 
-16.77101 3.01600 
-16.77674 3.01700 
-16.78246 3.01800 
-16.78819 3.01900 
-16.79392 3.02000 
-16.79964 3.02100 
-16.80537 3.02200 
-16.81110 3.02300 
-16.81682 3.02400 
-16.82255 3.02500 
-16.82827 3.02600 
-16.83400 3.02700 
-16.83973 3.02800 
-16.84545 3.02900 
-16.85118 3.03000 
-16.85691 3.03100 
-16.86263 3.03200 
-16.86836 3.03300 
-16.87408 3.03400 
-16.87981 3.03500 
-16.88554 3.03600 
-16.89126 3.03700 
-16.89699 3.03800 
-16.90272 3.03900 
-16.90844 3.04000 
-16.91417 3.04100 
-16.91989 3.04200 
-16.92562 3.04300 
-16.93135 3.04400 
-16.93707 3.04500 
-16.94280 3.04600 
-16.94853 3.04700 
-16.95425 3.04800 
-16.95998 3.04900 
-16.96570 3.05000 
-16.97143 3.05100 
-16.97716 3.05200 
-16.98288 3.05300 
-16.98861 3.05400 
-16.99434 3.05500 
-17.00006 3.05600 
-17.00579 3.05700 
-17.01151 3.05800 
-17.01724 3.05900 
-17.02297 3.06000 
-17.02869 3.06100 
-17.03442 3.06200 
-17.04015 3.06300 
-17.04587 3.06400 
-17.05160 3.06500 
-17.05732 3.06600 
-17.06305 3.06700 
-17.06878 3.06800 
-17.07450 3.06900 
-17.08023 3.07000 
-17.08596 3.07100 
-17.09168 3.07200 
-17.09741 3.07300 
-17.10314 3.07400 
-17.10886 3.07500 
-17.11459 3.07600 
-17.12031 3.07700 
-17.12604 3.07800 
-17.13177 3.07900 
-17.13749 3.08000 
-17.14322 3.08100 
-17.14895 3.08200 
-17.15467 3.08300 
-17.16040 3.08400 
-17.16612 3.08500 
-17.17185 3.08600 
-17.17758 3.08700 
-17.18330 3.08800 
-17.18903 3.08900 
-17.19476 3.09000 
-17.20048 3.09100 
-17.20621 3.09200 
-17.21193 3.09300 
-17.21766 3.09400 
-17.22339 3.09500 
-17.22911 3.09600 
-17.23484 3.09700 
-17.24057 3.09800 
-17.24629 3.09900 
-17.25202 3.10000 
-17.25774 3.10100 
-17.26347 3.10200 
-17.26920 3.10300 
-17.27492 3.10400 
-17.28065 3.10500 
-17.28638 3.10600 
-17.29210 3.10700 
-17.29783 3.10800 
-17.30355 3.10900 
-17.30928 3.11000 
-17.31501 3.11100 
-17.32073 3.11200 
-17.32646 3.11300 
-17.33219 3.11400 
-17.33791 3.11500 
-17.34364 3.11600 
-17.34936 3.11700 
-17.35509 3.11800 
-17.36082 3.11900 
-17.36654 3.12000 
-17.37227 3.12100 
-17.37800 3.12200 
-17.38372 3.12300 
-17.38945 3.12400 
-17.39517 3.12500 
-17.40090 3.12600 
-17.40663 3.12700 
-17.41235 3.12800 
-17.41808 3.12900 
-17.42381 3.13000 
-17.42953 3.13100 
-17.43526 3.13200 
-17.44098 3.13300 
-17.44671 3.13400 
-17.45244 3.13500 
-17.45816 3.13600 
-17.46389 3.13700 
-17.46962 3.13800 
-17.47534 3.13900 
-17.48107 3.14000 
-17.48679 3.14100 
-17.49252 3.14200 
-17.49825 3.14300 
-17.50397 3.14400 
-17.50970 3.14500 
-17.51543 3.14600 
-17.52115 3.14700 
-17.52688 3.14800 
-17.53260 3.14900 
-17.53833 3.15000 
-17.54406 3.15100 
-17.54978 3.15200 
-17.55551 3.15300 
-17.56124 3.15400 
-17.56696 3.15500 
-17.57269 3.15600 
-17.57841 3.15700 
-17.58414 3.15800 
-17.58987 3.15900 
-17.59559 3.16000 
-17.60132 3.16100 
-17.60705 3.16200 
-17.61277 3.16300 
-17.61850 3.16400 
-17.62422 3.16500 
-17.62995 3.16600 
-17.63568 3.16700 
-17.64140 3.16800 
-17.64713 3.16900 
-17.65286 3.17000 
-17.65858 3.17100 
-17.66431 3.17200 
-17.67003 3.17300 
-17.67576 3.17400 
-17.68149 3.17500 
-17.68721 3.17600 
-17.69294 3.17700 
-17.69867 3.17800 
-17.70439 3.17900 
-17.71012 3.18000 
-17.71584 3.18100 
-17.72157 3.18200 
-17.72730 3.18300 
-17.73302 3.18400 
-17.73875 3.18500 
-17.74448 3.18600 
-17.75020 3.18700 
-17.75593 3.18800 
-17.76165 3.18900 
-17.76738 3.19000 
-17.77311 3.19100 
-17.77883 3.19200 
-17.78456 3.19300 
-17.79029 3.19400 
-17.79601 3.19500 
-17.80174 3.19600 
-17.80746 3.19700 
-17.81319 3.19800 
-17.81892 3.19900 
-17.82464 3.20000 
-17.83037 3.20100 
-17.83610 3.20200 
-17.84182 3.20300 
-17.84755 3.20400 
-17.85327 3.20500 
-17.85900 3.20600 
-17.86473 3.20700 
-17.87045 3.20800 
-17.87618 3.20900 
-17.88191 3.21000 
-17.88763 3.21100 
-17.89336 3.21200 
-17.89908 3.21300 
-17.90481 3.21400 
-17.91054 3.21500 
-17.91626 3.21600 
-17.92199 3.21700 
-17.92772 3.21800 
-17.93344 3.21900 
-17.93917 3.22000 
-17.94489 3.22100 
-17.95062 3.22200 
-17.95635 3.22300 
-17.96207 3.22400 
-17.96780 3.22500 
-17.97353 3.22600 
-17.97925 3.22700 
-17.98498 3.22800 
-17.99070 3.22900 
-17.99643 3.23000 
-18.00216 3.23100 
-18.00788 3.23200 
-18.01361 3.23300 
-18.01934 3.23400 
-18.02506 3.23500 
-18.03079 3.23600 
-18.03651 3.23700 
-18.04224 3.23800 
-18.04797 3.23900 
-18.05369 3.24000 
-18.05942 3.24100 
-18.06515 3.24200 
-18.07087 3.24300 
-18.07660 3.24400 
-18.08232 3.24500 
-18.08805 3.24600 
-18.09378 3.24700 
-18.09950 3.24800 
-18.10523 3.24900 
-18.11096 3.25000 
-18.11668 3.25100 
-18.12241 3.25200 
-18.12813 3.25300 
-18.13386 3.25400 
-18.13959 3.25500 
-18.14531 3.25600 
-18.15104 3.25700 
-18.15677 3.25800 
-18.16249 3.25900 
-18.16822 3.26000 
-18.17394 3.26100 
-18.17967 3.26200 
-18.18540 3.26300 
-18.19112 3.26400 
-18.19685 3.26500 
-18.20258 3.26600 
-18.20830 3.26700 
-18.21403 3.26800 
-18.21975 3.26900 
-18.22548 3.27000 
-18.23121 3.27100 
-18.23693 3.27200 
-18.24266 3.27300 
-18.24839 3.27400 
-18.25411 3.27500 
-18.25984 3.27600 
-18.26556 3.27700 
-18.27129 3.27800 
-18.27702 3.27900 
-18.28274 3.28000 
-18.28847 3.28100 
-18.29420 3.28200 
-18.29992 3.28300 
-18.30565 3.28400 
-18.31137 3.28500 
-18.31710 3.28600 
-18.32283 3.28700 
-18.32855 3.28800 
-18.33428 3.28900 
-18.34001 3.29000 
-18.34573 3.29100 
-18.35146 3.29200 
-18.35719 3.29300 
-18.36291 3.29400 
-18.36864 3.29500 
-18.37436 3.29600 
-18.38009 3.29700 
-18.38582 3.29800 
-18.39154 3.29900 
-18.39727 3.30000 
-18.40300 3.30100 
-18.40872 3.30200 
-18.41445 3.30300 
-18.42017 3.30400 
-18.42590 3.30500 
-18.43163 3.30600 
-18.43735 3.30700 
-18.44308 3.30800 
-18.44881 3.30900 
-18.45453 3.31000 
-18.46026 3.31100 
-18.46598 3.31200 
-18.47171 3.31300 
-18.47744 3.31400 
-18.48316 3.31500 
-18.48889 3.31600 
-18.49462 3.31700 
-18.50034 3.31800 
-18.50607 3.31900 
-18.51179 3.32000 
-18.51752 3.32100 
-18.52325 3.32200 
-18.52897 3.32300 
-18.53470 3.32400 
-18.54043 3.32500 
-18.54615 3.32600 
-18.55188 3.32700 
-18.55760 3.32800 
-18.56333 3.32900 
-18.56906 3.33000 
-18.57478 3.33100 
-18.58051 3.33200 
-18.58624 3.33300 
-18.59196 3.33400 
-18.59769 3.33500 
-18.60341 3.33600 
-18.60914 3.33700 
-18.61487 3.33800 
-18.62059 3.33900 
-18.62632 3.34000 
-18.63205 3.34100 
-18.63777 3.34200 
-18.64350 3.34300 
-18.64922 3.34400 
-18.65495 3.34500 
-18.66068 3.34600 
-18.66640 3.34700 
-18.67213 3.34800 
-18.67786 3.34900 
-18.68358 3.35000 
-18.68931 3.35100 
-18.69503 3.35200 
-18.70076 3.35300 
-18.70649 3.35400 
-18.71221 3.35500 
-18.71794 3.35600 
-18.72367 3.35700 
-18.72939 3.35800 
-18.73512 3.35900 
-18.74084 3.36000 
-18.74657 3.36100 
-18.75230 3.36200 
-18.75802 3.36300 
-18.76375 3.36400 
-18.76948 3.36500 
-18.77520 3.36600 
-18.78093 3.36700 
-18.78665 3.36800 
-18.79238 3.36900 
-18.79811 3.37000 
-18.80383 3.37100 
-18.80956 3.37200 
-18.81529 3.37300 
-18.82101 3.37400 
-18.82674 3.37500 
-18.83246 3.37600 
-18.83819 3.37700 
-18.84392 3.37800 
-18.84964 3.37900 
-18.85537 3.38000 
-18.86110 3.38100 
-18.86682 3.38200 
-18.87255 3.38300 
-18.87827 3.38400 
-18.88400 3.38500 
-18.88973 3.38600 
-18.89545 3.38700 
-18.90118 3.38800 
-18.90691 3.38900 
-18.91263 3.39000 
-18.91836 3.39100 
-18.92408 3.39200 
-18.92981 3.39300 
-18.93554 3.39400 
-18.94126 3.39500 
-18.94699 3.39600 
-18.95272 3.39700 
-18.95844 3.39800 
-18.96417 3.39900 
-18.96989 3.40000 
-18.97562 3.40100 
-18.98135 3.40200 
-18.98707 3.40300 
-18.99280 3.40400 
-18.99853 3.40500 
-19.00425 3.40600 
-19.00998 3.40700 
-19.01570 3.40800 
-19.02143 3.40900 
-19.02716 3.41000 
-19.03288 3.41100 
-19.03861 3.41200 
-19.04434 3.41300 
-19.05006 3.41400 
-19.05579 3.41500 
-19.06151 3.41600 
-19.06724 3.41700 
-19.07297 3.41800 
-19.07869 3.41900 
-19.08442 3.42000 
-19.09015 3.42100 
-19.09587 3.42200 
-19.10160 3.42300 
-19.10732 3.42400 
-19.11305 3.42500 
-19.11878 3.42600 
-19.12450 3.42700 
-19.13023 3.42800 
-19.13596 3.42900 
-19.14168 3.43000 
-19.14741 3.43100 
-19.15313 3.43200 
-19.15886 3.43300 
-19.16459 3.43400 
-19.17031 3.43500 
-19.17604 3.43600 
-19.18177 3.43700 
-19.18749 3.43800 
-19.19322 3.43900 
-19.19894 3.44000 
-19.20467 3.44100 
-19.21040 3.44200 
-19.21612 3.44300 
-19.22185 3.44400 
-19.22758 3.44500 
-19.23330 3.44600 
-19.23903 3.44700 
-19.24475 3.44800 
-19.25048 3.44900 
-19.25621 3.45000 
-19.26193 3.45100 
-19.26766 3.45200 
-19.27339 3.45300 
-19.27911 3.45400 
-19.28484 3.45500 
-19.29056 3.45600 
-19.29629 3.45700 
-19.30202 3.45800 
-19.30774 3.45900 
-19.31347 3.46000 
-19.31920 3.46100 
-19.32492 3.46200 
-19.33065 3.46300 
-19.33637 3.46400 
-19.34210 3.46500 
-19.34783 3.46600 
-19.35355 3.46700 
-19.35928 3.46800 
-19.36501 3.46900 
-19.37073 3.47000 
-19.37646 3.47100 
-19.38218 3.47200 
-19.38791 3.47300 
-19.39364 3.47400 
-19.39936 3.47500 
-19.40509 3.47600 
-19.41082 3.47700 
-19.41654 3.47800 
-19.42227 3.47900 
-19.42799 3.48000 
-19.43372 3.48100 
-19.43945 3.48200 
-19.44517 3.48300 
-19.45090 3.48400 
-19.45663 3.48500 
-19.46235 3.48600 
-19.46808 3.48700 
-19.47380 3.48800 
-19.47953 3.48900 
-19.48526 3.49000 
-19.49098 3.49100 
-19.49671 3.49200 
-19.50244 3.49300 
-19.50816 3.49400 
-19.51389 3.49500 
-19.51961 3.49600 
-19.52534 3.49700 
-19.53107 3.49800 
-19.53679 3.49900 
-19.54252 3.50000 
-19.54825 3.50100 
-19.55397 3.50200 
-19.55970 3.50300 
-19.56542 3.50400 
-19.57115 3.50500 
-19.57688 3.50600 
-19.58260 3.50700 
-19.58833 3.50800 
-19.59406 3.50900 
-19.59978 3.51000 
-19.60551 3.51100 
-19.61124 3.51200 
-19.61696 3.51300 
-19.62269 3.51400 
-19.62841 3.51500 
-19.63414 3.51600 
-19.63987 3.51700 
-19.64559 3.51800 
-19.65132 3.51900 
-19.65705 3.52000 
-19.66277 3.52100 
-19.66850 3.52200 
-19.67422 3.52300 
-19.67995 3.52400 
-19.68568 3.52500 
-19.69140 3.52600 
-19.69713 3.52700 
-19.70286 3.52800 
-19.70858 3.52900 
-19.71431 3.53000 
-19.72003 3.53100 
-19.72576 3.53200 
-19.73149 3.53300 
-19.73721 3.53400 
-19.74294 3.53500 
-19.74867 3.53600 
-19.75439 3.53700 
-19.76012 3.53800 
-19.76584 3.53900 
-19.77157 3.54000 
-19.77730 3.54100 
-19.78302 3.54200 
-19.78875 3.54300 
-19.79448 3.54400 
-19.80020 3.54500 
-19.80593 3.54600 
-19.81165 3.54700 
-19.81738 3.54800 
-19.82311 3.54900 
-19.82883 3.55000 
-19.83456 3.55100 
-19.84029 3.55200 
-19.84601 3.55300 
-19.85174 3.55400 
-19.85746 3.55500 
-19.86319 3.55600 
-19.86892 3.55700 
-19.87464 3.55800 
-19.88037 3.55900 
-19.88610 3.56000 
-19.89182 3.56100 
-19.89755 3.56200 
-19.90327 3.56300 
-19.90900 3.56400 
-19.91473 3.56500 
-19.92045 3.56600 
-19.92618 3.56700 
-19.93191 3.56800 
-19.93763 3.56900 
-19.94336 3.57000 
-19.94908 3.57100 
-19.95481 3.57200 
-19.96054 3.57300 
-19.96626 3.57400 
-19.97199 3.57500 
-19.97772 3.57600 
-19.98344 3.57700 
-19.98917 3.57800 
-19.99489 3.57900 
-20.00062 3.58000 
-20.00635 3.58100 
-20.01207 3.58200 
-20.01780 3.58300 
-20.02353 3.58400 
-20.02925 3.58500 
-20.03498 3.58600 
-20.04070 3.58700 
-20.04643 3.58800 
-20.05216 3.58900 
-20.05788 3.59000 
-20.06361 3.59100 
-20.06934 3.59200 
-20.07506 3.59300 
-20.08079 3.59400 
-20.08651 3.59500 
-20.09224 3.59600 
-20.09797 3.59700 
-20.10369 3.59800 
-20.10942 3.59900 
-20.11515 3.60000 
-20.12087 3.60100 
-20.12660 3.60200 
-20.13232 3.60300 
-20.13805 3.60400 
-20.14378 3.60500 
-20.14950 3.60600 
-20.15523 3.60700 
-20.16096 3.60800 
-20.16668 3.60900 
-20.17241 3.61000 
-20.17813 3.61100 
-20.18386 3.61200 
-20.18959 3.61300 
-20.19531 3.61400 
-20.20104 3.61500 
-20.20677 3.61600 
-20.21249 3.61700 
-20.21822 3.61800 
-20.22394 3.61900 
-20.22967 3.62000 
-20.23540 3.62100 
-20.24112 3.62200 
-20.24685 3.62300 
-20.25258 3.62400 
-20.25830 3.62500 
-20.26403 3.62600 
-20.26975 3.62700 
-20.27548 3.62800 
-20.28121 3.62900 
-20.28693 3.63000 
-20.29266 3.63100 
-20.29839 3.63200 
-20.30411 3.63300 
-20.30984 3.63400 
-20.31556 3.63500 
-20.32129 3.63600 
-20.32702 3.63700 
-20.33274 3.63800 
-20.33847 3.63900 
-20.34420 3.64000 
-20.34992 3.64100 
-20.35565 3.64200 
-20.36137 3.64300 
-20.36710 3.64400 
-20.37283 3.64500 
-20.37855 3.64600 
-20.38428 3.64700 
-20.39001 3.64800 
-20.39573 3.64900 
-20.40146 3.65000 
-20.40718 3.65100 
-20.41291 3.65200 
-20.41864 3.65300 
-20.42436 3.65400 
-20.43009 3.65500 
-20.43582 3.65600 
-20.44154 3.65700 
-20.44727 3.65800 
-20.45299 3.65900 
-20.45872 3.66000 
-20.46445 3.66100 
-20.47017 3.66200 
-20.47590 3.66300 
-20.48163 3.66400 
-20.48735 3.66500 
-20.49308 3.66600 
-20.49880 3.66700 
-20.50453 3.66800 
-20.51026 3.66900 
-20.51598 3.67000 
-20.52171 3.67100 
-20.52744 3.67200 
-20.53316 3.67300 
-20.53889 3.67400 
-20.54461 3.67500 
-20.55034 3.67600 
-20.55607 3.67700 
-20.56179 3.67800 
-20.56752 3.67900 
-20.57325 3.68000 
-20.57897 3.68100 
-20.58470 3.68200 
-20.59042 3.68300 
-20.59615 3.68400 
-20.60188 3.68500 
-20.60760 3.68600 
-20.61333 3.68700 
-20.61906 3.68800 
-20.62478 3.68900 
-20.63051 3.69000 
-20.63623 3.69100 
-20.64196 3.69200 
-20.64769 3.69300 
-20.65341 3.69400 
-20.65914 3.69500 
-20.66487 3.69600 
-20.67059 3.69700 
-20.67632 3.69800 
-20.68204 3.69900 
-20.68777 3.70000 
-20.69350 3.70100 
-20.69922 3.70200 
-20.70495 3.70300 
-20.71068 3.70400 
-20.71640 3.70500 
-20.72213 3.70600 
-20.72785 3.70700 
-20.73358 3.70800 
-20.73931 3.70900 
-20.74503 3.71000 
-20.75076 3.71100 
-20.75649 3.71200 
-20.76221 3.71300 
-20.76794 3.71400 
-20.77366 3.71500 
-20.77939 3.71600 
-20.78512 3.71700 
-20.79084 3.71800 
-20.79657 3.71900 
-20.80230 3.72000 
-20.80802 3.72100 
-20.81375 3.72200 
-20.81948 3.72300 
-20.82520 3.72400 
-20.83093 3.72500 
-20.83665 3.72600 
-20.84238 3.72700 
-20.84811 3.72800 
-20.85383 3.72900 
-20.85956 3.73000 
-20.86529 3.73100 
-20.87101 3.73200 
-20.87674 3.73300 
-20.88246 3.73400 
-20.88819 3.73500 
-20.89392 3.73600 
-20.89964 3.73700 
-20.90537 3.73800 
-20.91110 3.73900 
-20.91682 3.74000 
-20.92255 3.74100 
-20.92827 3.74200 
-20.93400 3.74300 
-20.93973 3.74400 
-20.94545 3.74500 
-20.95118 3.74600 
-20.95691 3.74700 
-20.96263 3.74800 
-20.96836 3.74900 
-20.97408 3.75000 
-20.97981 3.75100 
-20.98554 3.75200 
-20.99126 3.75300 
-20.99699 3.75400 
-21.00272 3.75500 
-21.00844 3.75600 
-21.01417 3.75700 
-21.01989 3.75800 
-21.02562 3.75900 
-21.03135 3.76000 
-21.03707 3.76100 
-21.04280 3.76200 
-21.04853 3.76300 
-21.05425 3.76400 
-21.05998 3.76500 
-21.06570 3.76600 
-21.07143 3.76700 
-21.07716 3.76800 
-21.08288 3.76900 
-21.08861 3.77000 
-21.09434 3.77100 
-21.10006 3.77200 
-21.10579 3.77300 
-21.11151 3.77400 
-21.11724 3.77500 
-21.12297 3.77600 
-21.12869 3.77700 
-21.13442 3.77800 
-21.14015 3.77900 
-21.14587 3.78000 
-21.15160 3.78100 
-21.15732 3.78200 
-21.16305 3.78300 
-21.16878 3.78400 
-21.17450 3.78500 
-21.18023 3.78600 
-21.18596 3.78700 
-21.19168 3.78800 
-21.19741 3.78900 
-21.20313 3.79000 
-21.20886 3.79100 
-21.21459 3.79200 
-21.22031 3.79300 
-21.22604 3.79400 
-21.23177 3.79500 
-21.23749 3.79600 
-21.24322 3.79700 
-21.24894 3.79800 
-21.25467 3.79900 
-21.26040 3.80000 
-21.26612 3.80100 
-21.27185 3.80200 
-21.27758 3.80300 
-21.28330 3.80400 
-21.28903 3.80500 
-21.29475 3.80600 
-21.30048 3.80700 
-21.30621 3.80800 
-21.31193 3.80900 
-21.31766 3.81000 
-21.32339 3.81100 
-21.32911 3.81200 
-21.33484 3.81300 
-21.34056 3.81400 
-21.34629 3.81500 
-21.35202 3.81600 
-21.35774 3.81700 
-21.36347 3.81800 
-21.36920 3.81900 
-21.37492 3.82000 
-21.38065 3.82100 
-21.38637 3.82200 
-21.39210 3.82300 
-21.39783 3.82400 
-21.40355 3.82500 
-21.40928 3.82600 
-21.41501 3.82700 
-21.42073 3.82800 
-21.42646 3.82900 
-21.43218 3.83000 
-21.43791 3.83100 
-21.44364 3.83200 
-21.44936 3.83300 
-21.45509 3.83400 
-21.46082 3.83500 
-21.46654 3.83600 
-21.47227 3.83700 
-21.47799 3.83800 
-21.48372 3.83900 
-21.48945 3.84000 
-21.49517 3.84100 
-21.50090 3.84200 
-21.50663 3.84300 
-21.51235 3.84400 
-21.51808 3.84500 
-21.52380 3.84600 
-21.52953 3.84700 
-21.53526 3.84800 
-21.54098 3.84900 
-21.54671 3.85000 
-21.55244 3.85100 
-21.55816 3.85200 
-21.56389 3.85300 
-21.56961 3.85400 
-21.57534 3.85500 
-21.58107 3.85600 
-21.58679 3.85700 
-21.59252 3.85800 
-21.59825 3.85900 
-21.60397 3.86000 
-21.60970 3.86100 
-21.61542 3.86200 
-21.62115 3.86300 
-21.62688 3.86400 
-21.63260 3.86500 
-21.63833 3.86600 
-21.64406 3.86700 
-21.64978 3.86800 
-21.65551 3.86900 
-21.66123 3.87000 
-21.66696 3.87100 
-21.67269 3.87200 
-21.67841 3.87300 
-21.68414 3.87400 
-21.68987 3.87500 
-21.69559 3.87600 
-21.70132 3.87700 
-21.70704 3.87800 
-21.71277 3.87900 
-21.71850 3.88000 
-21.72422 3.88100 
-21.72995 3.88200 
-21.73568 3.88300 
-21.74140 3.88400 
-21.74713 3.88500 
-21.75285 3.88600 
-21.75858 3.88700 
-21.76431 3.88800 
-21.77003 3.88900 
-21.77576 3.89000 
-21.78149 3.89100 
-21.78721 3.89200 
-21.79294 3.89300 
-21.79866 3.89400 
-21.80439 3.89500 
-21.81012 3.89600 
-21.81584 3.89700 
-21.82157 3.89800 
-21.82730 3.89900 
-21.83302 3.90000 
-21.83875 3.90100 
-21.84447 3.90200 
-21.85020 3.90300 
-21.85593 3.90400 
-21.86165 3.90500 
-21.86738 3.90600 
-21.87311 3.90700 
-21.87883 3.90800 
-21.88456 3.90900 
-21.89028 3.91000 
-21.89601 3.91100 
-21.90174 3.91200 
-21.90746 3.91300 
-21.91319 3.91400 
-21.91892 3.91500 
-21.92464 3.91600 
-21.93037 3.91700 
-21.93609 3.91800 
-21.94182 3.91900 
-21.94755 3.92000 
-21.95327 3.92100 
-21.95900 3.92200 
-21.96473 3.92300 
-21.97045 3.92400 
-21.97618 3.92500 
-21.98190 3.92600 
-21.98763 3.92700 
-21.99336 3.92800 
-21.99908 3.92900 
-22.00481 3.93000 
-22.01054 3.93100 
-22.01626 3.93200 
-22.02199 3.93300 
-22.02771 3.93400 
-22.03344 3.93500 
-22.03917 3.93600 
-22.04489 3.93700 
-22.05062 3.93800 
-22.05635 3.93900 
-22.06207 3.94000 
-22.06780 3.94100 
-22.07353 3.94200 
-22.07925 3.94300 
-22.08498 3.94400 
-22.09070 3.94500 
-22.09643 3.94600 
-22.10216 3.94700 
-22.10788 3.94800 
-22.11361 3.94900 
-22.11934 3.95000 
-22.12506 3.95100 
-22.13079 3.95200 
-22.13651 3.95300 
-22.14224 3.95400 
-22.14797 3.95500 
-22.15369 3.95600 
-22.15942 3.95700 
-22.16515 3.95800 
-22.17087 3.95900 
-22.17660 3.96000 
-22.18232 3.96100 
-22.18805 3.96200 
-22.19378 3.96300 
-22.19950 3.96400 
-22.20523 3.96500 
-22.21096 3.96600 
-22.21668 3.96700 
-22.22241 3.96800 
-22.22813 3.96900 
-22.23386 3.97000 
-22.23959 3.97100 
-22.24531 3.97200 
-22.25104 3.97300 
-22.25677 3.97400 
-22.26249 3.97500 
-22.26822 3.97600 
-22.27394 3.97700 
-22.27967 3.97800 
-22.28540 3.97900 
-22.29112 3.98000 
-22.29685 3.98100 
-22.30258 3.98200 
-22.30830 3.98300 
-22.31403 3.98400 
-22.31975 3.98500 
-22.32548 3.98600 
-22.33121 3.98700 
-22.33693 3.98800 
-22.34266 3.98900 
-22.34839 3.99000 
-22.35411 3.99100 
-22.35984 3.99200 
-22.36556 3.99300 
-22.37129 3.99400 
-22.37702 3.99500 
-22.38274 3.99600 
-22.38847 3.99700 
-22.39420 3.99800 
-22.39992 3.99900 
-22.40565 4.00000 
-22.41137 4.00100 
-22.41710 4.00200 
-22.42283 4.00300 
-22.42855 4.00400 
-22.43428 4.00500 
-22.44001 4.00600 
-22.44573 4.00700 
-22.45146 4.00800 
-22.45718 4.00900 
-22.46291 4.01000 
-22.46864 4.01100 
-22.47436 4.01200 
-22.48009 4.01300 
-22.48582 4.01400 
-22.49154 4.01500 
-22.49727 4.01600 
-22.50299 4.01700 
-22.50872 4.01800 
-22.51445 4.01900 
-22.52017 4.02000 
-22.52590 4.02100 
-22.53163 4.02200 
-22.53735 4.02300 
-22.54308 4.02400 
-22.54880 4.02500 
-22.55453 4.02600 
-22.56026 4.02700 
-22.56598 4.02800 
-22.57171 4.02900 
-22.57744 4.03000 
-22.58316 4.03100 
-22.58889 4.03200 
-22.59461 4.03300 
-22.60034 4.03400 
-22.60607 4.03500 
-22.61179 4.03600 
-22.61752 4.03700 
-22.62325 4.03800 
-22.62897 4.03900 
-22.63470 4.04000 
-22.64042 4.04100 
-22.64615 4.04200 
-22.65188 4.04300 
-22.65760 4.04400 
-22.66333 4.04500 
-22.66906 4.04600 
-22.67478 4.04700 
-22.68051 4.04800 
-22.68623 4.04900 
-22.69196 4.05000 
-22.69769 4.05100 
-22.70341 4.05200 
-22.70914 4.05300 
-22.71487 4.05400 
-22.72059 4.05500 
-22.72632 4.05600 
-22.73204 4.05700 
-22.73777 4.05800 
-22.74350 4.05900 
-22.74922 4.06000 
-22.75495 4.06100 
-22.76068 4.06200 
-22.76640 4.06300 
-22.77213 4.06400 
-22.77785 4.06500 
-22.78358 4.06600 
-22.78931 4.06700 
-22.79503 4.06800 
-22.80076 4.06900 
-22.80649 4.07000 
-22.81221 4.07100 
-22.81794 4.07200 
-22.82366 4.07300 
-22.82939 4.07400 
-22.83512 4.07500 
-22.84084 4.07600 
-22.84657 4.07700 
-22.85230 4.07800 
-22.85802 4.07900 
-22.86375 4.08000 
-22.86947 4.08100 
-22.87520 4.08200 
-22.88093 4.08300 
-22.88665 4.08400 
-22.89238 4.08500 
-22.89811 4.08600 
-22.90383 4.08700 
-22.90956 4.08800 
-22.91528 4.08900 
-22.92101 4.09000 
-22.92674 4.09100 
-22.93246 4.09200 
-22.93819 4.09300 
-22.94392 4.09400 
-22.94964 4.09500 
-22.95537 4.09600 
-22.96109 4.09700 
-22.96682 4.09800 
-22.97255 4.09900 
-22.97827 4.10000 
-22.98400 4.10100 
-22.98973 4.10200 
-22.99545 4.10300 
-23.00118 4.10400 
-23.00690 4.10500 
-23.01263 4.10600 
-23.01836 4.10700 
-23.02408 4.10800 
-23.02981 4.10900 
-23.03554 4.11000 
-23.04126 4.11100 
-23.04699 4.11200 
-23.05271 4.11300 
-23.05844 4.11400 
-23.06417 4.11500 
-23.06989 4.11600 
-23.07562 4.11700 
-23.08135 4.11800 
-23.08707 4.11900 
-23.09280 4.12000 
-23.09852 4.12100 
-23.10425 4.12200 
-23.10998 4.12300 
-23.11570 4.12400 
-23.12143 4.12500 
-23.12716 4.12600 
-23.13288 4.12700 
-23.13861 4.12800 
-23.14433 4.12900 
-23.15006 4.13000 
-23.15579 4.13100 
-23.16151 4.13200 
-23.16724 4.13300 
-23.17297 4.13400 
-23.17869 4.13500 
-23.18442 4.13600 
-23.19014 4.13700 
-23.19587 4.13800 
-23.20160 4.13900 
-23.20732 4.14000 
-23.21305 4.14100 
-23.21878 4.14200 
-23.22450 4.14300 
-23.23023 4.14400 
-23.23595 4.14500 
-23.24168 4.14600 
-23.24741 4.14700 
-23.25313 4.14800 
-23.25886 4.14900 
-23.26459 4.15000 
-23.27031 4.15100 
-23.27604 4.15200 
-23.28177 4.15300 
-23.28749 4.15400 
-23.29322 4.15500 
-23.29894 4.15600 
-23.30467 4.15700 
-23.31040 4.15800 
-23.31612 4.15900 
-23.32185 4.16000 
-23.32758 4.16100 
-23.33330 4.16200 
-23.33903 4.16300 
-23.34475 4.16400 
-23.35048 4.16500 
-23.35621 4.16600 
-23.36193 4.16700 
-23.36766 4.16800 
-23.37339 4.16900 
-23.37911 4.17000 
-23.38484 4.17100 
-23.39056 4.17200 
-23.39629 4.17300 
-23.40202 4.17400 
-23.40774 4.17500 
-23.41347 4.17600 
-23.41920 4.17700 
-23.42492 4.17800 
-23.43065 4.17900 
-23.43637 4.18000 
-23.44210 4.18100 
-23.44783 4.18200 
-23.45355 4.18300 
-23.45928 4.18400 
-23.46501 4.18500 
-23.47073 4.18600 
-23.47646 4.18700 
-23.48218 4.18800 
-23.48791 4.18900 
-23.49364 4.19000 
-23.49936 4.19100 
-23.50509 4.19200 
-23.51082 4.19300 
-23.51654 4.19400 
-23.52227 4.19500 
-23.52799 4.19600 
-23.53372 4.19700 
-23.53945 4.19800 
-23.54517 4.19900 
-23.55090 4.20000 
-23.55663 4.20100 
-23.56235 4.20200 
-23.56808 4.20300 
-23.57380 4.20400 
-23.57953 4.20500 
-23.58526 4.20600 
-23.59098 4.20700 
-23.59671 4.20800 
-23.60244 4.20900 
-23.60816 4.21000 
-23.61389 4.21100 
-23.61961 4.21200 
-23.62534 4.21300 
-23.63107 4.21400 
-23.63679 4.21500 
-23.64252 4.21600 
-23.64825 4.21700 
-23.65397 4.21800 
-23.65970 4.21900 
-23.66542 4.22000 
-23.67115 4.22100 
-23.67688 4.22200 
-23.68260 4.22300 
-23.68833 4.22400 
-23.69406 4.22500 
-23.69978 4.22600 
-23.70551 4.22700 
-23.71123 4.22800 
-23.71696 4.22900 
-23.72269 4.23000 
-23.72841 4.23100 
-23.73414 4.23200 
-23.73987 4.23300 
-23.74559 4.23400 
-23.75132 4.23500 
-23.75704 4.23600 
-23.76277 4.23700 
-23.76850 4.23800 
-23.77422 4.23900 
-23.77995 4.24000 
-23.78568 4.24100 
-23.79140 4.24200 
-23.79713 4.24300 
-23.80285 4.24400 
-23.80858 4.24500 
-23.81431 4.24600 
-23.82003 4.24700 
-23.82576 4.24800 
-23.83149 4.24900 
-23.83721 4.25000 
-23.84294 4.25100 
-23.84866 4.25200 
-23.85439 4.25300 
-23.86012 4.25400 
-23.86584 4.25500 
-23.87157 4.25600 
-23.87730 4.25700 
-23.88302 4.25800 
-23.88875 4.25900 
-23.89447 4.26000 
-23.90020 4.26100 
-23.90593 4.26200 
-23.91165 4.26300 
-23.91738 4.26400 
-23.92311 4.26500 
-23.92883 4.26600 
-23.93456 4.26700 
-23.94028 4.26800 
-23.94601 4.26900 
-23.95174 4.27000 
-23.95746 4.27100 
-23.96319 4.27200 
-23.96892 4.27300 
-23.97464 4.27400 
-23.98037 4.27500 
-23.98609 4.27600 
-23.99182 4.27700 
-23.99755 4.27800 
-24.00327 4.27900 
-24.00900 4.28000 
-24.01473 4.28100 
-24.02045 4.28200 
-24.02618 4.28300 
-24.03190 4.28400 
-24.03763 4.28500 
-24.04336 4.28600 
-24.04908 4.28700 
-24.05481 4.28800 
-24.06054 4.28900 
-24.06626 4.29000 
-24.07199 4.29100 
-24.07771 4.29200 
-24.08344 4.29300 
-24.08917 4.29400 
-24.09489 4.29500 
-24.10062 4.29600 
-24.10635 4.29700 
-24.11207 4.29800 
-24.11780 4.29900 
-24.12352 4.30000 
-24.12925 4.30100 
-24.13498 4.30200 
-24.14070 4.30300 
-24.14643 4.30400 
-24.15216 4.30500 
-24.15788 4.30600 
-24.16361 4.30700 
-24.16933 4.30800 
-24.17506 4.30900 
-24.18079 4.31000 
-24.18651 4.31100 
-24.19224 4.31200 
-24.19797 4.31300 
-24.20369 4.31400 
-24.20942 4.31500 
-24.21514 4.31600 
-24.22087 4.31700 
-24.22660 4.31800 
-24.23232 4.31900 
-24.23805 4.32000 
-24.24378 4.32100 
-24.24950 4.32200 
-24.25523 4.32300 
-24.26095 4.32400 
-24.26668 4.32500 
-24.27241 4.32600 
-24.27813 4.32700 
-24.28386 4.32800 
-24.28959 4.32900 
-24.29531 4.33000 
-24.30104 4.33100 
-24.30676 4.33200 
-24.31249 4.33300 
-24.31822 4.33400 
-24.32394 4.33500 
-24.32967 4.33600 
-24.33540 4.33700 
-24.34112 4.33800 
-24.34685 4.33900 
-24.35257 4.34000 
-24.35830 4.34100 
-24.36403 4.34200 
-24.36975 4.34300 
-24.37548 4.34400 
-24.38121 4.34500 
-24.38693 4.34600 
-24.39266 4.34700 
-24.39838 4.34800 
-24.40411 4.34900 
-24.40984 4.35000 
-24.41556 4.35100 
-24.42129 4.35200 
-24.42702 4.35300 
-24.43274 4.35400 
-24.43847 4.35500 
-24.44419 4.35600 
-24.44992 4.35700 
-24.45565 4.35800 
-24.46137 4.35900 
-24.46710 4.36000 
-24.47283 4.36100 
-24.47855 4.36200 
-24.48428 4.36300 
-24.49000 4.36400 
-24.49573 4.36500 
-24.50146 4.36600 
-24.50718 4.36700 
-24.51291 4.36800 
-24.51864 4.36900 
-24.52436 4.37000 
-24.53009 4.37100 
-24.53582 4.37200 
-24.54154 4.37300 
-24.54727 4.37400 
-24.55299 4.37500 
-24.55872 4.37600 
-24.56445 4.37700 
-24.57017 4.37800 
-24.57590 4.37900 
-24.58163 4.38000 
-24.58735 4.38100 
-24.59308 4.38200 
-24.59880 4.38300 
-24.60453 4.38400 
-24.61026 4.38500 
-24.61598 4.38600 
-24.62171 4.38700 
-24.62744 4.38800 
-24.63316 4.38900 
-24.63889 4.39000 
-24.64461 4.39100 
-24.65034 4.39200 
-24.65607 4.39300 
-24.66179 4.39400 
-24.66752 4.39500 
-24.67325 4.39600 
-24.67897 4.39700 
-24.68470 4.39800 
-24.69042 4.39900 
-24.69615 4.40000 
-24.70188 4.40100 
-24.70760 4.40200 
-24.71333 4.40300 
-24.71906 4.40400 
-24.72478 4.40500 
-24.73051 4.40600 
-24.73623 4.40700 
-24.74196 4.40800 
-24.74769 4.40900 
-24.75341 4.41000 
-24.75914 4.41100 
-24.76487 4.41200 
-24.77059 4.41300 
-24.77632 4.41400 
-24.78204 4.41500 
-24.78777 4.41600 
-24.79350 4.41700 
-24.79922 4.41800 
-24.80495 4.41900 
-24.81068 4.42000 
-24.81640 4.42100 
-24.82213 4.42200 
-24.82785 4.42300 
-24.83358 4.42400 
-24.83931 4.42500 
-24.84503 4.42600 
-24.85076 4.42700 
-24.85649 4.42800 
-24.86221 4.42900 
-24.86794 4.43000 
-24.87366 4.43100 
-24.87939 4.43200 
-24.88512 4.43300 
-24.89084 4.43400 
-24.89657 4.43500 
-24.90230 4.43600 
-24.90802 4.43700 
-24.91375 4.43800 
-24.91947 4.43900 
-24.92520 4.44000 
-24.93093 4.44100 
-24.93665 4.44200 
-24.94238 4.44300 
-24.94811 4.44400 
-24.95383 4.44500 
-24.95956 4.44600 
-24.96528 4.44700 
-24.97101 4.44800 
-24.97674 4.44900 
-24.98246 4.45000 
-24.98819 4.45100 
-24.99392 4.45200 
-24.99964 4.45300 
-25.00537 4.45400 
-25.01109 4.45500 
-25.01682 4.45600 
-25.02255 4.45700 
-25.02827 4.45800 
-25.03400 4.45900 
-25.03973 4.46000 
-25.04545 4.46100 
-25.05118 4.46200 
-25.05690 4.46300 
-25.06263 4.46400 
-25.06836 4.46500 
-25.07408 4.46600 
-25.07981 4.46700 
-25.08554 4.46800 
-25.09126 4.46900 
-25.09699 4.47000 
-25.10271 4.47100 
-25.10844 4.47200 
-25.11417 4.47300 
-25.11989 4.47400 
-25.12562 4.47500 
-25.13135 4.47600 
-25.13707 4.47700 
-25.14280 4.47800 
-25.14852 4.47900 
-25.15425 4.48000 
-25.15998 4.48100 
-25.16570 4.48200 
-25.17143 4.48300 
-25.17716 4.48400 
-25.18288 4.48500 
-25.18861 4.48600 
-25.19433 4.48700 
-25.20006 4.48800 
-25.20579 4.48900 
-25.21151 4.49000 
-25.21724 4.49100 
-25.22297 4.49200 
-25.22869 4.49300 
-25.23442 4.49400 
-25.24014 4.49500 
-25.24587 4.49600 
-25.25160 4.49700 
-25.25732 4.49800 
-25.26305 4.49900 
-25.26878 4.50000 
-25.27450 4.50100 
-25.28023 4.50200 
-25.28595 4.50300 
-25.29168 4.50400 
-25.29741 4.50500 
-25.30313 4.50600 
-25.30886 4.50700 
-25.31459 4.50800 
-25.32031 4.50900 
-25.32604 4.51000 
-25.33176 4.51100 
-25.33749 4.51200 
-25.34322 4.51300 
-25.34894 4.51400 
-25.35467 4.51500 
-25.36040 4.51600 
-25.36612 4.51700 
-25.37185 4.51800 
-25.37757 4.51900 
-25.38330 4.52000 
-25.38903 4.52100 
-25.39475 4.52200 
-25.40048 4.52300 
-25.40621 4.52400 
-25.41193 4.52500 
-25.41766 4.52600 
-25.42338 4.52700 
-25.42911 4.52800 
-25.43484 4.52900 
-25.44056 4.53000 
-25.44629 4.53100 
-25.45202 4.53200 
-25.45774 4.53300 
-25.46347 4.53400 
-25.46919 4.53500 
-25.47492 4.53600 
-25.48065 4.53700 
-25.48637 4.53800 
-25.49210 4.53900 
-25.49783 4.54000 
-25.50355 4.54100 
-25.50928 4.54200 
-25.51500 4.54300 
-25.52073 4.54400 
-25.52646 4.54500 
-25.53218 4.54600 
-25.53791 4.54700 
-25.54364 4.54800 
-25.54936 4.54900 
-25.55509 4.55000 
-25.56081 4.55100 
-25.56654 4.55200 
-25.57227 4.55300 
-25.57799 4.55400 
-25.58372 4.55500 
-25.58945 4.55600 
-25.59517 4.55700 
-25.60090 4.55800 
-25.60662 4.55900 
-25.61235 4.56000 
-25.61808 4.56100 
-25.62380 4.56200 
-25.62953 4.56300 
-25.63526 4.56400 
-25.64098 4.56500 
-25.64671 4.56600 
-25.65243 4.56700 
-25.65816 4.56800 
-25.66389 4.56900 
-25.66961 4.57000 
-25.67534 4.57100 
-25.68107 4.57200 
-25.68679 4.57300 
-25.69252 4.57400 
-25.69824 4.57500 
-25.70397 4.57600 
-25.70970 4.57700 
-25.71542 4.57800 
-25.72115 4.57900 
-25.72688 4.58000 
-25.73260 4.58100 
-25.73833 4.58200 
-25.74405 4.58300 
-25.74978 4.58400 
-25.75551 4.58500 
-25.76123 4.58600 
-25.76696 4.58700 
-25.77269 4.58800 
-25.77841 4.58900 
-25.78414 4.59000 
-25.78987 4.59100 
-25.79559 4.59200 
-25.80132 4.59300 
-25.80704 4.59400 
-25.81277 4.59500 
-25.81850 4.59600 
-25.82422 4.59700 
-25.82995 4.59800 
-25.83568 4.59900 
-25.84140 4.60000 
-25.84713 4.60100 
-25.85285 4.60200 
-25.85858 4.60300 
-25.86431 4.60400 
-25.87003 4.60500 
-25.87576 4.60600 
-25.88149 4.60700 
-25.88721 4.60800 
-25.89294 4.60900 
-25.89866 4.61000 
-25.90439 4.61100 
-25.91012 4.61200 
-25.91584 4.61300 
-25.92157 4.61400 
-25.92730 4.61500 
-25.93302 4.61600 
-25.93875 4.61700 
-25.94447 4.61800 
-25.95020 4.61900 
-25.95593 4.62000 
-25.96165 4.62100 
-25.96738 4.62200 
-25.97311 4.62300 
-25.97883 4.62400 
-25.98456 4.62500 
-25.99028 4.62600 
-25.99601 4.62700 
-26.00174 4.62800 
-26.00746 4.62900 
-26.01319 4.63000 
-26.01892 4.63100 
-26.02464 4.63200 
-26.03037 4.63300 
-26.03609 4.63400 
-26.04182 4.63500 
-26.04755 4.63600 
-26.05327 4.63700 
-26.05900 4.63800 
-26.06473 4.63900 
-26.07045 4.64000 
-26.07618 4.64100 
-26.08190 4.64200 
-26.08763 4.64300 
-26.09336 4.64400 
-26.09908 4.64500 
-26.10481 4.64600 
-26.11054 4.64700 
-26.11626 4.64800 
-26.12199 4.64900 
-26.12771 4.65000 
-26.13344 4.65100 
-26.13917 4.65200 
-26.14489 4.65300 
-26.15062 4.65400 
-26.15635 4.65500 
-26.16207 4.65600 
-26.16780 4.65700 
-26.17352 4.65800 
-26.17925 4.65900 
-26.18498 4.66000 
-26.19070 4.66100 
-26.19643 4.66200 
-26.20216 4.66300 
-26.20788 4.66400 
-26.21361 4.66500 
-26.21933 4.66600 
-26.22506 4.66700 
-26.23079 4.66800 
-26.23651 4.66900 
-26.24224 4.67000 
-26.24797 4.67100 
-26.25369 4.67200 
-26.25942 4.67300 
-26.26514 4.67400 
-26.27087 4.67500 
-26.27660 4.67600 
-26.28232 4.67700 
-26.28805 4.67800 
-26.29378 4.67900 
-26.29950 4.68000 
-26.30523 4.68100 
-26.31095 4.68200 
-26.31668 4.68300 
-26.32241 4.68400 
-26.32813 4.68500 
-26.33386 4.68600 
-26.33959 4.68700 
-26.34531 4.68800 
-26.35104 4.68900 
-26.35676 4.69000 
-26.36249 4.69100 
-26.36822 4.69200 
-26.37394 4.69300 
-26.37967 4.69400 
-26.38540 4.69500 
-26.39112 4.69600 
-26.39685 4.69700 
-26.40257 4.69800 
-26.40830 4.69900 
-26.41403 4.70000 
-26.41975 4.70100 
-26.42548 4.70200 
-26.43121 4.70300 
-26.43693 4.70400 
-26.44266 4.70500 
-26.44838 4.70600 
-26.45411 4.70700 
-26.45984 4.70800 
-26.46556 4.70900 
-26.47129 4.71000 
-26.47702 4.71100 
-26.48274 4.71200 
-26.48847 4.71300 
-26.49419 4.71400 
-26.49992 4.71500 
-26.50565 4.71600 
-26.51137 4.71700 
-26.51710 4.71800 
-26.52283 4.71900 
-26.52855 4.72000 
-26.53428 4.72100 
-26.54000 4.72200 
-26.54573 4.72300 
-26.55146 4.72400 
-26.55718 4.72500 
-26.56291 4.72600 
-26.56864 4.72700 
-26.57436 4.72800 
-26.58009 4.72900 
-26.58581 4.73000 
-26.59154 4.73100 
-26.59727 4.73200 
-26.60299 4.73300 
-26.60872 4.73400 
-26.61445 4.73500 
-26.62017 4.73600 
-26.62590 4.73700 
-26.63162 4.73800 
-26.63735 4.73900 
-26.64308 4.74000 
-26.64880 4.74100 
-26.65453 4.74200 
-26.66026 4.74300 
-26.66598 4.74400 
-26.67171 4.74500 
-26.67743 4.74600 
-26.68316 4.74700 
-26.68889 4.74800 
-26.69461 4.74900 
-26.70034 4.75000 
-26.70607 4.75100 
-26.71179 4.75200 
-26.71752 4.75300 
-26.72324 4.75400 
-26.72897 4.75500 
-26.73470 4.75600 
-26.74042 4.75700 
-26.74615 4.75800 
-26.75188 4.75900 
-26.75760 4.76000 
-26.76333 4.76100 
-26.76905 4.76200 
-26.77478 4.76300 
-26.78051 4.76400 
-26.78623 4.76500 
-26.79196 4.76600 
-26.79769 4.76700 
-26.80341 4.76800 
-26.80914 4.76900 
-26.81486 4.77000 
-26.82059 4.77100 
-26.82632 4.77200 
-26.83204 4.77300 
-26.83777 4.77400 
-26.84350 4.77500 
-26.84922 4.77600 
-26.85495 4.77700 
-26.86067 4.77800 
-26.86640 4.77900 
-26.87213 4.78000 
-26.87785 4.78100 
-26.88358 4.78200 
-26.88931 4.78300 
-26.89503 4.78400 
-26.90076 4.78500 
-26.90648 4.78600 
-26.91221 4.78700 
-26.91794 4.78800 
-26.92366 4.78900 
-26.92939 4.79000 
-26.93512 4.79100 
-26.94084 4.79200 
-26.94657 4.79300 
-26.95229 4.79400 
-26.95802 4.79500 
-26.96375 4.79600 
-26.96947 4.79700 
-26.97520 4.79800 
-26.98093 4.79900 
-26.98665 4.80000 
-26.99238 4.80100 
-26.99811 4.80200 
-27.00383 4.80300 
-27.00956 4.80400 
-27.01528 4.80500 
-27.02101 4.80600 
-27.02674 4.80700 
-27.03246 4.80800 
-27.03819 4.80900 
-27.04392 4.81000 
-27.04964 4.81100 
-27.05537 4.81200 
-27.06109 4.81300 
-27.06682 4.81400 
-27.07255 4.81500 
-27.07827 4.81600 
-27.08400 4.81700 
-27.08973 4.81800 
-27.09545 4.81900 
-27.10118 4.82000 
-27.10690 4.82100 
-27.11263 4.82200 
-27.11836 4.82300 
-27.12408 4.82400 
-27.12981 4.82500 
-27.13554 4.82600 
-27.14126 4.82700 
-27.14699 4.82800 
-27.15271 4.82900 
-27.15844 4.83000 
-27.16417 4.83100 
-27.16989 4.83200 
-27.17562 4.83300 
-27.18135 4.83400 
-27.18707 4.83500 
-27.19280 4.83600 
-27.19852 4.83700 
-27.20425 4.83800 
-27.20998 4.83900 
-27.21570 4.84000 
-27.22143 4.84100 
-27.22716 4.84200 
-27.23288 4.84300 
-27.23861 4.84400 
-27.24433 4.84500 
-27.25006 4.84600 
-27.25579 4.84700 
-27.26151 4.84800 
-27.26724 4.84900 
-27.27297 4.85000 
-27.27869 4.85100 
-27.28442 4.85200 
-27.29014 4.85300 
-27.29587 4.85400 
-27.30160 4.85500 
-27.30732 4.85600 
-27.31305 4.85700 
-27.31878 4.85800 
-27.32450 4.85900 
-27.33023 4.86000 
-27.33595 4.86100 
-27.34168 4.86200 
-27.34741 4.86300 
-27.35313 4.86400 
-27.35886 4.86500 
-27.36459 4.86600 
-27.37031 4.86700 
-27.37604 4.86800 
-27.38176 4.86900 
-27.38749 4.87000 
-27.39322 4.87100 
-27.39894 4.87200 
-27.40467 4.87300 
-27.41040 4.87400 
-27.41612 4.87500 
-27.42185 4.87600 
-27.42757 4.87700 
-27.43330 4.87800 
-27.43903 4.87900 
-27.44475 4.88000 
-27.45048 4.88100 
-27.45621 4.88200 
-27.46193 4.88300 
-27.46766 4.88400 
-27.47338 4.88500 
-27.47911 4.88600 
-27.48484 4.88700 
-27.49056 4.88800 
-27.49629 4.88900 
-27.50202 4.89000 
-27.50774 4.89100 
-27.51347 4.89200 
-27.51919 4.89300 
-27.52492 4.89400 
-27.53065 4.89500 
-27.53637 4.89600 
-27.54210 4.89700 
-27.54783 4.89800 
-27.55355 4.89900 
-27.55928 4.90000 
-27.56500 4.90100 
-27.57073 4.90200 
-27.57646 4.90300 
-27.58218 4.90400 
-27.58791 4.90500 
-27.59364 4.90600 
-27.59936 4.90700 
-27.60509 4.90800 
-27.61081 4.90900 
-27.61654 4.91000 
-27.62227 4.91100 
-27.62799 4.91200 
-27.63372 4.91300 
-27.63945 4.91400 
-27.64517 4.91500 
-27.65090 4.91600 
-27.65662 4.91700 
-27.66235 4.91800 
-27.66808 4.91900 
-27.67380 4.92000 
-27.67953 4.92100 
-27.68526 4.92200 
-27.69098 4.92300 
-27.69671 4.92400 
-27.70243 4.92500 
-27.70816 4.92600 
-27.71389 4.92700 
-27.71961 4.92800 
-27.72534 4.92900 
-27.73107 4.93000 
-27.73679 4.93100 
-27.74252 4.93200 
-27.74824 4.93300 
-27.75397 4.93400 
-27.75970 4.93500 
-27.76542 4.93600 
-27.77115 4.93700 
-27.77688 4.93800 
-27.78260 4.93900 
-27.78833 4.94000 
-27.79405 4.94100 
-27.79978 4.94200 
-27.80551 4.94300 
-27.81123 4.94400 
-27.81696 4.94500 
-27.82269 4.94600 
-27.82841 4.94700 
-27.83414 4.94800 
-27.83986 4.94900 
-27.84559 4.95000 
-27.85132 4.95100 
-27.85704 4.95200 
-27.86277 4.95300 
-27.86850 4.95400 
-27.87422 4.95500 
-27.87995 4.95600 
-27.88567 4.95700 
-27.89140 4.95800 
-27.89713 4.95900 
-27.90285 4.96000 
-27.90858 4.96100 
-27.91431 4.96200 
-27.92003 4.96300 
-27.92576 4.96400 
-27.93148 4.96500 
-27.93721 4.96600 
-27.94294 4.96700 
-27.94866 4.96800 
-27.95439 4.96900 
-27.96012 4.97000 
-27.96584 4.97100 
-27.97157 4.97200 
-27.97729 4.97300 
-27.98302 4.97400 
-27.98875 4.97500 
-27.99447 4.97600 
-28.00020 4.97700 
-28.00593 4.97800 
-28.01165 4.97900 
-28.01738 4.98000 
-28.02310 4.98100 
-28.02883 4.98200 
-28.03456 4.98300 
-28.04028 4.98400 
-28.04601 4.98500 
-28.05174 4.98600 
-28.05746 4.98700 
-28.06319 4.98800 
-28.06891 4.98900 
-28.07464 4.99000 
-28.08037 4.99100 
-28.08609 4.99200 
-28.09182 4.99300 
-28.09755 4.99400 
-28.10327 4.99500 
-28.10900 4.99600 
-28.11472 4.99700 
-28.12045 4.99800 
-28.12618 4.99900 
