0.00000 0.00000 
-0.00002 0.00100 
-0.00006 0.00200 
-0.00014 0.00300 
-0.00025 0.00400 
-0.00038 0.00500 
-0.00055 0.00600 
-0.00075 0.00700 
-0.00097 0.00800 
-0.00123 0.00900 
-0.00151 0.01000 
-0.00182 0.01100 
-0.00216 0.01200 
-0.00252 0.01300 
-0.00291 0.01400 
-0.00333 0.01500 
-0.00377 0.01600 
-0.00425 0.01700 
-0.00474 0.01800 
-0.00526 0.01900 
-0.00581 0.02000 
-0.00638 0.02100 
-0.00698 0.02200 
-0.00760 0.02300 
-0.00825 0.02400 
-0.00891 0.02500 
-0.00961 0.02600 
-0.01032 0.02700 
-0.01106 0.02800 
-0.01182 0.02900 
-0.01260 0.03000 
-0.01341 0.03100 
-0.01424 0.03200 
-0.01509 0.03300 
-0.01596 0.03400 
-0.01685 0.03500 
-0.01776 0.03600 
-0.01870 0.03700 
-0.01965 0.03800 
-0.02063 0.03900 
-0.02162 0.04000 
-0.02263 0.04100 
-0.02367 0.04200 
-0.02472 0.04300 
-0.02579 0.04400 
-0.02688 0.04500 
-0.02799 0.04600 
-0.02912 0.04700 
-0.03027 0.04800 
-0.03143 0.04900 
-0.03262 0.05000 
-0.03382 0.05100 
-0.03503 0.05200 
-0.03627 0.05300 
-0.03752 0.05400 
-0.03879 0.05500 
-0.04007 0.05600 
-0.04138 0.05700 
-0.04269 0.05800 
-0.04403 0.05900 
-0.04538 0.06000 
-0.04674 0.06100 
-0.04813 0.06200 
-0.04952 0.06300 
-0.05093 0.06400 
-0.05236 0.06500 
-0.05380 0.06600 
-0.05526 0.06700 
-0.05673 0.06800 
-0.05822 0.06900 
-0.05972 0.07000 
-0.06123 0.07100 
-0.06276 0.07200 
-0.06430 0.07300 
-0.06585 0.07400 
-0.06742 0.07500 
-0.06900 0.07600 
-0.07060 0.07700 
-0.07220 0.07800 
-0.07382 0.07900 
-0.07546 0.08000 
-0.07710 0.08100 
-0.07876 0.08200 
-0.08043 0.08300 
-0.08211 0.08400 
-0.08381 0.08500 
-0.08551 0.08600 
-0.08723 0.08700 
-0.08896 0.08800 
-0.09070 0.08900 
-0.09245 0.09000 
-0.09421 0.09100 
-0.09599 0.09200 
-0.09777 0.09300 
-0.09957 0.09400 
-0.10137 0.09500 
-0.10319 0.09600 
-0.10502 0.09700 
-0.10686 0.09800 
-0.10870 0.09900 
-0.11056 0.10000 
-0.11243 0.10100 
-0.11431 0.10200 
-0.11619 0.10300 
-0.11809 0.10400 
-0.12000 0.10500 
-0.12191 0.10600 
-0.12384 0.10700 
-0.12577 0.10800 
-0.12771 0.10900 
-0.12967 0.11000 
-0.13163 0.11100 
-0.13360 0.11200 
-0.13557 0.11300 
-0.13756 0.11400 
-0.13956 0.11500 
-0.14156 0.11600 
-0.14357 0.11700 
-0.14559 0.11800 
-0.14762 0.11900 
-0.14966 0.12000 
-0.15170 0.12100 
-0.15375 0.12200 
-0.15581 0.12300 
-0.15788 0.12400 
-0.15996 0.12500 
-0.16204 0.12600 
-0.16413 0.12700 
-0.16623 0.12800 
-0.16833 0.12900 
-0.17044 0.13000 
-0.17256 0.13100 
-0.17469 0.13200 
-0.17682 0.13300 
-0.17896 0.13400 
-0.18110 0.13500 
-0.18326 0.13600 
-0.18542 0.13700 
-0.18758 0.13800 
-0.18975 0.13900 
-0.19193 0.14000 
-0.19412 0.14100 
-0.19631 0.14200 
-0.19850 0.14300 
-0.20071 0.14400 
-0.20292 0.14500 
-0.20513 0.14600 
-0.20735 0.14700 
-0.20958 0.14800 
-0.21181 0.14900 
-0.21405 0.15000 
-0.21629 0.15100 
-0.21854 0.15200 
-0.22080 0.15300 
-0.22306 0.15400 
-0.22532 0.15500 
-0.22759 0.15600 
-0.22987 0.15700 
-0.23215 0.15800 
-0.23444 0.15900 
-0.23673 0.16000 
-0.23903 0.16100 
-0.24133 0.16200 
-0.24363 0.16300 
-0.24594 0.16400 
-0.24826 0.16500 
-0.25058 0.16600 
-0.25291 0.16700 
-0.25524 0.16800 
-0.25757 0.16900 
-0.25991 0.17000 
-0.26225 0.17100 
-0.26460 0.17200 
-0.26695 0.17300 
-0.26931 0.17400 
-0.27167 0.17500 
-0.27403 0.17600 
-0.27640 0.17700 
-0.27878 0.17800 
-0.28115 0.17900 
-0.28353 0.18000 
-0.28592 0.18100 
-0.28831 0.18200 
-0.29070 0.18300 
-0.29310 0.18400 
-0.29550 0.18500 
-0.29790 0.18600 
-0.30031 0.18700 
-0.30272 0.18800 
-0.30514 0.18900 
-0.30756 0.19000 
-0.30998 0.19100 
-0.31241 0.19200 
-0.31484 0.19300 
-0.31727 0.19400 
-0.31971 0.19500 
-0.32215 0.19600 
-0.32459 0.19700 
-0.32704 0.19800 
-0.32949 0.19900 
-0.33194 0.20000 
-0.33440 0.20100 
-0.33685 0.20200 
-0.33932 0.20300 
-0.34178 0.20400 
-0.34425 0.20500 
-0.34672 0.20600 
-0.34920 0.20700 
-0.35167 0.20800 
-0.35415 0.20900 
-0.35663 0.21000 
-0.35912 0.21100 
-0.36161 0.21200 
-0.36410 0.21300 
-0.36659 0.21400 
-0.36909 0.21500 
-0.37159 0.21600 
-0.37409 0.21700 
-0.37660 0.21800 
-0.37910 0.21900 
-0.38161 0.22000 
-0.38412 0.22100 
-0.38664 0.22200 
-0.38915 0.22300 
-0.39167 0.22400 
-0.39420 0.22500 
-0.39672 0.22600 
-0.39925 0.22700 
-0.40178 0.22800 
-0.40431 0.22900 
-0.40684 0.23000 
-0.40937 0.23100 
-0.41191 0.23200 
-0.41445 0.23300 
-0.41699 0.23400 
-0.41954 0.23500 
-0.42209 0.23600 
-0.42463 0.23700 
-0.42718 0.23800 
-0.42974 0.23900 
-0.43229 0.24000 
-0.43485 0.24100 
-0.43741 0.24200 
-0.43997 0.24300 
-0.44253 0.24400 
-0.44509 0.24500 
-0.44766 0.24600 
-0.45023 0.24700 
-0.45280 0.24800 
-0.45537 0.24900 
-0.45794 0.25000 
-0.46052 0.25100 
-0.46309 0.25200 
-0.46567 0.25300 
-0.46825 0.25400 
-0.47084 0.25500 
-0.47342 0.25600 
-0.47601 0.25700 
-0.47859 0.25800 
-0.48118 0.25900 
-0.48377 0.26000 
-0.48636 0.26100 
-0.48896 0.26200 
-0.49155 0.26300 
-0.49415 0.26400 
-0.49675 0.26500 
-0.49935 0.26600 
-0.50195 0.26700 
-0.50455 0.26800 
-0.50715 0.26900 
-0.50976 0.27000 
-0.51237 0.27100 
-0.51498 0.27200 
-0.51759 0.27300 
-0.52020 0.27400 
-0.52281 0.27500 
-0.52542 0.27600 
-0.52804 0.27700 
-0.53065 0.27800 
-0.53327 0.27900 
-0.53589 0.28000 
-0.53851 0.28100 
-0.54113 0.28200 
-0.54375 0.28300 
-0.54638 0.28400 
-0.54900 0.28500 
-0.55163 0.28600 
-0.55426 0.28700 
-0.55689 0.28800 
-0.55952 0.28900 
-0.56215 0.29000 
-0.56478 0.29100 
-0.56741 0.29200 
-0.57005 0.29300 
-0.57268 0.29400 
-0.57532 0.29500 
-0.57795 0.29600 
-0.58059 0.29700 
-0.58323 0.29800 
-0.58587 0.29900 
-0.58852 0.30000 
-0.59116 0.30100 
-0.59380 0.30200 
-0.59645 0.30300 
-0.59909 0.30400 
-0.60174 0.30500 
-0.60439 0.30600 
-0.60703 0.30700 
-0.60968 0.30800 
-0.61233 0.30900 
-0.61498 0.31000 
-0.61764 0.31100 
-0.62029 0.31200 
-0.62294 0.31300 
-0.62560 0.31400 
-0.62825 0.31500 
-0.63091 0.31600 
-0.63357 0.31700 
-0.63622 0.31800 
-0.63888 0.31900 
-0.64154 0.32000 
-0.64420 0.32100 
-0.64687 0.32200 
-0.64953 0.32300 
-0.65219 0.32400 
-0.65485 0.32500 
-0.65752 0.32600 
-0.66018 0.32700 
-0.66285 0.32800 
-0.66552 0.32900 
-0.66818 0.33000 
-0.67085 0.33100 
-0.67352 0.33200 
-0.67619 0.33300 
-0.67886 0.33400 
-0.68153 0.33500 
-0.68420 0.33600 
-0.68687 0.33700 
-0.68955 0.33800 
-0.69222 0.33900 
-0.69489 0.34000 
-0.69757 0.34100 
-0.70024 0.34200 
-0.70292 0.34300 
-0.70560 0.34400 
-0.70827 0.34500 
-0.71095 0.34600 
-0.71363 0.34700 
-0.71631 0.34800 
-0.71899 0.34900 
-0.72167 0.35000 
-0.72435 0.35100 
-0.72703 0.35200 
-0.72971 0.35300 
-0.73239 0.35400 
-0.73507 0.35500 
-0.73776 0.35600 
-0.74044 0.35700 
-0.74313 0.35800 
-0.74581 0.35900 
-0.74850 0.36000 
-0.75118 0.36100 
-0.75387 0.36200 
-0.75656 0.36300 
-0.75924 0.36400 
-0.76193 0.36500 
-0.76462 0.36600 
-0.76731 0.36700 
-0.77000 0.36800 
-0.77269 0.36900 
-0.77538 0.37000 
-0.77807 0.37100 
-0.78076 0.37200 
-0.78345 0.37300 
-0.78614 0.37400 
-0.78884 0.37500 
-0.79153 0.37600 
-0.79422 0.37700 
-0.79691 0.37800 
-0.79961 0.37900 
-0.80230 0.38000 
-0.80500 0.38100 
-0.80769 0.38200 
-0.81039 0.38300 
-0.81309 0.38400 
-0.81578 0.38500 
-0.81848 0.38600 
-0.82118 0.38700 
-0.82387 0.38800 
-0.82657 0.38900 
-0.82927 0.39000 
-0.83197 0.39100 
-0.83467 0.39200 
-0.83737 0.39300 
-0.84007 0.39400 
-0.84277 0.39500 
-0.84547 0.39600 
-0.84817 0.39700 
-0.85087 0.39800 
-0.85357 0.39900 
-0.85627 0.40000 
-0.85897 0.40100 
-0.86168 0.40200 
-0.86438 0.40300 
-0.86708 0.40400 
-0.86978 0.40500 
-0.87249 0.40600 
-0.87519 0.40700 
-0.87790 0.40800 
-0.88060 0.40900 
-0.88331 0.41000 
-0.88601 0.41100 
-0.88872 0.41200 
-0.89142 0.41300 
-0.89413 0.41400 
-0.89683 0.41500 
-0.89954 0.41600 
-0.90225 0.41700 
-0.90495 0.41800 
-0.90766 0.41900 
-0.91037 0.42000 
-0.91308 0.42100 
-0.91578 0.42200 
-0.91849 0.42300 
-0.92120 0.42400 
-0.92391 0.42500 
-0.92662 0.42600 
-0.92933 0.42700 
-0.93204 0.42800 
-0.93475 0.42900 
-0.93746 0.43000 
-0.94017 0.43100 
-0.94288 0.43200 
-0.94559 0.43300 
-0.94830 0.43400 
-0.95101 0.43500 
-0.95372 0.43600 
-0.95643 0.43700 
-0.95914 0.43800 
-0.96185 0.43900 
-0.96457 0.44000 
-0.96728 0.44100 
-0.96999 0.44200 
-0.97270 0.44300 
-0.97542 0.44400 
-0.97813 0.44500 
-0.98084 0.44600 
-0.98356 0.44700 
-0.98627 0.44800 
-0.98898 0.44900 
-0.99170 0.45000 
-0.99441 0.45100 
-0.99713 0.45200 
-0.99984 0.45300 
-1.00255 0.45400 
-1.00527 0.45500 
-1.00798 0.45600 
-1.01070 0.45700 
-1.01341 0.45800 
-1.01613 0.45900 
-1.01885 0.46000 
-1.02156 0.46100 
-1.02428 0.46200 
-1.02699 0.46300 
-1.02971 0.46400 
-1.03243 0.46500 
-1.03514 0.46600 
-1.03786 0.46700 
-1.04058 0.46800 
-1.04329 0.46900 
-1.04601 0.47000 
-1.04873 0.47100 
-1.05145 0.47200 
-1.05416 0.47300 
-1.05688 0.47400 
-1.05960 0.47500 
-1.06232 0.47600 
-1.06503 0.47700 
-1.06775 0.47800 
-1.07047 0.47900 
-1.07319 0.48000 
-1.07591 0.48100 
-1.07863 0.48200 
-1.08135 0.48300 
-1.08407 0.48400 
-1.08678 0.48500 
-1.08950 0.48600 
-1.09222 0.48700 
-1.09494 0.48800 
-1.09766 0.48900 
-1.10038 0.49000 
-1.10310 0.49100 
-1.10582 0.49200 
-1.10854 0.49300 
-1.11126 0.49400 
-1.11398 0.49500 
-1.11670 0.49600 
-1.11942 0.49700 
-1.12214 0.49800 
-1.12486 0.49900 
-1.12759 0.50000 
-1.13031 0.50100 
-1.13303 0.50200 
-1.13575 0.50300 
-1.13847 0.50400 
-1.14119 0.50500 
-1.14391 0.50600 
-1.14663 0.50700 
-1.14935 0.50800 
-1.15208 0.50900 
-1.15480 0.51000 
-1.15752 0.51100 
-1.16024 0.51200 
-1.16296 0.51300 
-1.16569 0.51400 
-1.16841 0.51500 
-1.17113 0.51600 
-1.17385 0.51700 
-1.17658 0.51800 
-1.17930 0.51900 
-1.18202 0.52000 
-1.18474 0.52100 
-1.18747 0.52200 
-1.19019 0.52300 
-1.19291 0.52400 
-1.19564 0.52500 
-1.19836 0.52600 
-1.20108 0.52700 
-1.20380 0.52800 
-1.20653 0.52900 
-1.20925 0.53000 
-1.21197 0.53100 
-1.21470 0.53200 
-1.21742 0.53300 
-1.22015 0.53400 
-1.22287 0.53500 
-1.22559 0.53600 
-1.22832 0.53700 
-1.23104 0.53800 
-1.23376 0.53900 
-1.23649 0.54000 
-1.23921 0.54100 
-1.24194 0.54200 
-1.24466 0.54300 
-1.24739 0.54400 
-1.25011 0.54500 
-1.25283 0.54600 
-1.25556 0.54700 
-1.25828 0.54800 
-1.26101 0.54900 
-1.26373 0.55000 
-1.26646 0.55100 
-1.26918 0.55200 
-1.27191 0.55300 
-1.27463 0.55400 
-1.27736 0.55500 
-1.28008 0.55600 
-1.28281 0.55700 
-1.28553 0.55800 
-1.28826 0.55900 
-1.29098 0.56000 
-1.29371 0.56100 
-1.29643 0.56200 
-1.29916 0.56300 
-1.30188 0.56400 
-1.30461 0.56500 
-1.30734 0.56600 
-1.31006 0.56700 
-1.31279 0.56800 
-1.31551 0.56900 
-1.31824 0.57000 
-1.32096 0.57100 
-1.32369 0.57200 
-1.32641 0.57300 
-1.32914 0.57400 
-1.33187 0.57500 
-1.33459 0.57600 
-1.33732 0.57700 
-1.34004 0.57800 
-1.34277 0.57900 
-1.34550 0.58000 
-1.34822 0.58100 
-1.35095 0.58200 
-1.35368 0.58300 
-1.35640 0.58400 
-1.35913 0.58500 
-1.36185 0.58600 
-1.36458 0.58700 
-1.36731 0.58800 
-1.37003 0.58900 
-1.37276 0.59000 
-1.37549 0.59100 
-1.37821 0.59200 
-1.38094 0.59300 
-1.38367 0.59400 
-1.38639 0.59500 
-1.38912 0.59600 
-1.39185 0.59700 
-1.39457 0.59800 
-1.39730 0.59900 
-1.40003 0.60000 
-1.40275 0.60100 
-1.40548 0.60200 
-1.40821 0.60300 
-1.41094 0.60400 
-1.41366 0.60500 
-1.41639 0.60600 
-1.41912 0.60700 
-1.42184 0.60800 
-1.42457 0.60900 
-1.42730 0.61000 
-1.43003 0.61100 
-1.43275 0.61200 
-1.43548 0.61300 
-1.43821 0.61400 
-1.44093 0.61500 
-1.44366 0.61600 
-1.44639 0.61700 
-1.44912 0.61800 
-1.45184 0.61900 
-1.45457 0.62000 
-1.45730 0.62100 
-1.46003 0.62200 
-1.46275 0.62300 
-1.46548 0.62400 
-1.46821 0.62500 
-1.47094 0.62600 
-1.47366 0.62700 
-1.47639 0.62800 
-1.47912 0.62900 
-1.48185 0.63000 
-1.48457 0.63100 
-1.48730 0.63200 
-1.49003 0.63300 
-1.49276 0.63400 
-1.49549 0.63500 
-1.49821 0.63600 
-1.50094 0.63700 
-1.50367 0.63800 
-1.50640 0.63900 
-1.50913 0.64000 
-1.51185 0.64100 
-1.51458 0.64200 
-1.51731 0.64300 
-1.52004 0.64400 
-1.52277 0.64500 
-1.52549 0.64600 
-1.52822 0.64700 
-1.53095 0.64800 
-1.53368 0.64900 
-1.53641 0.65000 
-1.53913 0.65100 
-1.54186 0.65200 
-1.54459 0.65300 
-1.54732 0.65400 
-1.55005 0.65500 
-1.55277 0.65600 
-1.55550 0.65700 
-1.55823 0.65800 
-1.56096 0.65900 
-1.56369 0.66000 
-1.56642 0.66100 
-1.56914 0.66200 
-1.57187 0.66300 
-1.57460 0.66400 
-1.57733 0.66500 
-1.58006 0.66600 
-1.58279 0.66700 
-1.58551 0.66800 
-1.58824 0.66900 
-1.59097 0.67000 
-1.59370 0.67100 
-1.59643 0.67200 
-1.59916 0.67300 
-1.60189 0.67400 
-1.60461 0.67500 
-1.60734 0.67600 
-1.61007 0.67700 
-1.61280 0.67800 
-1.61553 0.67900 
-1.61826 0.68000 
-1.62099 0.68100 
-1.62371 0.68200 
-1.62644 0.68300 
-1.62917 0.68400 
-1.63190 0.68500 
-1.63463 0.68600 
-1.63736 0.68700 
-1.64009 0.68800 
-1.64281 0.68900 
-1.64554 0.69000 
-1.64827 0.69100 
-1.65100 0.69200 
-1.65373 0.69300 
-1.65646 0.69400 
-1.65919 0.69500 
-1.66192 0.69600 
-1.66464 0.69700 
-1.66737 0.69800 
-1.67010 0.69900 
-1.67283 0.70000 
-1.67556 0.70100 
-1.67829 0.70200 
-1.68102 0.70300 
-1.68375 0.70400 
-1.68647 0.70500 
-1.68920 0.70600 
-1.69193 0.70700 
-1.69466 0.70800 
-1.69739 0.70900 
-1.70012 0.71000 
-1.70285 0.71100 
-1.70558 0.71200 
-1.70831 0.71300 
-1.71103 0.71400 
-1.71376 0.71500 
-1.71649 0.71600 
-1.71922 0.71700 
-1.72195 0.71800 
-1.72468 0.71900 
-1.72741 0.72000 
-1.73014 0.72100 
-1.73287 0.72200 
-1.73560 0.72300 
-1.73832 0.72400 
-1.74105 0.72500 
-1.74378 0.72600 
-1.74651 0.72700 
-1.74924 0.72800 
-1.75197 0.72900 
-1.75470 0.73000 
-1.75743 0.73100 
-1.76016 0.73200 
-1.76289 0.73300 
-1.76562 0.73400 
-1.76834 0.73500 
-1.77107 0.73600 
-1.77380 0.73700 
-1.77653 0.73800 
-1.77926 0.73900 
-1.78199 0.74000 
-1.78472 0.74100 
-1.78745 0.74200 
-1.79018 0.74300 
-1.79291 0.74400 
-1.79564 0.74500 
-1.79837 0.74600 
-1.80109 0.74700 
-1.80382 0.74800 
-1.80655 0.74900 
-1.80928 0.75000 
-1.81201 0.75100 
-1.81474 0.75200 
-1.81747 0.75300 
-1.82020 0.75400 
-1.82293 0.75500 
-1.82566 0.75600 
-1.82839 0.75700 
-1.83112 0.75800 
-1.83385 0.75900 
-1.83657 0.76000 
-1.83930 0.76100 
-1.84203 0.76200 
-1.84476 0.76300 
-1.84749 0.76400 
-1.85022 0.76500 
-1.85295 0.76600 
-1.85568 0.76700 
-1.85841 0.76800 
-1.86114 0.76900 
-1.86387 0.77000 
-1.86660 0.77100 
-1.86933 0.77200 
-1.87206 0.77300 
-1.87478 0.77400 
-1.87751 0.77500 
-1.88024 0.77600 
-1.88297 0.77700 
-1.88570 0.77800 
-1.88843 0.77900 
-1.89116 0.78000 
-1.89389 0.78100 
-1.89662 0.78200 
-1.89935 0.78300 
-1.90208 0.78400 
-1.90481 0.78500 
-1.90754 0.78600 
-1.91027 0.78700 
-1.91300 0.78800 
-1.91572 0.78900 
-1.91845 0.79000 
-1.92118 0.79100 
-1.92391 0.79200 
-1.92664 0.79300 
-1.92937 0.79400 
-1.93210 0.79500 
-1.93483 0.79600 
-1.93756 0.79700 
-1.94029 0.79800 
-1.94302 0.79900 
-1.94575 0.80000 
-1.94848 0.80100 
-1.95121 0.80200 
-1.95394 0.80300 
-1.95667 0.80400 
-1.95940 0.80500 
-1.96213 0.80600 
-1.96485 0.80700 
-1.96758 0.80800 
-1.97031 0.80900 
-1.97304 0.81000 
-1.97577 0.81100 
-1.97850 0.81200 
-1.98123 0.81300 
-1.98396 0.81400 
-1.98669 0.81500 
-1.98942 0.81600 
-1.99215 0.81700 
-1.99488 0.81800 
-1.99761 0.81900 
-2.00034 0.82000 
-2.00307 0.82100 
-2.00580 0.82200 
-2.00853 0.82300 
-2.01126 0.82400 
-2.01399 0.82500 
-2.01671 0.82600 
-2.01944 0.82700 
-2.02217 0.82800 
-2.02490 0.82900 
-2.02763 0.83000 
-2.03036 0.83100 
-2.03309 0.83200 
-2.03582 0.83300 
-2.03855 0.83400 
-2.04128 0.83500 
-2.04401 0.83600 
-2.04674 0.83700 
-2.04947 0.83800 
-2.05220 0.83900 
-2.05493 0.84000 
-2.05766 0.84100 
-2.06039 0.84200 
-2.06312 0.84300 
-2.06585 0.84400 
-2.06858 0.84500 
-2.07131 0.84600 
-2.07403 0.84700 
-2.07676 0.84800 
-2.07949 0.84900 
-2.08222 0.85000 
-2.08495 0.85100 
-2.08768 0.85200 
-2.09041 0.85300 
-2.09314 0.85400 
-2.09587 0.85500 
-2.09860 0.85600 
-2.10133 0.85700 
-2.10406 0.85800 
-2.10679 0.85900 
-2.10952 0.86000 
-2.11225 0.86100 
-2.11498 0.86200 
-2.11771 0.86300 
-2.12044 0.86400 
-2.12317 0.86500 
-2.12590 0.86600 
-2.12863 0.86700 
-2.13136 0.86800 
-2.13409 0.86900 
-2.13681 0.87000 
-2.13954 0.87100 
-2.14227 0.87200 
-2.14500 0.87300 
-2.14773 0.87400 
-2.15046 0.87500 
-2.15319 0.87600 
-2.15592 0.87700 
-2.15865 0.87800 
-2.16138 0.87900 
-2.16411 0.88000 
-2.16684 0.88100 
-2.16957 0.88200 
-2.17230 0.88300 
-2.17503 0.88400 
-2.17776 0.88500 
-2.18049 0.88600 
-2.18322 0.88700 
-2.18595 0.88800 
-2.18868 0.88900 
-2.19141 0.89000 
-2.19414 0.89100 
-2.19687 0.89200 
-2.19960 0.89300 
-2.20233 0.89400 
-2.20506 0.89500 
-2.20778 0.89600 
-2.21051 0.89700 
-2.21324 0.89800 
-2.21597 0.89900 
-2.21870 0.90000 
-2.22143 0.90100 
-2.22416 0.90200 
-2.22689 0.90300 
-2.22962 0.90400 
-2.23235 0.90500 
-2.23508 0.90600 
-2.23781 0.90700 
-2.24054 0.90800 
-2.24327 0.90900 
-2.24600 0.91000 
-2.24873 0.91100 
-2.25146 0.91200 
-2.25419 0.91300 
-2.25692 0.91400 
-2.25965 0.91500 
-2.26238 0.91600 
-2.26511 0.91700 
-2.26784 0.91800 
-2.27057 0.91900 
-2.27330 0.92000 
-2.27603 0.92100 
-2.27876 0.92200 
-2.28148 0.92300 
-2.28421 0.92400 
-2.28694 0.92500 
-2.28967 0.92600 
-2.29240 0.92700 
-2.29513 0.92800 
-2.29786 0.92900 
-2.30059 0.93000 
-2.30332 0.93100 
-2.30605 0.93200 
-2.30878 0.93300 
-2.31151 0.93400 
-2.31424 0.93500 
-2.31697 0.93600 
-2.31970 0.93700 
-2.32243 0.93800 
-2.32516 0.93900 
-2.32789 0.94000 
-2.33062 0.94100 
-2.33335 0.94200 
-2.33608 0.94300 
-2.33881 0.94400 
-2.34154 0.94500 
-2.34427 0.94600 
-2.34700 0.94700 
-2.34973 0.94800 
-2.35246 0.94900 
-2.35519 0.95000 
-2.35792 0.95100 
-2.36064 0.95200 
-2.36337 0.95300 
-2.36610 0.95400 
-2.36883 0.95500 
-2.37156 0.95600 
-2.37429 0.95700 
-2.37702 0.95800 
-2.37975 0.95900 
-2.38248 0.96000 
-2.38521 0.96100 
-2.38794 0.96200 
-2.39067 0.96300 
-2.39340 0.96400 
-2.39613 0.96500 
-2.39886 0.96600 
-2.40159 0.96700 
-2.40432 0.96800 
-2.40705 0.96900 
-2.40978 0.97000 
-2.41251 0.97100 
-2.41524 0.97200 
-2.41797 0.97300 
-2.42070 0.97400 
-2.42343 0.97500 
-2.42616 0.97600 
-2.42889 0.97700 
-2.43162 0.97800 
-2.43435 0.97900 
-2.43708 0.98000 
-2.43981 0.98100 
-2.44254 0.98200 
-2.44526 0.98300 
-2.44799 0.98400 
-2.45072 0.98500 
-2.45345 0.98600 
-2.45618 0.98700 
-2.45891 0.98800 
-2.46164 0.98900 
-2.46437 0.99000 
-2.46710 0.99100 
-2.46983 0.99200 
-2.47256 0.99300 
-2.47529 0.99400 
-2.47802 0.99500 
-2.48075 0.99600 
-2.48348 0.99700 
-2.48621 0.99800 
-2.48894 0.99900 
