0.00000 0.00000 
-0.03524 0.00100 
-0.09548 0.00200 
-0.15925 0.00300 
-0.22298 0.00400 
-0.28610 0.00500 
-0.34852 0.00600 
-0.41022 0.00700 
-0.47121 0.00800 
-0.53151 0.00900 
-0.59111 0.01000 
-0.65003 0.01100 
-0.70827 0.01200 
-0.76584 0.01300 
-0.82275 0.01400 
-0.87901 0.01500 
-0.93463 0.01600 
-0.98960 0.01700 
-1.04395 0.01800 
-1.09767 0.01900 
-1.15078 0.02000 
-1.20327 0.02100 
-1.25517 0.02200 
-1.30647 0.02300 
-1.35718 0.02400 
-1.40730 0.02500 
-1.45686 0.02600 
-1.50584 0.02700 
-1.55426 0.02800 
-1.60213 0.02900 
-1.64945 0.03000 
-1.69622 0.03100 
-1.74246 0.03200 
-1.78816 0.03300 
-1.83335 0.03400 
-1.87801 0.03500 
-1.92216 0.03600 
-1.96580 0.03700 
-2.00895 0.03800 
-2.05160 0.03900 
-2.09375 0.04000 
-2.13543 0.04100 
-2.17663 0.04200 
-2.21735 0.04300 
-2.25761 0.04400 
-2.29740 0.04500 
-2.33674 0.04600 
-2.37563 0.04700 
-2.41407 0.04800 
-2.45207 0.04900 
-2.48963 0.05000 
-2.52676 0.05100 
-2.56347 0.05200 
-2.59975 0.05300 
-2.63562 0.05400 
-2.67108 0.05500 
-2.70613 0.05600 
-2.74078 0.05700 
-2.77503 0.05800 
-2.80888 0.05900 
-2.84235 0.06000 
-2.87544 0.06100 
-2.90814 0.06200 
-2.94047 0.06300 
-2.97243 0.06400 
-3.00402 0.06500 
-3.03525 0.06600 
-3.06612 0.06700 
-3.09664 0.06800 
-3.12681 0.06900 
-3.15663 0.07000 
-3.18610 0.07100 
-3.21524 0.07200 
-3.24405 0.07300 
-3.27252 0.07400 
-3.30067 0.07500 
-3.32850 0.07600 
-3.35600 0.07700 
-3.38319 0.07800 
-3.41007 0.07900 
-3.43664 0.08000 
-3.46291 0.08100 
-3.48887 0.08200 
-3.51453 0.08300 
-3.53991 0.08400 
-3.56499 0.08500 
-3.58978 0.08600 
-3.61429 0.08700 
-3.63851 0.08800 
-3.66246 0.08900 
-3.68613 0.09000 
-3.70954 0.09100 
-3.73267 0.09200 
-3.75554 0.09300 
-3.77814 0.09400 
-3.80049 0.09500 
-3.82258 0.09600 
-3.84442 0.09700 
-3.86600 0.09800 
-3.88734 0.09900 
-3.90843 0.10000 
-3.92928 0.10100 
-3.94990 0.10200 
-3.97027 0.10300 
-3.99041 0.10400 
-4.01032 0.10500 
-4.03001 0.10600 
-4.04946 0.10700 
-4.06870 0.10800 
-4.08771 0.10900 
-4.10650 0.11000 
-4.12508 0.11100 
-4.14345 0.11200 
-4.16160 0.11300 
-4.17955 0.11400 
-4.19729 0.11500 
-4.21483 0.11600 
-4.23216 0.11700 
-4.24930 0.11800 
-4.26624 0.11900 
-4.28299 0.12000 
-4.29954 0.12100 
-4.31590 0.12200 
-4.33208 0.12300 
-4.34807 0.12400 
-4.36388 0.12500 
-4.37950 0.12600 
-4.39495 0.12700 
-4.41022 0.12800 
-4.42532 0.12900 
-4.44024 0.13000 
-4.45499 0.13100 
-4.46957 0.13200 
-4.48398 0.13300 
-4.49823 0.13400 
-4.51231 0.13500 
-4.52624 0.13600 
-4.54000 0.13700 
-4.55360 0.13800 
-4.56705 0.13900 
-4.58035 0.14000 
-4.59349 0.14100 
-4.60648 0.14200 
-4.61932 0.14300 
-4.63202 0.14400 
-4.64457 0.14500 
-4.65697 0.14600 
-4.66924 0.14700 
-4.68136 0.14800 
-4.69334 0.14900 
-4.70519 0.15000 
-4.71690 0.15100 
-4.72847 0.15200 
-4.73992 0.15300 
-4.75123 0.15400 
-4.76241 0.15500 
-4.77346 0.15600 
-4.78439 0.15700 
-4.79519 0.15800 
-4.80587 0.15900 
-4.81642 0.16000 
-4.82686 0.16100 
-4.83717 0.16200 
-4.84737 0.16300 
-4.85745 0.16400 
-4.86741 0.16500 
-4.87726 0.16600 
-4.88699 0.16700 
-4.89662 0.16800 
-4.90613 0.16900 
-4.91554 0.17000 
-4.92483 0.17100 
-4.93402 0.17200 
-4.94311 0.17300 
-4.95209 0.17400 
-4.96097 0.17500 
-4.96974 0.17600 
-4.97842 0.17700 
-4.98699 0.17800 
-4.99547 0.17900 
-5.00385 0.18000 
-5.01213 0.18100 
-5.02032 0.18200 
-5.02841 0.18300 
-5.03642 0.18400 
-5.04433 0.18500 
-5.05215 0.18600 
-5.05987 0.18700 
-5.06750 0.18800 
-5.07505 0.18900 
-5.08251 0.19000 
-5.08989 0.19100 
-5.09718 0.19200 
-5.10439 0.19300 
-5.11151 0.19400 
-5.11856 0.19500 
-5.12552 0.19600 
-5.13240 0.19700 
-5.13921 0.19800 
-5.14593 0.19900 
-5.15258 0.20000 
-5.15915 0.20100 
-5.16565 0.20200 
-5.17208 0.20300 
-5.17842 0.20400 
-5.18470 0.20500 
-5.19091 0.20600 
-5.19704 0.20700 
-5.20310 0.20800 
-5.20910 0.20900 
-5.21502 0.21000 
-5.22088 0.21100 
-5.22667 0.21200 
-5.23240 0.21300 
-5.23805 0.21400 
-5.24365 0.21500 
-5.24918 0.21600 
-5.25464 0.21700 
-5.26005 0.21800 
-5.26539 0.21900 
-5.27067 0.22000 
-5.27589 0.22100 
-5.28105 0.22200 
-5.28615 0.22300 
-5.29119 0.22400 
-5.29618 0.22500 
-5.30111 0.22600 
-5.30598 0.22700 
-5.31079 0.22800 
-5.31555 0.22900 
-5.32026 0.23000 
-5.32491 0.23100 
-5.32951 0.23200 
-5.33406 0.23300 
-5.33855 0.23400 
-5.34299 0.23500 
-5.34738 0.23600 
-5.35172 0.23700 
-5.35602 0.23800 
-5.36026 0.23900 
-5.36445 0.24000 
-5.36860 0.24100 
-5.37269 0.24200 
-5.37675 0.24300 
-5.38075 0.24400 
-5.38471 0.24500 
-5.38862 0.24600 
-5.39249 0.24700 
-5.39631 0.24800 
-5.40010 0.24900 
-5.40383 0.25000 
-5.40753 0.25100 
-5.41118 0.25200 
-5.41479 0.25300 
-5.41836 0.25400 
-5.42189 0.25500 
-5.42537 0.25600 
-5.42882 0.25700 
-5.43223 0.25800 
-5.43560 0.25900 
-5.43893 0.26000 
-5.44222 0.26100 
-5.44547 0.26200 
-5.44869 0.26300 
-5.45187 0.26400 
-5.45501 0.26500 
-5.45812 0.26600 
-5.46119 0.26700 
-5.46423 0.26800 
-5.46723 0.26900 
-5.47020 0.27000 
-5.47314 0.27100 
-5.47604 0.27200 
-5.47890 0.27300 
-5.48174 0.27400 
-5.48454 0.27500 
-5.48731 0.27600 
-5.49004 0.27700 
-5.49275 0.27800 
-5.49543 0.27900 
-5.49807 0.28000 
-5.50069 0.28100 
-5.50327 0.28200 
-5.50582 0.28300 
-5.50835 0.28400 
-5.51085 0.28500 
-5.51332 0.28600 
-5.51576 0.28700 
-5.51817 0.28800 
-5.52056 0.28900 
-5.52291 0.29000 
-5.52524 0.29100 
-5.52755 0.29200 
-5.52982 0.29300 
-5.53208 0.29400 
-5.53430 0.29500 
-5.53650 0.29600 
-5.53867 0.29700 
-5.54082 0.29800 
-5.54295 0.29900 
-5.54505 0.30000 
-5.54713 0.30100 
-5.54918 0.30200 
-5.55121 0.30300 
-5.55321 0.30400 
-5.55519 0.30500 
-5.55715 0.30600 
-5.55909 0.30700 
-5.56101 0.30800 
-5.56290 0.30900 
-5.56477 0.31000 
-5.56662 0.31100 
-5.56845 0.31200 
-5.57026 0.31300 
-5.57205 0.31400 
-5.57381 0.31500 
-5.57556 0.31600 
-5.57728 0.31700 
-5.57899 0.31800 
-5.58068 0.31900 
-5.58234 0.32000 
-5.58399 0.32100 
-5.58562 0.32200 
-5.58723 0.32300 
-5.58883 0.32400 
-5.59040 0.32500 
-5.59196 0.32600 
-5.59349 0.32700 
-5.59501 0.32800 
-5.59652 0.32900 
-5.59800 0.33000 
-5.59947 0.33100 
-5.60092 0.33200 
-5.60236 0.33300 
-5.60378 0.33400 
-5.60518 0.33500 
-5.60657 0.33600 
-5.60794 0.33700 
-5.60929 0.33800 
-5.61063 0.33900 
-5.61195 0.34000 
-5.61326 0.34100 
-5.61456 0.34200 
-5.61584 0.34300 
-5.61710 0.34400 
-5.61835 0.34500 
-5.61959 0.34600 
-5.62081 0.34700 
-5.62202 0.34800 
-5.62321 0.34900 
-5.62439 0.35000 
-5.62556 0.35100 
-5.62671 0.35200 
-5.62785 0.35300 
-5.62898 0.35400 
-5.63009 0.35500 
-5.63119 0.35600 
-5.63228 0.35700 
-5.63336 0.35800 
-5.63442 0.35900 
-5.63547 0.36000 
-5.63651 0.36100 
-5.63754 0.36200 
-5.63855 0.36300 
-5.63956 0.36400 
-5.64055 0.36500 
-5.64153 0.36600 
-5.64250 0.36700 
-5.64346 0.36800 
-5.64441 0.36900 
-5.64535 0.37000 
-5.64627 0.37100 
-5.64719 0.37200 
-5.64809 0.37300 
-5.64899 0.37400 
-5.64987 0.37500 
-5.65075 0.37600 
-5.65161 0.37700 
-5.65247 0.37800 
-5.65331 0.37900 
-5.65415 0.38000 
-5.65497 0.38100 
-5.65579 0.38200 
-5.65659 0.38300 
-5.65739 0.38400 
-5.65818 0.38500 
-5.65896 0.38600 
-5.65973 0.38700 
-5.66049 0.38800 
-5.66124 0.38900 
-5.66199 0.39000 
-5.66272 0.39100 
-5.66345 0.39200 
-5.66417 0.39300 
-5.66488 0.39400 
-5.66558 0.39500 
-5.66628 0.39600 
-5.66696 0.39700 
-5.66764 0.39800 
-5.66831 0.39900 
-5.66897 0.40000 
-5.66963 0.40100 
-5.67028 0.40200 
-5.67092 0.40300 
-5.67155 0.40400 
-5.67218 0.40500 
-5.67280 0.40600 
-5.67341 0.40700 
-5.67401 0.40800 
-5.67461 0.40900 
-5.67520 0.41000 
-5.67578 0.41100 
-5.67636 0.41200 
-5.67693 0.41300 
-5.67750 0.41400 
-5.67805 0.41500 
-5.67861 0.41600 
-5.67915 0.41700 
-5.67969 0.41800 
-5.68022 0.41900 
-5.68075 0.42000 
-5.68127 0.42100 
-5.68178 0.42200 
-5.68229 0.42300 
-5.68279 0.42400 
-5.68329 0.42500 
-5.68378 0.42600 
-5.68427 0.42700 
-5.68475 0.42800 
-5.68522 0.42900 
-5.68569 0.43000 
-5.68616 0.43100 
-5.68661 0.43200 
-5.68707 0.43300 
-5.68751 0.43400 
-5.68796 0.43500 
-5.68839 0.43600 
-5.68883 0.43700 
-5.68926 0.43800 
-5.68968 0.43900 
-5.69010 0.44000 
-5.69051 0.44100 
-5.69092 0.44200 
-5.69132 0.44300 
-5.69172 0.44400 
-5.69212 0.44500 
-5.69251 0.44600 
-5.69289 0.44700 
-5.69327 0.44800 
-5.69365 0.44900 
-5.69402 0.45000 
-5.69439 0.45100 
-5.69475 0.45200 
-5.69511 0.45300 
-5.69547 0.45400 
-5.69582 0.45500 
-5.69617 0.45600 
-5.69651 0.45700 
-5.69685 0.45800 
-5.69719 0.45900 
-5.69752 0.46000 
-5.69785 0.46100 
-5.69817 0.46200 
-5.69849 0.46300 
-5.69881 0.46400 
-5.69912 0.46500 
-5.69943 0.46600 
-5.69974 0.46700 
-5.70004 0.46800 
-5.70034 0.46900 
-5.70063 0.47000 
-5.70093 0.47100 
-5.70122 0.47200 
-5.70150 0.47300 
-5.70178 0.47400 
-5.70206 0.47500 
-5.70234 0.47600 
-5.70261 0.47700 
-5.70288 0.47800 
-5.70315 0.47900 
-5.70341 0.48000 
-5.70367 0.48100 
-5.70393 0.48200 
-5.70418 0.48300 
-5.70444 0.48400 
-5.70469 0.48500 
-5.70493 0.48600 
-5.70517 0.48700 
-5.70542 0.48800 
-5.70565 0.48900 
-5.70589 0.49000 
-5.70612 0.49100 
-5.70635 0.49200 
-5.70658 0.49300 
-5.70680 0.49400 
-5.70702 0.49500 
-5.70724 0.49600 
-5.70746 0.49700 
-5.70767 0.49800 
-5.70789 0.49900 
-5.70810 0.50000 
-5.70830 0.50100 
-5.70851 0.50200 
-5.70871 0.50300 
-5.70891 0.50400 
-5.70911 0.50500 
-5.70930 0.50600 
-5.70950 0.50700 
-5.70969 0.50800 
-5.70988 0.50900 
-5.71006 0.51000 
-5.71025 0.51100 
-5.71043 0.51200 
-5.71061 0.51300 
-5.71079 0.51400 
-5.71097 0.51500 
-5.71114 0.51600 
-5.71131 0.51700 
-5.71148 0.51800 
-5.71165 0.51900 
-5.71182 0.52000 
-5.71198 0.52100 
-5.71215 0.52200 
-5.71231 0.52300 
-5.71247 0.52400 
-5.71262 0.52500 
-5.71278 0.52600 
-5.71293 0.52700 
-5.71309 0.52800 
-5.71324 0.52900 
-5.71338 0.53000 
-5.71353 0.53100 
-5.71368 0.53200 
-5.71382 0.53300 
-5.71396 0.53400 
-5.71410 0.53500 
-5.71424 0.53600 
-5.71438 0.53700 
-5.71451 0.53800 
-5.71465 0.53900 
-5.71478 0.54000 
-5.71491 0.54100 
-5.71504 0.54200 
-5.71517 0.54300 
-5.71529 0.54400 
-5.71542 0.54500 
-5.71554 0.54600 
-5.71567 0.54700 
-5.71579 0.54800 
-5.71591 0.54900 
-5.71602 0.55000 
-5.71614 0.55100 
-5.71626 0.55200 
-5.71637 0.55300 
-5.71648 0.55400 
-5.71659 0.55500 
-5.71670 0.55600 
-5.71681 0.55700 
-5.71692 0.55800 
-5.71703 0.55900 
-5.71713 0.56000 
-5.71724 0.56100 
-5.71734 0.56200 
-5.71744 0.56300 
-5.71754 0.56400 
-5.71764 0.56500 
-5.71774 0.56600 
-5.71784 0.56700 
-5.71793 0.56800 
-5.71803 0.56900 
-5.71812 0.57000 
-5.71822 0.57100 
-5.71831 0.57200 
-5.71840 0.57300 
-5.71849 0.57400 
-5.71858 0.57500 
-5.71866 0.57600 
-5.71875 0.57700 
-5.71884 0.57800 
-5.71892 0.57900 
-5.71900 0.58000 
-5.71909 0.58100 
-5.71917 0.58200 
-5.71925 0.58300 
-5.71933 0.58400 
-5.71941 0.58500 
-5.71949 0.58600 
-5.71956 0.58700 
-5.71964 0.58800 
-5.71972 0.58900 
-5.71979 0.59000 
-5.71986 0.59100 
-5.71994 0.59200 
-5.72001 0.59300 
-5.72008 0.59400 
-5.72015 0.59500 
-5.72022 0.59600 
-5.72029 0.59700 
-5.72036 0.59800 
-5.72042 0.59900 
-5.72049 0.60000 
-5.72056 0.60100 
-5.72062 0.60200 
-5.72069 0.60300 
-5.72075 0.60400 
-5.72081 0.60500 
-5.72087 0.60600 
-5.72094 0.60700 
-5.72100 0.60800 
-5.72106 0.60900 
-5.72112 0.61000 
-5.72117 0.61100 
-5.72123 0.61200 
-5.72129 0.61300 
-5.72135 0.61400 
-5.72140 0.61500 
-5.72146 0.61600 
-5.72151 0.61700 
-5.72157 0.61800 
-5.72162 0.61900 
-5.72167 0.62000 
-5.72173 0.62100 
-5.72178 0.62200 
-5.72183 0.62300 
-5.72188 0.62400 
-5.72193 0.62500 
-5.72198 0.62600 
-5.72203 0.62700 
-5.72208 0.62800 
-5.72212 0.62900 
-5.72217 0.63000 
-5.72222 0.63100 
-5.72226 0.63200 
-5.72231 0.63300 
-5.72235 0.63400 
-5.72240 0.63500 
-5.72244 0.63600 
-5.72249 0.63700 
-5.72253 0.63800 
-5.72257 0.63900 
-5.72261 0.64000 
-5.72265 0.64100 
-5.72270 0.64200 
-5.72274 0.64300 
-5.72278 0.64400 
-5.72282 0.64500 
-5.72286 0.64600 
-5.72289 0.64700 
-5.72293 0.64800 
-5.72297 0.64900 
-5.72301 0.65000 
-5.72304 0.65100 
-5.72308 0.65200 
-5.72312 0.65300 
-5.72315 0.65400 
-5.72319 0.65500 
-5.72322 0.65600 
-5.72326 0.65700 
-5.72329 0.65800 
-5.72333 0.65900 
-5.72336 0.66000 
-5.72339 0.66100 
-5.72343 0.66200 
-5.72346 0.66300 
-5.72349 0.66400 
-5.72352 0.66500 
-5.72355 0.66600 
-5.72358 0.66700 
-5.72361 0.66800 
-5.72364 0.66900 
-5.72367 0.67000 
-5.72370 0.67100 
-5.72373 0.67200 
-5.72376 0.67300 
-5.72379 0.67400 
-5.72382 0.67500 
-5.72385 0.67600 
-5.72387 0.67700 
-5.72390 0.67800 
-5.72393 0.67900 
-5.72395 0.68000 
-5.72398 0.68100 
-5.72401 0.68200 
-5.72403 0.68300 
-5.72406 0.68400 
-5.72408 0.68500 
-5.72411 0.68600 
-5.72413 0.68700 
-5.72416 0.68800 
-5.72418 0.68900 
-5.72420 0.69000 
-5.72423 0.69100 
-5.72425 0.69200 
-5.72427 0.69300 
-5.72430 0.69400 
-5.72432 0.69500 
-5.72434 0.69600 
-5.72436 0.69700 
-5.72438 0.69800 
-5.72440 0.69900 
-5.72443 0.70000 
-5.72445 0.70100 
-5.72447 0.70200 
-5.72449 0.70300 
-5.72451 0.70400 
-5.72453 0.70500 
-5.72455 0.70600 
-5.72457 0.70700 
-5.72459 0.70800 
-5.72461 0.70900 
-5.72462 0.71000 
-5.72464 0.71100 
-5.72466 0.71200 
-5.72468 0.71300 
-5.72470 0.71400 
-5.72472 0.71500 
-5.72473 0.71600 
-5.72475 0.71700 
-5.72477 0.71800 
-5.72478 0.71900 
-5.72480 0.72000 
-5.72482 0.72100 
-5.72483 0.72200 
-5.72485 0.72300 
-5.72487 0.72400 
-5.72488 0.72500 
-5.72490 0.72600 
-5.72491 0.72700 
-5.72493 0.72800 
-5.72494 0.72900 
-5.72496 0.73000 
-5.72497 0.73100 
-5.72499 0.73200 
-5.72500 0.73300 
-5.72502 0.73400 
-5.72503 0.73500 
-5.72505 0.73600 
-5.72506 0.73700 
-5.72507 0.73800 
-5.72509 0.73900 
-5.72510 0.74000 
-5.72511 0.74100 
-5.72513 0.74200 
-5.72514 0.74300 
-5.72515 0.74400 
-5.72516 0.74500 
-5.72518 0.74600 
-5.72519 0.74700 
-5.72520 0.74800 
-5.72521 0.74900 
-5.72522 0.75000 
-5.72524 0.75100 
-5.72525 0.75200 
-5.72526 0.75300 
-5.72527 0.75400 
-5.72528 0.75500 
-5.72529 0.75600 
-5.72530 0.75700 
-5.72532 0.75800 
-5.72533 0.75900 
-5.72534 0.76000 
-5.72535 0.76100 
-5.72536 0.76200 
-5.72537 0.76300 
-5.72538 0.76400 
-5.72539 0.76500 
-5.72540 0.76600 
-5.72541 0.76700 
-5.72542 0.76800 
-5.72543 0.76900 
-5.72544 0.77000 
-5.72545 0.77100 
-5.72545 0.77200 
-5.72546 0.77300 
-5.72547 0.77400 
-5.72548 0.77500 
-5.72549 0.77600 
-5.72550 0.77700 
-5.72551 0.77800 
-5.72552 0.77900 
-5.72553 0.78000 
-5.72553 0.78100 
-5.72554 0.78200 
-5.72555 0.78300 
-5.72556 0.78400 
-5.72557 0.78500 
-5.72557 0.78600 
-5.72558 0.78700 
-5.72559 0.78800 
-5.72560 0.78900 
-5.72560 0.79000 
-5.72561 0.79100 
-5.72562 0.79200 
-5.72563 0.79300 
-5.72563 0.79400 
-5.72564 0.79500 
-5.72565 0.79600 
-5.72565 0.79700 
-5.72566 0.79800 
-5.72567 0.79900 
-5.72567 0.80000 
-5.72568 0.80100 
-5.72569 0.80200 
-5.72569 0.80300 
-5.72570 0.80400 
-5.72571 0.80500 
-5.72571 0.80600 
-5.72572 0.80700 
-5.72573 0.80800 
-5.72573 0.80900 
-5.72574 0.81000 
-5.72574 0.81100 
-5.72575 0.81200 
-5.72576 0.81300 
-5.72576 0.81400 
-5.72577 0.81500 
-5.72577 0.81600 
-5.72578 0.81700 
-5.72578 0.81800 
-5.72579 0.81900 
-5.72579 0.82000 
-5.72580 0.82100 
-5.72580 0.82200 
-5.72581 0.82300 
-5.72581 0.82400 
-5.72582 0.82500 
-5.72582 0.82600 
-5.72583 0.82700 
-5.72583 0.82800 
-5.72584 0.82900 
-5.72584 0.83000 
-5.72585 0.83100 
-5.72585 0.83200 
-5.72586 0.83300 
-5.72586 0.83400 
-5.72587 0.83500 
-5.72587 0.83600 
-5.72588 0.83700 
-5.72588 0.83800 
-5.72588 0.83900 
-5.72589 0.84000 
-5.72589 0.84100 
-5.72590 0.84200 
-5.72590 0.84300 
-5.72591 0.84400 
-5.72591 0.84500 
-5.72591 0.84600 
-5.72592 0.84700 
-5.72592 0.84800 
-5.72592 0.84900 
-5.72593 0.85000 
-5.72593 0.85100 
-5.72594 0.85200 
-5.72594 0.85300 
-5.72594 0.85400 
-5.72595 0.85500 
-5.72595 0.85600 
-5.72595 0.85700 
-5.72596 0.85800 
-5.72596 0.85900 
-5.72596 0.86000 
-5.72597 0.86100 
-5.72597 0.86200 
-5.72597 0.86300 
-5.72598 0.86400 
-5.72598 0.86500 
-5.72598 0.86600 
-5.72599 0.86700 
-5.72599 0.86800 
-5.72599 0.86900 
-5.72600 0.87000 
-5.72600 0.87100 
-5.72600 0.87200 
-5.72600 0.87300 
-5.72601 0.87400 
-5.72601 0.87500 
-5.72601 0.87600 
-5.72602 0.87700 
-5.72602 0.87800 
-5.72602 0.87900 
-5.72602 0.88000 
-5.72603 0.88100 
-5.72603 0.88200 
-5.72603 0.88300 
-5.72603 0.88400 
-5.72604 0.88500 
-5.72604 0.88600 
-5.72604 0.88700 
-5.72604 0.88800 
-5.72605 0.88900 
-5.72605 0.89000 
-5.72605 0.89100 
-5.72605 0.89200 
-5.72606 0.89300 
-5.72606 0.89400 
-5.72606 0.89500 
-5.72606 0.89600 
-5.72606 0.89700 
-5.72607 0.89800 
-5.72607 0.89900 
-5.72607 0.90000 
-5.72607 0.90100 
-5.72608 0.90200 
-5.72608 0.90300 
-5.72608 0.90400 
-5.72608 0.90500 
-5.72608 0.90600 
-5.72609 0.90700 
-5.72609 0.90800 
-5.72609 0.90900 
-5.72609 0.91000 
-5.72609 0.91100 
-5.72610 0.91200 
-5.72610 0.91300 
-5.72610 0.91400 
-5.72610 0.91500 
-5.72610 0.91600 
-5.72610 0.91700 
-5.72611 0.91800 
-5.72611 0.91900 
-5.72611 0.92000 
-5.72611 0.92100 
-5.72611 0.92200 
-5.72611 0.92300 
-5.72612 0.92400 
-5.72612 0.92500 
-5.72612 0.92600 
-5.72612 0.92700 
-5.72612 0.92800 
-5.72612 0.92900 
-5.72613 0.93000 
-5.72613 0.93100 
-5.72613 0.93200 
-5.72613 0.93300 
-5.72613 0.93400 
-5.72613 0.93500 
-5.72613 0.93600 
-5.72614 0.93700 
-5.72614 0.93800 
-5.72614 0.93900 
-5.72614 0.94000 
-5.72614 0.94100 
-5.72614 0.94200 
-5.72614 0.94300 
-5.72614 0.94400 
-5.72615 0.94500 
-5.72615 0.94600 
-5.72615 0.94700 
-5.72615 0.94800 
-5.72615 0.94900 
-5.72615 0.95000 
-5.72615 0.95100 
-5.72615 0.95200 
-5.72616 0.95300 
-5.72616 0.95400 
-5.72616 0.95500 
-5.72616 0.95600 
-5.72616 0.95700 
-5.72616 0.95800 
-5.72616 0.95900 
-5.72616 0.96000 
-5.72616 0.96100 
-5.72617 0.96200 
-5.72617 0.96300 
-5.72617 0.96400 
-5.72617 0.96500 
-5.72617 0.96600 
-5.72617 0.96700 
-5.72617 0.96800 
-5.72617 0.96900 
-5.72617 0.97000 
-5.72617 0.97100 
-5.72618 0.97200 
-5.72618 0.97300 
-5.72618 0.97400 
-5.72618 0.97500 
-5.72618 0.97600 
-5.72618 0.97700 
-5.72618 0.97800 
-5.72618 0.97900 
-5.72618 0.98000 
-5.72618 0.98100 
-5.72618 0.98200 
-5.72618 0.98300 
-5.72619 0.98400 
-5.72619 0.98500 
-5.72619 0.98600 
-5.72619 0.98700 
-5.72619 0.98800 
-5.72619 0.98900 
-5.72619 0.99000 
-5.72619 0.99100 
-5.72619 0.99200 
-5.72619 0.99300 
-5.72619 0.99400 
-5.72619 0.99500 
-5.72619 0.99600 
-5.72620 0.99700 
-5.72620 0.99800 
-5.72620 0.99900 
-5.72620 1.00000 
-5.72620 1.00100 
-5.72620 1.00200 
-5.72620 1.00300 
-5.72620 1.00400 
-5.72620 1.00500 
-5.72620 1.00600 
-5.72620 1.00700 
-5.72620 1.00800 
-5.72620 1.00900 
-5.72620 1.01000 
-5.72620 1.01100 
-5.72620 1.01200 
-5.72621 1.01300 
-5.72621 1.01400 
-5.72621 1.01500 
-5.72621 1.01600 
-5.72621 1.01700 
-5.72621 1.01800 
-5.72621 1.01900 
-5.72621 1.02000 
-5.72621 1.02100 
-5.72621 1.02200 
-5.72621 1.02300 
-5.72621 1.02400 
-5.72621 1.02500 
-5.72621 1.02600 
-5.72621 1.02700 
-5.72621 1.02800 
-5.72621 1.02900 
-5.72621 1.03000 
-5.72621 1.03100 
-5.72622 1.03200 
-5.72622 1.03300 
-5.72622 1.03400 
-5.72622 1.03500 
-5.72622 1.03600 
-5.72622 1.03700 
-5.72622 1.03800 
-5.72622 1.03900 
-5.72622 1.04000 
-5.72622 1.04100 
-5.72622 1.04200 
-5.72622 1.04300 
-5.72622 1.04400 
-5.72622 1.04500 
-5.72622 1.04600 
-5.72622 1.04700 
-5.72622 1.04800 
-5.72622 1.04900 
-5.72622 1.05000 
-5.72622 1.05100 
-5.72622 1.05200 
-5.72622 1.05300 
-5.72622 1.05400 
-5.72622 1.05500 
-5.72623 1.05600 
-5.72623 1.05700 
-5.72623 1.05800 
-5.72623 1.05900 
-5.72623 1.06000 
-5.72623 1.06100 
-5.72623 1.06200 
-5.72623 1.06300 
-5.72623 1.06400 
-5.72623 1.06500 
-5.72623 1.06600 
-5.72623 1.06700 
-5.72623 1.06800 
-5.72623 1.06900 
-5.72623 1.07000 
-5.72623 1.07100 
-5.72623 1.07200 
-5.72623 1.07300 
-5.72623 1.07400 
-5.72623 1.07500 
-5.72623 1.07600 
-5.72623 1.07700 
-5.72623 1.07800 
-5.72623 1.07900 
-5.72623 1.08000 
-5.72623 1.08100 
-5.72623 1.08200 
-5.72623 1.08300 
-5.72623 1.08400 
-5.72623 1.08500 
-5.72623 1.08600 
-5.72623 1.08700 
-5.72623 1.08800 
-5.72623 1.08900 
-5.72623 1.09000 
-5.72624 1.09100 
-5.72624 1.09200 
-5.72624 1.09300 
-5.72624 1.09400 
-5.72624 1.09500 
-5.72624 1.09600 
-5.72624 1.09700 
-5.72624 1.09800 
-5.72624 1.09900 
-5.72624 1.10000 
-5.72624 1.10100 
-5.72624 1.10200 
-5.72624 1.10300 
-5.72624 1.10400 
-5.72624 1.10500 
-5.72624 1.10600 
-5.72624 1.10700 
-5.72624 1.10800 
-5.72624 1.10900 
-5.72624 1.11000 
-5.72624 1.11100 
-5.72624 1.11200 
-5.72624 1.11300 
-5.72624 1.11400 
-5.72624 1.11500 
-5.72624 1.11600 
-5.72624 1.11700 
-5.72624 1.11800 
-5.72624 1.11900 
-5.72624 1.12000 
-5.72624 1.12100 
-5.72624 1.12200 
-5.72624 1.12300 
-5.72624 1.12400 
-5.72624 1.12500 
-5.72624 1.12600 
-5.72624 1.12700 
-5.72624 1.12800 
-5.72624 1.12900 
-5.72624 1.13000 
-5.72624 1.13100 
-5.72624 1.13200 
-5.72624 1.13300 
-5.72624 1.13400 
-5.72624 1.13500 
-5.72624 1.13600 
-5.72624 1.13700 
-5.72624 1.13800 
-5.72624 1.13900 
-5.72624 1.14000 
-5.72624 1.14100 
-5.72624 1.14200 
-5.72624 1.14300 
-5.72624 1.14400 
-5.72624 1.14500 
-5.72624 1.14600 
-5.72624 1.14700 
-5.72625 1.14800 
-5.72625 1.14900 
-5.72625 1.15000 
-5.72625 1.15100 
-5.72625 1.15200 
-5.72625 1.15300 
-5.72625 1.15400 
-5.72625 1.15500 
-5.72625 1.15600 
-5.72625 1.15700 
-5.72625 1.15800 
-5.72625 1.15900 
-5.72625 1.16000 
-5.72625 1.16100 
-5.72625 1.16200 
-5.72625 1.16300 
-5.72625 1.16400 
-5.72625 1.16500 
-5.72625 1.16600 
-5.72625 1.16700 
-5.72625 1.16800 
-5.72625 1.16900 
-5.72625 1.17000 
-5.72625 1.17100 
-5.72625 1.17200 
-5.72625 1.17300 
-5.72625 1.17400 
-5.72625 1.17500 
-5.72625 1.17600 
-5.72625 1.17700 
-5.72625 1.17800 
-5.72625 1.17900 
-5.72625 1.18000 
-5.72625 1.18100 
-5.72625 1.18200 
-5.72625 1.18300 
-5.72625 1.18400 
-5.72625 1.18500 
-5.72625 1.18600 
-5.72625 1.18700 
-5.72625 1.18800 
-5.72625 1.18900 
-5.72625 1.19000 
-5.72625 1.19100 
-5.72625 1.19200 
-5.72625 1.19300 
-5.72625 1.19400 
-5.72625 1.19500 
-5.72625 1.19600 
-5.72625 1.19700 
-5.72625 1.19800 
-5.72625 1.19900 
-5.72625 1.20000 
-5.72625 1.20100 
-5.72625 1.20200 
-5.72625 1.20300 
-5.72625 1.20400 
-5.72625 1.20500 
-5.72625 1.20600 
-5.72625 1.20700 
-5.72625 1.20800 
-5.72625 1.20900 
-5.72625 1.21000 
-5.72625 1.21100 
-5.72625 1.21200 
-5.72625 1.21300 
-5.72625 1.21400 
-5.72625 1.21500 
-5.72625 1.21600 
-5.72625 1.21700 
-5.72625 1.21800 
-5.72625 1.21900 
-5.72625 1.22000 
-5.72625 1.22100 
-5.72625 1.22200 
-5.72625 1.22300 
-5.72625 1.22400 
-5.72625 1.22500 
-5.72625 1.22600 
-5.72625 1.22700 
-5.72625 1.22800 
-5.72625 1.22900 
-5.72625 1.23000 
-5.72625 1.23100 
-5.72625 1.23200 
-5.72625 1.23300 
-5.72625 1.23400 
-5.72625 1.23500 
-5.72625 1.23600 
-5.72625 1.23700 
-5.72625 1.23800 
-5.72625 1.23900 
-5.72625 1.24000 
-5.72625 1.24100 
-5.72625 1.24200 
-5.72625 1.24300 
-5.72625 1.24400 
-5.72625 1.24500 
-5.72625 1.24600 
-5.72625 1.24700 
-5.72625 1.24800 
-5.72625 1.24900 
-5.72625 1.25000 
-5.72625 1.25100 
-5.72625 1.25200 
-5.72625 1.25300 
-5.72625 1.25400 
-5.72625 1.25500 
-5.72625 1.25600 
-5.72625 1.25700 
-5.72625 1.25800 
-5.72625 1.25900 
-5.72625 1.26000 
-5.72625 1.26100 
-5.72625 1.26200 
-5.72625 1.26300 
-5.72625 1.26400 
-5.72625 1.26500 
-5.72625 1.26600 
-5.72625 1.26700 
-5.72625 1.26800 
-5.72625 1.26900 
-5.72625 1.27000 
-5.72625 1.27100 
-5.72625 1.27200 
-5.72625 1.27300 
-5.72625 1.27400 
-5.72625 1.27500 
-5.72625 1.27600 
-5.72625 1.27700 
-5.72625 1.27800 
-5.72625 1.27900 
-5.72625 1.28000 
-5.72625 1.28100 
-5.72625 1.28200 
-5.72625 1.28300 
-5.72625 1.28400 
-5.72625 1.28500 
-5.72625 1.28600 
-5.72625 1.28700 
-5.72625 1.28800 
-5.72625 1.28900 
-5.72625 1.29000 
-5.72625 1.29100 
-5.72625 1.29200 
-5.72625 1.29300 
-5.72625 1.29400 
-5.72625 1.29500 
-5.72625 1.29600 
-5.72625 1.29700 
-5.72625 1.29800 
-5.72625 1.29900 
-5.72625 1.30000 
-5.72625 1.30100 
-5.72625 1.30200 
-5.72625 1.30300 
-5.72625 1.30400 
-5.72625 1.30500 
-5.72625 1.30600 
-5.72625 1.30700 
-5.72625 1.30800 
-5.72625 1.30900 
-5.72625 1.31000 
-5.72625 1.31100 
-5.72625 1.31200 
-5.72625 1.31300 
-5.72625 1.31400 
-5.72625 1.31500 
-5.72625 1.31600 
-5.72625 1.31700 
-5.72625 1.31800 
-5.72625 1.31900 
-5.72625 1.32000 
-5.72625 1.32100 
-5.72625 1.32200 
-5.72625 1.32300 
-5.72625 1.32400 
-5.72625 1.32500 
-5.72625 1.32600 
-5.72625 1.32700 
-5.72625 1.32800 
-5.72625 1.32900 
-5.72625 1.33000 
-5.72625 1.33100 
-5.72625 1.33200 
-5.72625 1.33300 
-5.72625 1.33400 
-5.72625 1.33500 
-5.72625 1.33600 
-5.72625 1.33700 
-5.72625 1.33800 
-5.72625 1.33900 
-5.72625 1.34000 
-5.72625 1.34100 
-5.72625 1.34200 
-5.72625 1.34300 
-5.72625 1.34400 
-5.72625 1.34500 
-5.72625 1.34600 
-5.72625 1.34700 
-5.72625 1.34800 
-5.72625 1.34900 
-5.72625 1.35000 
-5.72625 1.35100 
-5.72625 1.35200 
-5.72625 1.35300 
-5.72625 1.35400 
-5.72625 1.35500 
-5.72625 1.35600 
-5.72625 1.35700 
-5.72625 1.35800 
-5.72625 1.35900 
-5.72625 1.36000 
-5.72625 1.36100 
-5.72625 1.36200 
-5.72625 1.36300 
-5.72625 1.36400 
-5.72625 1.36500 
-5.72625 1.36600 
-5.72625 1.36700 
-5.72625 1.36800 
-5.72625 1.36900 
-5.72625 1.37000 
-5.72625 1.37100 
-5.72625 1.37200 
-5.72625 1.37300 
-5.72625 1.37400 
-5.72625 1.37500 
-5.72626 1.37600 
-5.72626 1.37700 
-5.72626 1.37800 
-5.72626 1.37900 
-5.72626 1.38000 
-5.72626 1.38100 
-5.72626 1.38200 
-5.72626 1.38300 
-5.72626 1.38400 
-5.72626 1.38500 
-5.72626 1.38600 
-5.72626 1.38700 
-5.72626 1.38800 
-5.72626 1.38900 
-5.72626 1.39000 
-5.72626 1.39100 
-5.72626 1.39200 
-5.72626 1.39300 
-5.72626 1.39400 
-5.72626 1.39500 
-5.72626 1.39600 
-5.72626 1.39700 
-5.72626 1.39800 
-5.72626 1.39900 
-5.72626 1.40000 
-5.72626 1.40100 
-5.72626 1.40200 
-5.72626 1.40300 
-5.72626 1.40400 
-5.72626 1.40500 
-5.72626 1.40600 
-5.72626 1.40700 
-5.72626 1.40800 
-5.72626 1.40900 
-5.72626 1.41000 
-5.72626 1.41100 
-5.72626 1.41200 
-5.72626 1.41300 
-5.72626 1.41400 
-5.72626 1.41500 
-5.72626 1.41600 
-5.72626 1.41700 
-5.72626 1.41800 
-5.72626 1.41900 
-5.72626 1.42000 
-5.72626 1.42100 
-5.72626 1.42200 
-5.72626 1.42300 
-5.72626 1.42400 
-5.72626 1.42500 
-5.72626 1.42600 
-5.72626 1.42700 
-5.72626 1.42800 
-5.72626 1.42900 
-5.72626 1.43000 
-5.72626 1.43100 
-5.72626 1.43200 
-5.72626 1.43300 
-5.72626 1.43400 
-5.72626 1.43500 
-5.72626 1.43600 
-5.72626 1.43700 
-5.72626 1.43800 
-5.72626 1.43900 
-5.72626 1.44000 
-5.72626 1.44100 
-5.72626 1.44200 
-5.72626 1.44300 
-5.72626 1.44400 
-5.72626 1.44500 
-5.72626 1.44600 
-5.72626 1.44700 
-5.72626 1.44800 
-5.72626 1.44900 
-5.72626 1.45000 
-5.72626 1.45100 
-5.72626 1.45200 
-5.72626 1.45300 
-5.72626 1.45400 
-5.72626 1.45500 
-5.72626 1.45600 
-5.72626 1.45700 
-5.72626 1.45800 
-5.72626 1.45900 
-5.72626 1.46000 
-5.72626 1.46100 
-5.72626 1.46200 
-5.72626 1.46300 
-5.72626 1.46400 
-5.72626 1.46500 
-5.72626 1.46600 
-5.72626 1.46700 
-5.72626 1.46800 
-5.72626 1.46900 
-5.72626 1.47000 
-5.72626 1.47100 
-5.72626 1.47200 
-5.72626 1.47300 
-5.72626 1.47400 
-5.72626 1.47500 
-5.72626 1.47600 
-5.72626 1.47700 
-5.72626 1.47800 
-5.72626 1.47900 
-5.72626 1.48000 
-5.72626 1.48100 
-5.72626 1.48200 
-5.72626 1.48300 
-5.72626 1.48400 
-5.72626 1.48500 
-5.72626 1.48600 
-5.72626 1.48700 
-5.72626 1.48800 
-5.72626 1.48900 
-5.72626 1.49000 
-5.72626 1.49100 
-5.72626 1.49200 
-5.72626 1.49300 
-5.72626 1.49400 
-5.72626 1.49500 
-5.72626 1.49600 
-5.72626 1.49700 
-5.72626 1.49800 
-5.72626 1.49900 
-5.72626 1.50000 
-5.72626 1.50100 
-5.72626 1.50200 
-5.72626 1.50300 
-5.72626 1.50400 
-5.72626 1.50500 
-5.72626 1.50600 
-5.72626 1.50700 
-5.72626 1.50800 
-5.72626 1.50900 
-5.72626 1.51000 
-5.72626 1.51100 
-5.72626 1.51200 
-5.72626 1.51300 
-5.72626 1.51400 
-5.72626 1.51500 
-5.72626 1.51600 
-5.72626 1.51700 
-5.72626 1.51800 
-5.72626 1.51900 
-5.72626 1.52000 
-5.72626 1.52100 
-5.72626 1.52200 
-5.72626 1.52300 
-5.72626 1.52400 
-5.72626 1.52500 
-5.72626 1.52600 
-5.72626 1.52700 
-5.72626 1.52800 
-5.72626 1.52900 
-5.72626 1.53000 
-5.72626 1.53100 
-5.72626 1.53200 
-5.72626 1.53300 
-5.72626 1.53400 
-5.72626 1.53500 
-5.72626 1.53600 
-5.72626 1.53700 
-5.72626 1.53800 
-5.72626 1.53900 
-5.72626 1.54000 
-5.72626 1.54100 
-5.72626 1.54200 
-5.72626 1.54300 
-5.72626 1.54400 
-5.72626 1.54500 
-5.72626 1.54600 
-5.72626 1.54700 
-5.72626 1.54800 
-5.72626 1.54900 
-5.72626 1.55000 
-5.72626 1.55100 
-5.72626 1.55200 
-5.72626 1.55300 
-5.72626 1.55400 
-5.72626 1.55500 
-5.72626 1.55600 
-5.72626 1.55700 
-5.72626 1.55800 
-5.72626 1.55900 
-5.72626 1.56000 
-5.72626 1.56100 
-5.72626 1.56200 
-5.72626 1.56300 
-5.72626 1.56400 
-5.72626 1.56500 
-5.72626 1.56600 
-5.72626 1.56700 
-5.72626 1.56800 
-5.72626 1.56900 
-5.72626 1.57000 
-5.72626 1.57100 
-5.72626 1.57200 
-5.72626 1.57300 
-5.72626 1.57400 
-5.72626 1.57500 
-5.72626 1.57600 
-5.72626 1.57700 
-5.72626 1.57800 
-5.72626 1.57900 
-5.72626 1.58000 
-5.72626 1.58100 
-5.72626 1.58200 
-5.72626 1.58300 
-5.72626 1.58400 
-5.72626 1.58500 
-5.72626 1.58600 
-5.72626 1.58700 
-5.72626 1.58800 
-5.72626 1.58900 
-5.72626 1.59000 
-5.72626 1.59100 
-5.72626 1.59200 
-5.72626 1.59300 
-5.72626 1.59400 
-5.72626 1.59500 
-5.72626 1.59600 
-5.72626 1.59700 
-5.72626 1.59800 
-5.72626 1.59900 
-5.72626 1.60000 
-5.72626 1.60100 
-5.72626 1.60200 
-5.72626 1.60300 
-5.72626 1.60400 
-5.72626 1.60500 
-5.72626 1.60600 
-5.72626 1.60700 
-5.72626 1.60800 
-5.72626 1.60900 
-5.72626 1.61000 
-5.72626 1.61100 
-5.72626 1.61200 
-5.72626 1.61300 
-5.72626 1.61400 
-5.72626 1.61500 
-5.72626 1.61600 
-5.72626 1.61700 
-5.72626 1.61800 
-5.72626 1.61900 
-5.72626 1.62000 
-5.72626 1.62100 
-5.72626 1.62200 
-5.72626 1.62300 
-5.72626 1.62400 
-5.72626 1.62500 
-5.72626 1.62600 
-5.72626 1.62700 
-5.72626 1.62800 
-5.72626 1.62900 
-5.72626 1.63000 
-5.72626 1.63100 
-5.72626 1.63200 
-5.72626 1.63300 
-5.72626 1.63400 
-5.72626 1.63500 
-5.72626 1.63600 
-5.72626 1.63700 
-5.72626 1.63800 
-5.72626 1.63900 
-5.72626 1.64000 
-5.72626 1.64100 
-5.72626 1.64200 
-5.72626 1.64300 
-5.72626 1.64400 
-5.72626 1.64500 
-5.72626 1.64600 
-5.72626 1.64700 
-5.72626 1.64800 
-5.72626 1.64900 
-5.72626 1.65000 
-5.72626 1.65100 
-5.72626 1.65200 
-5.72626 1.65300 
-5.72626 1.65400 
-5.72626 1.65500 
-5.72626 1.65600 
-5.72626 1.65700 
-5.72626 1.65800 
-5.72626 1.65900 
-5.72626 1.66000 
-5.72626 1.66100 
-5.72626 1.66200 
-5.72626 1.66300 
-5.72626 1.66400 
-5.72626 1.66500 
-5.72626 1.66600 
-5.72626 1.66700 
-5.72626 1.66800 
-5.72626 1.66900 
-5.72626 1.67000 
-5.72626 1.67100 
-5.72626 1.67200 
-5.72626 1.67300 
-5.72626 1.67400 
-5.72626 1.67500 
-5.72626 1.67600 
-5.72626 1.67700 
-5.72626 1.67800 
-5.72626 1.67900 
-5.72626 1.68000 
-5.72626 1.68100 
-5.72626 1.68200 
-5.72626 1.68300 
-5.72626 1.68400 
-5.72626 1.68500 
-5.72626 1.68600 
-5.72626 1.68700 
-5.72626 1.68800 
-5.72626 1.68900 
-5.72626 1.69000 
-5.72626 1.69100 
-5.72626 1.69200 
-5.72626 1.69300 
-5.72626 1.69400 
-5.72626 1.69500 
-5.72626 1.69600 
-5.72626 1.69700 
-5.72626 1.69800 
-5.72626 1.69900 
-5.72626 1.70000 
-5.72626 1.70100 
-5.72626 1.70200 
-5.72626 1.70300 
-5.72626 1.70400 
-5.72626 1.70500 
-5.72626 1.70600 
-5.72626 1.70700 
-5.72626 1.70800 
-5.72626 1.70900 
-5.72626 1.71000 
-5.72626 1.71100 
-5.72626 1.71200 
-5.72626 1.71300 
-5.72626 1.71400 
-5.72626 1.71500 
-5.72626 1.71600 
-5.72626 1.71700 
-5.72626 1.71800 
-5.72626 1.71900 
-5.72626 1.72000 
-5.72626 1.72100 
-5.72626 1.72200 
-5.72626 1.72300 
-5.72626 1.72400 
-5.72626 1.72500 
-5.72626 1.72600 
-5.72626 1.72700 
-5.72626 1.72800 
-5.72626 1.72900 
-5.72626 1.73000 
-5.72626 1.73100 
-5.72626 1.73200 
-5.72626 1.73300 
-5.72626 1.73400 
-5.72626 1.73500 
-5.72626 1.73600 
-5.72626 1.73700 
-5.72626 1.73800 
-5.72626 1.73900 
-5.72626 1.74000 
-5.72626 1.74100 
-5.72626 1.74200 
-5.72626 1.74300 
-5.72626 1.74400 
-5.72626 1.74500 
-5.72626 1.74600 
-5.72626 1.74700 
-5.72626 1.74800 
-5.72626 1.74900 
-5.72626 1.75000 
-5.72626 1.75100 
-5.72626 1.75200 
-5.72626 1.75300 
-5.72626 1.75400 
-5.72626 1.75500 
-5.72626 1.75600 
-5.72626 1.75700 
-5.72626 1.75800 
-5.72626 1.75900 
-5.72626 1.76000 
-5.72626 1.76100 
-5.72626 1.76200 
-5.72626 1.76300 
-5.72626 1.76400 
-5.72626 1.76500 
-5.72626 1.76600 
-5.72626 1.76700 
-5.72626 1.76800 
-5.72626 1.76900 
-5.72626 1.77000 
-5.72626 1.77100 
-5.72626 1.77200 
-5.72626 1.77300 
-5.72626 1.77400 
-5.72626 1.77500 
-5.72626 1.77600 
-5.72626 1.77700 
-5.72626 1.77800 
-5.72626 1.77900 
-5.72626 1.78000 
-5.72626 1.78100 
-5.72626 1.78200 
-5.72626 1.78300 
-5.72626 1.78400 
-5.72626 1.78500 
-5.72626 1.78600 
-5.72626 1.78700 
-5.72626 1.78800 
-5.72626 1.78900 
-5.72626 1.79000 
-5.72626 1.79100 
-5.72626 1.79200 
-5.72626 1.79300 
-5.72626 1.79400 
-5.72626 1.79500 
-5.72626 1.79600 
-5.72626 1.79700 
-5.72626 1.79800 
-5.72626 1.79900 
-5.72626 1.80000 
-5.72626 1.80100 
-5.72626 1.80200 
-5.72626 1.80300 
-5.72626 1.80400 
-5.72626 1.80500 
-5.72626 1.80600 
-5.72626 1.80700 
-5.72626 1.80800 
-5.72626 1.80900 
-5.72626 1.81000 
-5.72626 1.81100 
-5.72626 1.81200 
-5.72626 1.81300 
-5.72626 1.81400 
-5.72626 1.81500 
-5.72626 1.81600 
-5.72626 1.81700 
-5.72626 1.81800 
-5.72626 1.81900 
-5.72626 1.82000 
-5.72626 1.82100 
-5.72626 1.82200 
-5.72626 1.82300 
-5.72626 1.82400 
-5.72626 1.82500 
-5.72626 1.82600 
-5.72626 1.82700 
-5.72626 1.82800 
-5.72626 1.82900 
-5.72626 1.83000 
-5.72626 1.83100 
-5.72626 1.83200 
-5.72626 1.83300 
-5.72626 1.83400 
-5.72626 1.83500 
-5.72626 1.83600 
-5.72626 1.83700 
-5.72626 1.83800 
-5.72626 1.83900 
-5.72626 1.84000 
-5.72626 1.84100 
-5.72626 1.84200 
-5.72626 1.84300 
-5.72626 1.84400 
-5.72626 1.84500 
-5.72626 1.84600 
-5.72626 1.84700 
-5.72626 1.84800 
-5.72626 1.84900 
-5.72626 1.85000 
-5.72626 1.85100 
-5.72626 1.85200 
-5.72626 1.85300 
-5.72626 1.85400 
-5.72626 1.85500 
-5.72626 1.85600 
-5.72626 1.85700 
-5.72626 1.85800 
-5.72626 1.85900 
-5.72626 1.86000 
-5.72626 1.86100 
-5.72626 1.86200 
-5.72626 1.86300 
-5.72626 1.86400 
-5.72626 1.86500 
-5.72626 1.86600 
-5.72626 1.86700 
-5.72626 1.86800 
-5.72626 1.86900 
-5.72626 1.87000 
-5.72626 1.87100 
-5.72626 1.87200 
-5.72626 1.87300 
-5.72626 1.87400 
-5.72626 1.87500 
-5.72626 1.87600 
-5.72626 1.87700 
-5.72626 1.87800 
-5.72626 1.87900 
-5.72626 1.88000 
-5.72626 1.88100 
-5.72626 1.88200 
-5.72626 1.88300 
-5.72626 1.88400 
-5.72626 1.88500 
-5.72626 1.88600 
-5.72626 1.88700 
-5.72626 1.88800 
-5.72626 1.88900 
-5.72626 1.89000 
-5.72626 1.89100 
-5.72626 1.89200 
-5.72626 1.89300 
-5.72626 1.89400 
-5.72626 1.89500 
-5.72626 1.89600 
-5.72626 1.89700 
-5.72626 1.89800 
-5.72626 1.89900 
-5.72626 1.90000 
-5.72626 1.90100 
-5.72626 1.90200 
-5.72626 1.90300 
-5.72626 1.90400 
-5.72626 1.90500 
-5.72626 1.90600 
-5.72626 1.90700 
-5.72626 1.90800 
-5.72626 1.90900 
-5.72626 1.91000 
-5.72626 1.91100 
-5.72626 1.91200 
-5.72626 1.91300 
-5.72626 1.91400 
-5.72626 1.91500 
-5.72626 1.91600 
-5.72626 1.91700 
-5.72626 1.91800 
-5.72626 1.91900 
-5.72626 1.92000 
-5.72626 1.92100 
-5.72626 1.92200 
-5.72626 1.92300 
-5.72626 1.92400 
-5.72626 1.92500 
-5.72626 1.92600 
-5.72626 1.92700 
-5.72626 1.92800 
-5.72626 1.92900 
-5.72626 1.93000 
-5.72626 1.93100 
-5.72626 1.93200 
-5.72626 1.93300 
-5.72626 1.93400 
-5.72626 1.93500 
-5.72626 1.93600 
-5.72626 1.93700 
-5.72626 1.93800 
-5.72626 1.93900 
-5.72626 1.94000 
-5.72626 1.94100 
-5.72626 1.94200 
-5.72626 1.94300 
-5.72626 1.94400 
-5.72626 1.94500 
-5.72626 1.94600 
-5.72626 1.94700 
-5.72626 1.94800 
-5.72626 1.94900 
-5.72626 1.95000 
-5.72626 1.95100 
-5.72626 1.95200 
-5.72626 1.95300 
-5.72626 1.95400 
-5.72626 1.95500 
-5.72626 1.95600 
-5.72626 1.95700 
-5.72626 1.95800 
-5.72626 1.95900 
-5.72626 1.96000 
-5.72626 1.96100 
-5.72626 1.96200 
-5.72626 1.96300 
-5.72626 1.96400 
-5.72626 1.96500 
-5.72626 1.96600 
-5.72626 1.96700 
-5.72626 1.96800 
-5.72626 1.96900 
-5.72626 1.97000 
-5.72626 1.97100 
-5.72626 1.97200 
-5.72626 1.97300 
-5.72626 1.97400 
-5.72626 1.97500 
-5.72626 1.97600 
-5.72626 1.97700 
-5.72626 1.97800 
-5.72626 1.97900 
-5.72626 1.98000 
-5.72626 1.98100 
-5.72626 1.98200 
-5.72626 1.98300 
-5.72626 1.98400 
-5.72626 1.98500 
-5.72626 1.98600 
-5.72626 1.98700 
-5.72626 1.98800 
-5.72626 1.98900 
-5.72626 1.99000 
-5.72626 1.99100 
-5.72626 1.99200 
-5.72626 1.99300 
-5.72626 1.99400 
-5.72626 1.99500 
-5.72626 1.99600 
-5.72626 1.99700 
-5.72626 1.99800 
-5.72626 1.99900 
-5.72626 2.00000 
-5.72626 2.00100 
-5.72626 2.00200 
-5.72626 2.00300 
-5.72626 2.00400 
-5.72626 2.00500 
-5.72626 2.00600 
-5.72626 2.00700 
-5.72626 2.00800 
-5.72626 2.00900 
-5.72626 2.01000 
-5.72626 2.01100 
-5.72626 2.01200 
-5.72626 2.01300 
-5.72626 2.01400 
-5.72626 2.01500 
-5.72626 2.01600 
-5.72626 2.01700 
-5.72626 2.01800 
-5.72626 2.01900 
-5.72626 2.02000 
-5.72626 2.02100 
-5.72626 2.02200 
-5.72626 2.02300 
-5.72626 2.02400 
-5.72626 2.02500 
-5.72626 2.02600 
-5.72626 2.02700 
-5.72626 2.02800 
-5.72626 2.02900 
-5.72626 2.03000 
-5.72626 2.03100 
-5.72626 2.03200 
-5.72626 2.03300 
-5.72626 2.03400 
-5.72626 2.03500 
-5.72626 2.03600 
-5.72626 2.03700 
-5.72626 2.03800 
-5.72626 2.03900 
-5.72626 2.04000 
-5.72626 2.04100 
-5.72626 2.04200 
-5.72626 2.04300 
-5.72626 2.04400 
-5.72626 2.04500 
-5.72626 2.04600 
-5.72626 2.04700 
-5.72626 2.04800 
-5.72626 2.04900 
-5.72626 2.05000 
-5.72626 2.05100 
-5.72626 2.05200 
-5.72626 2.05300 
-5.72626 2.05400 
-5.72626 2.05500 
-5.72626 2.05600 
-5.72626 2.05700 
-5.72626 2.05800 
-5.72626 2.05900 
-5.72626 2.06000 
-5.72626 2.06100 
-5.72626 2.06200 
-5.72626 2.06300 
-5.72626 2.06400 
-5.72626 2.06500 
-5.72626 2.06600 
-5.72626 2.06700 
-5.72626 2.06800 
-5.72626 2.06900 
-5.72626 2.07000 
-5.72626 2.07100 
-5.72626 2.07200 
-5.72626 2.07300 
-5.72626 2.07400 
-5.72626 2.07500 
-5.72626 2.07600 
-5.72626 2.07700 
-5.72626 2.07800 
-5.72626 2.07900 
-5.72626 2.08000 
-5.72626 2.08100 
-5.72626 2.08200 
-5.72626 2.08300 
-5.72626 2.08400 
-5.72626 2.08500 
-5.72626 2.08600 
-5.72626 2.08700 
-5.72626 2.08800 
-5.72626 2.08900 
-5.72626 2.09000 
-5.72626 2.09100 
-5.72626 2.09200 
-5.72626 2.09300 
-5.72626 2.09400 
-5.72626 2.09500 
-5.72626 2.09600 
-5.72626 2.09700 
-5.72626 2.09800 
-5.72626 2.09900 
-5.72626 2.10000 
-5.72626 2.10100 
-5.72626 2.10200 
-5.72626 2.10300 
-5.72626 2.10400 
-5.72626 2.10500 
-5.72626 2.10600 
-5.72626 2.10700 
-5.72626 2.10800 
-5.72626 2.10900 
-5.72626 2.11000 
-5.72626 2.11100 
-5.72626 2.11200 
-5.72626 2.11300 
-5.72626 2.11400 
-5.72626 2.11500 
-5.72626 2.11600 
-5.72626 2.11700 
-5.72626 2.11800 
-5.72626 2.11900 
-5.72626 2.12000 
-5.72626 2.12100 
-5.72626 2.12200 
-5.72626 2.12300 
-5.72626 2.12400 
-5.72626 2.12500 
-5.72626 2.12600 
-5.72626 2.12700 
-5.72626 2.12800 
-5.72626 2.12900 
-5.72626 2.13000 
-5.72626 2.13100 
-5.72626 2.13200 
-5.72626 2.13300 
-5.72626 2.13400 
-5.72626 2.13500 
-5.72626 2.13600 
-5.72626 2.13700 
-5.72626 2.13800 
-5.72626 2.13900 
-5.72626 2.14000 
-5.72626 2.14100 
-5.72626 2.14200 
-5.72626 2.14300 
-5.72626 2.14400 
-5.72626 2.14500 
-5.72626 2.14600 
-5.72626 2.14700 
-5.72626 2.14800 
-5.72626 2.14900 
-5.72626 2.15000 
-5.72626 2.15100 
-5.72626 2.15200 
-5.72626 2.15300 
-5.72626 2.15400 
-5.72626 2.15500 
-5.72626 2.15600 
-5.72626 2.15700 
-5.72626 2.15800 
-5.72626 2.15900 
-5.72626 2.16000 
-5.72626 2.16100 
-5.72626 2.16200 
-5.72626 2.16300 
-5.72626 2.16400 
-5.72626 2.16500 
-5.72626 2.16600 
-5.72626 2.16700 
-5.72626 2.16800 
-5.72626 2.16900 
-5.72626 2.17000 
-5.72626 2.17100 
-5.72626 2.17200 
-5.72626 2.17300 
-5.72626 2.17400 
-5.72626 2.17500 
-5.72626 2.17600 
-5.72626 2.17700 
-5.72626 2.17800 
-5.72626 2.17900 
-5.72626 2.18000 
-5.72626 2.18100 
-5.72626 2.18200 
-5.72626 2.18300 
-5.72626 2.18400 
-5.72626 2.18500 
-5.72626 2.18600 
-5.72626 2.18700 
-5.72626 2.18800 
-5.72626 2.18900 
-5.72626 2.19000 
-5.72626 2.19100 
-5.72626 2.19200 
-5.72626 2.19300 
-5.72626 2.19400 
-5.72626 2.19500 
-5.72626 2.19600 
-5.72626 2.19700 
-5.72626 2.19800 
-5.72626 2.19900 
-5.72626 2.20000 
-5.72626 2.20100 
-5.72626 2.20200 
-5.72626 2.20300 
-5.72626 2.20400 
-5.72626 2.20500 
-5.72626 2.20600 
-5.72626 2.20700 
-5.72626 2.20800 
-5.72626 2.20900 
-5.72626 2.21000 
-5.72626 2.21100 
-5.72626 2.21200 
-5.72626 2.21300 
-5.72626 2.21400 
-5.72626 2.21500 
-5.72626 2.21600 
-5.72626 2.21700 
-5.72626 2.21800 
-5.72626 2.21900 
-5.72626 2.22000 
-5.72626 2.22100 
-5.72626 2.22200 
-5.72626 2.22300 
-5.72626 2.22400 
-5.72626 2.22500 
-5.72626 2.22600 
-5.72626 2.22700 
-5.72626 2.22800 
-5.72626 2.22900 
-5.72626 2.23000 
-5.72626 2.23100 
-5.72626 2.23200 
-5.72626 2.23300 
-5.72626 2.23400 
-5.72626 2.23500 
-5.72626 2.23600 
-5.72626 2.23700 
-5.72626 2.23800 
-5.72626 2.23900 
-5.72626 2.24000 
-5.72626 2.24100 
-5.72626 2.24200 
-5.72626 2.24300 
-5.72626 2.24400 
-5.72626 2.24500 
-5.72626 2.24600 
-5.72626 2.24700 
-5.72626 2.24800 
-5.72626 2.24900 
-5.72626 2.25000 
-5.72626 2.25100 
-5.72626 2.25200 
-5.72626 2.25300 
-5.72626 2.25400 
-5.72626 2.25500 
-5.72626 2.25600 
-5.72626 2.25700 
-5.72626 2.25800 
-5.72626 2.25900 
-5.72626 2.26000 
-5.72626 2.26100 
-5.72626 2.26200 
-5.72626 2.26300 
-5.72626 2.26400 
-5.72626 2.26500 
-5.72626 2.26600 
-5.72626 2.26700 
-5.72626 2.26800 
-5.72626 2.26900 
-5.72626 2.27000 
-5.72626 2.27100 
-5.72626 2.27200 
-5.72626 2.27300 
-5.72626 2.27400 
-5.72626 2.27500 
-5.72626 2.27600 
-5.72626 2.27700 
-5.72626 2.27800 
-5.72626 2.27900 
-5.72626 2.28000 
-5.72626 2.28100 
-5.72626 2.28200 
-5.72626 2.28300 
-5.72626 2.28400 
-5.72626 2.28500 
-5.72626 2.28600 
-5.72626 2.28700 
-5.72626 2.28800 
-5.72626 2.28900 
-5.72626 2.29000 
-5.72626 2.29100 
-5.72626 2.29200 
-5.72626 2.29300 
-5.72626 2.29400 
-5.72626 2.29500 
-5.72626 2.29600 
-5.72626 2.29700 
-5.72626 2.29800 
-5.72626 2.29900 
-5.72626 2.30000 
-5.72626 2.30100 
-5.72626 2.30200 
-5.72626 2.30300 
-5.72626 2.30400 
-5.72626 2.30500 
-5.72626 2.30600 
-5.72626 2.30700 
-5.72626 2.30800 
-5.72626 2.30900 
-5.72626 2.31000 
-5.72626 2.31100 
-5.72626 2.31200 
-5.72626 2.31300 
-5.72626 2.31400 
-5.72626 2.31500 
-5.72626 2.31600 
-5.72626 2.31700 
-5.72626 2.31800 
-5.72626 2.31900 
-5.72626 2.32000 
-5.72626 2.32100 
-5.72626 2.32200 
-5.72626 2.32300 
-5.72626 2.32400 
-5.72626 2.32500 
-5.72626 2.32600 
-5.72626 2.32700 
-5.72626 2.32800 
-5.72626 2.32900 
-5.72626 2.33000 
-5.72626 2.33100 
-5.72626 2.33200 
-5.72626 2.33300 
-5.72626 2.33400 
-5.72626 2.33500 
-5.72626 2.33600 
-5.72626 2.33700 
-5.72626 2.33800 
-5.72626 2.33900 
-5.72626 2.34000 
-5.72626 2.34100 
-5.72626 2.34200 
-5.72626 2.34300 
-5.72626 2.34400 
-5.72626 2.34500 
-5.72626 2.34600 
-5.72626 2.34700 
-5.72626 2.34800 
-5.72626 2.34900 
-5.72626 2.35000 
-5.72626 2.35100 
-5.72626 2.35200 
-5.72626 2.35300 
-5.72626 2.35400 
-5.72626 2.35500 
-5.72626 2.35600 
-5.72626 2.35700 
-5.72626 2.35800 
-5.72626 2.35900 
-5.72626 2.36000 
-5.72626 2.36100 
-5.72626 2.36200 
-5.72626 2.36300 
-5.72626 2.36400 
-5.72626 2.36500 
-5.72626 2.36600 
-5.72626 2.36700 
-5.72626 2.36800 
-5.72626 2.36900 
-5.72626 2.37000 
-5.72626 2.37100 
-5.72626 2.37200 
-5.72626 2.37300 
-5.72626 2.37400 
-5.72626 2.37500 
-5.72626 2.37600 
-5.72626 2.37700 
-5.72626 2.37800 
-5.72626 2.37900 
-5.72626 2.38000 
-5.72626 2.38100 
-5.72626 2.38200 
-5.72626 2.38300 
-5.72626 2.38400 
-5.72626 2.38500 
-5.72626 2.38600 
-5.72626 2.38700 
-5.72626 2.38800 
-5.72626 2.38900 
-5.72626 2.39000 
-5.72626 2.39100 
-5.72626 2.39200 
-5.72626 2.39300 
-5.72626 2.39400 
-5.72626 2.39500 
-5.72626 2.39600 
-5.72626 2.39700 
-5.72626 2.39800 
-5.72626 2.39900 
-5.72626 2.40000 
-5.72626 2.40100 
-5.72626 2.40200 
-5.72626 2.40300 
-5.72626 2.40400 
-5.72626 2.40500 
-5.72626 2.40600 
-5.72626 2.40700 
-5.72626 2.40800 
-5.72626 2.40900 
-5.72626 2.41000 
-5.72626 2.41100 
-5.72626 2.41200 
-5.72626 2.41300 
-5.72626 2.41400 
-5.72626 2.41500 
-5.72626 2.41600 
-5.72626 2.41700 
-5.72626 2.41800 
-5.72626 2.41900 
-5.72626 2.42000 
-5.72626 2.42100 
-5.72626 2.42200 
-5.72626 2.42300 
-5.72626 2.42400 
-5.72626 2.42500 
-5.72626 2.42600 
-5.72626 2.42700 
-5.72626 2.42800 
-5.72626 2.42900 
-5.72626 2.43000 
-5.72626 2.43100 
-5.72626 2.43200 
-5.72626 2.43300 
-5.72626 2.43400 
-5.72626 2.43500 
-5.72626 2.43600 
-5.72626 2.43700 
-5.72626 2.43800 
-5.72626 2.43900 
-5.72626 2.44000 
-5.72626 2.44100 
-5.72626 2.44200 
-5.72626 2.44300 
-5.72626 2.44400 
-5.72626 2.44500 
-5.72626 2.44600 
-5.72626 2.44700 
-5.72626 2.44800 
-5.72626 2.44900 
-5.72626 2.45000 
-5.72626 2.45100 
-5.72626 2.45200 
-5.72626 2.45300 
-5.72626 2.45400 
-5.72626 2.45500 
-5.72626 2.45600 
-5.72626 2.45700 
-5.72626 2.45800 
-5.72626 2.45900 
-5.72626 2.46000 
-5.72626 2.46100 
-5.72626 2.46200 
-5.72626 2.46300 
-5.72626 2.46400 
-5.72626 2.46500 
-5.72626 2.46600 
-5.72626 2.46700 
-5.72626 2.46800 
-5.72626 2.46900 
-5.72626 2.47000 
-5.72626 2.47100 
-5.72626 2.47200 
-5.72626 2.47300 
-5.72626 2.47400 
-5.72626 2.47500 
-5.72626 2.47600 
-5.72626 2.47700 
-5.72626 2.47800 
-5.72626 2.47900 
-5.72626 2.48000 
-5.72626 2.48100 
-5.72626 2.48200 
-5.72626 2.48300 
-5.72626 2.48400 
-5.72626 2.48500 
-5.72626 2.48600 
-5.72626 2.48700 
-5.72626 2.48800 
-5.72626 2.48900 
-5.72626 2.49000 
-5.72626 2.49100 
-5.72626 2.49200 
-5.72626 2.49300 
-5.72626 2.49400 
-5.72626 2.49500 
-5.72626 2.49600 
-5.72626 2.49700 
-5.72626 2.49800 
-5.72626 2.49900 
-5.72626 2.50000 
-5.72626 2.50100 
-5.72626 2.50200 
-5.72626 2.50300 
-5.72626 2.50400 
-5.72626 2.50500 
-5.72626 2.50600 
-5.72626 2.50700 
-5.72626 2.50800 
-5.72626 2.50900 
-5.72626 2.51000 
-5.72626 2.51100 
-5.72626 2.51200 
-5.72626 2.51300 
-5.72626 2.51400 
-5.72626 2.51500 
-5.72626 2.51600 
-5.72626 2.51700 
-5.72626 2.51800 
-5.72626 2.51900 
-5.72626 2.52000 
-5.72626 2.52100 
-5.72626 2.52200 
-5.72626 2.52300 
-5.72626 2.52400 
-5.72626 2.52500 
-5.72626 2.52600 
-5.72626 2.52700 
-5.72626 2.52800 
-5.72626 2.52900 
-5.72626 2.53000 
-5.72626 2.53100 
-5.72626 2.53200 
-5.72626 2.53300 
-5.72626 2.53400 
-5.72626 2.53500 
-5.72626 2.53600 
-5.72626 2.53700 
-5.72626 2.53800 
-5.72626 2.53900 
-5.72626 2.54000 
-5.72626 2.54100 
-5.72626 2.54200 
-5.72626 2.54300 
-5.72626 2.54400 
-5.72626 2.54500 
-5.72626 2.54600 
-5.72626 2.54700 
-5.72626 2.54800 
-5.72626 2.54900 
-5.72626 2.55000 
-5.72626 2.55100 
-5.72626 2.55200 
-5.72626 2.55300 
-5.72626 2.55400 
-5.72626 2.55500 
-5.72626 2.55600 
-5.72626 2.55700 
-5.72626 2.55800 
-5.72626 2.55900 
-5.72626 2.56000 
-5.72626 2.56100 
-5.72626 2.56200 
-5.72626 2.56300 
-5.72626 2.56400 
-5.72626 2.56500 
-5.72626 2.56600 
-5.72626 2.56700 
-5.72626 2.56800 
-5.72626 2.56900 
-5.72626 2.57000 
-5.72626 2.57100 
-5.72626 2.57200 
-5.72626 2.57300 
-5.72626 2.57400 
-5.72626 2.57500 
-5.72626 2.57600 
-5.72626 2.57700 
-5.72626 2.57800 
-5.72626 2.57900 
-5.72626 2.58000 
-5.72626 2.58100 
-5.72626 2.58200 
-5.72626 2.58300 
-5.72626 2.58400 
-5.72626 2.58500 
-5.72626 2.58600 
-5.72626 2.58700 
-5.72626 2.58800 
-5.72626 2.58900 
-5.72626 2.59000 
-5.72626 2.59100 
-5.72626 2.59200 
-5.72626 2.59300 
-5.72626 2.59400 
-5.72626 2.59500 
-5.72626 2.59600 
-5.72626 2.59700 
-5.72626 2.59800 
-5.72626 2.59900 
-5.72626 2.60000 
-5.72626 2.60100 
-5.72626 2.60200 
-5.72626 2.60300 
-5.72626 2.60400 
-5.72626 2.60500 
-5.72626 2.60600 
-5.72626 2.60700 
-5.72626 2.60800 
-5.72626 2.60900 
-5.72626 2.61000 
-5.72626 2.61100 
-5.72626 2.61200 
-5.72626 2.61300 
-5.72626 2.61400 
-5.72626 2.61500 
-5.72626 2.61600 
-5.72626 2.61700 
-5.72626 2.61800 
-5.72626 2.61900 
-5.72626 2.62000 
-5.72626 2.62100 
-5.72626 2.62200 
-5.72626 2.62300 
-5.72626 2.62400 
-5.72626 2.62500 
-5.72626 2.62600 
-5.72626 2.62700 
-5.72626 2.62800 
-5.72626 2.62900 
-5.72626 2.63000 
-5.72626 2.63100 
-5.72626 2.63200 
-5.72626 2.63300 
-5.72626 2.63400 
-5.72626 2.63500 
-5.72626 2.63600 
-5.72626 2.63700 
-5.72626 2.63800 
-5.72626 2.63900 
-5.72626 2.64000 
-5.72626 2.64100 
-5.72626 2.64200 
-5.72626 2.64300 
-5.72626 2.64400 
-5.72626 2.64500 
-5.72626 2.64600 
-5.72626 2.64700 
-5.72626 2.64800 
-5.72626 2.64900 
-5.72626 2.65000 
-5.72626 2.65100 
-5.72626 2.65200 
-5.72626 2.65300 
-5.72626 2.65400 
-5.72626 2.65500 
-5.72626 2.65600 
-5.72626 2.65700 
-5.72626 2.65800 
-5.72626 2.65900 
-5.72626 2.66000 
-5.72626 2.66100 
-5.72626 2.66200 
-5.72626 2.66300 
-5.72626 2.66400 
-5.72626 2.66500 
-5.72626 2.66600 
-5.72626 2.66700 
-5.72626 2.66800 
-5.72626 2.66900 
-5.72626 2.67000 
-5.72626 2.67100 
-5.72626 2.67200 
-5.72626 2.67300 
-5.72626 2.67400 
-5.72626 2.67500 
-5.72626 2.67600 
-5.72626 2.67700 
-5.72626 2.67800 
-5.72626 2.67900 
-5.72626 2.68000 
-5.72626 2.68100 
-5.72626 2.68200 
-5.72626 2.68300 
-5.72626 2.68400 
-5.72626 2.68500 
-5.72626 2.68600 
-5.72626 2.68700 
-5.72626 2.68800 
-5.72626 2.68900 
-5.72626 2.69000 
-5.72626 2.69100 
-5.72626 2.69200 
-5.72626 2.69300 
-5.72626 2.69400 
-5.72626 2.69500 
-5.72626 2.69600 
-5.72626 2.69700 
-5.72626 2.69800 
-5.72626 2.69900 
-5.72626 2.70000 
-5.72626 2.70100 
-5.72626 2.70200 
-5.72626 2.70300 
-5.72626 2.70400 
-5.72626 2.70500 
-5.72626 2.70600 
-5.72626 2.70700 
-5.72626 2.70800 
-5.72626 2.70900 
-5.72626 2.71000 
-5.72626 2.71100 
-5.72626 2.71200 
-5.72626 2.71300 
-5.72626 2.71400 
-5.72626 2.71500 
-5.72626 2.71600 
-5.72626 2.71700 
-5.72626 2.71800 
-5.72626 2.71900 
-5.72626 2.72000 
-5.72626 2.72100 
-5.72626 2.72200 
-5.72626 2.72300 
-5.72626 2.72400 
-5.72626 2.72500 
-5.72626 2.72600 
-5.72626 2.72700 
-5.72626 2.72800 
-5.72626 2.72900 
-5.72626 2.73000 
-5.72626 2.73100 
-5.72626 2.73200 
-5.72626 2.73300 
-5.72626 2.73400 
-5.72626 2.73500 
-5.72626 2.73600 
-5.72626 2.73700 
-5.72626 2.73800 
-5.72626 2.73900 
-5.72626 2.74000 
-5.72626 2.74100 
-5.72626 2.74200 
-5.72626 2.74300 
-5.72626 2.74400 
-5.72626 2.74500 
-5.72626 2.74600 
-5.72626 2.74700 
-5.72626 2.74800 
-5.72626 2.74900 
-5.72626 2.75000 
-5.72626 2.75100 
-5.72626 2.75200 
-5.72626 2.75300 
-5.72626 2.75400 
-5.72626 2.75500 
-5.72626 2.75600 
-5.72626 2.75700 
-5.72626 2.75800 
-5.72626 2.75900 
-5.72626 2.76000 
-5.72626 2.76100 
-5.72626 2.76200 
-5.72626 2.76300 
-5.72626 2.76400 
-5.72626 2.76500 
-5.72626 2.76600 
-5.72626 2.76700 
-5.72626 2.76800 
-5.72626 2.76900 
-5.72626 2.77000 
-5.72626 2.77100 
-5.72626 2.77200 
-5.72626 2.77300 
-5.72626 2.77400 
-5.72626 2.77500 
-5.72626 2.77600 
-5.72626 2.77700 
-5.72626 2.77800 
-5.72626 2.77900 
-5.72626 2.78000 
-5.72626 2.78100 
-5.72626 2.78200 
-5.72626 2.78300 
-5.72626 2.78400 
-5.72626 2.78500 
-5.72626 2.78600 
-5.72626 2.78700 
-5.72626 2.78800 
-5.72626 2.78900 
-5.72626 2.79000 
-5.72626 2.79100 
-5.72626 2.79200 
-5.72626 2.79300 
-5.72626 2.79400 
-5.72626 2.79500 
-5.72626 2.79600 
-5.72626 2.79700 
-5.72626 2.79800 
-5.72626 2.79900 
-5.72626 2.80000 
-5.72626 2.80100 
-5.72626 2.80200 
-5.72626 2.80300 
-5.72626 2.80400 
-5.72626 2.80500 
-5.72626 2.80600 
-5.72626 2.80700 
-5.72626 2.80800 
-5.72626 2.80900 
-5.72626 2.81000 
-5.72626 2.81100 
-5.72626 2.81200 
-5.72626 2.81300 
-5.72626 2.81400 
-5.72626 2.81500 
-5.72626 2.81600 
-5.72626 2.81700 
-5.72626 2.81800 
-5.72626 2.81900 
-5.72626 2.82000 
-5.72626 2.82100 
-5.72626 2.82200 
-5.72626 2.82300 
-5.72626 2.82400 
-5.72626 2.82500 
-5.72626 2.82600 
-5.72626 2.82700 
-5.72626 2.82800 
-5.72626 2.82900 
-5.72626 2.83000 
-5.72626 2.83100 
-5.72626 2.83200 
-5.72626 2.83300 
-5.72626 2.83400 
-5.72626 2.83500 
-5.72626 2.83600 
-5.72626 2.83700 
-5.72626 2.83800 
-5.72626 2.83900 
-5.72626 2.84000 
-5.72626 2.84100 
-5.72626 2.84200 
-5.72626 2.84300 
-5.72626 2.84400 
-5.72626 2.84500 
-5.72626 2.84600 
-5.72626 2.84700 
-5.72626 2.84800 
-5.72626 2.84900 
-5.72626 2.85000 
-5.72626 2.85100 
-5.72626 2.85200 
-5.72626 2.85300 
-5.72626 2.85400 
-5.72626 2.85500 
-5.72626 2.85600 
-5.72626 2.85700 
-5.72626 2.85800 
-5.72626 2.85900 
-5.72626 2.86000 
-5.72626 2.86100 
-5.72626 2.86200 
-5.72626 2.86300 
-5.72626 2.86400 
-5.72626 2.86500 
-5.72626 2.86600 
-5.72626 2.86700 
-5.72626 2.86800 
-5.72626 2.86900 
-5.72626 2.87000 
-5.72626 2.87100 
-5.72626 2.87200 
-5.72626 2.87300 
-5.72626 2.87400 
-5.72626 2.87500 
-5.72626 2.87600 
-5.72626 2.87700 
-5.72626 2.87800 
-5.72626 2.87900 
-5.72626 2.88000 
-5.72626 2.88100 
-5.72626 2.88200 
-5.72626 2.88300 
-5.72626 2.88400 
-5.72626 2.88500 
-5.72626 2.88600 
-5.72626 2.88700 
-5.72626 2.88800 
-5.72626 2.88900 
-5.72626 2.89000 
-5.72626 2.89100 
-5.72626 2.89200 
-5.72626 2.89300 
-5.72626 2.89400 
-5.72626 2.89500 
-5.72626 2.89600 
-5.72626 2.89700 
-5.72626 2.89800 
-5.72626 2.89900 
-5.72626 2.90000 
-5.72626 2.90100 
-5.72626 2.90200 
-5.72626 2.90300 
-5.72626 2.90400 
-5.72626 2.90500 
-5.72626 2.90600 
-5.72626 2.90700 
-5.72626 2.90800 
-5.72626 2.90900 
-5.72626 2.91000 
-5.72626 2.91100 
-5.72626 2.91200 
-5.72626 2.91300 
-5.72626 2.91400 
-5.72626 2.91500 
-5.72626 2.91600 
-5.72626 2.91700 
-5.72626 2.91800 
-5.72626 2.91900 
-5.72626 2.92000 
-5.72626 2.92100 
-5.72626 2.92200 
-5.72626 2.92300 
-5.72626 2.92400 
-5.72626 2.92500 
-5.72626 2.92600 
-5.72626 2.92700 
-5.72626 2.92800 
-5.72626 2.92900 
-5.72626 2.93000 
-5.72626 2.93100 
-5.72626 2.93200 
-5.72626 2.93300 
-5.72626 2.93400 
-5.72626 2.93500 
-5.72626 2.93600 
-5.72626 2.93700 
-5.72626 2.93800 
-5.72626 2.93900 
-5.72626 2.94000 
-5.72626 2.94100 
-5.72626 2.94200 
-5.72626 2.94300 
-5.72626 2.94400 
-5.72626 2.94500 
-5.72626 2.94600 
-5.72626 2.94700 
-5.72626 2.94800 
-5.72626 2.94900 
-5.72626 2.95000 
-5.72626 2.95100 
-5.72626 2.95200 
-5.72626 2.95300 
-5.72626 2.95400 
-5.72626 2.95500 
-5.72626 2.95600 
-5.72626 2.95700 
-5.72626 2.95800 
-5.72626 2.95900 
-5.72626 2.96000 
-5.72626 2.96100 
-5.72626 2.96200 
-5.72626 2.96300 
-5.72626 2.96400 
-5.72626 2.96500 
-5.72626 2.96600 
-5.72626 2.96700 
-5.72626 2.96800 
-5.72626 2.96900 
-5.72626 2.97000 
-5.72626 2.97100 
-5.72626 2.97200 
-5.72626 2.97300 
-5.72626 2.97400 
-5.72626 2.97500 
-5.72626 2.97600 
-5.72626 2.97700 
-5.72626 2.97800 
-5.72626 2.97900 
-5.72626 2.98000 
-5.72626 2.98100 
-5.72626 2.98200 
-5.72626 2.98300 
-5.72626 2.98400 
-5.72626 2.98500 
-5.72626 2.98600 
-5.72626 2.98700 
-5.72626 2.98800 
-5.72626 2.98900 
-5.72626 2.99000 
-5.72626 2.99100 
-5.72626 2.99200 
-5.72626 2.99300 
-5.72626 2.99400 
-5.72626 2.99500 
-5.72626 2.99600 
-5.72626 2.99700 
-5.72626 2.99800 
-5.72626 2.99900 
-5.72626 3.00000 
-5.72626 3.00100 
-5.72626 3.00200 
-5.72626 3.00300 
-5.72626 3.00400 
-5.72626 3.00500 
-5.72626 3.00600 
-5.72626 3.00700 
-5.72626 3.00800 
-5.72626 3.00900 
-5.72626 3.01000 
-5.72626 3.01100 
-5.72626 3.01200 
-5.72626 3.01300 
-5.72626 3.01400 
-5.72626 3.01500 
-5.72626 3.01600 
-5.72626 3.01700 
-5.72626 3.01800 
-5.72626 3.01900 
-5.72626 3.02000 
-5.72626 3.02100 
-5.72626 3.02200 
-5.72626 3.02300 
-5.72626 3.02400 
-5.72626 3.02500 
-5.72626 3.02600 
-5.72626 3.02700 
-5.72626 3.02800 
-5.72626 3.02900 
-5.72626 3.03000 
-5.72626 3.03100 
-5.72626 3.03200 
-5.72626 3.03300 
-5.72626 3.03400 
-5.72626 3.03500 
-5.72626 3.03600 
-5.72626 3.03700 
-5.72626 3.03800 
-5.72626 3.03900 
-5.72626 3.04000 
-5.72626 3.04100 
-5.72626 3.04200 
-5.72626 3.04300 
-5.72626 3.04400 
-5.72626 3.04500 
-5.72626 3.04600 
-5.72626 3.04700 
-5.72626 3.04800 
-5.72626 3.04900 
-5.72626 3.05000 
-5.72626 3.05100 
-5.72626 3.05200 
-5.72626 3.05300 
-5.72626 3.05400 
-5.72626 3.05500 
-5.72626 3.05600 
-5.72626 3.05700 
-5.72626 3.05800 
-5.72626 3.05900 
-5.72626 3.06000 
-5.72626 3.06100 
-5.72626 3.06200 
-5.72626 3.06300 
-5.72626 3.06400 
-5.72626 3.06500 
-5.72626 3.06600 
-5.72626 3.06700 
-5.72626 3.06800 
-5.72626 3.06900 
-5.72626 3.07000 
-5.72626 3.07100 
-5.72626 3.07200 
-5.72626 3.07300 
-5.72626 3.07400 
-5.72626 3.07500 
-5.72626 3.07600 
-5.72626 3.07700 
-5.72626 3.07800 
-5.72626 3.07900 
-5.72626 3.08000 
-5.72626 3.08100 
-5.72626 3.08200 
-5.72626 3.08300 
-5.72626 3.08400 
-5.72626 3.08500 
-5.72626 3.08600 
-5.72626 3.08700 
-5.72626 3.08800 
-5.72626 3.08900 
-5.72626 3.09000 
-5.72626 3.09100 
-5.72626 3.09200 
-5.72626 3.09300 
-5.72626 3.09400 
-5.72626 3.09500 
-5.72626 3.09600 
-5.72626 3.09700 
-5.72626 3.09800 
-5.72626 3.09900 
-5.72626 3.10000 
-5.72626 3.10100 
-5.72626 3.10200 
-5.72626 3.10300 
-5.72626 3.10400 
-5.72626 3.10500 
-5.72626 3.10600 
-5.72626 3.10700 
-5.72626 3.10800 
-5.72626 3.10900 
-5.72626 3.11000 
-5.72626 3.11100 
-5.72626 3.11200 
-5.72626 3.11300 
-5.72626 3.11400 
-5.72626 3.11500 
-5.72626 3.11600 
-5.72626 3.11700 
-5.72626 3.11800 
-5.72626 3.11900 
-5.72626 3.12000 
-5.72626 3.12100 
-5.72626 3.12200 
-5.72626 3.12300 
-5.72626 3.12400 
-5.72626 3.12500 
-5.72626 3.12600 
-5.72626 3.12700 
-5.72626 3.12800 
-5.72626 3.12900 
-5.72626 3.13000 
-5.72626 3.13100 
-5.72626 3.13200 
-5.72626 3.13300 
-5.72626 3.13400 
-5.72626 3.13500 
-5.72626 3.13600 
-5.72626 3.13700 
-5.72626 3.13800 
-5.72626 3.13900 
-5.72626 3.14000 
-5.72626 3.14100 
-5.72626 3.14200 
-5.72626 3.14300 
-5.72626 3.14400 
-5.72626 3.14500 
-5.72626 3.14600 
-5.72626 3.14700 
-5.72626 3.14800 
-5.72626 3.14900 
-5.72626 3.15000 
-5.72626 3.15100 
-5.72626 3.15200 
-5.72626 3.15300 
-5.72626 3.15400 
-5.72626 3.15500 
-5.72626 3.15600 
-5.72626 3.15700 
-5.72626 3.15800 
-5.72626 3.15900 
-5.72626 3.16000 
-5.72626 3.16100 
-5.72626 3.16200 
-5.72626 3.16300 
-5.72626 3.16400 
-5.72626 3.16500 
-5.72626 3.16600 
-5.72626 3.16700 
-5.72626 3.16800 
-5.72626 3.16900 
-5.72626 3.17000 
-5.72626 3.17100 
-5.72626 3.17200 
-5.72626 3.17300 
-5.72626 3.17400 
-5.72626 3.17500 
-5.72626 3.17600 
-5.72626 3.17700 
-5.72626 3.17800 
-5.72626 3.17900 
-5.72626 3.18000 
-5.72626 3.18100 
-5.72626 3.18200 
-5.72626 3.18300 
-5.72626 3.18400 
-5.72626 3.18500 
-5.72626 3.18600 
-5.72626 3.18700 
-5.72626 3.18800 
-5.72626 3.18900 
-5.72626 3.19000 
-5.72626 3.19100 
-5.72626 3.19200 
-5.72626 3.19300 
-5.72626 3.19400 
-5.72626 3.19500 
-5.72626 3.19600 
-5.72626 3.19700 
-5.72626 3.19800 
-5.72626 3.19900 
-5.72626 3.20000 
-5.72626 3.20100 
-5.72626 3.20200 
-5.72626 3.20300 
-5.72626 3.20400 
-5.72626 3.20500 
-5.72626 3.20600 
-5.72626 3.20700 
-5.72626 3.20800 
-5.72626 3.20900 
-5.72626 3.21000 
-5.72626 3.21100 
-5.72626 3.21200 
-5.72626 3.21300 
-5.72626 3.21400 
-5.72626 3.21500 
-5.72626 3.21600 
-5.72626 3.21700 
-5.72626 3.21800 
-5.72626 3.21900 
-5.72626 3.22000 
-5.72626 3.22100 
-5.72626 3.22200 
-5.72626 3.22300 
-5.72626 3.22400 
-5.72626 3.22500 
-5.72626 3.22600 
-5.72626 3.22700 
-5.72626 3.22800 
-5.72626 3.22900 
-5.72626 3.23000 
-5.72626 3.23100 
-5.72626 3.23200 
-5.72626 3.23300 
-5.72626 3.23400 
-5.72626 3.23500 
-5.72626 3.23600 
-5.72626 3.23700 
-5.72626 3.23800 
-5.72626 3.23900 
-5.72626 3.24000 
-5.72626 3.24100 
-5.72626 3.24200 
-5.72626 3.24300 
-5.72626 3.24400 
-5.72626 3.24500 
-5.72626 3.24600 
-5.72626 3.24700 
-5.72626 3.24800 
-5.72626 3.24900 
-5.72626 3.25000 
-5.72626 3.25100 
-5.72626 3.25200 
-5.72626 3.25300 
-5.72626 3.25400 
-5.72626 3.25500 
-5.72626 3.25600 
-5.72626 3.25700 
-5.72626 3.25800 
-5.72626 3.25900 
-5.72626 3.26000 
-5.72626 3.26100 
-5.72626 3.26200 
-5.72626 3.26300 
-5.72626 3.26400 
-5.72626 3.26500 
-5.72626 3.26600 
-5.72626 3.26700 
-5.72626 3.26800 
-5.72626 3.26900 
-5.72626 3.27000 
-5.72626 3.27100 
-5.72626 3.27200 
-5.72626 3.27300 
-5.72626 3.27400 
-5.72626 3.27500 
-5.72626 3.27600 
-5.72626 3.27700 
-5.72626 3.27800 
-5.72626 3.27900 
-5.72626 3.28000 
-5.72626 3.28100 
-5.72626 3.28200 
-5.72626 3.28300 
-5.72626 3.28400 
-5.72626 3.28500 
-5.72626 3.28600 
-5.72626 3.28700 
-5.72626 3.28800 
-5.72626 3.28900 
-5.72626 3.29000 
-5.72626 3.29100 
-5.72626 3.29200 
-5.72626 3.29300 
-5.72626 3.29400 
-5.72626 3.29500 
-5.72626 3.29600 
-5.72626 3.29700 
-5.72626 3.29800 
-5.72626 3.29900 
-5.72626 3.30000 
-5.72626 3.30100 
-5.72626 3.30200 
-5.72626 3.30300 
-5.72626 3.30400 
-5.72626 3.30500 
-5.72626 3.30600 
-5.72626 3.30700 
-5.72626 3.30800 
-5.72626 3.30900 
-5.72626 3.31000 
-5.72626 3.31100 
-5.72626 3.31200 
-5.72626 3.31300 
-5.72626 3.31400 
-5.72626 3.31500 
-5.72626 3.31600 
-5.72626 3.31700 
-5.72626 3.31800 
-5.72626 3.31900 
-5.72626 3.32000 
-5.72626 3.32100 
-5.72626 3.32200 
-5.72626 3.32300 
-5.72626 3.32400 
-5.72626 3.32500 
-5.72626 3.32600 
-5.72626 3.32700 
-5.72626 3.32800 
-5.72626 3.32900 
-5.72626 3.33000 
-5.72626 3.33100 
-5.72626 3.33200 
-5.72626 3.33300 
-5.72626 3.33400 
-5.72626 3.33500 
-5.72626 3.33600 
-5.72626 3.33700 
-5.72626 3.33800 
-5.72626 3.33900 
-5.72626 3.34000 
-5.72626 3.34100 
-5.72626 3.34200 
-5.72626 3.34300 
-5.72626 3.34400 
-5.72626 3.34500 
-5.72626 3.34600 
-5.72626 3.34700 
-5.72626 3.34800 
-5.72626 3.34900 
-5.72626 3.35000 
-5.72626 3.35100 
-5.72626 3.35200 
-5.72626 3.35300 
-5.72626 3.35400 
-5.72626 3.35500 
-5.72626 3.35600 
-5.72626 3.35700 
-5.72626 3.35800 
-5.72626 3.35900 
-5.72626 3.36000 
-5.72626 3.36100 
-5.72626 3.36200 
-5.72626 3.36300 
-5.72626 3.36400 
-5.72626 3.36500 
-5.72626 3.36600 
-5.72626 3.36700 
-5.72626 3.36800 
-5.72626 3.36900 
-5.72626 3.37000 
-5.72626 3.37100 
-5.72626 3.37200 
-5.72626 3.37300 
-5.72626 3.37400 
-5.72626 3.37500 
-5.72626 3.37600 
-5.72626 3.37700 
-5.72626 3.37800 
-5.72626 3.37900 
-5.72626 3.38000 
-5.72626 3.38100 
-5.72626 3.38200 
-5.72626 3.38300 
-5.72626 3.38400 
-5.72626 3.38500 
-5.72626 3.38600 
-5.72626 3.38700 
-5.72626 3.38800 
-5.72626 3.38900 
-5.72626 3.39000 
-5.72626 3.39100 
-5.72626 3.39200 
-5.72626 3.39300 
-5.72626 3.39400 
-5.72626 3.39500 
-5.72626 3.39600 
-5.72626 3.39700 
-5.72626 3.39800 
-5.72626 3.39900 
-5.72626 3.40000 
-5.72626 3.40100 
-5.72626 3.40200 
-5.72626 3.40300 
-5.72626 3.40400 
-5.72626 3.40500 
-5.72626 3.40600 
-5.72626 3.40700 
-5.72626 3.40800 
-5.72626 3.40900 
-5.72626 3.41000 
-5.72626 3.41100 
-5.72626 3.41200 
-5.72626 3.41300 
-5.72626 3.41400 
-5.72626 3.41500 
-5.72626 3.41600 
-5.72626 3.41700 
-5.72626 3.41800 
-5.72626 3.41900 
-5.72626 3.42000 
-5.72626 3.42100 
-5.72626 3.42200 
-5.72626 3.42300 
-5.72626 3.42400 
-5.72626 3.42500 
-5.72626 3.42600 
-5.72626 3.42700 
-5.72626 3.42800 
-5.72626 3.42900 
-5.72626 3.43000 
-5.72626 3.43100 
-5.72626 3.43200 
-5.72626 3.43300 
-5.72626 3.43400 
-5.72626 3.43500 
-5.72626 3.43600 
-5.72626 3.43700 
-5.72626 3.43800 
-5.72626 3.43900 
-5.72626 3.44000 
-5.72626 3.44100 
-5.72626 3.44200 
-5.72626 3.44300 
-5.72626 3.44400 
-5.72626 3.44500 
-5.72626 3.44600 
-5.72626 3.44700 
-5.72626 3.44800 
-5.72626 3.44900 
-5.72626 3.45000 
-5.72626 3.45100 
-5.72626 3.45200 
-5.72626 3.45300 
-5.72626 3.45400 
-5.72626 3.45500 
-5.72626 3.45600 
-5.72626 3.45700 
-5.72626 3.45800 
-5.72626 3.45900 
-5.72626 3.46000 
-5.72626 3.46100 
-5.72626 3.46200 
-5.72626 3.46300 
-5.72626 3.46400 
-5.72626 3.46500 
-5.72626 3.46600 
-5.72626 3.46700 
-5.72626 3.46800 
-5.72626 3.46900 
-5.72626 3.47000 
-5.72626 3.47100 
-5.72626 3.47200 
-5.72626 3.47300 
-5.72626 3.47400 
-5.72626 3.47500 
-5.72626 3.47600 
-5.72626 3.47700 
-5.72626 3.47800 
-5.72626 3.47900 
-5.72626 3.48000 
-5.72626 3.48100 
-5.72626 3.48200 
-5.72626 3.48300 
-5.72626 3.48400 
-5.72626 3.48500 
-5.72626 3.48600 
-5.72626 3.48700 
-5.72626 3.48800 
-5.72626 3.48900 
-5.72626 3.49000 
-5.72626 3.49100 
-5.72626 3.49200 
-5.72626 3.49300 
-5.72626 3.49400 
-5.72626 3.49500 
-5.72626 3.49600 
-5.72626 3.49700 
-5.72626 3.49800 
-5.72626 3.49900 
-5.72626 3.50000 
-5.72626 3.50100 
-5.72626 3.50200 
-5.72626 3.50300 
-5.72626 3.50400 
-5.72626 3.50500 
-5.72626 3.50600 
-5.72626 3.50700 
-5.72626 3.50800 
-5.72626 3.50900 
-5.72626 3.51000 
-5.72626 3.51100 
-5.72626 3.51200 
-5.72626 3.51300 
-5.72626 3.51400 
-5.72626 3.51500 
-5.72626 3.51600 
-5.72626 3.51700 
-5.72626 3.51800 
-5.72626 3.51900 
-5.72626 3.52000 
-5.72626 3.52100 
-5.72626 3.52200 
-5.72626 3.52300 
-5.72626 3.52400 
-5.72626 3.52500 
-5.72626 3.52600 
-5.72626 3.52700 
-5.72626 3.52800 
-5.72626 3.52900 
-5.72626 3.53000 
-5.72626 3.53100 
-5.72626 3.53200 
-5.72626 3.53300 
-5.72626 3.53400 
-5.72626 3.53500 
-5.72626 3.53600 
-5.72626 3.53700 
-5.72626 3.53800 
-5.72626 3.53900 
-5.72626 3.54000 
-5.72626 3.54100 
-5.72626 3.54200 
-5.72626 3.54300 
-5.72626 3.54400 
-5.72626 3.54500 
-5.72626 3.54600 
-5.72626 3.54700 
-5.72626 3.54800 
-5.72626 3.54900 
-5.72626 3.55000 
-5.72626 3.55100 
-5.72626 3.55200 
-5.72626 3.55300 
-5.72626 3.55400 
-5.72626 3.55500 
-5.72626 3.55600 
-5.72626 3.55700 
-5.72626 3.55800 
-5.72626 3.55900 
-5.72626 3.56000 
-5.72626 3.56100 
-5.72626 3.56200 
-5.72626 3.56300 
-5.72626 3.56400 
-5.72626 3.56500 
-5.72626 3.56600 
-5.72626 3.56700 
-5.72626 3.56800 
-5.72626 3.56900 
-5.72626 3.57000 
-5.72626 3.57100 
-5.72626 3.57200 
-5.72626 3.57300 
-5.72626 3.57400 
-5.72626 3.57500 
-5.72626 3.57600 
-5.72626 3.57700 
-5.72626 3.57800 
-5.72626 3.57900 
-5.72626 3.58000 
-5.72626 3.58100 
-5.72626 3.58200 
-5.72626 3.58300 
-5.72626 3.58400 
-5.72626 3.58500 
-5.72626 3.58600 
-5.72626 3.58700 
-5.72626 3.58800 
-5.72626 3.58900 
-5.72626 3.59000 
-5.72626 3.59100 
-5.72626 3.59200 
-5.72626 3.59300 
-5.72626 3.59400 
-5.72626 3.59500 
-5.72626 3.59600 
-5.72626 3.59700 
-5.72626 3.59800 
-5.72626 3.59900 
-5.72626 3.60000 
-5.72626 3.60100 
-5.72626 3.60200 
-5.72626 3.60300 
-5.72626 3.60400 
-5.72626 3.60500 
-5.72626 3.60600 
-5.72626 3.60700 
-5.72626 3.60800 
-5.72626 3.60900 
-5.72626 3.61000 
-5.72626 3.61100 
-5.72626 3.61200 
-5.72626 3.61300 
-5.72626 3.61400 
-5.72626 3.61500 
-5.72626 3.61600 
-5.72626 3.61700 
-5.72626 3.61800 
-5.72626 3.61900 
-5.72626 3.62000 
-5.72626 3.62100 
-5.72626 3.62200 
-5.72626 3.62300 
-5.72626 3.62400 
-5.72626 3.62500 
-5.72626 3.62600 
-5.72626 3.62700 
-5.72626 3.62800 
-5.72626 3.62900 
-5.72626 3.63000 
-5.72626 3.63100 
-5.72626 3.63200 
-5.72626 3.63300 
-5.72626 3.63400 
-5.72626 3.63500 
-5.72626 3.63600 
-5.72626 3.63700 
-5.72626 3.63800 
-5.72626 3.63900 
-5.72626 3.64000 
-5.72626 3.64100 
-5.72626 3.64200 
-5.72626 3.64300 
-5.72626 3.64400 
-5.72626 3.64500 
-5.72626 3.64600 
-5.72626 3.64700 
-5.72626 3.64800 
-5.72626 3.64900 
-5.72626 3.65000 
-5.72626 3.65100 
-5.72626 3.65200 
-5.72626 3.65300 
-5.72626 3.65400 
-5.72626 3.65500 
-5.72626 3.65600 
-5.72626 3.65700 
-5.72626 3.65800 
-5.72626 3.65900 
-5.72626 3.66000 
-5.72626 3.66100 
-5.72626 3.66200 
-5.72626 3.66300 
-5.72626 3.66400 
-5.72626 3.66500 
-5.72626 3.66600 
-5.72626 3.66700 
-5.72626 3.66800 
-5.72626 3.66900 
-5.72626 3.67000 
-5.72626 3.67100 
-5.72626 3.67200 
-5.72626 3.67300 
-5.72626 3.67400 
-5.72626 3.67500 
-5.72626 3.67600 
-5.72626 3.67700 
-5.72626 3.67800 
-5.72626 3.67900 
-5.72626 3.68000 
-5.72626 3.68100 
-5.72626 3.68200 
-5.72626 3.68300 
-5.72626 3.68400 
-5.72626 3.68500 
-5.72626 3.68600 
-5.72626 3.68700 
-5.72626 3.68800 
-5.72626 3.68900 
-5.72626 3.69000 
-5.72626 3.69100 
-5.72626 3.69200 
-5.72626 3.69300 
-5.72626 3.69400 
-5.72626 3.69500 
-5.72626 3.69600 
-5.72626 3.69700 
-5.72626 3.69800 
-5.72626 3.69900 
-5.72626 3.70000 
-5.72626 3.70100 
-5.72626 3.70200 
-5.72626 3.70300 
-5.72626 3.70400 
-5.72626 3.70500 
-5.72626 3.70600 
-5.72626 3.70700 
-5.72626 3.70800 
-5.72626 3.70900 
-5.72626 3.71000 
-5.72626 3.71100 
-5.72626 3.71200 
-5.72626 3.71300 
-5.72626 3.71400 
-5.72626 3.71500 
-5.72626 3.71600 
-5.72626 3.71700 
-5.72626 3.71800 
-5.72626 3.71900 
-5.72626 3.72000 
-5.72626 3.72100 
-5.72626 3.72200 
-5.72626 3.72300 
-5.72626 3.72400 
-5.72626 3.72500 
-5.72626 3.72600 
-5.72626 3.72700 
-5.72626 3.72800 
-5.72626 3.72900 
-5.72626 3.73000 
-5.72626 3.73100 
-5.72626 3.73200 
-5.72626 3.73300 
-5.72626 3.73400 
-5.72626 3.73500 
-5.72626 3.73600 
-5.72626 3.73700 
-5.72626 3.73800 
-5.72626 3.73900 
-5.72626 3.74000 
-5.72626 3.74100 
-5.72626 3.74200 
-5.72626 3.74300 
-5.72626 3.74400 
-5.72626 3.74500 
-5.72626 3.74600 
-5.72626 3.74700 
-5.72626 3.74800 
-5.72626 3.74900 
-5.72626 3.75000 
-5.72626 3.75100 
-5.72626 3.75200 
-5.72626 3.75300 
-5.72626 3.75400 
-5.72626 3.75500 
-5.72626 3.75600 
-5.72626 3.75700 
-5.72626 3.75800 
-5.72626 3.75900 
-5.72626 3.76000 
-5.72626 3.76100 
-5.72626 3.76200 
-5.72626 3.76300 
-5.72626 3.76400 
-5.72626 3.76500 
-5.72626 3.76600 
-5.72626 3.76700 
-5.72626 3.76800 
-5.72626 3.76900 
-5.72626 3.77000 
-5.72626 3.77100 
-5.72626 3.77200 
-5.72626 3.77300 
-5.72626 3.77400 
-5.72626 3.77500 
-5.72626 3.77600 
-5.72626 3.77700 
-5.72626 3.77800 
-5.72626 3.77900 
-5.72626 3.78000 
-5.72626 3.78100 
-5.72626 3.78200 
-5.72626 3.78300 
-5.72626 3.78400 
-5.72626 3.78500 
-5.72626 3.78600 
-5.72626 3.78700 
-5.72626 3.78800 
-5.72626 3.78900 
-5.72626 3.79000 
-5.72626 3.79100 
-5.72626 3.79200 
-5.72626 3.79300 
-5.72626 3.79400 
-5.72626 3.79500 
-5.72626 3.79600 
-5.72626 3.79700 
-5.72626 3.79800 
-5.72626 3.79900 
-5.72626 3.80000 
-5.72626 3.80100 
-5.72626 3.80200 
-5.72626 3.80300 
-5.72626 3.80400 
-5.72626 3.80500 
-5.72626 3.80600 
-5.72626 3.80700 
-5.72626 3.80800 
-5.72626 3.80900 
-5.72626 3.81000 
-5.72626 3.81100 
-5.72626 3.81200 
-5.72626 3.81300 
-5.72626 3.81400 
-5.72626 3.81500 
-5.72626 3.81600 
-5.72626 3.81700 
-5.72626 3.81800 
-5.72626 3.81900 
-5.72626 3.82000 
-5.72626 3.82100 
-5.72626 3.82200 
-5.72626 3.82300 
-5.72626 3.82400 
-5.72626 3.82500 
-5.72626 3.82600 
-5.72626 3.82700 
-5.72626 3.82800 
-5.72626 3.82900 
-5.72626 3.83000 
-5.72626 3.83100 
-5.72626 3.83200 
-5.72626 3.83300 
-5.72626 3.83400 
-5.72626 3.83500 
-5.72626 3.83600 
-5.72626 3.83700 
-5.72626 3.83800 
-5.72626 3.83900 
-5.72626 3.84000 
-5.72626 3.84100 
-5.72626 3.84200 
-5.72626 3.84300 
-5.72626 3.84400 
-5.72626 3.84500 
-5.72626 3.84600 
-5.72626 3.84700 
-5.72626 3.84800 
-5.72626 3.84900 
-5.72626 3.85000 
-5.72626 3.85100 
-5.72626 3.85200 
-5.72626 3.85300 
-5.72626 3.85400 
-5.72626 3.85500 
-5.72626 3.85600 
-5.72626 3.85700 
-5.72626 3.85800 
-5.72626 3.85900 
-5.72626 3.86000 
-5.72626 3.86100 
-5.72626 3.86200 
-5.72626 3.86300 
-5.72626 3.86400 
-5.72626 3.86500 
-5.72626 3.86600 
-5.72626 3.86700 
-5.72626 3.86800 
-5.72626 3.86900 
-5.72626 3.87000 
-5.72626 3.87100 
-5.72626 3.87200 
-5.72626 3.87300 
-5.72626 3.87400 
-5.72626 3.87500 
-5.72626 3.87600 
-5.72626 3.87700 
-5.72626 3.87800 
-5.72626 3.87900 
-5.72626 3.88000 
-5.72626 3.88100 
-5.72626 3.88200 
-5.72626 3.88300 
-5.72626 3.88400 
-5.72626 3.88500 
-5.72626 3.88600 
-5.72626 3.88700 
-5.72626 3.88800 
-5.72626 3.88900 
-5.72626 3.89000 
-5.72626 3.89100 
-5.72626 3.89200 
-5.72626 3.89300 
-5.72626 3.89400 
-5.72626 3.89500 
-5.72626 3.89600 
-5.72626 3.89700 
-5.72626 3.89800 
-5.72626 3.89900 
-5.72626 3.90000 
-5.72626 3.90100 
-5.72626 3.90200 
-5.72626 3.90300 
-5.72626 3.90400 
-5.72626 3.90500 
-5.72626 3.90600 
-5.72626 3.90700 
-5.72626 3.90800 
-5.72626 3.90900 
-5.72626 3.91000 
-5.72626 3.91100 
-5.72626 3.91200 
-5.72626 3.91300 
-5.72626 3.91400 
-5.72626 3.91500 
-5.72626 3.91600 
-5.72626 3.91700 
-5.72626 3.91800 
-5.72626 3.91900 
-5.72626 3.92000 
-5.72626 3.92100 
-5.72626 3.92200 
-5.72626 3.92300 
-5.72626 3.92400 
-5.72626 3.92500 
-5.72626 3.92600 
-5.72626 3.92700 
-5.72626 3.92800 
-5.72626 3.92900 
-5.72626 3.93000 
-5.72626 3.93100 
-5.72626 3.93200 
-5.72626 3.93300 
-5.72626 3.93400 
-5.72626 3.93500 
-5.72626 3.93600 
-5.72626 3.93700 
-5.72626 3.93800 
-5.72626 3.93900 
-5.72626 3.94000 
-5.72626 3.94100 
-5.72626 3.94200 
-5.72626 3.94300 
-5.72626 3.94400 
-5.72626 3.94500 
-5.72626 3.94600 
-5.72626 3.94700 
-5.72626 3.94800 
-5.72626 3.94900 
-5.72626 3.95000 
-5.72626 3.95100 
-5.72626 3.95200 
-5.72626 3.95300 
-5.72626 3.95400 
-5.72626 3.95500 
-5.72626 3.95600 
-5.72626 3.95700 
-5.72626 3.95800 
-5.72626 3.95900 
-5.72626 3.96000 
-5.72626 3.96100 
-5.72626 3.96200 
-5.72626 3.96300 
-5.72626 3.96400 
-5.72626 3.96500 
-5.72626 3.96600 
-5.72626 3.96700 
-5.72626 3.96800 
-5.72626 3.96900 
-5.72626 3.97000 
-5.72626 3.97100 
-5.72626 3.97200 
-5.72626 3.97300 
-5.72626 3.97400 
-5.72626 3.97500 
-5.72626 3.97600 
-5.72626 3.97700 
-5.72626 3.97800 
-5.72626 3.97900 
-5.72626 3.98000 
-5.72626 3.98100 
-5.72626 3.98200 
-5.72626 3.98300 
-5.72626 3.98400 
-5.72626 3.98500 
-5.72626 3.98600 
-5.72626 3.98700 
-5.72626 3.98800 
-5.72626 3.98900 
-5.72626 3.99000 
-5.72626 3.99100 
-5.72626 3.99200 
-5.72626 3.99300 
-5.72626 3.99400 
-5.72626 3.99500 
-5.72626 3.99600 
-5.72626 3.99700 
-5.72626 3.99800 
-5.72626 3.99900 
-5.72626 4.00000 
-5.72626 4.00100 
-5.72626 4.00200 
-5.72626 4.00300 
-5.72626 4.00400 
-5.72626 4.00500 
-5.72626 4.00600 
-5.72626 4.00700 
-5.72626 4.00800 
-5.72626 4.00900 
-5.72626 4.01000 
-5.72626 4.01100 
-5.72626 4.01200 
-5.72626 4.01300 
-5.72626 4.01400 
-5.72626 4.01500 
-5.72626 4.01600 
-5.72626 4.01700 
-5.72626 4.01800 
-5.72626 4.01900 
-5.72626 4.02000 
-5.72626 4.02100 
-5.72626 4.02200 
-5.72626 4.02300 
-5.72626 4.02400 
-5.72626 4.02500 
-5.72626 4.02600 
-5.72626 4.02700 
-5.72626 4.02800 
-5.72626 4.02900 
-5.72626 4.03000 
-5.72626 4.03100 
-5.72626 4.03200 
-5.72626 4.03300 
-5.72626 4.03400 
-5.72626 4.03500 
-5.72626 4.03600 
-5.72626 4.03700 
-5.72626 4.03800 
-5.72626 4.03900 
-5.72626 4.04000 
-5.72626 4.04100 
-5.72626 4.04200 
-5.72626 4.04300 
-5.72626 4.04400 
-5.72626 4.04500 
-5.72626 4.04600 
-5.72626 4.04700 
-5.72626 4.04800 
-5.72626 4.04900 
-5.72626 4.05000 
-5.72626 4.05100 
-5.72626 4.05200 
-5.72626 4.05300 
-5.72626 4.05400 
-5.72626 4.05500 
-5.72626 4.05600 
-5.72626 4.05700 
-5.72626 4.05800 
-5.72626 4.05900 
-5.72626 4.06000 
-5.72626 4.06100 
-5.72626 4.06200 
-5.72626 4.06300 
-5.72626 4.06400 
-5.72626 4.06500 
-5.72626 4.06600 
-5.72626 4.06700 
-5.72626 4.06800 
-5.72626 4.06900 
-5.72626 4.07000 
-5.72626 4.07100 
-5.72626 4.07200 
-5.72626 4.07300 
-5.72626 4.07400 
-5.72626 4.07500 
-5.72626 4.07600 
-5.72626 4.07700 
-5.72626 4.07800 
-5.72626 4.07900 
-5.72626 4.08000 
-5.72626 4.08100 
-5.72626 4.08200 
-5.72626 4.08300 
-5.72626 4.08400 
-5.72626 4.08500 
-5.72626 4.08600 
-5.72626 4.08700 
-5.72626 4.08800 
-5.72626 4.08900 
-5.72626 4.09000 
-5.72626 4.09100 
-5.72626 4.09200 
-5.72626 4.09300 
-5.72626 4.09400 
-5.72626 4.09500 
-5.72626 4.09600 
-5.72626 4.09700 
-5.72626 4.09800 
-5.72626 4.09900 
-5.72626 4.10000 
-5.72626 4.10100 
-5.72626 4.10200 
-5.72626 4.10300 
-5.72626 4.10400 
-5.72626 4.10500 
-5.72626 4.10600 
-5.72626 4.10700 
-5.72626 4.10800 
-5.72626 4.10900 
-5.72626 4.11000 
-5.72626 4.11100 
-5.72626 4.11200 
-5.72626 4.11300 
-5.72626 4.11400 
-5.72626 4.11500 
-5.72626 4.11600 
-5.72626 4.11700 
-5.72626 4.11800 
-5.72626 4.11900 
-5.72626 4.12000 
-5.72626 4.12100 
-5.72626 4.12200 
-5.72626 4.12300 
-5.72626 4.12400 
-5.72626 4.12500 
-5.72626 4.12600 
-5.72626 4.12700 
-5.72626 4.12800 
-5.72626 4.12900 
-5.72626 4.13000 
-5.72626 4.13100 
-5.72626 4.13200 
-5.72626 4.13300 
-5.72626 4.13400 
-5.72626 4.13500 
-5.72626 4.13600 
-5.72626 4.13700 
-5.72626 4.13800 
-5.72626 4.13900 
-5.72626 4.14000 
-5.72626 4.14100 
-5.72626 4.14200 
-5.72626 4.14300 
-5.72626 4.14400 
-5.72626 4.14500 
-5.72626 4.14600 
-5.72626 4.14700 
-5.72626 4.14800 
-5.72626 4.14900 
-5.72626 4.15000 
-5.72626 4.15100 
-5.72626 4.15200 
-5.72626 4.15300 
-5.72626 4.15400 
-5.72626 4.15500 
-5.72626 4.15600 
-5.72626 4.15700 
-5.72626 4.15800 
-5.72626 4.15900 
-5.72626 4.16000 
-5.72626 4.16100 
-5.72626 4.16200 
-5.72626 4.16300 
-5.72626 4.16400 
-5.72626 4.16500 
-5.72626 4.16600 
-5.72626 4.16700 
-5.72626 4.16800 
-5.72626 4.16900 
-5.72626 4.17000 
-5.72626 4.17100 
-5.72626 4.17200 
-5.72626 4.17300 
-5.72626 4.17400 
-5.72626 4.17500 
-5.72626 4.17600 
-5.72626 4.17700 
-5.72626 4.17800 
-5.72626 4.17900 
-5.72626 4.18000 
-5.72626 4.18100 
-5.72626 4.18200 
-5.72626 4.18300 
-5.72626 4.18400 
-5.72626 4.18500 
-5.72626 4.18600 
-5.72626 4.18700 
-5.72626 4.18800 
-5.72626 4.18900 
-5.72626 4.19000 
-5.72626 4.19100 
-5.72626 4.19200 
-5.72626 4.19300 
-5.72626 4.19400 
-5.72626 4.19500 
-5.72626 4.19600 
-5.72626 4.19700 
-5.72626 4.19800 
-5.72626 4.19900 
-5.72626 4.20000 
-5.72626 4.20100 
-5.72626 4.20200 
-5.72626 4.20300 
-5.72626 4.20400 
-5.72626 4.20500 
-5.72626 4.20600 
-5.72626 4.20700 
-5.72626 4.20800 
-5.72626 4.20900 
-5.72626 4.21000 
-5.72626 4.21100 
-5.72626 4.21200 
-5.72626 4.21300 
-5.72626 4.21400 
-5.72626 4.21500 
-5.72626 4.21600 
-5.72626 4.21700 
-5.72626 4.21800 
-5.72626 4.21900 
-5.72626 4.22000 
-5.72626 4.22100 
-5.72626 4.22200 
-5.72626 4.22300 
-5.72626 4.22400 
-5.72626 4.22500 
-5.72626 4.22600 
-5.72626 4.22700 
-5.72626 4.22800 
-5.72626 4.22900 
-5.72626 4.23000 
-5.72626 4.23100 
-5.72626 4.23200 
-5.72626 4.23300 
-5.72626 4.23400 
-5.72626 4.23500 
-5.72626 4.23600 
-5.72626 4.23700 
-5.72626 4.23800 
-5.72626 4.23900 
-5.72626 4.24000 
-5.72626 4.24100 
-5.72626 4.24200 
-5.72626 4.24300 
-5.72626 4.24400 
-5.72626 4.24500 
-5.72626 4.24600 
-5.72626 4.24700 
-5.72626 4.24800 
-5.72626 4.24900 
-5.72626 4.25000 
-5.72626 4.25100 
-5.72626 4.25200 
-5.72626 4.25300 
-5.72626 4.25400 
-5.72626 4.25500 
-5.72626 4.25600 
-5.72626 4.25700 
-5.72626 4.25800 
-5.72626 4.25900 
-5.72626 4.26000 
-5.72626 4.26100 
-5.72626 4.26200 
-5.72626 4.26300 
-5.72626 4.26400 
-5.72626 4.26500 
-5.72626 4.26600 
-5.72626 4.26700 
-5.72626 4.26800 
-5.72626 4.26900 
-5.72626 4.27000 
-5.72626 4.27100 
-5.72626 4.27200 
-5.72626 4.27300 
-5.72626 4.27400 
-5.72626 4.27500 
-5.72626 4.27600 
-5.72626 4.27700 
-5.72626 4.27800 
-5.72626 4.27900 
-5.72626 4.28000 
-5.72626 4.28100 
-5.72626 4.28200 
-5.72626 4.28300 
-5.72626 4.28400 
-5.72626 4.28500 
-5.72626 4.28600 
-5.72626 4.28700 
-5.72626 4.28800 
-5.72626 4.28900 
-5.72626 4.29000 
-5.72626 4.29100 
-5.72626 4.29200 
-5.72626 4.29300 
-5.72626 4.29400 
-5.72626 4.29500 
-5.72626 4.29600 
-5.72626 4.29700 
-5.72626 4.29800 
-5.72626 4.29900 
-5.72626 4.30000 
-5.72626 4.30100 
-5.72626 4.30200 
-5.72626 4.30300 
-5.72626 4.30400 
-5.72626 4.30500 
-5.72626 4.30600 
-5.72626 4.30700 
-5.72626 4.30800 
-5.72626 4.30900 
-5.72626 4.31000 
-5.72626 4.31100 
-5.72626 4.31200 
-5.72626 4.31300 
-5.72626 4.31400 
-5.72626 4.31500 
-5.72626 4.31600 
-5.72626 4.31700 
-5.72626 4.31800 
-5.72626 4.31900 
-5.72626 4.32000 
-5.72626 4.32100 
-5.72626 4.32200 
-5.72626 4.32300 
-5.72626 4.32400 
-5.72626 4.32500 
-5.72626 4.32600 
-5.72626 4.32700 
-5.72626 4.32800 
-5.72626 4.32900 
-5.72626 4.33000 
-5.72626 4.33100 
-5.72626 4.33200 
-5.72626 4.33300 
-5.72626 4.33400 
-5.72626 4.33500 
-5.72626 4.33600 
-5.72626 4.33700 
-5.72626 4.33800 
-5.72626 4.33900 
-5.72626 4.34000 
-5.72626 4.34100 
-5.72626 4.34200 
-5.72626 4.34300 
-5.72626 4.34400 
-5.72626 4.34500 
-5.72626 4.34600 
-5.72626 4.34700 
-5.72626 4.34800 
-5.72626 4.34900 
-5.72626 4.35000 
-5.72626 4.35100 
-5.72626 4.35200 
-5.72626 4.35300 
-5.72626 4.35400 
-5.72626 4.35500 
-5.72626 4.35600 
-5.72626 4.35700 
-5.72626 4.35800 
-5.72626 4.35900 
-5.72626 4.36000 
-5.72626 4.36100 
-5.72626 4.36200 
-5.72626 4.36300 
-5.72626 4.36400 
-5.72626 4.36500 
-5.72626 4.36600 
-5.72626 4.36700 
-5.72626 4.36800 
-5.72626 4.36900 
-5.72626 4.37000 
-5.72626 4.37100 
-5.72626 4.37200 
-5.72626 4.37300 
-5.72626 4.37400 
-5.72626 4.37500 
-5.72626 4.37600 
-5.72626 4.37700 
-5.72626 4.37800 
-5.72626 4.37900 
-5.72626 4.38000 
-5.72626 4.38100 
-5.72626 4.38200 
-5.72626 4.38300 
-5.72626 4.38400 
-5.72626 4.38500 
-5.72626 4.38600 
-5.72626 4.38700 
-5.72626 4.38800 
-5.72626 4.38900 
-5.72626 4.39000 
-5.72626 4.39100 
-5.72626 4.39200 
-5.72626 4.39300 
-5.72626 4.39400 
-5.72626 4.39500 
-5.72626 4.39600 
-5.72626 4.39700 
-5.72626 4.39800 
-5.72626 4.39900 
-5.72626 4.40000 
-5.72626 4.40100 
-5.72626 4.40200 
-5.72626 4.40300 
-5.72626 4.40400 
-5.72626 4.40500 
-5.72626 4.40600 
-5.72626 4.40700 
-5.72626 4.40800 
-5.72626 4.40900 
-5.72626 4.41000 
-5.72626 4.41100 
-5.72626 4.41200 
-5.72626 4.41300 
-5.72626 4.41400 
-5.72626 4.41500 
-5.72626 4.41600 
-5.72626 4.41700 
-5.72626 4.41800 
-5.72626 4.41900 
-5.72626 4.42000 
-5.72626 4.42100 
-5.72626 4.42200 
-5.72626 4.42300 
-5.72626 4.42400 
-5.72626 4.42500 
-5.72626 4.42600 
-5.72626 4.42700 
-5.72626 4.42800 
-5.72626 4.42900 
-5.72626 4.43000 
-5.72626 4.43100 
-5.72626 4.43200 
-5.72626 4.43300 
-5.72626 4.43400 
-5.72626 4.43500 
-5.72626 4.43600 
-5.72626 4.43700 
-5.72626 4.43800 
-5.72626 4.43900 
-5.72626 4.44000 
-5.72626 4.44100 
-5.72626 4.44200 
-5.72626 4.44300 
-5.72626 4.44400 
-5.72626 4.44500 
-5.72626 4.44600 
-5.72626 4.44700 
-5.72626 4.44800 
-5.72626 4.44900 
-5.72626 4.45000 
-5.72626 4.45100 
-5.72626 4.45200 
-5.72626 4.45300 
-5.72626 4.45400 
-5.72626 4.45500 
-5.72626 4.45600 
-5.72626 4.45700 
-5.72626 4.45800 
-5.72626 4.45900 
-5.72626 4.46000 
-5.72626 4.46100 
-5.72626 4.46200 
-5.72626 4.46300 
-5.72626 4.46400 
-5.72626 4.46500 
-5.72626 4.46600 
-5.72626 4.46700 
-5.72626 4.46800 
-5.72626 4.46900 
-5.72626 4.47000 
-5.72626 4.47100 
-5.72626 4.47200 
-5.72626 4.47300 
-5.72626 4.47400 
-5.72626 4.47500 
-5.72626 4.47600 
-5.72626 4.47700 
-5.72626 4.47800 
-5.72626 4.47900 
-5.72626 4.48000 
-5.72626 4.48100 
-5.72626 4.48200 
-5.72626 4.48300 
-5.72626 4.48400 
-5.72626 4.48500 
-5.72626 4.48600 
-5.72626 4.48700 
-5.72626 4.48800 
-5.72626 4.48900 
-5.72626 4.49000 
-5.72626 4.49100 
-5.72626 4.49200 
-5.72626 4.49300 
-5.72626 4.49400 
-5.72626 4.49500 
-5.72626 4.49600 
-5.72626 4.49700 
-5.72626 4.49800 
-5.72626 4.49900 
-5.72626 4.50000 
-5.72626 4.50100 
-5.72626 4.50200 
-5.72626 4.50300 
-5.72626 4.50400 
-5.72626 4.50500 
-5.72626 4.50600 
-5.72626 4.50700 
-5.72626 4.50800 
-5.72626 4.50900 
-5.72626 4.51000 
-5.72626 4.51100 
-5.72626 4.51200 
-5.72626 4.51300 
-5.72626 4.51400 
-5.72626 4.51500 
-5.72626 4.51600 
-5.72626 4.51700 
-5.72626 4.51800 
-5.72626 4.51900 
-5.72626 4.52000 
-5.72626 4.52100 
-5.72626 4.52200 
-5.72626 4.52300 
-5.72626 4.52400 
-5.72626 4.52500 
-5.72626 4.52600 
-5.72626 4.52700 
-5.72626 4.52800 
-5.72626 4.52900 
-5.72626 4.53000 
-5.72626 4.53100 
-5.72626 4.53200 
-5.72626 4.53300 
-5.72626 4.53400 
-5.72626 4.53500 
-5.72626 4.53600 
-5.72626 4.53700 
-5.72626 4.53800 
-5.72626 4.53900 
-5.72626 4.54000 
-5.72626 4.54100 
-5.72626 4.54200 
-5.72626 4.54300 
-5.72626 4.54400 
-5.72626 4.54500 
-5.72626 4.54600 
-5.72626 4.54700 
-5.72626 4.54800 
-5.72626 4.54900 
-5.72626 4.55000 
-5.72626 4.55100 
-5.72626 4.55200 
-5.72626 4.55300 
-5.72626 4.55400 
-5.72626 4.55500 
-5.72626 4.55600 
-5.72626 4.55700 
-5.72626 4.55800 
-5.72626 4.55900 
-5.72626 4.56000 
-5.72626 4.56100 
-5.72626 4.56200 
-5.72626 4.56300 
-5.72626 4.56400 
-5.72626 4.56500 
-5.72626 4.56600 
-5.72626 4.56700 
-5.72626 4.56800 
-5.72626 4.56900 
-5.72626 4.57000 
-5.72626 4.57100 
-5.72626 4.57200 
-5.72626 4.57300 
-5.72626 4.57400 
-5.72626 4.57500 
-5.72626 4.57600 
-5.72626 4.57700 
-5.72626 4.57800 
-5.72626 4.57900 
-5.72626 4.58000 
-5.72626 4.58100 
-5.72626 4.58200 
-5.72626 4.58300 
-5.72626 4.58400 
-5.72626 4.58500 
-5.72626 4.58600 
-5.72626 4.58700 
-5.72626 4.58800 
-5.72626 4.58900 
-5.72626 4.59000 
-5.72626 4.59100 
-5.72626 4.59200 
-5.72626 4.59300 
-5.72626 4.59400 
-5.72626 4.59500 
-5.72626 4.59600 
-5.72626 4.59700 
-5.72626 4.59800 
-5.72626 4.59900 
-5.72626 4.60000 
-5.72626 4.60100 
-5.72626 4.60200 
-5.72626 4.60300 
-5.72626 4.60400 
-5.72626 4.60500 
-5.72626 4.60600 
-5.72626 4.60700 
-5.72626 4.60800 
-5.72626 4.60900 
-5.72626 4.61000 
-5.72626 4.61100 
-5.72626 4.61200 
-5.72626 4.61300 
-5.72626 4.61400 
-5.72626 4.61500 
-5.72626 4.61600 
-5.72626 4.61700 
-5.72626 4.61800 
-5.72626 4.61900 
-5.72626 4.62000 
-5.72626 4.62100 
-5.72626 4.62200 
-5.72626 4.62300 
-5.72626 4.62400 
-5.72626 4.62500 
-5.72626 4.62600 
-5.72626 4.62700 
-5.72626 4.62800 
-5.72626 4.62900 
-5.72626 4.63000 
-5.72626 4.63100 
-5.72626 4.63200 
-5.72626 4.63300 
-5.72626 4.63400 
-5.72626 4.63500 
-5.72626 4.63600 
-5.72626 4.63700 
-5.72626 4.63800 
-5.72626 4.63900 
-5.72626 4.64000 
-5.72626 4.64100 
-5.72626 4.64200 
-5.72626 4.64300 
-5.72626 4.64400 
-5.72626 4.64500 
-5.72626 4.64600 
-5.72626 4.64700 
-5.72626 4.64800 
-5.72626 4.64900 
-5.72626 4.65000 
-5.72626 4.65100 
-5.72626 4.65200 
-5.72626 4.65300 
-5.72626 4.65400 
-5.72626 4.65500 
-5.72626 4.65600 
-5.72626 4.65700 
-5.72626 4.65800 
-5.72626 4.65900 
-5.72626 4.66000 
-5.72626 4.66100 
-5.72626 4.66200 
-5.72626 4.66300 
-5.72626 4.66400 
-5.72626 4.66500 
-5.72626 4.66600 
-5.72626 4.66700 
-5.72626 4.66800 
-5.72626 4.66900 
-5.72626 4.67000 
-5.72626 4.67100 
-5.72626 4.67200 
-5.72626 4.67300 
-5.72626 4.67400 
-5.72626 4.67500 
-5.72626 4.67600 
-5.72626 4.67700 
-5.72626 4.67800 
-5.72626 4.67900 
-5.72626 4.68000 
-5.72626 4.68100 
-5.72626 4.68200 
-5.72626 4.68300 
-5.72626 4.68400 
-5.72626 4.68500 
-5.72626 4.68600 
-5.72626 4.68700 
-5.72626 4.68800 
-5.72626 4.68900 
-5.72626 4.69000 
-5.72626 4.69100 
-5.72626 4.69200 
-5.72626 4.69300 
-5.72626 4.69400 
-5.72626 4.69500 
-5.72626 4.69600 
-5.72626 4.69700 
-5.72626 4.69800 
-5.72626 4.69900 
-5.72626 4.70000 
-5.72626 4.70100 
-5.72626 4.70200 
-5.72626 4.70300 
-5.72626 4.70400 
-5.72626 4.70500 
-5.72626 4.70600 
-5.72626 4.70700 
-5.72626 4.70800 
-5.72626 4.70900 
-5.72626 4.71000 
-5.72626 4.71100 
-5.72626 4.71200 
-5.72626 4.71300 
-5.72626 4.71400 
-5.72626 4.71500 
-5.72626 4.71600 
-5.72626 4.71700 
-5.72626 4.71800 
-5.72626 4.71900 
-5.72626 4.72000 
-5.72626 4.72100 
-5.72626 4.72200 
-5.72626 4.72300 
-5.72626 4.72400 
-5.72626 4.72500 
-5.72626 4.72600 
-5.72626 4.72700 
-5.72626 4.72800 
-5.72626 4.72900 
-5.72626 4.73000 
-5.72626 4.73100 
-5.72626 4.73200 
-5.72626 4.73300 
-5.72626 4.73400 
-5.72626 4.73500 
-5.72626 4.73600 
-5.72626 4.73700 
-5.72626 4.73800 
-5.72626 4.73900 
-5.72626 4.74000 
-5.72626 4.74100 
-5.72626 4.74200 
-5.72626 4.74300 
-5.72626 4.74400 
-5.72626 4.74500 
-5.72626 4.74600 
-5.72626 4.74700 
-5.72626 4.74800 
-5.72626 4.74900 
-5.72626 4.75000 
-5.72626 4.75100 
-5.72626 4.75200 
-5.72626 4.75300 
-5.72626 4.75400 
-5.72626 4.75500 
-5.72626 4.75600 
-5.72626 4.75700 
-5.72626 4.75800 
-5.72626 4.75900 
-5.72626 4.76000 
-5.72626 4.76100 
-5.72626 4.76200 
-5.72626 4.76300 
-5.72626 4.76400 
-5.72626 4.76500 
-5.72626 4.76600 
-5.72626 4.76700 
-5.72626 4.76800 
-5.72626 4.76900 
-5.72626 4.77000 
-5.72626 4.77100 
-5.72626 4.77200 
-5.72626 4.77300 
-5.72626 4.77400 
-5.72626 4.77500 
-5.72626 4.77600 
-5.72626 4.77700 
-5.72626 4.77800 
-5.72626 4.77900 
-5.72626 4.78000 
-5.72626 4.78100 
-5.72626 4.78200 
-5.72626 4.78300 
-5.72626 4.78400 
-5.72626 4.78500 
-5.72626 4.78600 
-5.72626 4.78700 
-5.72626 4.78800 
-5.72626 4.78900 
-5.72626 4.79000 
-5.72626 4.79100 
-5.72626 4.79200 
-5.72626 4.79300 
-5.72626 4.79400 
-5.72626 4.79500 
-5.72626 4.79600 
-5.72626 4.79700 
-5.72626 4.79800 
-5.72626 4.79900 
-5.72626 4.80000 
-5.72626 4.80100 
-5.72626 4.80200 
-5.72626 4.80300 
-5.72626 4.80400 
-5.72626 4.80500 
-5.72626 4.80600 
-5.72626 4.80700 
-5.72626 4.80800 
-5.72626 4.80900 
-5.72626 4.81000 
-5.72626 4.81100 
-5.72626 4.81200 
-5.72626 4.81300 
-5.72626 4.81400 
-5.72626 4.81500 
-5.72626 4.81600 
-5.72626 4.81700 
-5.72626 4.81800 
-5.72626 4.81900 
-5.72626 4.82000 
-5.72626 4.82100 
-5.72626 4.82200 
-5.72626 4.82300 
-5.72626 4.82400 
-5.72626 4.82500 
-5.72626 4.82600 
-5.72626 4.82700 
-5.72626 4.82800 
-5.72626 4.82900 
-5.72626 4.83000 
-5.72626 4.83100 
-5.72626 4.83200 
-5.72626 4.83300 
-5.72626 4.83400 
-5.72626 4.83500 
-5.72626 4.83600 
-5.72626 4.83700 
-5.72626 4.83800 
-5.72626 4.83900 
-5.72626 4.84000 
-5.72626 4.84100 
-5.72626 4.84200 
-5.72626 4.84300 
-5.72626 4.84400 
-5.72626 4.84500 
-5.72626 4.84600 
-5.72626 4.84700 
-5.72626 4.84800 
-5.72626 4.84900 
-5.72626 4.85000 
-5.72626 4.85100 
-5.72626 4.85200 
-5.72626 4.85300 
-5.72626 4.85400 
-5.72626 4.85500 
-5.72626 4.85600 
-5.72626 4.85700 
-5.72626 4.85800 
-5.72626 4.85900 
-5.72626 4.86000 
-5.72626 4.86100 
-5.72626 4.86200 
-5.72626 4.86300 
-5.72626 4.86400 
-5.72626 4.86500 
-5.72626 4.86600 
-5.72626 4.86700 
-5.72626 4.86800 
-5.72626 4.86900 
-5.72626 4.87000 
-5.72626 4.87100 
-5.72626 4.87200 
-5.72626 4.87300 
-5.72626 4.87400 
-5.72626 4.87500 
-5.72626 4.87600 
-5.72626 4.87700 
-5.72626 4.87800 
-5.72626 4.87900 
-5.72626 4.88000 
-5.72626 4.88100 
-5.72626 4.88200 
-5.72626 4.88300 
-5.72626 4.88400 
-5.72626 4.88500 
-5.72626 4.88600 
-5.72626 4.88700 
-5.72626 4.88800 
-5.72626 4.88900 
-5.72626 4.89000 
-5.72626 4.89100 
-5.72626 4.89200 
-5.72626 4.89300 
-5.72626 4.89400 
-5.72626 4.89500 
-5.72626 4.89600 
-5.72626 4.89700 
-5.72626 4.89800 
-5.72626 4.89900 
-5.72626 4.90000 
-5.72626 4.90100 
-5.72626 4.90200 
-5.72626 4.90300 
-5.72626 4.90400 
-5.72626 4.90500 
-5.72626 4.90600 
-5.72626 4.90700 
-5.72626 4.90800 
-5.72626 4.90900 
-5.72626 4.91000 
-5.72626 4.91100 
-5.72626 4.91200 
-5.72626 4.91300 
-5.72626 4.91400 
-5.72626 4.91500 
-5.72626 4.91600 
-5.72626 4.91700 
-5.72626 4.91800 
-5.72626 4.91900 
-5.72626 4.92000 
-5.72626 4.92100 
-5.72626 4.92200 
-5.72626 4.92300 
-5.72626 4.92400 
-5.72626 4.92500 
-5.72626 4.92600 
-5.72626 4.92700 
-5.72626 4.92800 
-5.72626 4.92900 
-5.72626 4.93000 
-5.72626 4.93100 
-5.72626 4.93200 
-5.72626 4.93300 
-5.72626 4.93400 
-5.72626 4.93500 
-5.72626 4.93600 
-5.72626 4.93700 
-5.72626 4.93800 
-5.72626 4.93900 
-5.72626 4.94000 
-5.72626 4.94100 
-5.72626 4.94200 
-5.72626 4.94300 
-5.72626 4.94400 
-5.72626 4.94500 
-5.72626 4.94600 
-5.72626 4.94700 
-5.72626 4.94800 
-5.72626 4.94900 
-5.72626 4.95000 
-5.72626 4.95100 
-5.72626 4.95200 
-5.72626 4.95300 
-5.72626 4.95400 
-5.72626 4.95500 
-5.72626 4.95600 
-5.72626 4.95700 
-5.72626 4.95800 
-5.72626 4.95900 
-5.72626 4.96000 
-5.72626 4.96100 
-5.72626 4.96200 
-5.72626 4.96300 
-5.72626 4.96400 
-5.72626 4.96500 
-5.72626 4.96600 
-5.72626 4.96700 
-5.72626 4.96800 
-5.72626 4.96900 
-5.72626 4.97000 
-5.72626 4.97100 
-5.72626 4.97200 
-5.72626 4.97300 
-5.72626 4.97400 
-5.72626 4.97500 
-5.72626 4.97600 
-5.72626 4.97700 
-5.72626 4.97800 
-5.72626 4.97900 
-5.72626 4.98000 
-5.72626 4.98100 
-5.72626 4.98200 
-5.72626 4.98300 
-5.72626 4.98400 
-5.72626 4.98500 
-5.72626 4.98600 
-5.72626 4.98700 
-5.72626 4.98800 
-5.72626 4.98900 
-5.72626 4.99000 
-5.72626 4.99100 
-5.72626 4.99200 
-5.72626 4.99300 
-5.72626 4.99400 
-5.72626 4.99500 
-5.72626 4.99600 
-5.72626 4.99700 
-5.72626 4.99800 
-5.72626 4.99900 
