0.00000 0.00000 
-0.00002 0.00100 
-0.00010 0.00200 
-0.00026 0.00300 
-0.00050 0.00400 
-0.00082 0.00500 
-0.00123 0.00600 
-0.00171 0.00700 
-0.00226 0.00800 
-0.00290 0.00900 
-0.00361 0.01000 
-0.00440 0.01100 
-0.00525 0.01200 
-0.00619 0.01300 
-0.00719 0.01400 
-0.00827 0.01500 
-0.00942 0.01600 
-0.01064 0.01700 
-0.01192 0.01800 
-0.01328 0.01900 
-0.01470 0.02000 
-0.01619 0.02100 
-0.01775 0.02200 
-0.01937 0.02300 
-0.02105 0.02400 
-0.02280 0.02500 
-0.02461 0.02600 
-0.02649 0.02700 
-0.02843 0.02800 
-0.03042 0.02900 
-0.03248 0.03000 
-0.03460 0.03100 
-0.03677 0.03200 
-0.03901 0.03300 
-0.04130 0.03400 
-0.04365 0.03500 
-0.04605 0.03600 
-0.04851 0.03700 
-0.05103 0.03800 
-0.05360 0.03900 
-0.05622 0.04000 
-0.05890 0.04100 
-0.06162 0.04200 
-0.06440 0.04300 
-0.06724 0.04400 
-0.07012 0.04500 
-0.07305 0.04600 
-0.07603 0.04700 
-0.07906 0.04800 
-0.08214 0.04900 
-0.08527 0.05000 
-0.08844 0.05100 
-0.09166 0.05200 
-0.09493 0.05300 
-0.09824 0.05400 
-0.10160 0.05500 
-0.10500 0.05600 
-0.10845 0.05700 
-0.11194 0.05800 
-0.11547 0.05900 
-0.11905 0.06000 
-0.12267 0.06100 
-0.12633 0.06200 
-0.13003 0.06300 
-0.13377 0.06400 
-0.13755 0.06500 
-0.14137 0.06600 
-0.14523 0.06700 
-0.14913 0.06800 
-0.15307 0.06900 
-0.15704 0.07000 
-0.16106 0.07100 
-0.16511 0.07200 
-0.16919 0.07300 
-0.17332 0.07400 
-0.17748 0.07500 
-0.18167 0.07600 
-0.18590 0.07700 
-0.19016 0.07800 
-0.19446 0.07900 
-0.19879 0.08000 
-0.20316 0.08100 
-0.20756 0.08200 
-0.21199 0.08300 
-0.21645 0.08400 
-0.22095 0.08500 
-0.22548 0.08600 
-0.23003 0.08700 
-0.23462 0.08800 
-0.23924 0.08900 
-0.24389 0.09000 
-0.24857 0.09100 
-0.25328 0.09200 
-0.25802 0.09300 
-0.26278 0.09400 
-0.26758 0.09500 
-0.27240 0.09600 
-0.27725 0.09700 
-0.28213 0.09800 
-0.28704 0.09900 
-0.29197 0.10000 
-0.29693 0.10100 
-0.30192 0.10200 
-0.30693 0.10300 
-0.31196 0.10400 
-0.31703 0.10500 
-0.32211 0.10600 
-0.32722 0.10700 
-0.33236 0.10800 
-0.33752 0.10900 
-0.34271 0.11000 
-0.34791 0.11100 
-0.35315 0.11200 
-0.35840 0.11300 
-0.36368 0.11400 
-0.36898 0.11500 
-0.37430 0.11600 
-0.37965 0.11700 
-0.38501 0.11800 
-0.39040 0.11900 
-0.39581 0.12000 
-0.40124 0.12100 
-0.40669 0.12200 
-0.41216 0.12300 
-0.41765 0.12400 
-0.42316 0.12500 
-0.42870 0.12600 
-0.43425 0.12700 
-0.43982 0.12800 
-0.44541 0.12900 
-0.45102 0.13000 
-0.45665 0.13100 
-0.46229 0.13200 
-0.46796 0.13300 
-0.47364 0.13400 
-0.47934 0.13500 
-0.48506 0.13600 
-0.49080 0.13700 
-0.49655 0.13800 
-0.50232 0.13900 
-0.50811 0.14000 
-0.51391 0.14100 
-0.51973 0.14200 
-0.52557 0.14300 
-0.53142 0.14400 
-0.53729 0.14500 
-0.54318 0.14600 
-0.54908 0.14700 
-0.55499 0.14800 
-0.56093 0.14900 
-0.56687 0.15000 
-0.57283 0.15100 
-0.57881 0.15200 
-0.58480 0.15300 
-0.59080 0.15400 
-0.59682 0.15500 
-0.60286 0.15600 
-0.60890 0.15700 
-0.61496 0.15800 
-0.62104 0.15900 
-0.62713 0.16000 
-0.63323 0.16100 
-0.63934 0.16200 
-0.64547 0.16300 
-0.65161 0.16400 
-0.65776 0.16500 
-0.66393 0.16600 
-0.67011 0.16700 
-0.67630 0.16800 
-0.68250 0.16900 
-0.68871 0.17000 
-0.69494 0.17100 
-0.70118 0.17200 
-0.70742 0.17300 
-0.71368 0.17400 
-0.71996 0.17500 
-0.72624 0.17600 
-0.73253 0.17700 
-0.73884 0.17800 
-0.74515 0.17900 
-0.75148 0.18000 
-0.75782 0.18100 
-0.76416 0.18200 
-0.77052 0.18300 
-0.77689 0.18400 
-0.78327 0.18500 
-0.78966 0.18600 
-0.79605 0.18700 
-0.80246 0.18800 
-0.80888 0.18900 
-0.81530 0.19000 
-0.82174 0.19100 
-0.82819 0.19200 
-0.83464 0.19300 
-0.84110 0.19400 
-0.84758 0.19500 
-0.85406 0.19600 
-0.86055 0.19700 
-0.86705 0.19800 
-0.87356 0.19900 
-0.88007 0.20000 
-0.88660 0.20100 
-0.89313 0.20200 
-0.89967 0.20300 
-0.90622 0.20400 
-0.91278 0.20500 
-0.91934 0.20600 
-0.92591 0.20700 
-0.93249 0.20800 
-0.93908 0.20900 
-0.94568 0.21000 
-0.95228 0.21100 
-0.95889 0.21200 
-0.96551 0.21300 
-0.97213 0.21400 
-0.97877 0.21500 
-0.98540 0.21600 
-0.99205 0.21700 
-0.99870 0.21800 
-1.00536 0.21900 
-1.01203 0.22000 
-1.01870 0.22100 
-1.02538 0.22200 
-1.03207 0.22300 
-1.03876 0.22400 
-1.04546 0.22500 
-1.05216 0.22600 
-1.05887 0.22700 
-1.06559 0.22800 
-1.07231 0.22900 
-1.07904 0.23000 
-1.08578 0.23100 
-1.09252 0.23200 
-1.09927 0.23300 
-1.10602 0.23400 
-1.11278 0.23500 
-1.11954 0.23600 
-1.12631 0.23700 
-1.13308 0.23800 
-1.13986 0.23900 
-1.14665 0.24000 
-1.15344 0.24100 
-1.16023 0.24200 
-1.16704 0.24300 
-1.17384 0.24400 
-1.18065 0.24500 
-1.18747 0.24600 
-1.19429 0.24700 
-1.20112 0.24800 
-1.20795 0.24900 
-1.21478 0.25000 
-1.22162 0.25100 
-1.22847 0.25200 
-1.23532 0.25300 
-1.24217 0.25400 
-1.24903 0.25500 
-1.25589 0.25600 
-1.26276 0.25700 
-1.26963 0.25800 
-1.27650 0.25900 
-1.28338 0.26000 
-1.29027 0.26100 
-1.29716 0.26200 
-1.30405 0.26300 
-1.31095 0.26400 
-1.31785 0.26500 
-1.32475 0.26600 
-1.33166 0.26700 
-1.33857 0.26800 
-1.34549 0.26900 
-1.35241 0.27000 
-1.35933 0.27100 
-1.36626 0.27200 
-1.37319 0.27300 
-1.38012 0.27400 
-1.38706 0.27500 
-1.39400 0.27600 
-1.40095 0.27700 
-1.40790 0.27800 
-1.41485 0.27900 
-1.42180 0.28000 
-1.42876 0.28100 
-1.43572 0.28200 
-1.44269 0.28300 
-1.44966 0.28400 
-1.45663 0.28500 
-1.46360 0.28600 
-1.47058 0.28700 
-1.47756 0.28800 
-1.48454 0.28900 
-1.49153 0.29000 
-1.49852 0.29100 
-1.50551 0.29200 
-1.51251 0.29300 
-1.51951 0.29400 
-1.52651 0.29500 
-1.53351 0.29600 
-1.54052 0.29700 
-1.54753 0.29800 
-1.55454 0.29900 
-1.56155 0.30000 
-1.56857 0.30100 
-1.57559 0.30200 
-1.58261 0.30300 
-1.58964 0.30400 
-1.59667 0.30500 
-1.60370 0.30600 
-1.61073 0.30700 
-1.61776 0.30800 
-1.62480 0.30900 
-1.63184 0.31000 
-1.63888 0.31100 
-1.64593 0.31200 
-1.65297 0.31300 
-1.66002 0.31400 
-1.66708 0.31500 
-1.67413 0.31600 
-1.68118 0.31700 
-1.68824 0.31800 
-1.69530 0.31900 
-1.70237 0.32000 
-1.70943 0.32100 
-1.71650 0.32200 
-1.72356 0.32300 
-1.73063 0.32400 
-1.73771 0.32500 
-1.74478 0.32600 
-1.75186 0.32700 
-1.75894 0.32800 
-1.76602 0.32900 
-1.77310 0.33000 
-1.78018 0.33100 
-1.78727 0.33200 
-1.79436 0.33300 
-1.80145 0.33400 
-1.80854 0.33500 
-1.81563 0.33600 
-1.82273 0.33700 
-1.82982 0.33800 
-1.83692 0.33900 
-1.84402 0.34000 
-1.85112 0.34100 
-1.85822 0.34200 
-1.86533 0.34300 
-1.87244 0.34400 
-1.87954 0.34500 
-1.88665 0.34600 
-1.89376 0.34700 
-1.90088 0.34800 
-1.90799 0.34900 
-1.91511 0.35000 
-1.92222 0.35100 
-1.92934 0.35200 
-1.93646 0.35300 
-1.94358 0.35400 
-1.95071 0.35500 
-1.95783 0.35600 
-1.96496 0.35700 
-1.97208 0.35800 
-1.97921 0.35900 
-1.98634 0.36000 
-1.99347 0.36100 
-2.00061 0.36200 
-2.00774 0.36300 
-2.01488 0.36400 
-2.02201 0.36500 
-2.02915 0.36600 
-2.03629 0.36700 
-2.04343 0.36800 
-2.05057 0.36900 
-2.05771 0.37000 
-2.06485 0.37100 
-2.07200 0.37200 
-2.07914 0.37300 
-2.08629 0.37400 
-2.09344 0.37500 
-2.10059 0.37600 
-2.10774 0.37700 
-2.11489 0.37800 
-2.12204 0.37900 
-2.12920 0.38000 
-2.13635 0.38100 
-2.14351 0.38200 
-2.15066 0.38300 
-2.15782 0.38400 
-2.16498 0.38500 
-2.17214 0.38600 
-2.17930 0.38700 
-2.18646 0.38800 
-2.19362 0.38900 
-2.20079 0.39000 
-2.20795 0.39100 
-2.21512 0.39200 
-2.22228 0.39300 
-2.22945 0.39400 
-2.23662 0.39500 
-2.24379 0.39600 
-2.25096 0.39700 
-2.25813 0.39800 
-2.26530 0.39900 
-2.27247 0.40000 
-2.27965 0.40100 
-2.28682 0.40200 
-2.29399 0.40300 
-2.30117 0.40400 
-2.30835 0.40500 
-2.31552 0.40600 
-2.32270 0.40700 
-2.32988 0.40800 
-2.33706 0.40900 
-2.34424 0.41000 
-2.35142 0.41100 
-2.35860 0.41200 
-2.36579 0.41300 
-2.37297 0.41400 
-2.38015 0.41500 
-2.38734 0.41600 
-2.39452 0.41700 
-2.40171 0.41800 
-2.40889 0.41900 
-2.41608 0.42000 
-2.42327 0.42100 
-2.43046 0.42200 
-2.43765 0.42300 
-2.44484 0.42400 
-2.45203 0.42500 
-2.45922 0.42600 
-2.46641 0.42700 
-2.47360 0.42800 
-2.48080 0.42900 
-2.48799 0.43000 
-2.49518 0.43100 
-2.50238 0.43200 
-2.50958 0.43300 
-2.51677 0.43400 
-2.52397 0.43500 
-2.53116 0.43600 
-2.53836 0.43700 
-2.54556 0.43800 
-2.55276 0.43900 
-2.55996 0.44000 
-2.56716 0.44100 
-2.57436 0.44200 
-2.58156 0.44300 
-2.58876 0.44400 
-2.59596 0.44500 
-2.60316 0.44600 
-2.61037 0.44700 
-2.61757 0.44800 
-2.62477 0.44900 
-2.63198 0.45000 
-2.63918 0.45100 
-2.64639 0.45200 
-2.65359 0.45300 
-2.66080 0.45400 
-2.66801 0.45500 
-2.67521 0.45600 
-2.68242 0.45700 
-2.68963 0.45800 
-2.69684 0.45900 
-2.70405 0.46000 
-2.71125 0.46100 
-2.71846 0.46200 
-2.72567 0.46300 
-2.73288 0.46400 
-2.74010 0.46500 
-2.74731 0.46600 
-2.75452 0.46700 
-2.76173 0.46800 
-2.76894 0.46900 
-2.77615 0.47000 
-2.78337 0.47100 
-2.79058 0.47200 
-2.79779 0.47300 
-2.80501 0.47400 
-2.81222 0.47500 
-2.81944 0.47600 
-2.82665 0.47700 
-2.83387 0.47800 
-2.84108 0.47900 
-2.84830 0.48000 
-2.85552 0.48100 
-2.86273 0.48200 
-2.86995 0.48300 
-2.87717 0.48400 
-2.88439 0.48500 
-2.89160 0.48600 
-2.89882 0.48700 
-2.90604 0.48800 
-2.91326 0.48900 
-2.92048 0.49000 
-2.92770 0.49100 
-2.93492 0.49200 
-2.94214 0.49300 
-2.94936 0.49400 
-2.95658 0.49500 
-2.96380 0.49600 
-2.97102 0.49700 
-2.97824 0.49800 
-2.98547 0.49900 
-2.99269 0.50000 
-2.99991 0.50100 
-3.00713 0.50200 
-3.01436 0.50300 
-3.02158 0.50400 
-3.02880 0.50500 
-3.03603 0.50600 
-3.04325 0.50700 
-3.05047 0.50800 
-3.05770 0.50900 
-3.06492 0.51000 
-3.07215 0.51100 
-3.07937 0.51200 
-3.08660 0.51300 
-3.09382 0.51400 
-3.10105 0.51500 
-3.10827 0.51600 
-3.11550 0.51700 
-3.12273 0.51800 
-3.12995 0.51900 
-3.13718 0.52000 
-3.14441 0.52100 
-3.15164 0.52200 
-3.15886 0.52300 
-3.16609 0.52400 
-3.17332 0.52500 
-3.18055 0.52600 
-3.18777 0.52700 
-3.19500 0.52800 
-3.20223 0.52900 
-3.20946 0.53000 
-3.21669 0.53100 
-3.22392 0.53200 
-3.23115 0.53300 
-3.23838 0.53400 
-3.24561 0.53500 
-3.25284 0.53600 
-3.26007 0.53700 
-3.26730 0.53800 
-3.27453 0.53900 
-3.28176 0.54000 
-3.28899 0.54100 
-3.29622 0.54200 
-3.30345 0.54300 
-3.31068 0.54400 
-3.31791 0.54500 
-3.32514 0.54600 
-3.33238 0.54700 
-3.33961 0.54800 
-3.34684 0.54900 
-3.35407 0.55000 
-3.36130 0.55100 
-3.36854 0.55200 
-3.37577 0.55300 
-3.38300 0.55400 
-3.39023 0.55500 
-3.39747 0.55600 
-3.40470 0.55700 
-3.41193 0.55800 
-3.41917 0.55900 
-3.42640 0.56000 
-3.43363 0.56100 
-3.44087 0.56200 
-3.44810 0.56300 
-3.45534 0.56400 
-3.46257 0.56500 
-3.46980 0.56600 
-3.47704 0.56700 
-3.48427 0.56800 
-3.49151 0.56900 
-3.49874 0.57000 
-3.50598 0.57100 
-3.51321 0.57200 
-3.52045 0.57300 
-3.52768 0.57400 
-3.53492 0.57500 
-3.54215 0.57600 
-3.54939 0.57700 
-3.55662 0.57800 
-3.56386 0.57900 
-3.57110 0.58000 
-3.57833 0.58100 
-3.58557 0.58200 
-3.59280 0.58300 
-3.60004 0.58400 
-3.60728 0.58500 
-3.61451 0.58600 
-3.62175 0.58700 
-3.62899 0.58800 
-3.63622 0.58900 
-3.64346 0.59000 
-3.65070 0.59100 
-3.65793 0.59200 
-3.66517 0.59300 
-3.67241 0.59400 
-3.67965 0.59500 
-3.68688 0.59600 
-3.69412 0.59700 
-3.70136 0.59800 
-3.70860 0.59900 
-3.71583 0.60000 
-3.72307 0.60100 
-3.73031 0.60200 
-3.73755 0.60300 
-3.74479 0.60400 
-3.75202 0.60500 
-3.75926 0.60600 
-3.76650 0.60700 
-3.77374 0.60800 
-3.78098 0.60900 
-3.78822 0.61000 
-3.79545 0.61100 
-3.80269 0.61200 
-3.80993 0.61300 
-3.81717 0.61400 
-3.82441 0.61500 
-3.83165 0.61600 
-3.83889 0.61700 
-3.84613 0.61800 
-3.85337 0.61900 
-3.86061 0.62000 
-3.86785 0.62100 
-3.87508 0.62200 
-3.88232 0.62300 
-3.88956 0.62400 
-3.89680 0.62500 
-3.90404 0.62600 
-3.91128 0.62700 
-3.91852 0.62800 
-3.92576 0.62900 
-3.93300 0.63000 
-3.94024 0.63100 
-3.94748 0.63200 
-3.95472 0.63300 
-3.96196 0.63400 
-3.96920 0.63500 
-3.97644 0.63600 
-3.98368 0.63700 
-3.99092 0.63800 
-3.99816 0.63900 
-4.00540 0.64000 
-4.01264 0.64100 
-4.01988 0.64200 
-4.02713 0.64300 
-4.03437 0.64400 
-4.04161 0.64500 
-4.04885 0.64600 
-4.05609 0.64700 
-4.06333 0.64800 
-4.07057 0.64900 
-4.07781 0.65000 
-4.08505 0.65100 
-4.09229 0.65200 
-4.09953 0.65300 
-4.10678 0.65400 
-4.11402 0.65500 
-4.12126 0.65600 
-4.12850 0.65700 
-4.13574 0.65800 
-4.14298 0.65900 
-4.15022 0.66000 
-4.15746 0.66100 
-4.16471 0.66200 
-4.17195 0.66300 
-4.17919 0.66400 
-4.18643 0.66500 
-4.19367 0.66600 
-4.20091 0.66700 
-4.20816 0.66800 
-4.21540 0.66900 
-4.22264 0.67000 
-4.22988 0.67100 
-4.23712 0.67200 
-4.24436 0.67300 
-4.25161 0.67400 
-4.25885 0.67500 
-4.26609 0.67600 
-4.27333 0.67700 
-4.28057 0.67800 
-4.28782 0.67900 
-4.29506 0.68000 
-4.30230 0.68100 
-4.30954 0.68200 
-4.31679 0.68300 
-4.32403 0.68400 
-4.33127 0.68500 
-4.33851 0.68600 
-4.34575 0.68700 
-4.35300 0.68800 
-4.36024 0.68900 
-4.36748 0.69000 
-4.37472 0.69100 
-4.38197 0.69200 
-4.38921 0.69300 
-4.39645 0.69400 
-4.40369 0.69500 
-4.41094 0.69600 
-4.41818 0.69700 
-4.42542 0.69800 
-4.43267 0.69900 
-4.43991 0.70000 
-4.44715 0.70100 
-4.45439 0.70200 
-4.46164 0.70300 
-4.46888 0.70400 
-4.47612 0.70500 
-4.48336 0.70600 
-4.49061 0.70700 
-4.49785 0.70800 
-4.50509 0.70900 
-4.51234 0.71000 
-4.51958 0.71100 
-4.52682 0.71200 
-4.53407 0.71300 
-4.54131 0.71400 
-4.54855 0.71500 
-4.55579 0.71600 
-4.56304 0.71700 
-4.57028 0.71800 
-4.57752 0.71900 
-4.58477 0.72000 
-4.59201 0.72100 
-4.59925 0.72200 
-4.60650 0.72300 
-4.61374 0.72400 
-4.62098 0.72500 
-4.62823 0.72600 
-4.63547 0.72700 
-4.64271 0.72800 
-4.64996 0.72900 
-4.65720 0.73000 
-4.66444 0.73100 
-4.67169 0.73200 
-4.67893 0.73300 
-4.68617 0.73400 
-4.69342 0.73500 
-4.70066 0.73600 
-4.70791 0.73700 
-4.71515 0.73800 
-4.72239 0.73900 
-4.72964 0.74000 
-4.73688 0.74100 
-4.74412 0.74200 
-4.75137 0.74300 
-4.75861 0.74400 
-4.76585 0.74500 
-4.77310 0.74600 
-4.78034 0.74700 
-4.78759 0.74800 
-4.79483 0.74900 
-4.80207 0.75000 
-4.80932 0.75100 
-4.81656 0.75200 
-4.82380 0.75300 
-4.83105 0.75400 
-4.83829 0.75500 
-4.84554 0.75600 
-4.85278 0.75700 
-4.86002 0.75800 
-4.86727 0.75900 
-4.87451 0.76000 
-4.88175 0.76100 
-4.88900 0.76200 
-4.89624 0.76300 
-4.90349 0.76400 
-4.91073 0.76500 
-4.91797 0.76600 
-4.92522 0.76700 
-4.93246 0.76800 
-4.93971 0.76900 
-4.94695 0.77000 
-4.95419 0.77100 
-4.96144 0.77200 
-4.96868 0.77300 
-4.97593 0.77400 
-4.98317 0.77500 
-4.99041 0.77600 
-4.99766 0.77700 
-5.00490 0.77800 
-5.01215 0.77900 
-5.01939 0.78000 
-5.02664 0.78100 
-5.03388 0.78200 
-5.04112 0.78300 
-5.04837 0.78400 
-5.05561 0.78500 
-5.06286 0.78600 
-5.07010 0.78700 
-5.07734 0.78800 
-5.08459 0.78900 
-5.09183 0.79000 
-5.09908 0.79100 
-5.10632 0.79200 
-5.11357 0.79300 
-5.12081 0.79400 
-5.12805 0.79500 
-5.13530 0.79600 
-5.14254 0.79700 
-5.14979 0.79800 
-5.15703 0.79900 
-5.16428 0.80000 
-5.17152 0.80100 
-5.17876 0.80200 
-5.18601 0.80300 
-5.19325 0.80400 
-5.20050 0.80500 
-5.20774 0.80600 
-5.21499 0.80700 
-5.22223 0.80800 
-5.22947 0.80900 
-5.23672 0.81000 
-5.24396 0.81100 
-5.25121 0.81200 
-5.25845 0.81300 
-5.26570 0.81400 
-5.27294 0.81500 
-5.28019 0.81600 
-5.28743 0.81700 
-5.29467 0.81800 
-5.30192 0.81900 
-5.30916 0.82000 
-5.31641 0.82100 
-5.32365 0.82200 
-5.33090 0.82300 
-5.33814 0.82400 
-5.34539 0.82500 
-5.35263 0.82600 
-5.35988 0.82700 
-5.36712 0.82800 
-5.37436 0.82900 
-5.38161 0.83000 
-5.38885 0.83100 
-5.39610 0.83200 
-5.40334 0.83300 
-5.41059 0.83400 
-5.41783 0.83500 
-5.42508 0.83600 
-5.43232 0.83700 
-5.43957 0.83800 
-5.44681 0.83900 
-5.45405 0.84000 
-5.46130 0.84100 
-5.46854 0.84200 
-5.47579 0.84300 
-5.48303 0.84400 
-5.49028 0.84500 
-5.49752 0.84600 
-5.50477 0.84700 
-5.51201 0.84800 
-5.51926 0.84900 
-5.52650 0.85000 
-5.53374 0.85100 
-5.54099 0.85200 
-5.54823 0.85300 
-5.55548 0.85400 
-5.56272 0.85500 
-5.56997 0.85600 
-5.57721 0.85700 
-5.58446 0.85800 
-5.59170 0.85900 
-5.59895 0.86000 
-5.60619 0.86100 
-5.61344 0.86200 
-5.62068 0.86300 
-5.62793 0.86400 
-5.63517 0.86500 
-5.64242 0.86600 
-5.64966 0.86700 
-5.65690 0.86800 
-5.66415 0.86900 
-5.67139 0.87000 
-5.67864 0.87100 
-5.68588 0.87200 
-5.69313 0.87300 
-5.70037 0.87400 
-5.70762 0.87500 
-5.71486 0.87600 
-5.72211 0.87700 
-5.72935 0.87800 
-5.73660 0.87900 
-5.74384 0.88000 
-5.75109 0.88100 
-5.75833 0.88200 
-5.76558 0.88300 
-5.77282 0.88400 
-5.78007 0.88500 
-5.78731 0.88600 
-5.79455 0.88700 
-5.80180 0.88800 
-5.80904 0.88900 
-5.81629 0.89000 
-5.82353 0.89100 
-5.83078 0.89200 
-5.83802 0.89300 
-5.84527 0.89400 
-5.85251 0.89500 
-5.85976 0.89600 
-5.86700 0.89700 
-5.87425 0.89800 
-5.88149 0.89900 
-5.88874 0.90000 
-5.89598 0.90100 
-5.90323 0.90200 
-5.91047 0.90300 
-5.91772 0.90400 
-5.92496 0.90500 
-5.93221 0.90600 
-5.93945 0.90700 
-5.94670 0.90800 
-5.95394 0.90900 
-5.96119 0.91000 
-5.96843 0.91100 
-5.97568 0.91200 
-5.98292 0.91300 
-5.99016 0.91400 
-5.99741 0.91500 
-6.00465 0.91600 
-6.01190 0.91700 
-6.01914 0.91800 
-6.02639 0.91900 
-6.03363 0.92000 
-6.04088 0.92100 
-6.04812 0.92200 
-6.05537 0.92300 
-6.06261 0.92400 
-6.06986 0.92500 
-6.07710 0.92600 
-6.08435 0.92700 
-6.09159 0.92800 
-6.09884 0.92900 
-6.10608 0.93000 
-6.11333 0.93100 
-6.12057 0.93200 
-6.12782 0.93300 
-6.13506 0.93400 
-6.14231 0.93500 
-6.14955 0.93600 
-6.15680 0.93700 
-6.16404 0.93800 
-6.17129 0.93900 
-6.17853 0.94000 
-6.18578 0.94100 
-6.19302 0.94200 
-6.20027 0.94300 
-6.20751 0.94400 
-6.21476 0.94500 
-6.22200 0.94600 
-6.22925 0.94700 
-6.23649 0.94800 
-6.24374 0.94900 
-6.25098 0.95000 
-6.25823 0.95100 
-6.26547 0.95200 
-6.27272 0.95300 
-6.27996 0.95400 
-6.28721 0.95500 
-6.29445 0.95600 
-6.30170 0.95700 
-6.30894 0.95800 
-6.31618 0.95900 
-6.32343 0.96000 
-6.33067 0.96100 
-6.33792 0.96200 
-6.34516 0.96300 
-6.35241 0.96400 
-6.35965 0.96500 
-6.36690 0.96600 
-6.37414 0.96700 
-6.38139 0.96800 
-6.38863 0.96900 
-6.39588 0.97000 
-6.40312 0.97100 
-6.41037 0.97200 
-6.41761 0.97300 
-6.42486 0.97400 
-6.43210 0.97500 
-6.43935 0.97600 
-6.44659 0.97700 
-6.45384 0.97800 
-6.46108 0.97900 
-6.46833 0.98000 
-6.47557 0.98100 
-6.48282 0.98200 
-6.49006 0.98300 
-6.49731 0.98400 
-6.50455 0.98500 
-6.51180 0.98600 
-6.51904 0.98700 
-6.52629 0.98800 
-6.53353 0.98900 
-6.54078 0.99000 
-6.54802 0.99100 
-6.55527 0.99200 
-6.56251 0.99300 
-6.56976 0.99400 
-6.57700 0.99500 
-6.58425 0.99600 
-6.59149 0.99700 
-6.59874 0.99800 
-6.60598 0.99900 
-6.61323 1.00000 
-6.62047 1.00100 
-6.62772 1.00200 
-6.63496 1.00300 
-6.64221 1.00400 
-6.64945 1.00500 
-6.65670 1.00600 
-6.66394 1.00700 
-6.67119 1.00800 
-6.67843 1.00900 
-6.68568 1.01000 
-6.69292 1.01100 
-6.70017 1.01200 
-6.70741 1.01300 
-6.71466 1.01400 
-6.72190 1.01500 
-6.72915 1.01600 
-6.73639 1.01700 
-6.74364 1.01800 
-6.75088 1.01900 
-6.75813 1.02000 
-6.76537 1.02100 
-6.77262 1.02200 
-6.77986 1.02300 
-6.78711 1.02400 
-6.79435 1.02500 
-6.80160 1.02600 
-6.80884 1.02700 
-6.81609 1.02800 
-6.82333 1.02900 
-6.83058 1.03000 
-6.83782 1.03100 
-6.84507 1.03200 
-6.85231 1.03300 
-6.85956 1.03400 
-6.86680 1.03500 
-6.87405 1.03600 
-6.88129 1.03700 
-6.88854 1.03800 
-6.89578 1.03900 
-6.90303 1.04000 
-6.91027 1.04100 
-6.91752 1.04200 
-6.92476 1.04300 
-6.93201 1.04400 
-6.93925 1.04500 
-6.94650 1.04600 
-6.95374 1.04700 
-6.96099 1.04800 
-6.96823 1.04900 
-6.97548 1.05000 
-6.98272 1.05100 
-6.98997 1.05200 
-6.99721 1.05300 
-7.00446 1.05400 
-7.01170 1.05500 
-7.01895 1.05600 
-7.02619 1.05700 
-7.03344 1.05800 
-7.04068 1.05900 
-7.04793 1.06000 
-7.05517 1.06100 
-7.06242 1.06200 
-7.06966 1.06300 
-7.07691 1.06400 
-7.08415 1.06500 
-7.09140 1.06600 
-7.09864 1.06700 
-7.10589 1.06800 
-7.11313 1.06900 
-7.12038 1.07000 
-7.12762 1.07100 
-7.13487 1.07200 
-7.14211 1.07300 
-7.14936 1.07400 
-7.15660 1.07500 
-7.16385 1.07600 
-7.17109 1.07700 
-7.17834 1.07800 
-7.18558 1.07900 
-7.19283 1.08000 
-7.20007 1.08100 
-7.20732 1.08200 
-7.21456 1.08300 
-7.22181 1.08400 
-7.22905 1.08500 
-7.23630 1.08600 
-7.24354 1.08700 
-7.25079 1.08800 
-7.25803 1.08900 
-7.26528 1.09000 
-7.27252 1.09100 
-7.27977 1.09200 
-7.28701 1.09300 
-7.29426 1.09400 
-7.30150 1.09500 
-7.30875 1.09600 
-7.31599 1.09700 
-7.32324 1.09800 
-7.33048 1.09900 
-7.33773 1.10000 
-7.34497 1.10100 
-7.35222 1.10200 
-7.35946 1.10300 
-7.36671 1.10400 
-7.37395 1.10500 
-7.38120 1.10600 
-7.38844 1.10700 
-7.39569 1.10800 
-7.40293 1.10900 
-7.41018 1.11000 
-7.41742 1.11100 
-7.42467 1.11200 
-7.43191 1.11300 
-7.43916 1.11400 
-7.44640 1.11500 
-7.45365 1.11600 
-7.46089 1.11700 
-7.46814 1.11800 
-7.47538 1.11900 
-7.48263 1.12000 
-7.48987 1.12100 
-7.49712 1.12200 
-7.50436 1.12300 
-7.51161 1.12400 
-7.51885 1.12500 
-7.52610 1.12600 
-7.53334 1.12700 
-7.54059 1.12800 
-7.54783 1.12900 
-7.55508 1.13000 
-7.56232 1.13100 
-7.56957 1.13200 
-7.57681 1.13300 
-7.58406 1.13400 
-7.59130 1.13500 
-7.59855 1.13600 
-7.60579 1.13700 
-7.61304 1.13800 
-7.62028 1.13900 
-7.62753 1.14000 
-7.63477 1.14100 
-7.64202 1.14200 
-7.64926 1.14300 
-7.65651 1.14400 
-7.66375 1.14500 
-7.67100 1.14600 
-7.67824 1.14700 
-7.68549 1.14800 
-7.69273 1.14900 
-7.69998 1.15000 
-7.70722 1.15100 
-7.71447 1.15200 
-7.72171 1.15300 
-7.72896 1.15400 
-7.73621 1.15500 
-7.74345 1.15600 
-7.75070 1.15700 
-7.75794 1.15800 
-7.76519 1.15900 
-7.77243 1.16000 
-7.77968 1.16100 
-7.78692 1.16200 
-7.79417 1.16300 
-7.80141 1.16400 
-7.80866 1.16500 
-7.81590 1.16600 
-7.82315 1.16700 
-7.83039 1.16800 
-7.83764 1.16900 
-7.84488 1.17000 
-7.85213 1.17100 
-7.85937 1.17200 
-7.86662 1.17300 
-7.87386 1.17400 
-7.88111 1.17500 
-7.88835 1.17600 
-7.89560 1.17700 
-7.90284 1.17800 
-7.91009 1.17900 
-7.91733 1.18000 
-7.92458 1.18100 
-7.93182 1.18200 
-7.93907 1.18300 
-7.94631 1.18400 
-7.95356 1.18500 
-7.96080 1.18600 
-7.96805 1.18700 
-7.97529 1.18800 
-7.98254 1.18900 
-7.98978 1.19000 
-7.99703 1.19100 
-8.00427 1.19200 
-8.01152 1.19300 
-8.01876 1.19400 
-8.02601 1.19500 
-8.03325 1.19600 
-8.04050 1.19700 
-8.04774 1.19800 
-8.05499 1.19900 
-8.06223 1.20000 
-8.06948 1.20100 
-8.07672 1.20200 
-8.08397 1.20300 
-8.09121 1.20400 
-8.09846 1.20500 
-8.10570 1.20600 
-8.11295 1.20700 
-8.12019 1.20800 
-8.12744 1.20900 
-8.13468 1.21000 
-8.14193 1.21100 
-8.14917 1.21200 
-8.15642 1.21300 
-8.16366 1.21400 
-8.17091 1.21500 
-8.17815 1.21600 
-8.18540 1.21700 
-8.19264 1.21800 
-8.19989 1.21900 
-8.20713 1.22000 
-8.21438 1.22100 
-8.22162 1.22200 
-8.22887 1.22300 
-8.23611 1.22400 
-8.24336 1.22500 
-8.25060 1.22600 
-8.25785 1.22700 
-8.26509 1.22800 
-8.27234 1.22900 
-8.27958 1.23000 
-8.28683 1.23100 
-8.29407 1.23200 
-8.30132 1.23300 
-8.30856 1.23400 
-8.31581 1.23500 
-8.32305 1.23600 
-8.33030 1.23700 
-8.33754 1.23800 
-8.34479 1.23900 
-8.35203 1.24000 
-8.35928 1.24100 
-8.36652 1.24200 
-8.37377 1.24300 
-8.38101 1.24400 
-8.38826 1.24500 
-8.39550 1.24600 
-8.40275 1.24700 
-8.40999 1.24800 
-8.41724 1.24900 
-8.42448 1.25000 
-8.43173 1.25100 
-8.43897 1.25200 
-8.44622 1.25300 
-8.45346 1.25400 
-8.46071 1.25500 
-8.46795 1.25600 
-8.47520 1.25700 
-8.48244 1.25800 
-8.48969 1.25900 
-8.49693 1.26000 
-8.50418 1.26100 
-8.51142 1.26200 
-8.51867 1.26300 
-8.52591 1.26400 
-8.53316 1.26500 
-8.54040 1.26600 
-8.54765 1.26700 
-8.55489 1.26800 
-8.56214 1.26900 
-8.56938 1.27000 
-8.57663 1.27100 
-8.58387 1.27200 
-8.59112 1.27300 
-8.59836 1.27400 
-8.60561 1.27500 
-8.61286 1.27600 
-8.62010 1.27700 
-8.62735 1.27800 
-8.63459 1.27900 
-8.64184 1.28000 
-8.64908 1.28100 
-8.65633 1.28200 
-8.66357 1.28300 
-8.67082 1.28400 
-8.67806 1.28500 
-8.68531 1.28600 
-8.69255 1.28700 
-8.69980 1.28800 
-8.70704 1.28900 
-8.71429 1.29000 
-8.72153 1.29100 
-8.72878 1.29200 
-8.73602 1.29300 
-8.74327 1.29400 
-8.75051 1.29500 
-8.75776 1.29600 
-8.76500 1.29700 
-8.77225 1.29800 
-8.77949 1.29900 
-8.78674 1.30000 
-8.79398 1.30100 
-8.80123 1.30200 
-8.80847 1.30300 
-8.81572 1.30400 
-8.82296 1.30500 
-8.83021 1.30600 
-8.83745 1.30700 
-8.84470 1.30800 
-8.85194 1.30900 
-8.85919 1.31000 
-8.86643 1.31100 
-8.87368 1.31200 
-8.88092 1.31300 
-8.88817 1.31400 
-8.89541 1.31500 
-8.90266 1.31600 
-8.90990 1.31700 
-8.91715 1.31800 
-8.92439 1.31900 
-8.93164 1.32000 
-8.93888 1.32100 
-8.94613 1.32200 
-8.95337 1.32300 
-8.96062 1.32400 
-8.96786 1.32500 
-8.97511 1.32600 
-8.98235 1.32700 
-8.98960 1.32800 
-8.99684 1.32900 
-9.00409 1.33000 
-9.01133 1.33100 
-9.01858 1.33200 
-9.02582 1.33300 
-9.03307 1.33400 
-9.04031 1.33500 
-9.04756 1.33600 
-9.05480 1.33700 
-9.06205 1.33800 
-9.06929 1.33900 
-9.07654 1.34000 
-9.08378 1.34100 
-9.09103 1.34200 
-9.09827 1.34300 
-9.10552 1.34400 
-9.11276 1.34500 
-9.12001 1.34600 
-9.12725 1.34700 
-9.13450 1.34800 
-9.14174 1.34900 
-9.14899 1.35000 
-9.15623 1.35100 
-9.16348 1.35200 
-9.17072 1.35300 
-9.17797 1.35400 
-9.18521 1.35500 
-9.19246 1.35600 
-9.19970 1.35700 
-9.20695 1.35800 
-9.21419 1.35900 
-9.22144 1.36000 
-9.22868 1.36100 
-9.23593 1.36200 
-9.24317 1.36300 
-9.25042 1.36400 
-9.25766 1.36500 
-9.26491 1.36600 
-9.27215 1.36700 
-9.27940 1.36800 
-9.28664 1.36900 
-9.29389 1.37000 
-9.30113 1.37100 
-9.30838 1.37200 
-9.31562 1.37300 
-9.32287 1.37400 
-9.33011 1.37500 
-9.33736 1.37600 
-9.34460 1.37700 
-9.35185 1.37800 
-9.35909 1.37900 
-9.36634 1.38000 
-9.37358 1.38100 
-9.38083 1.38200 
-9.38807 1.38300 
-9.39532 1.38400 
-9.40257 1.38500 
-9.40981 1.38600 
-9.41706 1.38700 
-9.42430 1.38800 
-9.43155 1.38900 
-9.43879 1.39000 
-9.44604 1.39100 
-9.45328 1.39200 
-9.46053 1.39300 
-9.46777 1.39400 
-9.47502 1.39500 
-9.48226 1.39600 
-9.48951 1.39700 
-9.49675 1.39800 
-9.50400 1.39900 
-9.51124 1.40000 
-9.51849 1.40100 
-9.52573 1.40200 
-9.53298 1.40300 
-9.54022 1.40400 
-9.54747 1.40500 
-9.55471 1.40600 
-9.56196 1.40700 
-9.56920 1.40800 
-9.57645 1.40900 
-9.58369 1.41000 
-9.59094 1.41100 
-9.59818 1.41200 
-9.60543 1.41300 
-9.61267 1.41400 
-9.61992 1.41500 
-9.62716 1.41600 
-9.63441 1.41700 
-9.64165 1.41800 
-9.64890 1.41900 
-9.65614 1.42000 
-9.66339 1.42100 
-9.67063 1.42200 
-9.67788 1.42300 
-9.68512 1.42400 
-9.69237 1.42500 
-9.69961 1.42600 
-9.70686 1.42700 
-9.71410 1.42800 
-9.72135 1.42900 
-9.72859 1.43000 
-9.73584 1.43100 
-9.74308 1.43200 
-9.75033 1.43300 
-9.75757 1.43400 
-9.76482 1.43500 
-9.77206 1.43600 
-9.77931 1.43700 
-9.78655 1.43800 
-9.79380 1.43900 
-9.80104 1.44000 
-9.80829 1.44100 
-9.81553 1.44200 
-9.82278 1.44300 
-9.83002 1.44400 
-9.83727 1.44500 
-9.84451 1.44600 
-9.85176 1.44700 
-9.85900 1.44800 
-9.86625 1.44900 
-9.87349 1.45000 
-9.88074 1.45100 
-9.88798 1.45200 
-9.89523 1.45300 
-9.90247 1.45400 
-9.90972 1.45500 
-9.91696 1.45600 
-9.92421 1.45700 
-9.93145 1.45800 
-9.93870 1.45900 
-9.94594 1.46000 
-9.95319 1.46100 
-9.96043 1.46200 
-9.96768 1.46300 
-9.97492 1.46400 
-9.98217 1.46500 
-9.98941 1.46600 
-9.99666 1.46700 
-10.00390 1.46800 
-10.01115 1.46900 
-10.01839 1.47000 
-10.02564 1.47100 
-10.03288 1.47200 
-10.04013 1.47300 
-10.04737 1.47400 
-10.05462 1.47500 
-10.06186 1.47600 
-10.06911 1.47700 
-10.07635 1.47800 
-10.08360 1.47900 
-10.09084 1.48000 
-10.09809 1.48100 
-10.10533 1.48200 
-10.11258 1.48300 
-10.11982 1.48400 
-10.12707 1.48500 
-10.13431 1.48600 
-10.14156 1.48700 
-10.14880 1.48800 
-10.15605 1.48900 
-10.16329 1.49000 
-10.17054 1.49100 
-10.17779 1.49200 
-10.18503 1.49300 
-10.19228 1.49400 
-10.19952 1.49500 
-10.20677 1.49600 
-10.21401 1.49700 
-10.22126 1.49800 
-10.22850 1.49900 
-10.23575 1.50000 
-10.24299 1.50100 
-10.25024 1.50200 
-10.25748 1.50300 
-10.26473 1.50400 
-10.27197 1.50500 
-10.27922 1.50600 
-10.28646 1.50700 
-10.29371 1.50800 
-10.30095 1.50900 
-10.30820 1.51000 
-10.31544 1.51100 
-10.32269 1.51200 
-10.32993 1.51300 
-10.33718 1.51400 
-10.34442 1.51500 
-10.35167 1.51600 
-10.35891 1.51700 
-10.36616 1.51800 
-10.37340 1.51900 
-10.38065 1.52000 
-10.38789 1.52100 
-10.39514 1.52200 
-10.40238 1.52300 
-10.40963 1.52400 
-10.41687 1.52500 
-10.42412 1.52600 
-10.43136 1.52700 
-10.43861 1.52800 
-10.44585 1.52900 
-10.45310 1.53000 
-10.46034 1.53100 
-10.46759 1.53200 
-10.47483 1.53300 
-10.48208 1.53400 
-10.48932 1.53500 
-10.49657 1.53600 
-10.50381 1.53700 
-10.51106 1.53800 
-10.51830 1.53900 
-10.52555 1.54000 
-10.53279 1.54100 
-10.54004 1.54200 
-10.54728 1.54300 
-10.55453 1.54400 
-10.56177 1.54500 
-10.56902 1.54600 
-10.57626 1.54700 
-10.58351 1.54800 
-10.59075 1.54900 
-10.59800 1.55000 
-10.60524 1.55100 
-10.61249 1.55200 
-10.61973 1.55300 
-10.62698 1.55400 
-10.63422 1.55500 
-10.64147 1.55600 
-10.64871 1.55700 
-10.65596 1.55800 
-10.66320 1.55900 
-10.67045 1.56000 
-10.67769 1.56100 
-10.68494 1.56200 
-10.69218 1.56300 
-10.69943 1.56400 
-10.70667 1.56500 
-10.71392 1.56600 
-10.72116 1.56700 
-10.72841 1.56800 
-10.73565 1.56900 
-10.74290 1.57000 
-10.75014 1.57100 
-10.75739 1.57200 
-10.76463 1.57300 
-10.77188 1.57400 
-10.77912 1.57500 
-10.78637 1.57600 
-10.79361 1.57700 
-10.80086 1.57800 
-10.80810 1.57900 
-10.81535 1.58000 
-10.82259 1.58100 
-10.82984 1.58200 
-10.83708 1.58300 
-10.84433 1.58400 
-10.85157 1.58500 
-10.85882 1.58600 
-10.86606 1.58700 
-10.87331 1.58800 
-10.88055 1.58900 
-10.88780 1.59000 
-10.89504 1.59100 
-10.90229 1.59200 
-10.90953 1.59300 
-10.91678 1.59400 
-10.92402 1.59500 
-10.93127 1.59600 
-10.93852 1.59700 
-10.94576 1.59800 
-10.95301 1.59900 
-10.96025 1.60000 
-10.96750 1.60100 
-10.97474 1.60200 
-10.98199 1.60300 
-10.98923 1.60400 
-10.99648 1.60500 
-11.00372 1.60600 
-11.01097 1.60700 
-11.01821 1.60800 
-11.02546 1.60900 
-11.03270 1.61000 
-11.03995 1.61100 
-11.04719 1.61200 
-11.05444 1.61300 
-11.06168 1.61400 
-11.06893 1.61500 
-11.07617 1.61600 
-11.08342 1.61700 
-11.09066 1.61800 
-11.09791 1.61900 
-11.10515 1.62000 
-11.11240 1.62100 
-11.11964 1.62200 
-11.12689 1.62300 
-11.13413 1.62400 
-11.14138 1.62500 
-11.14862 1.62600 
-11.15587 1.62700 
-11.16311 1.62800 
-11.17036 1.62900 
-11.17760 1.63000 
-11.18485 1.63100 
-11.19209 1.63200 
-11.19934 1.63300 
-11.20658 1.63400 
-11.21383 1.63500 
-11.22107 1.63600 
-11.22832 1.63700 
-11.23556 1.63800 
-11.24281 1.63900 
-11.25005 1.64000 
-11.25730 1.64100 
-11.26454 1.64200 
-11.27179 1.64300 
-11.27903 1.64400 
-11.28628 1.64500 
-11.29352 1.64600 
-11.30077 1.64700 
-11.30801 1.64800 
-11.31526 1.64900 
-11.32250 1.65000 
-11.32975 1.65100 
-11.33699 1.65200 
-11.34424 1.65300 
-11.35148 1.65400 
-11.35873 1.65500 
-11.36597 1.65600 
-11.37322 1.65700 
-11.38046 1.65800 
-11.38771 1.65900 
-11.39495 1.66000 
-11.40220 1.66100 
-11.40944 1.66200 
-11.41669 1.66300 
-11.42393 1.66400 
-11.43118 1.66500 
-11.43842 1.66600 
-11.44567 1.66700 
-11.45291 1.66800 
-11.46016 1.66900 
-11.46740 1.67000 
-11.47465 1.67100 
-11.48189 1.67200 
-11.48914 1.67300 
-11.49638 1.67400 
-11.50363 1.67500 
-11.51087 1.67600 
-11.51812 1.67700 
-11.52536 1.67800 
-11.53261 1.67900 
-11.53985 1.68000 
-11.54710 1.68100 
-11.55434 1.68200 
-11.56159 1.68300 
-11.56883 1.68400 
-11.57608 1.68500 
-11.58332 1.68600 
-11.59057 1.68700 
-11.59781 1.68800 
-11.60506 1.68900 
-11.61230 1.69000 
-11.61955 1.69100 
-11.62679 1.69200 
-11.63404 1.69300 
-11.64128 1.69400 
-11.64853 1.69500 
-11.65577 1.69600 
-11.66302 1.69700 
-11.67026 1.69800 
-11.67751 1.69900 
-11.68475 1.70000 
-11.69200 1.70100 
-11.69925 1.70200 
-11.70649 1.70300 
-11.71374 1.70400 
-11.72098 1.70500 
-11.72823 1.70600 
-11.73547 1.70700 
-11.74272 1.70800 
-11.74996 1.70900 
-11.75721 1.71000 
-11.76445 1.71100 
-11.77170 1.71200 
-11.77894 1.71300 
-11.78619 1.71400 
-11.79343 1.71500 
-11.80068 1.71600 
-11.80792 1.71700 
-11.81517 1.71800 
-11.82241 1.71900 
-11.82966 1.72000 
-11.83690 1.72100 
-11.84415 1.72200 
-11.85139 1.72300 
-11.85864 1.72400 
-11.86588 1.72500 
-11.87313 1.72600 
-11.88037 1.72700 
-11.88762 1.72800 
-11.89486 1.72900 
-11.90211 1.73000 
-11.90935 1.73100 
-11.91660 1.73200 
-11.92384 1.73300 
-11.93109 1.73400 
-11.93833 1.73500 
-11.94558 1.73600 
-11.95282 1.73700 
-11.96007 1.73800 
-11.96731 1.73900 
-11.97456 1.74000 
-11.98180 1.74100 
-11.98905 1.74200 
-11.99629 1.74300 
-12.00354 1.74400 
-12.01078 1.74500 
-12.01803 1.74600 
-12.02527 1.74700 
-12.03252 1.74800 
-12.03976 1.74900 
-12.04701 1.75000 
-12.05425 1.75100 
-12.06150 1.75200 
-12.06874 1.75300 
-12.07599 1.75400 
-12.08323 1.75500 
-12.09048 1.75600 
-12.09772 1.75700 
-12.10497 1.75800 
-12.11221 1.75900 
-12.11946 1.76000 
-12.12670 1.76100 
-12.13395 1.76200 
-12.14119 1.76300 
-12.14844 1.76400 
-12.15568 1.76500 
-12.16293 1.76600 
-12.17017 1.76700 
-12.17742 1.76800 
-12.18466 1.76900 
-12.19191 1.77000 
-12.19915 1.77100 
-12.20640 1.77200 
-12.21364 1.77300 
-12.22089 1.77400 
-12.22813 1.77500 
-12.23538 1.77600 
-12.24262 1.77700 
-12.24987 1.77800 
-12.25711 1.77900 
-12.26436 1.78000 
-12.27160 1.78100 
-12.27885 1.78200 
-12.28609 1.78300 
-12.29334 1.78400 
-12.30058 1.78500 
-12.30783 1.78600 
-12.31507 1.78700 
-12.32232 1.78800 
-12.32956 1.78900 
-12.33681 1.79000 
-12.34405 1.79100 
-12.35130 1.79200 
-12.35854 1.79300 
-12.36579 1.79400 
-12.37303 1.79500 
-12.38028 1.79600 
-12.38752 1.79700 
-12.39477 1.79800 
-12.40201 1.79900 
-12.40926 1.80000 
-12.41650 1.80100 
-12.42375 1.80200 
-12.43099 1.80300 
-12.43824 1.80400 
-12.44548 1.80500 
-12.45273 1.80600 
-12.45998 1.80700 
-12.46722 1.80800 
-12.47447 1.80900 
-12.48171 1.81000 
-12.48896 1.81100 
-12.49620 1.81200 
-12.50345 1.81300 
-12.51069 1.81400 
-12.51794 1.81500 
-12.52518 1.81600 
-12.53243 1.81700 
-12.53967 1.81800 
-12.54692 1.81900 
-12.55416 1.82000 
-12.56141 1.82100 
-12.56865 1.82200 
-12.57590 1.82300 
-12.58314 1.82400 
-12.59039 1.82500 
-12.59763 1.82600 
-12.60488 1.82700 
-12.61212 1.82800 
-12.61937 1.82900 
-12.62661 1.83000 
-12.63386 1.83100 
-12.64110 1.83200 
-12.64835 1.83300 
-12.65559 1.83400 
-12.66284 1.83500 
-12.67008 1.83600 
-12.67733 1.83700 
-12.68457 1.83800 
-12.69182 1.83900 
-12.69906 1.84000 
-12.70631 1.84100 
-12.71355 1.84200 
-12.72080 1.84300 
-12.72804 1.84400 
-12.73529 1.84500 
-12.74253 1.84600 
-12.74978 1.84700 
-12.75702 1.84800 
-12.76427 1.84900 
-12.77151 1.85000 
-12.77876 1.85100 
-12.78600 1.85200 
-12.79325 1.85300 
-12.80049 1.85400 
-12.80774 1.85500 
-12.81498 1.85600 
-12.82223 1.85700 
-12.82947 1.85800 
-12.83672 1.85900 
-12.84396 1.86000 
-12.85121 1.86100 
-12.85845 1.86200 
-12.86570 1.86300 
-12.87294 1.86400 
-12.88019 1.86500 
-12.88743 1.86600 
-12.89468 1.86700 
-12.90192 1.86800 
-12.90917 1.86900 
-12.91641 1.87000 
-12.92366 1.87100 
-12.93090 1.87200 
-12.93815 1.87300 
-12.94539 1.87400 
-12.95264 1.87500 
-12.95988 1.87600 
-12.96713 1.87700 
-12.97437 1.87800 
-12.98162 1.87900 
-12.98886 1.88000 
-12.99611 1.88100 
-13.00335 1.88200 
-13.01060 1.88300 
-13.01784 1.88400 
-13.02509 1.88500 
-13.03233 1.88600 
-13.03958 1.88700 
-13.04682 1.88800 
-13.05407 1.88900 
-13.06131 1.89000 
-13.06856 1.89100 
-13.07580 1.89200 
-13.08305 1.89300 
-13.09029 1.89400 
-13.09754 1.89500 
-13.10478 1.89600 
-13.11203 1.89700 
-13.11927 1.89800 
-13.12652 1.89900 
-13.13376 1.90000 
-13.14101 1.90100 
-13.14825 1.90200 
-13.15550 1.90300 
-13.16274 1.90400 
-13.16999 1.90500 
-13.17723 1.90600 
-13.18448 1.90700 
-13.19172 1.90800 
-13.19897 1.90900 
-13.20621 1.91000 
-13.21346 1.91100 
-13.22071 1.91200 
-13.22795 1.91300 
-13.23520 1.91400 
-13.24244 1.91500 
-13.24969 1.91600 
-13.25693 1.91700 
-13.26418 1.91800 
-13.27142 1.91900 
-13.27867 1.92000 
-13.28591 1.92100 
-13.29316 1.92200 
-13.30040 1.92300 
-13.30765 1.92400 
-13.31489 1.92500 
-13.32214 1.92600 
-13.32938 1.92700 
-13.33663 1.92800 
-13.34387 1.92900 
-13.35112 1.93000 
-13.35836 1.93100 
-13.36561 1.93200 
-13.37285 1.93300 
-13.38010 1.93400 
-13.38734 1.93500 
-13.39459 1.93600 
-13.40183 1.93700 
-13.40908 1.93800 
-13.41632 1.93900 
-13.42357 1.94000 
-13.43081 1.94100 
-13.43806 1.94200 
-13.44530 1.94300 
-13.45255 1.94400 
-13.45979 1.94500 
-13.46704 1.94600 
-13.47428 1.94700 
-13.48153 1.94800 
-13.48877 1.94900 
-13.49602 1.95000 
-13.50326 1.95100 
-13.51051 1.95200 
-13.51775 1.95300 
-13.52500 1.95400 
-13.53224 1.95500 
-13.53949 1.95600 
-13.54673 1.95700 
-13.55398 1.95800 
-13.56122 1.95900 
-13.56847 1.96000 
-13.57571 1.96100 
-13.58296 1.96200 
-13.59020 1.96300 
-13.59745 1.96400 
-13.60469 1.96500 
-13.61194 1.96600 
-13.61918 1.96700 
-13.62643 1.96800 
-13.63367 1.96900 
-13.64092 1.97000 
-13.64816 1.97100 
-13.65541 1.97200 
-13.66265 1.97300 
-13.66990 1.97400 
-13.67714 1.97500 
-13.68439 1.97600 
-13.69163 1.97700 
-13.69888 1.97800 
-13.70612 1.97900 
-13.71337 1.98000 
-13.72061 1.98100 
-13.72786 1.98200 
-13.73510 1.98300 
-13.74235 1.98400 
-13.74959 1.98500 
-13.75684 1.98600 
-13.76408 1.98700 
-13.77133 1.98800 
-13.77857 1.98900 
-13.78582 1.99000 
-13.79306 1.99100 
-13.80031 1.99200 
-13.80755 1.99300 
-13.81480 1.99400 
-13.82204 1.99500 
-13.82929 1.99600 
-13.83653 1.99700 
-13.84378 1.99800 
-13.85102 1.99900 
-13.85827 2.00000 
-13.86551 2.00100 
-13.87276 2.00200 
-13.88000 2.00300 
-13.88725 2.00400 
-13.89449 2.00500 
-13.90174 2.00600 
-13.90898 2.00700 
-13.91623 2.00800 
-13.92347 2.00900 
-13.93072 2.01000 
-13.93796 2.01100 
-13.94521 2.01200 
-13.95245 2.01300 
-13.95970 2.01400 
-13.96694 2.01500 
-13.97419 2.01600 
-13.98144 2.01700 
-13.98868 2.01800 
-13.99593 2.01900 
-14.00317 2.02000 
-14.01042 2.02100 
-14.01766 2.02200 
-14.02491 2.02300 
-14.03215 2.02400 
-14.03940 2.02500 
-14.04664 2.02600 
-14.05389 2.02700 
-14.06113 2.02800 
-14.06838 2.02900 
-14.07562 2.03000 
-14.08287 2.03100 
-14.09011 2.03200 
-14.09736 2.03300 
-14.10460 2.03400 
-14.11185 2.03500 
-14.11909 2.03600 
-14.12634 2.03700 
-14.13358 2.03800 
-14.14083 2.03900 
-14.14807 2.04000 
-14.15532 2.04100 
-14.16256 2.04200 
-14.16981 2.04300 
-14.17705 2.04400 
-14.18430 2.04500 
-14.19154 2.04600 
-14.19879 2.04700 
-14.20603 2.04800 
-14.21328 2.04900 
-14.22052 2.05000 
-14.22777 2.05100 
-14.23501 2.05200 
-14.24226 2.05300 
-14.24950 2.05400 
-14.25675 2.05500 
-14.26399 2.05600 
-14.27124 2.05700 
-14.27848 2.05800 
-14.28573 2.05900 
-14.29297 2.06000 
-14.30022 2.06100 
-14.30746 2.06200 
-14.31471 2.06300 
-14.32195 2.06400 
-14.32920 2.06500 
-14.33644 2.06600 
-14.34369 2.06700 
-14.35093 2.06800 
-14.35818 2.06900 
-14.36542 2.07000 
-14.37267 2.07100 
-14.37991 2.07200 
-14.38716 2.07300 
-14.39440 2.07400 
-14.40165 2.07500 
-14.40889 2.07600 
-14.41614 2.07700 
-14.42338 2.07800 
-14.43063 2.07900 
-14.43787 2.08000 
-14.44512 2.08100 
-14.45236 2.08200 
-14.45961 2.08300 
-14.46685 2.08400 
-14.47410 2.08500 
-14.48134 2.08600 
-14.48859 2.08700 
-14.49583 2.08800 
-14.50308 2.08900 
-14.51032 2.09000 
-14.51757 2.09100 
-14.52481 2.09200 
-14.53206 2.09300 
-14.53930 2.09400 
-14.54655 2.09500 
-14.55379 2.09600 
-14.56104 2.09700 
-14.56828 2.09800 
-14.57553 2.09900 
-14.58277 2.10000 
-14.59002 2.10100 
-14.59726 2.10200 
-14.60451 2.10300 
-14.61175 2.10400 
-14.61900 2.10500 
-14.62624 2.10600 
-14.63349 2.10700 
-14.64073 2.10800 
-14.64798 2.10900 
-14.65522 2.11000 
-14.66247 2.11100 
-14.66971 2.11200 
-14.67696 2.11300 
-14.68420 2.11400 
-14.69145 2.11500 
-14.69869 2.11600 
-14.70594 2.11700 
-14.71318 2.11800 
-14.72043 2.11900 
-14.72767 2.12000 
-14.73492 2.12100 
-14.74217 2.12200 
-14.74941 2.12300 
-14.75666 2.12400 
-14.76390 2.12500 
-14.77115 2.12600 
-14.77839 2.12700 
-14.78564 2.12800 
-14.79288 2.12900 
-14.80013 2.13000 
-14.80737 2.13100 
-14.81462 2.13200 
-14.82186 2.13300 
-14.82911 2.13400 
-14.83635 2.13500 
-14.84360 2.13600 
-14.85084 2.13700 
-14.85809 2.13800 
-14.86533 2.13900 
-14.87258 2.14000 
-14.87982 2.14100 
-14.88707 2.14200 
-14.89431 2.14300 
-14.90156 2.14400 
-14.90880 2.14500 
-14.91605 2.14600 
-14.92329 2.14700 
-14.93054 2.14800 
-14.93778 2.14900 
-14.94503 2.15000 
-14.95227 2.15100 
-14.95952 2.15200 
-14.96676 2.15300 
-14.97401 2.15400 
-14.98125 2.15500 
-14.98850 2.15600 
-14.99574 2.15700 
-15.00299 2.15800 
-15.01023 2.15900 
-15.01748 2.16000 
-15.02472 2.16100 
-15.03197 2.16200 
-15.03921 2.16300 
-15.04646 2.16400 
-15.05370 2.16500 
-15.06095 2.16600 
-15.06819 2.16700 
-15.07544 2.16800 
-15.08268 2.16900 
-15.08993 2.17000 
-15.09717 2.17100 
-15.10442 2.17200 
-15.11166 2.17300 
-15.11891 2.17400 
-15.12615 2.17500 
-15.13340 2.17600 
-15.14064 2.17700 
-15.14789 2.17800 
-15.15513 2.17900 
-15.16238 2.18000 
-15.16962 2.18100 
-15.17687 2.18200 
-15.18411 2.18300 
-15.19136 2.18400 
-15.19860 2.18500 
-15.20585 2.18600 
-15.21309 2.18700 
-15.22034 2.18800 
-15.22758 2.18900 
-15.23483 2.19000 
-15.24207 2.19100 
-15.24932 2.19200 
-15.25656 2.19300 
-15.26381 2.19400 
-15.27105 2.19500 
-15.27830 2.19600 
-15.28554 2.19700 
-15.29279 2.19800 
-15.30003 2.19900 
-15.30728 2.20000 
-15.31452 2.20100 
-15.32177 2.20200 
-15.32901 2.20300 
-15.33626 2.20400 
-15.34350 2.20500 
-15.35075 2.20600 
-15.35799 2.20700 
-15.36524 2.20800 
-15.37248 2.20900 
-15.37973 2.21000 
-15.38697 2.21100 
-15.39422 2.21200 
-15.40146 2.21300 
-15.40871 2.21400 
-15.41595 2.21500 
-15.42320 2.21600 
-15.43044 2.21700 
-15.43769 2.21800 
-15.44493 2.21900 
-15.45218 2.22000 
-15.45942 2.22100 
-15.46667 2.22200 
-15.47391 2.22300 
-15.48116 2.22400 
-15.48840 2.22500 
-15.49565 2.22600 
-15.50290 2.22700 
-15.51014 2.22800 
-15.51739 2.22900 
-15.52463 2.23000 
-15.53188 2.23100 
-15.53912 2.23200 
-15.54637 2.23300 
-15.55361 2.23400 
-15.56086 2.23500 
-15.56810 2.23600 
-15.57535 2.23700 
-15.58259 2.23800 
-15.58984 2.23900 
-15.59708 2.24000 
-15.60433 2.24100 
-15.61157 2.24200 
-15.61882 2.24300 
-15.62606 2.24400 
-15.63331 2.24500 
-15.64055 2.24600 
-15.64780 2.24700 
-15.65504 2.24800 
-15.66229 2.24900 
-15.66953 2.25000 
-15.67678 2.25100 
-15.68402 2.25200 
-15.69127 2.25300 
-15.69851 2.25400 
-15.70576 2.25500 
-15.71300 2.25600 
-15.72025 2.25700 
-15.72749 2.25800 
-15.73474 2.25900 
-15.74198 2.26000 
-15.74923 2.26100 
-15.75647 2.26200 
-15.76372 2.26300 
-15.77096 2.26400 
-15.77821 2.26500 
-15.78545 2.26600 
-15.79270 2.26700 
-15.79994 2.26800 
-15.80719 2.26900 
-15.81443 2.27000 
-15.82168 2.27100 
-15.82892 2.27200 
-15.83617 2.27300 
-15.84341 2.27400 
-15.85066 2.27500 
-15.85790 2.27600 
-15.86515 2.27700 
-15.87239 2.27800 
-15.87964 2.27900 
-15.88688 2.28000 
-15.89413 2.28100 
-15.90137 2.28200 
-15.90862 2.28300 
-15.91586 2.28400 
-15.92311 2.28500 
-15.93035 2.28600 
-15.93760 2.28700 
-15.94484 2.28800 
-15.95209 2.28900 
-15.95933 2.29000 
-15.96658 2.29100 
-15.97382 2.29200 
-15.98107 2.29300 
-15.98831 2.29400 
-15.99556 2.29500 
-16.00280 2.29600 
-16.01005 2.29700 
-16.01729 2.29800 
-16.02454 2.29900 
-16.03178 2.30000 
-16.03903 2.30100 
-16.04627 2.30200 
-16.05352 2.30300 
-16.06076 2.30400 
-16.06801 2.30500 
-16.07525 2.30600 
-16.08250 2.30700 
-16.08974 2.30800 
-16.09699 2.30900 
-16.10423 2.31000 
-16.11148 2.31100 
-16.11872 2.31200 
-16.12597 2.31300 
-16.13321 2.31400 
-16.14046 2.31500 
-16.14770 2.31600 
-16.15495 2.31700 
-16.16219 2.31800 
-16.16944 2.31900 
-16.17668 2.32000 
-16.18393 2.32100 
-16.19117 2.32200 
-16.19842 2.32300 
-16.20566 2.32400 
-16.21291 2.32500 
-16.22015 2.32600 
-16.22740 2.32700 
-16.23464 2.32800 
-16.24189 2.32900 
-16.24913 2.33000 
-16.25638 2.33100 
-16.26363 2.33200 
-16.27087 2.33300 
-16.27812 2.33400 
-16.28536 2.33500 
-16.29261 2.33600 
-16.29985 2.33700 
-16.30710 2.33800 
-16.31434 2.33900 
-16.32159 2.34000 
-16.32883 2.34100 
-16.33608 2.34200 
-16.34332 2.34300 
-16.35057 2.34400 
-16.35781 2.34500 
-16.36506 2.34600 
-16.37230 2.34700 
-16.37955 2.34800 
-16.38679 2.34900 
-16.39404 2.35000 
-16.40128 2.35100 
-16.40853 2.35200 
-16.41577 2.35300 
-16.42302 2.35400 
-16.43026 2.35500 
-16.43751 2.35600 
-16.44475 2.35700 
-16.45200 2.35800 
-16.45924 2.35900 
-16.46649 2.36000 
-16.47373 2.36100 
-16.48098 2.36200 
-16.48822 2.36300 
-16.49547 2.36400 
-16.50271 2.36500 
-16.50996 2.36600 
-16.51720 2.36700 
-16.52445 2.36800 
-16.53169 2.36900 
-16.53894 2.37000 
-16.54618 2.37100 
-16.55343 2.37200 
-16.56067 2.37300 
-16.56792 2.37400 
-16.57516 2.37500 
-16.58241 2.37600 
-16.58965 2.37700 
-16.59690 2.37800 
-16.60414 2.37900 
-16.61139 2.38000 
-16.61863 2.38100 
-16.62588 2.38200 
-16.63312 2.38300 
-16.64037 2.38400 
-16.64761 2.38500 
-16.65486 2.38600 
-16.66210 2.38700 
-16.66935 2.38800 
-16.67659 2.38900 
-16.68384 2.39000 
-16.69108 2.39100 
-16.69833 2.39200 
-16.70557 2.39300 
-16.71282 2.39400 
-16.72006 2.39500 
-16.72731 2.39600 
-16.73455 2.39700 
-16.74180 2.39800 
-16.74904 2.39900 
-16.75629 2.40000 
-16.76353 2.40100 
-16.77078 2.40200 
-16.77802 2.40300 
-16.78527 2.40400 
-16.79251 2.40500 
-16.79976 2.40600 
-16.80700 2.40700 
-16.81425 2.40800 
-16.82149 2.40900 
-16.82874 2.41000 
-16.83598 2.41100 
-16.84323 2.41200 
-16.85047 2.41300 
-16.85772 2.41400 
-16.86496 2.41500 
-16.87221 2.41600 
-16.87945 2.41700 
-16.88670 2.41800 
-16.89394 2.41900 
-16.90119 2.42000 
-16.90843 2.42100 
-16.91568 2.42200 
-16.92292 2.42300 
-16.93017 2.42400 
-16.93741 2.42500 
-16.94466 2.42600 
-16.95190 2.42700 
-16.95915 2.42800 
-16.96639 2.42900 
-16.97364 2.43000 
-16.98088 2.43100 
-16.98813 2.43200 
-16.99537 2.43300 
-17.00262 2.43400 
-17.00986 2.43500 
-17.01711 2.43600 
-17.02436 2.43700 
-17.03160 2.43800 
-17.03885 2.43900 
-17.04609 2.44000 
-17.05334 2.44100 
-17.06058 2.44200 
-17.06783 2.44300 
-17.07507 2.44400 
-17.08232 2.44500 
-17.08956 2.44600 
-17.09681 2.44700 
-17.10405 2.44800 
-17.11130 2.44900 
-17.11854 2.45000 
-17.12579 2.45100 
-17.13303 2.45200 
-17.14028 2.45300 
-17.14752 2.45400 
-17.15477 2.45500 
-17.16201 2.45600 
-17.16926 2.45700 
-17.17650 2.45800 
-17.18375 2.45900 
-17.19099 2.46000 
-17.19824 2.46100 
-17.20548 2.46200 
-17.21273 2.46300 
-17.21997 2.46400 
-17.22722 2.46500 
-17.23446 2.46600 
-17.24171 2.46700 
-17.24895 2.46800 
-17.25620 2.46900 
-17.26344 2.47000 
-17.27069 2.47100 
-17.27793 2.47200 
-17.28518 2.47300 
-17.29242 2.47400 
-17.29967 2.47500 
-17.30691 2.47600 
-17.31416 2.47700 
-17.32140 2.47800 
-17.32865 2.47900 
-17.33589 2.48000 
-17.34314 2.48100 
-17.35038 2.48200 
-17.35763 2.48300 
-17.36487 2.48400 
-17.37212 2.48500 
-17.37936 2.48600 
-17.38661 2.48700 
-17.39385 2.48800 
-17.40110 2.48900 
-17.40834 2.49000 
-17.41559 2.49100 
-17.42283 2.49200 
-17.43008 2.49300 
-17.43732 2.49400 
-17.44457 2.49500 
-17.45181 2.49600 
-17.45906 2.49700 
-17.46630 2.49800 
-17.47355 2.49900 
-17.48079 2.50000 
-17.48804 2.50100 
-17.49528 2.50200 
-17.50253 2.50300 
-17.50977 2.50400 
-17.51702 2.50500 
-17.52426 2.50600 
-17.53151 2.50700 
-17.53875 2.50800 
-17.54600 2.50900 
-17.55324 2.51000 
-17.56049 2.51100 
-17.56773 2.51200 
-17.57498 2.51300 
-17.58222 2.51400 
-17.58947 2.51500 
-17.59671 2.51600 
-17.60396 2.51700 
-17.61120 2.51800 
-17.61845 2.51900 
-17.62569 2.52000 
-17.63294 2.52100 
-17.64018 2.52200 
-17.64743 2.52300 
-17.65467 2.52400 
-17.66192 2.52500 
-17.66916 2.52600 
-17.67641 2.52700 
-17.68365 2.52800 
-17.69090 2.52900 
-17.69814 2.53000 
-17.70539 2.53100 
-17.71263 2.53200 
-17.71988 2.53300 
-17.72712 2.53400 
-17.73437 2.53500 
-17.74161 2.53600 
-17.74886 2.53700 
-17.75610 2.53800 
-17.76335 2.53900 
-17.77059 2.54000 
-17.77784 2.54100 
-17.78509 2.54200 
-17.79233 2.54300 
-17.79958 2.54400 
-17.80682 2.54500 
-17.81407 2.54600 
-17.82131 2.54700 
-17.82856 2.54800 
-17.83580 2.54900 
-17.84305 2.55000 
-17.85029 2.55100 
-17.85754 2.55200 
-17.86478 2.55300 
-17.87203 2.55400 
-17.87927 2.55500 
-17.88652 2.55600 
-17.89376 2.55700 
-17.90101 2.55800 
-17.90825 2.55900 
-17.91550 2.56000 
-17.92274 2.56100 
-17.92999 2.56200 
-17.93723 2.56300 
-17.94448 2.56400 
-17.95172 2.56500 
-17.95897 2.56600 
-17.96621 2.56700 
-17.97346 2.56800 
-17.98070 2.56900 
-17.98795 2.57000 
-17.99519 2.57100 
-18.00244 2.57200 
-18.00968 2.57300 
-18.01693 2.57400 
-18.02417 2.57500 
-18.03142 2.57600 
-18.03866 2.57700 
-18.04591 2.57800 
-18.05315 2.57900 
-18.06040 2.58000 
-18.06764 2.58100 
-18.07489 2.58200 
-18.08213 2.58300 
-18.08938 2.58400 
-18.09662 2.58500 
-18.10387 2.58600 
-18.11111 2.58700 
-18.11836 2.58800 
-18.12560 2.58900 
-18.13285 2.59000 
-18.14009 2.59100 
-18.14734 2.59200 
-18.15458 2.59300 
-18.16183 2.59400 
-18.16907 2.59500 
-18.17632 2.59600 
-18.18356 2.59700 
-18.19081 2.59800 
-18.19805 2.59900 
-18.20530 2.60000 
-18.21254 2.60100 
-18.21979 2.60200 
-18.22703 2.60300 
-18.23428 2.60400 
-18.24152 2.60500 
-18.24877 2.60600 
-18.25601 2.60700 
-18.26326 2.60800 
-18.27050 2.60900 
-18.27775 2.61000 
-18.28499 2.61100 
-18.29224 2.61200 
-18.29948 2.61300 
-18.30673 2.61400 
-18.31397 2.61500 
-18.32122 2.61600 
-18.32846 2.61700 
-18.33571 2.61800 
-18.34295 2.61900 
-18.35020 2.62000 
-18.35744 2.62100 
-18.36469 2.62200 
-18.37193 2.62300 
-18.37918 2.62400 
-18.38642 2.62500 
-18.39367 2.62600 
-18.40091 2.62700 
-18.40816 2.62800 
-18.41540 2.62900 
-18.42265 2.63000 
-18.42989 2.63100 
-18.43714 2.63200 
-18.44438 2.63300 
-18.45163 2.63400 
-18.45887 2.63500 
-18.46612 2.63600 
-18.47336 2.63700 
-18.48061 2.63800 
-18.48785 2.63900 
-18.49510 2.64000 
-18.50234 2.64100 
-18.50959 2.64200 
-18.51683 2.64300 
-18.52408 2.64400 
-18.53132 2.64500 
-18.53857 2.64600 
-18.54582 2.64700 
-18.55306 2.64800 
-18.56031 2.64900 
-18.56755 2.65000 
-18.57480 2.65100 
-18.58204 2.65200 
-18.58929 2.65300 
-18.59653 2.65400 
-18.60378 2.65500 
-18.61102 2.65600 
-18.61827 2.65700 
-18.62551 2.65800 
-18.63276 2.65900 
-18.64000 2.66000 
-18.64725 2.66100 
-18.65449 2.66200 
-18.66174 2.66300 
-18.66898 2.66400 
-18.67623 2.66500 
-18.68347 2.66600 
-18.69072 2.66700 
-18.69796 2.66800 
-18.70521 2.66900 
-18.71245 2.67000 
-18.71970 2.67100 
-18.72694 2.67200 
-18.73419 2.67300 
-18.74143 2.67400 
-18.74868 2.67500 
-18.75592 2.67600 
-18.76317 2.67700 
-18.77041 2.67800 
-18.77766 2.67900 
-18.78490 2.68000 
-18.79215 2.68100 
-18.79939 2.68200 
-18.80664 2.68300 
-18.81388 2.68400 
-18.82113 2.68500 
-18.82837 2.68600 
-18.83562 2.68700 
-18.84286 2.68800 
-18.85011 2.68900 
-18.85735 2.69000 
-18.86460 2.69100 
-18.87184 2.69200 
-18.87909 2.69300 
-18.88633 2.69400 
-18.89358 2.69500 
-18.90082 2.69600 
-18.90807 2.69700 
-18.91531 2.69800 
-18.92256 2.69900 
-18.92980 2.70000 
-18.93705 2.70100 
-18.94429 2.70200 
-18.95154 2.70300 
-18.95878 2.70400 
-18.96603 2.70500 
-18.97327 2.70600 
-18.98052 2.70700 
-18.98776 2.70800 
-18.99501 2.70900 
-19.00225 2.71000 
-19.00950 2.71100 
-19.01674 2.71200 
-19.02399 2.71300 
-19.03123 2.71400 
-19.03848 2.71500 
-19.04572 2.71600 
-19.05297 2.71700 
-19.06021 2.71800 
-19.06746 2.71900 
-19.07470 2.72000 
-19.08195 2.72100 
-19.08919 2.72200 
-19.09644 2.72300 
-19.10368 2.72400 
-19.11093 2.72500 
-19.11817 2.72600 
-19.12542 2.72700 
-19.13266 2.72800 
-19.13991 2.72900 
-19.14715 2.73000 
-19.15440 2.73100 
-19.16164 2.73200 
-19.16889 2.73300 
-19.17613 2.73400 
-19.18338 2.73500 
-19.19062 2.73600 
-19.19787 2.73700 
-19.20511 2.73800 
-19.21236 2.73900 
-19.21960 2.74000 
-19.22685 2.74100 
-19.23409 2.74200 
-19.24134 2.74300 
-19.24858 2.74400 
-19.25583 2.74500 
-19.26307 2.74600 
-19.27032 2.74700 
-19.27756 2.74800 
-19.28481 2.74900 
-19.29205 2.75000 
-19.29930 2.75100 
-19.30655 2.75200 
-19.31379 2.75300 
-19.32104 2.75400 
-19.32828 2.75500 
-19.33553 2.75600 
-19.34277 2.75700 
-19.35002 2.75800 
-19.35726 2.75900 
-19.36451 2.76000 
-19.37175 2.76100 
-19.37900 2.76200 
-19.38624 2.76300 
-19.39349 2.76400 
-19.40073 2.76500 
-19.40798 2.76600 
-19.41522 2.76700 
-19.42247 2.76800 
-19.42971 2.76900 
-19.43696 2.77000 
-19.44420 2.77100 
-19.45145 2.77200 
-19.45869 2.77300 
-19.46594 2.77400 
-19.47318 2.77500 
-19.48043 2.77600 
-19.48767 2.77700 
-19.49492 2.77800 
-19.50216 2.77900 
-19.50941 2.78000 
-19.51665 2.78100 
-19.52390 2.78200 
-19.53114 2.78300 
-19.53839 2.78400 
-19.54563 2.78500 
-19.55288 2.78600 
-19.56012 2.78700 
-19.56737 2.78800 
-19.57461 2.78900 
-19.58186 2.79000 
-19.58910 2.79100 
-19.59635 2.79200 
-19.60359 2.79300 
-19.61084 2.79400 
-19.61808 2.79500 
-19.62533 2.79600 
-19.63257 2.79700 
-19.63982 2.79800 
-19.64706 2.79900 
-19.65431 2.80000 
-19.66155 2.80100 
-19.66880 2.80200 
-19.67604 2.80300 
-19.68329 2.80400 
-19.69053 2.80500 
-19.69778 2.80600 
-19.70502 2.80700 
-19.71227 2.80800 
-19.71951 2.80900 
-19.72676 2.81000 
-19.73400 2.81100 
-19.74125 2.81200 
-19.74849 2.81300 
-19.75574 2.81400 
-19.76298 2.81500 
-19.77023 2.81600 
-19.77747 2.81700 
-19.78472 2.81800 
-19.79196 2.81900 
-19.79921 2.82000 
-19.80645 2.82100 
-19.81370 2.82200 
-19.82094 2.82300 
-19.82819 2.82400 
-19.83543 2.82500 
-19.84268 2.82600 
-19.84992 2.82700 
-19.85717 2.82800 
-19.86441 2.82900 
-19.87166 2.83000 
-19.87890 2.83100 
-19.88615 2.83200 
-19.89339 2.83300 
-19.90064 2.83400 
-19.90788 2.83500 
-19.91513 2.83600 
-19.92237 2.83700 
-19.92962 2.83800 
-19.93686 2.83900 
-19.94411 2.84000 
-19.95135 2.84100 
-19.95860 2.84200 
-19.96584 2.84300 
-19.97309 2.84400 
-19.98033 2.84500 
-19.98758 2.84600 
-19.99482 2.84700 
-20.00207 2.84800 
-20.00931 2.84900 
-20.01656 2.85000 
-20.02380 2.85100 
-20.03105 2.85200 
-20.03829 2.85300 
-20.04554 2.85400 
-20.05278 2.85500 
-20.06003 2.85600 
-20.06728 2.85700 
-20.07452 2.85800 
-20.08177 2.85900 
-20.08901 2.86000 
-20.09626 2.86100 
-20.10350 2.86200 
-20.11075 2.86300 
-20.11799 2.86400 
-20.12524 2.86500 
-20.13248 2.86600 
-20.13973 2.86700 
-20.14697 2.86800 
-20.15422 2.86900 
-20.16146 2.87000 
-20.16871 2.87100 
-20.17595 2.87200 
-20.18320 2.87300 
-20.19044 2.87400 
-20.19769 2.87500 
-20.20493 2.87600 
-20.21218 2.87700 
-20.21942 2.87800 
-20.22667 2.87900 
-20.23391 2.88000 
-20.24116 2.88100 
-20.24840 2.88200 
-20.25565 2.88300 
-20.26289 2.88400 
-20.27014 2.88500 
-20.27738 2.88600 
-20.28463 2.88700 
-20.29187 2.88800 
-20.29912 2.88900 
-20.30636 2.89000 
-20.31361 2.89100 
-20.32085 2.89200 
-20.32810 2.89300 
-20.33534 2.89400 
-20.34259 2.89500 
-20.34983 2.89600 
-20.35708 2.89700 
-20.36432 2.89800 
-20.37157 2.89900 
-20.37881 2.90000 
-20.38606 2.90100 
-20.39330 2.90200 
-20.40055 2.90300 
-20.40779 2.90400 
-20.41504 2.90500 
-20.42228 2.90600 
-20.42953 2.90700 
-20.43677 2.90800 
-20.44402 2.90900 
-20.45126 2.91000 
-20.45851 2.91100 
-20.46575 2.91200 
-20.47300 2.91300 
-20.48024 2.91400 
-20.48749 2.91500 
-20.49473 2.91600 
-20.50198 2.91700 
-20.50922 2.91800 
-20.51647 2.91900 
-20.52371 2.92000 
-20.53096 2.92100 
-20.53820 2.92200 
-20.54545 2.92300 
-20.55269 2.92400 
-20.55994 2.92500 
-20.56718 2.92600 
-20.57443 2.92700 
-20.58167 2.92800 
-20.58892 2.92900 
-20.59616 2.93000 
-20.60341 2.93100 
-20.61065 2.93200 
-20.61790 2.93300 
-20.62514 2.93400 
-20.63239 2.93500 
-20.63963 2.93600 
-20.64688 2.93700 
-20.65412 2.93800 
-20.66137 2.93900 
-20.66861 2.94000 
-20.67586 2.94100 
-20.68310 2.94200 
-20.69035 2.94300 
-20.69759 2.94400 
-20.70484 2.94500 
-20.71208 2.94600 
-20.71933 2.94700 
-20.72657 2.94800 
-20.73382 2.94900 
-20.74106 2.95000 
-20.74831 2.95100 
-20.75555 2.95200 
-20.76280 2.95300 
-20.77004 2.95400 
-20.77729 2.95500 
-20.78453 2.95600 
-20.79178 2.95700 
-20.79902 2.95800 
-20.80627 2.95900 
-20.81351 2.96000 
-20.82076 2.96100 
-20.82801 2.96200 
-20.83525 2.96300 
-20.84250 2.96400 
-20.84974 2.96500 
-20.85699 2.96600 
-20.86423 2.96700 
-20.87148 2.96800 
-20.87872 2.96900 
-20.88597 2.97000 
-20.89321 2.97100 
-20.90046 2.97200 
-20.90770 2.97300 
-20.91495 2.97400 
-20.92219 2.97500 
-20.92944 2.97600 
-20.93668 2.97700 
-20.94393 2.97800 
-20.95117 2.97900 
-20.95842 2.98000 
-20.96566 2.98100 
-20.97291 2.98200 
-20.98015 2.98300 
-20.98740 2.98400 
-20.99464 2.98500 
-21.00189 2.98600 
-21.00913 2.98700 
-21.01638 2.98800 
-21.02362 2.98900 
-21.03087 2.99000 
-21.03811 2.99100 
-21.04536 2.99200 
-21.05260 2.99300 
-21.05985 2.99400 
-21.06709 2.99500 
-21.07434 2.99600 
-21.08158 2.99700 
-21.08883 2.99800 
-21.09607 2.99900 
-21.10332 3.00000 
-21.11056 3.00100 
-21.11781 3.00200 
-21.12505 3.00300 
-21.13230 3.00400 
-21.13954 3.00500 
-21.14679 3.00600 
-21.15403 3.00700 
-21.16128 3.00800 
-21.16852 3.00900 
-21.17577 3.01000 
-21.18301 3.01100 
-21.19026 3.01200 
-21.19750 3.01300 
-21.20475 3.01400 
-21.21199 3.01500 
-21.21924 3.01600 
-21.22648 3.01700 
-21.23373 3.01800 
-21.24097 3.01900 
-21.24822 3.02000 
-21.25546 3.02100 
-21.26271 3.02200 
-21.26995 3.02300 
-21.27720 3.02400 
-21.28444 3.02500 
-21.29169 3.02600 
-21.29893 3.02700 
-21.30618 3.02800 
-21.31342 3.02900 
-21.32067 3.03000 
-21.32791 3.03100 
-21.33516 3.03200 
-21.34240 3.03300 
-21.34965 3.03400 
-21.35689 3.03500 
-21.36414 3.03600 
-21.37138 3.03700 
-21.37863 3.03800 
-21.38587 3.03900 
-21.39312 3.04000 
-21.40036 3.04100 
-21.40761 3.04200 
-21.41485 3.04300 
-21.42210 3.04400 
-21.42934 3.04500 
-21.43659 3.04600 
-21.44383 3.04700 
-21.45108 3.04800 
-21.45832 3.04900 
-21.46557 3.05000 
-21.47281 3.05100 
-21.48006 3.05200 
-21.48730 3.05300 
-21.49455 3.05400 
-21.50179 3.05500 
-21.50904 3.05600 
-21.51628 3.05700 
-21.52353 3.05800 
-21.53077 3.05900 
-21.53802 3.06000 
-21.54526 3.06100 
-21.55251 3.06200 
-21.55975 3.06300 
-21.56700 3.06400 
-21.57424 3.06500 
-21.58149 3.06600 
-21.58874 3.06700 
-21.59598 3.06800 
-21.60323 3.06900 
-21.61047 3.07000 
-21.61772 3.07100 
-21.62496 3.07200 
-21.63221 3.07300 
-21.63945 3.07400 
-21.64670 3.07500 
-21.65394 3.07600 
-21.66119 3.07700 
-21.66843 3.07800 
-21.67568 3.07900 
-21.68292 3.08000 
-21.69017 3.08100 
-21.69741 3.08200 
-21.70466 3.08300 
-21.71190 3.08400 
-21.71915 3.08500 
-21.72639 3.08600 
-21.73364 3.08700 
-21.74088 3.08800 
-21.74813 3.08900 
-21.75537 3.09000 
-21.76262 3.09100 
-21.76986 3.09200 
-21.77711 3.09300 
-21.78435 3.09400 
-21.79160 3.09500 
-21.79884 3.09600 
-21.80609 3.09700 
-21.81333 3.09800 
-21.82058 3.09900 
-21.82782 3.10000 
-21.83507 3.10100 
-21.84231 3.10200 
-21.84956 3.10300 
-21.85680 3.10400 
-21.86405 3.10500 
-21.87129 3.10600 
-21.87854 3.10700 
-21.88578 3.10800 
-21.89303 3.10900 
-21.90027 3.11000 
-21.90752 3.11100 
-21.91476 3.11200 
-21.92201 3.11300 
-21.92925 3.11400 
-21.93650 3.11500 
-21.94374 3.11600 
-21.95099 3.11700 
-21.95823 3.11800 
-21.96548 3.11900 
-21.97272 3.12000 
-21.97997 3.12100 
-21.98721 3.12200 
-21.99446 3.12300 
-22.00170 3.12400 
-22.00895 3.12500 
-22.01619 3.12600 
-22.02344 3.12700 
-22.03068 3.12800 
-22.03793 3.12900 
-22.04517 3.13000 
-22.05242 3.13100 
-22.05966 3.13200 
-22.06691 3.13300 
-22.07415 3.13400 
-22.08140 3.13500 
-22.08864 3.13600 
-22.09589 3.13700 
-22.10313 3.13800 
-22.11038 3.13900 
-22.11762 3.14000 
-22.12487 3.14100 
-22.13211 3.14200 
-22.13936 3.14300 
-22.14660 3.14400 
-22.15385 3.14500 
-22.16109 3.14600 
-22.16834 3.14700 
-22.17558 3.14800 
-22.18283 3.14900 
-22.19007 3.15000 
-22.19732 3.15100 
-22.20456 3.15200 
-22.21181 3.15300 
-22.21905 3.15400 
-22.22630 3.15500 
-22.23354 3.15600 
-22.24079 3.15700 
-22.24803 3.15800 
-22.25528 3.15900 
-22.26252 3.16000 
-22.26977 3.16100 
-22.27701 3.16200 
-22.28426 3.16300 
-22.29150 3.16400 
-22.29875 3.16500 
-22.30599 3.16600 
-22.31324 3.16700 
-22.32048 3.16800 
-22.32773 3.16900 
-22.33497 3.17000 
-22.34222 3.17100 
-22.34947 3.17200 
-22.35671 3.17300 
-22.36396 3.17400 
-22.37120 3.17500 
-22.37845 3.17600 
-22.38569 3.17700 
-22.39294 3.17800 
-22.40018 3.17900 
-22.40743 3.18000 
-22.41467 3.18100 
-22.42192 3.18200 
-22.42916 3.18300 
-22.43641 3.18400 
-22.44365 3.18500 
-22.45090 3.18600 
-22.45814 3.18700 
-22.46539 3.18800 
-22.47263 3.18900 
-22.47988 3.19000 
-22.48712 3.19100 
-22.49437 3.19200 
-22.50161 3.19300 
-22.50886 3.19400 
-22.51610 3.19500 
-22.52335 3.19600 
-22.53059 3.19700 
-22.53784 3.19800 
-22.54508 3.19900 
-22.55233 3.20000 
-22.55957 3.20100 
-22.56682 3.20200 
-22.57406 3.20300 
-22.58131 3.20400 
-22.58855 3.20500 
-22.59580 3.20600 
-22.60304 3.20700 
-22.61029 3.20800 
-22.61753 3.20900 
-22.62478 3.21000 
-22.63202 3.21100 
-22.63927 3.21200 
-22.64651 3.21300 
-22.65376 3.21400 
-22.66100 3.21500 
-22.66825 3.21600 
-22.67549 3.21700 
-22.68274 3.21800 
-22.68998 3.21900 
-22.69723 3.22000 
-22.70447 3.22100 
-22.71172 3.22200 
-22.71896 3.22300 
-22.72621 3.22400 
-22.73345 3.22500 
-22.74070 3.22600 
-22.74794 3.22700 
-22.75519 3.22800 
-22.76243 3.22900 
-22.76968 3.23000 
-22.77692 3.23100 
-22.78417 3.23200 
-22.79141 3.23300 
-22.79866 3.23400 
-22.80590 3.23500 
-22.81315 3.23600 
-22.82039 3.23700 
-22.82764 3.23800 
-22.83488 3.23900 
-22.84213 3.24000 
-22.84937 3.24100 
-22.85662 3.24200 
-22.86386 3.24300 
-22.87111 3.24400 
-22.87835 3.24500 
-22.88560 3.24600 
-22.89284 3.24700 
-22.90009 3.24800 
-22.90733 3.24900 
-22.91458 3.25000 
-22.92182 3.25100 
-22.92907 3.25200 
-22.93631 3.25300 
-22.94356 3.25400 
-22.95080 3.25500 
-22.95805 3.25600 
-22.96529 3.25700 
-22.97254 3.25800 
-22.97978 3.25900 
-22.98703 3.26000 
-22.99427 3.26100 
-23.00152 3.26200 
-23.00876 3.26300 
-23.01601 3.26400 
-23.02325 3.26500 
-23.03050 3.26600 
-23.03774 3.26700 
-23.04499 3.26800 
-23.05223 3.26900 
-23.05948 3.27000 
-23.06672 3.27100 
-23.07397 3.27200 
-23.08121 3.27300 
-23.08846 3.27400 
-23.09570 3.27500 
-23.10295 3.27600 
-23.11020 3.27700 
-23.11744 3.27800 
-23.12469 3.27900 
-23.13193 3.28000 
-23.13918 3.28100 
-23.14642 3.28200 
-23.15367 3.28300 
-23.16091 3.28400 
-23.16816 3.28500 
-23.17540 3.28600 
-23.18265 3.28700 
-23.18989 3.28800 
-23.19714 3.28900 
-23.20438 3.29000 
-23.21163 3.29100 
-23.21887 3.29200 
-23.22612 3.29300 
-23.23336 3.29400 
-23.24061 3.29500 
-23.24785 3.29600 
-23.25510 3.29700 
-23.26234 3.29800 
-23.26959 3.29900 
-23.27683 3.30000 
-23.28408 3.30100 
-23.29132 3.30200 
-23.29857 3.30300 
-23.30581 3.30400 
-23.31306 3.30500 
-23.32030 3.30600 
-23.32755 3.30700 
-23.33479 3.30800 
-23.34204 3.30900 
-23.34928 3.31000 
-23.35653 3.31100 
-23.36377 3.31200 
-23.37102 3.31300 
-23.37826 3.31400 
-23.38551 3.31500 
-23.39275 3.31600 
-23.40000 3.31700 
-23.40724 3.31800 
-23.41449 3.31900 
-23.42173 3.32000 
-23.42898 3.32100 
-23.43622 3.32200 
-23.44347 3.32300 
-23.45071 3.32400 
-23.45796 3.32500 
-23.46520 3.32600 
-23.47245 3.32700 
-23.47969 3.32800 
-23.48694 3.32900 
-23.49418 3.33000 
-23.50143 3.33100 
-23.50867 3.33200 
-23.51592 3.33300 
-23.52316 3.33400 
-23.53041 3.33500 
-23.53765 3.33600 
-23.54490 3.33700 
-23.55214 3.33800 
-23.55939 3.33900 
-23.56663 3.34000 
-23.57388 3.34100 
-23.58112 3.34200 
-23.58837 3.34300 
-23.59561 3.34400 
-23.60286 3.34500 
-23.61010 3.34600 
-23.61735 3.34700 
-23.62459 3.34800 
-23.63184 3.34900 
-23.63908 3.35000 
-23.64633 3.35100 
-23.65357 3.35200 
-23.66082 3.35300 
-23.66806 3.35400 
-23.67531 3.35500 
-23.68255 3.35600 
-23.68980 3.35700 
-23.69704 3.35800 
-23.70429 3.35900 
-23.71153 3.36000 
-23.71878 3.36100 
-23.72602 3.36200 
-23.73327 3.36300 
-23.74051 3.36400 
-23.74776 3.36500 
-23.75500 3.36600 
-23.76225 3.36700 
-23.76949 3.36800 
-23.77674 3.36900 
-23.78398 3.37000 
-23.79123 3.37100 
-23.79847 3.37200 
-23.80572 3.37300 
-23.81296 3.37400 
-23.82021 3.37500 
-23.82745 3.37600 
-23.83470 3.37700 
-23.84194 3.37800 
-23.84919 3.37900 
-23.85643 3.38000 
-23.86368 3.38100 
-23.87093 3.38200 
-23.87817 3.38300 
-23.88542 3.38400 
-23.89266 3.38500 
-23.89991 3.38600 
-23.90715 3.38700 
-23.91440 3.38800 
-23.92164 3.38900 
-23.92889 3.39000 
-23.93613 3.39100 
-23.94338 3.39200 
-23.95062 3.39300 
-23.95787 3.39400 
-23.96511 3.39500 
-23.97236 3.39600 
-23.97960 3.39700 
-23.98685 3.39800 
-23.99409 3.39900 
-24.00134 3.40000 
-24.00858 3.40100 
-24.01583 3.40200 
-24.02307 3.40300 
-24.03032 3.40400 
-24.03756 3.40500 
-24.04481 3.40600 
-24.05205 3.40700 
-24.05930 3.40800 
-24.06654 3.40900 
-24.07379 3.41000 
-24.08103 3.41100 
-24.08828 3.41200 
-24.09552 3.41300 
-24.10277 3.41400 
-24.11001 3.41500 
-24.11726 3.41600 
-24.12450 3.41700 
-24.13175 3.41800 
-24.13899 3.41900 
-24.14624 3.42000 
-24.15348 3.42100 
-24.16073 3.42200 
-24.16797 3.42300 
-24.17522 3.42400 
-24.18246 3.42500 
-24.18971 3.42600 
-24.19695 3.42700 
-24.20420 3.42800 
-24.21144 3.42900 
-24.21869 3.43000 
-24.22593 3.43100 
-24.23318 3.43200 
-24.24042 3.43300 
-24.24767 3.43400 
-24.25491 3.43500 
-24.26216 3.43600 
-24.26940 3.43700 
-24.27665 3.43800 
-24.28389 3.43900 
-24.29114 3.44000 
-24.29838 3.44100 
-24.30563 3.44200 
-24.31287 3.44300 
-24.32012 3.44400 
-24.32736 3.44500 
-24.33461 3.44600 
-24.34185 3.44700 
-24.34910 3.44800 
-24.35634 3.44900 
-24.36359 3.45000 
-24.37083 3.45100 
-24.37808 3.45200 
-24.38532 3.45300 
-24.39257 3.45400 
-24.39981 3.45500 
-24.40706 3.45600 
-24.41430 3.45700 
-24.42155 3.45800 
-24.42879 3.45900 
-24.43604 3.46000 
-24.44328 3.46100 
-24.45053 3.46200 
-24.45777 3.46300 
-24.46502 3.46400 
-24.47226 3.46500 
-24.47951 3.46600 
-24.48675 3.46700 
-24.49400 3.46800 
-24.50124 3.46900 
-24.50849 3.47000 
-24.51573 3.47100 
-24.52298 3.47200 
-24.53022 3.47300 
-24.53747 3.47400 
-24.54471 3.47500 
-24.55196 3.47600 
-24.55920 3.47700 
-24.56645 3.47800 
-24.57369 3.47900 
-24.58094 3.48000 
-24.58818 3.48100 
-24.59543 3.48200 
-24.60267 3.48300 
-24.60992 3.48400 
-24.61716 3.48500 
-24.62441 3.48600 
-24.63166 3.48700 
-24.63890 3.48800 
-24.64615 3.48900 
-24.65339 3.49000 
-24.66064 3.49100 
-24.66788 3.49200 
-24.67513 3.49300 
-24.68237 3.49400 
-24.68962 3.49500 
-24.69686 3.49600 
-24.70411 3.49700 
-24.71135 3.49800 
-24.71860 3.49900 
-24.72584 3.50000 
-24.73309 3.50100 
-24.74033 3.50200 
-24.74758 3.50300 
-24.75482 3.50400 
-24.76207 3.50500 
-24.76931 3.50600 
-24.77656 3.50700 
-24.78380 3.50800 
-24.79105 3.50900 
-24.79829 3.51000 
-24.80554 3.51100 
-24.81278 3.51200 
-24.82003 3.51300 
-24.82727 3.51400 
-24.83452 3.51500 
-24.84176 3.51600 
-24.84901 3.51700 
-24.85625 3.51800 
-24.86350 3.51900 
-24.87074 3.52000 
-24.87799 3.52100 
-24.88523 3.52200 
-24.89248 3.52300 
-24.89972 3.52400 
-24.90697 3.52500 
-24.91421 3.52600 
-24.92146 3.52700 
-24.92870 3.52800 
-24.93595 3.52900 
-24.94319 3.53000 
-24.95044 3.53100 
-24.95768 3.53200 
-24.96493 3.53300 
-24.97217 3.53400 
-24.97942 3.53500 
-24.98666 3.53600 
-24.99391 3.53700 
-25.00115 3.53800 
-25.00840 3.53900 
-25.01564 3.54000 
-25.02289 3.54100 
-25.03013 3.54200 
-25.03738 3.54300 
-25.04462 3.54400 
-25.05187 3.54500 
-25.05911 3.54600 
-25.06636 3.54700 
-25.07360 3.54800 
-25.08085 3.54900 
-25.08809 3.55000 
-25.09534 3.55100 
-25.10258 3.55200 
-25.10983 3.55300 
-25.11707 3.55400 
-25.12432 3.55500 
-25.13156 3.55600 
-25.13881 3.55700 
-25.14605 3.55800 
-25.15330 3.55900 
-25.16054 3.56000 
-25.16779 3.56100 
-25.17503 3.56200 
-25.18228 3.56300 
-25.18952 3.56400 
-25.19677 3.56500 
-25.20401 3.56600 
-25.21126 3.56700 
-25.21850 3.56800 
-25.22575 3.56900 
-25.23299 3.57000 
-25.24024 3.57100 
-25.24748 3.57200 
-25.25473 3.57300 
-25.26197 3.57400 
-25.26922 3.57500 
-25.27646 3.57600 
-25.28371 3.57700 
-25.29095 3.57800 
-25.29820 3.57900 
-25.30544 3.58000 
-25.31269 3.58100 
-25.31993 3.58200 
-25.32718 3.58300 
-25.33442 3.58400 
-25.34167 3.58500 
-25.34891 3.58600 
-25.35616 3.58700 
-25.36340 3.58800 
-25.37065 3.58900 
-25.37789 3.59000 
-25.38514 3.59100 
-25.39239 3.59200 
-25.39963 3.59300 
-25.40688 3.59400 
-25.41412 3.59500 
-25.42137 3.59600 
-25.42861 3.59700 
-25.43586 3.59800 
-25.44310 3.59900 
-25.45035 3.60000 
-25.45759 3.60100 
-25.46484 3.60200 
-25.47208 3.60300 
-25.47933 3.60400 
-25.48657 3.60500 
-25.49382 3.60600 
-25.50106 3.60700 
-25.50831 3.60800 
-25.51555 3.60900 
-25.52280 3.61000 
-25.53004 3.61100 
-25.53729 3.61200 
-25.54453 3.61300 
-25.55178 3.61400 
-25.55902 3.61500 
-25.56627 3.61600 
-25.57351 3.61700 
-25.58076 3.61800 
-25.58800 3.61900 
-25.59525 3.62000 
-25.60249 3.62100 
-25.60974 3.62200 
-25.61698 3.62300 
-25.62423 3.62400 
-25.63147 3.62500 
-25.63872 3.62600 
-25.64596 3.62700 
-25.65321 3.62800 
-25.66045 3.62900 
-25.66770 3.63000 
-25.67494 3.63100 
-25.68219 3.63200 
-25.68943 3.63300 
-25.69668 3.63400 
-25.70392 3.63500 
-25.71117 3.63600 
-25.71841 3.63700 
-25.72566 3.63800 
-25.73290 3.63900 
-25.74015 3.64000 
-25.74739 3.64100 
-25.75464 3.64200 
-25.76188 3.64300 
-25.76913 3.64400 
-25.77637 3.64500 
-25.78362 3.64600 
-25.79086 3.64700 
-25.79811 3.64800 
-25.80535 3.64900 
-25.81260 3.65000 
-25.81984 3.65100 
-25.82709 3.65200 
-25.83433 3.65300 
-25.84158 3.65400 
-25.84882 3.65500 
-25.85607 3.65600 
-25.86331 3.65700 
-25.87056 3.65800 
-25.87780 3.65900 
-25.88505 3.66000 
-25.89229 3.66100 
-25.89954 3.66200 
-25.90678 3.66300 
-25.91403 3.66400 
-25.92127 3.66500 
-25.92852 3.66600 
-25.93576 3.66700 
-25.94301 3.66800 
-25.95025 3.66900 
-25.95750 3.67000 
-25.96474 3.67100 
-25.97199 3.67200 
-25.97923 3.67300 
-25.98648 3.67400 
-25.99372 3.67500 
-26.00097 3.67600 
-26.00821 3.67700 
-26.01546 3.67800 
-26.02270 3.67900 
-26.02995 3.68000 
-26.03719 3.68100 
-26.04444 3.68200 
-26.05168 3.68300 
-26.05893 3.68400 
-26.06617 3.68500 
-26.07342 3.68600 
-26.08066 3.68700 
-26.08791 3.68800 
-26.09515 3.68900 
-26.10240 3.69000 
-26.10964 3.69100 
-26.11689 3.69200 
-26.12413 3.69300 
-26.13138 3.69400 
-26.13863 3.69500 
-26.14587 3.69600 
-26.15312 3.69700 
-26.16036 3.69800 
-26.16761 3.69900 
-26.17485 3.70000 
-26.18210 3.70100 
-26.18934 3.70200 
-26.19659 3.70300 
-26.20383 3.70400 
-26.21108 3.70500 
-26.21832 3.70600 
-26.22557 3.70700 
-26.23281 3.70800 
-26.24006 3.70900 
-26.24730 3.71000 
-26.25455 3.71100 
-26.26179 3.71200 
-26.26904 3.71300 
-26.27628 3.71400 
-26.28353 3.71500 
-26.29077 3.71600 
-26.29802 3.71700 
-26.30526 3.71800 
-26.31251 3.71900 
-26.31975 3.72000 
-26.32700 3.72100 
-26.33424 3.72200 
-26.34149 3.72300 
-26.34873 3.72400 
-26.35598 3.72500 
-26.36322 3.72600 
-26.37047 3.72700 
-26.37771 3.72800 
-26.38496 3.72900 
-26.39220 3.73000 
-26.39945 3.73100 
-26.40669 3.73200 
-26.41394 3.73300 
-26.42118 3.73400 
-26.42843 3.73500 
-26.43567 3.73600 
-26.44292 3.73700 
-26.45016 3.73800 
-26.45741 3.73900 
-26.46465 3.74000 
-26.47190 3.74100 
-26.47914 3.74200 
-26.48639 3.74300 
-26.49363 3.74400 
-26.50088 3.74500 
-26.50812 3.74600 
-26.51537 3.74700 
-26.52261 3.74800 
-26.52986 3.74900 
-26.53710 3.75000 
-26.54435 3.75100 
-26.55159 3.75200 
-26.55884 3.75300 
-26.56608 3.75400 
-26.57333 3.75500 
-26.58057 3.75600 
-26.58782 3.75700 
-26.59506 3.75800 
-26.60231 3.75900 
-26.60955 3.76000 
-26.61680 3.76100 
-26.62404 3.76200 
-26.63129 3.76300 
-26.63853 3.76400 
-26.64578 3.76500 
-26.65302 3.76600 
-26.66027 3.76700 
-26.66751 3.76800 
-26.67476 3.76900 
-26.68200 3.77000 
-26.68925 3.77100 
-26.69649 3.77200 
-26.70374 3.77300 
-26.71098 3.77400 
-26.71823 3.77500 
-26.72547 3.77600 
-26.73272 3.77700 
-26.73996 3.77800 
-26.74721 3.77900 
-26.75445 3.78000 
-26.76170 3.78100 
-26.76894 3.78200 
-26.77619 3.78300 
-26.78343 3.78400 
-26.79068 3.78500 
-26.79792 3.78600 
-26.80517 3.78700 
-26.81241 3.78800 
-26.81966 3.78900 
-26.82690 3.79000 
-26.83415 3.79100 
-26.84139 3.79200 
-26.84864 3.79300 
-26.85588 3.79400 
-26.86313 3.79500 
-26.87037 3.79600 
-26.87762 3.79700 
-26.88486 3.79800 
-26.89211 3.79900 
-26.89936 3.80000 
-26.90660 3.80100 
-26.91385 3.80200 
-26.92109 3.80300 
-26.92834 3.80400 
-26.93558 3.80500 
-26.94283 3.80600 
-26.95007 3.80700 
-26.95732 3.80800 
-26.96456 3.80900 
-26.97181 3.81000 
-26.97905 3.81100 
-26.98630 3.81200 
-26.99354 3.81300 
-27.00079 3.81400 
-27.00803 3.81500 
-27.01528 3.81600 
-27.02252 3.81700 
-27.02977 3.81800 
-27.03701 3.81900 
-27.04426 3.82000 
-27.05150 3.82100 
-27.05875 3.82200 
-27.06599 3.82300 
-27.07324 3.82400 
-27.08048 3.82500 
-27.08773 3.82600 
-27.09497 3.82700 
-27.10222 3.82800 
-27.10946 3.82900 
-27.11671 3.83000 
-27.12395 3.83100 
-27.13120 3.83200 
-27.13844 3.83300 
-27.14569 3.83400 
-27.15293 3.83500 
-27.16018 3.83600 
-27.16742 3.83700 
-27.17467 3.83800 
-27.18191 3.83900 
-27.18916 3.84000 
-27.19640 3.84100 
-27.20365 3.84200 
-27.21089 3.84300 
-27.21814 3.84400 
-27.22538 3.84500 
-27.23263 3.84600 
-27.23987 3.84700 
-27.24712 3.84800 
-27.25436 3.84900 
-27.26161 3.85000 
-27.26885 3.85100 
-27.27610 3.85200 
-27.28334 3.85300 
-27.29059 3.85400 
-27.29783 3.85500 
-27.30508 3.85600 
-27.31232 3.85700 
-27.31957 3.85800 
-27.32681 3.85900 
-27.33406 3.86000 
-27.34130 3.86100 
-27.34855 3.86200 
-27.35579 3.86300 
-27.36304 3.86400 
-27.37028 3.86500 
-27.37753 3.86600 
-27.38477 3.86700 
-27.39202 3.86800 
-27.39926 3.86900 
-27.40651 3.87000 
-27.41375 3.87100 
-27.42100 3.87200 
-27.42824 3.87300 
-27.43549 3.87400 
-27.44273 3.87500 
-27.44998 3.87600 
-27.45722 3.87700 
-27.46447 3.87800 
-27.47171 3.87900 
-27.47896 3.88000 
-27.48620 3.88100 
-27.49345 3.88200 
-27.50069 3.88300 
-27.50794 3.88400 
-27.51518 3.88500 
-27.52243 3.88600 
-27.52967 3.88700 
-27.53692 3.88800 
-27.54416 3.88900 
-27.55141 3.89000 
-27.55865 3.89100 
-27.56590 3.89200 
-27.57314 3.89300 
-27.58039 3.89400 
-27.58763 3.89500 
-27.59488 3.89600 
-27.60212 3.89700 
-27.60937 3.89800 
-27.61661 3.89900 
-27.62386 3.90000 
-27.63110 3.90100 
-27.63835 3.90200 
-27.64559 3.90300 
-27.65284 3.90400 
-27.66009 3.90500 
-27.66733 3.90600 
-27.67458 3.90700 
-27.68182 3.90800 
-27.68907 3.90900 
-27.69631 3.91000 
-27.70356 3.91100 
-27.71080 3.91200 
-27.71805 3.91300 
-27.72529 3.91400 
-27.73254 3.91500 
-27.73978 3.91600 
-27.74703 3.91700 
-27.75427 3.91800 
-27.76152 3.91900 
-27.76876 3.92000 
-27.77601 3.92100 
-27.78325 3.92200 
-27.79050 3.92300 
-27.79774 3.92400 
-27.80499 3.92500 
-27.81223 3.92600 
-27.81948 3.92700 
-27.82672 3.92800 
-27.83397 3.92900 
-27.84121 3.93000 
-27.84846 3.93100 
-27.85570 3.93200 
-27.86295 3.93300 
-27.87019 3.93400 
-27.87744 3.93500 
-27.88468 3.93600 
-27.89193 3.93700 
-27.89917 3.93800 
-27.90642 3.93900 
-27.91366 3.94000 
-27.92091 3.94100 
-27.92815 3.94200 
-27.93540 3.94300 
-27.94264 3.94400 
-27.94989 3.94500 
-27.95713 3.94600 
-27.96438 3.94700 
-27.97162 3.94800 
-27.97887 3.94900 
-27.98611 3.95000 
-27.99336 3.95100 
-28.00060 3.95200 
-28.00785 3.95300 
-28.01509 3.95400 
-28.02234 3.95500 
-28.02958 3.95600 
-28.03683 3.95700 
-28.04407 3.95800 
-28.05132 3.95900 
-28.05856 3.96000 
-28.06581 3.96100 
-28.07305 3.96200 
-28.08030 3.96300 
-28.08754 3.96400 
-28.09479 3.96500 
-28.10203 3.96600 
-28.10928 3.96700 
-28.11652 3.96800 
-28.12377 3.96900 
-28.13101 3.97000 
-28.13826 3.97100 
-28.14550 3.97200 
-28.15275 3.97300 
-28.15999 3.97400 
-28.16724 3.97500 
-28.17448 3.97600 
-28.18173 3.97700 
-28.18897 3.97800 
-28.19622 3.97900 
-28.20346 3.98000 
-28.21071 3.98100 
-28.21795 3.98200 
-28.22520 3.98300 
-28.23244 3.98400 
-28.23969 3.98500 
-28.24693 3.98600 
-28.25418 3.98700 
-28.26142 3.98800 
-28.26867 3.98900 
-28.27591 3.99000 
-28.28316 3.99100 
-28.29040 3.99200 
-28.29765 3.99300 
-28.30489 3.99400 
-28.31214 3.99500 
-28.31938 3.99600 
-28.32663 3.99700 
-28.33387 3.99800 
-28.34112 3.99900 
-28.34836 4.00000 
-28.35561 4.00100 
-28.36285 4.00200 
-28.37010 4.00300 
-28.37734 4.00400 
-28.38459 4.00500 
-28.39183 4.00600 
-28.39908 4.00700 
-28.40632 4.00800 
-28.41357 4.00900 
-28.42082 4.01000 
-28.42806 4.01100 
-28.43531 4.01200 
-28.44255 4.01300 
-28.44980 4.01400 
-28.45704 4.01500 
-28.46429 4.01600 
-28.47153 4.01700 
-28.47878 4.01800 
-28.48602 4.01900 
-28.49327 4.02000 
-28.50051 4.02100 
-28.50776 4.02200 
-28.51500 4.02300 
-28.52225 4.02400 
-28.52949 4.02500 
-28.53674 4.02600 
-28.54398 4.02700 
-28.55123 4.02800 
-28.55847 4.02900 
-28.56572 4.03000 
-28.57296 4.03100 
-28.58021 4.03200 
-28.58745 4.03300 
-28.59470 4.03400 
-28.60194 4.03500 
-28.60919 4.03600 
-28.61643 4.03700 
-28.62368 4.03800 
-28.63092 4.03900 
-28.63817 4.04000 
-28.64541 4.04100 
-28.65266 4.04200 
-28.65990 4.04300 
-28.66715 4.04400 
-28.67439 4.04500 
-28.68164 4.04600 
-28.68888 4.04700 
-28.69613 4.04800 
-28.70337 4.04900 
-28.71062 4.05000 
-28.71786 4.05100 
-28.72511 4.05200 
-28.73235 4.05300 
-28.73960 4.05400 
-28.74684 4.05500 
-28.75409 4.05600 
-28.76133 4.05700 
-28.76858 4.05800 
-28.77582 4.05900 
-28.78307 4.06000 
-28.79031 4.06100 
-28.79756 4.06200 
-28.80480 4.06300 
-28.81205 4.06400 
-28.81929 4.06500 
-28.82654 4.06600 
-28.83378 4.06700 
-28.84103 4.06800 
-28.84827 4.06900 
-28.85552 4.07000 
-28.86276 4.07100 
-28.87001 4.07200 
-28.87725 4.07300 
-28.88450 4.07400 
-28.89174 4.07500 
-28.89899 4.07600 
-28.90623 4.07700 
-28.91348 4.07800 
-28.92072 4.07900 
-28.92797 4.08000 
-28.93521 4.08100 
-28.94246 4.08200 
-28.94970 4.08300 
-28.95695 4.08400 
-28.96419 4.08500 
-28.97144 4.08600 
-28.97868 4.08700 
-28.98593 4.08800 
-28.99317 4.08900 
-29.00042 4.09000 
-29.00766 4.09100 
-29.01491 4.09200 
-29.02215 4.09300 
-29.02940 4.09400 
-29.03664 4.09500 
-29.04389 4.09600 
-29.05113 4.09700 
-29.05838 4.09800 
-29.06562 4.09900 
-29.07287 4.10000 
-29.08011 4.10100 
-29.08736 4.10200 
-29.09460 4.10300 
-29.10185 4.10400 
-29.10909 4.10500 
-29.11634 4.10600 
-29.12358 4.10700 
-29.13083 4.10800 
-29.13807 4.10900 
-29.14532 4.11000 
-29.15256 4.11100 
-29.15981 4.11200 
-29.16705 4.11300 
-29.17430 4.11400 
-29.18155 4.11500 
-29.18879 4.11600 
-29.19604 4.11700 
-29.20328 4.11800 
-29.21053 4.11900 
-29.21777 4.12000 
-29.22502 4.12100 
-29.23226 4.12200 
-29.23951 4.12300 
-29.24675 4.12400 
-29.25400 4.12500 
-29.26124 4.12600 
-29.26849 4.12700 
-29.27573 4.12800 
-29.28298 4.12900 
-29.29022 4.13000 
-29.29747 4.13100 
-29.30471 4.13200 
-29.31196 4.13300 
-29.31920 4.13400 
-29.32645 4.13500 
-29.33369 4.13600 
-29.34094 4.13700 
-29.34818 4.13800 
-29.35543 4.13900 
-29.36267 4.14000 
-29.36992 4.14100 
-29.37716 4.14200 
-29.38441 4.14300 
-29.39165 4.14400 
-29.39890 4.14500 
-29.40614 4.14600 
-29.41339 4.14700 
-29.42063 4.14800 
-29.42788 4.14900 
-29.43512 4.15000 
-29.44237 4.15100 
-29.44961 4.15200 
-29.45686 4.15300 
-29.46410 4.15400 
-29.47135 4.15500 
-29.47859 4.15600 
-29.48584 4.15700 
-29.49308 4.15800 
-29.50033 4.15900 
-29.50757 4.16000 
-29.51482 4.16100 
-29.52206 4.16200 
-29.52931 4.16300 
-29.53655 4.16400 
-29.54380 4.16500 
-29.55104 4.16600 
-29.55829 4.16700 
-29.56553 4.16800 
-29.57278 4.16900 
-29.58002 4.17000 
-29.58727 4.17100 
-29.59451 4.17200 
-29.60176 4.17300 
-29.60900 4.17400 
-29.61625 4.17500 
-29.62349 4.17600 
-29.63074 4.17700 
-29.63798 4.17800 
-29.64523 4.17900 
-29.65247 4.18000 
-29.65972 4.18100 
-29.66696 4.18200 
-29.67421 4.18300 
-29.68145 4.18400 
-29.68870 4.18500 
-29.69594 4.18600 
-29.70319 4.18700 
-29.71043 4.18800 
-29.71768 4.18900 
-29.72492 4.19000 
-29.73217 4.19100 
-29.73941 4.19200 
-29.74666 4.19300 
-29.75390 4.19400 
-29.76115 4.19500 
-29.76839 4.19600 
-29.77564 4.19700 
-29.78288 4.19800 
-29.79013 4.19900 
-29.79737 4.20000 
-29.80462 4.20100 
-29.81186 4.20200 
-29.81911 4.20300 
-29.82635 4.20400 
-29.83360 4.20500 
-29.84084 4.20600 
-29.84809 4.20700 
-29.85533 4.20800 
-29.86258 4.20900 
-29.86982 4.21000 
-29.87707 4.21100 
-29.88431 4.21200 
-29.89156 4.21300 
-29.89880 4.21400 
-29.90605 4.21500 
-29.91329 4.21600 
-29.92054 4.21700 
-29.92778 4.21800 
-29.93503 4.21900 
-29.94228 4.22000 
-29.94952 4.22100 
-29.95677 4.22200 
-29.96401 4.22300 
-29.97126 4.22400 
-29.97850 4.22500 
-29.98575 4.22600 
-29.99299 4.22700 
-30.00024 4.22800 
-30.00748 4.22900 
-30.01473 4.23000 
-30.02197 4.23100 
-30.02922 4.23200 
-30.03646 4.23300 
-30.04371 4.23400 
-30.05095 4.23500 
-30.05820 4.23600 
-30.06544 4.23700 
-30.07269 4.23800 
-30.07993 4.23900 
-30.08718 4.24000 
-30.09442 4.24100 
-30.10167 4.24200 
-30.10891 4.24300 
-30.11616 4.24400 
-30.12340 4.24500 
-30.13065 4.24600 
-30.13789 4.24700 
-30.14514 4.24800 
-30.15238 4.24900 
-30.15963 4.25000 
-30.16687 4.25100 
-30.17412 4.25200 
-30.18136 4.25300 
-30.18861 4.25400 
-30.19585 4.25500 
-30.20310 4.25600 
-30.21034 4.25700 
-30.21759 4.25800 
-30.22483 4.25900 
-30.23208 4.26000 
-30.23932 4.26100 
-30.24657 4.26200 
-30.25381 4.26300 
-30.26106 4.26400 
-30.26830 4.26500 
-30.27555 4.26600 
-30.28279 4.26700 
-30.29004 4.26800 
-30.29728 4.26900 
-30.30453 4.27000 
-30.31177 4.27100 
-30.31902 4.27200 
-30.32626 4.27300 
-30.33351 4.27400 
-30.34075 4.27500 
-30.34800 4.27600 
-30.35524 4.27700 
-30.36249 4.27800 
-30.36973 4.27900 
-30.37698 4.28000 
-30.38422 4.28100 
-30.39147 4.28200 
-30.39871 4.28300 
-30.40596 4.28400 
-30.41320 4.28500 
-30.42045 4.28600 
-30.42769 4.28700 
-30.43494 4.28800 
-30.44218 4.28900 
-30.44943 4.29000 
-30.45667 4.29100 
-30.46392 4.29200 
-30.47116 4.29300 
-30.47841 4.29400 
-30.48565 4.29500 
-30.49290 4.29600 
-30.50014 4.29700 
-30.50739 4.29800 
-30.51463 4.29900 
-30.52188 4.30000 
-30.52912 4.30100 
-30.53637 4.30200 
-30.54361 4.30300 
-30.55086 4.30400 
-30.55810 4.30500 
-30.56535 4.30600 
-30.57259 4.30700 
-30.57984 4.30800 
-30.58708 4.30900 
-30.59433 4.31000 
-30.60157 4.31100 
-30.60882 4.31200 
-30.61606 4.31300 
-30.62331 4.31400 
-30.63055 4.31500 
-30.63780 4.31600 
-30.64504 4.31700 
-30.65229 4.31800 
-30.65953 4.31900 
-30.66678 4.32000 
-30.67402 4.32100 
-30.68127 4.32200 
-30.68851 4.32300 
-30.69576 4.32400 
-30.70301 4.32500 
-30.71025 4.32600 
-30.71750 4.32700 
-30.72474 4.32800 
-30.73199 4.32900 
-30.73923 4.33000 
-30.74648 4.33100 
-30.75372 4.33200 
-30.76097 4.33300 
-30.76821 4.33400 
-30.77546 4.33500 
-30.78270 4.33600 
-30.78995 4.33700 
-30.79719 4.33800 
-30.80444 4.33900 
-30.81168 4.34000 
-30.81893 4.34100 
-30.82617 4.34200 
-30.83342 4.34300 
-30.84066 4.34400 
-30.84791 4.34500 
-30.85515 4.34600 
-30.86240 4.34700 
-30.86964 4.34800 
-30.87689 4.34900 
-30.88413 4.35000 
-30.89138 4.35100 
-30.89862 4.35200 
-30.90587 4.35300 
-30.91311 4.35400 
-30.92036 4.35500 
-30.92760 4.35600 
-30.93485 4.35700 
-30.94209 4.35800 
-30.94934 4.35900 
-30.95658 4.36000 
-30.96383 4.36100 
-30.97107 4.36200 
-30.97832 4.36300 
-30.98556 4.36400 
-30.99281 4.36500 
-31.00005 4.36600 
-31.00730 4.36700 
-31.01454 4.36800 
-31.02179 4.36900 
-31.02903 4.37000 
-31.03628 4.37100 
-31.04352 4.37200 
-31.05077 4.37300 
-31.05801 4.37400 
-31.06526 4.37500 
-31.07250 4.37600 
-31.07975 4.37700 
-31.08699 4.37800 
-31.09424 4.37900 
-31.10148 4.38000 
-31.10873 4.38100 
-31.11597 4.38200 
-31.12322 4.38300 
-31.13046 4.38400 
-31.13771 4.38500 
-31.14495 4.38600 
-31.15220 4.38700 
-31.15944 4.38800 
-31.16669 4.38900 
-31.17393 4.39000 
-31.18118 4.39100 
-31.18842 4.39200 
-31.19567 4.39300 
-31.20291 4.39400 
-31.21016 4.39500 
-31.21740 4.39600 
-31.22465 4.39700 
-31.23189 4.39800 
-31.23914 4.39900 
-31.24638 4.40000 
-31.25363 4.40100 
-31.26087 4.40200 
-31.26812 4.40300 
-31.27536 4.40400 
-31.28261 4.40500 
-31.28985 4.40600 
-31.29710 4.40700 
-31.30434 4.40800 
-31.31159 4.40900 
-31.31883 4.41000 
-31.32608 4.41100 
-31.33332 4.41200 
-31.34057 4.41300 
-31.34781 4.41400 
-31.35506 4.41500 
-31.36230 4.41600 
-31.36955 4.41700 
-31.37679 4.41800 
-31.38404 4.41900 
-31.39128 4.42000 
-31.39853 4.42100 
-31.40577 4.42200 
-31.41302 4.42300 
-31.42026 4.42400 
-31.42751 4.42500 
-31.43475 4.42600 
-31.44200 4.42700 
-31.44924 4.42800 
-31.45649 4.42900 
-31.46374 4.43000 
-31.47098 4.43100 
-31.47823 4.43200 
-31.48547 4.43300 
-31.49272 4.43400 
-31.49996 4.43500 
-31.50721 4.43600 
-31.51445 4.43700 
-31.52170 4.43800 
-31.52894 4.43900 
-31.53619 4.44000 
-31.54343 4.44100 
-31.55068 4.44200 
-31.55792 4.44300 
-31.56517 4.44400 
-31.57241 4.44500 
-31.57966 4.44600 
-31.58690 4.44700 
-31.59415 4.44800 
-31.60139 4.44900 
-31.60864 4.45000 
-31.61588 4.45100 
-31.62313 4.45200 
-31.63037 4.45300 
-31.63762 4.45400 
-31.64486 4.45500 
-31.65211 4.45600 
-31.65935 4.45700 
-31.66660 4.45800 
-31.67384 4.45900 
-31.68109 4.46000 
-31.68833 4.46100 
-31.69558 4.46200 
-31.70282 4.46300 
-31.71007 4.46400 
-31.71731 4.46500 
-31.72456 4.46600 
-31.73180 4.46700 
-31.73905 4.46800 
-31.74629 4.46900 
-31.75354 4.47000 
-31.76078 4.47100 
-31.76803 4.47200 
-31.77527 4.47300 
-31.78252 4.47400 
-31.78976 4.47500 
-31.79701 4.47600 
-31.80425 4.47700 
-31.81150 4.47800 
-31.81874 4.47900 
-31.82599 4.48000 
-31.83323 4.48100 
-31.84048 4.48200 
-31.84772 4.48300 
-31.85497 4.48400 
-31.86221 4.48500 
-31.86946 4.48600 
-31.87670 4.48700 
-31.88395 4.48800 
-31.89119 4.48900 
-31.89844 4.49000 
-31.90568 4.49100 
-31.91293 4.49200 
-31.92017 4.49300 
-31.92742 4.49400 
-31.93466 4.49500 
-31.94191 4.49600 
-31.94915 4.49700 
-31.95640 4.49800 
-31.96364 4.49900 
-31.97089 4.50000 
-31.97813 4.50100 
-31.98538 4.50200 
-31.99262 4.50300 
-31.99987 4.50400 
-32.00711 4.50500 
-32.01436 4.50600 
-32.02160 4.50700 
-32.02885 4.50800 
-32.03609 4.50900 
-32.04334 4.51000 
-32.05058 4.51100 
-32.05783 4.51200 
-32.06507 4.51300 
-32.07232 4.51400 
-32.07956 4.51500 
-32.08681 4.51600 
-32.09405 4.51700 
-32.10130 4.51800 
-32.10854 4.51900 
-32.11579 4.52000 
-32.12303 4.52100 
-32.13028 4.52200 
-32.13752 4.52300 
-32.14477 4.52400 
-32.15201 4.52500 
-32.15926 4.52600 
-32.16650 4.52700 
-32.17375 4.52800 
-32.18099 4.52900 
-32.18824 4.53000 
-32.19548 4.53100 
-32.20273 4.53200 
-32.20997 4.53300 
-32.21722 4.53400 
-32.22447 4.53500 
-32.23171 4.53600 
-32.23896 4.53700 
-32.24620 4.53800 
-32.25345 4.53900 
-32.26069 4.54000 
-32.26794 4.54100 
-32.27518 4.54200 
-32.28243 4.54300 
-32.28967 4.54400 
-32.29692 4.54500 
-32.30416 4.54600 
-32.31141 4.54700 
-32.31865 4.54800 
-32.32590 4.54900 
-32.33314 4.55000 
-32.34039 4.55100 
-32.34763 4.55200 
-32.35488 4.55300 
-32.36212 4.55400 
-32.36937 4.55500 
-32.37661 4.55600 
-32.38386 4.55700 
-32.39110 4.55800 
-32.39835 4.55900 
-32.40559 4.56000 
-32.41284 4.56100 
-32.42008 4.56200 
-32.42733 4.56300 
-32.43457 4.56400 
-32.44182 4.56500 
-32.44906 4.56600 
-32.45631 4.56700 
-32.46355 4.56800 
-32.47080 4.56900 
-32.47804 4.57000 
-32.48529 4.57100 
-32.49253 4.57200 
-32.49978 4.57300 
-32.50702 4.57400 
-32.51427 4.57500 
-32.52151 4.57600 
-32.52876 4.57700 
-32.53600 4.57800 
-32.54325 4.57900 
-32.55049 4.58000 
-32.55774 4.58100 
-32.56498 4.58200 
-32.57223 4.58300 
-32.57947 4.58400 
-32.58672 4.58500 
-32.59396 4.58600 
-32.60121 4.58700 
-32.60845 4.58800 
-32.61570 4.58900 
-32.62294 4.59000 
-32.63019 4.59100 
-32.63743 4.59200 
-32.64468 4.59300 
-32.65192 4.59400 
-32.65917 4.59500 
-32.66641 4.59600 
-32.67366 4.59700 
-32.68090 4.59800 
-32.68815 4.59900 
-32.69539 4.60000 
-32.70264 4.60100 
-32.70988 4.60200 
-32.71713 4.60300 
-32.72437 4.60400 
-32.73162 4.60500 
-32.73886 4.60600 
-32.74611 4.60700 
-32.75335 4.60800 
-32.76060 4.60900 
-32.76784 4.61000 
-32.77509 4.61100 
-32.78233 4.61200 
-32.78958 4.61300 
-32.79682 4.61400 
-32.80407 4.61500 
-32.81131 4.61600 
-32.81856 4.61700 
-32.82580 4.61800 
-32.83305 4.61900 
-32.84029 4.62000 
-32.84754 4.62100 
-32.85478 4.62200 
-32.86203 4.62300 
-32.86927 4.62400 
-32.87652 4.62500 
-32.88376 4.62600 
-32.89101 4.62700 
-32.89825 4.62800 
-32.90550 4.62900 
-32.91274 4.63000 
-32.91999 4.63100 
-32.92723 4.63200 
-32.93448 4.63300 
-32.94172 4.63400 
-32.94897 4.63500 
-32.95621 4.63600 
-32.96346 4.63700 
-32.97070 4.63800 
-32.97795 4.63900 
-32.98520 4.64000 
-32.99244 4.64100 
-32.99969 4.64200 
-33.00693 4.64300 
-33.01418 4.64400 
-33.02142 4.64500 
-33.02867 4.64600 
-33.03591 4.64700 
-33.04316 4.64800 
-33.05040 4.64900 
-33.05765 4.65000 
-33.06489 4.65100 
-33.07214 4.65200 
-33.07938 4.65300 
-33.08663 4.65400 
-33.09387 4.65500 
-33.10112 4.65600 
-33.10836 4.65700 
-33.11561 4.65800 
-33.12285 4.65900 
-33.13010 4.66000 
-33.13734 4.66100 
-33.14459 4.66200 
-33.15183 4.66300 
-33.15908 4.66400 
-33.16632 4.66500 
-33.17357 4.66600 
-33.18081 4.66700 
-33.18806 4.66800 
-33.19530 4.66900 
-33.20255 4.67000 
-33.20979 4.67100 
-33.21704 4.67200 
-33.22428 4.67300 
-33.23153 4.67400 
-33.23877 4.67500 
-33.24602 4.67600 
-33.25326 4.67700 
-33.26051 4.67800 
-33.26775 4.67900 
-33.27500 4.68000 
-33.28224 4.68100 
-33.28949 4.68200 
-33.29673 4.68300 
-33.30398 4.68400 
-33.31122 4.68500 
-33.31847 4.68600 
-33.32571 4.68700 
-33.33296 4.68800 
-33.34020 4.68900 
-33.34745 4.69000 
-33.35469 4.69100 
-33.36194 4.69200 
-33.36918 4.69300 
-33.37643 4.69400 
-33.38367 4.69500 
-33.39092 4.69600 
-33.39816 4.69700 
-33.40541 4.69800 
-33.41265 4.69900 
-33.41990 4.70000 
-33.42714 4.70100 
-33.43439 4.70200 
-33.44163 4.70300 
-33.44888 4.70400 
-33.45612 4.70500 
-33.46337 4.70600 
-33.47061 4.70700 
-33.47786 4.70800 
-33.48510 4.70900 
-33.49235 4.71000 
-33.49959 4.71100 
-33.50684 4.71200 
-33.51408 4.71300 
-33.52133 4.71400 
-33.52857 4.71500 
-33.53582 4.71600 
-33.54306 4.71700 
-33.55031 4.71800 
-33.55755 4.71900 
-33.56480 4.72000 
-33.57204 4.72100 
-33.57929 4.72200 
-33.58653 4.72300 
-33.59378 4.72400 
-33.60102 4.72500 
-33.60827 4.72600 
-33.61551 4.72700 
-33.62276 4.72800 
-33.63000 4.72900 
-33.63725 4.73000 
-33.64449 4.73100 
-33.65174 4.73200 
-33.65898 4.73300 
-33.66623 4.73400 
-33.67347 4.73500 
-33.68072 4.73600 
-33.68796 4.73700 
-33.69521 4.73800 
-33.70245 4.73900 
-33.70970 4.74000 
-33.71694 4.74100 
-33.72419 4.74200 
-33.73143 4.74300 
-33.73868 4.74400 
-33.74593 4.74500 
-33.75317 4.74600 
-33.76042 4.74700 
-33.76766 4.74800 
-33.77491 4.74900 
-33.78215 4.75000 
-33.78940 4.75100 
-33.79664 4.75200 
-33.80389 4.75300 
-33.81113 4.75400 
-33.81838 4.75500 
-33.82562 4.75600 
-33.83287 4.75700 
-33.84011 4.75800 
-33.84736 4.75900 
-33.85460 4.76000 
-33.86185 4.76100 
-33.86909 4.76200 
-33.87634 4.76300 
-33.88358 4.76400 
-33.89083 4.76500 
-33.89807 4.76600 
-33.90532 4.76700 
-33.91256 4.76800 
-33.91981 4.76900 
-33.92705 4.77000 
-33.93430 4.77100 
-33.94154 4.77200 
-33.94879 4.77300 
-33.95603 4.77400 
-33.96328 4.77500 
-33.97052 4.77600 
-33.97777 4.77700 
-33.98501 4.77800 
-33.99226 4.77900 
-33.99950 4.78000 
-34.00675 4.78100 
-34.01399 4.78200 
-34.02124 4.78300 
-34.02848 4.78400 
-34.03573 4.78500 
-34.04297 4.78600 
-34.05022 4.78700 
-34.05746 4.78800 
-34.06471 4.78900 
-34.07195 4.79000 
-34.07920 4.79100 
-34.08644 4.79200 
-34.09369 4.79300 
-34.10093 4.79400 
-34.10818 4.79500 
-34.11542 4.79600 
-34.12267 4.79700 
-34.12991 4.79800 
-34.13716 4.79900 
-34.14440 4.80000 
-34.15165 4.80100 
-34.15889 4.80200 
-34.16614 4.80300 
-34.17338 4.80400 
-34.18063 4.80500 
-34.18787 4.80600 
-34.19512 4.80700 
-34.20236 4.80800 
-34.20961 4.80900 
-34.21685 4.81000 
-34.22410 4.81100 
-34.23134 4.81200 
-34.23859 4.81300 
-34.24583 4.81400 
-34.25308 4.81500 
-34.26032 4.81600 
-34.26757 4.81700 
-34.27481 4.81800 
-34.28206 4.81900 
-34.28930 4.82000 
-34.29655 4.82100 
-34.30379 4.82200 
-34.31104 4.82300 
-34.31828 4.82400 
-34.32553 4.82500 
-34.33277 4.82600 
-34.34002 4.82700 
-34.34726 4.82800 
-34.35451 4.82900 
-34.36175 4.83000 
-34.36900 4.83100 
-34.37624 4.83200 
-34.38349 4.83300 
-34.39073 4.83400 
-34.39798 4.83500 
-34.40522 4.83600 
-34.41247 4.83700 
-34.41971 4.83800 
-34.42696 4.83900 
-34.43420 4.84000 
-34.44145 4.84100 
-34.44869 4.84200 
-34.45594 4.84300 
-34.46318 4.84400 
-34.47043 4.84500 
-34.47767 4.84600 
-34.48492 4.84700 
-34.49216 4.84800 
-34.49941 4.84900 
-34.50666 4.85000 
-34.51390 4.85100 
-34.52115 4.85200 
-34.52839 4.85300 
-34.53564 4.85400 
-34.54288 4.85500 
-34.55013 4.85600 
-34.55737 4.85700 
-34.56462 4.85800 
-34.57186 4.85900 
-34.57911 4.86000 
-34.58635 4.86100 
-34.59360 4.86200 
-34.60084 4.86300 
-34.60809 4.86400 
-34.61533 4.86500 
-34.62258 4.86600 
-34.62982 4.86700 
-34.63707 4.86800 
-34.64431 4.86900 
-34.65156 4.87000 
-34.65880 4.87100 
-34.66605 4.87200 
-34.67329 4.87300 
-34.68054 4.87400 
-34.68778 4.87500 
-34.69503 4.87600 
-34.70227 4.87700 
-34.70952 4.87800 
-34.71676 4.87900 
-34.72401 4.88000 
-34.73125 4.88100 
-34.73850 4.88200 
-34.74574 4.88300 
-34.75299 4.88400 
-34.76023 4.88500 
-34.76748 4.88600 
-34.77472 4.88700 
-34.78197 4.88800 
-34.78921 4.88900 
-34.79646 4.89000 
-34.80370 4.89100 
-34.81095 4.89200 
-34.81819 4.89300 
-34.82544 4.89400 
-34.83268 4.89500 
-34.83993 4.89600 
-34.84717 4.89700 
-34.85442 4.89800 
-34.86166 4.89900 
-34.86891 4.90000 
-34.87615 4.90100 
-34.88340 4.90200 
-34.89064 4.90300 
-34.89789 4.90400 
-34.90513 4.90500 
-34.91238 4.90600 
-34.91962 4.90700 
-34.92687 4.90800 
-34.93411 4.90900 
-34.94136 4.91000 
-34.94860 4.91100 
-34.95585 4.91200 
-34.96309 4.91300 
-34.97034 4.91400 
-34.97758 4.91500 
-34.98483 4.91600 
-34.99207 4.91700 
-34.99932 4.91800 
-35.00656 4.91900 
-35.01381 4.92000 
-35.02105 4.92100 
-35.02830 4.92200 
-35.03554 4.92300 
-35.04279 4.92400 
-35.05003 4.92500 
-35.05728 4.92600 
-35.06452 4.92700 
-35.07177 4.92800 
-35.07901 4.92900 
-35.08626 4.93000 
-35.09350 4.93100 
-35.10075 4.93200 
-35.10799 4.93300 
-35.11524 4.93400 
-35.12248 4.93500 
-35.12973 4.93600 
-35.13697 4.93700 
-35.14422 4.93800 
-35.15146 4.93900 
-35.15871 4.94000 
-35.16595 4.94100 
-35.17320 4.94200 
-35.18044 4.94300 
-35.18769 4.94400 
-35.19493 4.94500 
-35.20218 4.94600 
-35.20942 4.94700 
-35.21667 4.94800 
-35.22391 4.94900 
-35.23116 4.95000 
-35.23840 4.95100 
-35.24565 4.95200 
-35.25289 4.95300 
-35.26014 4.95400 
-35.26739 4.95500 
-35.27463 4.95600 
-35.28188 4.95700 
-35.28912 4.95800 
-35.29637 4.95900 
-35.30361 4.96000 
-35.31086 4.96100 
-35.31810 4.96200 
-35.32535 4.96300 
-35.33259 4.96400 
-35.33984 4.96500 
-35.34708 4.96600 
-35.35433 4.96700 
-35.36157 4.96800 
-35.36882 4.96900 
-35.37606 4.97000 
-35.38331 4.97100 
-35.39055 4.97200 
-35.39780 4.97300 
-35.40504 4.97400 
-35.41229 4.97500 
-35.41953 4.97600 
-35.42678 4.97700 
-35.43402 4.97800 
-35.44127 4.97900 
-35.44851 4.98000 
-35.45576 4.98100 
-35.46300 4.98200 
-35.47025 4.98300 
-35.47749 4.98400 
-35.48474 4.98500 
-35.49198 4.98600 
-35.49923 4.98700 
-35.50647 4.98800 
-35.51372 4.98900 
-35.52096 4.99000 
-35.52821 4.99100 
-35.53545 4.99200 
-35.54270 4.99300 
-35.54994 4.99400 
-35.55719 4.99500 
-35.56443 4.99600 
-35.57168 4.99700 
-35.57892 4.99800 
-35.58617 4.99900 
