0.00000 0.00000 
0.02589 0.00100 
0.07015 0.00200 
0.11701 0.00300 
0.16384 0.00400 
0.21022 0.00500 
0.25608 0.00600 
0.30141 0.00700 
0.34623 0.00800 
0.39053 0.00900 
0.43432 0.01000 
0.47761 0.01100 
0.52041 0.01200 
0.56271 0.01300 
0.60453 0.01400 
0.64587 0.01500 
0.68673 0.01600 
0.72713 0.01700 
0.76706 0.01800 
0.80653 0.01900 
0.84555 0.02000 
0.88412 0.02100 
0.92225 0.02200 
0.95994 0.02300 
0.99720 0.02400 
1.03404 0.02500 
1.07045 0.02600 
1.10644 0.02700 
1.14202 0.02800 
1.17719 0.02900 
1.21195 0.03000 
1.24632 0.03100 
1.28029 0.03200 
1.31388 0.03300 
1.34707 0.03400 
1.37989 0.03500 
1.41233 0.03600 
1.44440 0.03700 
1.47610 0.03800 
1.50744 0.03900 
1.53841 0.04000 
1.56903 0.04100 
1.59930 0.04200 
1.62923 0.04300 
1.65880 0.04400 
1.68804 0.04500 
1.71695 0.04600 
1.74552 0.04700 
1.77376 0.04800 
1.80168 0.04900 
1.82928 0.05000 
1.85657 0.05100 
1.88354 0.05200 
1.91020 0.05300 
1.93655 0.05400 
1.96261 0.05500 
1.98836 0.05600 
2.01382 0.05700 
2.03898 0.05800 
2.06386 0.05900 
2.08845 0.06000 
2.11276 0.06100 
2.13679 0.06200 
2.16054 0.06300 
2.18403 0.06400 
2.20724 0.06500 
2.23018 0.06600 
2.25287 0.06700 
2.27529 0.06800 
2.29745 0.06900 
2.31937 0.07000 
2.34102 0.07100 
2.36244 0.07200 
2.38360 0.07300 
2.40452 0.07400 
2.42520 0.07500 
2.44565 0.07600 
2.46586 0.07700 
2.48584 0.07800 
2.50559 0.07900 
2.52511 0.08000 
2.54441 0.08100 
2.56348 0.08200 
2.58234 0.08300 
2.60098 0.08400 
2.61941 0.08500 
2.63763 0.08600 
2.65563 0.08700 
2.67344 0.08800 
2.69103 0.08900 
2.70843 0.09000 
2.72562 0.09100 
2.74262 0.09200 
2.75942 0.09300 
2.77603 0.09400 
2.79245 0.09500 
2.80868 0.09600 
2.82473 0.09700 
2.84059 0.09800 
2.85626 0.09900 
2.87176 0.10000 
2.88708 0.10100 
2.90223 0.10200 
2.91720 0.10300 
2.93200 0.10400 
2.94663 0.10500 
2.96109 0.10600 
2.97539 0.10700 
2.98952 0.10800 
3.00349 0.10900 
3.01730 0.11000 
3.03095 0.11100 
3.04444 0.11200 
3.05778 0.11300 
3.07097 0.11400 
3.08401 0.11500 
3.09689 0.11600 
3.10963 0.11700 
3.12222 0.11800 
3.13467 0.11900 
3.14697 0.12000 
3.15914 0.12100 
3.17116 0.12200 
3.18305 0.12300 
3.19480 0.12400 
3.20641 0.12500 
3.21789 0.12600 
3.22924 0.12700 
3.24046 0.12800 
3.25155 0.12900 
3.26252 0.13000 
3.27335 0.13100 
3.28407 0.13200 
3.29466 0.13300 
3.30513 0.13400 
3.31547 0.13500 
3.32570 0.13600 
3.33582 0.13700 
3.34581 0.13800 
3.35570 0.13900 
3.36546 0.14000 
3.37512 0.14100 
3.38467 0.14200 
3.39410 0.14300 
3.40343 0.14400 
3.41265 0.14500 
3.42177 0.14600 
3.43078 0.14700 
3.43968 0.14800 
3.44849 0.14900 
3.45719 0.15000 
3.46580 0.15100 
3.47430 0.15200 
3.48271 0.15300 
3.49102 0.15400 
3.49924 0.15500 
3.50736 0.15600 
3.51539 0.15700 
3.52332 0.15800 
3.53117 0.15900 
3.53893 0.16000 
3.54659 0.16100 
3.55417 0.16200 
3.56166 0.16300 
3.56907 0.16400 
3.57639 0.16500 
3.58362 0.16600 
3.59078 0.16700 
3.59785 0.16800 
3.60484 0.16900 
3.61175 0.17000 
3.61858 0.17100 
3.62533 0.17200 
3.63201 0.17300 
3.63861 0.17400 
3.64513 0.17500 
3.65158 0.17600 
3.65795 0.17700 
3.66425 0.17800 
3.67048 0.17900 
3.67663 0.18000 
3.68272 0.18100 
3.68873 0.18200 
3.69467 0.18300 
3.70055 0.18400 
3.70635 0.18500 
3.71210 0.18600 
3.71777 0.18700 
3.72338 0.18800 
3.72893 0.18900 
3.73441 0.19000 
3.73983 0.19100 
3.74519 0.19200 
3.75049 0.19300 
3.75572 0.19400 
3.76090 0.19500 
3.76602 0.19600 
3.77107 0.19700 
3.77607 0.19800 
3.78102 0.19900 
3.78590 0.20000 
3.79073 0.20100 
3.79551 0.20200 
3.80023 0.20300 
3.80489 0.20400 
3.80951 0.20500 
3.81407 0.20600 
3.81857 0.20700 
3.82303 0.20800 
3.82743 0.20900 
3.83179 0.21000 
3.83609 0.21100 
3.84035 0.21200 
3.84455 0.21300 
3.84871 0.21400 
3.85282 0.21500 
3.85689 0.21600 
3.86090 0.21700 
3.86487 0.21800 
3.86880 0.21900 
3.87268 0.22000 
3.87652 0.22100 
3.88031 0.22200 
3.88406 0.22300 
3.88776 0.22400 
3.89142 0.22500 
3.89505 0.22600 
3.89862 0.22700 
3.90216 0.22800 
3.90566 0.22900 
3.90912 0.23000 
3.91254 0.23100 
3.91592 0.23200 
3.91926 0.23300 
3.92256 0.23400 
3.92582 0.23500 
3.92905 0.23600 
3.93224 0.23700 
3.93539 0.23800 
3.93851 0.23900 
3.94159 0.24000 
3.94464 0.24100 
3.94765 0.24200 
3.95063 0.24300 
3.95357 0.24400 
3.95648 0.24500 
3.95936 0.24600 
3.96220 0.24700 
3.96501 0.24800 
3.96779 0.24900 
3.97053 0.25000 
3.97325 0.25100 
3.97593 0.25200 
3.97858 0.25300 
3.98121 0.25400 
3.98380 0.25500 
3.98636 0.25600 
3.98889 0.25700 
3.99140 0.25800 
3.99387 0.25900 
3.99632 0.26000 
3.99874 0.26100 
4.00113 0.26200 
4.00350 0.26300 
4.00583 0.26400 
4.00814 0.26500 
4.01043 0.26600 
4.01268 0.26700 
4.01492 0.26800 
4.01712 0.26900 
4.01930 0.27000 
4.02146 0.27100 
4.02359 0.27200 
4.02570 0.27300 
4.02778 0.27400 
4.02984 0.27500 
4.03187 0.27600 
4.03389 0.27700 
4.03588 0.27800 
4.03784 0.27900 
4.03979 0.28000 
4.04171 0.28100 
4.04361 0.28200 
4.04549 0.28300 
4.04734 0.28400 
4.04918 0.28500 
4.05099 0.28600 
4.05278 0.28700 
4.05456 0.28800 
4.05631 0.28900 
4.05804 0.29000 
4.05975 0.29100 
4.06145 0.29200 
4.06312 0.29300 
4.06477 0.29400 
4.06641 0.29500 
4.06802 0.29600 
4.06962 0.29700 
4.07120 0.29800 
4.07276 0.29900 
4.07430 0.30000 
4.07583 0.30100 
4.07734 0.30200 
4.07883 0.30300 
4.08030 0.30400 
4.08176 0.30500 
4.08320 0.30600 
4.08462 0.30700 
4.08603 0.30800 
4.08742 0.30900 
4.08880 0.31000 
4.09016 0.31100 
4.09150 0.31200 
4.09283 0.31300 
4.09414 0.31400 
4.09544 0.31500 
4.09672 0.31600 
4.09799 0.31700 
4.09924 0.31800 
4.10048 0.31900 
4.10171 0.32000 
4.10292 0.32100 
4.10412 0.32200 
4.10530 0.32300 
4.10647 0.32400 
4.10763 0.32500 
4.10877 0.32600 
4.10990 0.32700 
4.11102 0.32800 
4.11212 0.32900 
4.11321 0.33000 
4.11429 0.33100 
4.11536 0.33200 
4.11641 0.33300 
4.11746 0.33400 
4.11849 0.33500 
4.11951 0.33600 
4.12051 0.33700 
4.12151 0.33800 
4.12249 0.33900 
4.12347 0.34000 
4.12443 0.34100 
4.12538 0.34200 
4.12632 0.34300 
4.12725 0.34400 
4.12817 0.34500 
4.12908 0.34600 
4.12997 0.34700 
4.13086 0.34800 
4.13174 0.34900 
4.13260 0.35000 
4.13346 0.35100 
4.13431 0.35200 
4.13515 0.35300 
4.13597 0.35400 
4.13679 0.35500 
4.13760 0.35600 
4.13840 0.35700 
4.13919 0.35800 
4.13998 0.35900 
4.14075 0.36000 
4.14151 0.36100 
4.14227 0.36200 
4.14301 0.36300 
4.14375 0.36400 
4.14448 0.36500 
4.14520 0.36600 
4.14591 0.36700 
4.14662 0.36800 
4.14732 0.36900 
4.14800 0.37000 
4.14868 0.37100 
4.14936 0.37200 
4.15002 0.37300 
4.15068 0.37400 
4.15133 0.37500 
4.15197 0.37600 
4.15261 0.37700 
4.15324 0.37800 
4.15386 0.37900 
4.15447 0.38000 
4.15508 0.38100 
4.15568 0.38200 
4.15627 0.38300 
4.15685 0.38400 
4.15743 0.38500 
4.15801 0.38600 
4.15857 0.38700 
4.15913 0.38800 
4.15969 0.38900 
4.16023 0.39000 
4.16077 0.39100 
4.16131 0.39200 
4.16183 0.39300 
4.16236 0.39400 
4.16287 0.39500 
4.16338 0.39600 
4.16389 0.39700 
4.16439 0.39800 
4.16488 0.39900 
4.16537 0.40000 
4.16585 0.40100 
4.16632 0.40200 
4.16679 0.40300 
4.16726 0.40400 
4.16772 0.40500 
4.16817 0.40600 
4.16862 0.40700 
4.16907 0.40800 
4.16951 0.40900 
4.16994 0.41000 
4.17037 0.41100 
4.17079 0.41200 
4.17121 0.41300 
4.17163 0.41400 
4.17204 0.41500 
4.17244 0.41600 
4.17284 0.41700 
4.17324 0.41800 
4.17363 0.41900 
4.17402 0.42000 
4.17440 0.42100 
4.17478 0.42200 
4.17515 0.42300 
4.17552 0.42400 
4.17589 0.42500 
4.17625 0.42600 
4.17660 0.42700 
4.17696 0.42800 
4.17730 0.42900 
4.17765 0.43000 
4.17799 0.43100 
4.17833 0.43200 
4.17866 0.43300 
4.17899 0.43400 
4.17931 0.43500 
4.17964 0.43600 
4.17995 0.43700 
4.18027 0.43800 
4.18058 0.43900 
4.18089 0.44000 
4.18119 0.44100 
4.18149 0.44200 
4.18179 0.44300 
4.18208 0.44400 
4.18237 0.44500 
4.18266 0.44600 
4.18294 0.44700 
4.18322 0.44800 
4.18350 0.44900 
4.18377 0.45000 
4.18404 0.45100 
4.18431 0.45200 
4.18457 0.45300 
4.18483 0.45400 
4.18509 0.45500 
4.18535 0.45600 
4.18560 0.45700 
4.18585 0.45800 
4.18610 0.45900 
4.18634 0.46000 
4.18658 0.46100 
4.18682 0.46200 
4.18705 0.46300 
4.18729 0.46400 
4.18752 0.46500 
4.18774 0.46600 
4.18797 0.46700 
4.18819 0.46800 
4.18841 0.46900 
4.18863 0.47000 
4.18884 0.47100 
4.18906 0.47200 
4.18927 0.47300 
4.18947 0.47400 
4.18968 0.47500 
4.18988 0.47600 
4.19008 0.47700 
4.19028 0.47800 
4.19048 0.47900 
4.19067 0.48000 
4.19086 0.48100 
4.19105 0.48200 
4.19124 0.48300 
4.19142 0.48400 
4.19161 0.48500 
4.19179 0.48600 
4.19197 0.48700 
4.19214 0.48800 
4.19232 0.48900 
4.19249 0.49000 
4.19266 0.49100 
4.19283 0.49200 
4.19300 0.49300 
4.19316 0.49400 
4.19333 0.49500 
4.19349 0.49600 
4.19365 0.49700 
4.19380 0.49800 
4.19396 0.49900 
4.19411 0.50000 
4.19427 0.50100 
4.19442 0.50200 
4.19457 0.50300 
4.19471 0.50400 
4.19486 0.50500 
4.19500 0.50600 
4.19515 0.50700 
4.19529 0.50800 
4.19542 0.50900 
4.19556 0.51000 
4.19570 0.51100 
4.19583 0.51200 
4.19596 0.51300 
4.19610 0.51400 
4.19623 0.51500 
4.19635 0.51600 
4.19648 0.51700 
4.19661 0.51800 
4.19673 0.51900 
4.19685 0.52000 
4.19697 0.52100 
4.19709 0.52200 
4.19721 0.52300 
4.19733 0.52400 
4.19744 0.52500 
4.19756 0.52600 
4.19767 0.52700 
4.19778 0.52800 
4.19789 0.52900 
4.19800 0.53000 
4.19811 0.53100 
4.19822 0.53200 
4.19832 0.53300 
4.19843 0.53400 
4.19853 0.53500 
4.19863 0.53600 
4.19873 0.53700 
4.19883 0.53800 
4.19893 0.53900 
4.19903 0.54000 
4.19912 0.54100 
4.19922 0.54200 
4.19931 0.54300 
4.19941 0.54400 
4.19950 0.54500 
4.19959 0.54600 
4.19968 0.54700 
4.19977 0.54800 
4.19986 0.54900 
4.19994 0.55000 
4.20003 0.55100 
4.20011 0.55200 
4.20020 0.55300 
4.20028 0.55400 
4.20036 0.55500 
4.20044 0.55600 
4.20052 0.55700 
4.20060 0.55800 
4.20068 0.55900 
4.20076 0.56000 
4.20083 0.56100 
4.20091 0.56200 
4.20098 0.56300 
4.20106 0.56400 
4.20113 0.56500 
4.20120 0.56600 
4.20128 0.56700 
4.20135 0.56800 
4.20142 0.56900 
4.20148 0.57000 
4.20155 0.57100 
4.20162 0.57200 
4.20169 0.57300 
4.20175 0.57400 
4.20182 0.57500 
4.20188 0.57600 
4.20195 0.57700 
4.20201 0.57800 
4.20207 0.57900 
4.20213 0.58000 
4.20219 0.58100 
4.20225 0.58200 
4.20231 0.58300 
4.20237 0.58400 
4.20243 0.58500 
4.20249 0.58600 
4.20254 0.58700 
4.20260 0.58800 
4.20266 0.58900 
4.20271 0.59000 
4.20277 0.59100 
4.20282 0.59200 
4.20287 0.59300 
4.20292 0.59400 
4.20298 0.59500 
4.20303 0.59600 
4.20308 0.59700 
4.20313 0.59800 
4.20318 0.59900 
4.20323 0.60000 
4.20327 0.60100 
4.20332 0.60200 
4.20337 0.60300 
4.20342 0.60400 
4.20346 0.60500 
4.20351 0.60600 
4.20355 0.60700 
4.20360 0.60800 
4.20364 0.60900 
4.20369 0.61000 
4.20373 0.61100 
4.20377 0.61200 
4.20381 0.61300 
4.20386 0.61400 
4.20390 0.61500 
4.20394 0.61600 
4.20398 0.61700 
4.20402 0.61800 
4.20406 0.61900 
4.20410 0.62000 
4.20413 0.62100 
4.20417 0.62200 
4.20421 0.62300 
4.20425 0.62400 
4.20428 0.62500 
4.20432 0.62600 
4.20436 0.62700 
4.20439 0.62800 
4.20443 0.62900 
4.20446 0.63000 
4.20449 0.63100 
4.20453 0.63200 
4.20456 0.63300 
4.20460 0.63400 
4.20463 0.63500 
4.20466 0.63600 
4.20469 0.63700 
4.20472 0.63800 
4.20476 0.63900 
4.20479 0.64000 
4.20482 0.64100 
4.20485 0.64200 
4.20488 0.64300 
4.20491 0.64400 
4.20494 0.64500 
4.20496 0.64600 
4.20499 0.64700 
4.20502 0.64800 
4.20505 0.64900 
4.20508 0.65000 
4.20510 0.65100 
4.20513 0.65200 
4.20516 0.65300 
4.20518 0.65400 
4.20521 0.65500 
4.20524 0.65600 
4.20526 0.65700 
4.20529 0.65800 
4.20531 0.65900 
4.20534 0.66000 
4.20536 0.66100 
4.20538 0.66200 
4.20541 0.66300 
4.20543 0.66400 
4.20545 0.66500 
4.20548 0.66600 
4.20550 0.66700 
4.20552 0.66800 
4.20554 0.66900 
4.20557 0.67000 
4.20559 0.67100 
4.20561 0.67200 
4.20563 0.67300 
4.20565 0.67400 
4.20567 0.67500 
4.20569 0.67600 
4.20571 0.67700 
4.20573 0.67800 
4.20575 0.67900 
4.20577 0.68000 
4.20579 0.68100 
4.20581 0.68200 
4.20583 0.68300 
4.20585 0.68400 
4.20587 0.68500 
4.20588 0.68600 
4.20590 0.68700 
4.20592 0.68800 
4.20594 0.68900 
4.20596 0.69000 
4.20597 0.69100 
4.20599 0.69200 
4.20601 0.69300 
4.20602 0.69400 
4.20604 0.69500 
4.20606 0.69600 
4.20607 0.69700 
4.20609 0.69800 
4.20610 0.69900 
4.20612 0.70000 
4.20613 0.70100 
4.20615 0.70200 
4.20616 0.70300 
4.20618 0.70400 
4.20619 0.70500 
4.20621 0.70600 
4.20622 0.70700 
4.20624 0.70800 
4.20625 0.70900 
4.20626 0.71000 
4.20628 0.71100 
4.20629 0.71200 
4.20631 0.71300 
4.20632 0.71400 
4.20633 0.71500 
4.20634 0.71600 
4.20636 0.71700 
4.20637 0.71800 
4.20638 0.71900 
4.20639 0.72000 
4.20641 0.72100 
4.20642 0.72200 
4.20643 0.72300 
4.20644 0.72400 
4.20645 0.72500 
4.20647 0.72600 
4.20648 0.72700 
4.20649 0.72800 
4.20650 0.72900 
4.20651 0.73000 
4.20652 0.73100 
4.20653 0.73200 
4.20654 0.73300 
4.20655 0.73400 
4.20656 0.73500 
4.20657 0.73600 
4.20658 0.73700 
4.20659 0.73800 
4.20660 0.73900 
4.20661 0.74000 
4.20662 0.74100 
4.20663 0.74200 
4.20664 0.74300 
4.20665 0.74400 
4.20666 0.74500 
4.20667 0.74600 
4.20668 0.74700 
4.20669 0.74800 
4.20670 0.74900 
4.20671 0.75000 
4.20671 0.75100 
4.20672 0.75200 
4.20673 0.75300 
4.20674 0.75400 
4.20675 0.75500 
4.20676 0.75600 
4.20676 0.75700 
4.20677 0.75800 
4.20678 0.75900 
4.20679 0.76000 
4.20680 0.76100 
4.20680 0.76200 
4.20681 0.76300 
4.20682 0.76400 
4.20683 0.76500 
4.20683 0.76600 
4.20684 0.76700 
4.20685 0.76800 
4.20685 0.76900 
4.20686 0.77000 
4.20687 0.77100 
4.20688 0.77200 
4.20688 0.77300 
4.20689 0.77400 
4.20690 0.77500 
4.20690 0.77600 
4.20691 0.77700 
4.20691 0.77800 
4.20692 0.77900 
4.20693 0.78000 
4.20693 0.78100 
4.20694 0.78200 
4.20694 0.78300 
4.20695 0.78400 
4.20696 0.78500 
4.20696 0.78600 
4.20697 0.78700 
4.20697 0.78800 
4.20698 0.78900 
4.20698 0.79000 
4.20699 0.79100 
4.20700 0.79200 
4.20700 0.79300 
4.20701 0.79400 
4.20701 0.79500 
4.20702 0.79600 
4.20702 0.79700 
4.20703 0.79800 
4.20703 0.79900 
4.20704 0.80000 
4.20704 0.80100 
4.20705 0.80200 
4.20705 0.80300 
4.20706 0.80400 
4.20706 0.80500 
4.20707 0.80600 
4.20707 0.80700 
4.20707 0.80800 
4.20708 0.80900 
4.20708 0.81000 
4.20709 0.81100 
4.20709 0.81200 
4.20710 0.81300 
4.20710 0.81400 
4.20710 0.81500 
4.20711 0.81600 
4.20711 0.81700 
4.20712 0.81800 
4.20712 0.81900 
4.20712 0.82000 
4.20713 0.82100 
4.20713 0.82200 
4.20714 0.82300 
4.20714 0.82400 
4.20714 0.82500 
4.20715 0.82600 
4.20715 0.82700 
4.20715 0.82800 
4.20716 0.82900 
4.20716 0.83000 
4.20716 0.83100 
4.20717 0.83200 
4.20717 0.83300 
4.20717 0.83400 
4.20718 0.83500 
4.20718 0.83600 
4.20718 0.83700 
4.20719 0.83800 
4.20719 0.83900 
4.20719 0.84000 
4.20720 0.84100 
4.20720 0.84200 
4.20720 0.84300 
4.20721 0.84400 
4.20721 0.84500 
4.20721 0.84600 
4.20721 0.84700 
4.20722 0.84800 
4.20722 0.84900 
4.20722 0.85000 
4.20723 0.85100 
4.20723 0.85200 
4.20723 0.85300 
4.20723 0.85400 
4.20724 0.85500 
4.20724 0.85600 
4.20724 0.85700 
4.20724 0.85800 
4.20725 0.85900 
4.20725 0.86000 
4.20725 0.86100 
4.20725 0.86200 
4.20726 0.86300 
4.20726 0.86400 
4.20726 0.86500 
4.20726 0.86600 
4.20727 0.86700 
4.20727 0.86800 
4.20727 0.86900 
4.20727 0.87000 
4.20727 0.87100 
4.20728 0.87200 
4.20728 0.87300 
4.20728 0.87400 
4.20728 0.87500 
4.20729 0.87600 
4.20729 0.87700 
4.20729 0.87800 
4.20729 0.87900 
4.20729 0.88000 
4.20730 0.88100 
4.20730 0.88200 
4.20730 0.88300 
4.20730 0.88400 
4.20730 0.88500 
4.20730 0.88600 
4.20731 0.88700 
4.20731 0.88800 
4.20731 0.88900 
4.20731 0.89000 
4.20731 0.89100 
4.20732 0.89200 
4.20732 0.89300 
4.20732 0.89400 
4.20732 0.89500 
4.20732 0.89600 
4.20732 0.89700 
4.20733 0.89800 
4.20733 0.89900 
4.20733 0.90000 
4.20733 0.90100 
4.20733 0.90200 
4.20733 0.90300 
4.20733 0.90400 
4.20734 0.90500 
4.20734 0.90600 
4.20734 0.90700 
4.20734 0.90800 
4.20734 0.90900 
4.20734 0.91000 
4.20734 0.91100 
4.20735 0.91200 
4.20735 0.91300 
4.20735 0.91400 
4.20735 0.91500 
4.20735 0.91600 
4.20735 0.91700 
4.20735 0.91800 
4.20735 0.91900 
4.20736 0.92000 
4.20736 0.92100 
4.20736 0.92200 
4.20736 0.92300 
4.20736 0.92400 
4.20736 0.92500 
4.20736 0.92600 
4.20736 0.92700 
4.20737 0.92800 
4.20737 0.92900 
4.20737 0.93000 
4.20737 0.93100 
4.20737 0.93200 
4.20737 0.93300 
4.20737 0.93400 
4.20737 0.93500 
4.20737 0.93600 
4.20738 0.93700 
4.20738 0.93800 
4.20738 0.93900 
4.20738 0.94000 
4.20738 0.94100 
4.20738 0.94200 
4.20738 0.94300 
4.20738 0.94400 
4.20738 0.94500 
4.20738 0.94600 
4.20738 0.94700 
4.20739 0.94800 
4.20739 0.94900 
4.20739 0.95000 
4.20739 0.95100 
4.20739 0.95200 
4.20739 0.95300 
4.20739 0.95400 
4.20739 0.95500 
4.20739 0.95600 
4.20739 0.95700 
4.20739 0.95800 
4.20740 0.95900 
4.20740 0.96000 
4.20740 0.96100 
4.20740 0.96200 
4.20740 0.96300 
4.20740 0.96400 
4.20740 0.96500 
4.20740 0.96600 
4.20740 0.96700 
4.20740 0.96800 
4.20740 0.96900 
4.20740 0.97000 
4.20740 0.97100 
4.20740 0.97200 
4.20741 0.97300 
4.20741 0.97400 
4.20741 0.97500 
4.20741 0.97600 
4.20741 0.97700 
4.20741 0.97800 
4.20741 0.97900 
4.20741 0.98000 
4.20741 0.98100 
4.20741 0.98200 
4.20741 0.98300 
4.20741 0.98400 
4.20741 0.98500 
4.20741 0.98600 
4.20741 0.98700 
4.20741 0.98800 
4.20742 0.98900 
4.20742 0.99000 
4.20742 0.99100 
4.20742 0.99200 
4.20742 0.99300 
4.20742 0.99400 
4.20742 0.99500 
4.20742 0.99600 
4.20742 0.99700 
4.20742 0.99800 
4.20742 0.99900 
4.20742 1.00000 
4.20742 1.00100 
4.20742 1.00200 
4.20742 1.00300 
4.20742 1.00400 
4.20742 1.00500 
4.20742 1.00600 
4.20742 1.00700 
4.20742 1.00800 
4.20743 1.00900 
4.20743 1.01000 
4.20743 1.01100 
4.20743 1.01200 
4.20743 1.01300 
4.20743 1.01400 
4.20743 1.01500 
4.20743 1.01600 
4.20743 1.01700 
4.20743 1.01800 
4.20743 1.01900 
4.20743 1.02000 
4.20743 1.02100 
4.20743 1.02200 
4.20743 1.02300 
4.20743 1.02400 
4.20743 1.02500 
4.20743 1.02600 
4.20743 1.02700 
4.20743 1.02800 
4.20743 1.02900 
4.20743 1.03000 
4.20743 1.03100 
4.20743 1.03200 
4.20743 1.03300 
4.20743 1.03400 
4.20744 1.03500 
4.20744 1.03600 
4.20744 1.03700 
4.20744 1.03800 
4.20744 1.03900 
4.20744 1.04000 
4.20744 1.04100 
4.20744 1.04200 
4.20744 1.04300 
4.20744 1.04400 
4.20744 1.04500 
4.20744 1.04600 
4.20744 1.04700 
4.20744 1.04800 
4.20744 1.04900 
4.20744 1.05000 
4.20744 1.05100 
4.20744 1.05200 
4.20744 1.05300 
4.20744 1.05400 
4.20744 1.05500 
4.20744 1.05600 
4.20744 1.05700 
4.20744 1.05800 
4.20744 1.05900 
4.20744 1.06000 
4.20744 1.06100 
4.20744 1.06200 
4.20744 1.06300 
4.20744 1.06400 
4.20744 1.06500 
4.20744 1.06600 
4.20744 1.06700 
4.20744 1.06800 
4.20744 1.06900 
4.20744 1.07000 
4.20744 1.07100 
4.20745 1.07200 
4.20745 1.07300 
4.20745 1.07400 
4.20745 1.07500 
4.20745 1.07600 
4.20745 1.07700 
4.20745 1.07800 
4.20745 1.07900 
4.20745 1.08000 
4.20745 1.08100 
4.20745 1.08200 
4.20745 1.08300 
4.20745 1.08400 
4.20745 1.08500 
4.20745 1.08600 
4.20745 1.08700 
4.20745 1.08800 
4.20745 1.08900 
4.20745 1.09000 
4.20745 1.09100 
4.20745 1.09200 
4.20745 1.09300 
4.20745 1.09400 
4.20745 1.09500 
4.20745 1.09600 
4.20745 1.09700 
4.20745 1.09800 
4.20745 1.09900 
4.20745 1.10000 
4.20745 1.10100 
4.20745 1.10200 
4.20745 1.10300 
4.20745 1.10400 
4.20745 1.10500 
4.20745 1.10600 
4.20745 1.10700 
4.20745 1.10800 
4.20745 1.10900 
4.20745 1.11000 
4.20745 1.11100 
4.20745 1.11200 
4.20745 1.11300 
4.20745 1.11400 
4.20745 1.11500 
4.20745 1.11600 
4.20745 1.11700 
4.20745 1.11800 
4.20745 1.11900 
4.20745 1.12000 
4.20745 1.12100 
4.20745 1.12200 
4.20745 1.12300 
4.20745 1.12400 
4.20745 1.12500 
4.20745 1.12600 
4.20745 1.12700 
4.20745 1.12800 
4.20745 1.12900 
4.20745 1.13000 
4.20745 1.13100 
4.20745 1.13200 
4.20745 1.13300 
4.20745 1.13400 
4.20745 1.13500 
4.20745 1.13600 
4.20745 1.13700 
4.20746 1.13800 
4.20746 1.13900 
4.20746 1.14000 
4.20746 1.14100 
4.20746 1.14200 
4.20746 1.14300 
4.20746 1.14400 
4.20746 1.14500 
4.20746 1.14600 
4.20746 1.14700 
4.20746 1.14800 
4.20746 1.14900 
4.20746 1.15000 
4.20746 1.15100 
4.20746 1.15200 
4.20746 1.15300 
4.20746 1.15400 
4.20746 1.15500 
4.20746 1.15600 
4.20746 1.15700 
4.20746 1.15800 
4.20746 1.15900 
4.20746 1.16000 
4.20746 1.16100 
4.20746 1.16200 
4.20746 1.16300 
4.20746 1.16400 
4.20746 1.16500 
4.20746 1.16600 
4.20746 1.16700 
4.20746 1.16800 
4.20746 1.16900 
4.20746 1.17000 
4.20746 1.17100 
4.20746 1.17200 
4.20746 1.17300 
4.20746 1.17400 
4.20746 1.17500 
4.20746 1.17600 
4.20746 1.17700 
4.20746 1.17800 
4.20746 1.17900 
4.20746 1.18000 
4.20746 1.18100 
4.20746 1.18200 
4.20746 1.18300 
4.20746 1.18400 
4.20746 1.18500 
4.20746 1.18600 
4.20746 1.18700 
4.20746 1.18800 
4.20746 1.18900 
4.20746 1.19000 
4.20746 1.19100 
4.20746 1.19200 
4.20746 1.19300 
4.20746 1.19400 
4.20746 1.19500 
4.20746 1.19600 
4.20746 1.19700 
4.20746 1.19800 
4.20746 1.19900 
4.20746 1.20000 
4.20746 1.20100 
4.20746 1.20200 
4.20746 1.20300 
4.20746 1.20400 
4.20746 1.20500 
4.20746 1.20600 
4.20746 1.20700 
4.20746 1.20800 
4.20746 1.20900 
4.20746 1.21000 
4.20746 1.21100 
4.20746 1.21200 
4.20746 1.21300 
4.20746 1.21400 
4.20746 1.21500 
4.20746 1.21600 
4.20746 1.21700 
4.20746 1.21800 
4.20746 1.21900 
4.20746 1.22000 
4.20746 1.22100 
4.20746 1.22200 
4.20746 1.22300 
4.20746 1.22400 
4.20746 1.22500 
4.20746 1.22600 
4.20746 1.22700 
4.20746 1.22800 
4.20746 1.22900 
4.20746 1.23000 
4.20746 1.23100 
4.20746 1.23200 
4.20746 1.23300 
4.20746 1.23400 
4.20746 1.23500 
4.20746 1.23600 
4.20746 1.23700 
4.20746 1.23800 
4.20746 1.23900 
4.20746 1.24000 
4.20746 1.24100 
4.20746 1.24200 
4.20746 1.24300 
4.20746 1.24400 
4.20746 1.24500 
4.20746 1.24600 
4.20746 1.24700 
4.20746 1.24800 
4.20746 1.24900 
4.20746 1.25000 
4.20746 1.25100 
4.20746 1.25200 
4.20746 1.25300 
4.20746 1.25400 
4.20746 1.25500 
4.20746 1.25600 
4.20746 1.25700 
4.20746 1.25800 
4.20746 1.25900 
4.20746 1.26000 
4.20746 1.26100 
4.20746 1.26200 
4.20746 1.26300 
4.20746 1.26400 
4.20746 1.26500 
4.20746 1.26600 
4.20746 1.26700 
4.20746 1.26800 
4.20746 1.26900 
4.20746 1.27000 
4.20746 1.27100 
4.20746 1.27200 
4.20746 1.27300 
4.20746 1.27400 
4.20746 1.27500 
4.20746 1.27600 
4.20746 1.27700 
4.20746 1.27800 
4.20746 1.27900 
4.20746 1.28000 
4.20746 1.28100 
4.20746 1.28200 
4.20746 1.28300 
4.20746 1.28400 
4.20746 1.28500 
4.20746 1.28600 
4.20746 1.28700 
4.20746 1.28800 
4.20746 1.28900 
4.20746 1.29000 
4.20746 1.29100 
4.20746 1.29200 
4.20746 1.29300 
4.20746 1.29400 
4.20746 1.29500 
4.20746 1.29600 
4.20746 1.29700 
4.20746 1.29800 
4.20746 1.29900 
4.20746 1.30000 
4.20746 1.30100 
4.20746 1.30200 
4.20746 1.30300 
4.20746 1.30400 
4.20746 1.30500 
4.20746 1.30600 
4.20746 1.30700 
4.20746 1.30800 
4.20746 1.30900 
4.20746 1.31000 
4.20746 1.31100 
4.20746 1.31200 
4.20746 1.31300 
4.20746 1.31400 
4.20746 1.31500 
4.20746 1.31600 
4.20746 1.31700 
4.20746 1.31800 
4.20746 1.31900 
4.20746 1.32000 
4.20746 1.32100 
4.20746 1.32200 
4.20746 1.32300 
4.20746 1.32400 
4.20746 1.32500 
4.20746 1.32600 
4.20746 1.32700 
4.20746 1.32800 
4.20746 1.32900 
4.20746 1.33000 
4.20746 1.33100 
4.20746 1.33200 
4.20746 1.33300 
4.20746 1.33400 
4.20746 1.33500 
4.20746 1.33600 
4.20746 1.33700 
4.20746 1.33800 
4.20746 1.33900 
4.20746 1.34000 
4.20746 1.34100 
4.20746 1.34200 
4.20746 1.34300 
4.20746 1.34400 
4.20746 1.34500 
4.20746 1.34600 
4.20746 1.34700 
4.20746 1.34800 
4.20746 1.34900 
4.20746 1.35000 
4.20746 1.35100 
4.20746 1.35200 
4.20746 1.35300 
4.20746 1.35400 
4.20746 1.35500 
4.20746 1.35600 
4.20746 1.35700 
4.20746 1.35800 
4.20746 1.35900 
4.20746 1.36000 
4.20746 1.36100 
4.20746 1.36200 
4.20746 1.36300 
4.20746 1.36400 
4.20746 1.36500 
4.20746 1.36600 
4.20746 1.36700 
4.20746 1.36800 
4.20746 1.36900 
4.20746 1.37000 
4.20746 1.37100 
4.20746 1.37200 
4.20746 1.37300 
4.20746 1.37400 
4.20746 1.37500 
4.20746 1.37600 
4.20746 1.37700 
4.20746 1.37800 
4.20746 1.37900 
4.20746 1.38000 
4.20746 1.38100 
4.20746 1.38200 
4.20746 1.38300 
4.20746 1.38400 
4.20746 1.38500 
4.20746 1.38600 
4.20746 1.38700 
4.20746 1.38800 
4.20746 1.38900 
4.20746 1.39000 
4.20746 1.39100 
4.20746 1.39200 
4.20746 1.39300 
4.20746 1.39400 
4.20746 1.39500 
4.20746 1.39600 
4.20746 1.39700 
4.20746 1.39800 
4.20746 1.39900 
4.20746 1.40000 
4.20746 1.40100 
4.20746 1.40200 
4.20746 1.40300 
4.20746 1.40400 
4.20746 1.40500 
4.20746 1.40600 
4.20746 1.40700 
4.20746 1.40800 
4.20746 1.40900 
4.20746 1.41000 
4.20746 1.41100 
4.20746 1.41200 
4.20746 1.41300 
4.20746 1.41400 
4.20746 1.41500 
4.20746 1.41600 
4.20746 1.41700 
4.20746 1.41800 
4.20746 1.41900 
4.20746 1.42000 
4.20746 1.42100 
4.20746 1.42200 
4.20746 1.42300 
4.20746 1.42400 
4.20746 1.42500 
4.20746 1.42600 
4.20746 1.42700 
4.20746 1.42800 
4.20746 1.42900 
4.20746 1.43000 
4.20746 1.43100 
4.20746 1.43200 
4.20746 1.43300 
4.20746 1.43400 
4.20746 1.43500 
4.20746 1.43600 
4.20746 1.43700 
4.20746 1.43800 
4.20746 1.43900 
4.20746 1.44000 
4.20746 1.44100 
4.20746 1.44200 
4.20746 1.44300 
4.20746 1.44400 
4.20746 1.44500 
4.20746 1.44600 
4.20746 1.44700 
4.20746 1.44800 
4.20746 1.44900 
4.20746 1.45000 
4.20746 1.45100 
4.20746 1.45200 
4.20746 1.45300 
4.20746 1.45400 
4.20746 1.45500 
4.20746 1.45600 
4.20746 1.45700 
4.20746 1.45800 
4.20746 1.45900 
4.20746 1.46000 
4.20746 1.46100 
4.20746 1.46200 
4.20746 1.46300 
4.20746 1.46400 
4.20746 1.46500 
4.20746 1.46600 
4.20746 1.46700 
4.20746 1.46800 
4.20746 1.46900 
4.20746 1.47000 
4.20746 1.47100 
4.20746 1.47200 
4.20746 1.47300 
4.20746 1.47400 
4.20746 1.47500 
4.20746 1.47600 
4.20746 1.47700 
4.20746 1.47800 
4.20746 1.47900 
4.20746 1.48000 
4.20746 1.48100 
4.20746 1.48200 
4.20746 1.48300 
4.20746 1.48400 
4.20746 1.48500 
4.20746 1.48600 
4.20746 1.48700 
4.20746 1.48800 
4.20746 1.48900 
4.20746 1.49000 
4.20746 1.49100 
4.20746 1.49200 
4.20746 1.49300 
4.20746 1.49400 
4.20746 1.49500 
4.20746 1.49600 
4.20746 1.49700 
4.20746 1.49800 
4.20746 1.49900 
4.20746 1.50000 
4.20746 1.50100 
4.20746 1.50200 
4.20746 1.50300 
4.20746 1.50400 
4.20746 1.50500 
4.20746 1.50600 
4.20746 1.50700 
4.20746 1.50800 
4.20746 1.50900 
4.20746 1.51000 
4.20746 1.51100 
4.20746 1.51200 
4.20746 1.51300 
4.20746 1.51400 
4.20746 1.51500 
4.20746 1.51600 
4.20746 1.51700 
4.20746 1.51800 
4.20746 1.51900 
4.20746 1.52000 
4.20746 1.52100 
4.20746 1.52200 
4.20746 1.52300 
4.20746 1.52400 
4.20746 1.52500 
4.20746 1.52600 
4.20746 1.52700 
4.20746 1.52800 
4.20746 1.52900 
4.20746 1.53000 
4.20746 1.53100 
4.20746 1.53200 
4.20746 1.53300 
4.20746 1.53400 
4.20746 1.53500 
4.20746 1.53600 
4.20746 1.53700 
4.20746 1.53800 
4.20746 1.53900 
4.20746 1.54000 
4.20746 1.54100 
4.20746 1.54200 
4.20746 1.54300 
4.20746 1.54400 
4.20746 1.54500 
4.20746 1.54600 
4.20746 1.54700 
4.20746 1.54800 
4.20746 1.54900 
4.20746 1.55000 
4.20746 1.55100 
4.20746 1.55200 
4.20746 1.55300 
4.20746 1.55400 
4.20746 1.55500 
4.20746 1.55600 
4.20746 1.55700 
4.20746 1.55800 
4.20746 1.55900 
4.20746 1.56000 
4.20746 1.56100 
4.20746 1.56200 
4.20746 1.56300 
4.20746 1.56400 
4.20746 1.56500 
4.20746 1.56600 
4.20746 1.56700 
4.20746 1.56800 
4.20746 1.56900 
4.20746 1.57000 
4.20746 1.57100 
4.20746 1.57200 
4.20746 1.57300 
4.20746 1.57400 
4.20746 1.57500 
4.20746 1.57600 
4.20746 1.57700 
4.20746 1.57800 
4.20746 1.57900 
4.20746 1.58000 
4.20746 1.58100 
4.20746 1.58200 
4.20746 1.58300 
4.20746 1.58400 
4.20746 1.58500 
4.20746 1.58600 
4.20746 1.58700 
4.20746 1.58800 
4.20746 1.58900 
4.20746 1.59000 
4.20746 1.59100 
4.20746 1.59200 
4.20746 1.59300 
4.20746 1.59400 
4.20746 1.59500 
4.20746 1.59600 
4.20746 1.59700 
4.20746 1.59800 
4.20746 1.59900 
4.20746 1.60000 
4.20746 1.60100 
4.20746 1.60200 
4.20746 1.60300 
4.20746 1.60400 
4.20746 1.60500 
4.20746 1.60600 
4.20746 1.60700 
4.20746 1.60800 
4.20746 1.60900 
4.20746 1.61000 
4.20746 1.61100 
4.20746 1.61200 
4.20746 1.61300 
4.20746 1.61400 
4.20746 1.61500 
4.20746 1.61600 
4.20746 1.61700 
4.20746 1.61800 
4.20746 1.61900 
4.20746 1.62000 
4.20746 1.62100 
4.20746 1.62200 
4.20746 1.62300 
4.20746 1.62400 
4.20746 1.62500 
4.20746 1.62600 
4.20746 1.62700 
4.20746 1.62800 
4.20746 1.62900 
4.20746 1.63000 
4.20746 1.63100 
4.20746 1.63200 
4.20746 1.63300 
4.20746 1.63400 
4.20746 1.63500 
4.20746 1.63600 
4.20746 1.63700 
4.20746 1.63800 
4.20746 1.63900 
4.20746 1.64000 
4.20746 1.64100 
4.20746 1.64200 
4.20746 1.64300 
4.20746 1.64400 
4.20746 1.64500 
4.20746 1.64600 
4.20746 1.64700 
4.20746 1.64800 
4.20746 1.64900 
4.20746 1.65000 
4.20746 1.65100 
4.20746 1.65200 
4.20746 1.65300 
4.20746 1.65400 
4.20746 1.65500 
4.20746 1.65600 
4.20746 1.65700 
4.20746 1.65800 
4.20746 1.65900 
4.20746 1.66000 
4.20746 1.66100 
4.20746 1.66200 
4.20746 1.66300 
4.20746 1.66400 
4.20746 1.66500 
4.20746 1.66600 
4.20746 1.66700 
4.20746 1.66800 
4.20746 1.66900 
4.20746 1.67000 
4.20746 1.67100 
4.20746 1.67200 
4.20746 1.67300 
4.20746 1.67400 
4.20746 1.67500 
4.20746 1.67600 
4.20746 1.67700 
4.20746 1.67800 
4.20746 1.67900 
4.20746 1.68000 
4.20746 1.68100 
4.20746 1.68200 
4.20746 1.68300 
4.20746 1.68400 
4.20746 1.68500 
4.20746 1.68600 
4.20746 1.68700 
4.20746 1.68800 
4.20746 1.68900 
4.20746 1.69000 
4.20746 1.69100 
4.20746 1.69200 
4.20746 1.69300 
4.20746 1.69400 
4.20746 1.69500 
4.20746 1.69600 
4.20746 1.69700 
4.20746 1.69800 
4.20746 1.69900 
4.20746 1.70000 
4.20746 1.70100 
4.20746 1.70200 
4.20746 1.70300 
4.20746 1.70400 
4.20746 1.70500 
4.20746 1.70600 
4.20746 1.70700 
4.20746 1.70800 
4.20746 1.70900 
4.20746 1.71000 
4.20746 1.71100 
4.20746 1.71200 
4.20746 1.71300 
4.20746 1.71400 
4.20746 1.71500 
4.20746 1.71600 
4.20746 1.71700 
4.20746 1.71800 
4.20746 1.71900 
4.20746 1.72000 
4.20746 1.72100 
4.20746 1.72200 
4.20746 1.72300 
4.20746 1.72400 
4.20746 1.72500 
4.20746 1.72600 
4.20746 1.72700 
4.20746 1.72800 
4.20746 1.72900 
4.20746 1.73000 
4.20746 1.73100 
4.20746 1.73200 
4.20746 1.73300 
4.20746 1.73400 
4.20746 1.73500 
4.20746 1.73600 
4.20746 1.73700 
4.20746 1.73800 
4.20746 1.73900 
4.20746 1.74000 
4.20746 1.74100 
4.20746 1.74200 
4.20746 1.74300 
4.20746 1.74400 
4.20746 1.74500 
4.20746 1.74600 
4.20746 1.74700 
4.20746 1.74800 
4.20746 1.74900 
4.20746 1.75000 
4.20746 1.75100 
4.20746 1.75200 
4.20746 1.75300 
4.20746 1.75400 
4.20746 1.75500 
4.20746 1.75600 
4.20746 1.75700 
4.20746 1.75800 
4.20746 1.75900 
4.20746 1.76000 
4.20746 1.76100 
4.20746 1.76200 
4.20746 1.76300 
4.20746 1.76400 
4.20746 1.76500 
4.20746 1.76600 
4.20746 1.76700 
4.20746 1.76800 
4.20746 1.76900 
4.20746 1.77000 
4.20746 1.77100 
4.20746 1.77200 
4.20746 1.77300 
4.20746 1.77400 
4.20746 1.77500 
4.20746 1.77600 
4.20746 1.77700 
4.20746 1.77800 
4.20746 1.77900 
4.20746 1.78000 
4.20746 1.78100 
4.20746 1.78200 
4.20746 1.78300 
4.20746 1.78400 
4.20746 1.78500 
4.20746 1.78600 
4.20746 1.78700 
4.20746 1.78800 
4.20746 1.78900 
4.20746 1.79000 
4.20746 1.79100 
4.20746 1.79200 
4.20746 1.79300 
4.20746 1.79400 
4.20746 1.79500 
4.20746 1.79600 
4.20746 1.79700 
4.20746 1.79800 
4.20746 1.79900 
4.20746 1.80000 
4.20746 1.80100 
4.20746 1.80200 
4.20746 1.80300 
4.20746 1.80400 
4.20746 1.80500 
4.20746 1.80600 
4.20746 1.80700 
4.20746 1.80800 
4.20746 1.80900 
4.20746 1.81000 
4.20746 1.81100 
4.20746 1.81200 
4.20746 1.81300 
4.20746 1.81400 
4.20746 1.81500 
4.20746 1.81600 
4.20746 1.81700 
4.20746 1.81800 
4.20746 1.81900 
4.20746 1.82000 
4.20746 1.82100 
4.20746 1.82200 
4.20746 1.82300 
4.20746 1.82400 
4.20746 1.82500 
4.20746 1.82600 
4.20746 1.82700 
4.20746 1.82800 
4.20746 1.82900 
4.20746 1.83000 
4.20746 1.83100 
4.20746 1.83200 
4.20746 1.83300 
4.20746 1.83400 
4.20746 1.83500 
4.20746 1.83600 
4.20746 1.83700 
4.20746 1.83800 
4.20746 1.83900 
4.20746 1.84000 
4.20746 1.84100 
4.20746 1.84200 
4.20746 1.84300 
4.20746 1.84400 
4.20746 1.84500 
4.20746 1.84600 
4.20746 1.84700 
4.20746 1.84800 
4.20746 1.84900 
4.20746 1.85000 
4.20746 1.85100 
4.20746 1.85200 
4.20746 1.85300 
4.20746 1.85400 
4.20746 1.85500 
4.20746 1.85600 
4.20746 1.85700 
4.20746 1.85800 
4.20746 1.85900 
4.20746 1.86000 
4.20746 1.86100 
4.20746 1.86200 
4.20746 1.86300 
4.20746 1.86400 
4.20746 1.86500 
4.20746 1.86600 
4.20746 1.86700 
4.20746 1.86800 
4.20746 1.86900 
4.20746 1.87000 
4.20746 1.87100 
4.20746 1.87200 
4.20746 1.87300 
4.20746 1.87400 
4.20746 1.87500 
4.20746 1.87600 
4.20746 1.87700 
4.20746 1.87800 
4.20746 1.87900 
4.20746 1.88000 
4.20746 1.88100 
4.20746 1.88200 
4.20746 1.88300 
4.20746 1.88400 
4.20746 1.88500 
4.20746 1.88600 
4.20746 1.88700 
4.20746 1.88800 
4.20746 1.88900 
4.20746 1.89000 
4.20746 1.89100 
4.20746 1.89200 
4.20746 1.89300 
4.20746 1.89400 
4.20746 1.89500 
4.20746 1.89600 
4.20746 1.89700 
4.20746 1.89800 
4.20746 1.89900 
4.20746 1.90000 
4.20746 1.90100 
4.20746 1.90200 
4.20746 1.90300 
4.20746 1.90400 
4.20746 1.90500 
4.20746 1.90600 
4.20746 1.90700 
4.20746 1.90800 
4.20746 1.90900 
4.20746 1.91000 
4.20746 1.91100 
4.20746 1.91200 
4.20746 1.91300 
4.20746 1.91400 
4.20746 1.91500 
4.20746 1.91600 
4.20746 1.91700 
4.20746 1.91800 
4.20746 1.91900 
4.20746 1.92000 
4.20746 1.92100 
4.20746 1.92200 
4.20746 1.92300 
4.20746 1.92400 
4.20746 1.92500 
4.20746 1.92600 
4.20746 1.92700 
4.20746 1.92800 
4.20746 1.92900 
4.20746 1.93000 
4.20746 1.93100 
4.20746 1.93200 
4.20746 1.93300 
4.20746 1.93400 
4.20746 1.93500 
4.20746 1.93600 
4.20746 1.93700 
4.20746 1.93800 
4.20746 1.93900 
4.20746 1.94000 
4.20746 1.94100 
4.20746 1.94200 
4.20746 1.94300 
4.20746 1.94400 
4.20746 1.94500 
4.20746 1.94600 
4.20746 1.94700 
4.20746 1.94800 
4.20746 1.94900 
4.20746 1.95000 
4.20746 1.95100 
4.20746 1.95200 
4.20746 1.95300 
4.20746 1.95400 
4.20746 1.95500 
4.20746 1.95600 
4.20746 1.95700 
4.20746 1.95800 
4.20746 1.95900 
4.20746 1.96000 
4.20746 1.96100 
4.20746 1.96200 
4.20746 1.96300 
4.20746 1.96400 
4.20746 1.96500 
4.20746 1.96600 
4.20746 1.96700 
4.20746 1.96800 
4.20746 1.96900 
4.20746 1.97000 
4.20746 1.97100 
4.20746 1.97200 
4.20746 1.97300 
4.20746 1.97400 
4.20746 1.97500 
4.20746 1.97600 
4.20746 1.97700 
4.20746 1.97800 
4.20746 1.97900 
4.20746 1.98000 
4.20746 1.98100 
4.20746 1.98200 
4.20746 1.98300 
4.20746 1.98400 
4.20746 1.98500 
4.20746 1.98600 
4.20746 1.98700 
4.20746 1.98800 
4.20746 1.98900 
4.20746 1.99000 
4.20746 1.99100 
4.20746 1.99200 
4.20746 1.99300 
4.20746 1.99400 
4.20746 1.99500 
4.20746 1.99600 
4.20746 1.99700 
4.20746 1.99800 
4.20746 1.99900 
4.20746 2.00000 
4.20746 2.00100 
4.20746 2.00200 
4.20746 2.00300 
4.20746 2.00400 
4.20746 2.00500 
4.20746 2.00600 
4.20746 2.00700 
4.20746 2.00800 
4.20746 2.00900 
4.20746 2.01000 
4.20746 2.01100 
4.20746 2.01200 
4.20746 2.01300 
4.20746 2.01400 
4.20746 2.01500 
4.20746 2.01600 
4.20746 2.01700 
4.20746 2.01800 
4.20746 2.01900 
4.20746 2.02000 
4.20746 2.02100 
4.20746 2.02200 
4.20746 2.02300 
4.20746 2.02400 
4.20746 2.02500 
4.20746 2.02600 
4.20746 2.02700 
4.20746 2.02800 
4.20746 2.02900 
4.20746 2.03000 
4.20746 2.03100 
4.20746 2.03200 
4.20746 2.03300 
4.20746 2.03400 
4.20746 2.03500 
4.20746 2.03600 
4.20746 2.03700 
4.20746 2.03800 
4.20746 2.03900 
4.20746 2.04000 
4.20746 2.04100 
4.20746 2.04200 
4.20746 2.04300 
4.20746 2.04400 
4.20746 2.04500 
4.20746 2.04600 
4.20746 2.04700 
4.20746 2.04800 
4.20746 2.04900 
4.20746 2.05000 
4.20746 2.05100 
4.20746 2.05200 
4.20746 2.05300 
4.20746 2.05400 
4.20746 2.05500 
4.20746 2.05600 
4.20746 2.05700 
4.20746 2.05800 
4.20746 2.05900 
4.20746 2.06000 
4.20746 2.06100 
4.20746 2.06200 
4.20746 2.06300 
4.20746 2.06400 
4.20746 2.06500 
4.20746 2.06600 
4.20746 2.06700 
4.20746 2.06800 
4.20746 2.06900 
4.20746 2.07000 
4.20746 2.07100 
4.20746 2.07200 
4.20746 2.07300 
4.20746 2.07400 
4.20746 2.07500 
4.20746 2.07600 
4.20746 2.07700 
4.20746 2.07800 
4.20746 2.07900 
4.20746 2.08000 
4.20746 2.08100 
4.20746 2.08200 
4.20746 2.08300 
4.20746 2.08400 
4.20746 2.08500 
4.20746 2.08600 
4.20746 2.08700 
4.20746 2.08800 
4.20746 2.08900 
4.20746 2.09000 
4.20746 2.09100 
4.20746 2.09200 
4.20746 2.09300 
4.20746 2.09400 
4.20746 2.09500 
4.20746 2.09600 
4.20746 2.09700 
4.20746 2.09800 
4.20746 2.09900 
4.20746 2.10000 
4.20746 2.10100 
4.20746 2.10200 
4.20746 2.10300 
4.20746 2.10400 
4.20746 2.10500 
4.20746 2.10600 
4.20746 2.10700 
4.20746 2.10800 
4.20746 2.10900 
4.20746 2.11000 
4.20746 2.11100 
4.20746 2.11200 
4.20746 2.11300 
4.20746 2.11400 
4.20746 2.11500 
4.20746 2.11600 
4.20746 2.11700 
4.20746 2.11800 
4.20746 2.11900 
4.20746 2.12000 
4.20746 2.12100 
4.20746 2.12200 
4.20746 2.12300 
4.20746 2.12400 
4.20746 2.12500 
4.20746 2.12600 
4.20746 2.12700 
4.20746 2.12800 
4.20746 2.12900 
4.20746 2.13000 
4.20746 2.13100 
4.20746 2.13200 
4.20746 2.13300 
4.20746 2.13400 
4.20746 2.13500 
4.20746 2.13600 
4.20746 2.13700 
4.20746 2.13800 
4.20746 2.13900 
4.20746 2.14000 
4.20746 2.14100 
4.20746 2.14200 
4.20746 2.14300 
4.20746 2.14400 
4.20746 2.14500 
4.20746 2.14600 
4.20746 2.14700 
4.20746 2.14800 
4.20746 2.14900 
4.20746 2.15000 
4.20746 2.15100 
4.20746 2.15200 
4.20746 2.15300 
4.20746 2.15400 
4.20746 2.15500 
4.20746 2.15600 
4.20746 2.15700 
4.20746 2.15800 
4.20746 2.15900 
4.20746 2.16000 
4.20746 2.16100 
4.20746 2.16200 
4.20746 2.16300 
4.20746 2.16400 
4.20746 2.16500 
4.20746 2.16600 
4.20746 2.16700 
4.20746 2.16800 
4.20746 2.16900 
4.20746 2.17000 
4.20746 2.17100 
4.20746 2.17200 
4.20746 2.17300 
4.20746 2.17400 
4.20746 2.17500 
4.20746 2.17600 
4.20746 2.17700 
4.20746 2.17800 
4.20746 2.17900 
4.20746 2.18000 
4.20746 2.18100 
4.20746 2.18200 
4.20746 2.18300 
4.20746 2.18400 
4.20746 2.18500 
4.20746 2.18600 
4.20746 2.18700 
4.20746 2.18800 
4.20746 2.18900 
4.20746 2.19000 
4.20746 2.19100 
4.20746 2.19200 
4.20746 2.19300 
4.20746 2.19400 
4.20746 2.19500 
4.20746 2.19600 
4.20746 2.19700 
4.20746 2.19800 
4.20746 2.19900 
4.20746 2.20000 
4.20746 2.20100 
4.20746 2.20200 
4.20746 2.20300 
4.20746 2.20400 
4.20746 2.20500 
4.20746 2.20600 
4.20746 2.20700 
4.20746 2.20800 
4.20746 2.20900 
4.20746 2.21000 
4.20746 2.21100 
4.20746 2.21200 
4.20746 2.21300 
4.20746 2.21400 
4.20746 2.21500 
4.20746 2.21600 
4.20746 2.21700 
4.20746 2.21800 
4.20746 2.21900 
4.20746 2.22000 
4.20746 2.22100 
4.20746 2.22200 
4.20746 2.22300 
4.20746 2.22400 
4.20746 2.22500 
4.20746 2.22600 
4.20746 2.22700 
4.20746 2.22800 
4.20746 2.22900 
4.20746 2.23000 
4.20746 2.23100 
4.20746 2.23200 
4.20746 2.23300 
4.20746 2.23400 
4.20746 2.23500 
4.20746 2.23600 
4.20746 2.23700 
4.20746 2.23800 
4.20746 2.23900 
4.20746 2.24000 
4.20746 2.24100 
4.20746 2.24200 
4.20746 2.24300 
4.20746 2.24400 
4.20746 2.24500 
4.20746 2.24600 
4.20746 2.24700 
4.20746 2.24800 
4.20746 2.24900 
4.20746 2.25000 
4.20746 2.25100 
4.20746 2.25200 
4.20746 2.25300 
4.20746 2.25400 
4.20746 2.25500 
4.20746 2.25600 
4.20746 2.25700 
4.20746 2.25800 
4.20746 2.25900 
4.20746 2.26000 
4.20746 2.26100 
4.20746 2.26200 
4.20746 2.26300 
4.20746 2.26400 
4.20746 2.26500 
4.20746 2.26600 
4.20746 2.26700 
4.20746 2.26800 
4.20746 2.26900 
4.20746 2.27000 
4.20746 2.27100 
4.20746 2.27200 
4.20746 2.27300 
4.20746 2.27400 
4.20746 2.27500 
4.20746 2.27600 
4.20746 2.27700 
4.20746 2.27800 
4.20746 2.27900 
4.20746 2.28000 
4.20746 2.28100 
4.20746 2.28200 
4.20746 2.28300 
4.20746 2.28400 
4.20746 2.28500 
4.20746 2.28600 
4.20746 2.28700 
4.20746 2.28800 
4.20746 2.28900 
4.20746 2.29000 
4.20746 2.29100 
4.20746 2.29200 
4.20746 2.29300 
4.20746 2.29400 
4.20746 2.29500 
4.20746 2.29600 
4.20746 2.29700 
4.20746 2.29800 
4.20746 2.29900 
4.20746 2.30000 
4.20746 2.30100 
4.20746 2.30200 
4.20746 2.30300 
4.20746 2.30400 
4.20746 2.30500 
4.20746 2.30600 
4.20746 2.30700 
4.20746 2.30800 
4.20746 2.30900 
4.20746 2.31000 
4.20746 2.31100 
4.20746 2.31200 
4.20746 2.31300 
4.20746 2.31400 
4.20746 2.31500 
4.20746 2.31600 
4.20746 2.31700 
4.20746 2.31800 
4.20746 2.31900 
4.20746 2.32000 
4.20746 2.32100 
4.20746 2.32200 
4.20746 2.32300 
4.20746 2.32400 
4.20746 2.32500 
4.20746 2.32600 
4.20746 2.32700 
4.20746 2.32800 
4.20746 2.32900 
4.20746 2.33000 
4.20746 2.33100 
4.20746 2.33200 
4.20746 2.33300 
4.20746 2.33400 
4.20746 2.33500 
4.20746 2.33600 
4.20746 2.33700 
4.20746 2.33800 
4.20746 2.33900 
4.20746 2.34000 
4.20746 2.34100 
4.20746 2.34200 
4.20746 2.34300 
4.20746 2.34400 
4.20746 2.34500 
4.20746 2.34600 
4.20746 2.34700 
4.20746 2.34800 
4.20746 2.34900 
4.20746 2.35000 
4.20746 2.35100 
4.20746 2.35200 
4.20746 2.35300 
4.20746 2.35400 
4.20746 2.35500 
4.20746 2.35600 
4.20746 2.35700 
4.20746 2.35800 
4.20746 2.35900 
4.20746 2.36000 
4.20746 2.36100 
4.20746 2.36200 
4.20746 2.36300 
4.20746 2.36400 
4.20746 2.36500 
4.20746 2.36600 
4.20746 2.36700 
4.20746 2.36800 
4.20746 2.36900 
4.20746 2.37000 
4.20746 2.37100 
4.20746 2.37200 
4.20746 2.37300 
4.20746 2.37400 
4.20746 2.37500 
4.20746 2.37600 
4.20746 2.37700 
4.20746 2.37800 
4.20746 2.37900 
4.20746 2.38000 
4.20746 2.38100 
4.20746 2.38200 
4.20746 2.38300 
4.20746 2.38400 
4.20746 2.38500 
4.20746 2.38600 
4.20746 2.38700 
4.20746 2.38800 
4.20746 2.38900 
4.20746 2.39000 
4.20746 2.39100 
4.20746 2.39200 
4.20746 2.39300 
4.20746 2.39400 
4.20746 2.39500 
4.20746 2.39600 
4.20746 2.39700 
4.20746 2.39800 
4.20746 2.39900 
4.20746 2.40000 
4.20746 2.40100 
4.20746 2.40200 
4.20746 2.40300 
4.20746 2.40400 
4.20746 2.40500 
4.20746 2.40600 
4.20746 2.40700 
4.20746 2.40800 
4.20746 2.40900 
4.20746 2.41000 
4.20746 2.41100 
4.20746 2.41200 
4.20746 2.41300 
4.20746 2.41400 
4.20746 2.41500 
4.20746 2.41600 
4.20746 2.41700 
4.20746 2.41800 
4.20746 2.41900 
4.20746 2.42000 
4.20746 2.42100 
4.20746 2.42200 
4.20746 2.42300 
4.20746 2.42400 
4.20746 2.42500 
4.20746 2.42600 
4.20746 2.42700 
4.20746 2.42800 
4.20746 2.42900 
4.20746 2.43000 
4.20746 2.43100 
4.20746 2.43200 
4.20746 2.43300 
4.20746 2.43400 
4.20746 2.43500 
4.20746 2.43600 
4.20746 2.43700 
4.20746 2.43800 
4.20746 2.43900 
4.20746 2.44000 
4.20746 2.44100 
4.20746 2.44200 
4.20746 2.44300 
4.20746 2.44400 
4.20746 2.44500 
4.20746 2.44600 
4.20746 2.44700 
4.20746 2.44800 
4.20746 2.44900 
4.20746 2.45000 
4.20746 2.45100 
4.20746 2.45200 
4.20746 2.45300 
4.20746 2.45400 
4.20746 2.45500 
4.20746 2.45600 
4.20746 2.45700 
4.20746 2.45800 
4.20746 2.45900 
4.20746 2.46000 
4.20746 2.46100 
4.20746 2.46200 
4.20746 2.46300 
4.20746 2.46400 
4.20746 2.46500 
4.20746 2.46600 
4.20746 2.46700 
4.20746 2.46800 
4.20746 2.46900 
4.20746 2.47000 
4.20746 2.47100 
4.20746 2.47200 
4.20746 2.47300 
4.20746 2.47400 
4.20746 2.47500 
4.20746 2.47600 
4.20746 2.47700 
4.20746 2.47800 
4.20746 2.47900 
4.20746 2.48000 
4.20746 2.48100 
4.20746 2.48200 
4.20746 2.48300 
4.20746 2.48400 
4.20746 2.48500 
4.20746 2.48600 
4.20746 2.48700 
4.20746 2.48800 
4.20746 2.48900 
4.20746 2.49000 
4.20746 2.49100 
4.20746 2.49200 
4.20746 2.49300 
4.20746 2.49400 
4.20746 2.49500 
4.20746 2.49600 
4.20746 2.49700 
4.20746 2.49800 
4.20746 2.49900 
4.20746 2.50000 
4.20746 2.50100 
4.20746 2.50200 
4.20746 2.50300 
4.20746 2.50400 
4.20746 2.50500 
4.20746 2.50600 
4.20746 2.50700 
4.20746 2.50800 
4.20746 2.50900 
4.20746 2.51000 
4.20746 2.51100 
4.20746 2.51200 
4.20746 2.51300 
4.20746 2.51400 
4.20746 2.51500 
4.20746 2.51600 
4.20746 2.51700 
4.20746 2.51800 
4.20746 2.51900 
4.20746 2.52000 
4.20746 2.52100 
4.20746 2.52200 
4.20746 2.52300 
4.20746 2.52400 
4.20746 2.52500 
4.20746 2.52600 
4.20746 2.52700 
4.20746 2.52800 
4.20746 2.52900 
4.20746 2.53000 
4.20746 2.53100 
4.20746 2.53200 
4.20746 2.53300 
4.20746 2.53400 
4.20746 2.53500 
4.20746 2.53600 
4.20746 2.53700 
4.20746 2.53800 
4.20746 2.53900 
4.20746 2.54000 
4.20746 2.54100 
4.20746 2.54200 
4.20746 2.54300 
4.20746 2.54400 
4.20746 2.54500 
4.20746 2.54600 
4.20746 2.54700 
4.20746 2.54800 
4.20746 2.54900 
4.20746 2.55000 
4.20746 2.55100 
4.20746 2.55200 
4.20746 2.55300 
4.20746 2.55400 
4.20746 2.55500 
4.20746 2.55600 
4.20746 2.55700 
4.20746 2.55800 
4.20746 2.55900 
4.20746 2.56000 
4.20746 2.56100 
4.20746 2.56200 
4.20746 2.56300 
4.20746 2.56400 
4.20746 2.56500 
4.20746 2.56600 
4.20746 2.56700 
4.20746 2.56800 
4.20746 2.56900 
4.20746 2.57000 
4.20746 2.57100 
4.20746 2.57200 
4.20746 2.57300 
4.20746 2.57400 
4.20746 2.57500 
4.20746 2.57600 
4.20746 2.57700 
4.20746 2.57800 
4.20746 2.57900 
4.20746 2.58000 
4.20746 2.58100 
4.20746 2.58200 
4.20746 2.58300 
4.20746 2.58400 
4.20746 2.58500 
4.20746 2.58600 
4.20746 2.58700 
4.20746 2.58800 
4.20746 2.58900 
4.20746 2.59000 
4.20746 2.59100 
4.20746 2.59200 
4.20746 2.59300 
4.20746 2.59400 
4.20746 2.59500 
4.20746 2.59600 
4.20746 2.59700 
4.20746 2.59800 
4.20746 2.59900 
4.20746 2.60000 
4.20746 2.60100 
4.20746 2.60200 
4.20746 2.60300 
4.20746 2.60400 
4.20746 2.60500 
4.20746 2.60600 
4.20746 2.60700 
4.20746 2.60800 
4.20746 2.60900 
4.20746 2.61000 
4.20746 2.61100 
4.20746 2.61200 
4.20746 2.61300 
4.20746 2.61400 
4.20746 2.61500 
4.20746 2.61600 
4.20746 2.61700 
4.20746 2.61800 
4.20746 2.61900 
4.20746 2.62000 
4.20746 2.62100 
4.20746 2.62200 
4.20746 2.62300 
4.20746 2.62400 
4.20746 2.62500 
4.20746 2.62600 
4.20746 2.62700 
4.20746 2.62800 
4.20746 2.62900 
4.20746 2.63000 
4.20746 2.63100 
4.20746 2.63200 
4.20746 2.63300 
4.20746 2.63400 
4.20746 2.63500 
4.20746 2.63600 
4.20746 2.63700 
4.20746 2.63800 
4.20746 2.63900 
4.20746 2.64000 
4.20746 2.64100 
4.20746 2.64200 
4.20746 2.64300 
4.20746 2.64400 
4.20746 2.64500 
4.20746 2.64600 
4.20746 2.64700 
4.20746 2.64800 
4.20746 2.64900 
4.20746 2.65000 
4.20746 2.65100 
4.20746 2.65200 
4.20746 2.65300 
4.20746 2.65400 
4.20746 2.65500 
4.20746 2.65600 
4.20746 2.65700 
4.20746 2.65800 
4.20746 2.65900 
4.20746 2.66000 
4.20746 2.66100 
4.20746 2.66200 
4.20746 2.66300 
4.20746 2.66400 
4.20746 2.66500 
4.20746 2.66600 
4.20746 2.66700 
4.20746 2.66800 
4.20746 2.66900 
4.20746 2.67000 
4.20746 2.67100 
4.20746 2.67200 
4.20746 2.67300 
4.20746 2.67400 
4.20746 2.67500 
4.20746 2.67600 
4.20746 2.67700 
4.20746 2.67800 
4.20746 2.67900 
4.20746 2.68000 
4.20746 2.68100 
4.20746 2.68200 
4.20746 2.68300 
4.20746 2.68400 
4.20746 2.68500 
4.20746 2.68600 
4.20746 2.68700 
4.20746 2.68800 
4.20746 2.68900 
4.20746 2.69000 
4.20746 2.69100 
4.20746 2.69200 
4.20746 2.69300 
4.20746 2.69400 
4.20746 2.69500 
4.20746 2.69600 
4.20746 2.69700 
4.20746 2.69800 
4.20746 2.69900 
4.20746 2.70000 
4.20746 2.70100 
4.20746 2.70200 
4.20746 2.70300 
4.20746 2.70400 
4.20746 2.70500 
4.20746 2.70600 
4.20746 2.70700 
4.20746 2.70800 
4.20746 2.70900 
4.20746 2.71000 
4.20746 2.71100 
4.20746 2.71200 
4.20746 2.71300 
4.20746 2.71400 
4.20746 2.71500 
4.20746 2.71600 
4.20746 2.71700 
4.20746 2.71800 
4.20746 2.71900 
4.20746 2.72000 
4.20746 2.72100 
4.20746 2.72200 
4.20746 2.72300 
4.20746 2.72400 
4.20746 2.72500 
4.20746 2.72600 
4.20746 2.72700 
4.20746 2.72800 
4.20746 2.72900 
4.20746 2.73000 
4.20746 2.73100 
4.20746 2.73200 
4.20746 2.73300 
4.20746 2.73400 
4.20746 2.73500 
4.20746 2.73600 
4.20746 2.73700 
4.20746 2.73800 
4.20746 2.73900 
4.20746 2.74000 
4.20746 2.74100 
4.20746 2.74200 
4.20746 2.74300 
4.20746 2.74400 
4.20746 2.74500 
4.20746 2.74600 
4.20746 2.74700 
4.20746 2.74800 
4.20746 2.74900 
4.20746 2.75000 
4.20746 2.75100 
4.20746 2.75200 
4.20746 2.75300 
4.20746 2.75400 
4.20746 2.75500 
4.20746 2.75600 
4.20746 2.75700 
4.20746 2.75800 
4.20746 2.75900 
4.20746 2.76000 
4.20746 2.76100 
4.20746 2.76200 
4.20746 2.76300 
4.20746 2.76400 
4.20746 2.76500 
4.20746 2.76600 
4.20746 2.76700 
4.20746 2.76800 
4.20746 2.76900 
4.20746 2.77000 
4.20746 2.77100 
4.20746 2.77200 
4.20746 2.77300 
4.20746 2.77400 
4.20746 2.77500 
4.20746 2.77600 
4.20746 2.77700 
4.20746 2.77800 
4.20746 2.77900 
4.20746 2.78000 
4.20746 2.78100 
4.20746 2.78200 
4.20746 2.78300 
4.20746 2.78400 
4.20746 2.78500 
4.20746 2.78600 
4.20746 2.78700 
4.20746 2.78800 
4.20746 2.78900 
4.20746 2.79000 
4.20746 2.79100 
4.20746 2.79200 
4.20746 2.79300 
4.20746 2.79400 
4.20746 2.79500 
4.20746 2.79600 
4.20746 2.79700 
4.20746 2.79800 
4.20746 2.79900 
4.20746 2.80000 
4.20746 2.80100 
4.20746 2.80200 
4.20746 2.80300 
4.20746 2.80400 
4.20746 2.80500 
4.20746 2.80600 
4.20746 2.80700 
4.20746 2.80800 
4.20746 2.80900 
4.20746 2.81000 
4.20746 2.81100 
4.20746 2.81200 
4.20746 2.81300 
4.20746 2.81400 
4.20746 2.81500 
4.20746 2.81600 
4.20746 2.81700 
4.20746 2.81800 
4.20746 2.81900 
4.20746 2.82000 
4.20746 2.82100 
4.20746 2.82200 
4.20746 2.82300 
4.20746 2.82400 
4.20746 2.82500 
4.20746 2.82600 
4.20746 2.82700 
4.20746 2.82800 
4.20746 2.82900 
4.20746 2.83000 
4.20746 2.83100 
4.20746 2.83200 
4.20746 2.83300 
4.20746 2.83400 
4.20746 2.83500 
4.20746 2.83600 
4.20746 2.83700 
4.20746 2.83800 
4.20746 2.83900 
4.20746 2.84000 
4.20746 2.84100 
4.20746 2.84200 
4.20746 2.84300 
4.20746 2.84400 
4.20746 2.84500 
4.20746 2.84600 
4.20746 2.84700 
4.20746 2.84800 
4.20746 2.84900 
4.20746 2.85000 
4.20746 2.85100 
4.20746 2.85200 
4.20746 2.85300 
4.20746 2.85400 
4.20746 2.85500 
4.20746 2.85600 
4.20746 2.85700 
4.20746 2.85800 
4.20746 2.85900 
4.20746 2.86000 
4.20746 2.86100 
4.20746 2.86200 
4.20746 2.86300 
4.20746 2.86400 
4.20746 2.86500 
4.20746 2.86600 
4.20746 2.86700 
4.20746 2.86800 
4.20746 2.86900 
4.20746 2.87000 
4.20746 2.87100 
4.20746 2.87200 
4.20746 2.87300 
4.20746 2.87400 
4.20746 2.87500 
4.20746 2.87600 
4.20746 2.87700 
4.20746 2.87800 
4.20746 2.87900 
4.20746 2.88000 
4.20746 2.88100 
4.20746 2.88200 
4.20746 2.88300 
4.20746 2.88400 
4.20746 2.88500 
4.20746 2.88600 
4.20746 2.88700 
4.20746 2.88800 
4.20746 2.88900 
4.20746 2.89000 
4.20746 2.89100 
4.20746 2.89200 
4.20746 2.89300 
4.20746 2.89400 
4.20746 2.89500 
4.20746 2.89600 
4.20746 2.89700 
4.20746 2.89800 
4.20746 2.89900 
4.20746 2.90000 
4.20746 2.90100 
4.20746 2.90200 
4.20746 2.90300 
4.20746 2.90400 
4.20746 2.90500 
4.20746 2.90600 
4.20746 2.90700 
4.20746 2.90800 
4.20746 2.90900 
4.20746 2.91000 
4.20746 2.91100 
4.20746 2.91200 
4.20746 2.91300 
4.20746 2.91400 
4.20746 2.91500 
4.20746 2.91600 
4.20746 2.91700 
4.20746 2.91800 
4.20746 2.91900 
4.20746 2.92000 
4.20746 2.92100 
4.20746 2.92200 
4.20746 2.92300 
4.20746 2.92400 
4.20746 2.92500 
4.20746 2.92600 
4.20746 2.92700 
4.20746 2.92800 
4.20746 2.92900 
4.20746 2.93000 
4.20746 2.93100 
4.20746 2.93200 
4.20746 2.93300 
4.20746 2.93400 
4.20746 2.93500 
4.20746 2.93600 
4.20746 2.93700 
4.20746 2.93800 
4.20746 2.93900 
4.20746 2.94000 
4.20746 2.94100 
4.20746 2.94200 
4.20746 2.94300 
4.20746 2.94400 
4.20746 2.94500 
4.20746 2.94600 
4.20746 2.94700 
4.20746 2.94800 
4.20746 2.94900 
4.20746 2.95000 
4.20746 2.95100 
4.20746 2.95200 
4.20746 2.95300 
4.20746 2.95400 
4.20746 2.95500 
4.20746 2.95600 
4.20746 2.95700 
4.20746 2.95800 
4.20746 2.95900 
4.20746 2.96000 
4.20746 2.96100 
4.20746 2.96200 
4.20746 2.96300 
4.20746 2.96400 
4.20746 2.96500 
4.20746 2.96600 
4.20746 2.96700 
4.20746 2.96800 
4.20746 2.96900 
4.20746 2.97000 
4.20746 2.97100 
4.20746 2.97200 
4.20746 2.97300 
4.20746 2.97400 
4.20746 2.97500 
4.20746 2.97600 
4.20746 2.97700 
4.20746 2.97800 
4.20746 2.97900 
4.20746 2.98000 
4.20746 2.98100 
4.20746 2.98200 
4.20746 2.98300 
4.20746 2.98400 
4.20746 2.98500 
4.20746 2.98600 
4.20746 2.98700 
4.20746 2.98800 
4.20746 2.98900 
4.20746 2.99000 
4.20746 2.99100 
4.20746 2.99200 
4.20746 2.99300 
4.20746 2.99400 
4.20746 2.99500 
4.20746 2.99600 
4.20746 2.99700 
4.20746 2.99800 
4.20746 2.99900 
4.20746 3.00000 
4.20746 3.00100 
4.20746 3.00200 
4.20746 3.00300 
4.20746 3.00400 
4.20746 3.00500 
4.20746 3.00600 
4.20746 3.00700 
4.20746 3.00800 
4.20746 3.00900 
4.20746 3.01000 
4.20746 3.01100 
4.20746 3.01200 
4.20746 3.01300 
4.20746 3.01400 
4.20746 3.01500 
4.20746 3.01600 
4.20746 3.01700 
4.20746 3.01800 
4.20746 3.01900 
4.20746 3.02000 
4.20746 3.02100 
4.20746 3.02200 
4.20746 3.02300 
4.20746 3.02400 
4.20746 3.02500 
4.20746 3.02600 
4.20746 3.02700 
4.20746 3.02800 
4.20746 3.02900 
4.20746 3.03000 
4.20746 3.03100 
4.20746 3.03200 
4.20746 3.03300 
4.20746 3.03400 
4.20746 3.03500 
4.20746 3.03600 
4.20746 3.03700 
4.20746 3.03800 
4.20746 3.03900 
4.20746 3.04000 
4.20746 3.04100 
4.20746 3.04200 
4.20746 3.04300 
4.20746 3.04400 
4.20746 3.04500 
4.20746 3.04600 
4.20746 3.04700 
4.20746 3.04800 
4.20746 3.04900 
4.20746 3.05000 
4.20746 3.05100 
4.20746 3.05200 
4.20746 3.05300 
4.20746 3.05400 
4.20746 3.05500 
4.20746 3.05600 
4.20746 3.05700 
4.20746 3.05800 
4.20746 3.05900 
4.20746 3.06000 
4.20746 3.06100 
4.20746 3.06200 
4.20746 3.06300 
4.20746 3.06400 
4.20746 3.06500 
4.20746 3.06600 
4.20746 3.06700 
4.20746 3.06800 
4.20746 3.06900 
4.20746 3.07000 
4.20746 3.07100 
4.20746 3.07200 
4.20746 3.07300 
4.20746 3.07400 
4.20746 3.07500 
4.20746 3.07600 
4.20746 3.07700 
4.20746 3.07800 
4.20746 3.07900 
4.20746 3.08000 
4.20746 3.08100 
4.20746 3.08200 
4.20746 3.08300 
4.20746 3.08400 
4.20746 3.08500 
4.20746 3.08600 
4.20746 3.08700 
4.20746 3.08800 
4.20746 3.08900 
4.20746 3.09000 
4.20746 3.09100 
4.20746 3.09200 
4.20746 3.09300 
4.20746 3.09400 
4.20746 3.09500 
4.20746 3.09600 
4.20746 3.09700 
4.20746 3.09800 
4.20746 3.09900 
4.20746 3.10000 
4.20746 3.10100 
4.20746 3.10200 
4.20746 3.10300 
4.20746 3.10400 
4.20746 3.10500 
4.20746 3.10600 
4.20746 3.10700 
4.20746 3.10800 
4.20746 3.10900 
4.20746 3.11000 
4.20746 3.11100 
4.20746 3.11200 
4.20746 3.11300 
4.20746 3.11400 
4.20746 3.11500 
4.20746 3.11600 
4.20746 3.11700 
4.20746 3.11800 
4.20746 3.11900 
4.20746 3.12000 
4.20746 3.12100 
4.20746 3.12200 
4.20746 3.12300 
4.20746 3.12400 
4.20746 3.12500 
4.20746 3.12600 
4.20746 3.12700 
4.20746 3.12800 
4.20746 3.12900 
4.20746 3.13000 
4.20746 3.13100 
4.20746 3.13200 
4.20746 3.13300 
4.20746 3.13400 
4.20746 3.13500 
4.20746 3.13600 
4.20746 3.13700 
4.20746 3.13800 
4.20746 3.13900 
4.20746 3.14000 
4.20746 3.14100 
4.20746 3.14200 
4.20746 3.14300 
4.20746 3.14400 
4.20746 3.14500 
4.20746 3.14600 
4.20746 3.14700 
4.20746 3.14800 
4.20746 3.14900 
4.20746 3.15000 
4.20746 3.15100 
4.20746 3.15200 
4.20746 3.15300 
4.20746 3.15400 
4.20746 3.15500 
4.20746 3.15600 
4.20746 3.15700 
4.20746 3.15800 
4.20746 3.15900 
4.20746 3.16000 
4.20746 3.16100 
4.20746 3.16200 
4.20746 3.16300 
4.20746 3.16400 
4.20746 3.16500 
4.20746 3.16600 
4.20746 3.16700 
4.20746 3.16800 
4.20746 3.16900 
4.20746 3.17000 
4.20746 3.17100 
4.20746 3.17200 
4.20746 3.17300 
4.20746 3.17400 
4.20746 3.17500 
4.20746 3.17600 
4.20746 3.17700 
4.20746 3.17800 
4.20746 3.17900 
4.20746 3.18000 
4.20746 3.18100 
4.20746 3.18200 
4.20746 3.18300 
4.20746 3.18400 
4.20746 3.18500 
4.20746 3.18600 
4.20746 3.18700 
4.20746 3.18800 
4.20746 3.18900 
4.20746 3.19000 
4.20746 3.19100 
4.20746 3.19200 
4.20746 3.19300 
4.20746 3.19400 
4.20746 3.19500 
4.20746 3.19600 
4.20746 3.19700 
4.20746 3.19800 
4.20746 3.19900 
4.20746 3.20000 
4.20746 3.20100 
4.20746 3.20200 
4.20746 3.20300 
4.20746 3.20400 
4.20746 3.20500 
4.20746 3.20600 
4.20746 3.20700 
4.20746 3.20800 
4.20746 3.20900 
4.20746 3.21000 
4.20746 3.21100 
4.20746 3.21200 
4.20746 3.21300 
4.20746 3.21400 
4.20746 3.21500 
4.20746 3.21600 
4.20746 3.21700 
4.20746 3.21800 
4.20746 3.21900 
4.20746 3.22000 
4.20746 3.22100 
4.20746 3.22200 
4.20746 3.22300 
4.20746 3.22400 
4.20746 3.22500 
4.20746 3.22600 
4.20746 3.22700 
4.20746 3.22800 
4.20746 3.22900 
4.20746 3.23000 
4.20746 3.23100 
4.20746 3.23200 
4.20746 3.23300 
4.20746 3.23400 
4.20746 3.23500 
4.20746 3.23600 
4.20746 3.23700 
4.20746 3.23800 
4.20746 3.23900 
4.20746 3.24000 
4.20746 3.24100 
4.20746 3.24200 
4.20746 3.24300 
4.20746 3.24400 
4.20746 3.24500 
4.20746 3.24600 
4.20746 3.24700 
4.20746 3.24800 
4.20746 3.24900 
4.20746 3.25000 
4.20746 3.25100 
4.20746 3.25200 
4.20746 3.25300 
4.20746 3.25400 
4.20746 3.25500 
4.20746 3.25600 
4.20746 3.25700 
4.20746 3.25800 
4.20746 3.25900 
4.20746 3.26000 
4.20746 3.26100 
4.20746 3.26200 
4.20746 3.26300 
4.20746 3.26400 
4.20746 3.26500 
4.20746 3.26600 
4.20746 3.26700 
4.20746 3.26800 
4.20746 3.26900 
4.20746 3.27000 
4.20746 3.27100 
4.20746 3.27200 
4.20746 3.27300 
4.20746 3.27400 
4.20746 3.27500 
4.20746 3.27600 
4.20746 3.27700 
4.20746 3.27800 
4.20746 3.27900 
4.20746 3.28000 
4.20746 3.28100 
4.20746 3.28200 
4.20746 3.28300 
4.20746 3.28400 
4.20746 3.28500 
4.20746 3.28600 
4.20746 3.28700 
4.20746 3.28800 
4.20746 3.28900 
4.20746 3.29000 
4.20746 3.29100 
4.20746 3.29200 
4.20746 3.29300 
4.20746 3.29400 
4.20746 3.29500 
4.20746 3.29600 
4.20746 3.29700 
4.20746 3.29800 
4.20746 3.29900 
4.20746 3.30000 
4.20746 3.30100 
4.20746 3.30200 
4.20746 3.30300 
4.20746 3.30400 
4.20746 3.30500 
4.20746 3.30600 
4.20746 3.30700 
4.20746 3.30800 
4.20746 3.30900 
4.20746 3.31000 
4.20746 3.31100 
4.20746 3.31200 
4.20746 3.31300 
4.20746 3.31400 
4.20746 3.31500 
4.20746 3.31600 
4.20746 3.31700 
4.20746 3.31800 
4.20746 3.31900 
4.20746 3.32000 
4.20746 3.32100 
4.20746 3.32200 
4.20746 3.32300 
4.20746 3.32400 
4.20746 3.32500 
4.20746 3.32600 
4.20746 3.32700 
4.20746 3.32800 
4.20746 3.32900 
4.20746 3.33000 
4.20746 3.33100 
4.20746 3.33200 
4.20746 3.33300 
4.20746 3.33400 
4.20746 3.33500 
4.20746 3.33600 
4.20746 3.33700 
4.20746 3.33800 
4.20746 3.33900 
4.20746 3.34000 
4.20746 3.34100 
4.20746 3.34200 
4.20746 3.34300 
4.20746 3.34400 
4.20746 3.34500 
4.20746 3.34600 
4.20746 3.34700 
4.20746 3.34800 
4.20746 3.34900 
4.20746 3.35000 
4.20746 3.35100 
4.20746 3.35200 
4.20746 3.35300 
4.20746 3.35400 
4.20746 3.35500 
4.20746 3.35600 
4.20746 3.35700 
4.20746 3.35800 
4.20746 3.35900 
4.20746 3.36000 
4.20746 3.36100 
4.20746 3.36200 
4.20746 3.36300 
4.20746 3.36400 
4.20746 3.36500 
4.20746 3.36600 
4.20746 3.36700 
4.20746 3.36800 
4.20746 3.36900 
4.20746 3.37000 
4.20746 3.37100 
4.20746 3.37200 
4.20746 3.37300 
4.20746 3.37400 
4.20746 3.37500 
4.20746 3.37600 
4.20746 3.37700 
4.20746 3.37800 
4.20746 3.37900 
4.20746 3.38000 
4.20746 3.38100 
4.20746 3.38200 
4.20746 3.38300 
4.20746 3.38400 
4.20746 3.38500 
4.20746 3.38600 
4.20746 3.38700 
4.20746 3.38800 
4.20746 3.38900 
4.20746 3.39000 
4.20746 3.39100 
4.20746 3.39200 
4.20746 3.39300 
4.20746 3.39400 
4.20746 3.39500 
4.20746 3.39600 
4.20746 3.39700 
4.20746 3.39800 
4.20746 3.39900 
4.20746 3.40000 
4.20746 3.40100 
4.20746 3.40200 
4.20746 3.40300 
4.20746 3.40400 
4.20746 3.40500 
4.20746 3.40600 
4.20746 3.40700 
4.20746 3.40800 
4.20746 3.40900 
4.20746 3.41000 
4.20746 3.41100 
4.20746 3.41200 
4.20746 3.41300 
4.20746 3.41400 
4.20746 3.41500 
4.20746 3.41600 
4.20746 3.41700 
4.20746 3.41800 
4.20746 3.41900 
4.20746 3.42000 
4.20746 3.42100 
4.20746 3.42200 
4.20746 3.42300 
4.20746 3.42400 
4.20746 3.42500 
4.20746 3.42600 
4.20746 3.42700 
4.20746 3.42800 
4.20746 3.42900 
4.20746 3.43000 
4.20746 3.43100 
4.20746 3.43200 
4.20746 3.43300 
4.20746 3.43400 
4.20746 3.43500 
4.20746 3.43600 
4.20746 3.43700 
4.20746 3.43800 
4.20746 3.43900 
4.20746 3.44000 
4.20746 3.44100 
4.20746 3.44200 
4.20746 3.44300 
4.20746 3.44400 
4.20746 3.44500 
4.20746 3.44600 
4.20746 3.44700 
4.20746 3.44800 
4.20746 3.44900 
4.20746 3.45000 
4.20746 3.45100 
4.20746 3.45200 
4.20746 3.45300 
4.20746 3.45400 
4.20746 3.45500 
4.20746 3.45600 
4.20746 3.45700 
4.20746 3.45800 
4.20746 3.45900 
4.20746 3.46000 
4.20746 3.46100 
4.20746 3.46200 
4.20746 3.46300 
4.20746 3.46400 
4.20746 3.46500 
4.20746 3.46600 
4.20746 3.46700 
4.20746 3.46800 
4.20746 3.46900 
4.20746 3.47000 
4.20746 3.47100 
4.20746 3.47200 
4.20746 3.47300 
4.20746 3.47400 
4.20746 3.47500 
4.20746 3.47600 
4.20746 3.47700 
4.20746 3.47800 
4.20746 3.47900 
4.20746 3.48000 
4.20746 3.48100 
4.20746 3.48200 
4.20746 3.48300 
4.20746 3.48400 
4.20746 3.48500 
4.20746 3.48600 
4.20746 3.48700 
4.20746 3.48800 
4.20746 3.48900 
4.20746 3.49000 
4.20746 3.49100 
4.20746 3.49200 
4.20746 3.49300 
4.20746 3.49400 
4.20746 3.49500 
4.20746 3.49600 
4.20746 3.49700 
4.20746 3.49800 
4.20746 3.49900 
4.20746 3.50000 
4.20746 3.50100 
4.20746 3.50200 
4.20746 3.50300 
4.20746 3.50400 
4.20746 3.50500 
4.20746 3.50600 
4.20746 3.50700 
4.20746 3.50800 
4.20746 3.50900 
4.20746 3.51000 
4.20746 3.51100 
4.20746 3.51200 
4.20746 3.51300 
4.20746 3.51400 
4.20746 3.51500 
4.20746 3.51600 
4.20746 3.51700 
4.20746 3.51800 
4.20746 3.51900 
4.20746 3.52000 
4.20746 3.52100 
4.20746 3.52200 
4.20746 3.52300 
4.20746 3.52400 
4.20746 3.52500 
4.20746 3.52600 
4.20746 3.52700 
4.20746 3.52800 
4.20746 3.52900 
4.20746 3.53000 
4.20746 3.53100 
4.20746 3.53200 
4.20746 3.53300 
4.20746 3.53400 
4.20746 3.53500 
4.20746 3.53600 
4.20746 3.53700 
4.20746 3.53800 
4.20746 3.53900 
4.20746 3.54000 
4.20746 3.54100 
4.20746 3.54200 
4.20746 3.54300 
4.20746 3.54400 
4.20746 3.54500 
4.20746 3.54600 
4.20746 3.54700 
4.20746 3.54800 
4.20746 3.54900 
4.20746 3.55000 
4.20746 3.55100 
4.20746 3.55200 
4.20746 3.55300 
4.20746 3.55400 
4.20746 3.55500 
4.20746 3.55600 
4.20746 3.55700 
4.20746 3.55800 
4.20746 3.55900 
4.20746 3.56000 
4.20746 3.56100 
4.20746 3.56200 
4.20746 3.56300 
4.20746 3.56400 
4.20746 3.56500 
4.20746 3.56600 
4.20746 3.56700 
4.20746 3.56800 
4.20746 3.56900 
4.20746 3.57000 
4.20746 3.57100 
4.20746 3.57200 
4.20746 3.57300 
4.20746 3.57400 
4.20746 3.57500 
4.20746 3.57600 
4.20746 3.57700 
4.20746 3.57800 
4.20746 3.57900 
4.20746 3.58000 
4.20746 3.58100 
4.20746 3.58200 
4.20746 3.58300 
4.20746 3.58400 
4.20746 3.58500 
4.20746 3.58600 
4.20746 3.58700 
4.20746 3.58800 
4.20746 3.58900 
4.20746 3.59000 
4.20746 3.59100 
4.20746 3.59200 
4.20746 3.59300 
4.20746 3.59400 
4.20746 3.59500 
4.20746 3.59600 
4.20746 3.59700 
4.20746 3.59800 
4.20746 3.59900 
4.20746 3.60000 
4.20746 3.60100 
4.20746 3.60200 
4.20746 3.60300 
4.20746 3.60400 
4.20746 3.60500 
4.20746 3.60600 
4.20746 3.60700 
4.20746 3.60800 
4.20746 3.60900 
4.20746 3.61000 
4.20746 3.61100 
4.20746 3.61200 
4.20746 3.61300 
4.20746 3.61400 
4.20746 3.61500 
4.20746 3.61600 
4.20746 3.61700 
4.20746 3.61800 
4.20746 3.61900 
4.20746 3.62000 
4.20746 3.62100 
4.20746 3.62200 
4.20746 3.62300 
4.20746 3.62400 
4.20746 3.62500 
4.20746 3.62600 
4.20746 3.62700 
4.20746 3.62800 
4.20746 3.62900 
4.20746 3.63000 
4.20746 3.63100 
4.20746 3.63200 
4.20746 3.63300 
4.20746 3.63400 
4.20746 3.63500 
4.20746 3.63600 
4.20746 3.63700 
4.20746 3.63800 
4.20746 3.63900 
4.20746 3.64000 
4.20746 3.64100 
4.20746 3.64200 
4.20746 3.64300 
4.20746 3.64400 
4.20746 3.64500 
4.20746 3.64600 
4.20746 3.64700 
4.20746 3.64800 
4.20746 3.64900 
4.20746 3.65000 
4.20746 3.65100 
4.20746 3.65200 
4.20746 3.65300 
4.20746 3.65400 
4.20746 3.65500 
4.20746 3.65600 
4.20746 3.65700 
4.20746 3.65800 
4.20746 3.65900 
4.20746 3.66000 
4.20746 3.66100 
4.20746 3.66200 
4.20746 3.66300 
4.20746 3.66400 
4.20746 3.66500 
4.20746 3.66600 
4.20746 3.66700 
4.20746 3.66800 
4.20746 3.66900 
4.20746 3.67000 
4.20746 3.67100 
4.20746 3.67200 
4.20746 3.67300 
4.20746 3.67400 
4.20746 3.67500 
4.20746 3.67600 
4.20746 3.67700 
4.20746 3.67800 
4.20746 3.67900 
4.20746 3.68000 
4.20746 3.68100 
4.20746 3.68200 
4.20746 3.68300 
4.20746 3.68400 
4.20746 3.68500 
4.20746 3.68600 
4.20746 3.68700 
4.20746 3.68800 
4.20746 3.68900 
4.20746 3.69000 
4.20746 3.69100 
4.20746 3.69200 
4.20746 3.69300 
4.20746 3.69400 
4.20746 3.69500 
4.20746 3.69600 
4.20746 3.69700 
4.20746 3.69800 
4.20746 3.69900 
4.20746 3.70000 
4.20746 3.70100 
4.20746 3.70200 
4.20746 3.70300 
4.20746 3.70400 
4.20746 3.70500 
4.20746 3.70600 
4.20746 3.70700 
4.20746 3.70800 
4.20746 3.70900 
4.20746 3.71000 
4.20746 3.71100 
4.20746 3.71200 
4.20746 3.71300 
4.20746 3.71400 
4.20746 3.71500 
4.20746 3.71600 
4.20746 3.71700 
4.20746 3.71800 
4.20746 3.71900 
4.20746 3.72000 
4.20746 3.72100 
4.20746 3.72200 
4.20746 3.72300 
4.20746 3.72400 
4.20746 3.72500 
4.20746 3.72600 
4.20746 3.72700 
4.20746 3.72800 
4.20746 3.72900 
4.20746 3.73000 
4.20746 3.73100 
4.20746 3.73200 
4.20746 3.73300 
4.20746 3.73400 
4.20746 3.73500 
4.20746 3.73600 
4.20746 3.73700 
4.20746 3.73800 
4.20746 3.73900 
4.20746 3.74000 
4.20746 3.74100 
4.20746 3.74200 
4.20746 3.74300 
4.20746 3.74400 
4.20746 3.74500 
4.20746 3.74600 
4.20746 3.74700 
4.20746 3.74800 
4.20746 3.74900 
4.20746 3.75000 
4.20746 3.75100 
4.20746 3.75200 
4.20746 3.75300 
4.20746 3.75400 
4.20746 3.75500 
4.20746 3.75600 
4.20746 3.75700 
4.20746 3.75800 
4.20746 3.75900 
4.20746 3.76000 
4.20746 3.76100 
4.20746 3.76200 
4.20746 3.76300 
4.20746 3.76400 
4.20746 3.76500 
4.20746 3.76600 
4.20746 3.76700 
4.20746 3.76800 
4.20746 3.76900 
4.20746 3.77000 
4.20746 3.77100 
4.20746 3.77200 
4.20746 3.77300 
4.20746 3.77400 
4.20746 3.77500 
4.20746 3.77600 
4.20746 3.77700 
4.20746 3.77800 
4.20746 3.77900 
4.20746 3.78000 
4.20746 3.78100 
4.20746 3.78200 
4.20746 3.78300 
4.20746 3.78400 
4.20746 3.78500 
4.20746 3.78600 
4.20746 3.78700 
4.20746 3.78800 
4.20746 3.78900 
4.20746 3.79000 
4.20746 3.79100 
4.20746 3.79200 
4.20746 3.79300 
4.20746 3.79400 
4.20746 3.79500 
4.20746 3.79600 
4.20746 3.79700 
4.20746 3.79800 
4.20746 3.79900 
4.20746 3.80000 
4.20746 3.80100 
4.20746 3.80200 
4.20746 3.80300 
4.20746 3.80400 
4.20746 3.80500 
4.20746 3.80600 
4.20746 3.80700 
4.20746 3.80800 
4.20746 3.80900 
4.20746 3.81000 
4.20746 3.81100 
4.20746 3.81200 
4.20746 3.81300 
4.20746 3.81400 
4.20746 3.81500 
4.20746 3.81600 
4.20746 3.81700 
4.20746 3.81800 
4.20746 3.81900 
4.20746 3.82000 
4.20746 3.82100 
4.20746 3.82200 
4.20746 3.82300 
4.20746 3.82400 
4.20746 3.82500 
4.20746 3.82600 
4.20746 3.82700 
4.20746 3.82800 
4.20746 3.82900 
4.20746 3.83000 
4.20746 3.83100 
4.20746 3.83200 
4.20746 3.83300 
4.20746 3.83400 
4.20746 3.83500 
4.20746 3.83600 
4.20746 3.83700 
4.20746 3.83800 
4.20746 3.83900 
4.20746 3.84000 
4.20746 3.84100 
4.20746 3.84200 
4.20746 3.84300 
4.20746 3.84400 
4.20746 3.84500 
4.20746 3.84600 
4.20746 3.84700 
4.20746 3.84800 
4.20746 3.84900 
4.20746 3.85000 
4.20746 3.85100 
4.20746 3.85200 
4.20746 3.85300 
4.20746 3.85400 
4.20746 3.85500 
4.20746 3.85600 
4.20746 3.85700 
4.20746 3.85800 
4.20746 3.85900 
4.20746 3.86000 
4.20746 3.86100 
4.20746 3.86200 
4.20746 3.86300 
4.20746 3.86400 
4.20746 3.86500 
4.20746 3.86600 
4.20746 3.86700 
4.20746 3.86800 
4.20746 3.86900 
4.20746 3.87000 
4.20746 3.87100 
4.20746 3.87200 
4.20746 3.87300 
4.20746 3.87400 
4.20746 3.87500 
4.20746 3.87600 
4.20746 3.87700 
4.20746 3.87800 
4.20746 3.87900 
4.20746 3.88000 
4.20746 3.88100 
4.20746 3.88200 
4.20746 3.88300 
4.20746 3.88400 
4.20746 3.88500 
4.20746 3.88600 
4.20746 3.88700 
4.20746 3.88800 
4.20746 3.88900 
4.20746 3.89000 
4.20746 3.89100 
4.20746 3.89200 
4.20746 3.89300 
4.20746 3.89400 
4.20746 3.89500 
4.20746 3.89600 
4.20746 3.89700 
4.20746 3.89800 
4.20746 3.89900 
4.20746 3.90000 
4.20746 3.90100 
4.20746 3.90200 
4.20746 3.90300 
4.20746 3.90400 
4.20746 3.90500 
4.20746 3.90600 
4.20746 3.90700 
4.20746 3.90800 
4.20746 3.90900 
4.20746 3.91000 
4.20746 3.91100 
4.20746 3.91200 
4.20746 3.91300 
4.20746 3.91400 
4.20746 3.91500 
4.20746 3.91600 
4.20746 3.91700 
4.20746 3.91800 
4.20746 3.91900 
4.20746 3.92000 
4.20746 3.92100 
4.20746 3.92200 
4.20746 3.92300 
4.20746 3.92400 
4.20746 3.92500 
4.20746 3.92600 
4.20746 3.92700 
4.20746 3.92800 
4.20746 3.92900 
4.20746 3.93000 
4.20746 3.93100 
4.20746 3.93200 
4.20746 3.93300 
4.20746 3.93400 
4.20746 3.93500 
4.20746 3.93600 
4.20746 3.93700 
4.20746 3.93800 
4.20746 3.93900 
4.20746 3.94000 
4.20746 3.94100 
4.20746 3.94200 
4.20746 3.94300 
4.20746 3.94400 
4.20746 3.94500 
4.20746 3.94600 
4.20746 3.94700 
4.20746 3.94800 
4.20746 3.94900 
4.20746 3.95000 
4.20746 3.95100 
4.20746 3.95200 
4.20746 3.95300 
4.20746 3.95400 
4.20746 3.95500 
4.20746 3.95600 
4.20746 3.95700 
4.20746 3.95800 
4.20746 3.95900 
4.20746 3.96000 
4.20746 3.96100 
4.20746 3.96200 
4.20746 3.96300 
4.20746 3.96400 
4.20746 3.96500 
4.20746 3.96600 
4.20746 3.96700 
4.20746 3.96800 
4.20746 3.96900 
4.20746 3.97000 
4.20746 3.97100 
4.20746 3.97200 
4.20746 3.97300 
4.20746 3.97400 
4.20746 3.97500 
4.20746 3.97600 
4.20746 3.97700 
4.20746 3.97800 
4.20746 3.97900 
4.20746 3.98000 
4.20746 3.98100 
4.20746 3.98200 
4.20746 3.98300 
4.20746 3.98400 
4.20746 3.98500 
4.20746 3.98600 
4.20746 3.98700 
4.20746 3.98800 
4.20746 3.98900 
4.20746 3.99000 
4.20746 3.99100 
4.20746 3.99200 
4.20746 3.99300 
4.20746 3.99400 
4.20746 3.99500 
4.20746 3.99600 
4.20746 3.99700 
4.20746 3.99800 
4.20746 3.99900 
4.20746 4.00000 
4.20746 4.00100 
4.20746 4.00200 
4.20746 4.00300 
4.20746 4.00400 
4.20746 4.00500 
4.20746 4.00600 
4.20746 4.00700 
4.20746 4.00800 
4.20746 4.00900 
4.20746 4.01000 
4.20746 4.01100 
4.20746 4.01200 
4.20746 4.01300 
4.20746 4.01400 
4.20746 4.01500 
4.20746 4.01600 
4.20746 4.01700 
4.20746 4.01800 
4.20746 4.01900 
4.20746 4.02000 
4.20746 4.02100 
4.20746 4.02200 
4.20746 4.02300 
4.20746 4.02400 
4.20746 4.02500 
4.20746 4.02600 
4.20746 4.02700 
4.20746 4.02800 
4.20746 4.02900 
4.20746 4.03000 
4.20746 4.03100 
4.20746 4.03200 
4.20746 4.03300 
4.20746 4.03400 
4.20746 4.03500 
4.20746 4.03600 
4.20746 4.03700 
4.20746 4.03800 
4.20746 4.03900 
4.20746 4.04000 
4.20746 4.04100 
4.20746 4.04200 
4.20746 4.04300 
4.20746 4.04400 
4.20746 4.04500 
4.20746 4.04600 
4.20746 4.04700 
4.20746 4.04800 
4.20746 4.04900 
4.20746 4.05000 
4.20746 4.05100 
4.20746 4.05200 
4.20746 4.05300 
4.20746 4.05400 
4.20746 4.05500 
4.20746 4.05600 
4.20746 4.05700 
4.20746 4.05800 
4.20746 4.05900 
4.20746 4.06000 
4.20746 4.06100 
4.20746 4.06200 
4.20746 4.06300 
4.20746 4.06400 
4.20746 4.06500 
4.20746 4.06600 
4.20746 4.06700 
4.20746 4.06800 
4.20746 4.06900 
4.20746 4.07000 
4.20746 4.07100 
4.20746 4.07200 
4.20746 4.07300 
4.20746 4.07400 
4.20746 4.07500 
4.20746 4.07600 
4.20746 4.07700 
4.20746 4.07800 
4.20746 4.07900 
4.20746 4.08000 
4.20746 4.08100 
4.20746 4.08200 
4.20746 4.08300 
4.20746 4.08400 
4.20746 4.08500 
4.20746 4.08600 
4.20746 4.08700 
4.20746 4.08800 
4.20746 4.08900 
4.20746 4.09000 
4.20746 4.09100 
4.20746 4.09200 
4.20746 4.09300 
4.20746 4.09400 
4.20746 4.09500 
4.20746 4.09600 
4.20746 4.09700 
4.20746 4.09800 
4.20746 4.09900 
4.20746 4.10000 
4.20746 4.10100 
4.20746 4.10200 
4.20746 4.10300 
4.20746 4.10400 
4.20746 4.10500 
4.20746 4.10600 
4.20746 4.10700 
4.20746 4.10800 
4.20746 4.10900 
4.20746 4.11000 
4.20746 4.11100 
4.20746 4.11200 
4.20746 4.11300 
4.20746 4.11400 
4.20746 4.11500 
4.20746 4.11600 
4.20746 4.11700 
4.20746 4.11800 
4.20746 4.11900 
4.20746 4.12000 
4.20746 4.12100 
4.20746 4.12200 
4.20746 4.12300 
4.20746 4.12400 
4.20746 4.12500 
4.20746 4.12600 
4.20746 4.12700 
4.20746 4.12800 
4.20746 4.12900 
4.20746 4.13000 
4.20746 4.13100 
4.20746 4.13200 
4.20746 4.13300 
4.20746 4.13400 
4.20746 4.13500 
4.20746 4.13600 
4.20746 4.13700 
4.20746 4.13800 
4.20746 4.13900 
4.20746 4.14000 
4.20746 4.14100 
4.20746 4.14200 
4.20746 4.14300 
4.20746 4.14400 
4.20746 4.14500 
4.20746 4.14600 
4.20746 4.14700 
4.20746 4.14800 
4.20746 4.14900 
4.20746 4.15000 
4.20746 4.15100 
4.20746 4.15200 
4.20746 4.15300 
4.20746 4.15400 
4.20746 4.15500 
4.20746 4.15600 
4.20746 4.15700 
4.20746 4.15800 
4.20746 4.15900 
4.20746 4.16000 
4.20746 4.16100 
4.20746 4.16200 
4.20746 4.16300 
4.20746 4.16400 
4.20746 4.16500 
4.20746 4.16600 
4.20746 4.16700 
4.20746 4.16800 
4.20746 4.16900 
4.20746 4.17000 
4.20746 4.17100 
4.20746 4.17200 
4.20746 4.17300 
4.20746 4.17400 
4.20746 4.17500 
4.20746 4.17600 
4.20746 4.17700 
4.20746 4.17800 
4.20746 4.17900 
4.20746 4.18000 
4.20746 4.18100 
4.20746 4.18200 
4.20746 4.18300 
4.20746 4.18400 
4.20746 4.18500 
4.20746 4.18600 
4.20746 4.18700 
4.20746 4.18800 
4.20746 4.18900 
4.20746 4.19000 
4.20746 4.19100 
4.20746 4.19200 
4.20746 4.19300 
4.20746 4.19400 
4.20746 4.19500 
4.20746 4.19600 
4.20746 4.19700 
4.20746 4.19800 
4.20746 4.19900 
4.20746 4.20000 
4.20746 4.20100 
4.20746 4.20200 
4.20746 4.20300 
4.20746 4.20400 
4.20746 4.20500 
4.20746 4.20600 
4.20746 4.20700 
4.20746 4.20800 
4.20746 4.20900 
4.20746 4.21000 
4.20746 4.21100 
4.20746 4.21200 
4.20746 4.21300 
4.20746 4.21400 
4.20746 4.21500 
4.20746 4.21600 
4.20746 4.21700 
4.20746 4.21800 
4.20746 4.21900 
4.20746 4.22000 
4.20746 4.22100 
4.20746 4.22200 
4.20746 4.22300 
4.20746 4.22400 
4.20746 4.22500 
4.20746 4.22600 
4.20746 4.22700 
4.20746 4.22800 
4.20746 4.22900 
4.20746 4.23000 
4.20746 4.23100 
4.20746 4.23200 
4.20746 4.23300 
4.20746 4.23400 
4.20746 4.23500 
4.20746 4.23600 
4.20746 4.23700 
4.20746 4.23800 
4.20746 4.23900 
4.20746 4.24000 
4.20746 4.24100 
4.20746 4.24200 
4.20746 4.24300 
4.20746 4.24400 
4.20746 4.24500 
4.20746 4.24600 
4.20746 4.24700 
4.20746 4.24800 
4.20746 4.24900 
4.20746 4.25000 
4.20746 4.25100 
4.20746 4.25200 
4.20746 4.25300 
4.20746 4.25400 
4.20746 4.25500 
4.20746 4.25600 
4.20746 4.25700 
4.20746 4.25800 
4.20746 4.25900 
4.20746 4.26000 
4.20746 4.26100 
4.20746 4.26200 
4.20746 4.26300 
4.20746 4.26400 
4.20746 4.26500 
4.20746 4.26600 
4.20746 4.26700 
4.20746 4.26800 
4.20746 4.26900 
4.20746 4.27000 
4.20746 4.27100 
4.20746 4.27200 
4.20746 4.27300 
4.20746 4.27400 
4.20746 4.27500 
4.20746 4.27600 
4.20746 4.27700 
4.20746 4.27800 
4.20746 4.27900 
4.20746 4.28000 
4.20746 4.28100 
4.20746 4.28200 
4.20746 4.28300 
4.20746 4.28400 
4.20746 4.28500 
4.20746 4.28600 
4.20746 4.28700 
4.20746 4.28800 
4.20746 4.28900 
4.20746 4.29000 
4.20746 4.29100 
4.20746 4.29200 
4.20746 4.29300 
4.20746 4.29400 
4.20746 4.29500 
4.20746 4.29600 
4.20746 4.29700 
4.20746 4.29800 
4.20746 4.29900 
4.20746 4.30000 
4.20746 4.30100 
4.20746 4.30200 
4.20746 4.30300 
4.20746 4.30400 
4.20746 4.30500 
4.20746 4.30600 
4.20746 4.30700 
4.20746 4.30800 
4.20746 4.30900 
4.20746 4.31000 
4.20746 4.31100 
4.20746 4.31200 
4.20746 4.31300 
4.20746 4.31400 
4.20746 4.31500 
4.20746 4.31600 
4.20746 4.31700 
4.20746 4.31800 
4.20746 4.31900 
4.20746 4.32000 
4.20746 4.32100 
4.20746 4.32200 
4.20746 4.32300 
4.20746 4.32400 
4.20746 4.32500 
4.20746 4.32600 
4.20746 4.32700 
4.20746 4.32800 
4.20746 4.32900 
4.20746 4.33000 
4.20746 4.33100 
4.20746 4.33200 
4.20746 4.33300 
4.20746 4.33400 
4.20746 4.33500 
4.20746 4.33600 
4.20746 4.33700 
4.20746 4.33800 
4.20746 4.33900 
4.20746 4.34000 
4.20746 4.34100 
4.20746 4.34200 
4.20746 4.34300 
4.20746 4.34400 
4.20746 4.34500 
4.20746 4.34600 
4.20746 4.34700 
4.20746 4.34800 
4.20746 4.34900 
4.20746 4.35000 
4.20746 4.35100 
4.20746 4.35200 
4.20746 4.35300 
4.20746 4.35400 
4.20746 4.35500 
4.20746 4.35600 
4.20746 4.35700 
4.20746 4.35800 
4.20746 4.35900 
4.20746 4.36000 
4.20746 4.36100 
4.20746 4.36200 
4.20746 4.36300 
4.20746 4.36400 
4.20746 4.36500 
4.20746 4.36600 
4.20746 4.36700 
4.20746 4.36800 
4.20746 4.36900 
4.20746 4.37000 
4.20746 4.37100 
4.20746 4.37200 
4.20746 4.37300 
4.20746 4.37400 
4.20746 4.37500 
4.20746 4.37600 
4.20746 4.37700 
4.20746 4.37800 
4.20746 4.37900 
4.20746 4.38000 
4.20746 4.38100 
4.20746 4.38200 
4.20746 4.38300 
4.20746 4.38400 
4.20746 4.38500 
4.20746 4.38600 
4.20746 4.38700 
4.20746 4.38800 
4.20746 4.38900 
4.20746 4.39000 
4.20746 4.39100 
4.20746 4.39200 
4.20746 4.39300 
4.20746 4.39400 
4.20746 4.39500 
4.20746 4.39600 
4.20746 4.39700 
4.20746 4.39800 
4.20746 4.39900 
4.20746 4.40000 
4.20746 4.40100 
4.20746 4.40200 
4.20746 4.40300 
4.20746 4.40400 
4.20746 4.40500 
4.20746 4.40600 
4.20746 4.40700 
4.20746 4.40800 
4.20746 4.40900 
4.20746 4.41000 
4.20746 4.41100 
4.20746 4.41200 
4.20746 4.41300 
4.20746 4.41400 
4.20746 4.41500 
4.20746 4.41600 
4.20746 4.41700 
4.20746 4.41800 
4.20746 4.41900 
4.20746 4.42000 
4.20746 4.42100 
4.20746 4.42200 
4.20746 4.42300 
4.20746 4.42400 
4.20746 4.42500 
4.20746 4.42600 
4.20746 4.42700 
4.20746 4.42800 
4.20746 4.42900 
4.20746 4.43000 
4.20746 4.43100 
4.20746 4.43200 
4.20746 4.43300 
4.20746 4.43400 
4.20746 4.43500 
4.20746 4.43600 
4.20746 4.43700 
4.20746 4.43800 
4.20746 4.43900 
4.20746 4.44000 
4.20746 4.44100 
4.20746 4.44200 
4.20746 4.44300 
4.20746 4.44400 
4.20746 4.44500 
4.20746 4.44600 
4.20746 4.44700 
4.20746 4.44800 
4.20746 4.44900 
4.20746 4.45000 
4.20746 4.45100 
4.20746 4.45200 
4.20746 4.45300 
4.20746 4.45400 
4.20746 4.45500 
4.20746 4.45600 
4.20746 4.45700 
4.20746 4.45800 
4.20746 4.45900 
4.20746 4.46000 
4.20746 4.46100 
4.20746 4.46200 
4.20746 4.46300 
4.20746 4.46400 
4.20746 4.46500 
4.20746 4.46600 
4.20746 4.46700 
4.20746 4.46800 
4.20746 4.46900 
4.20746 4.47000 
4.20746 4.47100 
4.20746 4.47200 
4.20746 4.47300 
4.20746 4.47400 
4.20746 4.47500 
4.20746 4.47600 
4.20746 4.47700 
4.20746 4.47800 
4.20746 4.47900 
4.20746 4.48000 
4.20746 4.48100 
4.20746 4.48200 
4.20746 4.48300 
4.20746 4.48400 
4.20746 4.48500 
4.20746 4.48600 
4.20746 4.48700 
4.20746 4.48800 
4.20746 4.48900 
4.20746 4.49000 
4.20746 4.49100 
4.20746 4.49200 
4.20746 4.49300 
4.20746 4.49400 
4.20746 4.49500 
4.20746 4.49600 
4.20746 4.49700 
4.20746 4.49800 
4.20746 4.49900 
4.20746 4.50000 
4.20746 4.50100 
4.20746 4.50200 
4.20746 4.50300 
4.20746 4.50400 
4.20746 4.50500 
4.20746 4.50600 
4.20746 4.50700 
4.20746 4.50800 
4.20746 4.50900 
4.20746 4.51000 
4.20746 4.51100 
4.20746 4.51200 
4.20746 4.51300 
4.20746 4.51400 
4.20746 4.51500 
4.20746 4.51600 
4.20746 4.51700 
4.20746 4.51800 
4.20746 4.51900 
4.20746 4.52000 
4.20746 4.52100 
4.20746 4.52200 
4.20746 4.52300 
4.20746 4.52400 
4.20746 4.52500 
4.20746 4.52600 
4.20746 4.52700 
4.20746 4.52800 
4.20746 4.52900 
4.20746 4.53000 
4.20746 4.53100 
4.20746 4.53200 
4.20746 4.53300 
4.20746 4.53400 
4.20746 4.53500 
4.20746 4.53600 
4.20746 4.53700 
4.20746 4.53800 
4.20746 4.53900 
4.20746 4.54000 
4.20746 4.54100 
4.20746 4.54200 
4.20746 4.54300 
4.20746 4.54400 
4.20746 4.54500 
4.20746 4.54600 
4.20746 4.54700 
4.20746 4.54800 
4.20746 4.54900 
4.20746 4.55000 
4.20746 4.55100 
4.20746 4.55200 
4.20746 4.55300 
4.20746 4.55400 
4.20746 4.55500 
4.20746 4.55600 
4.20746 4.55700 
4.20746 4.55800 
4.20746 4.55900 
4.20746 4.56000 
4.20746 4.56100 
4.20746 4.56200 
4.20746 4.56300 
4.20746 4.56400 
4.20746 4.56500 
4.20746 4.56600 
4.20746 4.56700 
4.20746 4.56800 
4.20746 4.56900 
4.20746 4.57000 
4.20746 4.57100 
4.20746 4.57200 
4.20746 4.57300 
4.20746 4.57400 
4.20746 4.57500 
4.20746 4.57600 
4.20746 4.57700 
4.20746 4.57800 
4.20746 4.57900 
4.20746 4.58000 
4.20746 4.58100 
4.20746 4.58200 
4.20746 4.58300 
4.20746 4.58400 
4.20746 4.58500 
4.20746 4.58600 
4.20746 4.58700 
4.20746 4.58800 
4.20746 4.58900 
4.20746 4.59000 
4.20746 4.59100 
4.20746 4.59200 
4.20746 4.59300 
4.20746 4.59400 
4.20746 4.59500 
4.20746 4.59600 
4.20746 4.59700 
4.20746 4.59800 
4.20746 4.59900 
4.20746 4.60000 
4.20746 4.60100 
4.20746 4.60200 
4.20746 4.60300 
4.20746 4.60400 
4.20746 4.60500 
4.20746 4.60600 
4.20746 4.60700 
4.20746 4.60800 
4.20746 4.60900 
4.20746 4.61000 
4.20746 4.61100 
4.20746 4.61200 
4.20746 4.61300 
4.20746 4.61400 
4.20746 4.61500 
4.20746 4.61600 
4.20746 4.61700 
4.20746 4.61800 
4.20746 4.61900 
4.20746 4.62000 
4.20746 4.62100 
4.20746 4.62200 
4.20746 4.62300 
4.20746 4.62400 
4.20746 4.62500 
4.20746 4.62600 
4.20746 4.62700 
4.20746 4.62800 
4.20746 4.62900 
4.20746 4.63000 
4.20746 4.63100 
4.20746 4.63200 
4.20746 4.63300 
4.20746 4.63400 
4.20746 4.63500 
4.20746 4.63600 
4.20746 4.63700 
4.20746 4.63800 
4.20746 4.63900 
4.20746 4.64000 
4.20746 4.64100 
4.20746 4.64200 
4.20746 4.64300 
4.20746 4.64400 
4.20746 4.64500 
4.20746 4.64600 
4.20746 4.64700 
4.20746 4.64800 
4.20746 4.64900 
4.20746 4.65000 
4.20746 4.65100 
4.20746 4.65200 
4.20746 4.65300 
4.20746 4.65400 
4.20746 4.65500 
4.20746 4.65600 
4.20746 4.65700 
4.20746 4.65800 
4.20746 4.65900 
4.20746 4.66000 
4.20746 4.66100 
4.20746 4.66200 
4.20746 4.66300 
4.20746 4.66400 
4.20746 4.66500 
4.20746 4.66600 
4.20746 4.66700 
4.20746 4.66800 
4.20746 4.66900 
4.20746 4.67000 
4.20746 4.67100 
4.20746 4.67200 
4.20746 4.67300 
4.20746 4.67400 
4.20746 4.67500 
4.20746 4.67600 
4.20746 4.67700 
4.20746 4.67800 
4.20746 4.67900 
4.20746 4.68000 
4.20746 4.68100 
4.20746 4.68200 
4.20746 4.68300 
4.20746 4.68400 
4.20746 4.68500 
4.20746 4.68600 
4.20746 4.68700 
4.20746 4.68800 
4.20746 4.68900 
4.20746 4.69000 
4.20746 4.69100 
4.20746 4.69200 
4.20746 4.69300 
4.20746 4.69400 
4.20746 4.69500 
4.20746 4.69600 
4.20746 4.69700 
4.20746 4.69800 
4.20746 4.69900 
4.20746 4.70000 
4.20746 4.70100 
4.20746 4.70200 
4.20746 4.70300 
4.20746 4.70400 
4.20746 4.70500 
4.20746 4.70600 
4.20746 4.70700 
4.20746 4.70800 
4.20746 4.70900 
4.20746 4.71000 
4.20746 4.71100 
4.20746 4.71200 
4.20746 4.71300 
4.20746 4.71400 
4.20746 4.71500 
4.20746 4.71600 
4.20746 4.71700 
4.20746 4.71800 
4.20746 4.71900 
4.20746 4.72000 
4.20746 4.72100 
4.20746 4.72200 
4.20746 4.72300 
4.20746 4.72400 
4.20746 4.72500 
4.20746 4.72600 
4.20746 4.72700 
4.20746 4.72800 
4.20746 4.72900 
4.20746 4.73000 
4.20746 4.73100 
4.20746 4.73200 
4.20746 4.73300 
4.20746 4.73400 
4.20746 4.73500 
4.20746 4.73600 
4.20746 4.73700 
4.20746 4.73800 
4.20746 4.73900 
4.20746 4.74000 
4.20746 4.74100 
4.20746 4.74200 
4.20746 4.74300 
4.20746 4.74400 
4.20746 4.74500 
4.20746 4.74600 
4.20746 4.74700 
4.20746 4.74800 
4.20746 4.74900 
4.20746 4.75000 
4.20746 4.75100 
4.20746 4.75200 
4.20746 4.75300 
4.20746 4.75400 
4.20746 4.75500 
4.20746 4.75600 
4.20746 4.75700 
4.20746 4.75800 
4.20746 4.75900 
4.20746 4.76000 
4.20746 4.76100 
4.20746 4.76200 
4.20746 4.76300 
4.20746 4.76400 
4.20746 4.76500 
4.20746 4.76600 
4.20746 4.76700 
4.20746 4.76800 
4.20746 4.76900 
4.20746 4.77000 
4.20746 4.77100 
4.20746 4.77200 
4.20746 4.77300 
4.20746 4.77400 
4.20746 4.77500 
4.20746 4.77600 
4.20746 4.77700 
4.20746 4.77800 
4.20746 4.77900 
4.20746 4.78000 
4.20746 4.78100 
4.20746 4.78200 
4.20746 4.78300 
4.20746 4.78400 
4.20746 4.78500 
4.20746 4.78600 
4.20746 4.78700 
4.20746 4.78800 
4.20746 4.78900 
4.20746 4.79000 
4.20746 4.79100 
4.20746 4.79200 
4.20746 4.79300 
4.20746 4.79400 
4.20746 4.79500 
4.20746 4.79600 
4.20746 4.79700 
4.20746 4.79800 
4.20746 4.79900 
4.20746 4.80000 
4.20746 4.80100 
4.20746 4.80200 
4.20746 4.80300 
4.20746 4.80400 
4.20746 4.80500 
4.20746 4.80600 
4.20746 4.80700 
4.20746 4.80800 
4.20746 4.80900 
4.20746 4.81000 
4.20746 4.81100 
4.20746 4.81200 
4.20746 4.81300 
4.20746 4.81400 
4.20746 4.81500 
4.20746 4.81600 
4.20746 4.81700 
4.20746 4.81800 
4.20746 4.81900 
4.20746 4.82000 
4.20746 4.82100 
4.20746 4.82200 
4.20746 4.82300 
4.20746 4.82400 
4.20746 4.82500 
4.20746 4.82600 
4.20746 4.82700 
4.20746 4.82800 
4.20746 4.82900 
4.20746 4.83000 
4.20746 4.83100 
4.20746 4.83200 
4.20746 4.83300 
4.20746 4.83400 
4.20746 4.83500 
4.20746 4.83600 
4.20746 4.83700 
4.20746 4.83800 
4.20746 4.83900 
4.20746 4.84000 
4.20746 4.84100 
4.20746 4.84200 
4.20746 4.84300 
4.20746 4.84400 
4.20746 4.84500 
4.20746 4.84600 
4.20746 4.84700 
4.20746 4.84800 
4.20746 4.84900 
4.20746 4.85000 
4.20746 4.85100 
4.20746 4.85200 
4.20746 4.85300 
4.20746 4.85400 
4.20746 4.85500 
4.20746 4.85600 
4.20746 4.85700 
4.20746 4.85800 
4.20746 4.85900 
4.20746 4.86000 
4.20746 4.86100 
4.20746 4.86200 
4.20746 4.86300 
4.20746 4.86400 
4.20746 4.86500 
4.20746 4.86600 
4.20746 4.86700 
4.20746 4.86800 
4.20746 4.86900 
4.20746 4.87000 
4.20746 4.87100 
4.20746 4.87200 
4.20746 4.87300 
4.20746 4.87400 
4.20746 4.87500 
4.20746 4.87600 
4.20746 4.87700 
4.20746 4.87800 
4.20746 4.87900 
4.20746 4.88000 
4.20746 4.88100 
4.20746 4.88200 
4.20746 4.88300 
4.20746 4.88400 
4.20746 4.88500 
4.20746 4.88600 
4.20746 4.88700 
4.20746 4.88800 
4.20746 4.88900 
4.20746 4.89000 
4.20746 4.89100 
4.20746 4.89200 
4.20746 4.89300 
4.20746 4.89400 
4.20746 4.89500 
4.20746 4.89600 
4.20746 4.89700 
4.20746 4.89800 
4.20746 4.89900 
4.20746 4.90000 
4.20746 4.90100 
4.20746 4.90200 
4.20746 4.90300 
4.20746 4.90400 
4.20746 4.90500 
4.20746 4.90600 
4.20746 4.90700 
4.20746 4.90800 
4.20746 4.90900 
4.20746 4.91000 
4.20746 4.91100 
4.20746 4.91200 
4.20746 4.91300 
4.20746 4.91400 
4.20746 4.91500 
4.20746 4.91600 
4.20746 4.91700 
4.20746 4.91800 
4.20746 4.91900 
4.20746 4.92000 
4.20746 4.92100 
4.20746 4.92200 
4.20746 4.92300 
4.20746 4.92400 
4.20746 4.92500 
4.20746 4.92600 
4.20746 4.92700 
4.20746 4.92800 
4.20746 4.92900 
4.20746 4.93000 
4.20746 4.93100 
4.20746 4.93200 
4.20746 4.93300 
4.20746 4.93400 
4.20746 4.93500 
4.20746 4.93600 
4.20746 4.93700 
4.20746 4.93800 
4.20746 4.93900 
4.20746 4.94000 
4.20746 4.94100 
4.20746 4.94200 
4.20746 4.94300 
4.20746 4.94400 
4.20746 4.94500 
4.20746 4.94600 
4.20746 4.94700 
4.20746 4.94800 
4.20746 4.94900 
4.20746 4.95000 
4.20746 4.95100 
4.20746 4.95200 
4.20746 4.95300 
4.20746 4.95400 
4.20746 4.95500 
4.20746 4.95600 
4.20746 4.95700 
4.20746 4.95800 
4.20746 4.95900 
4.20746 4.96000 
4.20746 4.96100 
4.20746 4.96200 
4.20746 4.96300 
4.20746 4.96400 
4.20746 4.96500 
4.20746 4.96600 
4.20746 4.96700 
4.20746 4.96800 
4.20746 4.96900 
4.20746 4.97000 
4.20746 4.97100 
4.20746 4.97200 
4.20746 4.97300 
4.20746 4.97400 
4.20746 4.97500 
4.20746 4.97600 
4.20746 4.97700 
4.20746 4.97800 
4.20746 4.97900 
4.20746 4.98000 
4.20746 4.98100 
4.20746 4.98200 
4.20746 4.98300 
4.20746 4.98400 
4.20746 4.98500 
4.20746 4.98600 
4.20746 4.98700 
4.20746 4.98800 
4.20746 4.98900 
4.20746 4.99000 
4.20746 4.99100 
4.20746 4.99200 
4.20746 4.99300 
4.20746 4.99400 
4.20746 4.99500 
4.20746 4.99600 
4.20746 4.99700 
4.20746 4.99800 
4.20746 4.99900 
