0.00000 0.00000 
-0.13385 0.00100 
-0.26617 0.00200 
-0.39699 0.00300 
-0.52631 0.00400 
-0.65415 0.00500 
-0.78054 0.00600 
-0.90549 0.00700 
-1.02901 0.00800 
-1.15113 0.00900 
-1.27185 0.01000 
-1.39119 0.01100 
-1.50918 0.01200 
-1.62581 0.01300 
-1.74112 0.01400 
-1.85512 0.01500 
-1.96781 0.01600 
-2.07922 0.01700 
-2.18936 0.01800 
-2.29824 0.01900 
-2.40588 0.02000 
-2.51229 0.02100 
-2.61749 0.02200 
-2.72149 0.02300 
-2.82431 0.02400 
-2.92595 0.02500 
-3.02643 0.02600 
-3.12577 0.02700 
-3.22397 0.02800 
-3.32106 0.02900 
-3.41704 0.03000 
-3.51193 0.03100 
-3.60573 0.03200 
-3.69846 0.03300 
-3.79014 0.03400 
-3.88077 0.03500 
-3.97037 0.03600 
-4.05894 0.03700 
-4.14651 0.03800 
-4.23308 0.03900 
-4.31866 0.04000 
-4.40326 0.04100 
-4.48690 0.04200 
-4.56959 0.04300 
-4.65133 0.04400 
-4.73215 0.04500 
-4.81204 0.04600 
-4.89102 0.04700 
-4.96909 0.04800 
-5.04628 0.04900 
-5.12259 0.05000 
-5.19803 0.05100 
-5.27261 0.05200 
-5.34633 0.05300 
-5.41922 0.05400 
-5.49128 0.05500 
-5.56251 0.05600 
-5.63293 0.05700 
-5.70255 0.05800 
-5.77138 0.05900 
-5.83942 0.06000 
-5.90668 0.06100 
-5.97318 0.06200 
-6.03892 0.06300 
-6.10391 0.06400 
-6.16816 0.06500 
-6.23167 0.06600 
-6.29447 0.06700 
-6.35654 0.06800 
-6.41791 0.06900 
-6.47858 0.07000 
-6.53855 0.07100 
-6.59785 0.07200 
-6.65646 0.07300 
-6.71441 0.07400 
-6.77170 0.07500 
-6.82833 0.07600 
-6.88432 0.07700 
-6.93967 0.07800 
-6.99439 0.07900 
-7.04849 0.08000 
-7.10197 0.08100 
-7.15483 0.08200 
-7.20710 0.08300 
-7.25877 0.08400 
-7.30985 0.08500 
-7.36035 0.08600 
-7.41027 0.08700 
-7.45962 0.08800 
-7.50841 0.08900 
-7.55665 0.09000 
-7.60433 0.09100 
-7.65147 0.09200 
-7.69807 0.09300 
-7.74415 0.09400 
-7.78969 0.09500 
-7.83472 0.09600 
-7.87923 0.09700 
-7.92324 0.09800 
-7.96674 0.09900 
-8.00975 0.10000 
-8.05227 0.10100 
-8.09430 0.10200 
-8.13585 0.10300 
-8.17693 0.10400 
-8.21755 0.10500 
-8.25769 0.10600 
-8.29738 0.10700 
-8.33662 0.10800 
-8.37541 0.10900 
-8.41376 0.11000 
-8.45167 0.11100 
-8.48915 0.11200 
-8.52620 0.11300 
-8.56283 0.11400 
-8.59904 0.11500 
-8.63484 0.11600 
-8.67023 0.11700 
-8.70522 0.11800 
-8.73981 0.11900 
-8.77400 0.12000 
-8.80781 0.12100 
-8.84122 0.12200 
-8.87426 0.12300 
-8.90692 0.12400 
-8.93921 0.12500 
-8.97113 0.12600 
-9.00269 0.12700 
-9.03388 0.12800 
-9.06473 0.12900 
-9.09522 0.13000 
-9.12536 0.13100 
-9.15516 0.13200 
-9.18461 0.13300 
-9.21374 0.13400 
-9.24253 0.13500 
-9.27099 0.13600 
-9.29913 0.13700 
-9.32695 0.13800 
-9.35445 0.13900 
-9.38163 0.14000 
-9.40851 0.14100 
-9.43508 0.14200 
-9.46135 0.14300 
-9.48731 0.14400 
-9.51299 0.14500 
-9.53837 0.14600 
-9.56346 0.14700 
-9.58826 0.14800 
-9.61278 0.14900 
-9.63702 0.15000 
-9.66099 0.15100 
-9.68468 0.15200 
-9.70810 0.15300 
-9.73126 0.15400 
-9.75415 0.15500 
-9.77678 0.15600 
-9.79915 0.15700 
-9.82127 0.15800 
-9.84313 0.15900 
-9.86475 0.16000 
-9.88611 0.16100 
-9.90724 0.16200 
-9.92812 0.16300 
-9.94877 0.16400 
-9.96918 0.16500 
-9.98936 0.16600 
-10.00931 0.16700 
-10.02903 0.16800 
-10.04853 0.16900 
-10.06780 0.17000 
-10.08685 0.17100 
-10.10569 0.17200 
-10.12431 0.17300 
-10.14272 0.17400 
-10.16092 0.17500 
-10.17892 0.17600 
-10.19670 0.17700 
-10.21429 0.17800 
-10.23167 0.17900 
-10.24886 0.18000 
-10.26585 0.18100 
-10.28264 0.18200 
-10.29925 0.18300 
-10.31566 0.18400 
-10.33189 0.18500 
-10.34794 0.18600 
-10.36380 0.18700 
-10.37948 0.18800 
-10.39498 0.18900 
-10.41030 0.19000 
-10.42545 0.19100 
-10.44043 0.19200 
-10.45523 0.19300 
-10.46987 0.19400 
-10.48434 0.19500 
-10.49865 0.19600 
-10.51279 0.19700 
-10.52677 0.19800 
-10.54059 0.19900 
-10.55426 0.20000 
-10.56776 0.20100 
-10.58112 0.20200 
-10.59432 0.20300 
-10.60737 0.20400 
-10.62028 0.20500 
-10.63303 0.20600 
-10.64564 0.20700 
-10.65810 0.20800 
-10.67042 0.20900 
-10.68259 0.21000 
-10.69463 0.21100 
-10.70653 0.21200 
-10.71829 0.21300 
-10.72992 0.21400 
-10.74142 0.21500 
-10.75279 0.21600 
-10.76403 0.21700 
-10.77513 0.21800 
-10.78612 0.21900 
-10.79698 0.22000 
-10.80771 0.22100 
-10.81832 0.22200 
-10.82882 0.22300 
-10.83919 0.22400 
-10.84944 0.22500 
-10.85958 0.22600 
-10.86960 0.22700 
-10.87951 0.22800 
-10.88930 0.22900 
-10.89899 0.23000 
-10.90856 0.23100 
-10.91802 0.23200 
-10.92738 0.23300 
-10.93663 0.23400 
-10.94578 0.23500 
-10.95482 0.23600 
-10.96375 0.23700 
-10.97259 0.23800 
-10.98133 0.23900 
-10.98996 0.24000 
-10.99850 0.24100 
-11.00694 0.24200 
-11.01528 0.24300 
-11.02353 0.24400 
-11.03169 0.24500 
-11.03975 0.24600 
-11.04772 0.24700 
-11.05560 0.24800 
-11.06339 0.24900 
-11.07109 0.25000 
-11.07871 0.25100 
-11.08624 0.25200 
-11.09368 0.25300 
-11.10103 0.25400 
-11.10831 0.25500 
-11.11550 0.25600 
-11.12261 0.25700 
-11.12963 0.25800 
-11.13658 0.25900 
-11.14345 0.26000 
-11.15024 0.26100 
-11.15695 0.26200 
-11.16359 0.26300 
-11.17015 0.26400 
-11.17663 0.26500 
-11.18305 0.26600 
-11.18939 0.26700 
-11.19565 0.26800 
-11.20185 0.26900 
-11.20797 0.27000 
-11.21403 0.27100 
-11.22002 0.27200 
-11.22593 0.27300 
-11.23179 0.27400 
-11.23757 0.27500 
-11.24329 0.27600 
-11.24894 0.27700 
-11.25453 0.27800 
-11.26006 0.27900 
-11.26552 0.28000 
-11.27092 0.28100 
-11.27626 0.28200 
-11.28154 0.28300 
-11.28675 0.28400 
-11.29191 0.28500 
-11.29701 0.28600 
-11.30205 0.28700 
-11.30704 0.28800 
-11.31197 0.28900 
-11.31684 0.29000 
-11.32165 0.29100 
-11.32641 0.29200 
-11.33112 0.29300 
-11.33577 0.29400 
-11.34037 0.29500 
-11.34492 0.29600 
-11.34942 0.29700 
-11.35386 0.29800 
-11.35826 0.29900 
-11.36260 0.30000 
-11.36690 0.30100 
-11.37114 0.30200 
-11.37534 0.30300 
-11.37949 0.30400 
-11.38360 0.30500 
-11.38765 0.30600 
-11.39166 0.30700 
-11.39563 0.30800 
-11.39955 0.30900 
-11.40342 0.31000 
-11.40726 0.31100 
-11.41104 0.31200 
-11.41479 0.31300 
-11.41849 0.31400 
-11.42215 0.31500 
-11.42577 0.31600 
-11.42934 0.31700 
-11.43288 0.31800 
-11.43637 0.31900 
-11.43983 0.32000 
-11.44324 0.32100 
-11.44662 0.32200 
-11.44996 0.32300 
-11.45326 0.32400 
-11.45652 0.32500 
-11.45975 0.32600 
-11.46294 0.32700 
-11.46609 0.32800 
-11.46920 0.32900 
-11.47229 0.33000 
-11.47533 0.33100 
-11.47834 0.33200 
-11.48132 0.33300 
-11.48426 0.33400 
-11.48717 0.33500 
-11.49005 0.33600 
-11.49289 0.33700 
-11.49570 0.33800 
-11.49848 0.33900 
-11.50123 0.34000 
-11.50394 0.34100 
-11.50663 0.34200 
-11.50928 0.34300 
-11.51191 0.34400 
-11.51450 0.34500 
-11.51706 0.34600 
-11.51960 0.34700 
-11.52211 0.34800 
-11.52458 0.34900 
-11.52703 0.35000 
-11.52946 0.35100 
-11.53185 0.35200 
-11.53422 0.35300 
-11.53656 0.35400 
-11.53887 0.35500 
-11.54116 0.35600 
-11.54342 0.35700 
-11.54565 0.35800 
-11.54786 0.35900 
-11.55005 0.36000 
-11.55220 0.36100 
-11.55434 0.36200 
-11.55645 0.36300 
-11.55854 0.36400 
-11.56060 0.36500 
-11.56264 0.36600 
-11.56466 0.36700 
-11.56665 0.36800 
-11.56862 0.36900 
-11.57057 0.37000 
-11.57250 0.37100 
-11.57440 0.37200 
-11.57628 0.37300 
-11.57814 0.37400 
-11.57998 0.37500 
-11.58180 0.37600 
-11.58360 0.37700 
-11.58538 0.37800 
-11.58714 0.37900 
-11.58887 0.38000 
-11.59059 0.38100 
-11.59229 0.38200 
-11.59397 0.38300 
-11.59563 0.38400 
-11.59727 0.38500 
-11.59889 0.38600 
-11.60050 0.38700 
-11.60208 0.38800 
-11.60365 0.38900 
-11.60520 0.39000 
-11.60673 0.39100 
-11.60824 0.39200 
-11.60974 0.39300 
-11.61122 0.39400 
-11.61269 0.39500 
-11.61413 0.39600 
-11.61556 0.39700 
-11.61698 0.39800 
-11.61837 0.39900 
-11.61976 0.40000 
-11.62112 0.40100 
-11.62247 0.40200 
-11.62381 0.40300 
-11.62513 0.40400 
-11.62643 0.40500 
-11.62772 0.40600 
-11.62900 0.40700 
-11.63026 0.40800 
-11.63150 0.40900 
-11.63274 0.41000 
-11.63395 0.41100 
-11.63516 0.41200 
-11.63635 0.41300 
-11.63753 0.41400 
-11.63869 0.41500 
-11.63984 0.41600 
-11.64098 0.41700 
-11.64210 0.41800 
-11.64321 0.41900 
-11.64431 0.42000 
-11.64540 0.42100 
-11.64647 0.42200 
-11.64753 0.42300 
-11.64858 0.42400 
-11.64962 0.42500 
-11.65065 0.42600 
-11.65166 0.42700 
-11.65266 0.42800 
-11.65365 0.42900 
-11.65463 0.43000 
-11.65560 0.43100 
-11.65656 0.43200 
-11.65751 0.43300 
-11.65844 0.43400 
-11.65937 0.43500 
-11.66028 0.43600 
-11.66119 0.43700 
-11.66208 0.43800 
-11.66296 0.43900 
-11.66384 0.44000 
-11.66470 0.44100 
-11.66555 0.44200 
-11.66640 0.44300 
-11.66723 0.44400 
-11.66806 0.44500 
-11.66887 0.44600 
-11.66968 0.44700 
-11.67048 0.44800 
-11.67127 0.44900 
-11.67204 0.45000 
-11.67281 0.45100 
-11.67358 0.45200 
-11.67433 0.45300 
-11.67507 0.45400 
-11.67581 0.45500 
-11.67654 0.45600 
-11.67725 0.45700 
-11.67797 0.45800 
-11.67867 0.45900 
-11.67936 0.46000 
-11.68005 0.46100 
-11.68073 0.46200 
-11.68140 0.46300 
-11.68206 0.46400 
-11.68272 0.46500 
-11.68337 0.46600 
-11.68401 0.46700 
-11.68464 0.46800 
-11.68527 0.46900 
-11.68589 0.47000 
-11.68650 0.47100 
-11.68711 0.47200 
-11.68771 0.47300 
-11.68830 0.47400 
-11.68888 0.47500 
-11.68946 0.47600 
-11.69003 0.47700 
-11.69060 0.47800 
-11.69116 0.47900 
-11.69171 0.48000 
-11.69225 0.48100 
-11.69279 0.48200 
-11.69333 0.48300 
-11.69386 0.48400 
-11.69438 0.48500 
-11.69489 0.48600 
-11.69540 0.48700 
-11.69591 0.48800 
-11.69640 0.48900 
-11.69690 0.49000 
-11.69738 0.49100 
-11.69787 0.49200 
-11.69834 0.49300 
-11.69881 0.49400 
-11.69928 0.49500 
-11.69974 0.49600 
-11.70019 0.49700 
-11.70064 0.49800 
-11.70109 0.49900 
-11.70153 0.50000 
-11.70196 0.50100 
-11.70239 0.50200 
-11.70281 0.50300 
-11.70323 0.50400 
-11.70365 0.50500 
-11.70406 0.50600 
-11.70447 0.50700 
-11.70487 0.50800 
-11.70526 0.50900 
-11.70566 0.51000 
-11.70604 0.51100 
-11.70643 0.51200 
-11.70680 0.51300 
-11.70718 0.51400 
-11.70755 0.51500 
-11.70792 0.51600 
-11.70828 0.51700 
-11.70864 0.51800 
-11.70899 0.51900 
-11.70934 0.52000 
-11.70969 0.52100 
-11.71003 0.52200 
-11.71037 0.52300 
-11.71070 0.52400 
-11.71103 0.52500 
-11.71136 0.52600 
-11.71168 0.52700 
-11.71200 0.52800 
-11.71232 0.52900 
-11.71263 0.53000 
-11.71294 0.53100 
-11.71324 0.53200 
-11.71354 0.53300 
-11.71384 0.53400 
-11.71414 0.53500 
-11.71443 0.53600 
-11.71472 0.53700 
-11.71500 0.53800 
-11.71528 0.53900 
-11.71556 0.54000 
-11.71584 0.54100 
-11.71611 0.54200 
-11.71638 0.54300 
-11.71664 0.54400 
-11.71691 0.54500 
-11.71717 0.54600 
-11.71742 0.54700 
-11.71768 0.54800 
-11.71793 0.54900 
-11.71818 0.55000 
-11.71842 0.55100 
-11.71867 0.55200 
-11.71891 0.55300 
-11.71914 0.55400 
-11.71938 0.55500 
-11.71961 0.55600 
-11.71984 0.55700 
-11.72007 0.55800 
-11.72029 0.55900 
-11.72051 0.56000 
-11.72073 0.56100 
-11.72095 0.56200 
-11.72116 0.56300 
-11.72138 0.56400 
-11.72159 0.56500 
-11.72179 0.56600 
-11.72200 0.56700 
-11.72220 0.56800 
-11.72240 0.56900 
-11.72260 0.57000 
-11.72279 0.57100 
-11.72299 0.57200 
-11.72318 0.57300 
-11.72337 0.57400 
-11.72355 0.57500 
-11.72374 0.57600 
-11.72392 0.57700 
-11.72410 0.57800 
-11.72428 0.57900 
-11.72446 0.58000 
-11.72463 0.58100 
-11.72480 0.58200 
-11.72497 0.58300 
-11.72514 0.58400 
-11.72531 0.58500 
-11.72547 0.58600 
-11.72564 0.58700 
-11.72580 0.58800 
-11.72596 0.58900 
-11.72612 0.59000 
-11.72627 0.59100 
-11.72642 0.59200 
-11.72658 0.59300 
-11.72673 0.59400 
-11.72688 0.59500 
-11.72702 0.59600 
-11.72717 0.59700 
-11.72731 0.59800 
-11.72745 0.59900 
-11.72760 0.60000 
-11.72773 0.60100 
-11.72787 0.60200 
-11.72801 0.60300 
-11.72814 0.60400 
-11.72827 0.60500 
-11.72841 0.60600 
-11.72854 0.60700 
-11.72866 0.60800 
-11.72879 0.60900 
-11.72892 0.61000 
-11.72904 0.61100 
-11.72916 0.61200 
-11.72928 0.61300 
-11.72940 0.61400 
-11.72952 0.61500 
-11.72964 0.61600 
-11.72975 0.61700 
-11.72987 0.61800 
-11.72998 0.61900 
-11.73009 0.62000 
-11.73020 0.62100 
-11.73031 0.62200 
-11.73042 0.62300 
-11.73053 0.62400 
-11.73063 0.62500 
-11.73074 0.62600 
-11.73084 0.62700 
-11.73094 0.62800 
-11.73105 0.62900 
-11.73115 0.63000 
-11.73124 0.63100 
-11.73134 0.63200 
-11.73144 0.63300 
-11.73153 0.63400 
-11.73163 0.63500 
-11.73172 0.63600 
-11.73181 0.63700 
-11.73190 0.63800 
-11.73199 0.63900 
-11.73208 0.64000 
-11.73217 0.64100 
-11.73226 0.64200 
-11.73234 0.64300 
-11.73243 0.64400 
-11.73251 0.64500 
-11.73260 0.64600 
-11.73268 0.64700 
-11.73276 0.64800 
-11.73284 0.64900 
-11.73292 0.65000 
-11.73300 0.65100 
-11.73308 0.65200 
-11.73315 0.65300 
-11.73323 0.65400 
-11.73330 0.65500 
-11.73338 0.65600 
-11.73345 0.65700 
-11.73352 0.65800 
-11.73360 0.65900 
-11.73367 0.66000 
-11.73374 0.66100 
-11.73381 0.66200 
-11.73388 0.66300 
-11.73394 0.66400 
-11.73401 0.66500 
-11.73408 0.66600 
-11.73414 0.66700 
-11.73421 0.66800 
-11.73427 0.66900 
-11.73433 0.67000 
-11.73440 0.67100 
-11.73446 0.67200 
-11.73452 0.67300 
-11.73458 0.67400 
-11.73464 0.67500 
-11.73470 0.67600 
-11.73476 0.67700 
-11.73481 0.67800 
-11.73487 0.67900 
-11.73493 0.68000 
-11.73498 0.68100 
-11.73504 0.68200 
-11.73509 0.68300 
-11.73515 0.68400 
-11.73520 0.68500 
-11.73525 0.68600 
-11.73531 0.68700 
-11.73536 0.68800 
-11.73541 0.68900 
-11.73546 0.69000 
-11.73551 0.69100 
-11.73556 0.69200 
-11.73561 0.69300 
-11.73565 0.69400 
-11.73570 0.69500 
-11.73575 0.69600 
-11.73580 0.69700 
-11.73584 0.69800 
-11.73589 0.69900 
-11.73593 0.70000 
-11.73598 0.70100 
-11.73602 0.70200 
-11.73606 0.70300 
-11.73611 0.70400 
-11.73615 0.70500 
-11.73619 0.70600 
-11.73623 0.70700 
-11.73627 0.70800 
-11.73631 0.70900 
-11.73635 0.71000 
-11.73639 0.71100 
-11.73643 0.71200 
-11.73647 0.71300 
-11.73651 0.71400 
-11.73655 0.71500 
-11.73659 0.71600 
-11.73662 0.71700 
-11.73666 0.71800 
-11.73670 0.71900 
-11.73673 0.72000 
-11.73677 0.72100 
-11.73680 0.72200 
-11.73684 0.72300 
-11.73687 0.72400 
-11.73690 0.72500 
-11.73694 0.72600 
-11.73697 0.72700 
-11.73700 0.72800 
-11.73704 0.72900 
-11.73707 0.73000 
-11.73710 0.73100 
-11.73713 0.73200 
-11.73716 0.73300 
-11.73719 0.73400 
-11.73722 0.73500 
-11.73725 0.73600 
-11.73728 0.73700 
-11.73731 0.73800 
-11.73734 0.73900 
-11.73737 0.74000 
-11.73740 0.74100 
-11.73742 0.74200 
-11.73745 0.74300 
-11.73748 0.74400 
-11.73750 0.74500 
-11.73753 0.74600 
-11.73756 0.74700 
-11.73758 0.74800 
-11.73761 0.74900 
-11.73763 0.75000 
-11.73766 0.75100 
-11.73768 0.75200 
-11.73771 0.75300 
-11.73773 0.75400 
-11.73776 0.75500 
-11.73778 0.75600 
-11.73780 0.75700 
-11.73783 0.75800 
-11.73785 0.75900 
-11.73787 0.76000 
-11.73790 0.76100 
-11.73792 0.76200 
-11.73794 0.76300 
-11.73796 0.76400 
-11.73798 0.76500 
-11.73800 0.76600 
-11.73803 0.76700 
-11.73805 0.76800 
-11.73807 0.76900 
-11.73809 0.77000 
-11.73811 0.77100 
-11.73813 0.77200 
-11.73815 0.77300 
-11.73817 0.77400 
-11.73818 0.77500 
-11.73820 0.77600 
-11.73822 0.77700 
-11.73824 0.77800 
-11.73826 0.77900 
-11.73828 0.78000 
-11.73829 0.78100 
-11.73831 0.78200 
-11.73833 0.78300 
-11.73835 0.78400 
-11.73836 0.78500 
-11.73838 0.78600 
-11.73840 0.78700 
-11.73841 0.78800 
-11.73843 0.78900 
-11.73845 0.79000 
-11.73846 0.79100 
-11.73848 0.79200 
-11.73849 0.79300 
-11.73851 0.79400 
-11.73852 0.79500 
-11.73854 0.79600 
-11.73855 0.79700 
-11.73857 0.79800 
-11.73858 0.79900 
-11.73860 0.80000 
-11.73861 0.80100 
-11.73863 0.80200 
-11.73864 0.80300 
-11.73865 0.80400 
-11.73867 0.80500 
-11.73868 0.80600 
-11.73869 0.80700 
-11.73871 0.80800 
-11.73872 0.80900 
-11.73873 0.81000 
-11.73875 0.81100 
-11.73876 0.81200 
-11.73877 0.81300 
-11.73878 0.81400 
-11.73879 0.81500 
-11.73881 0.81600 
-11.73882 0.81700 
-11.73883 0.81800 
-11.73884 0.81900 
-11.73885 0.82000 
-11.73886 0.82100 
-11.73888 0.82200 
-11.73889 0.82300 
-11.73890 0.82400 
-11.73891 0.82500 
-11.73892 0.82600 
-11.73893 0.82700 
-11.73894 0.82800 
-11.73895 0.82900 
-11.73896 0.83000 
-11.73897 0.83100 
-11.73898 0.83200 
-11.73899 0.83300 
-11.73900 0.83400 
-11.73901 0.83500 
-11.73902 0.83600 
-11.73903 0.83700 
-11.73904 0.83800 
-11.73905 0.83900 
-11.73906 0.84000 
-11.73907 0.84100 
-11.73907 0.84200 
-11.73908 0.84300 
-11.73909 0.84400 
-11.73910 0.84500 
-11.73911 0.84600 
-11.73912 0.84700 
-11.73913 0.84800 
-11.73913 0.84900 
-11.73914 0.85000 
-11.73915 0.85100 
-11.73916 0.85200 
-11.73917 0.85300 
-11.73917 0.85400 
-11.73918 0.85500 
-11.73919 0.85600 
-11.73920 0.85700 
-11.73920 0.85800 
-11.73921 0.85900 
-11.73922 0.86000 
-11.73923 0.86100 
-11.73923 0.86200 
-11.73924 0.86300 
-11.73925 0.86400 
-11.73925 0.86500 
-11.73926 0.86600 
-11.73927 0.86700 
-11.73927 0.86800 
-11.73928 0.86900 
-11.73929 0.87000 
-11.73929 0.87100 
-11.73930 0.87200 
-11.73931 0.87300 
-11.73931 0.87400 
-11.73932 0.87500 
-11.73932 0.87600 
-11.73933 0.87700 
-11.73934 0.87800 
-11.73934 0.87900 
-11.73935 0.88000 
-11.73935 0.88100 
-11.73936 0.88200 
-11.73936 0.88300 
-11.73937 0.88400 
-11.73938 0.88500 
-11.73938 0.88600 
-11.73939 0.88700 
-11.73939 0.88800 
-11.73940 0.88900 
-11.73940 0.89000 
-11.73941 0.89100 
-11.73941 0.89200 
-11.73942 0.89300 
-11.73942 0.89400 
-11.73943 0.89500 
-11.73943 0.89600 
-11.73944 0.89700 
-11.73944 0.89800 
-11.73945 0.89900 
-11.73945 0.90000 
-11.73945 0.90100 
-11.73946 0.90200 
-11.73946 0.90300 
-11.73947 0.90400 
-11.73947 0.90500 
-11.73948 0.90600 
-11.73948 0.90700 
-11.73948 0.90800 
-11.73949 0.90900 
-11.73949 0.91000 
-11.73950 0.91100 
-11.73950 0.91200 
-11.73951 0.91300 
-11.73951 0.91400 
-11.73951 0.91500 
-11.73952 0.91600 
-11.73952 0.91700 
-11.73952 0.91800 
-11.73953 0.91900 
-11.73953 0.92000 
-11.73954 0.92100 
-11.73954 0.92200 
-11.73954 0.92300 
-11.73955 0.92400 
-11.73955 0.92500 
-11.73955 0.92600 
-11.73956 0.92700 
-11.73956 0.92800 
-11.73956 0.92900 
-11.73957 0.93000 
-11.73957 0.93100 
-11.73957 0.93200 
-11.73958 0.93300 
-11.73958 0.93400 
-11.73958 0.93500 
-11.73958 0.93600 
-11.73959 0.93700 
-11.73959 0.93800 
-11.73959 0.93900 
-11.73960 0.94000 
-11.73960 0.94100 
-11.73960 0.94200 
-11.73961 0.94300 
-11.73961 0.94400 
-11.73961 0.94500 
-11.73961 0.94600 
-11.73962 0.94700 
-11.73962 0.94800 
-11.73962 0.94900 
-11.73962 0.95000 
-11.73963 0.95100 
-11.73963 0.95200 
-11.73963 0.95300 
-11.73963 0.95400 
-11.73964 0.95500 
-11.73964 0.95600 
-11.73964 0.95700 
-11.73964 0.95800 
-11.73965 0.95900 
-11.73965 0.96000 
-11.73965 0.96100 
-11.73965 0.96200 
-11.73966 0.96300 
-11.73966 0.96400 
-11.73966 0.96500 
-11.73966 0.96600 
-11.73966 0.96700 
-11.73967 0.96800 
-11.73967 0.96900 
-11.73967 0.97000 
-11.73967 0.97100 
-11.73967 0.97200 
-11.73968 0.97300 
-11.73968 0.97400 
-11.73968 0.97500 
-11.73968 0.97600 
-11.73968 0.97700 
-11.73969 0.97800 
-11.73969 0.97900 
-11.73969 0.98000 
-11.73969 0.98100 
-11.73969 0.98200 
-11.73970 0.98300 
-11.73970 0.98400 
-11.73970 0.98500 
-11.73970 0.98600 
-11.73970 0.98700 
-11.73970 0.98800 
-11.73971 0.98900 
-11.73971 0.99000 
-11.73971 0.99100 
-11.73971 0.99200 
-11.73971 0.99300 
-11.73971 0.99400 
-11.73971 0.99500 
-11.73972 0.99600 
-11.73972 0.99700 
-11.73972 0.99800 
-11.73972 0.99900 
