0.00000 0.00000 
-0.00003 0.00100 
-0.00020 0.00200 
-0.00054 0.00300 
-0.00104 0.00400 
-0.00170 0.00500 
-0.00253 0.00600 
-0.00353 0.00700 
-0.00468 0.00800 
-0.00599 0.00900 
-0.00746 0.01000 
-0.00909 0.01100 
-0.01087 0.01200 
-0.01279 0.01300 
-0.01487 0.01400 
-0.01710 0.01500 
-0.01947 0.01600 
-0.02199 0.01700 
-0.02465 0.01800 
-0.02746 0.01900 
-0.03040 0.02000 
-0.03348 0.02100 
-0.03670 0.02200 
-0.04005 0.02300 
-0.04353 0.02400 
-0.04715 0.02500 
-0.05090 0.02600 
-0.05478 0.02700 
-0.05878 0.02800 
-0.06291 0.02900 
-0.06717 0.03000 
-0.07154 0.03100 
-0.07604 0.03200 
-0.08066 0.03300 
-0.08540 0.03400 
-0.09026 0.03500 
-0.09523 0.03600 
-0.10032 0.03700 
-0.10552 0.03800 
-0.11083 0.03900 
-0.11626 0.04000 
-0.12179 0.04100 
-0.12743 0.04200 
-0.13318 0.04300 
-0.13904 0.04400 
-0.14500 0.04500 
-0.15106 0.04600 
-0.15723 0.04700 
-0.16349 0.04800 
-0.16986 0.04900 
-0.17633 0.05000 
-0.18289 0.05100 
-0.18955 0.05200 
-0.19631 0.05300 
-0.20316 0.05400 
-0.21010 0.05500 
-0.21714 0.05600 
-0.22426 0.05700 
-0.23148 0.05800 
-0.23879 0.05900 
-0.24618 0.06000 
-0.25366 0.06100 
-0.26123 0.06200 
-0.26888 0.06300 
-0.27662 0.06400 
-0.28444 0.06500 
-0.29234 0.06600 
-0.30033 0.06700 
-0.30839 0.06800 
-0.31653 0.06900 
-0.32475 0.07000 
-0.33305 0.07100 
-0.34143 0.07200 
-0.34988 0.07300 
-0.35841 0.07400 
-0.36701 0.07500 
-0.37568 0.07600 
-0.38443 0.07700 
-0.39325 0.07800 
-0.40214 0.07900 
-0.41109 0.08000 
-0.42012 0.08100 
-0.42922 0.08200 
-0.43838 0.08300 
-0.44761 0.08400 
-0.45691 0.08500 
-0.46627 0.08600 
-0.47570 0.08700 
-0.48519 0.08800 
-0.49474 0.08900 
-0.50435 0.09000 
-0.51403 0.09100 
-0.52377 0.09200 
-0.53357 0.09300 
-0.54342 0.09400 
-0.55334 0.09500 
-0.56331 0.09600 
-0.57335 0.09700 
-0.58343 0.09800 
-0.59358 0.09900 
-0.60378 0.10000 
-0.61403 0.10100 
-0.62434 0.10200 
-0.63471 0.10300 
-0.64512 0.10400 
-0.65559 0.10500 
-0.66611 0.10600 
-0.67668 0.10700 
-0.68731 0.10800 
-0.69798 0.10900 
-0.70870 0.11000 
-0.71947 0.11100 
-0.73029 0.11200 
-0.74115 0.11300 
-0.75207 0.11400 
-0.76303 0.11500 
-0.77404 0.11600 
-0.78509 0.11700 
-0.79618 0.11800 
-0.80733 0.11900 
-0.81851 0.12000 
-0.82974 0.12100 
-0.84101 0.12200 
-0.85233 0.12300 
-0.86369 0.12400 
-0.87509 0.12500 
-0.88653 0.12600 
-0.89801 0.12700 
-0.90953 0.12800 
-0.92109 0.12900 
-0.93269 0.13000 
-0.94433 0.13100 
-0.95600 0.13200 
-0.96772 0.13300 
-0.97947 0.13400 
-0.99126 0.13500 
-1.00309 0.13600 
-1.01495 0.13700 
-1.02685 0.13800 
-1.03878 0.13900 
-1.05075 0.14000 
-1.06275 0.14100 
-1.07479 0.14200 
-1.08686 0.14300 
-1.09896 0.14400 
-1.11110 0.14500 
-1.12327 0.14600 
-1.13547 0.14700 
-1.14771 0.14800 
-1.15997 0.14900 
-1.17227 0.15000 
-1.18460 0.15100 
-1.19696 0.15200 
-1.20934 0.15300 
-1.22176 0.15400 
-1.23421 0.15500 
-1.24669 0.15600 
-1.25919 0.15700 
-1.27173 0.15800 
-1.28429 0.15900 
-1.29688 0.16000 
-1.30949 0.16100 
-1.32214 0.16200 
-1.33481 0.16300 
-1.34751 0.16400 
-1.36023 0.16500 
-1.37298 0.16600 
-1.38576 0.16700 
-1.39856 0.16800 
-1.41138 0.16900 
-1.42423 0.17000 
-1.43711 0.17100 
-1.45001 0.17200 
-1.46293 0.17300 
-1.47588 0.17400 
-1.48885 0.17500 
-1.50184 0.17600 
-1.51486 0.17700 
-1.52789 0.17800 
-1.54096 0.17900 
-1.55404 0.18000 
-1.56714 0.18100 
-1.58027 0.18200 
-1.59342 0.18300 
-1.60658 0.18400 
-1.61977 0.18500 
-1.63298 0.18600 
-1.64621 0.18700 
-1.65946 0.18800 
-1.67273 0.18900 
-1.68602 0.19000 
-1.69933 0.19100 
-1.71266 0.19200 
-1.72601 0.19300 
-1.73938 0.19400 
-1.75276 0.19500 
-1.76616 0.19600 
-1.77959 0.19700 
-1.79302 0.19800 
-1.80648 0.19900 
-1.81996 0.20000 
-1.83345 0.20100 
-1.84696 0.20200 
-1.86048 0.20300 
-1.87402 0.20400 
-1.88758 0.20500 
-1.90116 0.20600 
-1.91475 0.20700 
-1.92836 0.20800 
-1.94198 0.20900 
-1.95562 0.21000 
-1.96927 0.21100 
-1.98294 0.21200 
-1.99663 0.21300 
-2.01033 0.21400 
-2.02405 0.21500 
-2.03777 0.21600 
-2.05152 0.21700 
-2.06528 0.21800 
-2.07905 0.21900 
-2.09283 0.22000 
-2.10663 0.22100 
-2.12045 0.22200 
-2.13427 0.22300 
-2.14811 0.22400 
-2.16197 0.22500 
-2.17583 0.22600 
-2.18971 0.22700 
-2.20360 0.22800 
-2.21751 0.22900 
-2.23142 0.23000 
-2.24535 0.23100 
-2.25929 0.23200 
-2.27324 0.23300 
-2.28721 0.23400 
-2.30118 0.23500 
-2.31517 0.23600 
-2.32917 0.23700 
-2.34318 0.23800 
-2.35720 0.23900 
-2.37123 0.24000 
-2.38528 0.24100 
-2.39933 0.24200 
-2.41339 0.24300 
-2.42747 0.24400 
-2.44156 0.24500 
-2.45565 0.24600 
-2.46976 0.24700 
-2.48387 0.24800 
-2.49800 0.24900 
-2.51213 0.25000 
-2.52628 0.25100 
-2.54043 0.25200 
-2.55460 0.25300 
-2.56877 0.25400 
-2.58296 0.25500 
-2.59715 0.25600 
-2.61135 0.25700 
-2.62556 0.25800 
-2.63978 0.25900 
-2.65401 0.26000 
-2.66824 0.26100 
-2.68249 0.26200 
-2.69674 0.26300 
-2.71100 0.26400 
-2.72527 0.26500 
-2.73955 0.26600 
-2.75384 0.26700 
-2.76813 0.26800 
-2.78244 0.26900 
-2.79675 0.27000 
-2.81106 0.27100 
-2.82539 0.27200 
-2.83972 0.27300 
-2.85406 0.27400 
-2.86841 0.27500 
-2.88276 0.27600 
-2.89713 0.27700 
-2.91150 0.27800 
-2.92587 0.27900 
-2.94026 0.28000 
-2.95465 0.28100 
-2.96904 0.28200 
-2.98345 0.28300 
-2.99786 0.28400 
-3.01227 0.28500 
-3.02670 0.28600 
-3.04113 0.28700 
-3.05556 0.28800 
-3.07001 0.28900 
-3.08445 0.29000 
-3.09891 0.29100 
-3.11337 0.29200 
-3.12784 0.29300 
-3.14231 0.29400 
-3.15679 0.29500 
-3.17127 0.29600 
-3.18576 0.29700 
-3.20026 0.29800 
-3.21476 0.29900 
-3.22926 0.30000 
-3.24378 0.30100 
-3.25829 0.30200 
-3.27282 0.30300 
-3.28734 0.30400 
-3.30188 0.30500 
-3.31642 0.30600 
-3.33096 0.30700 
-3.34551 0.30800 
-3.36006 0.30900 
-3.37462 0.31000 
-3.38918 0.31100 
-3.40375 0.31200 
-3.41832 0.31300 
-3.43290 0.31400 
-3.44748 0.31500 
-3.46207 0.31600 
-3.47666 0.31700 
-3.49126 0.31800 
-3.50586 0.31900 
-3.52046 0.32000 
-3.53507 0.32100 
-3.54968 0.32200 
-3.56430 0.32300 
-3.57892 0.32400 
-3.59355 0.32500 
-3.60818 0.32600 
-3.62281 0.32700 
-3.63745 0.32800 
-3.65209 0.32900 
-3.66674 0.33000 
-3.68139 0.33100 
-3.69604 0.33200 
-3.71070 0.33300 
-3.72536 0.33400 
-3.74003 0.33500 
-3.75469 0.33600 
-3.76937 0.33700 
-3.78404 0.33800 
-3.79872 0.33900 
-3.81340 0.34000 
-3.82809 0.34100 
-3.84278 0.34200 
-3.85747 0.34300 
-3.87217 0.34400 
-3.88687 0.34500 
-3.90157 0.34600 
-3.91627 0.34700 
-3.93098 0.34800 
-3.94570 0.34900 
-3.96041 0.35000 
-3.97513 0.35100 
-3.98985 0.35200 
-4.00457 0.35300 
-4.01930 0.35400 
-4.03403 0.35500 
-4.04877 0.35600 
-4.06350 0.35700 
-4.07824 0.35800 
-4.09298 0.35900 
-4.10773 0.36000 
-4.12247 0.36100 
-4.13722 0.36200 
-4.15198 0.36300 
-4.16673 0.36400 
-4.18149 0.36500 
-4.19625 0.36600 
-4.21101 0.36700 
-4.22578 0.36800 
-4.24054 0.36900 
-4.25532 0.37000 
-4.27009 0.37100 
-4.28486 0.37200 
-4.29964 0.37300 
-4.31442 0.37400 
-4.32920 0.37500 
-4.34399 0.37600 
-4.35877 0.37700 
-4.37356 0.37800 
-4.38835 0.37900 
-4.40315 0.38000 
-4.41794 0.38100 
-4.43274 0.38200 
-4.44754 0.38300 
-4.46234 0.38400 
-4.47715 0.38500 
-4.49195 0.38600 
-4.50676 0.38700 
-4.52157 0.38800 
-4.53638 0.38900 
-4.55120 0.39000 
-4.56601 0.39100 
-4.58083 0.39200 
-4.59565 0.39300 
-4.61047 0.39400 
-4.62530 0.39500 
-4.64012 0.39600 
-4.65495 0.39700 
-4.66978 0.39800 
-4.68461 0.39900 
-4.69944 0.40000 
-4.71427 0.40100 
-4.72911 0.40200 
-4.74395 0.40300 
-4.75879 0.40400 
-4.77363 0.40500 
-4.78847 0.40600 
-4.80331 0.40700 
-4.81816 0.40800 
-4.83301 0.40900 
-4.84785 0.41000 
-4.86270 0.41100 
-4.87756 0.41200 
-4.89241 0.41300 
-4.90726 0.41400 
-4.92212 0.41500 
-4.93698 0.41600 
-4.95184 0.41700 
-4.96670 0.41800 
-4.98156 0.41900 
-4.99642 0.42000 
-5.01129 0.42100 
-5.02615 0.42200 
-5.04102 0.42300 
-5.05589 0.42400 
-5.07076 0.42500 
-5.08563 0.42600 
-5.10050 0.42700 
-5.11538 0.42800 
-5.13025 0.42900 
-5.14513 0.43000 
-5.16001 0.43100 
-5.17489 0.43200 
-5.18977 0.43300 
-5.20465 0.43400 
-5.21953 0.43500 
-5.23441 0.43600 
-5.24930 0.43700 
-5.26418 0.43800 
-5.27907 0.43900 
-5.29396 0.44000 
-5.30885 0.44100 
-5.32374 0.44200 
-5.33863 0.44300 
-5.35352 0.44400 
-5.36841 0.44500 
-5.38331 0.44600 
-5.39820 0.44700 
-5.41310 0.44800 
-5.42800 0.44900 
-5.44289 0.45000 
-5.45779 0.45100 
-5.47269 0.45200 
-5.48760 0.45300 
-5.50250 0.45400 
-5.51740 0.45500 
-5.53230 0.45600 
-5.54721 0.45700 
-5.56211 0.45800 
-5.57702 0.45900 
-5.59193 0.46000 
-5.60684 0.46100 
-5.62175 0.46200 
-5.63666 0.46300 
-5.65157 0.46400 
-5.66648 0.46500 
-5.68139 0.46600 
-5.69630 0.46700 
-5.71122 0.46800 
-5.72613 0.46900 
-5.74105 0.47000 
-5.75597 0.47100 
-5.77088 0.47200 
-5.78580 0.47300 
-5.80072 0.47400 
-5.81564 0.47500 
-5.83056 0.47600 
-5.84548 0.47700 
-5.86040 0.47800 
-5.87532 0.47900 
-5.89025 0.48000 
-5.90517 0.48100 
-5.92009 0.48200 
-5.93502 0.48300 
-5.94994 0.48400 
-5.96487 0.48500 
-5.97980 0.48600 
-5.99473 0.48700 
-6.00965 0.48800 
-6.02458 0.48900 
-6.03951 0.49000 
-6.05444 0.49100 
-6.06937 0.49200 
-6.08430 0.49300 
-6.09924 0.49400 
-6.11417 0.49500 
-6.12910 0.49600 
-6.14404 0.49700 
-6.15897 0.49800 
-6.17390 0.49900 
-6.18884 0.50000 
-6.20377 0.50100 
-6.21871 0.50200 
-6.23365 0.50300 
-6.24859 0.50400 
-6.26352 0.50500 
-6.27846 0.50600 
-6.29340 0.50700 
-6.30834 0.50800 
-6.32328 0.50900 
-6.33822 0.51000 
-6.35316 0.51100 
-6.36810 0.51200 
-6.38304 0.51300 
-6.39799 0.51400 
-6.41293 0.51500 
-6.42787 0.51600 
-6.44282 0.51700 
-6.45776 0.51800 
-6.47270 0.51900 
-6.48765 0.52000 
-6.50260 0.52100 
-6.51754 0.52200 
-6.53249 0.52300 
-6.54743 0.52400 
-6.56238 0.52500 
-6.57733 0.52600 
-6.59228 0.52700 
-6.60722 0.52800 
-6.62217 0.52900 
-6.63712 0.53000 
-6.65207 0.53100 
-6.66702 0.53200 
-6.68197 0.53300 
-6.69692 0.53400 
-6.71187 0.53500 
-6.72682 0.53600 
-6.74178 0.53700 
-6.75673 0.53800 
-6.77168 0.53900 
-6.78663 0.54000 
-6.80159 0.54100 
-6.81654 0.54200 
-6.83149 0.54300 
-6.84645 0.54400 
-6.86140 0.54500 
-6.87636 0.54600 
-6.89131 0.54700 
-6.90627 0.54800 
-6.92122 0.54900 
-6.93618 0.55000 
-6.95113 0.55100 
-6.96609 0.55200 
-6.98105 0.55300 
-6.99601 0.55400 
-7.01096 0.55500 
-7.02592 0.55600 
-7.04088 0.55700 
-7.05584 0.55800 
-7.07080 0.55900 
-7.08575 0.56000 
-7.10071 0.56100 
-7.11567 0.56200 
-7.13063 0.56300 
-7.14559 0.56400 
-7.16055 0.56500 
-7.17551 0.56600 
-7.19047 0.56700 
-7.20543 0.56800 
-7.22040 0.56900 
-7.23536 0.57000 
-7.25032 0.57100 
-7.26528 0.57200 
-7.28024 0.57300 
-7.29521 0.57400 
-7.31017 0.57500 
-7.32513 0.57600 
-7.34009 0.57700 
-7.35506 0.57800 
-7.37002 0.57900 
-7.38498 0.58000 
-7.39995 0.58100 
-7.41491 0.58200 
-7.42988 0.58300 
-7.44484 0.58400 
-7.45981 0.58500 
-7.47477 0.58600 
-7.48974 0.58700 
-7.50470 0.58800 
-7.51967 0.58900 
-7.53463 0.59000 
-7.54960 0.59100 
-7.56457 0.59200 
-7.57953 0.59300 
-7.59450 0.59400 
-7.60947 0.59500 
-7.62443 0.59600 
-7.63940 0.59700 
-7.65437 0.59800 
-7.66933 0.59900 
-7.68430 0.60000 
-7.69927 0.60100 
-7.71424 0.60200 
-7.72921 0.60300 
-7.74417 0.60400 
-7.75914 0.60500 
-7.77411 0.60600 
-7.78908 0.60700 
-7.80405 0.60800 
-7.81902 0.60900 
-7.83399 0.61000 
-7.84896 0.61100 
-7.86393 0.61200 
-7.87890 0.61300 
-7.89387 0.61400 
-7.90884 0.61500 
-7.92381 0.61600 
-7.93878 0.61700 
-7.95375 0.61800 
-7.96872 0.61900 
-7.98369 0.62000 
-7.99866 0.62100 
-8.01363 0.62200 
-8.02860 0.62300 
-8.04357 0.62400 
-8.05854 0.62500 
-8.07351 0.62600 
-8.08849 0.62700 
-8.10346 0.62800 
-8.11843 0.62900 
-8.13340 0.63000 
-8.14837 0.63100 
-8.16335 0.63200 
-8.17832 0.63300 
-8.19329 0.63400 
-8.20826 0.63500 
-8.22324 0.63600 
-8.23821 0.63700 
-8.25318 0.63800 
-8.26816 0.63900 
-8.28313 0.64000 
-8.29810 0.64100 
-8.31307 0.64200 
-8.32805 0.64300 
-8.34302 0.64400 
-8.35800 0.64500 
-8.37297 0.64600 
-8.38794 0.64700 
-8.40292 0.64800 
-8.41789 0.64900 
-8.43287 0.65000 
-8.44784 0.65100 
-8.46281 0.65200 
-8.47779 0.65300 
-8.49276 0.65400 
-8.50774 0.65500 
-8.52271 0.65600 
-8.53769 0.65700 
-8.55266 0.65800 
-8.56764 0.65900 
-8.58261 0.66000 
-8.59759 0.66100 
-8.61256 0.66200 
-8.62754 0.66300 
-8.64251 0.66400 
-8.65749 0.66500 
-8.67247 0.66600 
-8.68744 0.66700 
-8.70242 0.66800 
-8.71739 0.66900 
-8.73237 0.67000 
-8.74734 0.67100 
-8.76232 0.67200 
-8.77730 0.67300 
-8.79227 0.67400 
-8.80725 0.67500 
-8.82223 0.67600 
-8.83720 0.67700 
-8.85218 0.67800 
-8.86716 0.67900 
-8.88213 0.68000 
-8.89711 0.68100 
-8.91209 0.68200 
-8.92706 0.68300 
-8.94204 0.68400 
-8.95702 0.68500 
-8.97199 0.68600 
-8.98697 0.68700 
-9.00195 0.68800 
-9.01692 0.68900 
-9.03190 0.69000 
-9.04688 0.69100 
-9.06186 0.69200 
-9.07683 0.69300 
-9.09181 0.69400 
-9.10679 0.69500 
-9.12177 0.69600 
-9.13674 0.69700 
-9.15172 0.69800 
-9.16670 0.69900 
-9.18168 0.70000 
-9.19666 0.70100 
-9.21163 0.70200 
-9.22661 0.70300 
-9.24159 0.70400 
-9.25657 0.70500 
-9.27155 0.70600 
-9.28653 0.70700 
-9.30150 0.70800 
-9.31648 0.70900 
-9.33146 0.71000 
-9.34644 0.71100 
-9.36142 0.71200 
-9.37640 0.71300 
-9.39137 0.71400 
-9.40635 0.71500 
-9.42133 0.71600 
-9.43631 0.71700 
-9.45129 0.71800 
-9.46627 0.71900 
-9.48125 0.72000 
-9.49623 0.72100 
-9.51121 0.72200 
-9.52618 0.72300 
-9.54116 0.72400 
-9.55614 0.72500 
-9.57112 0.72600 
-9.58610 0.72700 
-9.60108 0.72800 
-9.61606 0.72900 
-9.63104 0.73000 
-9.64602 0.73100 
-9.66100 0.73200 
-9.67598 0.73300 
-9.69096 0.73400 
-9.70594 0.73500 
-9.72091 0.73600 
-9.73589 0.73700 
-9.75087 0.73800 
-9.76585 0.73900 
-9.78083 0.74000 
-9.79581 0.74100 
-9.81079 0.74200 
-9.82577 0.74300 
-9.84075 0.74400 
-9.85573 0.74500 
-9.87071 0.74600 
-9.88569 0.74700 
-9.90067 0.74800 
-9.91565 0.74900 
-9.93063 0.75000 
-9.94561 0.75100 
-9.96059 0.75200 
-9.97557 0.75300 
-9.99055 0.75400 
-10.00553 0.75500 
-10.02051 0.75600 
-10.03549 0.75700 
-10.05047 0.75800 
-10.06545 0.75900 
-10.08043 0.76000 
-10.09541 0.76100 
-10.11039 0.76200 
-10.12537 0.76300 
-10.14035 0.76400 
-10.15533 0.76500 
-10.17032 0.76600 
-10.18530 0.76700 
-10.20028 0.76800 
-10.21526 0.76900 
-10.23024 0.77000 
-10.24522 0.77100 
-10.26020 0.77200 
-10.27518 0.77300 
-10.29016 0.77400 
-10.30514 0.77500 
-10.32012 0.77600 
-10.33510 0.77700 
-10.35008 0.77800 
-10.36506 0.77900 
-10.38004 0.78000 
-10.39502 0.78100 
-10.41001 0.78200 
-10.42499 0.78300 
-10.43997 0.78400 
-10.45495 0.78500 
-10.46993 0.78600 
-10.48491 0.78700 
-10.49989 0.78800 
-10.51487 0.78900 
-10.52985 0.79000 
-10.54483 0.79100 
-10.55981 0.79200 
-10.57480 0.79300 
-10.58978 0.79400 
-10.60476 0.79500 
-10.61974 0.79600 
-10.63472 0.79700 
-10.64970 0.79800 
-10.66468 0.79900 
-10.67966 0.80000 
-10.69464 0.80100 
-10.70963 0.80200 
-10.72461 0.80300 
-10.73959 0.80400 
-10.75457 0.80500 
-10.76955 0.80600 
-10.78453 0.80700 
-10.79951 0.80800 
-10.81449 0.80900 
-10.82948 0.81000 
-10.84446 0.81100 
-10.85944 0.81200 
-10.87442 0.81300 
-10.88940 0.81400 
-10.90438 0.81500 
-10.91936 0.81600 
-10.93435 0.81700 
-10.94933 0.81800 
-10.96431 0.81900 
-10.97929 0.82000 
-10.99427 0.82100 
-11.00925 0.82200 
-11.02423 0.82300 
-11.03922 0.82400 
-11.05420 0.82500 
-11.06918 0.82600 
-11.08416 0.82700 
-11.09914 0.82800 
-11.11412 0.82900 
-11.12911 0.83000 
-11.14409 0.83100 
-11.15907 0.83200 
-11.17405 0.83300 
-11.18903 0.83400 
-11.20401 0.83500 
-11.21900 0.83600 
-11.23398 0.83700 
-11.24896 0.83800 
-11.26394 0.83900 
-11.27892 0.84000 
-11.29390 0.84100 
-11.30889 0.84200 
-11.32387 0.84300 
-11.33885 0.84400 
-11.35383 0.84500 
-11.36881 0.84600 
-11.38379 0.84700 
-11.39878 0.84800 
-11.41376 0.84900 
-11.42874 0.85000 
-11.44372 0.85100 
-11.45870 0.85200 
-11.47369 0.85300 
-11.48867 0.85400 
-11.50365 0.85500 
-11.51863 0.85600 
-11.53361 0.85700 
-11.54859 0.85800 
-11.56358 0.85900 
-11.57856 0.86000 
-11.59354 0.86100 
-11.60852 0.86200 
-11.62350 0.86300 
-11.63849 0.86400 
-11.65347 0.86500 
-11.66845 0.86600 
-11.68343 0.86700 
-11.69841 0.86800 
-11.71340 0.86900 
-11.72838 0.87000 
-11.74336 0.87100 
-11.75834 0.87200 
-11.77332 0.87300 
-11.78831 0.87400 
-11.80329 0.87500 
-11.81827 0.87600 
-11.83325 0.87700 
-11.84823 0.87800 
-11.86322 0.87900 
-11.87820 0.88000 
-11.89318 0.88100 
-11.90816 0.88200 
-11.92314 0.88300 
-11.93813 0.88400 
-11.95311 0.88500 
-11.96809 0.88600 
-11.98307 0.88700 
-11.99806 0.88800 
-12.01304 0.88900 
-12.02802 0.89000 
-12.04300 0.89100 
-12.05798 0.89200 
-12.07297 0.89300 
-12.08795 0.89400 
-12.10293 0.89500 
-12.11791 0.89600 
-12.13289 0.89700 
-12.14788 0.89800 
-12.16286 0.89900 
-12.17784 0.90000 
-12.19282 0.90100 
-12.20781 0.90200 
-12.22279 0.90300 
-12.23777 0.90400 
-12.25275 0.90500 
-12.26773 0.90600 
-12.28272 0.90700 
-12.29770 0.90800 
-12.31268 0.90900 
-12.32766 0.91000 
-12.34265 0.91100 
-12.35763 0.91200 
-12.37261 0.91300 
-12.38759 0.91400 
-12.40257 0.91500 
-12.41756 0.91600 
-12.43254 0.91700 
-12.44752 0.91800 
-12.46250 0.91900 
-12.47749 0.92000 
-12.49247 0.92100 
-12.50745 0.92200 
-12.52243 0.92300 
-12.53742 0.92400 
-12.55240 0.92500 
-12.56738 0.92600 
-12.58236 0.92700 
-12.59734 0.92800 
-12.61233 0.92900 
-12.62731 0.93000 
-12.64229 0.93100 
-12.65727 0.93200 
-12.67226 0.93300 
-12.68724 0.93400 
-12.70222 0.93500 
-12.71720 0.93600 
-12.73219 0.93700 
-12.74717 0.93800 
-12.76215 0.93900 
-12.77713 0.94000 
-12.79212 0.94100 
-12.80710 0.94200 
-12.82208 0.94300 
-12.83706 0.94400 
-12.85204 0.94500 
-12.86703 0.94600 
-12.88201 0.94700 
-12.89699 0.94800 
-12.91197 0.94900 
-12.92696 0.95000 
-12.94194 0.95100 
-12.95692 0.95200 
-12.97190 0.95300 
-12.98689 0.95400 
-13.00187 0.95500 
-13.01685 0.95600 
-13.03183 0.95700 
-13.04682 0.95800 
-13.06180 0.95900 
-13.07678 0.96000 
-13.09176 0.96100 
-13.10675 0.96200 
-13.12173 0.96300 
-13.13671 0.96400 
-13.15169 0.96500 
-13.16668 0.96600 
-13.18166 0.96700 
-13.19664 0.96800 
-13.21162 0.96900 
-13.22661 0.97000 
-13.24159 0.97100 
-13.25657 0.97200 
-13.27155 0.97300 
-13.28654 0.97400 
-13.30152 0.97500 
-13.31650 0.97600 
-13.33148 0.97700 
-13.34647 0.97800 
-13.36145 0.97900 
-13.37643 0.98000 
-13.39141 0.98100 
-13.40640 0.98200 
-13.42138 0.98300 
-13.43636 0.98400 
-13.45134 0.98500 
-13.46633 0.98600 
-13.48131 0.98700 
-13.49629 0.98800 
-13.51127 0.98900 
-13.52626 0.99000 
-13.54124 0.99100 
-13.55622 0.99200 
-13.57120 0.99300 
-13.58619 0.99400 
-13.60117 0.99500 
-13.61615 0.99600 
-13.63113 0.99700 
-13.64612 0.99800 
-13.66110 0.99900 
-13.67608 1.00000 
-13.69106 1.00100 
-13.70605 1.00200 
-13.72103 1.00300 
-13.73601 1.00400 
-13.75099 1.00500 
-13.76598 1.00600 
-13.78096 1.00700 
-13.79594 1.00800 
-13.81092 1.00900 
-13.82591 1.01000 
-13.84089 1.01100 
-13.85587 1.01200 
-13.87085 1.01300 
-13.88584 1.01400 
-13.90082 1.01500 
-13.91580 1.01600 
-13.93078 1.01700 
-13.94577 1.01800 
-13.96075 1.01900 
-13.97573 1.02000 
-13.99071 1.02100 
-14.00570 1.02200 
-14.02068 1.02300 
-14.03566 1.02400 
-14.05064 1.02500 
-14.06563 1.02600 
-14.08061 1.02700 
-14.09559 1.02800 
-14.11057 1.02900 
-14.12556 1.03000 
-14.14054 1.03100 
-14.15552 1.03200 
-14.17050 1.03300 
-14.18549 1.03400 
-14.20047 1.03500 
-14.21545 1.03600 
-14.23043 1.03700 
-14.24542 1.03800 
-14.26040 1.03900 
-14.27538 1.04000 
-14.29037 1.04100 
-14.30535 1.04200 
-14.32033 1.04300 
-14.33531 1.04400 
-14.35030 1.04500 
-14.36528 1.04600 
-14.38026 1.04700 
-14.39524 1.04800 
-14.41023 1.04900 
-14.42521 1.05000 
-14.44019 1.05100 
-14.45517 1.05200 
-14.47016 1.05300 
-14.48514 1.05400 
-14.50012 1.05500 
-14.51510 1.05600 
-14.53009 1.05700 
-14.54507 1.05800 
-14.56005 1.05900 
-14.57503 1.06000 
-14.59002 1.06100 
-14.60500 1.06200 
-14.61998 1.06300 
-14.63496 1.06400 
-14.64995 1.06500 
-14.66493 1.06600 
-14.67991 1.06700 
-14.69490 1.06800 
-14.70988 1.06900 
-14.72486 1.07000 
-14.73984 1.07100 
-14.75483 1.07200 
-14.76981 1.07300 
-14.78479 1.07400 
-14.79977 1.07500 
-14.81476 1.07600 
-14.82974 1.07700 
-14.84472 1.07800 
-14.85970 1.07900 
-14.87469 1.08000 
-14.88967 1.08100 
-14.90465 1.08200 
-14.91963 1.08300 
-14.93462 1.08400 
-14.94960 1.08500 
-14.96458 1.08600 
-14.97957 1.08700 
-14.99455 1.08800 
-15.00953 1.08900 
-15.02451 1.09000 
-15.03950 1.09100 
-15.05448 1.09200 
-15.06946 1.09300 
-15.08444 1.09400 
-15.09943 1.09500 
-15.11441 1.09600 
-15.12939 1.09700 
-15.14437 1.09800 
-15.15936 1.09900 
-15.17434 1.10000 
-15.18932 1.10100 
-15.20430 1.10200 
-15.21929 1.10300 
-15.23427 1.10400 
-15.24925 1.10500 
-15.26423 1.10600 
-15.27922 1.10700 
-15.29420 1.10800 
-15.30918 1.10900 
-15.32417 1.11000 
-15.33915 1.11100 
-15.35413 1.11200 
-15.36911 1.11300 
-15.38410 1.11400 
-15.39908 1.11500 
-15.41406 1.11600 
-15.42904 1.11700 
-15.44403 1.11800 
-15.45901 1.11900 
-15.47399 1.12000 
-15.48897 1.12100 
-15.50396 1.12200 
-15.51894 1.12300 
-15.53392 1.12400 
-15.54890 1.12500 
-15.56389 1.12600 
-15.57887 1.12700 
-15.59385 1.12800 
-15.60884 1.12900 
-15.62382 1.13000 
-15.63880 1.13100 
-15.65378 1.13200 
-15.66877 1.13300 
-15.68375 1.13400 
-15.69873 1.13500 
-15.71371 1.13600 
-15.72870 1.13700 
-15.74368 1.13800 
-15.75866 1.13900 
-15.77364 1.14000 
-15.78863 1.14100 
-15.80361 1.14200 
-15.81859 1.14300 
-15.83358 1.14400 
-15.84856 1.14500 
-15.86354 1.14600 
-15.87852 1.14700 
-15.89351 1.14800 
-15.90849 1.14900 
-15.92347 1.15000 
-15.93845 1.15100 
-15.95344 1.15200 
-15.96842 1.15300 
-15.98340 1.15400 
-15.99838 1.15500 
-16.01337 1.15600 
-16.02835 1.15700 
-16.04333 1.15800 
-16.05831 1.15900 
-16.07330 1.16000 
-16.08828 1.16100 
-16.10326 1.16200 
-16.11825 1.16300 
-16.13323 1.16400 
-16.14821 1.16500 
-16.16319 1.16600 
-16.17818 1.16700 
-16.19316 1.16800 
-16.20814 1.16900 
-16.22312 1.17000 
-16.23811 1.17100 
-16.25309 1.17200 
-16.26807 1.17300 
-16.28305 1.17400 
-16.29804 1.17500 
-16.31302 1.17600 
-16.32800 1.17700 
-16.34299 1.17800 
-16.35797 1.17900 
-16.37295 1.18000 
-16.38793 1.18100 
-16.40292 1.18200 
-16.41790 1.18300 
-16.43288 1.18400 
-16.44786 1.18500 
-16.46285 1.18600 
-16.47783 1.18700 
-16.49281 1.18800 
-16.50779 1.18900 
-16.52278 1.19000 
-16.53776 1.19100 
-16.55274 1.19200 
-16.56773 1.19300 
-16.58271 1.19400 
-16.59769 1.19500 
-16.61267 1.19600 
-16.62766 1.19700 
-16.64264 1.19800 
-16.65762 1.19900 
-16.67260 1.20000 
-16.68759 1.20100 
-16.70257 1.20200 
-16.71755 1.20300 
-16.73253 1.20400 
-16.74752 1.20500 
-16.76250 1.20600 
-16.77748 1.20700 
-16.79247 1.20800 
-16.80745 1.20900 
-16.82243 1.21000 
-16.83741 1.21100 
-16.85240 1.21200 
-16.86738 1.21300 
-16.88236 1.21400 
-16.89734 1.21500 
-16.91233 1.21600 
-16.92731 1.21700 
-16.94229 1.21800 
-16.95727 1.21900 
-16.97226 1.22000 
-16.98724 1.22100 
-17.00222 1.22200 
-17.01721 1.22300 
-17.03219 1.22400 
-17.04717 1.22500 
-17.06215 1.22600 
-17.07714 1.22700 
-17.09212 1.22800 
-17.10710 1.22900 
-17.12208 1.23000 
-17.13707 1.23100 
-17.15205 1.23200 
-17.16703 1.23300 
-17.18201 1.23400 
-17.19700 1.23500 
-17.21198 1.23600 
-17.22696 1.23700 
-17.24195 1.23800 
-17.25693 1.23900 
-17.27191 1.24000 
-17.28689 1.24100 
-17.30188 1.24200 
-17.31686 1.24300 
-17.33184 1.24400 
-17.34682 1.24500 
-17.36181 1.24600 
-17.37679 1.24700 
-17.39177 1.24800 
-17.40675 1.24900 
-17.42174 1.25000 
-17.43672 1.25100 
-17.45170 1.25200 
-17.46669 1.25300 
-17.48167 1.25400 
-17.49665 1.25500 
-17.51163 1.25600 
-17.52662 1.25700 
-17.54160 1.25800 
-17.55658 1.25900 
-17.57156 1.26000 
-17.58655 1.26100 
-17.60153 1.26200 
-17.61651 1.26300 
-17.63149 1.26400 
-17.64648 1.26500 
-17.66146 1.26600 
-17.67644 1.26700 
-17.69143 1.26800 
-17.70641 1.26900 
-17.72139 1.27000 
-17.73637 1.27100 
-17.75136 1.27200 
-17.76634 1.27300 
-17.78132 1.27400 
-17.79630 1.27500 
-17.81129 1.27600 
-17.82627 1.27700 
-17.84125 1.27800 
-17.85623 1.27900 
-17.87122 1.28000 
-17.88620 1.28100 
-17.90118 1.28200 
-17.91617 1.28300 
-17.93115 1.28400 
-17.94613 1.28500 
-17.96111 1.28600 
-17.97610 1.28700 
-17.99108 1.28800 
-18.00606 1.28900 
-18.02104 1.29000 
-18.03603 1.29100 
-18.05101 1.29200 
-18.06599 1.29300 
-18.08097 1.29400 
-18.09596 1.29500 
-18.11094 1.29600 
-18.12592 1.29700 
-18.14091 1.29800 
-18.15589 1.29900 
-18.17087 1.30000 
-18.18585 1.30100 
-18.20084 1.30200 
-18.21582 1.30300 
-18.23080 1.30400 
-18.24578 1.30500 
-18.26077 1.30600 
-18.27575 1.30700 
-18.29073 1.30800 
-18.30571 1.30900 
-18.32070 1.31000 
-18.33568 1.31100 
-18.35066 1.31200 
-18.36565 1.31300 
-18.38063 1.31400 
-18.39561 1.31500 
-18.41059 1.31600 
-18.42558 1.31700 
-18.44056 1.31800 
-18.45554 1.31900 
-18.47052 1.32000 
-18.48551 1.32100 
-18.50049 1.32200 
-18.51547 1.32300 
-18.53045 1.32400 
-18.54544 1.32500 
-18.56042 1.32600 
-18.57540 1.32700 
-18.59039 1.32800 
-18.60537 1.32900 
-18.62035 1.33000 
-18.63533 1.33100 
-18.65032 1.33200 
-18.66530 1.33300 
-18.68028 1.33400 
-18.69526 1.33500 
-18.71025 1.33600 
-18.72523 1.33700 
-18.74021 1.33800 
-18.75519 1.33900 
-18.77018 1.34000 
-18.78516 1.34100 
-18.80014 1.34200 
-18.81513 1.34300 
-18.83011 1.34400 
-18.84509 1.34500 
-18.86007 1.34600 
-18.87506 1.34700 
-18.89004 1.34800 
-18.90502 1.34900 
-18.92000 1.35000 
-18.93499 1.35100 
-18.94997 1.35200 
-18.96495 1.35300 
-18.97993 1.35400 
-18.99492 1.35500 
-19.00990 1.35600 
-19.02488 1.35700 
-19.03987 1.35800 
-19.05485 1.35900 
-19.06983 1.36000 
-19.08481 1.36100 
-19.09980 1.36200 
-19.11478 1.36300 
-19.12976 1.36400 
-19.14474 1.36500 
-19.15973 1.36600 
-19.17471 1.36700 
-19.18969 1.36800 
-19.20468 1.36900 
-19.21966 1.37000 
-19.23464 1.37100 
-19.24962 1.37200 
-19.26461 1.37300 
-19.27959 1.37400 
-19.29457 1.37500 
-19.30955 1.37600 
-19.32454 1.37700 
-19.33952 1.37800 
-19.35450 1.37900 
-19.36948 1.38000 
-19.38447 1.38100 
-19.39945 1.38200 
-19.41443 1.38300 
-19.42942 1.38400 
-19.44440 1.38500 
-19.45938 1.38600 
-19.47436 1.38700 
-19.48935 1.38800 
-19.50433 1.38900 
-19.51931 1.39000 
-19.53429 1.39100 
-19.54928 1.39200 
-19.56426 1.39300 
-19.57924 1.39400 
-19.59422 1.39500 
-19.60921 1.39600 
-19.62419 1.39700 
-19.63917 1.39800 
-19.65416 1.39900 
-19.66914 1.40000 
-19.68412 1.40100 
-19.69910 1.40200 
-19.71409 1.40300 
-19.72907 1.40400 
-19.74405 1.40500 
-19.75903 1.40600 
-19.77402 1.40700 
-19.78900 1.40800 
-19.80398 1.40900 
-19.81896 1.41000 
-19.83395 1.41100 
-19.84893 1.41200 
-19.86391 1.41300 
-19.87890 1.41400 
-19.89388 1.41500 
-19.90886 1.41600 
-19.92384 1.41700 
-19.93883 1.41800 
-19.95381 1.41900 
-19.96879 1.42000 
-19.98377 1.42100 
-19.99876 1.42200 
-20.01374 1.42300 
-20.02872 1.42400 
-20.04370 1.42500 
-20.05869 1.42600 
-20.07367 1.42700 
-20.08865 1.42800 
-20.10364 1.42900 
-20.11862 1.43000 
-20.13360 1.43100 
-20.14858 1.43200 
-20.16357 1.43300 
-20.17855 1.43400 
-20.19353 1.43500 
-20.20851 1.43600 
-20.22350 1.43700 
-20.23848 1.43800 
-20.25346 1.43900 
-20.26844 1.44000 
-20.28343 1.44100 
-20.29841 1.44200 
-20.31339 1.44300 
-20.32838 1.44400 
-20.34336 1.44500 
-20.35834 1.44600 
-20.37332 1.44700 
-20.38831 1.44800 
-20.40329 1.44900 
-20.41827 1.45000 
-20.43325 1.45100 
-20.44824 1.45200 
-20.46322 1.45300 
-20.47820 1.45400 
-20.49319 1.45500 
-20.50817 1.45600 
-20.52315 1.45700 
-20.53813 1.45800 
-20.55312 1.45900 
-20.56810 1.46000 
-20.58308 1.46100 
-20.59806 1.46200 
-20.61305 1.46300 
-20.62803 1.46400 
-20.64301 1.46500 
-20.65799 1.46600 
-20.67298 1.46700 
-20.68796 1.46800 
-20.70294 1.46900 
-20.71793 1.47000 
-20.73291 1.47100 
-20.74789 1.47200 
-20.76287 1.47300 
-20.77786 1.47400 
-20.79284 1.47500 
-20.80782 1.47600 
-20.82280 1.47700 
-20.83779 1.47800 
-20.85277 1.47900 
-20.86775 1.48000 
-20.88273 1.48100 
-20.89772 1.48200 
-20.91270 1.48300 
-20.92768 1.48400 
-20.94267 1.48500 
-20.95765 1.48600 
-20.97263 1.48700 
-20.98761 1.48800 
-21.00260 1.48900 
-21.01758 1.49000 
-21.03256 1.49100 
-21.04754 1.49200 
-21.06253 1.49300 
-21.07751 1.49400 
-21.09249 1.49500 
-21.10747 1.49600 
-21.12246 1.49700 
-21.13744 1.49800 
-21.15242 1.49900 
-21.16741 1.50000 
-21.18239 1.50100 
-21.19737 1.50200 
-21.21235 1.50300 
-21.22734 1.50400 
-21.24232 1.50500 
-21.25730 1.50600 
-21.27228 1.50700 
-21.28727 1.50800 
-21.30225 1.50900 
-21.31723 1.51000 
-21.33221 1.51100 
-21.34720 1.51200 
-21.36218 1.51300 
-21.37716 1.51400 
-21.39215 1.51500 
-21.40713 1.51600 
-21.42211 1.51700 
-21.43709 1.51800 
-21.45208 1.51900 
-21.46706 1.52000 
-21.48204 1.52100 
-21.49702 1.52200 
-21.51201 1.52300 
-21.52699 1.52400 
-21.54197 1.52500 
-21.55696 1.52600 
-21.57194 1.52700 
-21.58692 1.52800 
-21.60190 1.52900 
-21.61689 1.53000 
-21.63187 1.53100 
-21.64685 1.53200 
-21.66183 1.53300 
-21.67682 1.53400 
-21.69180 1.53500 
-21.70678 1.53600 
-21.72176 1.53700 
-21.73675 1.53800 
-21.75173 1.53900 
-21.76671 1.54000 
-21.78170 1.54100 
-21.79668 1.54200 
-21.81166 1.54300 
-21.82664 1.54400 
-21.84163 1.54500 
-21.85661 1.54600 
-21.87159 1.54700 
-21.88657 1.54800 
-21.90156 1.54900 
-21.91654 1.55000 
-21.93152 1.55100 
-21.94650 1.55200 
-21.96149 1.55300 
-21.97647 1.55400 
-21.99145 1.55500 
-22.00644 1.55600 
-22.02142 1.55700 
-22.03640 1.55800 
-22.05138 1.55900 
-22.06637 1.56000 
-22.08135 1.56100 
-22.09633 1.56200 
-22.11131 1.56300 
-22.12630 1.56400 
-22.14128 1.56500 
-22.15626 1.56600 
-22.17124 1.56700 
-22.18623 1.56800 
-22.20121 1.56900 
-22.21619 1.57000 
-22.23118 1.57100 
-22.24616 1.57200 
-22.26114 1.57300 
-22.27612 1.57400 
-22.29111 1.57500 
-22.30609 1.57600 
-22.32107 1.57700 
-22.33605 1.57800 
-22.35104 1.57900 
-22.36602 1.58000 
-22.38100 1.58100 
-22.39598 1.58200 
-22.41097 1.58300 
-22.42595 1.58400 
-22.44093 1.58500 
-22.45592 1.58600 
-22.47090 1.58700 
-22.48588 1.58800 
-22.50086 1.58900 
-22.51585 1.59000 
-22.53083 1.59100 
-22.54581 1.59200 
-22.56079 1.59300 
-22.57578 1.59400 
-22.59076 1.59500 
-22.60574 1.59600 
-22.62073 1.59700 
-22.63571 1.59800 
-22.65069 1.59900 
-22.66567 1.60000 
-22.68066 1.60100 
-22.69564 1.60200 
-22.71062 1.60300 
-22.72560 1.60400 
-22.74059 1.60500 
-22.75557 1.60600 
-22.77055 1.60700 
-22.78553 1.60800 
-22.80052 1.60900 
-22.81550 1.61000 
-22.83048 1.61100 
-22.84547 1.61200 
-22.86045 1.61300 
-22.87543 1.61400 
-22.89041 1.61500 
-22.90540 1.61600 
-22.92038 1.61700 
-22.93536 1.61800 
-22.95034 1.61900 
-22.96533 1.62000 
-22.98031 1.62100 
-22.99529 1.62200 
-23.01027 1.62300 
-23.02526 1.62400 
-23.04024 1.62500 
-23.05522 1.62600 
-23.07021 1.62700 
-23.08519 1.62800 
-23.10017 1.62900 
-23.11515 1.63000 
-23.13014 1.63100 
-23.14512 1.63200 
-23.16010 1.63300 
-23.17508 1.63400 
-23.19007 1.63500 
-23.20505 1.63600 
-23.22003 1.63700 
-23.23501 1.63800 
-23.25000 1.63900 
-23.26498 1.64000 
-23.27996 1.64100 
-23.29495 1.64200 
-23.30993 1.64300 
-23.32491 1.64400 
-23.33989 1.64500 
-23.35488 1.64600 
-23.36986 1.64700 
-23.38484 1.64800 
-23.39982 1.64900 
-23.41481 1.65000 
-23.42979 1.65100 
-23.44477 1.65200 
-23.45975 1.65300 
-23.47474 1.65400 
-23.48972 1.65500 
-23.50470 1.65600 
-23.51969 1.65700 
-23.53467 1.65800 
-23.54965 1.65900 
-23.56463 1.66000 
-23.57962 1.66100 
-23.59460 1.66200 
-23.60958 1.66300 
-23.62456 1.66400 
-23.63955 1.66500 
-23.65453 1.66600 
-23.66951 1.66700 
-23.68450 1.66800 
-23.69948 1.66900 
-23.71446 1.67000 
-23.72944 1.67100 
-23.74443 1.67200 
-23.75941 1.67300 
-23.77439 1.67400 
-23.78937 1.67500 
-23.80436 1.67600 
-23.81934 1.67700 
-23.83432 1.67800 
-23.84930 1.67900 
-23.86429 1.68000 
-23.87927 1.68100 
-23.89425 1.68200 
-23.90924 1.68300 
-23.92422 1.68400 
-23.93920 1.68500 
-23.95418 1.68600 
-23.96917 1.68700 
-23.98415 1.68800 
-23.99913 1.68900 
-24.01411 1.69000 
-24.02910 1.69100 
-24.04408 1.69200 
-24.05906 1.69300 
-24.07404 1.69400 
-24.08903 1.69500 
-24.10401 1.69600 
-24.11899 1.69700 
-24.13398 1.69800 
-24.14896 1.69900 
-24.16394 1.70000 
-24.17892 1.70100 
-24.19391 1.70200 
-24.20889 1.70300 
-24.22387 1.70400 
-24.23885 1.70500 
-24.25384 1.70600 
-24.26882 1.70700 
-24.28380 1.70800 
-24.29878 1.70900 
-24.31377 1.71000 
-24.32875 1.71100 
-24.34373 1.71200 
-24.35872 1.71300 
-24.37370 1.71400 
-24.38868 1.71500 
-24.40366 1.71600 
-24.41865 1.71700 
-24.43363 1.71800 
-24.44861 1.71900 
-24.46359 1.72000 
-24.47858 1.72100 
-24.49356 1.72200 
-24.50854 1.72300 
-24.52353 1.72400 
-24.53851 1.72500 
-24.55349 1.72600 
-24.56847 1.72700 
-24.58346 1.72800 
-24.59844 1.72900 
-24.61342 1.73000 
-24.62840 1.73100 
-24.64339 1.73200 
-24.65837 1.73300 
-24.67335 1.73400 
-24.68833 1.73500 
-24.70332 1.73600 
-24.71830 1.73700 
-24.73328 1.73800 
-24.74827 1.73900 
-24.76325 1.74000 
-24.77823 1.74100 
-24.79321 1.74200 
-24.80820 1.74300 
-24.82318 1.74400 
-24.83816 1.74500 
-24.85314 1.74600 
-24.86813 1.74700 
-24.88311 1.74800 
-24.89809 1.74900 
-24.91307 1.75000 
-24.92806 1.75100 
-24.94304 1.75200 
-24.95802 1.75300 
-24.97301 1.75400 
-24.98799 1.75500 
-25.00297 1.75600 
-25.01795 1.75700 
-25.03294 1.75800 
-25.04792 1.75900 
-25.06290 1.76000 
-25.07788 1.76100 
-25.09287 1.76200 
-25.10785 1.76300 
-25.12283 1.76400 
-25.13781 1.76500 
-25.15280 1.76600 
-25.16778 1.76700 
-25.18276 1.76800 
-25.19775 1.76900 
-25.21273 1.77000 
-25.22771 1.77100 
-25.24269 1.77200 
-25.25768 1.77300 
-25.27266 1.77400 
-25.28764 1.77500 
-25.30262 1.77600 
-25.31761 1.77700 
-25.33259 1.77800 
-25.34757 1.77900 
-25.36255 1.78000 
-25.37754 1.78100 
-25.39252 1.78200 
-25.40750 1.78300 
-25.42249 1.78400 
-25.43747 1.78500 
-25.45245 1.78600 
-25.46743 1.78700 
-25.48242 1.78800 
-25.49740 1.78900 
-25.51238 1.79000 
-25.52736 1.79100 
-25.54235 1.79200 
-25.55733 1.79300 
-25.57231 1.79400 
-25.58730 1.79500 
-25.60228 1.79600 
-25.61726 1.79700 
-25.63224 1.79800 
-25.64723 1.79900 
-25.66221 1.80000 
-25.67719 1.80100 
-25.69217 1.80200 
-25.70716 1.80300 
-25.72214 1.80400 
-25.73712 1.80500 
-25.75210 1.80600 
-25.76709 1.80700 
-25.78207 1.80800 
-25.79705 1.80900 
-25.81204 1.81000 
-25.82702 1.81100 
-25.84200 1.81200 
-25.85698 1.81300 
-25.87197 1.81400 
-25.88695 1.81500 
-25.90193 1.81600 
-25.91691 1.81700 
-25.93190 1.81800 
-25.94688 1.81900 
-25.96186 1.82000 
-25.97684 1.82100 
-25.99183 1.82200 
-26.00681 1.82300 
-26.02179 1.82400 
-26.03678 1.82500 
-26.05176 1.82600 
-26.06674 1.82700 
-26.08172 1.82800 
-26.09671 1.82900 
-26.11169 1.83000 
-26.12667 1.83100 
-26.14165 1.83200 
-26.15664 1.83300 
-26.17162 1.83400 
-26.18660 1.83500 
-26.20158 1.83600 
-26.21657 1.83700 
-26.23155 1.83800 
-26.24653 1.83900 
-26.26152 1.84000 
-26.27650 1.84100 
-26.29148 1.84200 
-26.30646 1.84300 
-26.32145 1.84400 
-26.33643 1.84500 
-26.35141 1.84600 
-26.36639 1.84700 
-26.38138 1.84800 
-26.39636 1.84900 
-26.41134 1.85000 
-26.42632 1.85100 
-26.44131 1.85200 
-26.45629 1.85300 
-26.47127 1.85400 
-26.48626 1.85500 
-26.50124 1.85600 
-26.51622 1.85700 
-26.53120 1.85800 
-26.54619 1.85900 
-26.56117 1.86000 
-26.57615 1.86100 
-26.59113 1.86200 
-26.60612 1.86300 
-26.62110 1.86400 
-26.63608 1.86500 
-26.65107 1.86600 
-26.66605 1.86700 
-26.68103 1.86800 
-26.69601 1.86900 
-26.71100 1.87000 
-26.72598 1.87100 
-26.74096 1.87200 
-26.75594 1.87300 
-26.77093 1.87400 
-26.78591 1.87500 
-26.80089 1.87600 
-26.81587 1.87700 
-26.83086 1.87800 
-26.84584 1.87900 
-26.86082 1.88000 
-26.87581 1.88100 
-26.89079 1.88200 
-26.90577 1.88300 
-26.92075 1.88400 
-26.93574 1.88500 
-26.95072 1.88600 
-26.96570 1.88700 
-26.98068 1.88800 
-26.99567 1.88900 
-27.01065 1.89000 
-27.02563 1.89100 
-27.04061 1.89200 
-27.05560 1.89300 
-27.07058 1.89400 
-27.08556 1.89500 
-27.10055 1.89600 
-27.11553 1.89700 
-27.13051 1.89800 
-27.14549 1.89900 
-27.16048 1.90000 
-27.17546 1.90100 
-27.19044 1.90200 
-27.20542 1.90300 
-27.22041 1.90400 
-27.23539 1.90500 
-27.25037 1.90600 
-27.26535 1.90700 
-27.28034 1.90800 
-27.29532 1.90900 
-27.31030 1.91000 
-27.32529 1.91100 
-27.34027 1.91200 
-27.35525 1.91300 
-27.37023 1.91400 
-27.38522 1.91500 
-27.40020 1.91600 
-27.41518 1.91700 
-27.43016 1.91800 
-27.44515 1.91900 
-27.46013 1.92000 
-27.47511 1.92100 
-27.49009 1.92200 
-27.50508 1.92300 
-27.52006 1.92400 
-27.53504 1.92500 
-27.55003 1.92600 
-27.56501 1.92700 
-27.57999 1.92800 
-27.59497 1.92900 
-27.60996 1.93000 
-27.62494 1.93100 
-27.63992 1.93200 
-27.65490 1.93300 
-27.66989 1.93400 
-27.68487 1.93500 
-27.69985 1.93600 
-27.71484 1.93700 
-27.72982 1.93800 
-27.74480 1.93900 
-27.75978 1.94000 
-27.77477 1.94100 
-27.78975 1.94200 
-27.80473 1.94300 
-27.81971 1.94400 
-27.83470 1.94500 
-27.84968 1.94600 
-27.86466 1.94700 
-27.87964 1.94800 
-27.89463 1.94900 
-27.90961 1.95000 
-27.92459 1.95100 
-27.93958 1.95200 
-27.95456 1.95300 
-27.96954 1.95400 
-27.98452 1.95500 
-27.99951 1.95600 
-28.01449 1.95700 
-28.02947 1.95800 
-28.04445 1.95900 
-28.05944 1.96000 
-28.07442 1.96100 
-28.08940 1.96200 
-28.10438 1.96300 
-28.11937 1.96400 
-28.13435 1.96500 
-28.14933 1.96600 
-28.16432 1.96700 
-28.17930 1.96800 
-28.19428 1.96900 
-28.20926 1.97000 
-28.22425 1.97100 
-28.23923 1.97200 
-28.25421 1.97300 
-28.26919 1.97400 
-28.28418 1.97500 
-28.29916 1.97600 
-28.31414 1.97700 
-28.32912 1.97800 
-28.34411 1.97900 
-28.35909 1.98000 
-28.37407 1.98100 
-28.38906 1.98200 
-28.40404 1.98300 
-28.41902 1.98400 
-28.43400 1.98500 
-28.44899 1.98600 
-28.46397 1.98700 
-28.47895 1.98800 
-28.49393 1.98900 
-28.50892 1.99000 
-28.52390 1.99100 
-28.53888 1.99200 
-28.55386 1.99300 
-28.56885 1.99400 
-28.58383 1.99500 
-28.59881 1.99600 
-28.61380 1.99700 
-28.62878 1.99800 
-28.64376 1.99900 
-28.65874 2.00000 
-28.67373 2.00100 
-28.68871 2.00200 
-28.70369 2.00300 
-28.71867 2.00400 
-28.73366 2.00500 
-28.74864 2.00600 
-28.76362 2.00700 
-28.77861 2.00800 
-28.79359 2.00900 
-28.80857 2.01000 
-28.82355 2.01100 
-28.83854 2.01200 
-28.85352 2.01300 
-28.86850 2.01400 
-28.88348 2.01500 
-28.89847 2.01600 
-28.91345 2.01700 
-28.92843 2.01800 
-28.94341 2.01900 
-28.95840 2.02000 
-28.97338 2.02100 
-28.98836 2.02200 
-29.00335 2.02300 
-29.01833 2.02400 
-29.03331 2.02500 
-29.04829 2.02600 
-29.06328 2.02700 
-29.07826 2.02800 
-29.09324 2.02900 
-29.10822 2.03000 
-29.12321 2.03100 
-29.13819 2.03200 
-29.15317 2.03300 
-29.16815 2.03400 
-29.18314 2.03500 
-29.19812 2.03600 
-29.21310 2.03700 
-29.22809 2.03800 
-29.24307 2.03900 
-29.25805 2.04000 
-29.27303 2.04100 
-29.28802 2.04200 
-29.30300 2.04300 
-29.31798 2.04400 
-29.33296 2.04500 
-29.34795 2.04600 
-29.36293 2.04700 
-29.37791 2.04800 
-29.39289 2.04900 
-29.40788 2.05000 
-29.42286 2.05100 
-29.43784 2.05200 
-29.45283 2.05300 
-29.46781 2.05400 
-29.48279 2.05500 
-29.49777 2.05600 
-29.51276 2.05700 
-29.52774 2.05800 
-29.54272 2.05900 
-29.55770 2.06000 
-29.57269 2.06100 
-29.58767 2.06200 
-29.60265 2.06300 
-29.61764 2.06400 
-29.63262 2.06500 
-29.64760 2.06600 
-29.66258 2.06700 
-29.67757 2.06800 
-29.69255 2.06900 
-29.70753 2.07000 
-29.72251 2.07100 
-29.73750 2.07200 
-29.75248 2.07300 
-29.76746 2.07400 
-29.78244 2.07500 
-29.79743 2.07600 
-29.81241 2.07700 
-29.82739 2.07800 
-29.84238 2.07900 
-29.85736 2.08000 
-29.87234 2.08100 
-29.88732 2.08200 
-29.90231 2.08300 
-29.91729 2.08400 
-29.93227 2.08500 
-29.94725 2.08600 
-29.96224 2.08700 
-29.97722 2.08800 
-29.99220 2.08900 
-30.00718 2.09000 
-30.02217 2.09100 
-30.03715 2.09200 
-30.05213 2.09300 
-30.06712 2.09400 
-30.08210 2.09500 
-30.09708 2.09600 
-30.11206 2.09700 
-30.12705 2.09800 
-30.14203 2.09900 
-30.15701 2.10000 
-30.17199 2.10100 
-30.18698 2.10200 
-30.20196 2.10300 
-30.21694 2.10400 
-30.23192 2.10500 
-30.24691 2.10600 
-30.26189 2.10700 
-30.27687 2.10800 
-30.29186 2.10900 
-30.30684 2.11000 
-30.32182 2.11100 
-30.33680 2.11200 
-30.35179 2.11300 
-30.36677 2.11400 
-30.38175 2.11500 
-30.39673 2.11600 
-30.41172 2.11700 
-30.42670 2.11800 
-30.44168 2.11900 
-30.45666 2.12000 
-30.47165 2.12100 
-30.48663 2.12200 
-30.50161 2.12300 
-30.51660 2.12400 
-30.53158 2.12500 
-30.54656 2.12600 
-30.56154 2.12700 
-30.57653 2.12800 
-30.59151 2.12900 
-30.60649 2.13000 
-30.62147 2.13100 
-30.63646 2.13200 
-30.65144 2.13300 
-30.66642 2.13400 
-30.68141 2.13500 
-30.69639 2.13600 
-30.71137 2.13700 
-30.72635 2.13800 
-30.74134 2.13900 
-30.75632 2.14000 
-30.77130 2.14100 
-30.78628 2.14200 
-30.80127 2.14300 
-30.81625 2.14400 
-30.83123 2.14500 
-30.84621 2.14600 
-30.86120 2.14700 
-30.87618 2.14800 
-30.89116 2.14900 
-30.90615 2.15000 
-30.92113 2.15100 
-30.93611 2.15200 
-30.95109 2.15300 
-30.96608 2.15400 
-30.98106 2.15500 
-30.99604 2.15600 
-31.01102 2.15700 
-31.02601 2.15800 
-31.04099 2.15900 
-31.05597 2.16000 
-31.07095 2.16100 
-31.08594 2.16200 
-31.10092 2.16300 
-31.11590 2.16400 
-31.13089 2.16500 
-31.14587 2.16600 
-31.16085 2.16700 
-31.17583 2.16800 
-31.19082 2.16900 
-31.20580 2.17000 
-31.22078 2.17100 
-31.23576 2.17200 
-31.25075 2.17300 
-31.26573 2.17400 
-31.28071 2.17500 
-31.29569 2.17600 
-31.31068 2.17700 
-31.32566 2.17800 
-31.34064 2.17900 
-31.35563 2.18000 
-31.37061 2.18100 
-31.38559 2.18200 
-31.40057 2.18300 
-31.41556 2.18400 
-31.43054 2.18500 
-31.44552 2.18600 
-31.46050 2.18700 
-31.47549 2.18800 
-31.49047 2.18900 
-31.50545 2.19000 
-31.52043 2.19100 
-31.53542 2.19200 
-31.55040 2.19300 
-31.56538 2.19400 
-31.58037 2.19500 
-31.59535 2.19600 
-31.61033 2.19700 
-31.62531 2.19800 
-31.64030 2.19900 
-31.65528 2.20000 
-31.67026 2.20100 
-31.68524 2.20200 
-31.70023 2.20300 
-31.71521 2.20400 
-31.73019 2.20500 
-31.74518 2.20600 
-31.76016 2.20700 
-31.77514 2.20800 
-31.79012 2.20900 
-31.80511 2.21000 
-31.82009 2.21100 
-31.83507 2.21200 
-31.85005 2.21300 
-31.86504 2.21400 
-31.88002 2.21500 
-31.89500 2.21600 
-31.90998 2.21700 
-31.92497 2.21800 
-31.93995 2.21900 
-31.95493 2.22000 
-31.96992 2.22100 
-31.98490 2.22200 
-31.99988 2.22300 
-32.01486 2.22400 
-32.02985 2.22500 
-32.04483 2.22600 
-32.05981 2.22700 
-32.07479 2.22800 
-32.08978 2.22900 
-32.10476 2.23000 
-32.11974 2.23100 
-32.13472 2.23200 
-32.14971 2.23300 
-32.16469 2.23400 
-32.17967 2.23500 
-32.19466 2.23600 
-32.20964 2.23700 
-32.22462 2.23800 
-32.23960 2.23900 
-32.25459 2.24000 
-32.26957 2.24100 
-32.28455 2.24200 
-32.29953 2.24300 
-32.31452 2.24400 
-32.32950 2.24500 
-32.34448 2.24600 
-32.35946 2.24700 
-32.37445 2.24800 
-32.38943 2.24900 
-32.40441 2.25000 
-32.41940 2.25100 
-32.43438 2.25200 
-32.44936 2.25300 
-32.46434 2.25400 
-32.47933 2.25500 
-32.49431 2.25600 
-32.50929 2.25700 
-32.52427 2.25800 
-32.53926 2.25900 
-32.55424 2.26000 
-32.56922 2.26100 
-32.58420 2.26200 
-32.59919 2.26300 
-32.61417 2.26400 
-32.62915 2.26500 
-32.64414 2.26600 
-32.65912 2.26700 
-32.67410 2.26800 
-32.68908 2.26900 
-32.70407 2.27000 
-32.71905 2.27100 
-32.73403 2.27200 
-32.74901 2.27300 
-32.76400 2.27400 
-32.77898 2.27500 
-32.79396 2.27600 
-32.80895 2.27700 
-32.82393 2.27800 
-32.83891 2.27900 
-32.85389 2.28000 
-32.86888 2.28100 
-32.88386 2.28200 
-32.89884 2.28300 
-32.91382 2.28400 
-32.92881 2.28500 
-32.94379 2.28600 
-32.95877 2.28700 
-32.97375 2.28800 
-32.98874 2.28900 
-33.00372 2.29000 
-33.01870 2.29100 
-33.03369 2.29200 
-33.04867 2.29300 
-33.06365 2.29400 
-33.07863 2.29500 
-33.09362 2.29600 
-33.10860 2.29700 
-33.12358 2.29800 
-33.13856 2.29900 
-33.15355 2.30000 
-33.16853 2.30100 
-33.18351 2.30200 
-33.19849 2.30300 
-33.21348 2.30400 
-33.22846 2.30500 
-33.24344 2.30600 
-33.25843 2.30700 
-33.27341 2.30800 
-33.28839 2.30900 
-33.30337 2.31000 
-33.31836 2.31100 
-33.33334 2.31200 
-33.34832 2.31300 
-33.36330 2.31400 
-33.37829 2.31500 
-33.39327 2.31600 
-33.40825 2.31700 
-33.42323 2.31800 
-33.43822 2.31900 
-33.45320 2.32000 
-33.46818 2.32100 
-33.48317 2.32200 
-33.49815 2.32300 
-33.51313 2.32400 
-33.52811 2.32500 
-33.54310 2.32600 
-33.55808 2.32700 
-33.57306 2.32800 
-33.58804 2.32900 
-33.60303 2.33000 
-33.61801 2.33100 
-33.63299 2.33200 
-33.64797 2.33300 
-33.66296 2.33400 
-33.67794 2.33500 
-33.69292 2.33600 
-33.70791 2.33700 
-33.72289 2.33800 
-33.73787 2.33900 
-33.75285 2.34000 
-33.76784 2.34100 
-33.78282 2.34200 
-33.79780 2.34300 
-33.81278 2.34400 
-33.82777 2.34500 
-33.84275 2.34600 
-33.85773 2.34700 
-33.87272 2.34800 
-33.88770 2.34900 
-33.90268 2.35000 
-33.91766 2.35100 
-33.93265 2.35200 
-33.94763 2.35300 
-33.96261 2.35400 
-33.97759 2.35500 
-33.99258 2.35600 
-34.00756 2.35700 
-34.02254 2.35800 
-34.03752 2.35900 
-34.05251 2.36000 
-34.06749 2.36100 
-34.08247 2.36200 
-34.09746 2.36300 
-34.11244 2.36400 
-34.12742 2.36500 
-34.14240 2.36600 
-34.15739 2.36700 
-34.17237 2.36800 
-34.18735 2.36900 
-34.20233 2.37000 
-34.21732 2.37100 
-34.23230 2.37200 
-34.24728 2.37300 
-34.26226 2.37400 
-34.27725 2.37500 
-34.29223 2.37600 
-34.30721 2.37700 
-34.32220 2.37800 
-34.33718 2.37900 
-34.35216 2.38000 
-34.36714 2.38100 
-34.38213 2.38200 
-34.39711 2.38300 
-34.41209 2.38400 
-34.42707 2.38500 
-34.44206 2.38600 
-34.45704 2.38700 
-34.47202 2.38800 
-34.48700 2.38900 
-34.50199 2.39000 
-34.51697 2.39100 
-34.53195 2.39200 
-34.54694 2.39300 
-34.56192 2.39400 
-34.57690 2.39500 
-34.59188 2.39600 
-34.60687 2.39700 
-34.62185 2.39800 
-34.63683 2.39900 
-34.65181 2.40000 
-34.66680 2.40100 
-34.68178 2.40200 
-34.69676 2.40300 
-34.71174 2.40400 
-34.72673 2.40500 
-34.74171 2.40600 
-34.75669 2.40700 
-34.77168 2.40800 
-34.78666 2.40900 
-34.80164 2.41000 
-34.81662 2.41100 
-34.83161 2.41200 
-34.84659 2.41300 
-34.86157 2.41400 
-34.87655 2.41500 
-34.89154 2.41600 
-34.90652 2.41700 
-34.92150 2.41800 
-34.93649 2.41900 
-34.95147 2.42000 
-34.96645 2.42100 
-34.98143 2.42200 
-34.99642 2.42300 
-35.01140 2.42400 
-35.02638 2.42500 
-35.04136 2.42600 
-35.05635 2.42700 
-35.07133 2.42800 
-35.08631 2.42900 
-35.10129 2.43000 
-35.11628 2.43100 
-35.13126 2.43200 
-35.14624 2.43300 
-35.16123 2.43400 
-35.17621 2.43500 
-35.19119 2.43600 
-35.20617 2.43700 
-35.22116 2.43800 
-35.23614 2.43900 
-35.25112 2.44000 
-35.26610 2.44100 
-35.28109 2.44200 
-35.29607 2.44300 
-35.31105 2.44400 
-35.32603 2.44500 
-35.34102 2.44600 
-35.35600 2.44700 
-35.37098 2.44800 
-35.38597 2.44900 
-35.40095 2.45000 
-35.41593 2.45100 
-35.43091 2.45200 
-35.44590 2.45300 
-35.46088 2.45400 
-35.47586 2.45500 
-35.49084 2.45600 
-35.50583 2.45700 
-35.52081 2.45800 
-35.53579 2.45900 
-35.55077 2.46000 
-35.56576 2.46100 
-35.58074 2.46200 
-35.59572 2.46300 
-35.61071 2.46400 
-35.62569 2.46500 
-35.64067 2.46600 
-35.65565 2.46700 
-35.67064 2.46800 
-35.68562 2.46900 
-35.70060 2.47000 
-35.71558 2.47100 
-35.73057 2.47200 
-35.74555 2.47300 
-35.76053 2.47400 
-35.77552 2.47500 
-35.79050 2.47600 
-35.80548 2.47700 
-35.82046 2.47800 
-35.83545 2.47900 
-35.85043 2.48000 
-35.86541 2.48100 
-35.88039 2.48200 
-35.89538 2.48300 
-35.91036 2.48400 
-35.92534 2.48500 
-35.94032 2.48600 
-35.95531 2.48700 
-35.97029 2.48800 
-35.98527 2.48900 
-36.00026 2.49000 
-36.01524 2.49100 
-36.03022 2.49200 
-36.04520 2.49300 
-36.06019 2.49400 
-36.07517 2.49500 
-36.09015 2.49600 
-36.10513 2.49700 
-36.12012 2.49800 
-36.13510 2.49900 
-36.15008 2.50000 
-36.16506 2.50100 
-36.18005 2.50200 
-36.19503 2.50300 
-36.21001 2.50400 
-36.22500 2.50500 
-36.23998 2.50600 
-36.25496 2.50700 
-36.26994 2.50800 
-36.28493 2.50900 
-36.29991 2.51000 
-36.31489 2.51100 
-36.32987 2.51200 
-36.34486 2.51300 
-36.35984 2.51400 
-36.37482 2.51500 
-36.38980 2.51600 
-36.40479 2.51700 
-36.41977 2.51800 
-36.43475 2.51900 
-36.44974 2.52000 
-36.46472 2.52100 
-36.47970 2.52200 
-36.49468 2.52300 
-36.50967 2.52400 
-36.52465 2.52500 
-36.53963 2.52600 
-36.55461 2.52700 
-36.56960 2.52800 
-36.58458 2.52900 
-36.59956 2.53000 
-36.61454 2.53100 
-36.62953 2.53200 
-36.64451 2.53300 
-36.65949 2.53400 
-36.67448 2.53500 
-36.68946 2.53600 
-36.70444 2.53700 
-36.71942 2.53800 
-36.73441 2.53900 
-36.74939 2.54000 
-36.76437 2.54100 
-36.77935 2.54200 
-36.79434 2.54300 
-36.80932 2.54400 
-36.82430 2.54500 
-36.83929 2.54600 
-36.85427 2.54700 
-36.86925 2.54800 
-36.88423 2.54900 
-36.89922 2.55000 
-36.91420 2.55100 
-36.92918 2.55200 
-36.94416 2.55300 
-36.95915 2.55400 
-36.97413 2.55500 
-36.98911 2.55600 
-37.00409 2.55700 
-37.01908 2.55800 
-37.03406 2.55900 
-37.04904 2.56000 
-37.06403 2.56100 
-37.07901 2.56200 
-37.09399 2.56300 
-37.10897 2.56400 
-37.12396 2.56500 
-37.13894 2.56600 
-37.15392 2.56700 
-37.16890 2.56800 
-37.18389 2.56900 
-37.19887 2.57000 
-37.21385 2.57100 
-37.22883 2.57200 
-37.24382 2.57300 
-37.25880 2.57400 
-37.27378 2.57500 
-37.28877 2.57600 
-37.30375 2.57700 
-37.31873 2.57800 
-37.33371 2.57900 
-37.34870 2.58000 
-37.36368 2.58100 
-37.37866 2.58200 
-37.39364 2.58300 
-37.40863 2.58400 
-37.42361 2.58500 
-37.43859 2.58600 
-37.45357 2.58700 
-37.46856 2.58800 
-37.48354 2.58900 
-37.49852 2.59000 
-37.51351 2.59100 
-37.52849 2.59200 
-37.54347 2.59300 
-37.55845 2.59400 
-37.57344 2.59500 
-37.58842 2.59600 
-37.60340 2.59700 
-37.61838 2.59800 
-37.63337 2.59900 
-37.64835 2.60000 
-37.66333 2.60100 
-37.67831 2.60200 
-37.69330 2.60300 
-37.70828 2.60400 
-37.72326 2.60500 
-37.73825 2.60600 
-37.75323 2.60700 
-37.76821 2.60800 
-37.78319 2.60900 
-37.79818 2.61000 
-37.81316 2.61100 
-37.82814 2.61200 
-37.84312 2.61300 
-37.85811 2.61400 
-37.87309 2.61500 
-37.88807 2.61600 
-37.90306 2.61700 
-37.91804 2.61800 
-37.93302 2.61900 
-37.94800 2.62000 
-37.96299 2.62100 
-37.97797 2.62200 
-37.99295 2.62300 
-38.00793 2.62400 
-38.02292 2.62500 
-38.03790 2.62600 
-38.05288 2.62700 
-38.06786 2.62800 
-38.08285 2.62900 
-38.09783 2.63000 
-38.11281 2.63100 
-38.12780 2.63200 
-38.14278 2.63300 
-38.15776 2.63400 
-38.17274 2.63500 
-38.18773 2.63600 
-38.20271 2.63700 
-38.21769 2.63800 
-38.23267 2.63900 
-38.24766 2.64000 
-38.26264 2.64100 
-38.27762 2.64200 
-38.29260 2.64300 
-38.30759 2.64400 
-38.32257 2.64500 
-38.33755 2.64600 
-38.35254 2.64700 
-38.36752 2.64800 
-38.38250 2.64900 
-38.39748 2.65000 
-38.41247 2.65100 
-38.42745 2.65200 
-38.44243 2.65300 
-38.45741 2.65400 
-38.47240 2.65500 
-38.48738 2.65600 
-38.50236 2.65700 
-38.51734 2.65800 
-38.53233 2.65900 
-38.54731 2.66000 
-38.56229 2.66100 
-38.57728 2.66200 
-38.59226 2.66300 
-38.60724 2.66400 
-38.62222 2.66500 
-38.63721 2.66600 
-38.65219 2.66700 
-38.66717 2.66800 
-38.68215 2.66900 
-38.69714 2.67000 
-38.71212 2.67100 
-38.72710 2.67200 
-38.74208 2.67300 
-38.75707 2.67400 
-38.77205 2.67500 
-38.78703 2.67600 
-38.80202 2.67700 
-38.81700 2.67800 
-38.83198 2.67900 
-38.84696 2.68000 
-38.86195 2.68100 
-38.87693 2.68200 
-38.89191 2.68300 
-38.90689 2.68400 
-38.92188 2.68500 
-38.93686 2.68600 
-38.95184 2.68700 
-38.96683 2.68800 
-38.98181 2.68900 
-38.99679 2.69000 
-39.01177 2.69100 
-39.02676 2.69200 
-39.04174 2.69300 
-39.05672 2.69400 
-39.07170 2.69500 
-39.08669 2.69600 
-39.10167 2.69700 
-39.11665 2.69800 
-39.13163 2.69900 
-39.14662 2.70000 
-39.16160 2.70100 
-39.17658 2.70200 
-39.19157 2.70300 
-39.20655 2.70400 
-39.22153 2.70500 
-39.23651 2.70600 
-39.25150 2.70700 
-39.26648 2.70800 
-39.28146 2.70900 
-39.29644 2.71000 
-39.31143 2.71100 
-39.32641 2.71200 
-39.34139 2.71300 
-39.35637 2.71400 
-39.37136 2.71500 
-39.38634 2.71600 
-39.40132 2.71700 
-39.41631 2.71800 
-39.43129 2.71900 
-39.44627 2.72000 
-39.46125 2.72100 
-39.47624 2.72200 
-39.49122 2.72300 
-39.50620 2.72400 
-39.52118 2.72500 
-39.53617 2.72600 
-39.55115 2.72700 
-39.56613 2.72800 
-39.58111 2.72900 
-39.59610 2.73000 
-39.61108 2.73100 
-39.62606 2.73200 
-39.64105 2.73300 
-39.65603 2.73400 
-39.67101 2.73500 
-39.68599 2.73600 
-39.70098 2.73700 
-39.71596 2.73800 
-39.73094 2.73900 
-39.74592 2.74000 
-39.76091 2.74100 
-39.77589 2.74200 
-39.79087 2.74300 
-39.80585 2.74400 
-39.82084 2.74500 
-39.83582 2.74600 
-39.85080 2.74700 
-39.86579 2.74800 
-39.88077 2.74900 
-39.89575 2.75000 
-39.91073 2.75100 
-39.92572 2.75200 
-39.94070 2.75300 
-39.95568 2.75400 
-39.97066 2.75500 
-39.98565 2.75600 
-40.00063 2.75700 
-40.01561 2.75800 
-40.03060 2.75900 
-40.04558 2.76000 
-40.06056 2.76100 
-40.07554 2.76200 
-40.09053 2.76300 
-40.10551 2.76400 
-40.12049 2.76500 
-40.13547 2.76600 
-40.15046 2.76700 
-40.16544 2.76800 
-40.18042 2.76900 
-40.19540 2.77000 
-40.21039 2.77100 
-40.22537 2.77200 
-40.24035 2.77300 
-40.25534 2.77400 
-40.27032 2.77500 
-40.28530 2.77600 
-40.30028 2.77700 
-40.31527 2.77800 
-40.33025 2.77900 
-40.34523 2.78000 
-40.36021 2.78100 
-40.37520 2.78200 
-40.39018 2.78300 
-40.40516 2.78400 
-40.42014 2.78500 
-40.43513 2.78600 
-40.45011 2.78700 
-40.46509 2.78800 
-40.48008 2.78900 
-40.49506 2.79000 
-40.51004 2.79100 
-40.52502 2.79200 
-40.54001 2.79300 
-40.55499 2.79400 
-40.56997 2.79500 
-40.58495 2.79600 
-40.59994 2.79700 
-40.61492 2.79800 
-40.62990 2.79900 
-40.64488 2.80000 
-40.65987 2.80100 
-40.67485 2.80200 
-40.68983 2.80300 
-40.70482 2.80400 
-40.71980 2.80500 
-40.73478 2.80600 
-40.74976 2.80700 
-40.76475 2.80800 
-40.77973 2.80900 
-40.79471 2.81000 
-40.80969 2.81100 
-40.82468 2.81200 
-40.83966 2.81300 
-40.85464 2.81400 
-40.86963 2.81500 
-40.88461 2.81600 
-40.89959 2.81700 
-40.91457 2.81800 
-40.92956 2.81900 
-40.94454 2.82000 
-40.95952 2.82100 
-40.97450 2.82200 
-40.98949 2.82300 
-41.00447 2.82400 
-41.01945 2.82500 
-41.03443 2.82600 
-41.04942 2.82700 
-41.06440 2.82800 
-41.07938 2.82900 
-41.09437 2.83000 
-41.10935 2.83100 
-41.12433 2.83200 
-41.13931 2.83300 
-41.15430 2.83400 
-41.16928 2.83500 
-41.18426 2.83600 
-41.19924 2.83700 
-41.21423 2.83800 
-41.22921 2.83900 
-41.24419 2.84000 
-41.25917 2.84100 
-41.27416 2.84200 
-41.28914 2.84300 
-41.30412 2.84400 
-41.31911 2.84500 
-41.33409 2.84600 
-41.34907 2.84700 
-41.36405 2.84800 
-41.37904 2.84900 
-41.39402 2.85000 
-41.40900 2.85100 
-41.42398 2.85200 
-41.43897 2.85300 
-41.45395 2.85400 
-41.46893 2.85500 
-41.48391 2.85600 
-41.49890 2.85700 
-41.51388 2.85800 
-41.52886 2.85900 
-41.54385 2.86000 
-41.55883 2.86100 
-41.57381 2.86200 
-41.58879 2.86300 
-41.60378 2.86400 
-41.61876 2.86500 
-41.63374 2.86600 
-41.64872 2.86700 
-41.66371 2.86800 
-41.67869 2.86900 
-41.69367 2.87000 
-41.70865 2.87100 
-41.72364 2.87200 
-41.73862 2.87300 
-41.75360 2.87400 
-41.76859 2.87500 
-41.78357 2.87600 
-41.79855 2.87700 
-41.81353 2.87800 
-41.82852 2.87900 
-41.84350 2.88000 
-41.85848 2.88100 
-41.87346 2.88200 
-41.88845 2.88300 
-41.90343 2.88400 
-41.91841 2.88500 
-41.93340 2.88600 
-41.94838 2.88700 
-41.96336 2.88800 
-41.97834 2.88900 
-41.99333 2.89000 
-42.00831 2.89100 
-42.02329 2.89200 
-42.03827 2.89300 
-42.05326 2.89400 
-42.06824 2.89500 
-42.08322 2.89600 
-42.09820 2.89700 
-42.11319 2.89800 
-42.12817 2.89900 
-42.14315 2.90000 
-42.15814 2.90100 
-42.17312 2.90200 
-42.18810 2.90300 
-42.20308 2.90400 
-42.21807 2.90500 
-42.23305 2.90600 
-42.24803 2.90700 
-42.26301 2.90800 
-42.27800 2.90900 
-42.29298 2.91000 
-42.30796 2.91100 
-42.32294 2.91200 
-42.33793 2.91300 
-42.35291 2.91400 
-42.36789 2.91500 
-42.38288 2.91600 
-42.39786 2.91700 
-42.41284 2.91800 
-42.42782 2.91900 
-42.44281 2.92000 
-42.45779 2.92100 
-42.47277 2.92200 
-42.48775 2.92300 
-42.50274 2.92400 
-42.51772 2.92500 
-42.53270 2.92600 
-42.54768 2.92700 
-42.56267 2.92800 
-42.57765 2.92900 
-42.59263 2.93000 
-42.60762 2.93100 
-42.62260 2.93200 
-42.63758 2.93300 
-42.65256 2.93400 
-42.66755 2.93500 
-42.68253 2.93600 
-42.69751 2.93700 
-42.71249 2.93800 
-42.72748 2.93900 
-42.74246 2.94000 
-42.75744 2.94100 
-42.77242 2.94200 
-42.78741 2.94300 
-42.80239 2.94400 
-42.81737 2.94500 
-42.83236 2.94600 
-42.84734 2.94700 
-42.86232 2.94800 
-42.87730 2.94900 
-42.89229 2.95000 
-42.90727 2.95100 
-42.92225 2.95200 
-42.93723 2.95300 
-42.95222 2.95400 
-42.96720 2.95500 
-42.98218 2.95600 
-42.99717 2.95700 
-43.01215 2.95800 
-43.02713 2.95900 
-43.04211 2.96000 
-43.05710 2.96100 
-43.07208 2.96200 
-43.08706 2.96300 
-43.10204 2.96400 
-43.11703 2.96500 
-43.13201 2.96600 
-43.14699 2.96700 
-43.16197 2.96800 
-43.17696 2.96900 
-43.19194 2.97000 
-43.20692 2.97100 
-43.22191 2.97200 
-43.23689 2.97300 
-43.25187 2.97400 
-43.26685 2.97500 
-43.28184 2.97600 
-43.29682 2.97700 
-43.31180 2.97800 
-43.32678 2.97900 
-43.34177 2.98000 
-43.35675 2.98100 
-43.37173 2.98200 
-43.38671 2.98300 
-43.40170 2.98400 
-43.41668 2.98500 
-43.43166 2.98600 
-43.44665 2.98700 
-43.46163 2.98800 
-43.47661 2.98900 
-43.49159 2.99000 
-43.50658 2.99100 
-43.52156 2.99200 
-43.53654 2.99300 
-43.55152 2.99400 
-43.56651 2.99500 
-43.58149 2.99600 
-43.59647 2.99700 
-43.61145 2.99800 
-43.62644 2.99900 
-43.64142 3.00000 
-43.65640 3.00100 
-43.67139 3.00200 
-43.68637 3.00300 
-43.70135 3.00400 
-43.71633 3.00500 
-43.73132 3.00600 
-43.74630 3.00700 
-43.76128 3.00800 
-43.77626 3.00900 
-43.79125 3.01000 
-43.80623 3.01100 
-43.82121 3.01200 
-43.83619 3.01300 
-43.85118 3.01400 
-43.86616 3.01500 
-43.88114 3.01600 
-43.89613 3.01700 
-43.91111 3.01800 
-43.92609 3.01900 
-43.94107 3.02000 
-43.95606 3.02100 
-43.97104 3.02200 
-43.98602 3.02300 
-44.00100 3.02400 
-44.01599 3.02500 
-44.03097 3.02600 
-44.04595 3.02700 
-44.06094 3.02800 
-44.07592 3.02900 
-44.09090 3.03000 
-44.10588 3.03100 
-44.12087 3.03200 
-44.13585 3.03300 
-44.15083 3.03400 
-44.16581 3.03500 
-44.18080 3.03600 
-44.19578 3.03700 
-44.21076 3.03800 
-44.22574 3.03900 
-44.24073 3.04000 
-44.25571 3.04100 
-44.27069 3.04200 
-44.28568 3.04300 
-44.30066 3.04400 
-44.31564 3.04500 
-44.33062 3.04600 
-44.34561 3.04700 
-44.36059 3.04800 
-44.37557 3.04900 
-44.39055 3.05000 
-44.40554 3.05100 
-44.42052 3.05200 
-44.43550 3.05300 
-44.45048 3.05400 
-44.46547 3.05500 
-44.48045 3.05600 
-44.49543 3.05700 
-44.51042 3.05800 
-44.52540 3.05900 
-44.54038 3.06000 
-44.55536 3.06100 
-44.57035 3.06200 
-44.58533 3.06300 
-44.60031 3.06400 
-44.61529 3.06500 
-44.63028 3.06600 
-44.64526 3.06700 
-44.66024 3.06800 
-44.67522 3.06900 
-44.69021 3.07000 
-44.70519 3.07100 
-44.72017 3.07200 
-44.73516 3.07300 
-44.75014 3.07400 
-44.76512 3.07500 
-44.78010 3.07600 
-44.79509 3.07700 
-44.81007 3.07800 
-44.82505 3.07900 
-44.84003 3.08000 
-44.85502 3.08100 
-44.87000 3.08200 
-44.88498 3.08300 
-44.89996 3.08400 
-44.91495 3.08500 
-44.92993 3.08600 
-44.94491 3.08700 
-44.95990 3.08800 
-44.97488 3.08900 
-44.98986 3.09000 
-45.00484 3.09100 
-45.01983 3.09200 
-45.03481 3.09300 
-45.04979 3.09400 
-45.06477 3.09500 
-45.07976 3.09600 
-45.09474 3.09700 
-45.10972 3.09800 
-45.12471 3.09900 
-45.13969 3.10000 
-45.15467 3.10100 
-45.16965 3.10200 
-45.18464 3.10300 
-45.19962 3.10400 
-45.21460 3.10500 
-45.22958 3.10600 
-45.24457 3.10700 
-45.25955 3.10800 
-45.27453 3.10900 
-45.28951 3.11000 
-45.30450 3.11100 
-45.31948 3.11200 
-45.33446 3.11300 
-45.34945 3.11400 
-45.36443 3.11500 
-45.37941 3.11600 
-45.39439 3.11700 
-45.40938 3.11800 
-45.42436 3.11900 
-45.43934 3.12000 
-45.45432 3.12100 
-45.46931 3.12200 
-45.48429 3.12300 
-45.49927 3.12400 
-45.51425 3.12500 
-45.52924 3.12600 
-45.54422 3.12700 
-45.55920 3.12800 
-45.57419 3.12900 
-45.58917 3.13000 
-45.60415 3.13100 
-45.61913 3.13200 
-45.63412 3.13300 
-45.64910 3.13400 
-45.66408 3.13500 
-45.67906 3.13600 
-45.69405 3.13700 
-45.70903 3.13800 
-45.72401 3.13900 
-45.73899 3.14000 
-45.75398 3.14100 
-45.76896 3.14200 
-45.78394 3.14300 
-45.79893 3.14400 
-45.81391 3.14500 
-45.82889 3.14600 
-45.84387 3.14700 
-45.85886 3.14800 
-45.87384 3.14900 
-45.88882 3.15000 
-45.90380 3.15100 
-45.91879 3.15200 
-45.93377 3.15300 
-45.94875 3.15400 
-45.96373 3.15500 
-45.97872 3.15600 
-45.99370 3.15700 
-46.00868 3.15800 
-46.02367 3.15900 
-46.03865 3.16000 
-46.05363 3.16100 
-46.06861 3.16200 
-46.08360 3.16300 
-46.09858 3.16400 
-46.11356 3.16500 
-46.12854 3.16600 
-46.14353 3.16700 
-46.15851 3.16800 
-46.17349 3.16900 
-46.18848 3.17000 
-46.20346 3.17100 
-46.21844 3.17200 
-46.23342 3.17300 
-46.24841 3.17400 
-46.26339 3.17500 
-46.27837 3.17600 
-46.29335 3.17700 
-46.30834 3.17800 
-46.32332 3.17900 
-46.33830 3.18000 
-46.35328 3.18100 
-46.36827 3.18200 
-46.38325 3.18300 
-46.39823 3.18400 
-46.41322 3.18500 
-46.42820 3.18600 
-46.44318 3.18700 
-46.45816 3.18800 
-46.47315 3.18900 
-46.48813 3.19000 
-46.50311 3.19100 
-46.51809 3.19200 
-46.53308 3.19300 
-46.54806 3.19400 
-46.56304 3.19500 
-46.57802 3.19600 
-46.59301 3.19700 
-46.60799 3.19800 
-46.62297 3.19900 
-46.63796 3.20000 
-46.65294 3.20100 
-46.66792 3.20200 
-46.68290 3.20300 
-46.69789 3.20400 
-46.71287 3.20500 
-46.72785 3.20600 
-46.74283 3.20700 
-46.75782 3.20800 
-46.77280 3.20900 
-46.78778 3.21000 
-46.80276 3.21100 
-46.81775 3.21200 
-46.83273 3.21300 
-46.84771 3.21400 
-46.86270 3.21500 
-46.87768 3.21600 
-46.89266 3.21700 
-46.90764 3.21800 
-46.92263 3.21900 
-46.93761 3.22000 
-46.95259 3.22100 
-46.96757 3.22200 
-46.98256 3.22300 
-46.99754 3.22400 
-47.01252 3.22500 
-47.02751 3.22600 
-47.04249 3.22700 
-47.05747 3.22800 
-47.07245 3.22900 
-47.08744 3.23000 
-47.10242 3.23100 
-47.11740 3.23200 
-47.13238 3.23300 
-47.14737 3.23400 
-47.16235 3.23500 
-47.17733 3.23600 
-47.19231 3.23700 
-47.20730 3.23800 
-47.22228 3.23900 
-47.23726 3.24000 
-47.25225 3.24100 
-47.26723 3.24200 
-47.28221 3.24300 
-47.29719 3.24400 
-47.31218 3.24500 
-47.32716 3.24600 
-47.34214 3.24700 
-47.35712 3.24800 
-47.37211 3.24900 
-47.38709 3.25000 
-47.40207 3.25100 
-47.41705 3.25200 
-47.43204 3.25300 
-47.44702 3.25400 
-47.46200 3.25500 
-47.47699 3.25600 
-47.49197 3.25700 
-47.50695 3.25800 
-47.52193 3.25900 
-47.53692 3.26000 
-47.55190 3.26100 
-47.56688 3.26200 
-47.58186 3.26300 
-47.59685 3.26400 
-47.61183 3.26500 
-47.62681 3.26600 
-47.64179 3.26700 
-47.65678 3.26800 
-47.67176 3.26900 
-47.68674 3.27000 
-47.70173 3.27100 
-47.71671 3.27200 
-47.73169 3.27300 
-47.74667 3.27400 
-47.76166 3.27500 
-47.77664 3.27600 
-47.79162 3.27700 
-47.80660 3.27800 
-47.82159 3.27900 
-47.83657 3.28000 
-47.85155 3.28100 
-47.86653 3.28200 
-47.88152 3.28300 
-47.89650 3.28400 
-47.91148 3.28500 
-47.92647 3.28600 
-47.94145 3.28700 
-47.95643 3.28800 
-47.97141 3.28900 
-47.98640 3.29000 
-48.00138 3.29100 
-48.01636 3.29200 
-48.03134 3.29300 
-48.04633 3.29400 
-48.06131 3.29500 
-48.07629 3.29600 
-48.09128 3.29700 
-48.10626 3.29800 
-48.12124 3.29900 
-48.13622 3.30000 
-48.15121 3.30100 
-48.16619 3.30200 
-48.18117 3.30300 
-48.19615 3.30400 
-48.21114 3.30500 
-48.22612 3.30600 
-48.24110 3.30700 
-48.25608 3.30800 
-48.27107 3.30900 
-48.28605 3.31000 
-48.30103 3.31100 
-48.31602 3.31200 
-48.33100 3.31300 
-48.34598 3.31400 
-48.36096 3.31500 
-48.37595 3.31600 
-48.39093 3.31700 
-48.40591 3.31800 
-48.42089 3.31900 
-48.43588 3.32000 
-48.45086 3.32100 
-48.46584 3.32200 
-48.48082 3.32300 
-48.49581 3.32400 
-48.51079 3.32500 
-48.52577 3.32600 
-48.54076 3.32700 
-48.55574 3.32800 
-48.57072 3.32900 
-48.58570 3.33000 
-48.60069 3.33100 
-48.61567 3.33200 
-48.63065 3.33300 
-48.64563 3.33400 
-48.66062 3.33500 
-48.67560 3.33600 
-48.69058 3.33700 
-48.70556 3.33800 
-48.72055 3.33900 
-48.73553 3.34000 
-48.75051 3.34100 
-48.76550 3.34200 
-48.78048 3.34300 
-48.79546 3.34400 
-48.81044 3.34500 
-48.82543 3.34600 
-48.84041 3.34700 
-48.85539 3.34800 
-48.87037 3.34900 
-48.88536 3.35000 
-48.90034 3.35100 
-48.91532 3.35200 
-48.93030 3.35300 
-48.94529 3.35400 
-48.96027 3.35500 
-48.97525 3.35600 
-48.99024 3.35700 
-49.00522 3.35800 
-49.02020 3.35900 
-49.03518 3.36000 
-49.05017 3.36100 
-49.06515 3.36200 
-49.08013 3.36300 
-49.09511 3.36400 
-49.11010 3.36500 
-49.12508 3.36600 
-49.14006 3.36700 
-49.15505 3.36800 
-49.17003 3.36900 
-49.18501 3.37000 
-49.19999 3.37100 
-49.21498 3.37200 
-49.22996 3.37300 
-49.24494 3.37400 
-49.25992 3.37500 
-49.27491 3.37600 
-49.28989 3.37700 
-49.30487 3.37800 
-49.31985 3.37900 
-49.33484 3.38000 
-49.34982 3.38100 
-49.36480 3.38200 
-49.37979 3.38300 
-49.39477 3.38400 
-49.40975 3.38500 
-49.42473 3.38600 
-49.43972 3.38700 
-49.45470 3.38800 
-49.46968 3.38900 
-49.48466 3.39000 
-49.49965 3.39100 
-49.51463 3.39200 
-49.52961 3.39300 
-49.54459 3.39400 
-49.55958 3.39500 
-49.57456 3.39600 
-49.58954 3.39700 
-49.60453 3.39800 
-49.61951 3.39900 
-49.63449 3.40000 
-49.64947 3.40100 
-49.66446 3.40200 
-49.67944 3.40300 
-49.69442 3.40400 
-49.70940 3.40500 
-49.72439 3.40600 
-49.73937 3.40700 
-49.75435 3.40800 
-49.76933 3.40900 
-49.78432 3.41000 
-49.79930 3.41100 
-49.81428 3.41200 
-49.82927 3.41300 
-49.84425 3.41400 
-49.85923 3.41500 
-49.87421 3.41600 
-49.88920 3.41700 
-49.90418 3.41800 
-49.91916 3.41900 
-49.93414 3.42000 
-49.94913 3.42100 
-49.96411 3.42200 
-49.97909 3.42300 
-49.99407 3.42400 
-50.00906 3.42500 
-50.02404 3.42600 
-50.03902 3.42700 
-50.05401 3.42800 
-50.06899 3.42900 
-50.08397 3.43000 
-50.09895 3.43100 
-50.11394 3.43200 
-50.12892 3.43300 
-50.14390 3.43400 
-50.15888 3.43500 
-50.17387 3.43600 
-50.18885 3.43700 
-50.20383 3.43800 
-50.21882 3.43900 
-50.23380 3.44000 
-50.24878 3.44100 
-50.26376 3.44200 
-50.27875 3.44300 
-50.29373 3.44400 
-50.30871 3.44500 
-50.32369 3.44600 
-50.33868 3.44700 
-50.35366 3.44800 
-50.36864 3.44900 
-50.38362 3.45000 
-50.39861 3.45100 
-50.41359 3.45200 
-50.42857 3.45300 
-50.44356 3.45400 
-50.45854 3.45500 
-50.47352 3.45600 
-50.48850 3.45700 
-50.50349 3.45800 
-50.51847 3.45900 
-50.53345 3.46000 
-50.54843 3.46100 
-50.56342 3.46200 
-50.57840 3.46300 
-50.59338 3.46400 
-50.60836 3.46500 
-50.62335 3.46600 
-50.63833 3.46700 
-50.65331 3.46800 
-50.66830 3.46900 
-50.68328 3.47000 
-50.69826 3.47100 
-50.71324 3.47200 
-50.72823 3.47300 
-50.74321 3.47400 
-50.75819 3.47500 
-50.77317 3.47600 
-50.78816 3.47700 
-50.80314 3.47800 
-50.81812 3.47900 
-50.83310 3.48000 
-50.84809 3.48100 
-50.86307 3.48200 
-50.87805 3.48300 
-50.89304 3.48400 
-50.90802 3.48500 
-50.92300 3.48600 
-50.93798 3.48700 
-50.95297 3.48800 
-50.96795 3.48900 
-50.98293 3.49000 
-50.99791 3.49100 
-51.01290 3.49200 
-51.02788 3.49300 
-51.04286 3.49400 
-51.05784 3.49500 
-51.07283 3.49600 
-51.08781 3.49700 
-51.10279 3.49800 
-51.11778 3.49900 
-51.13276 3.50000 
-51.14774 3.50100 
-51.16272 3.50200 
-51.17771 3.50300 
-51.19269 3.50400 
-51.20767 3.50500 
-51.22265 3.50600 
-51.23764 3.50700 
-51.25262 3.50800 
-51.26760 3.50900 
-51.28259 3.51000 
-51.29757 3.51100 
-51.31255 3.51200 
-51.32753 3.51300 
-51.34252 3.51400 
-51.35750 3.51500 
-51.37248 3.51600 
-51.38746 3.51700 
-51.40245 3.51800 
-51.41743 3.51900 
-51.43241 3.52000 
-51.44739 3.52100 
-51.46238 3.52200 
-51.47736 3.52300 
-51.49234 3.52400 
-51.50733 3.52500 
-51.52231 3.52600 
-51.53729 3.52700 
-51.55227 3.52800 
-51.56726 3.52900 
-51.58224 3.53000 
-51.59722 3.53100 
-51.61220 3.53200 
-51.62719 3.53300 
-51.64217 3.53400 
-51.65715 3.53500 
-51.67213 3.53600 
-51.68712 3.53700 
-51.70210 3.53800 
-51.71708 3.53900 
-51.73207 3.54000 
-51.74705 3.54100 
-51.76203 3.54200 
-51.77701 3.54300 
-51.79200 3.54400 
-51.80698 3.54500 
-51.82196 3.54600 
-51.83694 3.54700 
-51.85193 3.54800 
-51.86691 3.54900 
-51.88189 3.55000 
-51.89687 3.55100 
-51.91186 3.55200 
-51.92684 3.55300 
-51.94182 3.55400 
-51.95681 3.55500 
-51.97179 3.55600 
-51.98677 3.55700 
-52.00175 3.55800 
-52.01674 3.55900 
-52.03172 3.56000 
-52.04670 3.56100 
-52.06168 3.56200 
-52.07667 3.56300 
-52.09165 3.56400 
-52.10663 3.56500 
-52.12162 3.56600 
-52.13660 3.56700 
-52.15158 3.56800 
-52.16656 3.56900 
-52.18155 3.57000 
-52.19653 3.57100 
-52.21151 3.57200 
-52.22649 3.57300 
-52.24148 3.57400 
-52.25646 3.57500 
-52.27144 3.57600 
-52.28642 3.57700 
-52.30141 3.57800 
-52.31639 3.57900 
-52.33137 3.58000 
-52.34636 3.58100 
-52.36134 3.58200 
-52.37632 3.58300 
-52.39130 3.58400 
-52.40629 3.58500 
-52.42127 3.58600 
-52.43625 3.58700 
-52.45123 3.58800 
-52.46622 3.58900 
-52.48120 3.59000 
-52.49618 3.59100 
-52.51116 3.59200 
-52.52615 3.59300 
-52.54113 3.59400 
-52.55611 3.59500 
-52.57110 3.59600 
-52.58608 3.59700 
-52.60106 3.59800 
-52.61604 3.59900 
-52.63103 3.60000 
-52.64601 3.60100 
-52.66099 3.60200 
-52.67597 3.60300 
-52.69096 3.60400 
-52.70594 3.60500 
-52.72092 3.60600 
-52.73590 3.60700 
-52.75089 3.60800 
-52.76587 3.60900 
-52.78085 3.61000 
-52.79584 3.61100 
-52.81082 3.61200 
-52.82580 3.61300 
-52.84078 3.61400 
-52.85577 3.61500 
-52.87075 3.61600 
-52.88573 3.61700 
-52.90071 3.61800 
-52.91570 3.61900 
-52.93068 3.62000 
-52.94566 3.62100 
-52.96064 3.62200 
-52.97563 3.62300 
-52.99061 3.62400 
-53.00559 3.62500 
-53.02058 3.62600 
-53.03556 3.62700 
-53.05054 3.62800 
-53.06552 3.62900 
-53.08051 3.63000 
-53.09549 3.63100 
-53.11047 3.63200 
-53.12545 3.63300 
-53.14044 3.63400 
-53.15542 3.63500 
-53.17040 3.63600 
-53.18539 3.63700 
-53.20037 3.63800 
-53.21535 3.63900 
-53.23033 3.64000 
-53.24532 3.64100 
-53.26030 3.64200 
-53.27528 3.64300 
-53.29026 3.64400 
-53.30525 3.64500 
-53.32023 3.64600 
-53.33521 3.64700 
-53.35019 3.64800 
-53.36518 3.64900 
-53.38016 3.65000 
-53.39514 3.65100 
-53.41013 3.65200 
-53.42511 3.65300 
-53.44009 3.65400 
-53.45507 3.65500 
-53.47006 3.65600 
-53.48504 3.65700 
-53.50002 3.65800 
-53.51500 3.65900 
-53.52999 3.66000 
-53.54497 3.66100 
-53.55995 3.66200 
-53.57493 3.66300 
-53.58992 3.66400 
-53.60490 3.66500 
-53.61988 3.66600 
-53.63487 3.66700 
-53.64985 3.66800 
-53.66483 3.66900 
-53.67981 3.67000 
-53.69480 3.67100 
-53.70978 3.67200 
-53.72476 3.67300 
-53.73974 3.67400 
-53.75473 3.67500 
-53.76971 3.67600 
-53.78469 3.67700 
-53.79967 3.67800 
-53.81466 3.67900 
-53.82964 3.68000 
-53.84462 3.68100 
-53.85961 3.68200 
-53.87459 3.68300 
-53.88957 3.68400 
-53.90455 3.68500 
-53.91954 3.68600 
-53.93452 3.68700 
-53.94950 3.68800 
-53.96448 3.68900 
-53.97947 3.69000 
-53.99445 3.69100 
-54.00943 3.69200 
-54.02441 3.69300 
-54.03940 3.69400 
-54.05438 3.69500 
-54.06936 3.69600 
-54.08435 3.69700 
-54.09933 3.69800 
-54.11431 3.69900 
-54.12929 3.70000 
-54.14428 3.70100 
-54.15926 3.70200 
-54.17424 3.70300 
-54.18922 3.70400 
-54.20421 3.70500 
-54.21919 3.70600 
-54.23417 3.70700 
-54.24916 3.70800 
-54.26414 3.70900 
-54.27912 3.71000 
-54.29410 3.71100 
-54.30909 3.71200 
-54.32407 3.71300 
-54.33905 3.71400 
-54.35403 3.71500 
-54.36902 3.71600 
-54.38400 3.71700 
-54.39898 3.71800 
-54.41396 3.71900 
-54.42895 3.72000 
-54.44393 3.72100 
-54.45891 3.72200 
-54.47390 3.72300 
-54.48888 3.72400 
-54.50386 3.72500 
-54.51884 3.72600 
-54.53383 3.72700 
-54.54881 3.72800 
-54.56379 3.72900 
-54.57877 3.73000 
-54.59376 3.73100 
-54.60874 3.73200 
-54.62372 3.73300 
-54.63870 3.73400 
-54.65369 3.73500 
-54.66867 3.73600 
-54.68365 3.73700 
-54.69864 3.73800 
-54.71362 3.73900 
-54.72860 3.74000 
-54.74358 3.74100 
-54.75857 3.74200 
-54.77355 3.74300 
-54.78853 3.74400 
-54.80351 3.74500 
-54.81850 3.74600 
-54.83348 3.74700 
-54.84846 3.74800 
-54.86344 3.74900 
-54.87843 3.75000 
-54.89341 3.75100 
-54.90839 3.75200 
-54.92338 3.75300 
-54.93836 3.75400 
-54.95334 3.75500 
-54.96832 3.75600 
-54.98331 3.75700 
-54.99829 3.75800 
-55.01327 3.75900 
-55.02825 3.76000 
-55.04324 3.76100 
-55.05822 3.76200 
-55.07320 3.76300 
-55.08818 3.76400 
-55.10317 3.76500 
-55.11815 3.76600 
-55.13313 3.76700 
-55.14812 3.76800 
-55.16310 3.76900 
-55.17808 3.77000 
-55.19306 3.77100 
-55.20805 3.77200 
-55.22303 3.77300 
-55.23801 3.77400 
-55.25299 3.77500 
-55.26798 3.77600 
-55.28296 3.77700 
-55.29794 3.77800 
-55.31293 3.77900 
-55.32791 3.78000 
-55.34289 3.78100 
-55.35787 3.78200 
-55.37286 3.78300 
-55.38784 3.78400 
-55.40282 3.78500 
-55.41780 3.78600 
-55.43279 3.78700 
-55.44777 3.78800 
-55.46275 3.78900 
-55.47773 3.79000 
-55.49272 3.79100 
-55.50770 3.79200 
-55.52268 3.79300 
-55.53767 3.79400 
-55.55265 3.79500 
-55.56763 3.79600 
-55.58261 3.79700 
-55.59760 3.79800 
-55.61258 3.79900 
-55.62756 3.80000 
-55.64254 3.80100 
-55.65753 3.80200 
-55.67251 3.80300 
-55.68749 3.80400 
-55.70247 3.80500 
-55.71746 3.80600 
-55.73244 3.80700 
-55.74742 3.80800 
-55.76241 3.80900 
-55.77739 3.81000 
-55.79237 3.81100 
-55.80735 3.81200 
-55.82234 3.81300 
-55.83732 3.81400 
-55.85230 3.81500 
-55.86728 3.81600 
-55.88227 3.81700 
-55.89725 3.81800 
-55.91223 3.81900 
-55.92721 3.82000 
-55.94220 3.82100 
-55.95718 3.82200 
-55.97216 3.82300 
-55.98715 3.82400 
-56.00213 3.82500 
-56.01711 3.82600 
-56.03209 3.82700 
-56.04708 3.82800 
-56.06206 3.82900 
-56.07704 3.83000 
-56.09202 3.83100 
-56.10701 3.83200 
-56.12199 3.83300 
-56.13697 3.83400 
-56.15195 3.83500 
-56.16694 3.83600 
-56.18192 3.83700 
-56.19690 3.83800 
-56.21189 3.83900 
-56.22687 3.84000 
-56.24185 3.84100 
-56.25683 3.84200 
-56.27182 3.84300 
-56.28680 3.84400 
-56.30178 3.84500 
-56.31676 3.84600 
-56.33175 3.84700 
-56.34673 3.84800 
-56.36171 3.84900 
-56.37670 3.85000 
-56.39168 3.85100 
-56.40666 3.85200 
-56.42164 3.85300 
-56.43663 3.85400 
-56.45161 3.85500 
-56.46659 3.85600 
-56.48157 3.85700 
-56.49656 3.85800 
-56.51154 3.85900 
-56.52652 3.86000 
-56.54150 3.86100 
-56.55649 3.86200 
-56.57147 3.86300 
-56.58645 3.86400 
-56.60144 3.86500 
-56.61642 3.86600 
-56.63140 3.86700 
-56.64638 3.86800 
-56.66137 3.86900 
-56.67635 3.87000 
-56.69133 3.87100 
-56.70631 3.87200 
-56.72130 3.87300 
-56.73628 3.87400 
-56.75126 3.87500 
-56.76624 3.87600 
-56.78123 3.87700 
-56.79621 3.87800 
-56.81119 3.87900 
-56.82618 3.88000 
-56.84116 3.88100 
-56.85614 3.88200 
-56.87112 3.88300 
-56.88611 3.88400 
-56.90109 3.88500 
-56.91607 3.88600 
-56.93105 3.88700 
-56.94604 3.88800 
-56.96102 3.88900 
-56.97600 3.89000 
-56.99098 3.89100 
-57.00597 3.89200 
-57.02095 3.89300 
-57.03593 3.89400 
-57.05092 3.89500 
-57.06590 3.89600 
-57.08088 3.89700 
-57.09586 3.89800 
-57.11085 3.89900 
-57.12583 3.90000 
-57.14081 3.90100 
-57.15579 3.90200 
-57.17078 3.90300 
-57.18576 3.90400 
-57.20074 3.90500 
-57.21573 3.90600 
-57.23071 3.90700 
-57.24569 3.90800 
-57.26067 3.90900 
-57.27566 3.91000 
-57.29064 3.91100 
-57.30562 3.91200 
-57.32060 3.91300 
-57.33559 3.91400 
-57.35057 3.91500 
-57.36555 3.91600 
-57.38053 3.91700 
-57.39552 3.91800 
-57.41050 3.91900 
-57.42548 3.92000 
-57.44047 3.92100 
-57.45545 3.92200 
-57.47043 3.92300 
-57.48541 3.92400 
-57.50040 3.92500 
-57.51538 3.92600 
-57.53036 3.92700 
-57.54534 3.92800 
-57.56033 3.92900 
-57.57531 3.93000 
-57.59029 3.93100 
-57.60527 3.93200 
-57.62026 3.93300 
-57.63524 3.93400 
-57.65022 3.93500 
-57.66521 3.93600 
-57.68019 3.93700 
-57.69517 3.93800 
-57.71015 3.93900 
-57.72514 3.94000 
-57.74012 3.94100 
-57.75510 3.94200 
-57.77008 3.94300 
-57.78507 3.94400 
-57.80005 3.94500 
-57.81503 3.94600 
-57.83001 3.94700 
-57.84500 3.94800 
-57.85998 3.94900 
-57.87496 3.95000 
-57.88995 3.95100 
-57.90493 3.95200 
-57.91991 3.95300 
-57.93489 3.95400 
-57.94988 3.95500 
-57.96486 3.95600 
-57.97984 3.95700 
-57.99482 3.95800 
-58.00981 3.95900 
-58.02479 3.96000 
-58.03977 3.96100 
-58.05475 3.96200 
-58.06974 3.96300 
-58.08472 3.96400 
-58.09970 3.96500 
-58.11469 3.96600 
-58.12967 3.96700 
-58.14465 3.96800 
-58.15963 3.96900 
-58.17462 3.97000 
-58.18960 3.97100 
-58.20458 3.97200 
-58.21956 3.97300 
-58.23455 3.97400 
-58.24953 3.97500 
-58.26451 3.97600 
-58.27950 3.97700 
-58.29448 3.97800 
-58.30946 3.97900 
-58.32444 3.98000 
-58.33943 3.98100 
-58.35441 3.98200 
-58.36939 3.98300 
-58.38437 3.98400 
-58.39936 3.98500 
-58.41434 3.98600 
-58.42932 3.98700 
-58.44430 3.98800 
-58.45929 3.98900 
-58.47427 3.99000 
-58.48925 3.99100 
-58.50424 3.99200 
-58.51922 3.99300 
-58.53420 3.99400 
-58.54918 3.99500 
-58.56417 3.99600 
-58.57915 3.99700 
-58.59413 3.99800 
-58.60911 3.99900 
-58.62410 4.00000 
-58.63908 4.00100 
-58.65406 4.00200 
-58.66904 4.00300 
-58.68403 4.00400 
-58.69901 4.00500 
-58.71399 4.00600 
-58.72898 4.00700 
-58.74396 4.00800 
-58.75894 4.00900 
-58.77392 4.01000 
-58.78891 4.01100 
-58.80389 4.01200 
-58.81887 4.01300 
-58.83385 4.01400 
-58.84884 4.01500 
-58.86382 4.01600 
-58.87880 4.01700 
-58.89378 4.01800 
-58.90877 4.01900 
-58.92375 4.02000 
-58.93873 4.02100 
-58.95372 4.02200 
-58.96870 4.02300 
-58.98368 4.02400 
-58.99866 4.02500 
-59.01365 4.02600 
-59.02863 4.02700 
-59.04361 4.02800 
-59.05859 4.02900 
-59.07358 4.03000 
-59.08856 4.03100 
-59.10354 4.03200 
-59.11852 4.03300 
-59.13351 4.03400 
-59.14849 4.03500 
-59.16347 4.03600 
-59.17846 4.03700 
-59.19344 4.03800 
-59.20842 4.03900 
-59.22340 4.04000 
-59.23839 4.04100 
-59.25337 4.04200 
-59.26835 4.04300 
-59.28333 4.04400 
-59.29832 4.04500 
-59.31330 4.04600 
-59.32828 4.04700 
-59.34327 4.04800 
-59.35825 4.04900 
-59.37323 4.05000 
-59.38821 4.05100 
-59.40320 4.05200 
-59.41818 4.05300 
-59.43316 4.05400 
-59.44814 4.05500 
-59.46313 4.05600 
-59.47811 4.05700 
-59.49309 4.05800 
-59.50807 4.05900 
-59.52306 4.06000 
-59.53804 4.06100 
-59.55302 4.06200 
-59.56801 4.06300 
-59.58299 4.06400 
-59.59797 4.06500 
-59.61295 4.06600 
-59.62794 4.06700 
-59.64292 4.06800 
-59.65790 4.06900 
-59.67288 4.07000 
-59.68787 4.07100 
-59.70285 4.07200 
-59.71783 4.07300 
-59.73281 4.07400 
-59.74780 4.07500 
-59.76278 4.07600 
-59.77776 4.07700 
-59.79275 4.07800 
-59.80773 4.07900 
-59.82271 4.08000 
-59.83769 4.08100 
-59.85268 4.08200 
-59.86766 4.08300 
-59.88264 4.08400 
-59.89762 4.08500 
-59.91261 4.08600 
-59.92759 4.08700 
-59.94257 4.08800 
-59.95755 4.08900 
-59.97254 4.09000 
-59.98752 4.09100 
-60.00250 4.09200 
-60.01749 4.09300 
-60.03247 4.09400 
-60.04745 4.09500 
-60.06243 4.09600 
-60.07742 4.09700 
-60.09240 4.09800 
-60.10738 4.09900 
-60.12236 4.10000 
-60.13735 4.10100 
-60.15233 4.10200 
-60.16731 4.10300 
-60.18229 4.10400 
-60.19728 4.10500 
-60.21226 4.10600 
-60.22724 4.10700 
-60.24223 4.10800 
-60.25721 4.10900 
-60.27219 4.11000 
-60.28717 4.11100 
-60.30216 4.11200 
-60.31714 4.11300 
-60.33212 4.11400 
-60.34710 4.11500 
-60.36209 4.11600 
-60.37707 4.11700 
-60.39205 4.11800 
-60.40704 4.11900 
-60.42202 4.12000 
-60.43700 4.12100 
-60.45198 4.12200 
-60.46697 4.12300 
-60.48195 4.12400 
-60.49693 4.12500 
-60.51191 4.12600 
-60.52690 4.12700 
-60.54188 4.12800 
-60.55686 4.12900 
-60.57184 4.13000 
-60.58683 4.13100 
-60.60181 4.13200 
-60.61679 4.13300 
-60.63178 4.13400 
-60.64676 4.13500 
-60.66174 4.13600 
-60.67672 4.13700 
-60.69171 4.13800 
-60.70669 4.13900 
-60.72167 4.14000 
-60.73665 4.14100 
-60.75164 4.14200 
-60.76662 4.14300 
-60.78160 4.14400 
-60.79658 4.14500 
-60.81157 4.14600 
-60.82655 4.14700 
-60.84153 4.14800 
-60.85652 4.14900 
-60.87150 4.15000 
-60.88648 4.15100 
-60.90146 4.15200 
-60.91645 4.15300 
-60.93143 4.15400 
-60.94641 4.15500 
-60.96139 4.15600 
-60.97638 4.15700 
-60.99136 4.15800 
-61.00634 4.15900 
-61.02132 4.16000 
-61.03631 4.16100 
-61.05129 4.16200 
-61.06627 4.16300 
-61.08126 4.16400 
-61.09624 4.16500 
-61.11122 4.16600 
-61.12620 4.16700 
-61.14119 4.16800 
-61.15617 4.16900 
-61.17115 4.17000 
-61.18613 4.17100 
-61.20112 4.17200 
-61.21610 4.17300 
-61.23108 4.17400 
-61.24606 4.17500 
-61.26105 4.17600 
-61.27603 4.17700 
-61.29101 4.17800 
-61.30600 4.17900 
-61.32098 4.18000 
-61.33596 4.18100 
-61.35094 4.18200 
-61.36593 4.18300 
-61.38091 4.18400 
-61.39589 4.18500 
-61.41087 4.18600 
-61.42586 4.18700 
-61.44084 4.18800 
-61.45582 4.18900 
-61.47081 4.19000 
-61.48579 4.19100 
-61.50077 4.19200 
-61.51575 4.19300 
-61.53074 4.19400 
-61.54572 4.19500 
-61.56070 4.19600 
-61.57568 4.19700 
-61.59067 4.19800 
-61.60565 4.19900 
-61.62063 4.20000 
-61.63561 4.20100 
-61.65060 4.20200 
-61.66558 4.20300 
-61.68056 4.20400 
-61.69555 4.20500 
-61.71053 4.20600 
-61.72551 4.20700 
-61.74049 4.20800 
-61.75548 4.20900 
-61.77046 4.21000 
-61.78544 4.21100 
-61.80042 4.21200 
-61.81541 4.21300 
-61.83039 4.21400 
-61.84537 4.21500 
-61.86035 4.21600 
-61.87534 4.21700 
-61.89032 4.21800 
-61.90530 4.21900 
-61.92029 4.22000 
-61.93527 4.22100 
-61.95025 4.22200 
-61.96523 4.22300 
-61.98022 4.22400 
-61.99520 4.22500 
-62.01018 4.22600 
-62.02516 4.22700 
-62.04015 4.22800 
-62.05513 4.22900 
-62.07011 4.23000 
-62.08509 4.23100 
-62.10008 4.23200 
-62.11506 4.23300 
-62.13004 4.23400 
-62.14503 4.23500 
-62.16001 4.23600 
-62.17499 4.23700 
-62.18997 4.23800 
-62.20496 4.23900 
-62.21994 4.24000 
-62.23492 4.24100 
-62.24990 4.24200 
-62.26489 4.24300 
-62.27987 4.24400 
-62.29485 4.24500 
-62.30983 4.24600 
-62.32482 4.24700 
-62.33980 4.24800 
-62.35478 4.24900 
-62.36977 4.25000 
-62.38475 4.25100 
-62.39973 4.25200 
-62.41471 4.25300 
-62.42970 4.25400 
-62.44468 4.25500 
-62.45966 4.25600 
-62.47464 4.25700 
-62.48963 4.25800 
-62.50461 4.25900 
-62.51959 4.26000 
-62.53458 4.26100 
-62.54956 4.26200 
-62.56454 4.26300 
-62.57952 4.26400 
-62.59451 4.26500 
-62.60949 4.26600 
-62.62447 4.26700 
-62.63945 4.26800 
-62.65444 4.26900 
-62.66942 4.27000 
-62.68440 4.27100 
-62.69938 4.27200 
-62.71437 4.27300 
-62.72935 4.27400 
-62.74433 4.27500 
-62.75932 4.27600 
-62.77430 4.27700 
-62.78928 4.27800 
-62.80426 4.27900 
-62.81925 4.28000 
-62.83423 4.28100 
-62.84921 4.28200 
-62.86419 4.28300 
-62.87918 4.28400 
-62.89416 4.28500 
-62.90914 4.28600 
-62.92412 4.28700 
-62.93911 4.28800 
-62.95409 4.28900 
-62.96907 4.29000 
-62.98406 4.29100 
-62.99904 4.29200 
-63.01402 4.29300 
-63.02900 4.29400 
-63.04399 4.29500 
-63.05897 4.29600 
-63.07395 4.29700 
-63.08893 4.29800 
-63.10392 4.29900 
-63.11890 4.30000 
-63.13388 4.30100 
-63.14886 4.30200 
-63.16385 4.30300 
-63.17883 4.30400 
-63.19381 4.30500 
-63.20880 4.30600 
-63.22378 4.30700 
-63.23876 4.30800 
-63.25374 4.30900 
-63.26873 4.31000 
-63.28371 4.31100 
-63.29869 4.31200 
-63.31367 4.31300 
-63.32866 4.31400 
-63.34364 4.31500 
-63.35862 4.31600 
-63.37361 4.31700 
-63.38859 4.31800 
-63.40357 4.31900 
-63.41855 4.32000 
-63.43354 4.32100 
-63.44852 4.32200 
-63.46350 4.32300 
-63.47848 4.32400 
-63.49347 4.32500 
-63.50845 4.32600 
-63.52343 4.32700 
-63.53841 4.32800 
-63.55340 4.32900 
-63.56838 4.33000 
-63.58336 4.33100 
-63.59835 4.33200 
-63.61333 4.33300 
-63.62831 4.33400 
-63.64329 4.33500 
-63.65828 4.33600 
-63.67326 4.33700 
-63.68824 4.33800 
-63.70322 4.33900 
-63.71821 4.34000 
-63.73319 4.34100 
-63.74817 4.34200 
-63.76315 4.34300 
-63.77814 4.34400 
-63.79312 4.34500 
-63.80810 4.34600 
-63.82309 4.34700 
-63.83807 4.34800 
-63.85305 4.34900 
-63.86803 4.35000 
-63.88302 4.35100 
-63.89800 4.35200 
-63.91298 4.35300 
-63.92796 4.35400 
-63.94295 4.35500 
-63.95793 4.35600 
-63.97291 4.35700 
-63.98789 4.35800 
-64.00288 4.35900 
-64.01786 4.36000 
-64.03284 4.36100 
-64.04783 4.36200 
-64.06281 4.36300 
-64.07779 4.36400 
-64.09277 4.36500 
-64.10776 4.36600 
-64.12274 4.36700 
-64.13772 4.36800 
-64.15270 4.36900 
-64.16769 4.37000 
-64.18267 4.37100 
-64.19765 4.37200 
-64.21263 4.37300 
-64.22762 4.37400 
-64.24260 4.37500 
-64.25758 4.37600 
-64.27257 4.37700 
-64.28755 4.37800 
-64.30253 4.37900 
-64.31751 4.38000 
-64.33250 4.38100 
-64.34748 4.38200 
-64.36246 4.38300 
-64.37744 4.38400 
-64.39243 4.38500 
-64.40741 4.38600 
-64.42239 4.38700 
-64.43738 4.38800 
-64.45236 4.38900 
-64.46734 4.39000 
-64.48232 4.39100 
-64.49731 4.39200 
-64.51229 4.39300 
-64.52727 4.39400 
-64.54225 4.39500 
-64.55724 4.39600 
-64.57222 4.39700 
-64.58720 4.39800 
-64.60218 4.39900 
-64.61717 4.40000 
-64.63215 4.40100 
-64.64713 4.40200 
-64.66212 4.40300 
-64.67710 4.40400 
-64.69208 4.40500 
-64.70706 4.40600 
-64.72205 4.40700 
-64.73703 4.40800 
-64.75201 4.40900 
-64.76699 4.41000 
-64.78198 4.41100 
-64.79696 4.41200 
-64.81194 4.41300 
-64.82692 4.41400 
-64.84191 4.41500 
-64.85689 4.41600 
-64.87187 4.41700 
-64.88686 4.41800 
-64.90184 4.41900 
-64.91682 4.42000 
-64.93180 4.42100 
-64.94679 4.42200 
-64.96177 4.42300 
-64.97675 4.42400 
-64.99173 4.42500 
-65.00672 4.42600 
-65.02170 4.42700 
-65.03668 4.42800 
-65.05166 4.42900 
-65.06665 4.43000 
-65.08163 4.43100 
-65.09661 4.43200 
-65.11160 4.43300 
-65.12658 4.43400 
-65.14156 4.43500 
-65.15654 4.43600 
-65.17153 4.43700 
-65.18651 4.43800 
-65.20149 4.43900 
-65.21647 4.44000 
-65.23146 4.44100 
-65.24644 4.44200 
-65.26142 4.44300 
-65.27640 4.44400 
-65.29139 4.44500 
-65.30637 4.44600 
-65.32135 4.44700 
-65.33634 4.44800 
-65.35132 4.44900 
-65.36630 4.45000 
-65.38128 4.45100 
-65.39627 4.45200 
-65.41125 4.45300 
-65.42623 4.45400 
-65.44121 4.45500 
-65.45620 4.45600 
-65.47118 4.45700 
-65.48616 4.45800 
-65.50115 4.45900 
-65.51613 4.46000 
-65.53111 4.46100 
-65.54609 4.46200 
-65.56108 4.46300 
-65.57606 4.46400 
-65.59104 4.46500 
-65.60602 4.46600 
-65.62101 4.46700 
-65.63599 4.46800 
-65.65097 4.46900 
-65.66595 4.47000 
-65.68094 4.47100 
-65.69592 4.47200 
-65.71090 4.47300 
-65.72589 4.47400 
-65.74087 4.47500 
-65.75585 4.47600 
-65.77083 4.47700 
-65.78582 4.47800 
-65.80080 4.47900 
-65.81578 4.48000 
-65.83076 4.48100 
-65.84575 4.48200 
-65.86073 4.48300 
-65.87571 4.48400 
-65.89069 4.48500 
-65.90568 4.48600 
-65.92066 4.48700 
-65.93564 4.48800 
-65.95063 4.48900 
-65.96561 4.49000 
-65.98059 4.49100 
-65.99557 4.49200 
-66.01056 4.49300 
-66.02554 4.49400 
-66.04052 4.49500 
-66.05550 4.49600 
-66.07049 4.49700 
-66.08547 4.49800 
-66.10045 4.49900 
-66.11543 4.50000 
-66.13042 4.50100 
-66.14540 4.50200 
-66.16038 4.50300 
-66.17537 4.50400 
-66.19035 4.50500 
-66.20533 4.50600 
-66.22031 4.50700 
-66.23530 4.50800 
-66.25028 4.50900 
-66.26526 4.51000 
-66.28024 4.51100 
-66.29523 4.51200 
-66.31021 4.51300 
-66.32519 4.51400 
-66.34017 4.51500 
-66.35516 4.51600 
-66.37014 4.51700 
-66.38512 4.51800 
-66.40011 4.51900 
-66.41509 4.52000 
-66.43007 4.52100 
-66.44505 4.52200 
-66.46004 4.52300 
-66.47502 4.52400 
-66.49000 4.52500 
-66.50498 4.52600 
-66.51997 4.52700 
-66.53495 4.52800 
-66.54993 4.52900 
-66.56492 4.53000 
-66.57990 4.53100 
-66.59488 4.53200 
-66.60986 4.53300 
-66.62485 4.53400 
-66.63983 4.53500 
-66.65481 4.53600 
-66.66979 4.53700 
-66.68478 4.53800 
-66.69976 4.53900 
-66.71474 4.54000 
-66.72972 4.54100 
-66.74471 4.54200 
-66.75969 4.54300 
-66.77467 4.54400 
-66.78966 4.54500 
-66.80464 4.54600 
-66.81962 4.54700 
-66.83460 4.54800 
-66.84959 4.54900 
-66.86457 4.55000 
-66.87955 4.55100 
-66.89453 4.55200 
-66.90952 4.55300 
-66.92450 4.55400 
-66.93948 4.55500 
-66.95446 4.55600 
-66.96945 4.55700 
-66.98443 4.55800 
-66.99941 4.55900 
-67.01440 4.56000 
-67.02938 4.56100 
-67.04436 4.56200 
-67.05934 4.56300 
-67.07433 4.56400 
-67.08931 4.56500 
-67.10429 4.56600 
-67.11927 4.56700 
-67.13426 4.56800 
-67.14924 4.56900 
-67.16422 4.57000 
-67.17920 4.57100 
-67.19419 4.57200 
-67.20917 4.57300 
-67.22415 4.57400 
-67.23914 4.57500 
-67.25412 4.57600 
-67.26910 4.57700 
-67.28408 4.57800 
-67.29907 4.57900 
-67.31405 4.58000 
-67.32903 4.58100 
-67.34401 4.58200 
-67.35900 4.58300 
-67.37398 4.58400 
-67.38896 4.58500 
-67.40394 4.58600 
-67.41893 4.58700 
-67.43391 4.58800 
-67.44889 4.58900 
-67.46388 4.59000 
-67.47886 4.59100 
-67.49384 4.59200 
-67.50882 4.59300 
-67.52381 4.59400 
-67.53879 4.59500 
-67.55377 4.59600 
-67.56875 4.59700 
-67.58374 4.59800 
-67.59872 4.59900 
-67.61370 4.60000 
-67.62869 4.60100 
-67.64367 4.60200 
-67.65865 4.60300 
-67.67363 4.60400 
-67.68862 4.60500 
-67.70360 4.60600 
-67.71858 4.60700 
-67.73356 4.60800 
-67.74855 4.60900 
-67.76353 4.61000 
-67.77851 4.61100 
-67.79349 4.61200 
-67.80848 4.61300 
-67.82346 4.61400 
-67.83844 4.61500 
-67.85343 4.61600 
-67.86841 4.61700 
-67.88339 4.61800 
-67.89837 4.61900 
-67.91336 4.62000 
-67.92834 4.62100 
-67.94332 4.62200 
-67.95830 4.62300 
-67.97329 4.62400 
-67.98827 4.62500 
-68.00325 4.62600 
-68.01823 4.62700 
-68.03322 4.62800 
-68.04820 4.62900 
-68.06318 4.63000 
-68.07817 4.63100 
-68.09315 4.63200 
-68.10813 4.63300 
-68.12311 4.63400 
-68.13810 4.63500 
-68.15308 4.63600 
-68.16806 4.63700 
-68.18304 4.63800 
-68.19803 4.63900 
-68.21301 4.64000 
-68.22799 4.64100 
-68.24297 4.64200 
-68.25796 4.64300 
-68.27294 4.64400 
-68.28792 4.64500 
-68.30291 4.64600 
-68.31789 4.64700 
-68.33287 4.64800 
-68.34785 4.64900 
-68.36284 4.65000 
-68.37782 4.65100 
-68.39280 4.65200 
-68.40778 4.65300 
-68.42277 4.65400 
-68.43775 4.65500 
-68.45273 4.65600 
-68.46772 4.65700 
-68.48270 4.65800 
-68.49768 4.65900 
-68.51266 4.66000 
-68.52765 4.66100 
-68.54263 4.66200 
-68.55761 4.66300 
-68.57259 4.66400 
-68.58758 4.66500 
-68.60256 4.66600 
-68.61754 4.66700 
-68.63252 4.66800 
-68.64751 4.66900 
-68.66249 4.67000 
-68.67747 4.67100 
-68.69246 4.67200 
-68.70744 4.67300 
-68.72242 4.67400 
-68.73740 4.67500 
-68.75239 4.67600 
-68.76737 4.67700 
-68.78235 4.67800 
-68.79733 4.67900 
-68.81232 4.68000 
-68.82730 4.68100 
-68.84228 4.68200 
-68.85726 4.68300 
-68.87225 4.68400 
-68.88723 4.68500 
-68.90221 4.68600 
-68.91720 4.68700 
-68.93218 4.68800 
-68.94716 4.68900 
-68.96214 4.69000 
-68.97713 4.69100 
-68.99211 4.69200 
-69.00709 4.69300 
-69.02207 4.69400 
-69.03706 4.69500 
-69.05204 4.69600 
-69.06702 4.69700 
-69.08200 4.69800 
-69.09699 4.69900 
-69.11197 4.70000 
-69.12695 4.70100 
-69.14194 4.70200 
-69.15692 4.70300 
-69.17190 4.70400 
-69.18688 4.70500 
-69.20187 4.70600 
-69.21685 4.70700 
-69.23183 4.70800 
-69.24681 4.70900 
-69.26180 4.71000 
-69.27678 4.71100 
-69.29176 4.71200 
-69.30674 4.71300 
-69.32173 4.71400 
-69.33671 4.71500 
-69.35169 4.71600 
-69.36668 4.71700 
-69.38166 4.71800 
-69.39664 4.71900 
-69.41162 4.72000 
-69.42661 4.72100 
-69.44159 4.72200 
-69.45657 4.72300 
-69.47155 4.72400 
-69.48654 4.72500 
-69.50152 4.72600 
-69.51650 4.72700 
-69.53149 4.72800 
-69.54647 4.72900 
-69.56145 4.73000 
-69.57643 4.73100 
-69.59142 4.73200 
-69.60640 4.73300 
-69.62138 4.73400 
-69.63636 4.73500 
-69.65135 4.73600 
-69.66633 4.73700 
-69.68131 4.73800 
-69.69629 4.73900 
-69.71128 4.74000 
-69.72626 4.74100 
-69.74124 4.74200 
-69.75623 4.74300 
-69.77121 4.74400 
-69.78619 4.74500 
-69.80117 4.74600 
-69.81616 4.74700 
-69.83114 4.74800 
-69.84612 4.74900 
-69.86110 4.75000 
-69.87609 4.75100 
-69.89107 4.75200 
-69.90605 4.75300 
-69.92103 4.75400 
-69.93602 4.75500 
-69.95100 4.75600 
-69.96598 4.75700 
-69.98097 4.75800 
-69.99595 4.75900 
-70.01093 4.76000 
-70.02591 4.76100 
-70.04090 4.76200 
-70.05588 4.76300 
-70.07086 4.76400 
-70.08584 4.76500 
-70.10083 4.76600 
-70.11581 4.76700 
-70.13079 4.76800 
-70.14577 4.76900 
-70.16076 4.77000 
-70.17574 4.77100 
-70.19072 4.77200 
-70.20571 4.77300 
-70.22069 4.77400 
-70.23567 4.77500 
-70.25065 4.77600 
-70.26564 4.77700 
-70.28062 4.77800 
-70.29560 4.77900 
-70.31058 4.78000 
-70.32557 4.78100 
-70.34055 4.78200 
-70.35553 4.78300 
-70.37051 4.78400 
-70.38550 4.78500 
-70.40048 4.78600 
-70.41546 4.78700 
-70.43045 4.78800 
-70.44543 4.78900 
-70.46041 4.79000 
-70.47539 4.79100 
-70.49038 4.79200 
-70.50536 4.79300 
-70.52034 4.79400 
-70.53532 4.79500 
-70.55031 4.79600 
-70.56529 4.79700 
-70.58027 4.79800 
-70.59526 4.79900 
-70.61024 4.80000 
-70.62522 4.80100 
-70.64020 4.80200 
-70.65519 4.80300 
-70.67017 4.80400 
-70.68515 4.80500 
-70.70013 4.80600 
-70.71512 4.80700 
-70.73010 4.80800 
-70.74508 4.80900 
-70.76006 4.81000 
-70.77505 4.81100 
-70.79003 4.81200 
-70.80501 4.81300 
-70.82000 4.81400 
-70.83498 4.81500 
-70.84996 4.81600 
-70.86494 4.81700 
-70.87993 4.81800 
-70.89491 4.81900 
-70.90989 4.82000 
-70.92487 4.82100 
-70.93986 4.82200 
-70.95484 4.82300 
-70.96982 4.82400 
-70.98480 4.82500 
-70.99979 4.82600 
-71.01477 4.82700 
-71.02975 4.82800 
-71.04474 4.82900 
-71.05972 4.83000 
-71.07470 4.83100 
-71.08968 4.83200 
-71.10467 4.83300 
-71.11965 4.83400 
-71.13463 4.83500 
-71.14961 4.83600 
-71.16460 4.83700 
-71.17958 4.83800 
-71.19456 4.83900 
-71.20954 4.84000 
-71.22453 4.84100 
-71.23951 4.84200 
-71.25449 4.84300 
-71.26948 4.84400 
-71.28446 4.84500 
-71.29944 4.84600 
-71.31442 4.84700 
-71.32941 4.84800 
-71.34439 4.84900 
-71.35937 4.85000 
-71.37435 4.85100 
-71.38934 4.85200 
-71.40432 4.85300 
-71.41930 4.85400 
-71.43428 4.85500 
-71.44927 4.85600 
-71.46425 4.85700 
-71.47923 4.85800 
-71.49422 4.85900 
-71.50920 4.86000 
-71.52418 4.86100 
-71.53916 4.86200 
-71.55415 4.86300 
-71.56913 4.86400 
-71.58411 4.86500 
-71.59909 4.86600 
-71.61408 4.86700 
-71.62906 4.86800 
-71.64404 4.86900 
-71.65903 4.87000 
-71.67401 4.87100 
-71.68899 4.87200 
-71.70397 4.87300 
-71.71896 4.87400 
-71.73394 4.87500 
-71.74892 4.87600 
-71.76390 4.87700 
-71.77889 4.87800 
-71.79387 4.87900 
-71.80885 4.88000 
-71.82383 4.88100 
-71.83882 4.88200 
-71.85380 4.88300 
-71.86878 4.88400 
-71.88377 4.88500 
-71.89875 4.88600 
-71.91373 4.88700 
-71.92871 4.88800 
-71.94370 4.88900 
-71.95868 4.89000 
-71.97366 4.89100 
-71.98864 4.89200 
-72.00363 4.89300 
-72.01861 4.89400 
-72.03359 4.89500 
-72.04857 4.89600 
-72.06356 4.89700 
-72.07854 4.89800 
-72.09352 4.89900 
-72.10851 4.90000 
-72.12349 4.90100 
-72.13847 4.90200 
-72.15345 4.90300 
-72.16844 4.90400 
-72.18342 4.90500 
-72.19840 4.90600 
-72.21338 4.90700 
-72.22837 4.90800 
-72.24335 4.90900 
-72.25833 4.91000 
-72.27331 4.91100 
-72.28830 4.91200 
-72.30328 4.91300 
-72.31826 4.91400 
-72.33325 4.91500 
-72.34823 4.91600 
-72.36321 4.91700 
-72.37819 4.91800 
-72.39318 4.91900 
-72.40816 4.92000 
-72.42314 4.92100 
-72.43812 4.92200 
-72.45311 4.92300 
-72.46809 4.92400 
-72.48307 4.92500 
-72.49805 4.92600 
-72.51304 4.92700 
-72.52802 4.92800 
-72.54300 4.92900 
-72.55799 4.93000 
-72.57297 4.93100 
-72.58795 4.93200 
-72.60293 4.93300 
-72.61792 4.93400 
-72.63290 4.93500 
-72.64788 4.93600 
-72.66286 4.93700 
-72.67785 4.93800 
-72.69283 4.93900 
-72.70781 4.94000 
-72.72280 4.94100 
-72.73778 4.94200 
-72.75276 4.94300 
-72.76774 4.94400 
-72.78273 4.94500 
-72.79771 4.94600 
-72.81269 4.94700 
-72.82767 4.94800 
-72.84266 4.94900 
-72.85764 4.95000 
-72.87262 4.95100 
-72.88760 4.95200 
-72.90259 4.95300 
-72.91757 4.95400 
-72.93255 4.95500 
-72.94754 4.95600 
-72.96252 4.95700 
-72.97750 4.95800 
-72.99248 4.95900 
-73.00747 4.96000 
-73.02245 4.96100 
-73.03743 4.96200 
-73.05241 4.96300 
-73.06740 4.96400 
-73.08238 4.96500 
-73.09736 4.96600 
-73.11234 4.96700 
-73.12733 4.96800 
-73.14231 4.96900 
-73.15729 4.97000 
-73.17228 4.97100 
-73.18726 4.97200 
-73.20224 4.97300 
-73.21722 4.97400 
-73.23221 4.97500 
-73.24719 4.97600 
-73.26217 4.97700 
-73.27715 4.97800 
-73.29214 4.97900 
-73.30712 4.98000 
-73.32210 4.98100 
-73.33708 4.98200 
-73.35207 4.98300 
-73.36705 4.98400 
-73.38203 4.98500 
-73.39702 4.98600 
-73.41200 4.98700 
-73.42698 4.98800 
-73.44196 4.98900 
-73.45695 4.99000 
-73.47193 4.99100 
-73.48691 4.99200 
-73.50189 4.99300 
-73.51688 4.99400 
-73.53186 4.99500 
-73.54684 4.99600 
-73.56182 4.99700 
-73.57681 4.99800 
-73.59179 4.99900 
