0.00000 0.00000 
0.00005 0.00100 
0.00020 0.00200 
0.00045 0.00300 
0.00079 0.00400 
0.00123 0.00500 
0.00176 0.00600 
0.00239 0.00700 
0.00311 0.00800 
0.00392 0.00900 
0.00482 0.01000 
0.00581 0.01100 
0.00689 0.01200 
0.00805 0.01300 
0.00930 0.01400 
0.01064 0.01500 
0.01206 0.01600 
0.01356 0.01700 
0.01515 0.01800 
0.01682 0.01900 
0.01856 0.02000 
0.02039 0.02100 
0.02230 0.02200 
0.02428 0.02300 
0.02634 0.02400 
0.02848 0.02500 
0.03069 0.02600 
0.03298 0.02700 
0.03534 0.02800 
0.03777 0.02900 
0.04027 0.03000 
0.04285 0.03100 
0.04549 0.03200 
0.04821 0.03300 
0.05099 0.03400 
0.05384 0.03500 
0.05676 0.03600 
0.05974 0.03700 
0.06279 0.03800 
0.06590 0.03900 
0.06908 0.04000 
0.07232 0.04100 
0.07562 0.04200 
0.07899 0.04300 
0.08242 0.04400 
0.08590 0.04500 
0.08945 0.04600 
0.09305 0.04700 
0.09672 0.04800 
0.10044 0.04900 
0.10422 0.05000 
0.10805 0.05100 
0.11194 0.05200 
0.11589 0.05300 
0.11989 0.05400 
0.12394 0.05500 
0.12805 0.05600 
0.13221 0.05700 
0.13642 0.05800 
0.14068 0.05900 
0.14500 0.06000 
0.14936 0.06100 
0.15378 0.06200 
0.15824 0.06300 
0.16275 0.06400 
0.16731 0.06500 
0.17192 0.06600 
0.17657 0.06700 
0.18127 0.06800 
0.18602 0.06900 
0.19081 0.07000 
0.19565 0.07100 
0.20053 0.07200 
0.20545 0.07300 
0.21042 0.07400 
0.21543 0.07500 
0.22048 0.07600 
0.22558 0.07700 
0.23072 0.07800 
0.23589 0.07900 
0.24111 0.08000 
0.24637 0.08100 
0.25167 0.08200 
0.25700 0.08300 
0.26238 0.08400 
0.26779 0.08500 
0.27324 0.08600 
0.27873 0.08700 
0.28425 0.08800 
0.28981 0.08900 
0.29541 0.09000 
0.30104 0.09100 
0.30671 0.09200 
0.31242 0.09300 
0.31815 0.09400 
0.32393 0.09500 
0.32973 0.09600 
0.33557 0.09700 
0.34144 0.09800 
0.34734 0.09900 
0.35328 0.10000 
0.35925 0.10100 
0.36525 0.10200 
0.37128 0.10300 
0.37734 0.10400 
0.38343 0.10500 
0.38955 0.10600 
0.39570 0.10700 
0.40188 0.10800 
0.40809 0.10900 
0.41433 0.11000 
0.42060 0.11100 
0.42689 0.11200 
0.43321 0.11300 
0.43956 0.11400 
0.44594 0.11500 
0.45234 0.11600 
0.45877 0.11700 
0.46523 0.11800 
0.47171 0.11900 
0.47822 0.12000 
0.48475 0.12100 
0.49131 0.12200 
0.49789 0.12300 
0.50449 0.12400 
0.51113 0.12500 
0.51778 0.12600 
0.52446 0.12700 
0.53116 0.12800 
0.53788 0.12900 
0.54463 0.13000 
0.55140 0.13100 
0.55819 0.13200 
0.56501 0.13300 
0.57184 0.13400 
0.57870 0.13500 
0.58558 0.13600 
0.59248 0.13700 
0.59940 0.13800 
0.60634 0.13900 
0.61330 0.14000 
0.62028 0.14100 
0.62728 0.14200 
0.63430 0.14300 
0.64134 0.14400 
0.64840 0.14500 
0.65548 0.14600 
0.66258 0.14700 
0.66969 0.14800 
0.67683 0.14900 
0.68398 0.15000 
0.69115 0.15100 
0.69834 0.15200 
0.70554 0.15300 
0.71276 0.15400 
0.72000 0.15500 
0.72726 0.15600 
0.73453 0.15700 
0.74182 0.15800 
0.74913 0.15900 
0.75645 0.16000 
0.76379 0.16100 
0.77114 0.16200 
0.77851 0.16300 
0.78590 0.16400 
0.79330 0.16500 
0.80071 0.16600 
0.80814 0.16700 
0.81559 0.16800 
0.82305 0.16900 
0.83052 0.17000 
0.83801 0.17100 
0.84551 0.17200 
0.85303 0.17300 
0.86056 0.17400 
0.86810 0.17500 
0.87566 0.17600 
0.88323 0.17700 
0.89081 0.17800 
0.89841 0.17900 
0.90602 0.18000 
0.91364 0.18100 
0.92127 0.18200 
0.92892 0.18300 
0.93658 0.18400 
0.94425 0.18500 
0.95194 0.18600 
0.95963 0.18700 
0.96734 0.18800 
0.97506 0.18900 
0.98279 0.19000 
0.99053 0.19100 
0.99828 0.19200 
1.00604 0.19300 
1.01382 0.19400 
1.02160 0.19500 
1.02940 0.19600 
1.03720 0.19700 
1.04502 0.19800 
1.05285 0.19900 
1.06069 0.20000 
1.06853 0.20100 
1.07639 0.20200 
1.08426 0.20300 
1.09213 0.20400 
1.10002 0.20500 
1.10792 0.20600 
1.11583 0.20700 
1.12374 0.20800 
1.13167 0.20900 
1.13960 0.21000 
1.14754 0.21100 
1.15549 0.21200 
1.16345 0.21300 
1.17142 0.21400 
1.17940 0.21500 
1.18739 0.21600 
1.19538 0.21700 
1.20338 0.21800 
1.21140 0.21900 
1.21941 0.22000 
1.22744 0.22100 
1.23548 0.22200 
1.24352 0.22300 
1.25157 0.22400 
1.25963 0.22500 
1.26770 0.22600 
1.27577 0.22700 
1.28385 0.22800 
1.29194 0.22900 
1.30003 0.23000 
1.30813 0.23100 
1.31624 0.23200 
1.32436 0.23300 
1.33248 0.23400 
1.34061 0.23500 
1.34875 0.23600 
1.35690 0.23700 
1.36505 0.23800 
1.37320 0.23900 
1.38137 0.24000 
1.38953 0.24100 
1.39771 0.24200 
1.40589 0.24300 
1.41408 0.24400 
1.42228 0.24500 
1.43048 0.24600 
1.43868 0.24700 
1.44689 0.24800 
1.45511 0.24900 
1.46334 0.25000 
1.47157 0.25100 
1.47980 0.25200 
1.48804 0.25300 
1.49629 0.25400 
1.50454 0.25500 
1.51280 0.25600 
1.52106 0.25700 
1.52932 0.25800 
1.53760 0.25900 
1.54588 0.26000 
1.55416 0.26100 
1.56245 0.26200 
1.57074 0.26300 
1.57904 0.26400 
1.58734 0.26500 
1.59565 0.26600 
1.60396 0.26700 
1.61227 0.26800 
1.62060 0.26900 
1.62892 0.27000 
1.63725 0.27100 
1.64559 0.27200 
1.65393 0.27300 
1.66227 0.27400 
1.67062 0.27500 
1.67897 0.27600 
1.68733 0.27700 
1.69569 0.27800 
1.70405 0.27900 
1.71242 0.28000 
1.72079 0.28100 
1.72917 0.28200 
1.73755 0.28300 
1.74594 0.28400 
1.75432 0.28500 
1.76272 0.28600 
1.77111 0.28700 
1.77951 0.28800 
1.78792 0.28900 
1.79632 0.29000 
1.80473 0.29100 
1.81315 0.29200 
1.82157 0.29300 
1.82999 0.29400 
1.83841 0.29500 
1.84684 0.29600 
1.85527 0.29700 
1.86371 0.29800 
1.87214 0.29900 
1.88059 0.30000 
1.88903 0.30100 
1.89748 0.30200 
1.90593 0.30300 
1.91438 0.30400 
1.92284 0.30500 
1.93130 0.30600 
1.93976 0.30700 
1.94823 0.30800 
1.95670 0.30900 
1.96517 0.31000 
1.97364 0.31100 
1.98212 0.31200 
1.99060 0.31300 
1.99908 0.31400 
2.00757 0.31500 
2.01606 0.31600 
2.02455 0.31700 
2.03304 0.31800 
2.04154 0.31900 
2.05004 0.32000 
2.05854 0.32100 
2.06704 0.32200 
2.07555 0.32300 
2.08406 0.32400 
2.09257 0.32500 
2.10108 0.32600 
2.10960 0.32700 
2.11812 0.32800 
2.12664 0.32900 
2.13516 0.33000 
2.14369 0.33100 
2.15222 0.33200 
2.16075 0.33300 
2.16928 0.33400 
2.17781 0.33500 
2.18635 0.33600 
2.19489 0.33700 
2.20343 0.33800 
2.21197 0.33900 
2.22051 0.34000 
2.22906 0.34100 
2.23761 0.34200 
2.24616 0.34300 
2.25471 0.34400 
2.26327 0.34500 
2.27183 0.34600 
2.28038 0.34700 
2.28894 0.34800 
2.29751 0.34900 
2.30607 0.35000 
2.31464 0.35100 
2.32320 0.35200 
2.33177 0.35300 
2.34034 0.35400 
2.34892 0.35500 
2.35749 0.35600 
2.36607 0.35700 
2.37465 0.35800 
2.38323 0.35900 
2.39181 0.36000 
2.40039 0.36100 
2.40897 0.36200 
2.41756 0.36300 
2.42615 0.36400 
2.43474 0.36500 
2.44333 0.36600 
2.45192 0.36700 
2.46051 0.36800 
2.46911 0.36900 
2.47771 0.37000 
2.48630 0.37100 
2.49490 0.37200 
2.50350 0.37300 
2.51211 0.37400 
2.52071 0.37500 
2.52931 0.37600 
2.53792 0.37700 
2.54653 0.37800 
2.55514 0.37900 
2.56375 0.38000 
2.57236 0.38100 
2.58097 0.38200 
2.58959 0.38300 
2.59820 0.38400 
2.60682 0.38500 
2.61543 0.38600 
2.62405 0.38700 
2.63267 0.38800 
2.64129 0.38900 
2.64992 0.39000 
2.65854 0.39100 
2.66717 0.39200 
2.67579 0.39300 
2.68442 0.39400 
2.69305 0.39500 
2.70167 0.39600 
2.71031 0.39700 
2.71894 0.39800 
2.72757 0.39900 
2.73620 0.40000 
2.74484 0.40100 
2.75347 0.40200 
2.76211 0.40300 
2.77074 0.40400 
2.77938 0.40500 
2.78802 0.40600 
2.79666 0.40700 
2.80530 0.40800 
2.81395 0.40900 
2.82259 0.41000 
2.83123 0.41100 
2.83988 0.41200 
2.84852 0.41300 
2.85717 0.41400 
2.86582 0.41500 
2.87446 0.41600 
2.88311 0.41700 
2.89176 0.41800 
2.90041 0.41900 
2.90907 0.42000 
2.91772 0.42100 
2.92637 0.42200 
2.93503 0.42300 
2.94368 0.42400 
2.95234 0.42500 
2.96099 0.42600 
2.96965 0.42700 
2.97831 0.42800 
2.98697 0.42900 
2.99563 0.43000 
3.00429 0.43100 
3.01295 0.43200 
3.02161 0.43300 
3.03027 0.43400 
3.03893 0.43500 
3.04760 0.43600 
3.05626 0.43700 
3.06493 0.43800 
3.07359 0.43900 
3.08226 0.44000 
3.09092 0.44100 
3.09959 0.44200 
3.10826 0.44300 
3.11693 0.44400 
3.12560 0.44500 
3.13427 0.44600 
3.14294 0.44700 
3.15161 0.44800 
3.16028 0.44900 
3.16895 0.45000 
3.17763 0.45100 
3.18630 0.45200 
3.19497 0.45300 
3.20365 0.45400 
3.21232 0.45500 
3.22100 0.45600 
3.22967 0.45700 
3.23835 0.45800 
3.24703 0.45900 
3.25571 0.46000 
3.26438 0.46100 
3.27306 0.46200 
3.28174 0.46300 
3.29042 0.46400 
3.29910 0.46500 
3.30778 0.46600 
3.31647 0.46700 
3.32515 0.46800 
3.33383 0.46900 
3.34251 0.47000 
3.35119 0.47100 
3.35988 0.47200 
3.36856 0.47300 
3.37725 0.47400 
3.38593 0.47500 
3.39462 0.47600 
3.40330 0.47700 
3.41199 0.47800 
3.42068 0.47900 
3.42936 0.48000 
3.43805 0.48100 
3.44674 0.48200 
3.45543 0.48300 
3.46411 0.48400 
3.47280 0.48500 
3.48149 0.48600 
3.49018 0.48700 
3.49887 0.48800 
3.50756 0.48900 
3.51625 0.49000 
3.52495 0.49100 
3.53364 0.49200 
3.54233 0.49300 
3.55102 0.49400 
3.55971 0.49500 
3.56841 0.49600 
3.57710 0.49700 
3.58579 0.49800 
3.59449 0.49900 
3.60318 0.50000 
3.61188 0.50100 
3.62057 0.50200 
3.62927 0.50300 
3.63796 0.50400 
3.64666 0.50500 
3.65535 0.50600 
3.66405 0.50700 
3.67275 0.50800 
3.68145 0.50900 
3.69014 0.51000 
3.69884 0.51100 
3.70754 0.51200 
3.71624 0.51300 
3.72493 0.51400 
3.73363 0.51500 
3.74233 0.51600 
3.75103 0.51700 
3.75973 0.51800 
3.76843 0.51900 
3.77713 0.52000 
3.78583 0.52100 
3.79453 0.52200 
3.80323 0.52300 
3.81193 0.52400 
3.82064 0.52500 
3.82934 0.52600 
3.83804 0.52700 
3.84674 0.52800 
3.85544 0.52900 
3.86415 0.53000 
3.87285 0.53100 
3.88155 0.53200 
3.89026 0.53300 
3.89896 0.53400 
3.90766 0.53500 
3.91637 0.53600 
3.92507 0.53700 
3.93377 0.53800 
3.94248 0.53900 
3.95118 0.54000 
3.95989 0.54100 
3.96859 0.54200 
3.97730 0.54300 
3.98601 0.54400 
3.99471 0.54500 
4.00342 0.54600 
4.01212 0.54700 
4.02083 0.54800 
4.02954 0.54900 
4.03824 0.55000 
4.04695 0.55100 
4.05566 0.55200 
4.06436 0.55300 
4.07307 0.55400 
4.08178 0.55500 
4.09049 0.55600 
4.09919 0.55700 
4.10790 0.55800 
4.11661 0.55900 
4.12532 0.56000 
4.13403 0.56100 
4.14274 0.56200 
4.15145 0.56300 
4.16015 0.56400 
4.16886 0.56500 
4.17757 0.56600 
4.18628 0.56700 
4.19499 0.56800 
4.20370 0.56900 
4.21241 0.57000 
4.22112 0.57100 
4.22983 0.57200 
4.23854 0.57300 
4.24725 0.57400 
4.25596 0.57500 
4.26467 0.57600 
4.27339 0.57700 
4.28210 0.57800 
4.29081 0.57900 
4.29952 0.58000 
4.30823 0.58100 
4.31694 0.58200 
4.32565 0.58300 
4.33437 0.58400 
4.34308 0.58500 
4.35179 0.58600 
4.36050 0.58700 
4.36921 0.58800 
4.37793 0.58900 
4.38664 0.59000 
4.39535 0.59100 
4.40407 0.59200 
4.41278 0.59300 
4.42149 0.59400 
4.43020 0.59500 
4.43892 0.59600 
4.44763 0.59700 
4.45634 0.59800 
4.46506 0.59900 
4.47377 0.60000 
4.48249 0.60100 
4.49120 0.60200 
4.49991 0.60300 
4.50863 0.60400 
4.51734 0.60500 
4.52606 0.60600 
4.53477 0.60700 
4.54348 0.60800 
4.55220 0.60900 
4.56091 0.61000 
4.56963 0.61100 
4.57834 0.61200 
4.58706 0.61300 
4.59577 0.61400 
4.60449 0.61500 
4.61320 0.61600 
4.62192 0.61700 
4.63063 0.61800 
4.63935 0.61900 
4.64807 0.62000 
4.65678 0.62100 
4.66550 0.62200 
4.67421 0.62300 
4.68293 0.62400 
4.69164 0.62500 
4.70036 0.62600 
4.70908 0.62700 
4.71779 0.62800 
4.72651 0.62900 
4.73523 0.63000 
4.74394 0.63100 
4.75266 0.63200 
4.76137 0.63300 
4.77009 0.63400 
4.77881 0.63500 
4.78752 0.63600 
4.79624 0.63700 
4.80496 0.63800 
4.81368 0.63900 
4.82239 0.64000 
4.83111 0.64100 
4.83983 0.64200 
4.84854 0.64300 
4.85726 0.64400 
4.86598 0.64500 
4.87470 0.64600 
4.88341 0.64700 
4.89213 0.64800 
4.90085 0.64900 
4.90957 0.65000 
4.91828 0.65100 
4.92700 0.65200 
4.93572 0.65300 
4.94444 0.65400 
4.95316 0.65500 
4.96187 0.65600 
4.97059 0.65700 
4.97931 0.65800 
4.98803 0.65900 
4.99675 0.66000 
5.00546 0.66100 
5.01418 0.66200 
5.02290 0.66300 
5.03162 0.66400 
5.04034 0.66500 
5.04906 0.66600 
5.05777 0.66700 
5.06649 0.66800 
5.07521 0.66900 
5.08393 0.67000 
5.09265 0.67100 
5.10137 0.67200 
5.11009 0.67300 
5.11881 0.67400 
5.12752 0.67500 
5.13624 0.67600 
5.14496 0.67700 
5.15368 0.67800 
5.16240 0.67900 
5.17112 0.68000 
5.17984 0.68100 
5.18856 0.68200 
5.19728 0.68300 
5.20600 0.68400 
5.21472 0.68500 
5.22344 0.68600 
5.23215 0.68700 
5.24087 0.68800 
5.24959 0.68900 
5.25831 0.69000 
5.26703 0.69100 
5.27575 0.69200 
5.28447 0.69300 
5.29319 0.69400 
5.30191 0.69500 
5.31063 0.69600 
5.31935 0.69700 
5.32807 0.69800 
5.33679 0.69900 
5.34551 0.70000 
5.35423 0.70100 
5.36295 0.70200 
5.37167 0.70300 
5.38039 0.70400 
5.38911 0.70500 
5.39783 0.70600 
5.40655 0.70700 
5.41527 0.70800 
5.42399 0.70900 
5.43271 0.71000 
5.44143 0.71100 
5.45015 0.71200 
5.45887 0.71300 
5.46759 0.71400 
5.47631 0.71500 
5.48503 0.71600 
5.49375 0.71700 
5.50247 0.71800 
5.51119 0.71900 
5.51991 0.72000 
5.52864 0.72100 
5.53736 0.72200 
5.54608 0.72300 
5.55480 0.72400 
5.56352 0.72500 
5.57224 0.72600 
5.58096 0.72700 
5.58968 0.72800 
5.59840 0.72900 
5.60712 0.73000 
5.61584 0.73100 
5.62456 0.73200 
5.63328 0.73300 
5.64200 0.73400 
5.65072 0.73500 
5.65945 0.73600 
5.66817 0.73700 
5.67689 0.73800 
5.68561 0.73900 
5.69433 0.74000 
5.70305 0.74100 
5.71177 0.74200 
5.72049 0.74300 
5.72921 0.74400 
5.73793 0.74500 
5.74666 0.74600 
5.75538 0.74700 
5.76410 0.74800 
5.77282 0.74900 
5.78154 0.75000 
5.79026 0.75100 
5.79898 0.75200 
5.80770 0.75300 
5.81642 0.75400 
5.82515 0.75500 
5.83387 0.75600 
5.84259 0.75700 
5.85131 0.75800 
5.86003 0.75900 
5.86875 0.76000 
5.87747 0.76100 
5.88619 0.76200 
5.89492 0.76300 
5.90364 0.76400 
5.91236 0.76500 
5.92108 0.76600 
5.92980 0.76700 
5.93852 0.76800 
5.94724 0.76900 
5.95597 0.77000 
5.96469 0.77100 
5.97341 0.77200 
5.98213 0.77300 
5.99085 0.77400 
5.99957 0.77500 
6.00830 0.77600 
6.01702 0.77700 
6.02574 0.77800 
6.03446 0.77900 
6.04318 0.78000 
6.05190 0.78100 
6.06063 0.78200 
6.06935 0.78300 
6.07807 0.78400 
6.08679 0.78500 
6.09551 0.78600 
6.10423 0.78700 
6.11296 0.78800 
6.12168 0.78900 
6.13040 0.79000 
6.13912 0.79100 
6.14784 0.79200 
6.15656 0.79300 
6.16529 0.79400 
6.17401 0.79500 
6.18273 0.79600 
6.19145 0.79700 
6.20017 0.79800 
6.20890 0.79900 
6.21762 0.80000 
6.22634 0.80100 
6.23506 0.80200 
6.24378 0.80300 
6.25250 0.80400 
6.26123 0.80500 
6.26995 0.80600 
6.27867 0.80700 
6.28739 0.80800 
6.29611 0.80900 
6.30484 0.81000 
6.31356 0.81100 
6.32228 0.81200 
6.33100 0.81300 
6.33972 0.81400 
6.34845 0.81500 
6.35717 0.81600 
6.36589 0.81700 
6.37461 0.81800 
6.38333 0.81900 
6.39206 0.82000 
6.40078 0.82100 
6.40950 0.82200 
6.41822 0.82300 
6.42694 0.82400 
6.43567 0.82500 
6.44439 0.82600 
6.45311 0.82700 
6.46183 0.82800 
6.47056 0.82900 
6.47928 0.83000 
6.48800 0.83100 
6.49672 0.83200 
6.50544 0.83300 
6.51417 0.83400 
6.52289 0.83500 
6.53161 0.83600 
6.54033 0.83700 
6.54905 0.83800 
6.55778 0.83900 
6.56650 0.84000 
6.57522 0.84100 
6.58394 0.84200 
6.59267 0.84300 
6.60139 0.84400 
6.61011 0.84500 
6.61883 0.84600 
6.62755 0.84700 
6.63628 0.84800 
6.64500 0.84900 
6.65372 0.85000 
6.66244 0.85100 
6.67117 0.85200 
6.67989 0.85300 
6.68861 0.85400 
6.69733 0.85500 
6.70605 0.85600 
6.71478 0.85700 
6.72350 0.85800 
6.73222 0.85900 
6.74094 0.86000 
6.74967 0.86100 
6.75839 0.86200 
6.76711 0.86300 
6.77583 0.86400 
6.78456 0.86500 
6.79328 0.86600 
6.80200 0.86700 
6.81072 0.86800 
6.81945 0.86900 
6.82817 0.87000 
6.83689 0.87100 
6.84561 0.87200 
6.85433 0.87300 
6.86306 0.87400 
6.87178 0.87500 
6.88050 0.87600 
6.88922 0.87700 
6.89795 0.87800 
6.90667 0.87900 
6.91539 0.88000 
6.92411 0.88100 
6.93284 0.88200 
6.94156 0.88300 
6.95028 0.88400 
6.95900 0.88500 
6.96773 0.88600 
6.97645 0.88700 
6.98517 0.88800 
6.99389 0.88900 
7.00262 0.89000 
7.01134 0.89100 
7.02006 0.89200 
7.02878 0.89300 
7.03751 0.89400 
7.04623 0.89500 
7.05495 0.89600 
7.06367 0.89700 
7.07240 0.89800 
7.08112 0.89900 
7.08984 0.90000 
7.09856 0.90100 
7.10729 0.90200 
7.11601 0.90300 
7.12473 0.90400 
7.13345 0.90500 
7.14218 0.90600 
7.15090 0.90700 
7.15962 0.90800 
7.16834 0.90900 
7.17707 0.91000 
7.18579 0.91100 
7.19451 0.91200 
7.20323 0.91300 
7.21196 0.91400 
7.22068 0.91500 
7.22940 0.91600 
7.23812 0.91700 
7.24685 0.91800 
7.25557 0.91900 
7.26429 0.92000 
7.27301 0.92100 
7.28174 0.92200 
7.29046 0.92300 
7.29918 0.92400 
7.30790 0.92500 
7.31663 0.92600 
7.32535 0.92700 
7.33407 0.92800 
7.34279 0.92900 
7.35152 0.93000 
7.36024 0.93100 
7.36896 0.93200 
7.37768 0.93300 
7.38641 0.93400 
7.39513 0.93500 
7.40385 0.93600 
7.41258 0.93700 
7.42130 0.93800 
7.43002 0.93900 
7.43874 0.94000 
7.44747 0.94100 
7.45619 0.94200 
7.46491 0.94300 
7.47363 0.94400 
7.48236 0.94500 
7.49108 0.94600 
7.49980 0.94700 
7.50852 0.94800 
7.51725 0.94900 
7.52597 0.95000 
7.53469 0.95100 
7.54341 0.95200 
7.55214 0.95300 
7.56086 0.95400 
7.56958 0.95500 
7.57830 0.95600 
7.58703 0.95700 
7.59575 0.95800 
7.60447 0.95900 
7.61320 0.96000 
7.62192 0.96100 
7.63064 0.96200 
7.63936 0.96300 
7.64809 0.96400 
7.65681 0.96500 
7.66553 0.96600 
7.67425 0.96700 
7.68298 0.96800 
7.69170 0.96900 
7.70042 0.97000 
7.70914 0.97100 
7.71787 0.97200 
7.72659 0.97300 
7.73531 0.97400 
7.74404 0.97500 
7.75276 0.97600 
7.76148 0.97700 
7.77020 0.97800 
7.77893 0.97900 
7.78765 0.98000 
7.79637 0.98100 
7.80509 0.98200 
7.81382 0.98300 
7.82254 0.98400 
7.83126 0.98500 
7.83998 0.98600 
7.84871 0.98700 
7.85743 0.98800 
7.86615 0.98900 
7.87488 0.99000 
7.88360 0.99100 
7.89232 0.99200 
7.90104 0.99300 
7.90977 0.99400 
7.91849 0.99500 
7.92721 0.99600 
7.93593 0.99700 
7.94466 0.99800 
7.95338 0.99900 
