0.00000 0.00000 
0.11653 0.00100 
0.23174 0.00200 
0.34563 0.00300 
0.45822 0.00400 
0.56952 0.00500 
0.67956 0.00600 
0.78834 0.00700 
0.89589 0.00800 
1.00220 0.00900 
1.10730 0.01000 
1.21121 0.01100 
1.31393 0.01200 
1.41548 0.01300 
1.51587 0.01400 
1.61512 0.01500 
1.71323 0.01600 
1.81022 0.01700 
1.90611 0.01800 
2.00091 0.01900 
2.09462 0.02000 
2.18727 0.02100 
2.27886 0.02200 
2.36941 0.02300 
2.45892 0.02400 
2.54741 0.02500 
2.63489 0.02600 
2.72138 0.02700 
2.80688 0.02800 
2.89141 0.02900 
2.97497 0.03000 
3.05758 0.03100 
3.13925 0.03200 
3.21999 0.03300 
3.29980 0.03400 
3.37871 0.03500 
3.45671 0.03600 
3.53383 0.03700 
3.61007 0.03800 
3.68544 0.03900 
3.75995 0.04000 
3.83360 0.04100 
3.90642 0.04200 
3.97841 0.04300 
4.04958 0.04400 
4.11994 0.04500 
4.18949 0.04600 
4.25825 0.04700 
4.32623 0.04800 
4.39343 0.04900 
4.45987 0.05000 
4.52555 0.05100 
4.59048 0.05200 
4.65467 0.05300 
4.71812 0.05400 
4.78086 0.05500 
4.84288 0.05600 
4.90419 0.05700 
4.96480 0.05800 
5.02472 0.05900 
5.08396 0.06000 
5.14252 0.06100 
5.20042 0.06200 
5.25765 0.06300 
5.31423 0.06400 
5.37017 0.06500 
5.42547 0.06600 
5.48014 0.06700 
5.53418 0.06800 
5.58761 0.06900 
5.64043 0.07000 
5.69265 0.07100 
5.74427 0.07200 
5.79530 0.07300 
5.84575 0.07400 
5.89563 0.07500 
5.94494 0.07600 
5.99368 0.07700 
6.04187 0.07800 
6.08951 0.07900 
6.13661 0.08000 
6.18317 0.08100 
6.22919 0.08200 
6.27470 0.08300 
6.31968 0.08400 
6.36416 0.08500 
6.40812 0.08600 
6.45158 0.08700 
6.49455 0.08800 
6.53703 0.08900 
6.57902 0.09000 
6.62054 0.09100 
6.66158 0.09200 
6.70215 0.09300 
6.74227 0.09400 
6.78192 0.09500 
6.82112 0.09600 
6.85988 0.09700 
6.89819 0.09800 
6.93606 0.09900 
6.97351 0.10000 
7.01052 0.10100 
7.04712 0.10200 
7.08330 0.10300 
7.11906 0.10400 
7.15442 0.10500 
7.18937 0.10600 
7.22393 0.10700 
7.25809 0.10800 
7.29186 0.10900 
7.32525 0.11000 
7.35826 0.11100 
7.39089 0.11200 
7.42315 0.11300 
7.45504 0.11400 
7.48656 0.11500 
7.51773 0.11600 
7.54854 0.11700 
7.57900 0.11800 
7.60912 0.11900 
7.63889 0.12000 
7.66832 0.12100 
7.69741 0.12200 
7.72618 0.12300 
7.75461 0.12400 
7.78272 0.12500 
7.81051 0.12600 
7.83799 0.12700 
7.86515 0.12800 
7.89200 0.12900 
7.91854 0.13000 
7.94479 0.13100 
7.97073 0.13200 
7.99638 0.13300 
8.02173 0.13400 
8.04680 0.13500 
8.07158 0.13600 
8.09608 0.13700 
8.12030 0.13800 
8.14424 0.13900 
8.16791 0.14000 
8.19131 0.14100 
8.21444 0.14200 
8.23731 0.14300 
8.25992 0.14400 
8.28227 0.14500 
8.30437 0.14600 
8.32621 0.14700 
8.34780 0.14800 
8.36915 0.14900 
8.39026 0.15000 
8.41112 0.15100 
8.43175 0.15200 
8.45214 0.15300 
8.47230 0.15400 
8.49223 0.15500 
8.51193 0.15600 
8.53141 0.15700 
8.55067 0.15800 
8.56970 0.15900 
8.58852 0.16000 
8.60713 0.16100 
8.62552 0.16200 
8.64370 0.16300 
8.66168 0.16400 
8.67945 0.16500 
8.69702 0.16600 
8.71438 0.16700 
8.73155 0.16800 
8.74853 0.16900 
8.76531 0.17000 
8.78190 0.17100 
8.79830 0.17200 
8.81451 0.17300 
8.83054 0.17400 
8.84638 0.17500 
8.86205 0.17600 
8.87753 0.17700 
8.89284 0.17800 
8.90798 0.17900 
8.92294 0.18000 
8.93773 0.18100 
8.95236 0.18200 
8.96681 0.18300 
8.98111 0.18400 
8.99523 0.18500 
9.00920 0.18600 
9.02301 0.18700 
9.03666 0.18800 
9.05016 0.18900 
9.06350 0.19000 
9.07669 0.19100 
9.08973 0.19200 
9.10262 0.19300 
9.11536 0.19400 
9.12796 0.19500 
9.14042 0.19600 
9.15273 0.19700 
9.16490 0.19800 
9.17694 0.19900 
9.18883 0.20000 
9.20059 0.20100 
9.21222 0.20200 
9.22371 0.20300 
9.23508 0.20400 
9.24631 0.20500 
9.25742 0.20600 
9.26839 0.20700 
9.27923 0.20800 
9.28996 0.20900 
9.30056 0.21000 
9.31104 0.21100 
9.32140 0.21200 
9.33164 0.21300 
9.34177 0.21400 
9.35178 0.21500 
9.36167 0.21600 
9.37146 0.21700 
9.38113 0.21800 
9.39069 0.21900 
9.40015 0.22000 
9.40949 0.22100 
9.41873 0.22200 
9.42787 0.22300 
9.43690 0.22400 
9.44583 0.22500 
9.45465 0.22600 
9.46338 0.22700 
9.47200 0.22800 
9.48053 0.22900 
9.48896 0.23000 
9.49730 0.23100 
9.50554 0.23200 
9.51368 0.23300 
9.52174 0.23400 
9.52970 0.23500 
9.53757 0.23600 
9.54535 0.23700 
9.55304 0.23800 
9.56065 0.23900 
9.56817 0.24000 
9.57560 0.24100 
9.58295 0.24200 
9.59022 0.24300 
9.59740 0.24400 
9.60450 0.24500 
9.61152 0.24600 
9.61846 0.24700 
9.62532 0.24800 
9.63210 0.24900 
9.63881 0.25000 
9.64544 0.25100 
9.65199 0.25200 
9.65847 0.25300 
9.66487 0.25400 
9.67121 0.25500 
9.67747 0.25600 
9.68365 0.25700 
9.68977 0.25800 
9.69582 0.25900 
9.70180 0.26000 
9.70771 0.26100 
9.71356 0.26200 
9.71934 0.26300 
9.72505 0.26400 
9.73070 0.26500 
9.73628 0.26600 
9.74180 0.26700 
9.74725 0.26800 
9.75265 0.26900 
9.75798 0.27000 
9.76325 0.27100 
9.76847 0.27200 
9.77362 0.27300 
9.77871 0.27400 
9.78375 0.27500 
9.78873 0.27600 
9.79365 0.27700 
9.79852 0.27800 
9.80333 0.27900 
9.80808 0.28000 
9.81278 0.28100 
9.81743 0.28200 
9.82203 0.28300 
9.82657 0.28400 
9.83106 0.28500 
9.83550 0.28600 
9.83989 0.28700 
9.84423 0.28800 
9.84852 0.28900 
9.85276 0.29000 
9.85696 0.29100 
9.86110 0.29200 
9.86520 0.29300 
9.86925 0.29400 
9.87325 0.29500 
9.87721 0.29600 
9.88113 0.29700 
9.88500 0.29800 
9.88882 0.29900 
9.89261 0.30000 
9.89635 0.30100 
9.90004 0.30200 
9.90370 0.30300 
9.90731 0.30400 
9.91089 0.30500 
9.91442 0.30600 
9.91791 0.30700 
9.92136 0.30800 
9.92478 0.30900 
9.92815 0.31000 
9.93149 0.31100 
9.93478 0.31200 
9.93804 0.31300 
9.94127 0.31400 
9.94445 0.31500 
9.94760 0.31600 
9.95071 0.31700 
9.95379 0.31800 
9.95684 0.31900 
9.95984 0.32000 
9.96282 0.32100 
9.96576 0.32200 
9.96866 0.32300 
9.97154 0.32400 
9.97438 0.32500 
9.97719 0.32600 
9.97996 0.32700 
9.98271 0.32800 
9.98542 0.32900 
9.98810 0.33000 
9.99075 0.33100 
9.99338 0.33200 
9.99597 0.33300 
9.99853 0.33400 
10.00106 0.33500 
10.00357 0.33600 
10.00604 0.33700 
10.00849 0.33800 
10.01091 0.33900 
10.01330 0.34000 
10.01566 0.34100 
10.01800 0.34200 
10.02031 0.34300 
10.02260 0.34400 
10.02486 0.34500 
10.02709 0.34600 
10.02930 0.34700 
10.03148 0.34800 
10.03364 0.34900 
10.03577 0.35000 
10.03788 0.35100 
10.03996 0.35200 
10.04202 0.35300 
10.04406 0.35400 
10.04607 0.35500 
10.04806 0.35600 
10.05003 0.35700 
10.05198 0.35800 
10.05390 0.35900 
10.05580 0.36000 
10.05768 0.36100 
10.05954 0.36200 
10.06138 0.36300 
10.06320 0.36400 
10.06499 0.36500 
10.06677 0.36600 
10.06852 0.36700 
10.07026 0.36800 
10.07198 0.36900 
10.07367 0.37000 
10.07535 0.37100 
10.07701 0.37200 
10.07865 0.37300 
10.08027 0.37400 
10.08187 0.37500 
10.08345 0.37600 
10.08502 0.37700 
10.08657 0.37800 
10.08810 0.37900 
10.08961 0.38000 
10.09111 0.38100 
10.09258 0.38200 
10.09405 0.38300 
10.09549 0.38400 
10.09692 0.38500 
10.09833 0.38600 
10.09973 0.38700 
10.10111 0.38800 
10.10247 0.38900 
10.10382 0.39000 
10.10516 0.39100 
10.10647 0.39200 
10.10778 0.39300 
10.10907 0.39400 
10.11034 0.39500 
10.11160 0.39600 
10.11285 0.39700 
10.11408 0.39800 
10.11529 0.39900 
10.11650 0.40000 
10.11769 0.40100 
10.11886 0.40200 
10.12002 0.40300 
10.12117 0.40400 
10.12231 0.40500 
10.12343 0.40600 
10.12454 0.40700 
10.12564 0.40800 
10.12673 0.40900 
10.12780 0.41000 
10.12886 0.41100 
10.12991 0.41200 
10.13094 0.41300 
10.13197 0.41400 
10.13298 0.41500 
10.13398 0.41600 
10.13497 0.41700 
10.13595 0.41800 
10.13692 0.41900 
10.13788 0.42000 
10.13882 0.42100 
10.13976 0.42200 
10.14068 0.42300 
10.14159 0.42400 
10.14250 0.42500 
10.14339 0.42600 
10.14427 0.42700 
10.14515 0.42800 
10.14601 0.42900 
10.14686 0.43000 
10.14771 0.43100 
10.14854 0.43200 
10.14936 0.43300 
10.15018 0.43400 
10.15098 0.43500 
10.15178 0.43600 
10.15257 0.43700 
10.15335 0.43800 
10.15412 0.43900 
10.15488 0.44000 
10.15563 0.44100 
10.15637 0.44200 
10.15711 0.44300 
10.15783 0.44400 
10.15855 0.44500 
10.15926 0.44600 
10.15996 0.44700 
10.16066 0.44800 
10.16134 0.44900 
10.16202 0.45000 
10.16269 0.45100 
10.16336 0.45200 
10.16401 0.45300 
10.16466 0.45400 
10.16530 0.45500 
10.16593 0.45600 
10.16656 0.45700 
10.16718 0.45800 
10.16779 0.45900 
10.16839 0.46000 
10.16899 0.46100 
10.16958 0.46200 
10.17017 0.46300 
10.17074 0.46400 
10.17132 0.46500 
10.17188 0.46600 
10.17244 0.46700 
10.17299 0.46800 
10.17354 0.46900 
10.17408 0.47000 
10.17461 0.47100 
10.17514 0.47200 
10.17566 0.47300 
10.17617 0.47400 
10.17668 0.47500 
10.17718 0.47600 
10.17768 0.47700 
10.17817 0.47800 
10.17866 0.47900 
10.17914 0.48000 
10.17962 0.48100 
10.18009 0.48200 
10.18055 0.48300 
10.18101 0.48400 
10.18146 0.48500 
10.18191 0.48600 
10.18236 0.48700 
10.18280 0.48800 
10.18323 0.48900 
10.18366 0.49000 
10.18408 0.49100 
10.18450 0.49200 
10.18492 0.49300 
10.18533 0.49400 
10.18573 0.49500 
10.18613 0.49600 
10.18653 0.49700 
10.18692 0.49800 
10.18731 0.49900 
10.18769 0.50000 
10.18807 0.50100 
10.18844 0.50200 
10.18881 0.50300 
10.18918 0.50400 
10.18954 0.50500 
10.18990 0.50600 
10.19025 0.50700 
10.19060 0.50800 
10.19094 0.50900 
10.19128 0.51000 
10.19162 0.51100 
10.19196 0.51200 
10.19229 0.51300 
10.19261 0.51400 
10.19293 0.51500 
10.19325 0.51600 
10.19357 0.51700 
10.19388 0.51800 
10.19419 0.51900 
10.19449 0.52000 
10.19479 0.52100 
10.19509 0.52200 
10.19539 0.52300 
10.19568 0.52400 
10.19597 0.52500 
10.19625 0.52600 
10.19653 0.52700 
10.19681 0.52800 
10.19708 0.52900 
10.19736 0.53000 
10.19762 0.53100 
10.19789 0.53200 
10.19815 0.53300 
10.19841 0.53400 
10.19867 0.53500 
10.19892 0.53600 
10.19917 0.53700 
10.19942 0.53800 
10.19967 0.53900 
10.19991 0.54000 
10.20015 0.54100 
10.20039 0.54200 
10.20062 0.54300 
10.20085 0.54400 
10.20108 0.54500 
10.20131 0.54600 
10.20153 0.54700 
10.20175 0.54800 
10.20197 0.54900 
10.20219 0.55000 
10.20240 0.55100 
10.20261 0.55200 
10.20282 0.55300 
10.20303 0.55400 
10.20323 0.55500 
10.20344 0.55600 
10.20364 0.55700 
10.20383 0.55800 
10.20403 0.55900 
10.20422 0.56000 
10.20441 0.56100 
10.20460 0.56200 
10.20479 0.56300 
10.20497 0.56400 
10.20516 0.56500 
10.20534 0.56600 
10.20551 0.56700 
10.20569 0.56800 
10.20586 0.56900 
10.20604 0.57000 
10.20621 0.57100 
10.20638 0.57200 
10.20654 0.57300 
10.20671 0.57400 
10.20687 0.57500 
10.20703 0.57600 
10.20719 0.57700 
10.20735 0.57800 
10.20750 0.57900 
10.20766 0.58000 
10.20781 0.58100 
10.20796 0.58200 
10.20811 0.58300 
10.20825 0.58400 
10.20840 0.58500 
10.20854 0.58600 
10.20868 0.58700 
10.20882 0.58800 
10.20896 0.58900 
10.20910 0.59000 
10.20924 0.59100 
10.20937 0.59200 
10.20950 0.59300 
10.20963 0.59400 
10.20976 0.59500 
10.20989 0.59600 
10.21002 0.59700 
10.21014 0.59800 
10.21027 0.59900 
10.21039 0.60000 
10.21051 0.60100 
10.21063 0.60200 
10.21075 0.60300 
10.21086 0.60400 
10.21098 0.60500 
10.21109 0.60600 
10.21121 0.60700 
10.21132 0.60800 
10.21143 0.60900 
10.21154 0.61000 
10.21165 0.61100 
10.21175 0.61200 
10.21186 0.61300 
10.21196 0.61400 
10.21207 0.61500 
10.21217 0.61600 
10.21227 0.61700 
10.21237 0.61800 
10.21247 0.61900 
10.21256 0.62000 
10.21266 0.62100 
10.21276 0.62200 
10.21285 0.62300 
10.21294 0.62400 
10.21303 0.62500 
10.21313 0.62600 
10.21322 0.62700 
10.21330 0.62800 
10.21339 0.62900 
10.21348 0.63000 
10.21357 0.63100 
10.21365 0.63200 
10.21373 0.63300 
10.21382 0.63400 
10.21390 0.63500 
10.21398 0.63600 
10.21406 0.63700 
10.21414 0.63800 
10.21422 0.63900 
10.21430 0.64000 
10.21437 0.64100 
10.21445 0.64200 
10.21452 0.64300 
10.21460 0.64400 
10.21467 0.64500 
10.21474 0.64600 
10.21481 0.64700 
10.21489 0.64800 
10.21496 0.64900 
10.21502 0.65000 
10.21509 0.65100 
10.21516 0.65200 
10.21523 0.65300 
10.21529 0.65400 
10.21536 0.65500 
10.21542 0.65600 
10.21549 0.65700 
10.21555 0.65800 
10.21561 0.65900 
10.21567 0.66000 
10.21574 0.66100 
10.21580 0.66200 
10.21586 0.66300 
10.21591 0.66400 
10.21597 0.66500 
10.21603 0.66600 
10.21609 0.66700 
10.21614 0.66800 
10.21620 0.66900 
10.21626 0.67000 
10.21631 0.67100 
10.21636 0.67200 
10.21642 0.67300 
10.21647 0.67400 
10.21652 0.67500 
10.21657 0.67600 
10.21662 0.67700 
10.21667 0.67800 
10.21672 0.67900 
10.21677 0.68000 
10.21682 0.68100 
10.21687 0.68200 
10.21692 0.68300 
10.21696 0.68400 
10.21701 0.68500 
10.21706 0.68600 
10.21710 0.68700 
10.21715 0.68800 
10.21719 0.68900 
10.21723 0.69000 
10.21728 0.69100 
10.21732 0.69200 
10.21736 0.69300 
10.21741 0.69400 
10.21745 0.69500 
10.21749 0.69600 
10.21753 0.69700 
10.21757 0.69800 
10.21761 0.69900 
10.21765 0.70000 
10.21769 0.70100 
10.21772 0.70200 
10.21776 0.70300 
10.21780 0.70400 
10.21784 0.70500 
10.21787 0.70600 
10.21791 0.70700 
10.21794 0.70800 
10.21798 0.70900 
10.21801 0.71000 
10.21805 0.71100 
10.21808 0.71200 
10.21812 0.71300 
10.21815 0.71400 
10.21818 0.71500 
10.21822 0.71600 
10.21825 0.71700 
10.21828 0.71800 
10.21831 0.71900 
10.21834 0.72000 
10.21837 0.72100 
10.21840 0.72200 
10.21843 0.72300 
10.21846 0.72400 
10.21849 0.72500 
10.21852 0.72600 
10.21855 0.72700 
10.21858 0.72800 
10.21861 0.72900 
10.21864 0.73000 
10.21866 0.73100 
10.21869 0.73200 
10.21872 0.73300 
10.21874 0.73400 
10.21877 0.73500 
10.21880 0.73600 
10.21882 0.73700 
10.21885 0.73800 
10.21887 0.73900 
10.21890 0.74000 
10.21892 0.74100 
10.21894 0.74200 
10.21897 0.74300 
10.21899 0.74400 
10.21902 0.74500 
10.21904 0.74600 
10.21906 0.74700 
10.21908 0.74800 
10.21911 0.74900 
10.21913 0.75000 
10.21915 0.75100 
10.21917 0.75200 
10.21919 0.75300 
10.21922 0.75400 
10.21924 0.75500 
10.21926 0.75600 
10.21928 0.75700 
10.21930 0.75800 
10.21932 0.75900 
10.21934 0.76000 
10.21936 0.76100 
10.21938 0.76200 
10.21940 0.76300 
10.21941 0.76400 
10.21943 0.76500 
10.21945 0.76600 
10.21947 0.76700 
10.21949 0.76800 
10.21951 0.76900 
10.21952 0.77000 
10.21954 0.77100 
10.21956 0.77200 
10.21957 0.77300 
10.21959 0.77400 
10.21961 0.77500 
10.21962 0.77600 
10.21964 0.77700 
10.21966 0.77800 
10.21967 0.77900 
10.21969 0.78000 
10.21970 0.78100 
10.21972 0.78200 
10.21973 0.78300 
10.21975 0.78400 
10.21976 0.78500 
10.21978 0.78600 
10.21979 0.78700 
10.21981 0.78800 
10.21982 0.78900 
10.21984 0.79000 
10.21985 0.79100 
10.21986 0.79200 
10.21988 0.79300 
10.21989 0.79400 
10.21990 0.79500 
10.21992 0.79600 
10.21993 0.79700 
10.21994 0.79800 
10.21996 0.79900 
10.21997 0.80000 
10.21998 0.80100 
10.21999 0.80200 
10.22000 0.80300 
10.22002 0.80400 
10.22003 0.80500 
10.22004 0.80600 
10.22005 0.80700 
10.22006 0.80800 
10.22007 0.80900 
10.22009 0.81000 
10.22010 0.81100 
10.22011 0.81200 
10.22012 0.81300 
10.22013 0.81400 
10.22014 0.81500 
10.22015 0.81600 
10.22016 0.81700 
10.22017 0.81800 
10.22018 0.81900 
10.22019 0.82000 
10.22020 0.82100 
10.22021 0.82200 
10.22022 0.82300 
10.22023 0.82400 
10.22024 0.82500 
10.22025 0.82600 
10.22026 0.82700 
10.22027 0.82800 
10.22027 0.82900 
10.22028 0.83000 
10.22029 0.83100 
10.22030 0.83200 
10.22031 0.83300 
10.22032 0.83400 
10.22033 0.83500 
10.22033 0.83600 
10.22034 0.83700 
10.22035 0.83800 
10.22036 0.83900 
10.22037 0.84000 
10.22038 0.84100 
10.22038 0.84200 
10.22039 0.84300 
10.22040 0.84400 
10.22041 0.84500 
10.22041 0.84600 
10.22042 0.84700 
10.22043 0.84800 
10.22043 0.84900 
10.22044 0.85000 
10.22045 0.85100 
10.22046 0.85200 
10.22046 0.85300 
10.22047 0.85400 
10.22048 0.85500 
10.22048 0.85600 
10.22049 0.85700 
10.22050 0.85800 
10.22050 0.85900 
10.22051 0.86000 
10.22051 0.86100 
10.22052 0.86200 
10.22053 0.86300 
10.22053 0.86400 
10.22054 0.86500 
10.22054 0.86600 
10.22055 0.86700 
10.22056 0.86800 
10.22056 0.86900 
10.22057 0.87000 
10.22057 0.87100 
10.22058 0.87200 
10.22058 0.87300 
10.22059 0.87400 
10.22059 0.87500 
10.22060 0.87600 
10.22061 0.87700 
10.22061 0.87800 
10.22062 0.87900 
10.22062 0.88000 
10.22063 0.88100 
10.22063 0.88200 
10.22064 0.88300 
10.22064 0.88400 
10.22064 0.88500 
10.22065 0.88600 
10.22065 0.88700 
10.22066 0.88800 
10.22066 0.88900 
10.22067 0.89000 
10.22067 0.89100 
10.22068 0.89200 
10.22068 0.89300 
10.22069 0.89400 
10.22069 0.89500 
10.22069 0.89600 
10.22070 0.89700 
10.22070 0.89800 
10.22071 0.89900 
10.22071 0.90000 
10.22071 0.90100 
10.22072 0.90200 
10.22072 0.90300 
10.22073 0.90400 
10.22073 0.90500 
10.22073 0.90600 
10.22074 0.90700 
10.22074 0.90800 
10.22074 0.90900 
10.22075 0.91000 
10.22075 0.91100 
10.22075 0.91200 
10.22076 0.91300 
10.22076 0.91400 
10.22076 0.91500 
10.22077 0.91600 
10.22077 0.91700 
10.22077 0.91800 
10.22078 0.91900 
10.22078 0.92000 
10.22078 0.92100 
10.22079 0.92200 
10.22079 0.92300 
10.22079 0.92400 
10.22080 0.92500 
10.22080 0.92600 
10.22080 0.92700 
10.22081 0.92800 
10.22081 0.92900 
10.22081 0.93000 
10.22081 0.93100 
10.22082 0.93200 
10.22082 0.93300 
10.22082 0.93400 
10.22082 0.93500 
10.22083 0.93600 
10.22083 0.93700 
10.22083 0.93800 
10.22084 0.93900 
10.22084 0.94000 
10.22084 0.94100 
10.22084 0.94200 
10.22085 0.94300 
10.22085 0.94400 
10.22085 0.94500 
10.22085 0.94600 
10.22085 0.94700 
10.22086 0.94800 
10.22086 0.94900 
10.22086 0.95000 
10.22086 0.95100 
10.22087 0.95200 
10.22087 0.95300 
10.22087 0.95400 
10.22087 0.95500 
10.22087 0.95600 
10.22088 0.95700 
10.22088 0.95800 
10.22088 0.95900 
10.22088 0.96000 
10.22088 0.96100 
10.22089 0.96200 
10.22089 0.96300 
10.22089 0.96400 
10.22089 0.96500 
10.22089 0.96600 
10.22090 0.96700 
10.22090 0.96800 
10.22090 0.96900 
10.22090 0.97000 
10.22090 0.97100 
10.22091 0.97200 
10.22091 0.97300 
10.22091 0.97400 
10.22091 0.97500 
10.22091 0.97600 
10.22091 0.97700 
10.22092 0.97800 
10.22092 0.97900 
10.22092 0.98000 
10.22092 0.98100 
10.22092 0.98200 
10.22092 0.98300 
10.22092 0.98400 
10.22093 0.98500 
10.22093 0.98600 
10.22093 0.98700 
10.22093 0.98800 
10.22093 0.98900 
10.22093 0.99000 
10.22094 0.99100 
10.22094 0.99200 
10.22094 0.99300 
10.22094 0.99400 
10.22094 0.99500 
10.22094 0.99600 
10.22094 0.99700 
10.22094 0.99800 
10.22095 0.99900 
