0.00000 0.00000 
-0.08260 0.00100 
-0.16426 0.00200 
-0.24499 0.00300 
-0.32480 0.00400 
-0.40370 0.00500 
-0.48169 0.00600 
-0.55880 0.00700 
-0.63503 0.00800 
-0.71039 0.00900 
-0.78489 0.01000 
-0.85854 0.01100 
-0.93135 0.01200 
-1.00333 0.01300 
-1.07449 0.01400 
-1.14484 0.01500 
-1.21439 0.01600 
-1.28314 0.01700 
-1.35111 0.01800 
-1.41831 0.01900 
-1.48473 0.02000 
-1.55040 0.02100 
-1.61533 0.02200 
-1.67951 0.02300 
-1.74296 0.02400 
-1.80569 0.02500 
-1.86770 0.02600 
-1.92900 0.02700 
-1.98961 0.02800 
-2.04952 0.02900 
-2.10876 0.03000 
-2.16731 0.03100 
-2.22520 0.03200 
-2.28243 0.03300 
-2.33901 0.03400 
-2.39494 0.03500 
-2.45023 0.03600 
-2.50489 0.03700 
-2.55893 0.03800 
-2.61236 0.03900 
-2.66517 0.04000 
-2.71738 0.04100 
-2.76900 0.04200 
-2.82003 0.04300 
-2.87047 0.04400 
-2.92034 0.04500 
-2.96965 0.04600 
-3.01839 0.04700 
-3.06657 0.04800 
-3.11421 0.04900 
-3.16130 0.05000 
-3.20785 0.05100 
-3.25388 0.05200 
-3.29938 0.05300 
-3.34436 0.05400 
-3.38882 0.05500 
-3.43278 0.05600 
-3.47624 0.05700 
-3.51921 0.05800 
-3.56168 0.05900 
-3.60367 0.06000 
-3.64518 0.06100 
-3.68622 0.06200 
-3.72679 0.06300 
-3.76690 0.06400 
-3.80655 0.06500 
-3.84574 0.06600 
-3.88449 0.06700 
-3.92280 0.06800 
-3.96067 0.06900 
-3.99811 0.07000 
-4.03513 0.07100 
-4.07172 0.07200 
-4.10789 0.07300 
-4.14365 0.07400 
-4.17901 0.07500 
-4.21396 0.07600 
-4.24851 0.07700 
-4.28267 0.07800 
-4.31644 0.07900 
-4.34982 0.08000 
-4.38282 0.08100 
-4.41545 0.08200 
-4.44770 0.08300 
-4.47959 0.08400 
-4.51111 0.08500 
-4.54228 0.08600 
-4.57308 0.08700 
-4.60354 0.08800 
-4.63365 0.08900 
-4.66342 0.09000 
-4.69284 0.09100 
-4.72194 0.09200 
-4.75070 0.09300 
-4.77913 0.09400 
-4.80724 0.09500 
-4.83502 0.09600 
-4.86249 0.09700 
-4.88965 0.09800 
-4.91650 0.09900 
-4.94304 0.10000 
-4.96928 0.10100 
-4.99522 0.10200 
-5.02086 0.10300 
-5.04621 0.10400 
-5.07128 0.10500 
-5.09605 0.10600 
-5.12055 0.10700 
-5.14476 0.10800 
-5.16870 0.10900 
-5.19237 0.11000 
-5.21576 0.11100 
-5.23889 0.11200 
-5.26176 0.11300 
-5.28436 0.11400 
-5.30671 0.11500 
-5.32880 0.11600 
-5.35064 0.11700 
-5.37223 0.11800 
-5.39358 0.11900 
-5.41468 0.12000 
-5.43554 0.12100 
-5.45617 0.12200 
-5.47656 0.12300 
-5.49671 0.12400 
-5.51664 0.12500 
-5.53634 0.12600 
-5.55581 0.12700 
-5.57506 0.12800 
-5.59410 0.12900 
-5.61291 0.13000 
-5.63152 0.13100 
-5.64991 0.13200 
-5.66809 0.13300 
-5.68606 0.13400 
-5.70383 0.13500 
-5.72139 0.13600 
-5.73876 0.13700 
-5.75592 0.13800 
-5.77289 0.13900 
-5.78967 0.14000 
-5.80626 0.14100 
-5.82266 0.14200 
-5.83887 0.14300 
-5.85489 0.14400 
-5.87074 0.14500 
-5.88640 0.14600 
-5.90188 0.14700 
-5.91719 0.14800 
-5.93232 0.14900 
-5.94728 0.15000 
-5.96207 0.15100 
-5.97669 0.15200 
-5.99115 0.15300 
-6.00544 0.15400 
-6.01956 0.15500 
-6.03353 0.15600 
-6.04734 0.15700 
-6.06099 0.15800 
-6.07448 0.15900 
-6.08782 0.16000 
-6.10101 0.16100 
-6.11404 0.16200 
-6.12693 0.16300 
-6.13967 0.16400 
-6.15227 0.16500 
-6.16472 0.16600 
-6.17703 0.16700 
-6.18921 0.16800 
-6.20124 0.16900 
-6.21313 0.17000 
-6.22489 0.17100 
-6.23652 0.17200 
-6.24801 0.17300 
-6.25937 0.17400 
-6.27060 0.17500 
-6.28171 0.17600 
-6.29268 0.17700 
-6.30353 0.17800 
-6.31426 0.17900 
-6.32487 0.18000 
-6.33535 0.18100 
-6.34572 0.18200 
-6.35597 0.18300 
-6.36610 0.18400 
-6.37611 0.18500 
-6.38601 0.18600 
-6.39580 0.18700 
-6.40548 0.18800 
-6.41505 0.18900 
-6.42450 0.19000 
-6.43385 0.19100 
-6.44309 0.19200 
-6.45223 0.19300 
-6.46127 0.19400 
-6.47020 0.19500 
-6.47902 0.19600 
-6.48775 0.19700 
-6.49638 0.19800 
-6.50491 0.19900 
-6.51334 0.20000 
-6.52168 0.20100 
-6.52992 0.20200 
-6.53806 0.20300 
-6.54611 0.20400 
-6.55406 0.20500 
-6.56193 0.20600 
-6.56971 0.20700 
-6.57740 0.20800 
-6.58500 0.20900 
-6.59251 0.21000 
-6.59994 0.21100 
-6.60729 0.21200 
-6.61455 0.21300 
-6.62172 0.21400 
-6.62882 0.21500 
-6.63584 0.21600 
-6.64277 0.21700 
-6.64963 0.21800 
-6.65641 0.21900 
-6.66311 0.22000 
-6.66974 0.22100 
-6.67629 0.22200 
-6.68276 0.22300 
-6.68916 0.22400 
-6.69549 0.22500 
-6.70175 0.22600 
-6.70793 0.22700 
-6.71405 0.22800 
-6.72009 0.22900 
-6.72607 0.23000 
-6.73198 0.23100 
-6.73782 0.23200 
-6.74360 0.23300 
-6.74930 0.23400 
-6.75495 0.23500 
-6.76053 0.23600 
-6.76605 0.23700 
-6.77150 0.23800 
-6.77689 0.23900 
-6.78222 0.24000 
-6.78749 0.24100 
-6.79270 0.24200 
-6.79785 0.24300 
-6.80294 0.24400 
-6.80797 0.24500 
-6.81295 0.24600 
-6.81787 0.24700 
-6.82273 0.24800 
-6.82754 0.24900 
-6.83229 0.25000 
-6.83699 0.25100 
-6.84164 0.25200 
-6.84623 0.25300 
-6.85077 0.25400 
-6.85526 0.25500 
-6.85970 0.25600 
-6.86409 0.25700 
-6.86842 0.25800 
-6.87271 0.25900 
-6.87695 0.26000 
-6.88114 0.26100 
-6.88529 0.26200 
-6.88938 0.26300 
-6.89343 0.26400 
-6.89743 0.26500 
-6.90139 0.26600 
-6.90530 0.26700 
-6.90917 0.26800 
-6.91300 0.26900 
-6.91678 0.27000 
-6.92051 0.27100 
-6.92421 0.27200 
-6.92786 0.27300 
-6.93147 0.27400 
-6.93504 0.27500 
-6.93857 0.27600 
-6.94206 0.27700 
-6.94551 0.27800 
-6.94892 0.27900 
-6.95229 0.28000 
-6.95563 0.28100 
-6.95892 0.28200 
-6.96218 0.28300 
-6.96540 0.28400 
-6.96858 0.28500 
-6.97173 0.28600 
-6.97484 0.28700 
-6.97792 0.28800 
-6.98096 0.28900 
-6.98397 0.29000 
-6.98694 0.29100 
-6.98988 0.29200 
-6.99278 0.29300 
-6.99565 0.29400 
-6.99849 0.29500 
-7.00130 0.29600 
-7.00407 0.29700 
-7.00682 0.29800 
-7.00953 0.29900 
-7.01221 0.30000 
-7.01486 0.30100 
-7.01749 0.30200 
-7.02008 0.30300 
-7.02264 0.30400 
-7.02517 0.30500 
-7.02768 0.30600 
-7.03015 0.30700 
-7.03260 0.30800 
-7.03502 0.30900 
-7.03741 0.31000 
-7.03977 0.31100 
-7.04211 0.31200 
-7.04442 0.31300 
-7.04671 0.31400 
-7.04896 0.31500 
-7.05120 0.31600 
-7.05340 0.31700 
-7.05559 0.31800 
-7.05774 0.31900 
-7.05988 0.32000 
-7.06198 0.32100 
-7.06407 0.32200 
-7.06613 0.32300 
-7.06816 0.32400 
-7.07018 0.32500 
-7.07217 0.32600 
-7.07414 0.32700 
-7.07608 0.32800 
-7.07800 0.32900 
-7.07991 0.33000 
-7.08179 0.33100 
-7.08364 0.33200 
-7.08548 0.33300 
-7.08730 0.33400 
-7.08909 0.33500 
-7.09087 0.33600 
-7.09262 0.33700 
-7.09436 0.33800 
-7.09607 0.33900 
-7.09777 0.34000 
-7.09944 0.34100 
-7.10110 0.34200 
-7.10274 0.34300 
-7.10436 0.34400 
-7.10596 0.34500 
-7.10754 0.34600 
-7.10911 0.34700 
-7.11065 0.34800 
-7.11218 0.34900 
-7.11369 0.35000 
-7.11519 0.35100 
-7.11667 0.35200 
-7.11813 0.35300 
-7.11957 0.35400 
-7.12100 0.35500 
-7.12241 0.35600 
-7.12381 0.35700 
-7.12518 0.35800 
-7.12655 0.35900 
-7.12790 0.36000 
-7.12923 0.36100 
-7.13055 0.36200 
-7.13185 0.36300 
-7.13314 0.36400 
-7.13441 0.36500 
-7.13567 0.36600 
-7.13692 0.36700 
-7.13815 0.36800 
-7.13936 0.36900 
-7.14057 0.37000 
-7.14175 0.37100 
-7.14293 0.37200 
-7.14409 0.37300 
-7.14524 0.37400 
-7.14638 0.37500 
-7.14750 0.37600 
-7.14861 0.37700 
-7.14971 0.37800 
-7.15079 0.37900 
-7.15186 0.38000 
-7.15292 0.38100 
-7.15397 0.38200 
-7.15501 0.38300 
-7.15603 0.38400 
-7.15704 0.38500 
-7.15805 0.38600 
-7.15904 0.38700 
-7.16001 0.38800 
-7.16098 0.38900 
-7.16194 0.39000 
-7.16288 0.39100 
-7.16382 0.39200 
-7.16474 0.39300 
-7.16566 0.39400 
-7.16656 0.39500 
-7.16745 0.39600 
-7.16833 0.39700 
-7.16921 0.39800 
-7.17007 0.39900 
-7.17092 0.40000 
-7.17176 0.40100 
-7.17260 0.40200 
-7.17342 0.40300 
-7.17424 0.40400 
-7.17504 0.40500 
-7.17584 0.40600 
-7.17663 0.40700 
-7.17740 0.40800 
-7.17817 0.40900 
-7.17893 0.41000 
-7.17968 0.41100 
-7.18043 0.41200 
-7.18116 0.41300 
-7.18189 0.41400 
-7.18261 0.41500 
-7.18332 0.41600 
-7.18402 0.41700 
-7.18471 0.41800 
-7.18540 0.41900 
-7.18608 0.42000 
-7.18675 0.42100 
-7.18741 0.42200 
-7.18807 0.42300 
-7.18871 0.42400 
-7.18935 0.42500 
-7.18999 0.42600 
-7.19061 0.42700 
-7.19123 0.42800 
-7.19184 0.42900 
-7.19245 0.43000 
-7.19304 0.43100 
-7.19364 0.43200 
-7.19422 0.43300 
-7.19480 0.43400 
-7.19537 0.43500 
-7.19593 0.43600 
-7.19649 0.43700 
-7.19704 0.43800 
-7.19759 0.43900 
-7.19813 0.44000 
-7.19866 0.44100 
-7.19919 0.44200 
-7.19971 0.44300 
-7.20022 0.44400 
-7.20073 0.44500 
-7.20124 0.44600 
-7.20173 0.44700 
-7.20223 0.44800 
-7.20271 0.44900 
-7.20319 0.45000 
-7.20367 0.45100 
-7.20414 0.45200 
-7.20460 0.45300 
-7.20506 0.45400 
-7.20552 0.45500 
-7.20596 0.45600 
-7.20641 0.45700 
-7.20685 0.45800 
-7.20728 0.45900 
-7.20771 0.46000 
-7.20813 0.46100 
-7.20855 0.46200 
-7.20897 0.46300 
-7.20938 0.46400 
-7.20978 0.46500 
-7.21018 0.46600 
-7.21058 0.46700 
-7.21097 0.46800 
-7.21135 0.46900 
-7.21174 0.47000 
-7.21212 0.47100 
-7.21249 0.47200 
-7.21286 0.47300 
-7.21322 0.47400 
-7.21358 0.47500 
-7.21394 0.47600 
-7.21429 0.47700 
-7.21464 0.47800 
-7.21499 0.47900 
-7.21533 0.48000 
-7.21567 0.48100 
-7.21600 0.48200 
-7.21633 0.48300 
-7.21665 0.48400 
-7.21698 0.48500 
-7.21729 0.48600 
-7.21761 0.48700 
-7.21792 0.48800 
-7.21823 0.48900 
-7.21853 0.49000 
-7.21883 0.49100 
-7.21913 0.49200 
-7.21942 0.49300 
-7.21971 0.49400 
-7.22000 0.49500 
-7.22028 0.49600 
-7.22057 0.49700 
-7.22084 0.49800 
-7.22112 0.49900 
-7.22139 0.50000 
-7.22166 0.50100 
-7.22192 0.50200 
-7.22218 0.50300 
-7.22244 0.50400 
-7.22270 0.50500 
-7.22295 0.50600 
-7.22320 0.50700 
-7.22345 0.50800 
-7.22370 0.50900 
-7.22394 0.51000 
-7.22418 0.51100 
-7.22441 0.51200 
-7.22465 0.51300 
-7.22488 0.51400 
-7.22511 0.51500 
-7.22533 0.51600 
-7.22556 0.51700 
-7.22578 0.51800 
-7.22600 0.51900 
-7.22621 0.52000 
-7.22643 0.52100 
-7.22664 0.52200 
-7.22685 0.52300 
-7.22705 0.52400 
-7.22726 0.52500 
-7.22746 0.52600 
-7.22766 0.52700 
-7.22785 0.52800 
-7.22805 0.52900 
-7.22824 0.53000 
-7.22843 0.53100 
-7.22862 0.53200 
-7.22881 0.53300 
-7.22899 0.53400 
-7.22917 0.53500 
-7.22935 0.53600 
-7.22953 0.53700 
-7.22971 0.53800 
-7.22988 0.53900 
-7.23005 0.54000 
-7.23022 0.54100 
-7.23039 0.54200 
-7.23056 0.54300 
-7.23072 0.54400 
-7.23088 0.54500 
-7.23104 0.54600 
-7.23120 0.54700 
-7.23136 0.54800 
-7.23152 0.54900 
-7.23167 0.55000 
-7.23182 0.55100 
-7.23197 0.55200 
-7.23212 0.55300 
-7.23227 0.55400 
-7.23241 0.55500 
-7.23255 0.55600 
-7.23270 0.55700 
-7.23284 0.55800 
-7.23297 0.55900 
-7.23311 0.56000 
-7.23325 0.56100 
-7.23338 0.56200 
-7.23351 0.56300 
-7.23364 0.56400 
-7.23377 0.56500 
-7.23390 0.56600 
-7.23403 0.56700 
-7.23415 0.56800 
-7.23427 0.56900 
-7.23440 0.57000 
-7.23452 0.57100 
-7.23464 0.57200 
-7.23475 0.57300 
-7.23487 0.57400 
-7.23499 0.57500 
-7.23510 0.57600 
-7.23521 0.57700 
-7.23533 0.57800 
-7.23544 0.57900 
-7.23554 0.58000 
-7.23565 0.58100 
-7.23576 0.58200 
-7.23586 0.58300 
-7.23597 0.58400 
-7.23607 0.58500 
-7.23617 0.58600 
-7.23627 0.58700 
-7.23637 0.58800 
-7.23647 0.58900 
-7.23657 0.59000 
-7.23666 0.59100 
-7.23676 0.59200 
-7.23685 0.59300 
-7.23695 0.59400 
-7.23704 0.59500 
-7.23713 0.59600 
-7.23722 0.59700 
-7.23731 0.59800 
-7.23740 0.59900 
-7.23748 0.60000 
-7.23757 0.60100 
-7.23765 0.60200 
-7.23774 0.60300 
-7.23782 0.60400 
-7.23790 0.60500 
-7.23798 0.60600 
-7.23806 0.60700 
-7.23814 0.60800 
-7.23822 0.60900 
-7.23830 0.61000 
-7.23837 0.61100 
-7.23845 0.61200 
-7.23852 0.61300 
-7.23860 0.61400 
-7.23867 0.61500 
-7.23874 0.61600 
-7.23882 0.61700 
-7.23889 0.61800 
-7.23896 0.61900 
-7.23902 0.62000 
-7.23909 0.62100 
-7.23916 0.62200 
-7.23923 0.62300 
-7.23929 0.62400 
-7.23936 0.62500 
-7.23942 0.62600 
-7.23949 0.62700 
-7.23955 0.62800 
-7.23961 0.62900 
-7.23967 0.63000 
-7.23973 0.63100 
-7.23979 0.63200 
-7.23985 0.63300 
-7.23991 0.63400 
-7.23997 0.63500 
-7.24003 0.63600 
-7.24009 0.63700 
-7.24014 0.63800 
-7.24020 0.63900 
-7.24025 0.64000 
-7.24031 0.64100 
-7.24036 0.64200 
-7.24041 0.64300 
-7.24047 0.64400 
-7.24052 0.64500 
-7.24057 0.64600 
-7.24062 0.64700 
-7.24067 0.64800 
-7.24072 0.64900 
-7.24077 0.65000 
-7.24082 0.65100 
-7.24087 0.65200 
-7.24091 0.65300 
-7.24096 0.65400 
-7.24101 0.65500 
-7.24105 0.65600 
-7.24110 0.65700 
-7.24114 0.65800 
-7.24119 0.65900 
-7.24123 0.66000 
-7.24127 0.66100 
-7.24132 0.66200 
-7.24136 0.66300 
-7.24140 0.66400 
-7.24144 0.66500 
-7.24148 0.66600 
-7.24152 0.66700 
-7.24156 0.66800 
-7.24160 0.66900 
-7.24164 0.67000 
-7.24168 0.67100 
-7.24172 0.67200 
-7.24176 0.67300 
-7.24179 0.67400 
-7.24183 0.67500 
-7.24187 0.67600 
-7.24190 0.67700 
-7.24194 0.67800 
-7.24197 0.67900 
-7.24201 0.68000 
-7.24204 0.68100 
-7.24208 0.68200 
-7.24211 0.68300 
-7.24214 0.68400 
-7.24218 0.68500 
-7.24221 0.68600 
-7.24224 0.68700 
-7.24227 0.68800 
-7.24231 0.68900 
-7.24234 0.69000 
-7.24237 0.69100 
-7.24240 0.69200 
-7.24243 0.69300 
-7.24246 0.69400 
-7.24249 0.69500 
-7.24252 0.69600 
-7.24254 0.69700 
-7.24257 0.69800 
-7.24260 0.69900 
-7.24263 0.70000 
-7.24266 0.70100 
-7.24268 0.70200 
-7.24271 0.70300 
-7.24274 0.70400 
-7.24276 0.70500 
-7.24279 0.70600 
-7.24281 0.70700 
-7.24284 0.70800 
-7.24286 0.70900 
-7.24289 0.71000 
-7.24291 0.71100 
-7.24294 0.71200 
-7.24296 0.71300 
-7.24299 0.71400 
-7.24301 0.71500 
-7.24303 0.71600 
-7.24305 0.71700 
-7.24308 0.71800 
-7.24310 0.71900 
-7.24312 0.72000 
-7.24314 0.72100 
-7.24317 0.72200 
-7.24319 0.72300 
-7.24321 0.72400 
-7.24323 0.72500 
-7.24325 0.72600 
-7.24327 0.72700 
-7.24329 0.72800 
-7.24331 0.72900 
-7.24333 0.73000 
-7.24335 0.73100 
-7.24337 0.73200 
-7.24339 0.73300 
-7.24341 0.73400 
-7.24342 0.73500 
-7.24344 0.73600 
-7.24346 0.73700 
-7.24348 0.73800 
-7.24350 0.73900 
-7.24351 0.74000 
-7.24353 0.74100 
-7.24355 0.74200 
-7.24357 0.74300 
-7.24358 0.74400 
-7.24360 0.74500 
-7.24362 0.74600 
-7.24363 0.74700 
-7.24365 0.74800 
-7.24366 0.74900 
-7.24368 0.75000 
-7.24370 0.75100 
-7.24371 0.75200 
-7.24373 0.75300 
-7.24374 0.75400 
-7.24376 0.75500 
-7.24377 0.75600 
-7.24378 0.75700 
-7.24380 0.75800 
-7.24381 0.75900 
-7.24383 0.76000 
-7.24384 0.76100 
-7.24385 0.76200 
-7.24387 0.76300 
-7.24388 0.76400 
-7.24389 0.76500 
-7.24391 0.76600 
-7.24392 0.76700 
-7.24393 0.76800 
-7.24395 0.76900 
-7.24396 0.77000 
-7.24397 0.77100 
-7.24398 0.77200 
-7.24400 0.77300 
-7.24401 0.77400 
-7.24402 0.77500 
-7.24403 0.77600 
-7.24404 0.77700 
-7.24405 0.77800 
-7.24406 0.77900 
-7.24408 0.78000 
-7.24409 0.78100 
-7.24410 0.78200 
-7.24411 0.78300 
-7.24412 0.78400 
-7.24413 0.78500 
-7.24414 0.78600 
-7.24415 0.78700 
-7.24416 0.78800 
-7.24417 0.78900 
-7.24418 0.79000 
-7.24419 0.79100 
-7.24420 0.79200 
-7.24421 0.79300 
-7.24422 0.79400 
-7.24423 0.79500 
-7.24424 0.79600 
-7.24425 0.79700 
-7.24426 0.79800 
-7.24427 0.79900 
-7.24427 0.80000 
-7.24428 0.80100 
-7.24429 0.80200 
-7.24430 0.80300 
-7.24431 0.80400 
-7.24432 0.80500 
-7.24433 0.80600 
-7.24433 0.80700 
-7.24434 0.80800 
-7.24435 0.80900 
-7.24436 0.81000 
-7.24437 0.81100 
-7.24437 0.81200 
-7.24438 0.81300 
-7.24439 0.81400 
-7.24440 0.81500 
-7.24440 0.81600 
-7.24441 0.81700 
-7.24442 0.81800 
-7.24442 0.81900 
-7.24443 0.82000 
-7.24444 0.82100 
-7.24445 0.82200 
-7.24445 0.82300 
-7.24446 0.82400 
-7.24447 0.82500 
-7.24447 0.82600 
-7.24448 0.82700 
-7.24449 0.82800 
-7.24449 0.82900 
-7.24450 0.83000 
-7.24450 0.83100 
-7.24451 0.83200 
-7.24452 0.83300 
-7.24452 0.83400 
-7.24453 0.83500 
-7.24453 0.83600 
-7.24454 0.83700 
-7.24455 0.83800 
-7.24455 0.83900 
-7.24456 0.84000 
-7.24456 0.84100 
-7.24457 0.84200 
-7.24457 0.84300 
-7.24458 0.84400 
-7.24458 0.84500 
-7.24459 0.84600 
-7.24459 0.84700 
-7.24460 0.84800 
-7.24461 0.84900 
-7.24461 0.85000 
-7.24462 0.85100 
-7.24462 0.85200 
-7.24462 0.85300 
-7.24463 0.85400 
-7.24463 0.85500 
-7.24464 0.85600 
-7.24464 0.85700 
-7.24465 0.85800 
-7.24465 0.85900 
-7.24466 0.86000 
-7.24466 0.86100 
-7.24467 0.86200 
-7.24467 0.86300 
-7.24467 0.86400 
-7.24468 0.86500 
-7.24468 0.86600 
-7.24469 0.86700 
-7.24469 0.86800 
-7.24470 0.86900 
-7.24470 0.87000 
-7.24470 0.87100 
-7.24471 0.87200 
-7.24471 0.87300 
-7.24471 0.87400 
-7.24472 0.87500 
-7.24472 0.87600 
-7.24473 0.87700 
-7.24473 0.87800 
-7.24473 0.87900 
-7.24474 0.88000 
-7.24474 0.88100 
-7.24474 0.88200 
-7.24475 0.88300 
-7.24475 0.88400 
-7.24475 0.88500 
-7.24476 0.88600 
-7.24476 0.88700 
-7.24476 0.88800 
-7.24477 0.88900 
-7.24477 0.89000 
-7.24477 0.89100 
-7.24478 0.89200 
-7.24478 0.89300 
-7.24478 0.89400 
-7.24479 0.89500 
-7.24479 0.89600 
-7.24479 0.89700 
-7.24479 0.89800 
-7.24480 0.89900 
-7.24480 0.90000 
-7.24480 0.90100 
-7.24481 0.90200 
-7.24481 0.90300 
-7.24481 0.90400 
-7.24481 0.90500 
-7.24482 0.90600 
-7.24482 0.90700 
-7.24482 0.90800 
-7.24482 0.90900 
-7.24483 0.91000 
-7.24483 0.91100 
-7.24483 0.91200 
-7.24483 0.91300 
-7.24484 0.91400 
-7.24484 0.91500 
-7.24484 0.91600 
-7.24484 0.91700 
-7.24485 0.91800 
-7.24485 0.91900 
-7.24485 0.92000 
-7.24485 0.92100 
-7.24486 0.92200 
-7.24486 0.92300 
-7.24486 0.92400 
-7.24486 0.92500 
-7.24486 0.92600 
-7.24487 0.92700 
-7.24487 0.92800 
-7.24487 0.92900 
-7.24487 0.93000 
-7.24487 0.93100 
-7.24488 0.93200 
-7.24488 0.93300 
-7.24488 0.93400 
-7.24488 0.93500 
-7.24488 0.93600 
-7.24489 0.93700 
-7.24489 0.93800 
-7.24489 0.93900 
-7.24489 0.94000 
-7.24489 0.94100 
-7.24489 0.94200 
-7.24490 0.94300 
-7.24490 0.94400 
-7.24490 0.94500 
-7.24490 0.94600 
-7.24490 0.94700 
-7.24490 0.94800 
-7.24491 0.94900 
-7.24491 0.95000 
-7.24491 0.95100 
-7.24491 0.95200 
-7.24491 0.95300 
-7.24491 0.95400 
-7.24492 0.95500 
-7.24492 0.95600 
-7.24492 0.95700 
-7.24492 0.95800 
-7.24492 0.95900 
-7.24492 0.96000 
-7.24492 0.96100 
-7.24493 0.96200 
-7.24493 0.96300 
-7.24493 0.96400 
-7.24493 0.96500 
-7.24493 0.96600 
-7.24493 0.96700 
-7.24493 0.96800 
-7.24494 0.96900 
-7.24494 0.97000 
-7.24494 0.97100 
-7.24494 0.97200 
-7.24494 0.97300 
-7.24494 0.97400 
-7.24494 0.97500 
-7.24494 0.97600 
-7.24494 0.97700 
-7.24495 0.97800 
-7.24495 0.97900 
-7.24495 0.98000 
-7.24495 0.98100 
-7.24495 0.98200 
-7.24495 0.98300 
-7.24495 0.98400 
-7.24495 0.98500 
-7.24495 0.98600 
-7.24496 0.98700 
-7.24496 0.98800 
-7.24496 0.98900 
-7.24496 0.99000 
-7.24496 0.99100 
-7.24496 0.99200 
-7.24496 0.99300 
-7.24496 0.99400 
-7.24496 0.99500 
-7.24496 0.99600 
-7.24497 0.99700 
-7.24497 0.99800 
-7.24497 0.99900 
