0.00000 0.00000 
-0.04458 0.00100 
-0.12080 0.00200 
-0.20148 0.00300 
-0.28212 0.00400 
-0.36199 0.00500 
-0.44096 0.00600 
-0.51902 0.00700 
-0.59620 0.00800 
-0.67248 0.00900 
-0.74789 0.01000 
-0.82244 0.01100 
-0.89613 0.01200 
-0.96897 0.01300 
-1.04098 0.01400 
-1.11216 0.01500 
-1.18253 0.01600 
-1.25209 0.01700 
-1.32084 0.01800 
-1.38881 0.01900 
-1.45601 0.02000 
-1.52243 0.02100 
-1.58809 0.02200 
-1.65299 0.02300 
-1.71715 0.02400 
-1.78057 0.02500 
-1.84327 0.02600 
-1.90525 0.02700 
-1.96651 0.02800 
-2.02707 0.02900 
-2.08694 0.03000 
-2.14612 0.03100 
-2.20462 0.03200 
-2.26245 0.03300 
-2.31962 0.03400 
-2.37613 0.03500 
-2.43199 0.03600 
-2.48721 0.03700 
-2.54180 0.03800 
-2.59576 0.03900 
-2.64910 0.04000 
-2.70183 0.04100 
-2.75395 0.04200 
-2.80548 0.04300 
-2.85641 0.04400 
-2.90676 0.04500 
-2.95654 0.04600 
-3.00574 0.04700 
-3.05437 0.04800 
-3.10245 0.04900 
-3.14998 0.05000 
-3.19696 0.05100 
-3.24340 0.05200 
-3.28931 0.05300 
-3.33469 0.05400 
-3.37955 0.05500 
-3.42390 0.05600 
-3.46774 0.05700 
-3.51107 0.05800 
-3.55391 0.05900 
-3.59626 0.06000 
-3.63812 0.06100 
-3.67950 0.06200 
-3.72040 0.06300 
-3.76084 0.06400 
-3.80081 0.06500 
-3.84032 0.06600 
-3.87938 0.06700 
-3.91799 0.06800 
-3.95616 0.06900 
-3.99389 0.07000 
-4.03119 0.07100 
-4.06805 0.07200 
-4.10450 0.07300 
-4.14053 0.07400 
-4.17614 0.07500 
-4.21135 0.07600 
-4.24615 0.07700 
-4.28055 0.07800 
-4.31456 0.07900 
-4.34818 0.08000 
-4.38141 0.08100 
-4.41426 0.08200 
-4.44673 0.08300 
-4.47883 0.08400 
-4.51056 0.08500 
-4.54193 0.08600 
-4.57294 0.08700 
-4.60359 0.08800 
-4.63389 0.08900 
-4.66384 0.09000 
-4.69345 0.09100 
-4.72272 0.09200 
-4.75166 0.09300 
-4.78026 0.09400 
-4.80853 0.09500 
-4.83648 0.09600 
-4.86411 0.09700 
-4.89142 0.09800 
-4.91842 0.09900 
-4.94511 0.10000 
-4.97149 0.10100 
-4.99757 0.10200 
-5.02335 0.10300 
-5.04883 0.10400 
-5.07402 0.10500 
-5.09893 0.10600 
-5.12354 0.10700 
-5.14788 0.10800 
-5.17193 0.10900 
-5.19571 0.11000 
-5.21922 0.11100 
-5.24245 0.11200 
-5.26542 0.11300 
-5.28813 0.11400 
-5.31058 0.11500 
-5.33277 0.11600 
-5.35470 0.11700 
-5.37638 0.11800 
-5.39782 0.11900 
-5.41900 0.12000 
-5.43995 0.12100 
-5.46065 0.12200 
-5.48112 0.12300 
-5.50135 0.12400 
-5.52135 0.12500 
-5.54112 0.12600 
-5.56067 0.12700 
-5.57999 0.12800 
-5.59908 0.12900 
-5.61796 0.13000 
-5.63662 0.13100 
-5.65507 0.13200 
-5.67331 0.13300 
-5.69133 0.13400 
-5.70915 0.13500 
-5.72677 0.13600 
-5.74418 0.13700 
-5.76140 0.13800 
-5.77841 0.13900 
-5.79524 0.14000 
-5.81186 0.14100 
-5.82830 0.14200 
-5.84455 0.14300 
-5.86061 0.14400 
-5.87649 0.14500 
-5.89219 0.14600 
-5.90770 0.14700 
-5.92304 0.14800 
-5.93820 0.14900 
-5.95319 0.15000 
-5.96800 0.15100 
-5.98265 0.15200 
-5.99713 0.15300 
-6.01144 0.15400 
-6.02559 0.15500 
-6.03957 0.15600 
-6.05340 0.15700 
-6.06706 0.15800 
-6.08057 0.15900 
-6.09393 0.16000 
-6.10713 0.16100 
-6.12018 0.16200 
-6.13308 0.16300 
-6.14583 0.16400 
-6.15844 0.16500 
-6.17090 0.16600 
-6.18322 0.16700 
-6.19539 0.16800 
-6.20743 0.16900 
-6.21933 0.17000 
-6.23109 0.17100 
-6.24272 0.17200 
-6.25421 0.17300 
-6.26557 0.17400 
-6.27681 0.17500 
-6.28791 0.17600 
-6.29888 0.17700 
-6.30973 0.17800 
-6.32046 0.17900 
-6.33106 0.18000 
-6.34154 0.18100 
-6.35190 0.18200 
-6.36214 0.18300 
-6.37227 0.18400 
-6.38228 0.18500 
-6.39217 0.18600 
-6.40195 0.18700 
-6.41162 0.18800 
-6.42117 0.18900 
-6.43062 0.19000 
-6.43996 0.19100 
-6.44918 0.19200 
-6.45830 0.19300 
-6.46731 0.19400 
-6.47623 0.19500 
-6.48503 0.19600 
-6.49374 0.19700 
-6.50235 0.19800 
-6.51086 0.19900 
-6.51927 0.20000 
-6.52759 0.20100 
-6.53581 0.20200 
-6.54393 0.20300 
-6.55197 0.20400 
-6.55991 0.20500 
-6.56776 0.20600 
-6.57552 0.20700 
-6.58319 0.20800 
-6.59077 0.20900 
-6.59827 0.21000 
-6.60568 0.21100 
-6.61301 0.21200 
-6.62025 0.21300 
-6.62741 0.21400 
-6.63448 0.21500 
-6.64148 0.21600 
-6.64839 0.21700 
-6.65523 0.21800 
-6.66199 0.21900 
-6.66867 0.22000 
-6.67527 0.22100 
-6.68180 0.22200 
-6.68826 0.22300 
-6.69463 0.22400 
-6.70094 0.22500 
-6.70718 0.22600 
-6.71334 0.22700 
-6.71943 0.22800 
-6.72545 0.22900 
-6.73141 0.23000 
-6.73729 0.23100 
-6.74311 0.23200 
-6.74886 0.23300 
-6.75455 0.23400 
-6.76017 0.23500 
-6.76572 0.23600 
-6.77121 0.23700 
-6.77664 0.23800 
-6.78201 0.23900 
-6.78732 0.24000 
-6.79256 0.24100 
-6.79774 0.24200 
-6.80287 0.24300 
-6.80794 0.24400 
-6.81294 0.24500 
-6.81790 0.24600 
-6.82279 0.24700 
-6.82763 0.24800 
-6.83241 0.24900 
-6.83714 0.25000 
-6.84181 0.25100 
-6.84643 0.25200 
-6.85100 0.25300 
-6.85551 0.25400 
-6.85998 0.25500 
-6.86439 0.25600 
-6.86875 0.25700 
-6.87306 0.25800 
-6.87732 0.25900 
-6.88154 0.26000 
-6.88570 0.26100 
-6.88982 0.26200 
-6.89389 0.26300 
-6.89791 0.26400 
-6.90189 0.26500 
-6.90582 0.26600 
-6.90971 0.26700 
-6.91355 0.26800 
-6.91735 0.26900 
-6.92110 0.27000 
-6.92482 0.27100 
-6.92849 0.27200 
-6.93211 0.27300 
-6.93570 0.27400 
-6.93924 0.27500 
-6.94275 0.27600 
-6.94621 0.27700 
-6.94963 0.27800 
-6.95302 0.27900 
-6.95636 0.28000 
-6.95967 0.28100 
-6.96294 0.28200 
-6.96617 0.28300 
-6.96937 0.28400 
-6.97253 0.28500 
-6.97565 0.28600 
-6.97874 0.28700 
-6.98179 0.28800 
-6.98480 0.28900 
-6.98779 0.29000 
-6.99074 0.29100 
-6.99365 0.29200 
-6.99653 0.29300 
-6.99938 0.29400 
-7.00220 0.29500 
-7.00498 0.29600 
-7.00773 0.29700 
-7.01045 0.29800 
-7.01314 0.29900 
-7.01580 0.30000 
-7.01842 0.30100 
-7.02102 0.30200 
-7.02359 0.30300 
-7.02612 0.30400 
-7.02863 0.30500 
-7.03111 0.30600 
-7.03356 0.30700 
-7.03599 0.30800 
-7.03838 0.30900 
-7.04075 0.31000 
-7.04309 0.31100 
-7.04540 0.31200 
-7.04769 0.31300 
-7.04995 0.31400 
-7.05219 0.31500 
-7.05440 0.31600 
-7.05658 0.31700 
-7.05874 0.31800 
-7.06087 0.31900 
-7.06298 0.32000 
-7.06507 0.32100 
-7.06713 0.32200 
-7.06917 0.32300 
-7.07118 0.32400 
-7.07318 0.32500 
-7.07514 0.32600 
-7.07709 0.32700 
-7.07901 0.32800 
-7.08092 0.32900 
-7.08279 0.33000 
-7.08465 0.33100 
-7.08649 0.33200 
-7.08831 0.33300 
-7.09010 0.33400 
-7.09188 0.33500 
-7.09363 0.33600 
-7.09536 0.33700 
-7.09708 0.33800 
-7.09877 0.33900 
-7.10045 0.34000 
-7.10210 0.34100 
-7.10374 0.34200 
-7.10536 0.34300 
-7.10696 0.34400 
-7.10854 0.34500 
-7.11010 0.34600 
-7.11165 0.34700 
-7.11317 0.34800 
-7.11468 0.34900 
-7.11618 0.35000 
-7.11765 0.35100 
-7.11911 0.35200 
-7.12055 0.35300 
-7.12198 0.35400 
-7.12339 0.35500 
-7.12478 0.35600 
-7.12616 0.35700 
-7.12752 0.35800 
-7.12887 0.35900 
-7.13020 0.36000 
-7.13151 0.36100 
-7.13281 0.36200 
-7.13410 0.36300 
-7.13537 0.36400 
-7.13662 0.36500 
-7.13787 0.36600 
-7.13909 0.36700 
-7.14031 0.36800 
-7.14151 0.36900 
-7.14269 0.37000 
-7.14386 0.37100 
-7.14502 0.37200 
-7.14617 0.37300 
-7.14730 0.37400 
-7.14842 0.37500 
-7.14952 0.37600 
-7.15062 0.37700 
-7.15170 0.37800 
-7.15277 0.37900 
-7.15382 0.38000 
-7.15487 0.38100 
-7.15590 0.38200 
-7.15692 0.38300 
-7.15793 0.38400 
-7.15893 0.38500 
-7.15991 0.38600 
-7.16089 0.38700 
-7.16185 0.38800 
-7.16280 0.38900 
-7.16374 0.39000 
-7.16468 0.39100 
-7.16560 0.39200 
-7.16650 0.39300 
-7.16740 0.39400 
-7.16829 0.39500 
-7.16917 0.39600 
-7.17004 0.39700 
-7.17090 0.39800 
-7.17175 0.39900 
-7.17258 0.40000 
-7.17341 0.40100 
-7.17423 0.40200 
-7.17504 0.40300 
-7.17584 0.40400 
-7.17664 0.40500 
-7.17742 0.40600 
-7.17819 0.40700 
-7.17896 0.40800 
-7.17971 0.40900 
-7.18046 0.41000 
-7.18120 0.41100 
-7.18193 0.41200 
-7.18265 0.41300 
-7.18337 0.41400 
-7.18407 0.41500 
-7.18477 0.41600 
-7.18546 0.41700 
-7.18614 0.41800 
-7.18681 0.41900 
-7.18748 0.42000 
-7.18814 0.42100 
-7.18879 0.42200 
-7.18943 0.42300 
-7.19007 0.42400 
-7.19070 0.42500 
-7.19132 0.42600 
-7.19193 0.42700 
-7.19254 0.42800 
-7.19314 0.42900 
-7.19374 0.43000 
-7.19432 0.43100 
-7.19490 0.43200 
-7.19548 0.43300 
-7.19604 0.43400 
-7.19660 0.43500 
-7.19716 0.43600 
-7.19770 0.43700 
-7.19824 0.43800 
-7.19878 0.43900 
-7.19931 0.44000 
-7.19983 0.44100 
-7.20035 0.44200 
-7.20086 0.44300 
-7.20136 0.44400 
-7.20186 0.44500 
-7.20236 0.44600 
-7.20284 0.44700 
-7.20333 0.44800 
-7.20380 0.44900 
-7.20427 0.45000 
-7.20474 0.45100 
-7.20520 0.45200 
-7.20566 0.45300 
-7.20611 0.45400 
-7.20655 0.45500 
-7.20699 0.45600 
-7.20742 0.45700 
-7.20785 0.45800 
-7.20828 0.45900 
-7.20870 0.46000 
-7.20911 0.46100 
-7.20952 0.46200 
-7.20993 0.46300 
-7.21033 0.46400 
-7.21073 0.46500 
-7.21112 0.46600 
-7.21151 0.46700 
-7.21189 0.46800 
-7.21227 0.46900 
-7.21264 0.47000 
-7.21301 0.47100 
-7.21338 0.47200 
-7.21374 0.47300 
-7.21409 0.47400 
-7.21445 0.47500 
-7.21480 0.47600 
-7.21514 0.47700 
-7.21548 0.47800 
-7.21582 0.47900 
-7.21615 0.48000 
-7.21648 0.48100 
-7.21681 0.48200 
-7.21713 0.48300 
-7.21745 0.48400 
-7.21777 0.48500 
-7.21808 0.48600 
-7.21838 0.48700 
-7.21869 0.48800 
-7.21899 0.48900 
-7.21929 0.49000 
-7.21958 0.49100 
-7.21987 0.49200 
-7.22016 0.49300 
-7.22044 0.49400 
-7.22072 0.49500 
-7.22100 0.49600 
-7.22127 0.49700 
-7.22155 0.49800 
-7.22181 0.49900 
-7.22208 0.50000 
-7.22234 0.50100 
-7.22260 0.50200 
-7.22286 0.50300 
-7.22311 0.50400 
-7.22336 0.50500 
-7.22361 0.50600 
-7.22385 0.50700 
-7.22409 0.50800 
-7.22433 0.50900 
-7.22457 0.51000 
-7.22480 0.51100 
-7.22503 0.51200 
-7.22526 0.51300 
-7.22549 0.51400 
-7.22571 0.51500 
-7.22593 0.51600 
-7.22615 0.51700 
-7.22637 0.51800 
-7.22658 0.51900 
-7.22679 0.52000 
-7.22700 0.52100 
-7.22720 0.52200 
-7.22741 0.52300 
-7.22761 0.52400 
-7.22781 0.52500 
-7.22800 0.52600 
-7.22820 0.52700 
-7.22839 0.52800 
-7.22858 0.52900 
-7.22877 0.53000 
-7.22895 0.53100 
-7.22914 0.53200 
-7.22932 0.53300 
-7.22950 0.53400 
-7.22968 0.53500 
-7.22985 0.53600 
-7.23002 0.53700 
-7.23020 0.53800 
-7.23037 0.53900 
-7.23053 0.54000 
-7.23070 0.54100 
-7.23086 0.54200 
-7.23102 0.54300 
-7.23118 0.54400 
-7.23134 0.54500 
-7.23150 0.54600 
-7.23165 0.54700 
-7.23181 0.54800 
-7.23196 0.54900 
-7.23211 0.55000 
-7.23225 0.55100 
-7.23240 0.55200 
-7.23254 0.55300 
-7.23269 0.55400 
-7.23283 0.55500 
-7.23297 0.55600 
-7.23311 0.55700 
-7.23324 0.55800 
-7.23338 0.55900 
-7.23351 0.56000 
-7.23364 0.56100 
-7.23377 0.56200 
-7.23390 0.56300 
-7.23403 0.56400 
-7.23415 0.56500 
-7.23428 0.56600 
-7.23440 0.56700 
-7.23452 0.56800 
-7.23464 0.56900 
-7.23476 0.57000 
-7.23488 0.57100 
-7.23499 0.57200 
-7.23511 0.57300 
-7.23522 0.57400 
-7.23533 0.57500 
-7.23544 0.57600 
-7.23555 0.57700 
-7.23566 0.57800 
-7.23577 0.57900 
-7.23588 0.58000 
-7.23598 0.58100 
-7.23608 0.58200 
-7.23619 0.58300 
-7.23629 0.58400 
-7.23639 0.58500 
-7.23649 0.58600 
-7.23658 0.58700 
-7.23668 0.58800 
-7.23678 0.58900 
-7.23687 0.59000 
-7.23696 0.59100 
-7.23706 0.59200 
-7.23715 0.59300 
-7.23724 0.59400 
-7.23733 0.59500 
-7.23741 0.59600 
-7.23750 0.59700 
-7.23759 0.59800 
-7.23767 0.59900 
-7.23776 0.60000 
-7.23784 0.60100 
-7.23792 0.60200 
-7.23800 0.60300 
-7.23808 0.60400 
-7.23816 0.60500 
-7.23824 0.60600 
-7.23832 0.60700 
-7.23840 0.60800 
-7.23847 0.60900 
-7.23855 0.61000 
-7.23862 0.61100 
-7.23869 0.61200 
-7.23877 0.61300 
-7.23884 0.61400 
-7.23891 0.61500 
-7.23898 0.61600 
-7.23905 0.61700 
-7.23912 0.61800 
-7.23918 0.61900 
-7.23925 0.62000 
-7.23932 0.62100 
-7.23938 0.62200 
-7.23945 0.62300 
-7.23951 0.62400 
-7.23957 0.62500 
-7.23964 0.62600 
-7.23970 0.62700 
-7.23976 0.62800 
-7.23982 0.62900 
-7.23988 0.63000 
-7.23994 0.63100 
-7.24000 0.63200 
-7.24005 0.63300 
-7.24011 0.63400 
-7.24017 0.63500 
-7.24022 0.63600 
-7.24028 0.63700 
-7.24033 0.63800 
-7.24039 0.63900 
-7.24044 0.64000 
-7.24049 0.64100 
-7.24054 0.64200 
-7.24060 0.64300 
-7.24065 0.64400 
-7.24070 0.64500 
-7.24075 0.64600 
-7.24080 0.64700 
-7.24084 0.64800 
-7.24089 0.64900 
-7.24094 0.65000 
-7.24099 0.65100 
-7.24103 0.65200 
-7.24108 0.65300 
-7.24112 0.65400 
-7.24117 0.65500 
-7.24121 0.65600 
-7.24126 0.65700 
-7.24130 0.65800 
-7.24134 0.65900 
-7.24138 0.66000 
-7.24143 0.66100 
-7.24147 0.66200 
-7.24151 0.66300 
-7.24155 0.66400 
-7.24159 0.66500 
-7.24163 0.66600 
-7.24167 0.66700 
-7.24171 0.66800 
-7.24174 0.66900 
-7.24178 0.67000 
-7.24182 0.67100 
-7.24186 0.67200 
-7.24189 0.67300 
-7.24193 0.67400 
-7.24196 0.67500 
-7.24200 0.67600 
-7.24203 0.67700 
-7.24207 0.67800 
-7.24210 0.67900 
-7.24214 0.68000 
-7.24217 0.68100 
-7.24220 0.68200 
-7.24223 0.68300 
-7.24227 0.68400 
-7.24230 0.68500 
-7.24233 0.68600 
-7.24236 0.68700 
-7.24239 0.68800 
-7.24242 0.68900 
-7.24245 0.69000 
-7.24248 0.69100 
-7.24251 0.69200 
-7.24254 0.69300 
-7.24257 0.69400 
-7.24260 0.69500 
-7.24262 0.69600 
-7.24265 0.69700 
-7.24268 0.69800 
-7.24271 0.69900 
-7.24273 0.70000 
-7.24276 0.70100 
-7.24279 0.70200 
-7.24281 0.70300 
-7.24284 0.70400 
-7.24286 0.70500 
-7.24289 0.70600 
-7.24291 0.70700 
-7.24294 0.70800 
-7.24296 0.70900 
-7.24298 0.71000 
-7.24301 0.71100 
-7.24303 0.71200 
-7.24305 0.71300 
-7.24308 0.71400 
-7.24310 0.71500 
-7.24312 0.71600 
-7.24314 0.71700 
-7.24316 0.71800 
-7.24319 0.71900 
-7.24321 0.72000 
-7.24323 0.72100 
-7.24325 0.72200 
-7.24327 0.72300 
-7.24329 0.72400 
-7.24331 0.72500 
-7.24333 0.72600 
-7.24335 0.72700 
-7.24337 0.72800 
-7.24339 0.72900 
-7.24341 0.73000 
-7.24343 0.73100 
-7.24344 0.73200 
-7.24346 0.73300 
-7.24348 0.73400 
-7.24350 0.73500 
-7.24352 0.73600 
-7.24353 0.73700 
-7.24355 0.73800 
-7.24357 0.73900 
-7.24358 0.74000 
-7.24360 0.74100 
-7.24362 0.74200 
-7.24363 0.74300 
-7.24365 0.74400 
-7.24367 0.74500 
-7.24368 0.74600 
-7.24370 0.74700 
-7.24371 0.74800 
-7.24373 0.74900 
-7.24374 0.75000 
-7.24376 0.75100 
-7.24377 0.75200 
-7.24379 0.75300 
-7.24380 0.75400 
-7.24382 0.75500 
-7.24383 0.75600 
-7.24384 0.75700 
-7.24386 0.75800 
-7.24387 0.75900 
-7.24388 0.76000 
-7.24390 0.76100 
-7.24391 0.76200 
-7.24392 0.76300 
-7.24394 0.76400 
-7.24395 0.76500 
-7.24396 0.76600 
-7.24397 0.76700 
-7.24399 0.76800 
-7.24400 0.76900 
-7.24401 0.77000 
-7.24402 0.77100 
-7.24403 0.77200 
-7.24405 0.77300 
-7.24406 0.77400 
-7.24407 0.77500 
-7.24408 0.77600 
-7.24409 0.77700 
-7.24410 0.77800 
-7.24411 0.77900 
-7.24412 0.78000 
-7.24413 0.78100 
-7.24414 0.78200 
-7.24415 0.78300 
-7.24416 0.78400 
-7.24417 0.78500 
-7.24418 0.78600 
-7.24419 0.78700 
-7.24420 0.78800 
-7.24421 0.78900 
-7.24422 0.79000 
-7.24423 0.79100 
-7.24424 0.79200 
-7.24425 0.79300 
-7.24426 0.79400 
-7.24427 0.79500 
-7.24428 0.79600 
-7.24429 0.79700 
-7.24430 0.79800 
-7.24430 0.79900 
-7.24431 0.80000 
-7.24432 0.80100 
-7.24433 0.80200 
-7.24434 0.80300 
-7.24435 0.80400 
-7.24435 0.80500 
-7.24436 0.80600 
-7.24437 0.80700 
-7.24438 0.80800 
-7.24438 0.80900 
-7.24439 0.81000 
-7.24440 0.81100 
-7.24441 0.81200 
-7.24441 0.81300 
-7.24442 0.81400 
-7.24443 0.81500 
-7.24444 0.81600 
-7.24444 0.81700 
-7.24445 0.81800 
-7.24446 0.81900 
-7.24446 0.82000 
-7.24447 0.82100 
-7.24448 0.82200 
-7.24448 0.82300 
-7.24449 0.82400 
-7.24450 0.82500 
-7.24450 0.82600 
-7.24451 0.82700 
-7.24451 0.82800 
-7.24452 0.82900 
-7.24453 0.83000 
-7.24453 0.83100 
-7.24454 0.83200 
-7.24454 0.83300 
-7.24455 0.83400 
-7.24456 0.83500 
-7.24456 0.83600 
-7.24457 0.83700 
-7.24457 0.83800 
-7.24458 0.83900 
-7.24458 0.84000 
-7.24459 0.84100 
-7.24459 0.84200 
-7.24460 0.84300 
-7.24460 0.84400 
-7.24461 0.84500 
-7.24461 0.84600 
-7.24462 0.84700 
-7.24462 0.84800 
-7.24463 0.84900 
-7.24463 0.85000 
-7.24464 0.85100 
-7.24464 0.85200 
-7.24465 0.85300 
-7.24465 0.85400 
-7.24466 0.85500 
-7.24466 0.85600 
-7.24467 0.85700 
-7.24467 0.85800 
-7.24467 0.85900 
-7.24468 0.86000 
-7.24468 0.86100 
-7.24469 0.86200 
-7.24469 0.86300 
-7.24470 0.86400 
-7.24470 0.86500 
-7.24470 0.86600 
-7.24471 0.86700 
-7.24471 0.86800 
-7.24471 0.86900 
-7.24472 0.87000 
-7.24472 0.87100 
-7.24473 0.87200 
-7.24473 0.87300 
-7.24473 0.87400 
-7.24474 0.87500 
-7.24474 0.87600 
-7.24474 0.87700 
-7.24475 0.87800 
-7.24475 0.87900 
-7.24475 0.88000 
-7.24476 0.88100 
-7.24476 0.88200 
-7.24476 0.88300 
-7.24477 0.88400 
-7.24477 0.88500 
-7.24477 0.88600 
-7.24478 0.88700 
-7.24478 0.88800 
-7.24478 0.88900 
-7.24479 0.89000 
-7.24479 0.89100 
-7.24479 0.89200 
-7.24479 0.89300 
-7.24480 0.89400 
-7.24480 0.89500 
-7.24480 0.89600 
-7.24481 0.89700 
-7.24481 0.89800 
-7.24481 0.89900 
-7.24481 0.90000 
-7.24482 0.90100 
-7.24482 0.90200 
-7.24482 0.90300 
-7.24482 0.90400 
-7.24483 0.90500 
-7.24483 0.90600 
-7.24483 0.90700 
-7.24483 0.90800 
-7.24484 0.90900 
-7.24484 0.91000 
-7.24484 0.91100 
-7.24484 0.91200 
-7.24485 0.91300 
-7.24485 0.91400 
-7.24485 0.91500 
-7.24485 0.91600 
-7.24486 0.91700 
-7.24486 0.91800 
-7.24486 0.91900 
-7.24486 0.92000 
-7.24486 0.92100 
-7.24487 0.92200 
-7.24487 0.92300 
-7.24487 0.92400 
-7.24487 0.92500 
-7.24487 0.92600 
-7.24488 0.92700 
-7.24488 0.92800 
-7.24488 0.92900 
-7.24488 0.93000 
-7.24488 0.93100 
-7.24489 0.93200 
-7.24489 0.93300 
-7.24489 0.93400 
-7.24489 0.93500 
-7.24489 0.93600 
-7.24490 0.93700 
-7.24490 0.93800 
-7.24490 0.93900 
-7.24490 0.94000 
-7.24490 0.94100 
-7.24490 0.94200 
-7.24491 0.94300 
-7.24491 0.94400 
-7.24491 0.94500 
-7.24491 0.94600 
-7.24491 0.94700 
-7.24491 0.94800 
-7.24491 0.94900 
-7.24492 0.95000 
-7.24492 0.95100 
-7.24492 0.95200 
-7.24492 0.95300 
-7.24492 0.95400 
-7.24492 0.95500 
-7.24492 0.95600 
-7.24493 0.95700 
-7.24493 0.95800 
-7.24493 0.95900 
-7.24493 0.96000 
-7.24493 0.96100 
-7.24493 0.96200 
-7.24493 0.96300 
-7.24494 0.96400 
-7.24494 0.96500 
-7.24494 0.96600 
-7.24494 0.96700 
-7.24494 0.96800 
-7.24494 0.96900 
-7.24494 0.97000 
-7.24494 0.97100 
-7.24495 0.97200 
-7.24495 0.97300 
-7.24495 0.97400 
-7.24495 0.97500 
-7.24495 0.97600 
-7.24495 0.97700 
-7.24495 0.97800 
-7.24495 0.97900 
-7.24495 0.98000 
-7.24496 0.98100 
-7.24496 0.98200 
-7.24496 0.98300 
-7.24496 0.98400 
-7.24496 0.98500 
-7.24496 0.98600 
-7.24496 0.98700 
-7.24496 0.98800 
-7.24496 0.98900 
-7.24496 0.99000 
-7.24497 0.99100 
-7.24497 0.99200 
-7.24497 0.99300 
-7.24497 0.99400 
-7.24497 0.99500 
-7.24497 0.99600 
-7.24497 0.99700 
-7.24497 0.99800 
-7.24497 0.99900 
-7.24497 1.00000 
-7.24497 1.00100 
-7.24498 1.00200 
-7.24498 1.00300 
-7.24498 1.00400 
-7.24498 1.00500 
-7.24498 1.00600 
-7.24498 1.00700 
-7.24498 1.00800 
-7.24498 1.00900 
-7.24498 1.01000 
-7.24498 1.01100 
-7.24498 1.01200 
-7.24498 1.01300 
-7.24498 1.01400 
-7.24499 1.01500 
-7.24499 1.01600 
-7.24499 1.01700 
-7.24499 1.01800 
-7.24499 1.01900 
-7.24499 1.02000 
-7.24499 1.02100 
-7.24499 1.02200 
-7.24499 1.02300 
-7.24499 1.02400 
-7.24499 1.02500 
-7.24499 1.02600 
-7.24499 1.02700 
-7.24499 1.02800 
-7.24499 1.02900 
-7.24500 1.03000 
-7.24500 1.03100 
-7.24500 1.03200 
-7.24500 1.03300 
-7.24500 1.03400 
-7.24500 1.03500 
-7.24500 1.03600 
-7.24500 1.03700 
-7.24500 1.03800 
-7.24500 1.03900 
-7.24500 1.04000 
-7.24500 1.04100 
-7.24500 1.04200 
-7.24500 1.04300 
-7.24500 1.04400 
-7.24500 1.04500 
-7.24500 1.04600 
-7.24500 1.04700 
-7.24500 1.04800 
-7.24501 1.04900 
-7.24501 1.05000 
-7.24501 1.05100 
-7.24501 1.05200 
-7.24501 1.05300 
-7.24501 1.05400 
-7.24501 1.05500 
-7.24501 1.05600 
-7.24501 1.05700 
-7.24501 1.05800 
-7.24501 1.05900 
-7.24501 1.06000 
-7.24501 1.06100 
-7.24501 1.06200 
-7.24501 1.06300 
-7.24501 1.06400 
-7.24501 1.06500 
-7.24501 1.06600 
-7.24501 1.06700 
-7.24501 1.06800 
-7.24501 1.06900 
-7.24501 1.07000 
-7.24501 1.07100 
-7.24502 1.07200 
-7.24502 1.07300 
-7.24502 1.07400 
-7.24502 1.07500 
-7.24502 1.07600 
-7.24502 1.07700 
-7.24502 1.07800 
-7.24502 1.07900 
-7.24502 1.08000 
-7.24502 1.08100 
-7.24502 1.08200 
-7.24502 1.08300 
-7.24502 1.08400 
-7.24502 1.08500 
-7.24502 1.08600 
-7.24502 1.08700 
-7.24502 1.08800 
-7.24502 1.08900 
-7.24502 1.09000 
-7.24502 1.09100 
-7.24502 1.09200 
-7.24502 1.09300 
-7.24502 1.09400 
-7.24502 1.09500 
-7.24502 1.09600 
-7.24502 1.09700 
-7.24502 1.09800 
-7.24502 1.09900 
-7.24502 1.10000 
-7.24502 1.10100 
-7.24502 1.10200 
-7.24502 1.10300 
-7.24503 1.10400 
-7.24503 1.10500 
-7.24503 1.10600 
-7.24503 1.10700 
-7.24503 1.10800 
-7.24503 1.10900 
-7.24503 1.11000 
-7.24503 1.11100 
-7.24503 1.11200 
-7.24503 1.11300 
-7.24503 1.11400 
-7.24503 1.11500 
-7.24503 1.11600 
-7.24503 1.11700 
-7.24503 1.11800 
-7.24503 1.11900 
-7.24503 1.12000 
-7.24503 1.12100 
-7.24503 1.12200 
-7.24503 1.12300 
-7.24503 1.12400 
-7.24503 1.12500 
-7.24503 1.12600 
-7.24503 1.12700 
-7.24503 1.12800 
-7.24503 1.12900 
-7.24503 1.13000 
-7.24503 1.13100 
-7.24503 1.13200 
-7.24503 1.13300 
-7.24503 1.13400 
-7.24503 1.13500 
-7.24503 1.13600 
-7.24503 1.13700 
-7.24503 1.13800 
-7.24503 1.13900 
-7.24503 1.14000 
-7.24503 1.14100 
-7.24503 1.14200 
-7.24503 1.14300 
-7.24503 1.14400 
-7.24503 1.14500 
-7.24503 1.14600 
-7.24503 1.14700 
-7.24503 1.14800 
-7.24503 1.14900 
-7.24503 1.15000 
-7.24503 1.15100 
-7.24503 1.15200 
-7.24503 1.15300 
-7.24503 1.15400 
-7.24504 1.15500 
-7.24504 1.15600 
-7.24504 1.15700 
-7.24504 1.15800 
-7.24504 1.15900 
-7.24504 1.16000 
-7.24504 1.16100 
-7.24504 1.16200 
-7.24504 1.16300 
-7.24504 1.16400 
-7.24504 1.16500 
-7.24504 1.16600 
-7.24504 1.16700 
-7.24504 1.16800 
-7.24504 1.16900 
-7.24504 1.17000 
-7.24504 1.17100 
-7.24504 1.17200 
-7.24504 1.17300 
-7.24504 1.17400 
-7.24504 1.17500 
-7.24504 1.17600 
-7.24504 1.17700 
-7.24504 1.17800 
-7.24504 1.17900 
-7.24504 1.18000 
-7.24504 1.18100 
-7.24504 1.18200 
-7.24504 1.18300 
-7.24504 1.18400 
-7.24504 1.18500 
-7.24504 1.18600 
-7.24504 1.18700 
-7.24504 1.18800 
-7.24504 1.18900 
-7.24504 1.19000 
-7.24504 1.19100 
-7.24504 1.19200 
-7.24504 1.19300 
-7.24504 1.19400 
-7.24504 1.19500 
-7.24504 1.19600 
-7.24504 1.19700 
-7.24504 1.19800 
-7.24504 1.19900 
-7.24504 1.20000 
-7.24504 1.20100 
-7.24504 1.20200 
-7.24504 1.20300 
-7.24504 1.20400 
-7.24504 1.20500 
-7.24504 1.20600 
-7.24504 1.20700 
-7.24504 1.20800 
-7.24504 1.20900 
-7.24504 1.21000 
-7.24504 1.21100 
-7.24504 1.21200 
-7.24504 1.21300 
-7.24504 1.21400 
-7.24504 1.21500 
-7.24504 1.21600 
-7.24504 1.21700 
-7.24504 1.21800 
-7.24504 1.21900 
-7.24504 1.22000 
-7.24504 1.22100 
-7.24504 1.22200 
-7.24504 1.22300 
-7.24504 1.22400 
-7.24504 1.22500 
-7.24504 1.22600 
-7.24504 1.22700 
-7.24504 1.22800 
-7.24504 1.22900 
-7.24504 1.23000 
-7.24504 1.23100 
-7.24504 1.23200 
-7.24504 1.23300 
-7.24504 1.23400 
-7.24504 1.23500 
-7.24504 1.23600 
-7.24504 1.23700 
-7.24504 1.23800 
-7.24504 1.23900 
-7.24504 1.24000 
-7.24504 1.24100 
-7.24504 1.24200 
-7.24504 1.24300 
-7.24504 1.24400 
-7.24504 1.24500 
-7.24504 1.24600 
-7.24504 1.24700 
-7.24504 1.24800 
-7.24504 1.24900 
-7.24504 1.25000 
-7.24504 1.25100 
-7.24504 1.25200 
-7.24504 1.25300 
-7.24504 1.25400 
-7.24504 1.25500 
-7.24504 1.25600 
-7.24504 1.25700 
-7.24504 1.25800 
-7.24504 1.25900 
-7.24504 1.26000 
-7.24504 1.26100 
-7.24504 1.26200 
-7.24504 1.26300 
-7.24504 1.26400 
-7.24504 1.26500 
-7.24504 1.26600 
-7.24504 1.26700 
-7.24504 1.26800 
-7.24504 1.26900 
-7.24504 1.27000 
-7.24504 1.27100 
-7.24504 1.27200 
-7.24504 1.27300 
-7.24504 1.27400 
-7.24504 1.27500 
-7.24504 1.27600 
-7.24504 1.27700 
-7.24504 1.27800 
-7.24504 1.27900 
-7.24504 1.28000 
-7.24504 1.28100 
-7.24504 1.28200 
-7.24504 1.28300 
-7.24504 1.28400 
-7.24504 1.28500 
-7.24504 1.28600 
-7.24504 1.28700 
-7.24504 1.28800 
-7.24504 1.28900 
-7.24504 1.29000 
-7.24505 1.29100 
-7.24505 1.29200 
-7.24505 1.29300 
-7.24505 1.29400 
-7.24505 1.29500 
-7.24505 1.29600 
-7.24505 1.29700 
-7.24505 1.29800 
-7.24505 1.29900 
-7.24505 1.30000 
-7.24505 1.30100 
-7.24505 1.30200 
-7.24505 1.30300 
-7.24505 1.30400 
-7.24505 1.30500 
-7.24505 1.30600 
-7.24505 1.30700 
-7.24505 1.30800 
-7.24505 1.30900 
-7.24505 1.31000 
-7.24505 1.31100 
-7.24505 1.31200 
-7.24505 1.31300 
-7.24505 1.31400 
-7.24505 1.31500 
-7.24505 1.31600 
-7.24505 1.31700 
-7.24505 1.31800 
-7.24505 1.31900 
-7.24505 1.32000 
-7.24505 1.32100 
-7.24505 1.32200 
-7.24505 1.32300 
-7.24505 1.32400 
-7.24505 1.32500 
-7.24505 1.32600 
-7.24505 1.32700 
-7.24505 1.32800 
-7.24505 1.32900 
-7.24505 1.33000 
-7.24505 1.33100 
-7.24505 1.33200 
-7.24505 1.33300 
-7.24505 1.33400 
-7.24505 1.33500 
-7.24505 1.33600 
-7.24505 1.33700 
-7.24505 1.33800 
-7.24505 1.33900 
-7.24505 1.34000 
-7.24505 1.34100 
-7.24505 1.34200 
-7.24505 1.34300 
-7.24505 1.34400 
-7.24505 1.34500 
-7.24505 1.34600 
-7.24505 1.34700 
-7.24505 1.34800 
-7.24505 1.34900 
-7.24505 1.35000 
-7.24505 1.35100 
-7.24505 1.35200 
-7.24505 1.35300 
-7.24505 1.35400 
-7.24505 1.35500 
-7.24505 1.35600 
-7.24505 1.35700 
-7.24505 1.35800 
-7.24505 1.35900 
-7.24505 1.36000 
-7.24505 1.36100 
-7.24505 1.36200 
-7.24505 1.36300 
-7.24505 1.36400 
-7.24505 1.36500 
-7.24505 1.36600 
-7.24505 1.36700 
-7.24505 1.36800 
-7.24505 1.36900 
-7.24505 1.37000 
-7.24505 1.37100 
-7.24505 1.37200 
-7.24505 1.37300 
-7.24505 1.37400 
-7.24505 1.37500 
-7.24505 1.37600 
-7.24505 1.37700 
-7.24505 1.37800 
-7.24505 1.37900 
-7.24505 1.38000 
-7.24505 1.38100 
-7.24505 1.38200 
-7.24505 1.38300 
-7.24505 1.38400 
-7.24505 1.38500 
-7.24505 1.38600 
-7.24505 1.38700 
-7.24505 1.38800 
-7.24505 1.38900 
-7.24505 1.39000 
-7.24505 1.39100 
-7.24505 1.39200 
-7.24505 1.39300 
-7.24505 1.39400 
-7.24505 1.39500 
-7.24505 1.39600 
-7.24505 1.39700 
-7.24505 1.39800 
-7.24505 1.39900 
-7.24505 1.40000 
-7.24505 1.40100 
-7.24505 1.40200 
-7.24505 1.40300 
-7.24505 1.40400 
-7.24505 1.40500 
-7.24505 1.40600 
-7.24505 1.40700 
-7.24505 1.40800 
-7.24505 1.40900 
-7.24505 1.41000 
-7.24505 1.41100 
-7.24505 1.41200 
-7.24505 1.41300 
-7.24505 1.41400 
-7.24505 1.41500 
-7.24505 1.41600 
-7.24505 1.41700 
-7.24505 1.41800 
-7.24505 1.41900 
-7.24505 1.42000 
-7.24505 1.42100 
-7.24505 1.42200 
-7.24505 1.42300 
-7.24505 1.42400 
-7.24505 1.42500 
-7.24505 1.42600 
-7.24505 1.42700 
-7.24505 1.42800 
-7.24505 1.42900 
-7.24505 1.43000 
-7.24505 1.43100 
-7.24505 1.43200 
-7.24505 1.43300 
-7.24505 1.43400 
-7.24505 1.43500 
-7.24505 1.43600 
-7.24505 1.43700 
-7.24505 1.43800 
-7.24505 1.43900 
-7.24505 1.44000 
-7.24505 1.44100 
-7.24505 1.44200 
-7.24505 1.44300 
-7.24505 1.44400 
-7.24505 1.44500 
-7.24505 1.44600 
-7.24505 1.44700 
-7.24505 1.44800 
-7.24505 1.44900 
-7.24505 1.45000 
-7.24505 1.45100 
-7.24505 1.45200 
-7.24505 1.45300 
-7.24505 1.45400 
-7.24505 1.45500 
-7.24505 1.45600 
-7.24505 1.45700 
-7.24505 1.45800 
-7.24505 1.45900 
-7.24505 1.46000 
-7.24505 1.46100 
-7.24505 1.46200 
-7.24505 1.46300 
-7.24505 1.46400 
-7.24505 1.46500 
-7.24505 1.46600 
-7.24505 1.46700 
-7.24505 1.46800 
-7.24505 1.46900 
-7.24505 1.47000 
-7.24505 1.47100 
-7.24505 1.47200 
-7.24505 1.47300 
-7.24505 1.47400 
-7.24505 1.47500 
-7.24505 1.47600 
-7.24505 1.47700 
-7.24505 1.47800 
-7.24505 1.47900 
-7.24505 1.48000 
-7.24505 1.48100 
-7.24505 1.48200 
-7.24505 1.48300 
-7.24505 1.48400 
-7.24505 1.48500 
-7.24505 1.48600 
-7.24505 1.48700 
-7.24505 1.48800 
-7.24505 1.48900 
-7.24505 1.49000 
-7.24505 1.49100 
-7.24505 1.49200 
-7.24505 1.49300 
-7.24505 1.49400 
-7.24505 1.49500 
-7.24505 1.49600 
-7.24505 1.49700 
-7.24505 1.49800 
-7.24505 1.49900 
-7.24505 1.50000 
-7.24505 1.50100 
-7.24505 1.50200 
-7.24505 1.50300 
-7.24505 1.50400 
-7.24505 1.50500 
-7.24505 1.50600 
-7.24505 1.50700 
-7.24505 1.50800 
-7.24505 1.50900 
-7.24505 1.51000 
-7.24505 1.51100 
-7.24505 1.51200 
-7.24505 1.51300 
-7.24505 1.51400 
-7.24505 1.51500 
-7.24505 1.51600 
-7.24505 1.51700 
-7.24505 1.51800 
-7.24505 1.51900 
-7.24505 1.52000 
-7.24505 1.52100 
-7.24505 1.52200 
-7.24505 1.52300 
-7.24505 1.52400 
-7.24505 1.52500 
-7.24505 1.52600 
-7.24505 1.52700 
-7.24505 1.52800 
-7.24505 1.52900 
-7.24505 1.53000 
-7.24505 1.53100 
-7.24505 1.53200 
-7.24505 1.53300 
-7.24505 1.53400 
-7.24505 1.53500 
-7.24505 1.53600 
-7.24505 1.53700 
-7.24505 1.53800 
-7.24505 1.53900 
-7.24505 1.54000 
-7.24505 1.54100 
-7.24505 1.54200 
-7.24505 1.54300 
-7.24505 1.54400 
-7.24505 1.54500 
-7.24505 1.54600 
-7.24505 1.54700 
-7.24505 1.54800 
-7.24505 1.54900 
-7.24505 1.55000 
-7.24505 1.55100 
-7.24505 1.55200 
-7.24505 1.55300 
-7.24505 1.55400 
-7.24505 1.55500 
-7.24505 1.55600 
-7.24505 1.55700 
-7.24505 1.55800 
-7.24505 1.55900 
-7.24505 1.56000 
-7.24505 1.56100 
-7.24505 1.56200 
-7.24505 1.56300 
-7.24505 1.56400 
-7.24505 1.56500 
-7.24505 1.56600 
-7.24505 1.56700 
-7.24505 1.56800 
-7.24505 1.56900 
-7.24505 1.57000 
-7.24505 1.57100 
-7.24505 1.57200 
-7.24505 1.57300 
-7.24505 1.57400 
-7.24505 1.57500 
-7.24505 1.57600 
-7.24505 1.57700 
-7.24505 1.57800 
-7.24505 1.57900 
-7.24505 1.58000 
-7.24505 1.58100 
-7.24505 1.58200 
-7.24505 1.58300 
-7.24505 1.58400 
-7.24505 1.58500 
-7.24505 1.58600 
-7.24505 1.58700 
-7.24505 1.58800 
-7.24505 1.58900 
-7.24505 1.59000 
-7.24505 1.59100 
-7.24505 1.59200 
-7.24505 1.59300 
-7.24505 1.59400 
-7.24505 1.59500 
-7.24505 1.59600 
-7.24505 1.59700 
-7.24505 1.59800 
-7.24505 1.59900 
-7.24505 1.60000 
-7.24505 1.60100 
-7.24505 1.60200 
-7.24505 1.60300 
-7.24505 1.60400 
-7.24505 1.60500 
-7.24505 1.60600 
-7.24505 1.60700 
-7.24505 1.60800 
-7.24505 1.60900 
-7.24505 1.61000 
-7.24505 1.61100 
-7.24505 1.61200 
-7.24505 1.61300 
-7.24505 1.61400 
-7.24505 1.61500 
-7.24505 1.61600 
-7.24505 1.61700 
-7.24505 1.61800 
-7.24505 1.61900 
-7.24505 1.62000 
-7.24505 1.62100 
-7.24505 1.62200 
-7.24505 1.62300 
-7.24505 1.62400 
-7.24505 1.62500 
-7.24505 1.62600 
-7.24505 1.62700 
-7.24505 1.62800 
-7.24505 1.62900 
-7.24505 1.63000 
-7.24505 1.63100 
-7.24505 1.63200 
-7.24505 1.63300 
-7.24505 1.63400 
-7.24505 1.63500 
-7.24505 1.63600 
-7.24505 1.63700 
-7.24505 1.63800 
-7.24505 1.63900 
-7.24505 1.64000 
-7.24505 1.64100 
-7.24505 1.64200 
-7.24505 1.64300 
-7.24505 1.64400 
-7.24505 1.64500 
-7.24505 1.64600 
-7.24505 1.64700 
-7.24505 1.64800 
-7.24505 1.64900 
-7.24505 1.65000 
-7.24505 1.65100 
-7.24505 1.65200 
-7.24505 1.65300 
-7.24505 1.65400 
-7.24505 1.65500 
-7.24505 1.65600 
-7.24505 1.65700 
-7.24505 1.65800 
-7.24505 1.65900 
-7.24505 1.66000 
-7.24505 1.66100 
-7.24505 1.66200 
-7.24505 1.66300 
-7.24505 1.66400 
-7.24505 1.66500 
-7.24505 1.66600 
-7.24505 1.66700 
-7.24505 1.66800 
-7.24505 1.66900 
-7.24505 1.67000 
-7.24505 1.67100 
-7.24505 1.67200 
-7.24505 1.67300 
-7.24505 1.67400 
-7.24505 1.67500 
-7.24505 1.67600 
-7.24505 1.67700 
-7.24505 1.67800 
-7.24505 1.67900 
-7.24505 1.68000 
-7.24505 1.68100 
-7.24505 1.68200 
-7.24505 1.68300 
-7.24505 1.68400 
-7.24505 1.68500 
-7.24505 1.68600 
-7.24505 1.68700 
-7.24505 1.68800 
-7.24505 1.68900 
-7.24505 1.69000 
-7.24505 1.69100 
-7.24505 1.69200 
-7.24505 1.69300 
-7.24505 1.69400 
-7.24505 1.69500 
-7.24505 1.69600 
-7.24505 1.69700 
-7.24505 1.69800 
-7.24505 1.69900 
-7.24505 1.70000 
-7.24505 1.70100 
-7.24505 1.70200 
-7.24505 1.70300 
-7.24505 1.70400 
-7.24505 1.70500 
-7.24505 1.70600 
-7.24505 1.70700 
-7.24505 1.70800 
-7.24505 1.70900 
-7.24505 1.71000 
-7.24505 1.71100 
-7.24505 1.71200 
-7.24505 1.71300 
-7.24505 1.71400 
-7.24505 1.71500 
-7.24505 1.71600 
-7.24505 1.71700 
-7.24505 1.71800 
-7.24505 1.71900 
-7.24505 1.72000 
-7.24505 1.72100 
-7.24505 1.72200 
-7.24505 1.72300 
-7.24505 1.72400 
-7.24505 1.72500 
-7.24505 1.72600 
-7.24505 1.72700 
-7.24505 1.72800 
-7.24505 1.72900 
-7.24505 1.73000 
-7.24505 1.73100 
-7.24505 1.73200 
-7.24505 1.73300 
-7.24505 1.73400 
-7.24505 1.73500 
-7.24505 1.73600 
-7.24505 1.73700 
-7.24505 1.73800 
-7.24505 1.73900 
-7.24505 1.74000 
-7.24505 1.74100 
-7.24505 1.74200 
-7.24505 1.74300 
-7.24505 1.74400 
-7.24505 1.74500 
-7.24505 1.74600 
-7.24505 1.74700 
-7.24505 1.74800 
-7.24505 1.74900 
-7.24505 1.75000 
-7.24505 1.75100 
-7.24505 1.75200 
-7.24505 1.75300 
-7.24505 1.75400 
-7.24505 1.75500 
-7.24505 1.75600 
-7.24505 1.75700 
-7.24505 1.75800 
-7.24505 1.75900 
-7.24505 1.76000 
-7.24505 1.76100 
-7.24505 1.76200 
-7.24505 1.76300 
-7.24505 1.76400 
-7.24505 1.76500 
-7.24505 1.76600 
-7.24505 1.76700 
-7.24505 1.76800 
-7.24505 1.76900 
-7.24505 1.77000 
-7.24505 1.77100 
-7.24505 1.77200 
-7.24505 1.77300 
-7.24505 1.77400 
-7.24505 1.77500 
-7.24505 1.77600 
-7.24505 1.77700 
-7.24505 1.77800 
-7.24505 1.77900 
-7.24505 1.78000 
-7.24505 1.78100 
-7.24505 1.78200 
-7.24505 1.78300 
-7.24505 1.78400 
-7.24505 1.78500 
-7.24505 1.78600 
-7.24505 1.78700 
-7.24505 1.78800 
-7.24505 1.78900 
-7.24505 1.79000 
-7.24505 1.79100 
-7.24505 1.79200 
-7.24505 1.79300 
-7.24505 1.79400 
-7.24505 1.79500 
-7.24505 1.79600 
-7.24505 1.79700 
-7.24505 1.79800 
-7.24505 1.79900 
-7.24505 1.80000 
-7.24505 1.80100 
-7.24505 1.80200 
-7.24505 1.80300 
-7.24505 1.80400 
-7.24505 1.80500 
-7.24505 1.80600 
-7.24505 1.80700 
-7.24505 1.80800 
-7.24505 1.80900 
-7.24505 1.81000 
-7.24505 1.81100 
-7.24505 1.81200 
-7.24505 1.81300 
-7.24505 1.81400 
-7.24505 1.81500 
-7.24505 1.81600 
-7.24505 1.81700 
-7.24505 1.81800 
-7.24505 1.81900 
-7.24505 1.82000 
-7.24505 1.82100 
-7.24505 1.82200 
-7.24505 1.82300 
-7.24505 1.82400 
-7.24505 1.82500 
-7.24505 1.82600 
-7.24505 1.82700 
-7.24505 1.82800 
-7.24505 1.82900 
-7.24505 1.83000 
-7.24505 1.83100 
-7.24505 1.83200 
-7.24505 1.83300 
-7.24505 1.83400 
-7.24505 1.83500 
-7.24505 1.83600 
-7.24505 1.83700 
-7.24505 1.83800 
-7.24505 1.83900 
-7.24505 1.84000 
-7.24505 1.84100 
-7.24505 1.84200 
-7.24505 1.84300 
-7.24505 1.84400 
-7.24505 1.84500 
-7.24505 1.84600 
-7.24505 1.84700 
-7.24505 1.84800 
-7.24505 1.84900 
-7.24505 1.85000 
-7.24505 1.85100 
-7.24505 1.85200 
-7.24505 1.85300 
-7.24505 1.85400 
-7.24505 1.85500 
-7.24505 1.85600 
-7.24505 1.85700 
-7.24505 1.85800 
-7.24505 1.85900 
-7.24505 1.86000 
-7.24505 1.86100 
-7.24505 1.86200 
-7.24505 1.86300 
-7.24505 1.86400 
-7.24505 1.86500 
-7.24505 1.86600 
-7.24505 1.86700 
-7.24505 1.86800 
-7.24505 1.86900 
-7.24505 1.87000 
-7.24505 1.87100 
-7.24505 1.87200 
-7.24505 1.87300 
-7.24505 1.87400 
-7.24505 1.87500 
-7.24505 1.87600 
-7.24505 1.87700 
-7.24505 1.87800 
-7.24505 1.87900 
-7.24505 1.88000 
-7.24505 1.88100 
-7.24505 1.88200 
-7.24505 1.88300 
-7.24505 1.88400 
-7.24505 1.88500 
-7.24505 1.88600 
-7.24505 1.88700 
-7.24505 1.88800 
-7.24505 1.88900 
-7.24505 1.89000 
-7.24505 1.89100 
-7.24505 1.89200 
-7.24505 1.89300 
-7.24505 1.89400 
-7.24505 1.89500 
-7.24505 1.89600 
-7.24505 1.89700 
-7.24505 1.89800 
-7.24505 1.89900 
-7.24505 1.90000 
-7.24505 1.90100 
-7.24505 1.90200 
-7.24505 1.90300 
-7.24505 1.90400 
-7.24505 1.90500 
-7.24505 1.90600 
-7.24505 1.90700 
-7.24505 1.90800 
-7.24505 1.90900 
-7.24505 1.91000 
-7.24505 1.91100 
-7.24505 1.91200 
-7.24505 1.91300 
-7.24505 1.91400 
-7.24505 1.91500 
-7.24505 1.91600 
-7.24505 1.91700 
-7.24505 1.91800 
-7.24505 1.91900 
-7.24505 1.92000 
-7.24505 1.92100 
-7.24505 1.92200 
-7.24505 1.92300 
-7.24505 1.92400 
-7.24505 1.92500 
-7.24505 1.92600 
-7.24505 1.92700 
-7.24505 1.92800 
-7.24505 1.92900 
-7.24505 1.93000 
-7.24505 1.93100 
-7.24505 1.93200 
-7.24505 1.93300 
-7.24505 1.93400 
-7.24505 1.93500 
-7.24505 1.93600 
-7.24505 1.93700 
-7.24505 1.93800 
-7.24505 1.93900 
-7.24505 1.94000 
-7.24505 1.94100 
-7.24505 1.94200 
-7.24505 1.94300 
-7.24505 1.94400 
-7.24505 1.94500 
-7.24505 1.94600 
-7.24505 1.94700 
-7.24505 1.94800 
-7.24505 1.94900 
-7.24505 1.95000 
-7.24505 1.95100 
-7.24505 1.95200 
-7.24505 1.95300 
-7.24505 1.95400 
-7.24505 1.95500 
-7.24505 1.95600 
-7.24505 1.95700 
-7.24505 1.95800 
-7.24505 1.95900 
-7.24505 1.96000 
-7.24505 1.96100 
-7.24505 1.96200 
-7.24505 1.96300 
-7.24505 1.96400 
-7.24505 1.96500 
-7.24505 1.96600 
-7.24505 1.96700 
-7.24505 1.96800 
-7.24505 1.96900 
-7.24505 1.97000 
-7.24505 1.97100 
-7.24505 1.97200 
-7.24505 1.97300 
-7.24505 1.97400 
-7.24505 1.97500 
-7.24505 1.97600 
-7.24505 1.97700 
-7.24505 1.97800 
-7.24505 1.97900 
-7.24505 1.98000 
-7.24505 1.98100 
-7.24505 1.98200 
-7.24505 1.98300 
-7.24505 1.98400 
-7.24505 1.98500 
-7.24505 1.98600 
-7.24505 1.98700 
-7.24505 1.98800 
-7.24505 1.98900 
-7.24505 1.99000 
-7.24505 1.99100 
-7.24505 1.99200 
-7.24505 1.99300 
-7.24505 1.99400 
-7.24505 1.99500 
-7.24505 1.99600 
-7.24505 1.99700 
-7.24505 1.99800 
-7.24505 1.99900 
-7.24505 2.00000 
-7.24505 2.00100 
-7.24505 2.00200 
-7.24505 2.00300 
-7.24505 2.00400 
-7.24505 2.00500 
-7.24505 2.00600 
-7.24505 2.00700 
-7.24505 2.00800 
-7.24505 2.00900 
-7.24505 2.01000 
-7.24505 2.01100 
-7.24505 2.01200 
-7.24505 2.01300 
-7.24505 2.01400 
-7.24505 2.01500 
-7.24505 2.01600 
-7.24505 2.01700 
-7.24505 2.01800 
-7.24505 2.01900 
-7.24505 2.02000 
-7.24505 2.02100 
-7.24505 2.02200 
-7.24505 2.02300 
-7.24505 2.02400 
-7.24505 2.02500 
-7.24505 2.02600 
-7.24505 2.02700 
-7.24505 2.02800 
-7.24505 2.02900 
-7.24505 2.03000 
-7.24505 2.03100 
-7.24505 2.03200 
-7.24505 2.03300 
-7.24505 2.03400 
-7.24505 2.03500 
-7.24505 2.03600 
-7.24505 2.03700 
-7.24505 2.03800 
-7.24505 2.03900 
-7.24505 2.04000 
-7.24505 2.04100 
-7.24505 2.04200 
-7.24505 2.04300 
-7.24505 2.04400 
-7.24505 2.04500 
-7.24505 2.04600 
-7.24505 2.04700 
-7.24505 2.04800 
-7.24505 2.04900 
-7.24505 2.05000 
-7.24505 2.05100 
-7.24505 2.05200 
-7.24505 2.05300 
-7.24505 2.05400 
-7.24505 2.05500 
-7.24505 2.05600 
-7.24505 2.05700 
-7.24505 2.05800 
-7.24505 2.05900 
-7.24505 2.06000 
-7.24505 2.06100 
-7.24505 2.06200 
-7.24505 2.06300 
-7.24505 2.06400 
-7.24505 2.06500 
-7.24505 2.06600 
-7.24505 2.06700 
-7.24505 2.06800 
-7.24505 2.06900 
-7.24505 2.07000 
-7.24505 2.07100 
-7.24505 2.07200 
-7.24505 2.07300 
-7.24505 2.07400 
-7.24505 2.07500 
-7.24505 2.07600 
-7.24505 2.07700 
-7.24505 2.07800 
-7.24505 2.07900 
-7.24505 2.08000 
-7.24505 2.08100 
-7.24505 2.08200 
-7.24505 2.08300 
-7.24505 2.08400 
-7.24505 2.08500 
-7.24505 2.08600 
-7.24505 2.08700 
-7.24505 2.08800 
-7.24505 2.08900 
-7.24505 2.09000 
-7.24505 2.09100 
-7.24505 2.09200 
-7.24505 2.09300 
-7.24505 2.09400 
-7.24505 2.09500 
-7.24505 2.09600 
-7.24505 2.09700 
-7.24505 2.09800 
-7.24505 2.09900 
-7.24505 2.10000 
-7.24505 2.10100 
-7.24505 2.10200 
-7.24505 2.10300 
-7.24505 2.10400 
-7.24505 2.10500 
-7.24505 2.10600 
-7.24505 2.10700 
-7.24505 2.10800 
-7.24505 2.10900 
-7.24505 2.11000 
-7.24505 2.11100 
-7.24505 2.11200 
-7.24505 2.11300 
-7.24505 2.11400 
-7.24505 2.11500 
-7.24505 2.11600 
-7.24505 2.11700 
-7.24505 2.11800 
-7.24505 2.11900 
-7.24505 2.12000 
-7.24505 2.12100 
-7.24505 2.12200 
-7.24505 2.12300 
-7.24505 2.12400 
-7.24505 2.12500 
-7.24505 2.12600 
-7.24505 2.12700 
-7.24505 2.12800 
-7.24505 2.12900 
-7.24505 2.13000 
-7.24505 2.13100 
-7.24505 2.13200 
-7.24505 2.13300 
-7.24505 2.13400 
-7.24505 2.13500 
-7.24505 2.13600 
-7.24505 2.13700 
-7.24505 2.13800 
-7.24505 2.13900 
-7.24505 2.14000 
-7.24505 2.14100 
-7.24505 2.14200 
-7.24505 2.14300 
-7.24505 2.14400 
-7.24505 2.14500 
-7.24505 2.14600 
-7.24505 2.14700 
-7.24505 2.14800 
-7.24505 2.14900 
-7.24505 2.15000 
-7.24505 2.15100 
-7.24505 2.15200 
-7.24505 2.15300 
-7.24505 2.15400 
-7.24505 2.15500 
-7.24505 2.15600 
-7.24505 2.15700 
-7.24505 2.15800 
-7.24505 2.15900 
-7.24505 2.16000 
-7.24505 2.16100 
-7.24505 2.16200 
-7.24505 2.16300 
-7.24505 2.16400 
-7.24505 2.16500 
-7.24505 2.16600 
-7.24505 2.16700 
-7.24505 2.16800 
-7.24505 2.16900 
-7.24505 2.17000 
-7.24505 2.17100 
-7.24505 2.17200 
-7.24505 2.17300 
-7.24505 2.17400 
-7.24505 2.17500 
-7.24505 2.17600 
-7.24505 2.17700 
-7.24505 2.17800 
-7.24505 2.17900 
-7.24505 2.18000 
-7.24505 2.18100 
-7.24505 2.18200 
-7.24505 2.18300 
-7.24505 2.18400 
-7.24505 2.18500 
-7.24505 2.18600 
-7.24505 2.18700 
-7.24505 2.18800 
-7.24505 2.18900 
-7.24505 2.19000 
-7.24505 2.19100 
-7.24505 2.19200 
-7.24505 2.19300 
-7.24505 2.19400 
-7.24505 2.19500 
-7.24505 2.19600 
-7.24505 2.19700 
-7.24505 2.19800 
-7.24505 2.19900 
-7.24505 2.20000 
-7.24505 2.20100 
-7.24505 2.20200 
-7.24505 2.20300 
-7.24505 2.20400 
-7.24505 2.20500 
-7.24505 2.20600 
-7.24505 2.20700 
-7.24505 2.20800 
-7.24505 2.20900 
-7.24505 2.21000 
-7.24505 2.21100 
-7.24505 2.21200 
-7.24505 2.21300 
-7.24505 2.21400 
-7.24505 2.21500 
-7.24505 2.21600 
-7.24505 2.21700 
-7.24505 2.21800 
-7.24505 2.21900 
-7.24505 2.22000 
-7.24505 2.22100 
-7.24505 2.22200 
-7.24505 2.22300 
-7.24505 2.22400 
-7.24505 2.22500 
-7.24505 2.22600 
-7.24505 2.22700 
-7.24505 2.22800 
-7.24505 2.22900 
-7.24505 2.23000 
-7.24505 2.23100 
-7.24505 2.23200 
-7.24505 2.23300 
-7.24505 2.23400 
-7.24505 2.23500 
-7.24505 2.23600 
-7.24505 2.23700 
-7.24505 2.23800 
-7.24505 2.23900 
-7.24505 2.24000 
-7.24505 2.24100 
-7.24505 2.24200 
-7.24505 2.24300 
-7.24505 2.24400 
-7.24505 2.24500 
-7.24505 2.24600 
-7.24505 2.24700 
-7.24505 2.24800 
-7.24505 2.24900 
-7.24505 2.25000 
-7.24505 2.25100 
-7.24505 2.25200 
-7.24505 2.25300 
-7.24505 2.25400 
-7.24505 2.25500 
-7.24505 2.25600 
-7.24505 2.25700 
-7.24505 2.25800 
-7.24505 2.25900 
-7.24505 2.26000 
-7.24505 2.26100 
-7.24505 2.26200 
-7.24505 2.26300 
-7.24505 2.26400 
-7.24505 2.26500 
-7.24505 2.26600 
-7.24505 2.26700 
-7.24505 2.26800 
-7.24505 2.26900 
-7.24505 2.27000 
-7.24505 2.27100 
-7.24505 2.27200 
-7.24505 2.27300 
-7.24505 2.27400 
-7.24505 2.27500 
-7.24505 2.27600 
-7.24505 2.27700 
-7.24505 2.27800 
-7.24505 2.27900 
-7.24505 2.28000 
-7.24505 2.28100 
-7.24505 2.28200 
-7.24505 2.28300 
-7.24505 2.28400 
-7.24505 2.28500 
-7.24505 2.28600 
-7.24505 2.28700 
-7.24505 2.28800 
-7.24505 2.28900 
-7.24505 2.29000 
-7.24505 2.29100 
-7.24505 2.29200 
-7.24505 2.29300 
-7.24505 2.29400 
-7.24505 2.29500 
-7.24505 2.29600 
-7.24505 2.29700 
-7.24505 2.29800 
-7.24505 2.29900 
-7.24505 2.30000 
-7.24505 2.30100 
-7.24505 2.30200 
-7.24505 2.30300 
-7.24505 2.30400 
-7.24505 2.30500 
-7.24505 2.30600 
-7.24505 2.30700 
-7.24505 2.30800 
-7.24505 2.30900 
-7.24505 2.31000 
-7.24505 2.31100 
-7.24505 2.31200 
-7.24505 2.31300 
-7.24505 2.31400 
-7.24505 2.31500 
-7.24505 2.31600 
-7.24505 2.31700 
-7.24505 2.31800 
-7.24505 2.31900 
-7.24505 2.32000 
-7.24505 2.32100 
-7.24505 2.32200 
-7.24505 2.32300 
-7.24505 2.32400 
-7.24505 2.32500 
-7.24505 2.32600 
-7.24505 2.32700 
-7.24505 2.32800 
-7.24505 2.32900 
-7.24505 2.33000 
-7.24505 2.33100 
-7.24505 2.33200 
-7.24505 2.33300 
-7.24505 2.33400 
-7.24505 2.33500 
-7.24505 2.33600 
-7.24505 2.33700 
-7.24505 2.33800 
-7.24505 2.33900 
-7.24505 2.34000 
-7.24505 2.34100 
-7.24505 2.34200 
-7.24505 2.34300 
-7.24505 2.34400 
-7.24505 2.34500 
-7.24505 2.34600 
-7.24505 2.34700 
-7.24505 2.34800 
-7.24505 2.34900 
-7.24505 2.35000 
-7.24505 2.35100 
-7.24505 2.35200 
-7.24505 2.35300 
-7.24505 2.35400 
-7.24505 2.35500 
-7.24505 2.35600 
-7.24505 2.35700 
-7.24505 2.35800 
-7.24505 2.35900 
-7.24505 2.36000 
-7.24505 2.36100 
-7.24505 2.36200 
-7.24505 2.36300 
-7.24505 2.36400 
-7.24505 2.36500 
-7.24505 2.36600 
-7.24505 2.36700 
-7.24505 2.36800 
-7.24505 2.36900 
-7.24505 2.37000 
-7.24505 2.37100 
-7.24505 2.37200 
-7.24505 2.37300 
-7.24505 2.37400 
-7.24505 2.37500 
-7.24505 2.37600 
-7.24505 2.37700 
-7.24505 2.37800 
-7.24505 2.37900 
-7.24505 2.38000 
-7.24505 2.38100 
-7.24505 2.38200 
-7.24505 2.38300 
-7.24505 2.38400 
-7.24505 2.38500 
-7.24505 2.38600 
-7.24505 2.38700 
-7.24505 2.38800 
-7.24505 2.38900 
-7.24505 2.39000 
-7.24505 2.39100 
-7.24505 2.39200 
-7.24505 2.39300 
-7.24505 2.39400 
-7.24505 2.39500 
-7.24505 2.39600 
-7.24505 2.39700 
-7.24505 2.39800 
-7.24505 2.39900 
-7.24505 2.40000 
-7.24505 2.40100 
-7.24505 2.40200 
-7.24505 2.40300 
-7.24505 2.40400 
-7.24505 2.40500 
-7.24505 2.40600 
-7.24505 2.40700 
-7.24505 2.40800 
-7.24505 2.40900 
-7.24505 2.41000 
-7.24505 2.41100 
-7.24505 2.41200 
-7.24505 2.41300 
-7.24505 2.41400 
-7.24505 2.41500 
-7.24505 2.41600 
-7.24505 2.41700 
-7.24505 2.41800 
-7.24505 2.41900 
-7.24505 2.42000 
-7.24505 2.42100 
-7.24505 2.42200 
-7.24505 2.42300 
-7.24505 2.42400 
-7.24505 2.42500 
-7.24505 2.42600 
-7.24505 2.42700 
-7.24505 2.42800 
-7.24505 2.42900 
-7.24505 2.43000 
-7.24505 2.43100 
-7.24505 2.43200 
-7.24505 2.43300 
-7.24505 2.43400 
-7.24505 2.43500 
-7.24505 2.43600 
-7.24505 2.43700 
-7.24505 2.43800 
-7.24505 2.43900 
-7.24505 2.44000 
-7.24505 2.44100 
-7.24505 2.44200 
-7.24505 2.44300 
-7.24505 2.44400 
-7.24505 2.44500 
-7.24505 2.44600 
-7.24505 2.44700 
-7.24505 2.44800 
-7.24505 2.44900 
-7.24505 2.45000 
-7.24505 2.45100 
-7.24505 2.45200 
-7.24505 2.45300 
-7.24505 2.45400 
-7.24505 2.45500 
-7.24505 2.45600 
-7.24505 2.45700 
-7.24505 2.45800 
-7.24505 2.45900 
-7.24505 2.46000 
-7.24505 2.46100 
-7.24505 2.46200 
-7.24505 2.46300 
-7.24505 2.46400 
-7.24505 2.46500 
-7.24505 2.46600 
-7.24505 2.46700 
-7.24505 2.46800 
-7.24505 2.46900 
-7.24505 2.47000 
-7.24505 2.47100 
-7.24505 2.47200 
-7.24505 2.47300 
-7.24505 2.47400 
-7.24505 2.47500 
-7.24505 2.47600 
-7.24505 2.47700 
-7.24505 2.47800 
-7.24505 2.47900 
-7.24505 2.48000 
-7.24505 2.48100 
-7.24505 2.48200 
-7.24505 2.48300 
-7.24505 2.48400 
-7.24505 2.48500 
-7.24505 2.48600 
-7.24505 2.48700 
-7.24505 2.48800 
-7.24505 2.48900 
-7.24505 2.49000 
-7.24505 2.49100 
-7.24505 2.49200 
-7.24505 2.49300 
-7.24505 2.49400 
-7.24505 2.49500 
-7.24505 2.49600 
-7.24505 2.49700 
-7.24505 2.49800 
-7.24505 2.49900 
-7.24505 2.50000 
-7.24505 2.50100 
-7.24505 2.50200 
-7.24505 2.50300 
-7.24505 2.50400 
-7.24505 2.50500 
-7.24505 2.50600 
-7.24505 2.50700 
-7.24505 2.50800 
-7.24505 2.50900 
-7.24505 2.51000 
-7.24505 2.51100 
-7.24505 2.51200 
-7.24505 2.51300 
-7.24505 2.51400 
-7.24505 2.51500 
-7.24505 2.51600 
-7.24505 2.51700 
-7.24505 2.51800 
-7.24505 2.51900 
-7.24505 2.52000 
-7.24505 2.52100 
-7.24505 2.52200 
-7.24505 2.52300 
-7.24505 2.52400 
-7.24505 2.52500 
-7.24505 2.52600 
-7.24505 2.52700 
-7.24505 2.52800 
-7.24505 2.52900 
-7.24505 2.53000 
-7.24505 2.53100 
-7.24505 2.53200 
-7.24505 2.53300 
-7.24505 2.53400 
-7.24505 2.53500 
-7.24505 2.53600 
-7.24505 2.53700 
-7.24505 2.53800 
-7.24505 2.53900 
-7.24505 2.54000 
-7.24505 2.54100 
-7.24505 2.54200 
-7.24505 2.54300 
-7.24505 2.54400 
-7.24505 2.54500 
-7.24505 2.54600 
-7.24505 2.54700 
-7.24505 2.54800 
-7.24505 2.54900 
-7.24505 2.55000 
-7.24505 2.55100 
-7.24505 2.55200 
-7.24505 2.55300 
-7.24505 2.55400 
-7.24505 2.55500 
-7.24505 2.55600 
-7.24505 2.55700 
-7.24505 2.55800 
-7.24505 2.55900 
-7.24505 2.56000 
-7.24505 2.56100 
-7.24505 2.56200 
-7.24505 2.56300 
-7.24505 2.56400 
-7.24505 2.56500 
-7.24505 2.56600 
-7.24505 2.56700 
-7.24505 2.56800 
-7.24505 2.56900 
-7.24505 2.57000 
-7.24505 2.57100 
-7.24505 2.57200 
-7.24505 2.57300 
-7.24505 2.57400 
-7.24505 2.57500 
-7.24505 2.57600 
-7.24505 2.57700 
-7.24505 2.57800 
-7.24505 2.57900 
-7.24505 2.58000 
-7.24505 2.58100 
-7.24505 2.58200 
-7.24505 2.58300 
-7.24505 2.58400 
-7.24505 2.58500 
-7.24505 2.58600 
-7.24505 2.58700 
-7.24505 2.58800 
-7.24505 2.58900 
-7.24505 2.59000 
-7.24505 2.59100 
-7.24505 2.59200 
-7.24505 2.59300 
-7.24505 2.59400 
-7.24505 2.59500 
-7.24505 2.59600 
-7.24505 2.59700 
-7.24505 2.59800 
-7.24505 2.59900 
-7.24505 2.60000 
-7.24505 2.60100 
-7.24505 2.60200 
-7.24505 2.60300 
-7.24505 2.60400 
-7.24505 2.60500 
-7.24505 2.60600 
-7.24505 2.60700 
-7.24505 2.60800 
-7.24505 2.60900 
-7.24505 2.61000 
-7.24505 2.61100 
-7.24505 2.61200 
-7.24505 2.61300 
-7.24505 2.61400 
-7.24505 2.61500 
-7.24505 2.61600 
-7.24505 2.61700 
-7.24505 2.61800 
-7.24505 2.61900 
-7.24505 2.62000 
-7.24505 2.62100 
-7.24505 2.62200 
-7.24505 2.62300 
-7.24505 2.62400 
-7.24505 2.62500 
-7.24505 2.62600 
-7.24505 2.62700 
-7.24505 2.62800 
-7.24505 2.62900 
-7.24505 2.63000 
-7.24505 2.63100 
-7.24505 2.63200 
-7.24505 2.63300 
-7.24505 2.63400 
-7.24505 2.63500 
-7.24505 2.63600 
-7.24505 2.63700 
-7.24505 2.63800 
-7.24505 2.63900 
-7.24505 2.64000 
-7.24505 2.64100 
-7.24505 2.64200 
-7.24505 2.64300 
-7.24505 2.64400 
-7.24505 2.64500 
-7.24505 2.64600 
-7.24505 2.64700 
-7.24505 2.64800 
-7.24505 2.64900 
-7.24505 2.65000 
-7.24505 2.65100 
-7.24505 2.65200 
-7.24505 2.65300 
-7.24505 2.65400 
-7.24505 2.65500 
-7.24505 2.65600 
-7.24505 2.65700 
-7.24505 2.65800 
-7.24505 2.65900 
-7.24505 2.66000 
-7.24505 2.66100 
-7.24505 2.66200 
-7.24505 2.66300 
-7.24505 2.66400 
-7.24505 2.66500 
-7.24505 2.66600 
-7.24505 2.66700 
-7.24505 2.66800 
-7.24505 2.66900 
-7.24505 2.67000 
-7.24505 2.67100 
-7.24505 2.67200 
-7.24505 2.67300 
-7.24505 2.67400 
-7.24505 2.67500 
-7.24505 2.67600 
-7.24505 2.67700 
-7.24505 2.67800 
-7.24505 2.67900 
-7.24505 2.68000 
-7.24505 2.68100 
-7.24505 2.68200 
-7.24505 2.68300 
-7.24505 2.68400 
-7.24505 2.68500 
-7.24505 2.68600 
-7.24505 2.68700 
-7.24505 2.68800 
-7.24505 2.68900 
-7.24505 2.69000 
-7.24505 2.69100 
-7.24505 2.69200 
-7.24505 2.69300 
-7.24505 2.69400 
-7.24505 2.69500 
-7.24505 2.69600 
-7.24505 2.69700 
-7.24505 2.69800 
-7.24505 2.69900 
-7.24505 2.70000 
-7.24505 2.70100 
-7.24505 2.70200 
-7.24505 2.70300 
-7.24505 2.70400 
-7.24505 2.70500 
-7.24505 2.70600 
-7.24505 2.70700 
-7.24505 2.70800 
-7.24505 2.70900 
-7.24505 2.71000 
-7.24505 2.71100 
-7.24505 2.71200 
-7.24505 2.71300 
-7.24505 2.71400 
-7.24505 2.71500 
-7.24505 2.71600 
-7.24505 2.71700 
-7.24505 2.71800 
-7.24505 2.71900 
-7.24505 2.72000 
-7.24505 2.72100 
-7.24505 2.72200 
-7.24505 2.72300 
-7.24505 2.72400 
-7.24505 2.72500 
-7.24505 2.72600 
-7.24505 2.72700 
-7.24505 2.72800 
-7.24505 2.72900 
-7.24505 2.73000 
-7.24505 2.73100 
-7.24505 2.73200 
-7.24505 2.73300 
-7.24505 2.73400 
-7.24505 2.73500 
-7.24505 2.73600 
-7.24505 2.73700 
-7.24505 2.73800 
-7.24505 2.73900 
-7.24505 2.74000 
-7.24505 2.74100 
-7.24505 2.74200 
-7.24505 2.74300 
-7.24505 2.74400 
-7.24505 2.74500 
-7.24505 2.74600 
-7.24505 2.74700 
-7.24505 2.74800 
-7.24505 2.74900 
-7.24505 2.75000 
-7.24505 2.75100 
-7.24505 2.75200 
-7.24505 2.75300 
-7.24505 2.75400 
-7.24505 2.75500 
-7.24505 2.75600 
-7.24505 2.75700 
-7.24505 2.75800 
-7.24505 2.75900 
-7.24505 2.76000 
-7.24505 2.76100 
-7.24505 2.76200 
-7.24505 2.76300 
-7.24505 2.76400 
-7.24505 2.76500 
-7.24505 2.76600 
-7.24505 2.76700 
-7.24505 2.76800 
-7.24505 2.76900 
-7.24505 2.77000 
-7.24505 2.77100 
-7.24505 2.77200 
-7.24505 2.77300 
-7.24505 2.77400 
-7.24505 2.77500 
-7.24505 2.77600 
-7.24505 2.77700 
-7.24505 2.77800 
-7.24505 2.77900 
-7.24505 2.78000 
-7.24505 2.78100 
-7.24505 2.78200 
-7.24505 2.78300 
-7.24505 2.78400 
-7.24505 2.78500 
-7.24505 2.78600 
-7.24505 2.78700 
-7.24505 2.78800 
-7.24505 2.78900 
-7.24505 2.79000 
-7.24505 2.79100 
-7.24505 2.79200 
-7.24505 2.79300 
-7.24505 2.79400 
-7.24505 2.79500 
-7.24505 2.79600 
-7.24505 2.79700 
-7.24505 2.79800 
-7.24505 2.79900 
-7.24505 2.80000 
-7.24505 2.80100 
-7.24505 2.80200 
-7.24505 2.80300 
-7.24505 2.80400 
-7.24505 2.80500 
-7.24505 2.80600 
-7.24505 2.80700 
-7.24505 2.80800 
-7.24505 2.80900 
-7.24505 2.81000 
-7.24505 2.81100 
-7.24505 2.81200 
-7.24505 2.81300 
-7.24505 2.81400 
-7.24505 2.81500 
-7.24505 2.81600 
-7.24505 2.81700 
-7.24505 2.81800 
-7.24505 2.81900 
-7.24505 2.82000 
-7.24505 2.82100 
-7.24505 2.82200 
-7.24505 2.82300 
-7.24505 2.82400 
-7.24505 2.82500 
-7.24505 2.82600 
-7.24505 2.82700 
-7.24505 2.82800 
-7.24505 2.82900 
-7.24505 2.83000 
-7.24505 2.83100 
-7.24505 2.83200 
-7.24505 2.83300 
-7.24505 2.83400 
-7.24505 2.83500 
-7.24505 2.83600 
-7.24505 2.83700 
-7.24505 2.83800 
-7.24505 2.83900 
-7.24505 2.84000 
-7.24505 2.84100 
-7.24505 2.84200 
-7.24505 2.84300 
-7.24505 2.84400 
-7.24505 2.84500 
-7.24505 2.84600 
-7.24505 2.84700 
-7.24505 2.84800 
-7.24505 2.84900 
-7.24505 2.85000 
-7.24505 2.85100 
-7.24505 2.85200 
-7.24505 2.85300 
-7.24505 2.85400 
-7.24505 2.85500 
-7.24505 2.85600 
-7.24505 2.85700 
-7.24505 2.85800 
-7.24505 2.85900 
-7.24505 2.86000 
-7.24505 2.86100 
-7.24505 2.86200 
-7.24505 2.86300 
-7.24505 2.86400 
-7.24505 2.86500 
-7.24505 2.86600 
-7.24505 2.86700 
-7.24505 2.86800 
-7.24505 2.86900 
-7.24505 2.87000 
-7.24505 2.87100 
-7.24505 2.87200 
-7.24505 2.87300 
-7.24505 2.87400 
-7.24505 2.87500 
-7.24505 2.87600 
-7.24505 2.87700 
-7.24505 2.87800 
-7.24505 2.87900 
-7.24505 2.88000 
-7.24505 2.88100 
-7.24505 2.88200 
-7.24505 2.88300 
-7.24505 2.88400 
-7.24505 2.88500 
-7.24505 2.88600 
-7.24505 2.88700 
-7.24505 2.88800 
-7.24505 2.88900 
-7.24505 2.89000 
-7.24505 2.89100 
-7.24505 2.89200 
-7.24505 2.89300 
-7.24505 2.89400 
-7.24505 2.89500 
-7.24505 2.89600 
-7.24505 2.89700 
-7.24505 2.89800 
-7.24505 2.89900 
-7.24505 2.90000 
-7.24505 2.90100 
-7.24505 2.90200 
-7.24505 2.90300 
-7.24505 2.90400 
-7.24505 2.90500 
-7.24505 2.90600 
-7.24505 2.90700 
-7.24505 2.90800 
-7.24505 2.90900 
-7.24505 2.91000 
-7.24505 2.91100 
-7.24505 2.91200 
-7.24505 2.91300 
-7.24505 2.91400 
-7.24505 2.91500 
-7.24505 2.91600 
-7.24505 2.91700 
-7.24505 2.91800 
-7.24505 2.91900 
-7.24505 2.92000 
-7.24505 2.92100 
-7.24505 2.92200 
-7.24505 2.92300 
-7.24505 2.92400 
-7.24505 2.92500 
-7.24505 2.92600 
-7.24505 2.92700 
-7.24505 2.92800 
-7.24505 2.92900 
-7.24505 2.93000 
-7.24505 2.93100 
-7.24505 2.93200 
-7.24505 2.93300 
-7.24505 2.93400 
-7.24505 2.93500 
-7.24505 2.93600 
-7.24505 2.93700 
-7.24505 2.93800 
-7.24505 2.93900 
-7.24505 2.94000 
-7.24505 2.94100 
-7.24505 2.94200 
-7.24505 2.94300 
-7.24505 2.94400 
-7.24505 2.94500 
-7.24505 2.94600 
-7.24505 2.94700 
-7.24505 2.94800 
-7.24505 2.94900 
-7.24505 2.95000 
-7.24505 2.95100 
-7.24505 2.95200 
-7.24505 2.95300 
-7.24505 2.95400 
-7.24505 2.95500 
-7.24505 2.95600 
-7.24505 2.95700 
-7.24505 2.95800 
-7.24505 2.95900 
-7.24505 2.96000 
-7.24505 2.96100 
-7.24505 2.96200 
-7.24505 2.96300 
-7.24505 2.96400 
-7.24505 2.96500 
-7.24505 2.96600 
-7.24505 2.96700 
-7.24505 2.96800 
-7.24505 2.96900 
-7.24505 2.97000 
-7.24505 2.97100 
-7.24505 2.97200 
-7.24505 2.97300 
-7.24505 2.97400 
-7.24505 2.97500 
-7.24505 2.97600 
-7.24505 2.97700 
-7.24505 2.97800 
-7.24505 2.97900 
-7.24505 2.98000 
-7.24505 2.98100 
-7.24505 2.98200 
-7.24505 2.98300 
-7.24505 2.98400 
-7.24505 2.98500 
-7.24505 2.98600 
-7.24505 2.98700 
-7.24505 2.98800 
-7.24505 2.98900 
-7.24505 2.99000 
-7.24505 2.99100 
-7.24505 2.99200 
-7.24505 2.99300 
-7.24505 2.99400 
-7.24505 2.99500 
-7.24505 2.99600 
-7.24505 2.99700 
-7.24505 2.99800 
-7.24505 2.99900 
-7.24505 3.00000 
-7.24505 3.00100 
-7.24505 3.00200 
-7.24505 3.00300 
-7.24505 3.00400 
-7.24505 3.00500 
-7.24505 3.00600 
-7.24505 3.00700 
-7.24505 3.00800 
-7.24505 3.00900 
-7.24505 3.01000 
-7.24505 3.01100 
-7.24505 3.01200 
-7.24505 3.01300 
-7.24505 3.01400 
-7.24505 3.01500 
-7.24505 3.01600 
-7.24505 3.01700 
-7.24505 3.01800 
-7.24505 3.01900 
-7.24505 3.02000 
-7.24505 3.02100 
-7.24505 3.02200 
-7.24505 3.02300 
-7.24505 3.02400 
-7.24505 3.02500 
-7.24505 3.02600 
-7.24505 3.02700 
-7.24505 3.02800 
-7.24505 3.02900 
-7.24505 3.03000 
-7.24505 3.03100 
-7.24505 3.03200 
-7.24505 3.03300 
-7.24505 3.03400 
-7.24505 3.03500 
-7.24505 3.03600 
-7.24505 3.03700 
-7.24505 3.03800 
-7.24505 3.03900 
-7.24505 3.04000 
-7.24505 3.04100 
-7.24505 3.04200 
-7.24505 3.04300 
-7.24505 3.04400 
-7.24505 3.04500 
-7.24505 3.04600 
-7.24505 3.04700 
-7.24505 3.04800 
-7.24505 3.04900 
-7.24505 3.05000 
-7.24505 3.05100 
-7.24505 3.05200 
-7.24505 3.05300 
-7.24505 3.05400 
-7.24505 3.05500 
-7.24505 3.05600 
-7.24505 3.05700 
-7.24505 3.05800 
-7.24505 3.05900 
-7.24505 3.06000 
-7.24505 3.06100 
-7.24505 3.06200 
-7.24505 3.06300 
-7.24505 3.06400 
-7.24505 3.06500 
-7.24505 3.06600 
-7.24505 3.06700 
-7.24505 3.06800 
-7.24505 3.06900 
-7.24505 3.07000 
-7.24505 3.07100 
-7.24505 3.07200 
-7.24505 3.07300 
-7.24505 3.07400 
-7.24505 3.07500 
-7.24505 3.07600 
-7.24505 3.07700 
-7.24505 3.07800 
-7.24505 3.07900 
-7.24505 3.08000 
-7.24505 3.08100 
-7.24505 3.08200 
-7.24505 3.08300 
-7.24505 3.08400 
-7.24505 3.08500 
-7.24505 3.08600 
-7.24505 3.08700 
-7.24505 3.08800 
-7.24505 3.08900 
-7.24505 3.09000 
-7.24505 3.09100 
-7.24505 3.09200 
-7.24505 3.09300 
-7.24505 3.09400 
-7.24505 3.09500 
-7.24505 3.09600 
-7.24505 3.09700 
-7.24505 3.09800 
-7.24505 3.09900 
-7.24505 3.10000 
-7.24505 3.10100 
-7.24505 3.10200 
-7.24505 3.10300 
-7.24505 3.10400 
-7.24505 3.10500 
-7.24505 3.10600 
-7.24505 3.10700 
-7.24505 3.10800 
-7.24505 3.10900 
-7.24505 3.11000 
-7.24505 3.11100 
-7.24505 3.11200 
-7.24505 3.11300 
-7.24505 3.11400 
-7.24505 3.11500 
-7.24505 3.11600 
-7.24505 3.11700 
-7.24505 3.11800 
-7.24505 3.11900 
-7.24505 3.12000 
-7.24505 3.12100 
-7.24505 3.12200 
-7.24505 3.12300 
-7.24505 3.12400 
-7.24505 3.12500 
-7.24505 3.12600 
-7.24505 3.12700 
-7.24505 3.12800 
-7.24505 3.12900 
-7.24505 3.13000 
-7.24505 3.13100 
-7.24505 3.13200 
-7.24505 3.13300 
-7.24505 3.13400 
-7.24505 3.13500 
-7.24505 3.13600 
-7.24505 3.13700 
-7.24505 3.13800 
-7.24505 3.13900 
-7.24505 3.14000 
-7.24505 3.14100 
-7.24505 3.14200 
-7.24505 3.14300 
-7.24505 3.14400 
-7.24505 3.14500 
-7.24505 3.14600 
-7.24505 3.14700 
-7.24505 3.14800 
-7.24505 3.14900 
-7.24505 3.15000 
-7.24505 3.15100 
-7.24505 3.15200 
-7.24505 3.15300 
-7.24505 3.15400 
-7.24505 3.15500 
-7.24505 3.15600 
-7.24505 3.15700 
-7.24505 3.15800 
-7.24505 3.15900 
-7.24505 3.16000 
-7.24505 3.16100 
-7.24505 3.16200 
-7.24505 3.16300 
-7.24505 3.16400 
-7.24505 3.16500 
-7.24505 3.16600 
-7.24505 3.16700 
-7.24505 3.16800 
-7.24505 3.16900 
-7.24505 3.17000 
-7.24505 3.17100 
-7.24505 3.17200 
-7.24505 3.17300 
-7.24505 3.17400 
-7.24505 3.17500 
-7.24505 3.17600 
-7.24505 3.17700 
-7.24505 3.17800 
-7.24505 3.17900 
-7.24505 3.18000 
-7.24505 3.18100 
-7.24505 3.18200 
-7.24505 3.18300 
-7.24505 3.18400 
-7.24505 3.18500 
-7.24505 3.18600 
-7.24505 3.18700 
-7.24505 3.18800 
-7.24505 3.18900 
-7.24505 3.19000 
-7.24505 3.19100 
-7.24505 3.19200 
-7.24505 3.19300 
-7.24505 3.19400 
-7.24505 3.19500 
-7.24505 3.19600 
-7.24505 3.19700 
-7.24505 3.19800 
-7.24505 3.19900 
-7.24505 3.20000 
-7.24505 3.20100 
-7.24505 3.20200 
-7.24505 3.20300 
-7.24505 3.20400 
-7.24505 3.20500 
-7.24505 3.20600 
-7.24505 3.20700 
-7.24505 3.20800 
-7.24505 3.20900 
-7.24505 3.21000 
-7.24505 3.21100 
-7.24505 3.21200 
-7.24505 3.21300 
-7.24505 3.21400 
-7.24505 3.21500 
-7.24505 3.21600 
-7.24505 3.21700 
-7.24505 3.21800 
-7.24505 3.21900 
-7.24505 3.22000 
-7.24505 3.22100 
-7.24505 3.22200 
-7.24505 3.22300 
-7.24505 3.22400 
-7.24505 3.22500 
-7.24505 3.22600 
-7.24505 3.22700 
-7.24505 3.22800 
-7.24505 3.22900 
-7.24505 3.23000 
-7.24505 3.23100 
-7.24505 3.23200 
-7.24505 3.23300 
-7.24505 3.23400 
-7.24505 3.23500 
-7.24505 3.23600 
-7.24505 3.23700 
-7.24505 3.23800 
-7.24505 3.23900 
-7.24505 3.24000 
-7.24505 3.24100 
-7.24505 3.24200 
-7.24505 3.24300 
-7.24505 3.24400 
-7.24505 3.24500 
-7.24505 3.24600 
-7.24505 3.24700 
-7.24505 3.24800 
-7.24505 3.24900 
-7.24505 3.25000 
-7.24505 3.25100 
-7.24505 3.25200 
-7.24505 3.25300 
-7.24505 3.25400 
-7.24505 3.25500 
-7.24505 3.25600 
-7.24505 3.25700 
-7.24505 3.25800 
-7.24505 3.25900 
-7.24505 3.26000 
-7.24505 3.26100 
-7.24505 3.26200 
-7.24505 3.26300 
-7.24505 3.26400 
-7.24505 3.26500 
-7.24505 3.26600 
-7.24505 3.26700 
-7.24505 3.26800 
-7.24505 3.26900 
-7.24505 3.27000 
-7.24505 3.27100 
-7.24505 3.27200 
-7.24505 3.27300 
-7.24505 3.27400 
-7.24505 3.27500 
-7.24505 3.27600 
-7.24505 3.27700 
-7.24505 3.27800 
-7.24505 3.27900 
-7.24505 3.28000 
-7.24505 3.28100 
-7.24505 3.28200 
-7.24505 3.28300 
-7.24505 3.28400 
-7.24505 3.28500 
-7.24505 3.28600 
-7.24505 3.28700 
-7.24505 3.28800 
-7.24505 3.28900 
-7.24505 3.29000 
-7.24505 3.29100 
-7.24505 3.29200 
-7.24505 3.29300 
-7.24505 3.29400 
-7.24505 3.29500 
-7.24505 3.29600 
-7.24505 3.29700 
-7.24505 3.29800 
-7.24505 3.29900 
-7.24505 3.30000 
-7.24505 3.30100 
-7.24505 3.30200 
-7.24505 3.30300 
-7.24505 3.30400 
-7.24505 3.30500 
-7.24505 3.30600 
-7.24505 3.30700 
-7.24505 3.30800 
-7.24505 3.30900 
-7.24505 3.31000 
-7.24505 3.31100 
-7.24505 3.31200 
-7.24505 3.31300 
-7.24505 3.31400 
-7.24505 3.31500 
-7.24505 3.31600 
-7.24505 3.31700 
-7.24505 3.31800 
-7.24505 3.31900 
-7.24505 3.32000 
-7.24505 3.32100 
-7.24505 3.32200 
-7.24505 3.32300 
-7.24505 3.32400 
-7.24505 3.32500 
-7.24505 3.32600 
-7.24505 3.32700 
-7.24505 3.32800 
-7.24505 3.32900 
-7.24505 3.33000 
-7.24505 3.33100 
-7.24505 3.33200 
-7.24505 3.33300 
-7.24505 3.33400 
-7.24505 3.33500 
-7.24505 3.33600 
-7.24505 3.33700 
-7.24505 3.33800 
-7.24505 3.33900 
-7.24505 3.34000 
-7.24505 3.34100 
-7.24505 3.34200 
-7.24505 3.34300 
-7.24505 3.34400 
-7.24505 3.34500 
-7.24505 3.34600 
-7.24505 3.34700 
-7.24505 3.34800 
-7.24505 3.34900 
-7.24505 3.35000 
-7.24505 3.35100 
-7.24505 3.35200 
-7.24505 3.35300 
-7.24505 3.35400 
-7.24505 3.35500 
-7.24505 3.35600 
-7.24505 3.35700 
-7.24505 3.35800 
-7.24505 3.35900 
-7.24505 3.36000 
-7.24505 3.36100 
-7.24505 3.36200 
-7.24505 3.36300 
-7.24505 3.36400 
-7.24505 3.36500 
-7.24505 3.36600 
-7.24505 3.36700 
-7.24505 3.36800 
-7.24505 3.36900 
-7.24505 3.37000 
-7.24505 3.37100 
-7.24505 3.37200 
-7.24505 3.37300 
-7.24505 3.37400 
-7.24505 3.37500 
-7.24505 3.37600 
-7.24505 3.37700 
-7.24505 3.37800 
-7.24505 3.37900 
-7.24505 3.38000 
-7.24505 3.38100 
-7.24505 3.38200 
-7.24505 3.38300 
-7.24505 3.38400 
-7.24505 3.38500 
-7.24505 3.38600 
-7.24505 3.38700 
-7.24505 3.38800 
-7.24505 3.38900 
-7.24505 3.39000 
-7.24505 3.39100 
-7.24505 3.39200 
-7.24505 3.39300 
-7.24505 3.39400 
-7.24505 3.39500 
-7.24505 3.39600 
-7.24505 3.39700 
-7.24505 3.39800 
-7.24505 3.39900 
-7.24505 3.40000 
-7.24505 3.40100 
-7.24505 3.40200 
-7.24505 3.40300 
-7.24505 3.40400 
-7.24505 3.40500 
-7.24505 3.40600 
-7.24505 3.40700 
-7.24505 3.40800 
-7.24505 3.40900 
-7.24505 3.41000 
-7.24505 3.41100 
-7.24505 3.41200 
-7.24505 3.41300 
-7.24505 3.41400 
-7.24505 3.41500 
-7.24505 3.41600 
-7.24505 3.41700 
-7.24505 3.41800 
-7.24505 3.41900 
-7.24505 3.42000 
-7.24505 3.42100 
-7.24505 3.42200 
-7.24505 3.42300 
-7.24505 3.42400 
-7.24505 3.42500 
-7.24505 3.42600 
-7.24505 3.42700 
-7.24505 3.42800 
-7.24505 3.42900 
-7.24505 3.43000 
-7.24505 3.43100 
-7.24505 3.43200 
-7.24505 3.43300 
-7.24505 3.43400 
-7.24505 3.43500 
-7.24505 3.43600 
-7.24505 3.43700 
-7.24505 3.43800 
-7.24505 3.43900 
-7.24505 3.44000 
-7.24505 3.44100 
-7.24505 3.44200 
-7.24505 3.44300 
-7.24505 3.44400 
-7.24505 3.44500 
-7.24505 3.44600 
-7.24505 3.44700 
-7.24505 3.44800 
-7.24505 3.44900 
-7.24505 3.45000 
-7.24505 3.45100 
-7.24505 3.45200 
-7.24505 3.45300 
-7.24505 3.45400 
-7.24505 3.45500 
-7.24505 3.45600 
-7.24505 3.45700 
-7.24505 3.45800 
-7.24505 3.45900 
-7.24505 3.46000 
-7.24505 3.46100 
-7.24505 3.46200 
-7.24505 3.46300 
-7.24505 3.46400 
-7.24505 3.46500 
-7.24505 3.46600 
-7.24505 3.46700 
-7.24505 3.46800 
-7.24505 3.46900 
-7.24505 3.47000 
-7.24505 3.47100 
-7.24505 3.47200 
-7.24505 3.47300 
-7.24505 3.47400 
-7.24505 3.47500 
-7.24505 3.47600 
-7.24505 3.47700 
-7.24505 3.47800 
-7.24505 3.47900 
-7.24505 3.48000 
-7.24505 3.48100 
-7.24505 3.48200 
-7.24505 3.48300 
-7.24505 3.48400 
-7.24505 3.48500 
-7.24505 3.48600 
-7.24505 3.48700 
-7.24505 3.48800 
-7.24505 3.48900 
-7.24505 3.49000 
-7.24505 3.49100 
-7.24505 3.49200 
-7.24505 3.49300 
-7.24505 3.49400 
-7.24505 3.49500 
-7.24505 3.49600 
-7.24505 3.49700 
-7.24505 3.49800 
-7.24505 3.49900 
-7.24505 3.50000 
-7.24505 3.50100 
-7.24505 3.50200 
-7.24505 3.50300 
-7.24505 3.50400 
-7.24505 3.50500 
-7.24505 3.50600 
-7.24505 3.50700 
-7.24505 3.50800 
-7.24505 3.50900 
-7.24505 3.51000 
-7.24505 3.51100 
-7.24505 3.51200 
-7.24505 3.51300 
-7.24505 3.51400 
-7.24505 3.51500 
-7.24505 3.51600 
-7.24505 3.51700 
-7.24505 3.51800 
-7.24505 3.51900 
-7.24505 3.52000 
-7.24505 3.52100 
-7.24505 3.52200 
-7.24505 3.52300 
-7.24505 3.52400 
-7.24505 3.52500 
-7.24505 3.52600 
-7.24505 3.52700 
-7.24505 3.52800 
-7.24505 3.52900 
-7.24505 3.53000 
-7.24505 3.53100 
-7.24505 3.53200 
-7.24505 3.53300 
-7.24505 3.53400 
-7.24505 3.53500 
-7.24505 3.53600 
-7.24505 3.53700 
-7.24505 3.53800 
-7.24505 3.53900 
-7.24505 3.54000 
-7.24505 3.54100 
-7.24505 3.54200 
-7.24505 3.54300 
-7.24505 3.54400 
-7.24505 3.54500 
-7.24505 3.54600 
-7.24505 3.54700 
-7.24505 3.54800 
-7.24505 3.54900 
-7.24505 3.55000 
-7.24505 3.55100 
-7.24505 3.55200 
-7.24505 3.55300 
-7.24505 3.55400 
-7.24505 3.55500 
-7.24505 3.55600 
-7.24505 3.55700 
-7.24505 3.55800 
-7.24505 3.55900 
-7.24505 3.56000 
-7.24505 3.56100 
-7.24505 3.56200 
-7.24505 3.56300 
-7.24505 3.56400 
-7.24505 3.56500 
-7.24505 3.56600 
-7.24505 3.56700 
-7.24505 3.56800 
-7.24505 3.56900 
-7.24505 3.57000 
-7.24505 3.57100 
-7.24505 3.57200 
-7.24505 3.57300 
-7.24505 3.57400 
-7.24505 3.57500 
-7.24505 3.57600 
-7.24505 3.57700 
-7.24505 3.57800 
-7.24505 3.57900 
-7.24505 3.58000 
-7.24505 3.58100 
-7.24505 3.58200 
-7.24505 3.58300 
-7.24505 3.58400 
-7.24505 3.58500 
-7.24505 3.58600 
-7.24505 3.58700 
-7.24505 3.58800 
-7.24505 3.58900 
-7.24505 3.59000 
-7.24505 3.59100 
-7.24505 3.59200 
-7.24505 3.59300 
-7.24505 3.59400 
-7.24505 3.59500 
-7.24505 3.59600 
-7.24505 3.59700 
-7.24505 3.59800 
-7.24505 3.59900 
-7.24505 3.60000 
-7.24505 3.60100 
-7.24505 3.60200 
-7.24505 3.60300 
-7.24505 3.60400 
-7.24505 3.60500 
-7.24505 3.60600 
-7.24505 3.60700 
-7.24505 3.60800 
-7.24505 3.60900 
-7.24505 3.61000 
-7.24505 3.61100 
-7.24505 3.61200 
-7.24505 3.61300 
-7.24505 3.61400 
-7.24505 3.61500 
-7.24505 3.61600 
-7.24505 3.61700 
-7.24505 3.61800 
-7.24505 3.61900 
-7.24505 3.62000 
-7.24505 3.62100 
-7.24505 3.62200 
-7.24505 3.62300 
-7.24505 3.62400 
-7.24505 3.62500 
-7.24505 3.62600 
-7.24505 3.62700 
-7.24505 3.62800 
-7.24505 3.62900 
-7.24505 3.63000 
-7.24505 3.63100 
-7.24505 3.63200 
-7.24505 3.63300 
-7.24505 3.63400 
-7.24505 3.63500 
-7.24505 3.63600 
-7.24505 3.63700 
-7.24505 3.63800 
-7.24505 3.63900 
-7.24505 3.64000 
-7.24505 3.64100 
-7.24505 3.64200 
-7.24505 3.64300 
-7.24505 3.64400 
-7.24505 3.64500 
-7.24505 3.64600 
-7.24505 3.64700 
-7.24505 3.64800 
-7.24505 3.64900 
-7.24505 3.65000 
-7.24505 3.65100 
-7.24505 3.65200 
-7.24505 3.65300 
-7.24505 3.65400 
-7.24505 3.65500 
-7.24505 3.65600 
-7.24505 3.65700 
-7.24505 3.65800 
-7.24505 3.65900 
-7.24505 3.66000 
-7.24505 3.66100 
-7.24505 3.66200 
-7.24505 3.66300 
-7.24505 3.66400 
-7.24505 3.66500 
-7.24505 3.66600 
-7.24505 3.66700 
-7.24505 3.66800 
-7.24505 3.66900 
-7.24505 3.67000 
-7.24505 3.67100 
-7.24505 3.67200 
-7.24505 3.67300 
-7.24505 3.67400 
-7.24505 3.67500 
-7.24505 3.67600 
-7.24505 3.67700 
-7.24505 3.67800 
-7.24505 3.67900 
-7.24505 3.68000 
-7.24505 3.68100 
-7.24505 3.68200 
-7.24505 3.68300 
-7.24505 3.68400 
-7.24505 3.68500 
-7.24505 3.68600 
-7.24505 3.68700 
-7.24505 3.68800 
-7.24505 3.68900 
-7.24505 3.69000 
-7.24505 3.69100 
-7.24505 3.69200 
-7.24505 3.69300 
-7.24505 3.69400 
-7.24505 3.69500 
-7.24505 3.69600 
-7.24505 3.69700 
-7.24505 3.69800 
-7.24505 3.69900 
-7.24505 3.70000 
-7.24505 3.70100 
-7.24505 3.70200 
-7.24505 3.70300 
-7.24505 3.70400 
-7.24505 3.70500 
-7.24505 3.70600 
-7.24505 3.70700 
-7.24505 3.70800 
-7.24505 3.70900 
-7.24505 3.71000 
-7.24505 3.71100 
-7.24505 3.71200 
-7.24505 3.71300 
-7.24505 3.71400 
-7.24505 3.71500 
-7.24505 3.71600 
-7.24505 3.71700 
-7.24505 3.71800 
-7.24505 3.71900 
-7.24505 3.72000 
-7.24505 3.72100 
-7.24505 3.72200 
-7.24505 3.72300 
-7.24505 3.72400 
-7.24505 3.72500 
-7.24505 3.72600 
-7.24505 3.72700 
-7.24505 3.72800 
-7.24505 3.72900 
-7.24505 3.73000 
-7.24505 3.73100 
-7.24505 3.73200 
-7.24505 3.73300 
-7.24505 3.73400 
-7.24505 3.73500 
-7.24505 3.73600 
-7.24505 3.73700 
-7.24505 3.73800 
-7.24505 3.73900 
-7.24505 3.74000 
-7.24505 3.74100 
-7.24505 3.74200 
-7.24505 3.74300 
-7.24505 3.74400 
-7.24505 3.74500 
-7.24505 3.74600 
-7.24505 3.74700 
-7.24505 3.74800 
-7.24505 3.74900 
-7.24505 3.75000 
-7.24505 3.75100 
-7.24505 3.75200 
-7.24505 3.75300 
-7.24505 3.75400 
-7.24505 3.75500 
-7.24505 3.75600 
-7.24505 3.75700 
-7.24505 3.75800 
-7.24505 3.75900 
-7.24505 3.76000 
-7.24505 3.76100 
-7.24505 3.76200 
-7.24505 3.76300 
-7.24505 3.76400 
-7.24505 3.76500 
-7.24505 3.76600 
-7.24505 3.76700 
-7.24505 3.76800 
-7.24505 3.76900 
-7.24505 3.77000 
-7.24505 3.77100 
-7.24505 3.77200 
-7.24505 3.77300 
-7.24505 3.77400 
-7.24505 3.77500 
-7.24505 3.77600 
-7.24505 3.77700 
-7.24505 3.77800 
-7.24505 3.77900 
-7.24505 3.78000 
-7.24505 3.78100 
-7.24505 3.78200 
-7.24505 3.78300 
-7.24505 3.78400 
-7.24505 3.78500 
-7.24505 3.78600 
-7.24505 3.78700 
-7.24505 3.78800 
-7.24505 3.78900 
-7.24505 3.79000 
-7.24505 3.79100 
-7.24505 3.79200 
-7.24505 3.79300 
-7.24505 3.79400 
-7.24505 3.79500 
-7.24505 3.79600 
-7.24505 3.79700 
-7.24505 3.79800 
-7.24505 3.79900 
-7.24505 3.80000 
-7.24505 3.80100 
-7.24505 3.80200 
-7.24505 3.80300 
-7.24505 3.80400 
-7.24505 3.80500 
-7.24505 3.80600 
-7.24505 3.80700 
-7.24505 3.80800 
-7.24505 3.80900 
-7.24505 3.81000 
-7.24505 3.81100 
-7.24505 3.81200 
-7.24505 3.81300 
-7.24505 3.81400 
-7.24505 3.81500 
-7.24505 3.81600 
-7.24505 3.81700 
-7.24505 3.81800 
-7.24505 3.81900 
-7.24505 3.82000 
-7.24505 3.82100 
-7.24505 3.82200 
-7.24505 3.82300 
-7.24505 3.82400 
-7.24505 3.82500 
-7.24505 3.82600 
-7.24505 3.82700 
-7.24505 3.82800 
-7.24505 3.82900 
-7.24505 3.83000 
-7.24505 3.83100 
-7.24505 3.83200 
-7.24505 3.83300 
-7.24505 3.83400 
-7.24505 3.83500 
-7.24505 3.83600 
-7.24505 3.83700 
-7.24505 3.83800 
-7.24505 3.83900 
-7.24505 3.84000 
-7.24505 3.84100 
-7.24505 3.84200 
-7.24505 3.84300 
-7.24505 3.84400 
-7.24505 3.84500 
-7.24505 3.84600 
-7.24505 3.84700 
-7.24505 3.84800 
-7.24505 3.84900 
-7.24505 3.85000 
-7.24505 3.85100 
-7.24505 3.85200 
-7.24505 3.85300 
-7.24505 3.85400 
-7.24505 3.85500 
-7.24505 3.85600 
-7.24505 3.85700 
-7.24505 3.85800 
-7.24505 3.85900 
-7.24505 3.86000 
-7.24505 3.86100 
-7.24505 3.86200 
-7.24505 3.86300 
-7.24505 3.86400 
-7.24505 3.86500 
-7.24505 3.86600 
-7.24505 3.86700 
-7.24505 3.86800 
-7.24505 3.86900 
-7.24505 3.87000 
-7.24505 3.87100 
-7.24505 3.87200 
-7.24505 3.87300 
-7.24505 3.87400 
-7.24505 3.87500 
-7.24505 3.87600 
-7.24505 3.87700 
-7.24505 3.87800 
-7.24505 3.87900 
-7.24505 3.88000 
-7.24505 3.88100 
-7.24505 3.88200 
-7.24505 3.88300 
-7.24505 3.88400 
-7.24505 3.88500 
-7.24505 3.88600 
-7.24505 3.88700 
-7.24505 3.88800 
-7.24505 3.88900 
-7.24505 3.89000 
-7.24505 3.89100 
-7.24505 3.89200 
-7.24505 3.89300 
-7.24505 3.89400 
-7.24505 3.89500 
-7.24505 3.89600 
-7.24505 3.89700 
-7.24505 3.89800 
-7.24505 3.89900 
-7.24505 3.90000 
-7.24505 3.90100 
-7.24505 3.90200 
-7.24505 3.90300 
-7.24505 3.90400 
-7.24505 3.90500 
-7.24505 3.90600 
-7.24505 3.90700 
-7.24505 3.90800 
-7.24505 3.90900 
-7.24505 3.91000 
-7.24505 3.91100 
-7.24505 3.91200 
-7.24505 3.91300 
-7.24505 3.91400 
-7.24505 3.91500 
-7.24505 3.91600 
-7.24505 3.91700 
-7.24505 3.91800 
-7.24505 3.91900 
-7.24505 3.92000 
-7.24505 3.92100 
-7.24505 3.92200 
-7.24505 3.92300 
-7.24505 3.92400 
-7.24505 3.92500 
-7.24505 3.92600 
-7.24505 3.92700 
-7.24505 3.92800 
-7.24505 3.92900 
-7.24505 3.93000 
-7.24505 3.93100 
-7.24505 3.93200 
-7.24505 3.93300 
-7.24505 3.93400 
-7.24505 3.93500 
-7.24505 3.93600 
-7.24505 3.93700 
-7.24505 3.93800 
-7.24505 3.93900 
-7.24505 3.94000 
-7.24505 3.94100 
-7.24505 3.94200 
-7.24505 3.94300 
-7.24505 3.94400 
-7.24505 3.94500 
-7.24505 3.94600 
-7.24505 3.94700 
-7.24505 3.94800 
-7.24505 3.94900 
-7.24505 3.95000 
-7.24505 3.95100 
-7.24505 3.95200 
-7.24505 3.95300 
-7.24505 3.95400 
-7.24505 3.95500 
-7.24505 3.95600 
-7.24505 3.95700 
-7.24505 3.95800 
-7.24505 3.95900 
-7.24505 3.96000 
-7.24505 3.96100 
-7.24505 3.96200 
-7.24505 3.96300 
-7.24505 3.96400 
-7.24505 3.96500 
-7.24505 3.96600 
-7.24505 3.96700 
-7.24505 3.96800 
-7.24505 3.96900 
-7.24505 3.97000 
-7.24505 3.97100 
-7.24505 3.97200 
-7.24505 3.97300 
-7.24505 3.97400 
-7.24505 3.97500 
-7.24505 3.97600 
-7.24505 3.97700 
-7.24505 3.97800 
-7.24505 3.97900 
-7.24505 3.98000 
-7.24505 3.98100 
-7.24505 3.98200 
-7.24505 3.98300 
-7.24505 3.98400 
-7.24505 3.98500 
-7.24505 3.98600 
-7.24505 3.98700 
-7.24505 3.98800 
-7.24505 3.98900 
-7.24505 3.99000 
-7.24505 3.99100 
-7.24505 3.99200 
-7.24505 3.99300 
-7.24505 3.99400 
-7.24505 3.99500 
-7.24505 3.99600 
-7.24505 3.99700 
-7.24505 3.99800 
-7.24505 3.99900 
-7.24505 4.00000 
-7.24505 4.00100 
-7.24505 4.00200 
-7.24505 4.00300 
-7.24505 4.00400 
-7.24505 4.00500 
-7.24505 4.00600 
-7.24505 4.00700 
-7.24505 4.00800 
-7.24505 4.00900 
-7.24505 4.01000 
-7.24505 4.01100 
-7.24505 4.01200 
-7.24505 4.01300 
-7.24505 4.01400 
-7.24505 4.01500 
-7.24505 4.01600 
-7.24505 4.01700 
-7.24505 4.01800 
-7.24505 4.01900 
-7.24505 4.02000 
-7.24505 4.02100 
-7.24505 4.02200 
-7.24505 4.02300 
-7.24505 4.02400 
-7.24505 4.02500 
-7.24505 4.02600 
-7.24505 4.02700 
-7.24505 4.02800 
-7.24505 4.02900 
-7.24505 4.03000 
-7.24505 4.03100 
-7.24505 4.03200 
-7.24505 4.03300 
-7.24505 4.03400 
-7.24505 4.03500 
-7.24505 4.03600 
-7.24505 4.03700 
-7.24505 4.03800 
-7.24505 4.03900 
-7.24505 4.04000 
-7.24505 4.04100 
-7.24505 4.04200 
-7.24505 4.04300 
-7.24505 4.04400 
-7.24505 4.04500 
-7.24505 4.04600 
-7.24505 4.04700 
-7.24505 4.04800 
-7.24505 4.04900 
-7.24505 4.05000 
-7.24505 4.05100 
-7.24505 4.05200 
-7.24505 4.05300 
-7.24505 4.05400 
-7.24505 4.05500 
-7.24505 4.05600 
-7.24505 4.05700 
-7.24505 4.05800 
-7.24505 4.05900 
-7.24505 4.06000 
-7.24505 4.06100 
-7.24505 4.06200 
-7.24505 4.06300 
-7.24505 4.06400 
-7.24505 4.06500 
-7.24505 4.06600 
-7.24505 4.06700 
-7.24505 4.06800 
-7.24505 4.06900 
-7.24505 4.07000 
-7.24505 4.07100 
-7.24505 4.07200 
-7.24505 4.07300 
-7.24505 4.07400 
-7.24505 4.07500 
-7.24505 4.07600 
-7.24505 4.07700 
-7.24505 4.07800 
-7.24505 4.07900 
-7.24505 4.08000 
-7.24505 4.08100 
-7.24505 4.08200 
-7.24505 4.08300 
-7.24505 4.08400 
-7.24505 4.08500 
-7.24505 4.08600 
-7.24505 4.08700 
-7.24505 4.08800 
-7.24505 4.08900 
-7.24505 4.09000 
-7.24505 4.09100 
-7.24505 4.09200 
-7.24505 4.09300 
-7.24505 4.09400 
-7.24505 4.09500 
-7.24505 4.09600 
-7.24505 4.09700 
-7.24505 4.09800 
-7.24505 4.09900 
-7.24505 4.10000 
-7.24505 4.10100 
-7.24505 4.10200 
-7.24505 4.10300 
-7.24505 4.10400 
-7.24505 4.10500 
-7.24505 4.10600 
-7.24505 4.10700 
-7.24505 4.10800 
-7.24505 4.10900 
-7.24505 4.11000 
-7.24505 4.11100 
-7.24505 4.11200 
-7.24505 4.11300 
-7.24505 4.11400 
-7.24505 4.11500 
-7.24505 4.11600 
-7.24505 4.11700 
-7.24505 4.11800 
-7.24505 4.11900 
-7.24505 4.12000 
-7.24505 4.12100 
-7.24505 4.12200 
-7.24505 4.12300 
-7.24505 4.12400 
-7.24505 4.12500 
-7.24505 4.12600 
-7.24505 4.12700 
-7.24505 4.12800 
-7.24505 4.12900 
-7.24505 4.13000 
-7.24505 4.13100 
-7.24505 4.13200 
-7.24505 4.13300 
-7.24505 4.13400 
-7.24505 4.13500 
-7.24505 4.13600 
-7.24505 4.13700 
-7.24505 4.13800 
-7.24505 4.13900 
-7.24505 4.14000 
-7.24505 4.14100 
-7.24505 4.14200 
-7.24505 4.14300 
-7.24505 4.14400 
-7.24505 4.14500 
-7.24505 4.14600 
-7.24505 4.14700 
-7.24505 4.14800 
-7.24505 4.14900 
-7.24505 4.15000 
-7.24505 4.15100 
-7.24505 4.15200 
-7.24505 4.15300 
-7.24505 4.15400 
-7.24505 4.15500 
-7.24505 4.15600 
-7.24505 4.15700 
-7.24505 4.15800 
-7.24505 4.15900 
-7.24505 4.16000 
-7.24505 4.16100 
-7.24505 4.16200 
-7.24505 4.16300 
-7.24505 4.16400 
-7.24505 4.16500 
-7.24505 4.16600 
-7.24505 4.16700 
-7.24505 4.16800 
-7.24505 4.16900 
-7.24505 4.17000 
-7.24505 4.17100 
-7.24505 4.17200 
-7.24505 4.17300 
-7.24505 4.17400 
-7.24505 4.17500 
-7.24505 4.17600 
-7.24505 4.17700 
-7.24505 4.17800 
-7.24505 4.17900 
-7.24505 4.18000 
-7.24505 4.18100 
-7.24505 4.18200 
-7.24505 4.18300 
-7.24505 4.18400 
-7.24505 4.18500 
-7.24505 4.18600 
-7.24505 4.18700 
-7.24505 4.18800 
-7.24505 4.18900 
-7.24505 4.19000 
-7.24505 4.19100 
-7.24505 4.19200 
-7.24505 4.19300 
-7.24505 4.19400 
-7.24505 4.19500 
-7.24505 4.19600 
-7.24505 4.19700 
-7.24505 4.19800 
-7.24505 4.19900 
-7.24505 4.20000 
-7.24505 4.20100 
-7.24505 4.20200 
-7.24505 4.20300 
-7.24505 4.20400 
-7.24505 4.20500 
-7.24505 4.20600 
-7.24505 4.20700 
-7.24505 4.20800 
-7.24505 4.20900 
-7.24505 4.21000 
-7.24505 4.21100 
-7.24505 4.21200 
-7.24505 4.21300 
-7.24505 4.21400 
-7.24505 4.21500 
-7.24505 4.21600 
-7.24505 4.21700 
-7.24505 4.21800 
-7.24505 4.21900 
-7.24505 4.22000 
-7.24505 4.22100 
-7.24505 4.22200 
-7.24505 4.22300 
-7.24505 4.22400 
-7.24505 4.22500 
-7.24505 4.22600 
-7.24505 4.22700 
-7.24505 4.22800 
-7.24505 4.22900 
-7.24505 4.23000 
-7.24505 4.23100 
-7.24505 4.23200 
-7.24505 4.23300 
-7.24505 4.23400 
-7.24505 4.23500 
-7.24505 4.23600 
-7.24505 4.23700 
-7.24505 4.23800 
-7.24505 4.23900 
-7.24505 4.24000 
-7.24505 4.24100 
-7.24505 4.24200 
-7.24505 4.24300 
-7.24505 4.24400 
-7.24505 4.24500 
-7.24505 4.24600 
-7.24505 4.24700 
-7.24505 4.24800 
-7.24505 4.24900 
-7.24505 4.25000 
-7.24505 4.25100 
-7.24505 4.25200 
-7.24505 4.25300 
-7.24505 4.25400 
-7.24505 4.25500 
-7.24505 4.25600 
-7.24505 4.25700 
-7.24505 4.25800 
-7.24505 4.25900 
-7.24505 4.26000 
-7.24505 4.26100 
-7.24505 4.26200 
-7.24505 4.26300 
-7.24505 4.26400 
-7.24505 4.26500 
-7.24505 4.26600 
-7.24505 4.26700 
-7.24505 4.26800 
-7.24505 4.26900 
-7.24505 4.27000 
-7.24505 4.27100 
-7.24505 4.27200 
-7.24505 4.27300 
-7.24505 4.27400 
-7.24505 4.27500 
-7.24505 4.27600 
-7.24505 4.27700 
-7.24505 4.27800 
-7.24505 4.27900 
-7.24505 4.28000 
-7.24505 4.28100 
-7.24505 4.28200 
-7.24505 4.28300 
-7.24505 4.28400 
-7.24505 4.28500 
-7.24505 4.28600 
-7.24505 4.28700 
-7.24505 4.28800 
-7.24505 4.28900 
-7.24505 4.29000 
-7.24505 4.29100 
-7.24505 4.29200 
-7.24505 4.29300 
-7.24505 4.29400 
-7.24505 4.29500 
-7.24505 4.29600 
-7.24505 4.29700 
-7.24505 4.29800 
-7.24505 4.29900 
-7.24505 4.30000 
-7.24505 4.30100 
-7.24505 4.30200 
-7.24505 4.30300 
-7.24505 4.30400 
-7.24505 4.30500 
-7.24505 4.30600 
-7.24505 4.30700 
-7.24505 4.30800 
-7.24505 4.30900 
-7.24505 4.31000 
-7.24505 4.31100 
-7.24505 4.31200 
-7.24505 4.31300 
-7.24505 4.31400 
-7.24505 4.31500 
-7.24505 4.31600 
-7.24505 4.31700 
-7.24505 4.31800 
-7.24505 4.31900 
-7.24505 4.32000 
-7.24505 4.32100 
-7.24505 4.32200 
-7.24505 4.32300 
-7.24505 4.32400 
-7.24505 4.32500 
-7.24505 4.32600 
-7.24505 4.32700 
-7.24505 4.32800 
-7.24505 4.32900 
-7.24505 4.33000 
-7.24505 4.33100 
-7.24505 4.33200 
-7.24505 4.33300 
-7.24505 4.33400 
-7.24505 4.33500 
-7.24505 4.33600 
-7.24505 4.33700 
-7.24505 4.33800 
-7.24505 4.33900 
-7.24505 4.34000 
-7.24505 4.34100 
-7.24505 4.34200 
-7.24505 4.34300 
-7.24505 4.34400 
-7.24505 4.34500 
-7.24505 4.34600 
-7.24505 4.34700 
-7.24505 4.34800 
-7.24505 4.34900 
-7.24505 4.35000 
-7.24505 4.35100 
-7.24505 4.35200 
-7.24505 4.35300 
-7.24505 4.35400 
-7.24505 4.35500 
-7.24505 4.35600 
-7.24505 4.35700 
-7.24505 4.35800 
-7.24505 4.35900 
-7.24505 4.36000 
-7.24505 4.36100 
-7.24505 4.36200 
-7.24505 4.36300 
-7.24505 4.36400 
-7.24505 4.36500 
-7.24505 4.36600 
-7.24505 4.36700 
-7.24505 4.36800 
-7.24505 4.36900 
-7.24505 4.37000 
-7.24505 4.37100 
-7.24505 4.37200 
-7.24505 4.37300 
-7.24505 4.37400 
-7.24505 4.37500 
-7.24505 4.37600 
-7.24505 4.37700 
-7.24505 4.37800 
-7.24505 4.37900 
-7.24505 4.38000 
-7.24505 4.38100 
-7.24505 4.38200 
-7.24505 4.38300 
-7.24505 4.38400 
-7.24505 4.38500 
-7.24505 4.38600 
-7.24505 4.38700 
-7.24505 4.38800 
-7.24505 4.38900 
-7.24505 4.39000 
-7.24505 4.39100 
-7.24505 4.39200 
-7.24505 4.39300 
-7.24505 4.39400 
-7.24505 4.39500 
-7.24505 4.39600 
-7.24505 4.39700 
-7.24505 4.39800 
-7.24505 4.39900 
-7.24505 4.40000 
-7.24505 4.40100 
-7.24505 4.40200 
-7.24505 4.40300 
-7.24505 4.40400 
-7.24505 4.40500 
-7.24505 4.40600 
-7.24505 4.40700 
-7.24505 4.40800 
-7.24505 4.40900 
-7.24505 4.41000 
-7.24505 4.41100 
-7.24505 4.41200 
-7.24505 4.41300 
-7.24505 4.41400 
-7.24505 4.41500 
-7.24505 4.41600 
-7.24505 4.41700 
-7.24505 4.41800 
-7.24505 4.41900 
-7.24505 4.42000 
-7.24505 4.42100 
-7.24505 4.42200 
-7.24505 4.42300 
-7.24505 4.42400 
-7.24505 4.42500 
-7.24505 4.42600 
-7.24505 4.42700 
-7.24505 4.42800 
-7.24505 4.42900 
-7.24505 4.43000 
-7.24505 4.43100 
-7.24505 4.43200 
-7.24505 4.43300 
-7.24505 4.43400 
-7.24505 4.43500 
-7.24505 4.43600 
-7.24505 4.43700 
-7.24505 4.43800 
-7.24505 4.43900 
-7.24505 4.44000 
-7.24505 4.44100 
-7.24505 4.44200 
-7.24505 4.44300 
-7.24505 4.44400 
-7.24505 4.44500 
-7.24505 4.44600 
-7.24505 4.44700 
-7.24505 4.44800 
-7.24505 4.44900 
-7.24505 4.45000 
-7.24505 4.45100 
-7.24505 4.45200 
-7.24505 4.45300 
-7.24505 4.45400 
-7.24505 4.45500 
-7.24505 4.45600 
-7.24505 4.45700 
-7.24505 4.45800 
-7.24505 4.45900 
-7.24505 4.46000 
-7.24505 4.46100 
-7.24505 4.46200 
-7.24505 4.46300 
-7.24505 4.46400 
-7.24505 4.46500 
-7.24505 4.46600 
-7.24505 4.46700 
-7.24505 4.46800 
-7.24505 4.46900 
-7.24505 4.47000 
-7.24505 4.47100 
-7.24505 4.47200 
-7.24505 4.47300 
-7.24505 4.47400 
-7.24505 4.47500 
-7.24505 4.47600 
-7.24505 4.47700 
-7.24505 4.47800 
-7.24505 4.47900 
-7.24505 4.48000 
-7.24505 4.48100 
-7.24505 4.48200 
-7.24505 4.48300 
-7.24505 4.48400 
-7.24505 4.48500 
-7.24505 4.48600 
-7.24505 4.48700 
-7.24505 4.48800 
-7.24505 4.48900 
-7.24505 4.49000 
-7.24505 4.49100 
-7.24505 4.49200 
-7.24505 4.49300 
-7.24505 4.49400 
-7.24505 4.49500 
-7.24505 4.49600 
-7.24505 4.49700 
-7.24505 4.49800 
-7.24505 4.49900 
-7.24505 4.50000 
-7.24505 4.50100 
-7.24505 4.50200 
-7.24505 4.50300 
-7.24505 4.50400 
-7.24505 4.50500 
-7.24505 4.50600 
-7.24505 4.50700 
-7.24505 4.50800 
-7.24505 4.50900 
-7.24505 4.51000 
-7.24505 4.51100 
-7.24505 4.51200 
-7.24505 4.51300 
-7.24505 4.51400 
-7.24505 4.51500 
-7.24505 4.51600 
-7.24505 4.51700 
-7.24505 4.51800 
-7.24505 4.51900 
-7.24505 4.52000 
-7.24505 4.52100 
-7.24505 4.52200 
-7.24505 4.52300 
-7.24505 4.52400 
-7.24505 4.52500 
-7.24505 4.52600 
-7.24505 4.52700 
-7.24505 4.52800 
-7.24505 4.52900 
-7.24505 4.53000 
-7.24505 4.53100 
-7.24505 4.53200 
-7.24505 4.53300 
-7.24505 4.53400 
-7.24505 4.53500 
-7.24505 4.53600 
-7.24505 4.53700 
-7.24505 4.53800 
-7.24505 4.53900 
-7.24505 4.54000 
-7.24505 4.54100 
-7.24505 4.54200 
-7.24505 4.54300 
-7.24505 4.54400 
-7.24505 4.54500 
-7.24505 4.54600 
-7.24505 4.54700 
-7.24505 4.54800 
-7.24505 4.54900 
-7.24505 4.55000 
-7.24505 4.55100 
-7.24505 4.55200 
-7.24505 4.55300 
-7.24505 4.55400 
-7.24505 4.55500 
-7.24505 4.55600 
-7.24505 4.55700 
-7.24505 4.55800 
-7.24505 4.55900 
-7.24505 4.56000 
-7.24505 4.56100 
-7.24505 4.56200 
-7.24505 4.56300 
-7.24505 4.56400 
-7.24505 4.56500 
-7.24505 4.56600 
-7.24505 4.56700 
-7.24505 4.56800 
-7.24505 4.56900 
-7.24505 4.57000 
-7.24505 4.57100 
-7.24505 4.57200 
-7.24505 4.57300 
-7.24505 4.57400 
-7.24505 4.57500 
-7.24505 4.57600 
-7.24505 4.57700 
-7.24505 4.57800 
-7.24505 4.57900 
-7.24505 4.58000 
-7.24505 4.58100 
-7.24505 4.58200 
-7.24505 4.58300 
-7.24505 4.58400 
-7.24505 4.58500 
-7.24505 4.58600 
-7.24505 4.58700 
-7.24505 4.58800 
-7.24505 4.58900 
-7.24505 4.59000 
-7.24505 4.59100 
-7.24505 4.59200 
-7.24505 4.59300 
-7.24505 4.59400 
-7.24505 4.59500 
-7.24505 4.59600 
-7.24505 4.59700 
-7.24505 4.59800 
-7.24505 4.59900 
-7.24505 4.60000 
-7.24505 4.60100 
-7.24505 4.60200 
-7.24505 4.60300 
-7.24505 4.60400 
-7.24505 4.60500 
-7.24505 4.60600 
-7.24505 4.60700 
-7.24505 4.60800 
-7.24505 4.60900 
-7.24505 4.61000 
-7.24505 4.61100 
-7.24505 4.61200 
-7.24505 4.61300 
-7.24505 4.61400 
-7.24505 4.61500 
-7.24505 4.61600 
-7.24505 4.61700 
-7.24505 4.61800 
-7.24505 4.61900 
-7.24505 4.62000 
-7.24505 4.62100 
-7.24505 4.62200 
-7.24505 4.62300 
-7.24505 4.62400 
-7.24505 4.62500 
-7.24505 4.62600 
-7.24505 4.62700 
-7.24505 4.62800 
-7.24505 4.62900 
-7.24505 4.63000 
-7.24505 4.63100 
-7.24505 4.63200 
-7.24505 4.63300 
-7.24505 4.63400 
-7.24505 4.63500 
-7.24505 4.63600 
-7.24505 4.63700 
-7.24505 4.63800 
-7.24505 4.63900 
-7.24505 4.64000 
-7.24505 4.64100 
-7.24505 4.64200 
-7.24505 4.64300 
-7.24505 4.64400 
-7.24505 4.64500 
-7.24505 4.64600 
-7.24505 4.64700 
-7.24505 4.64800 
-7.24505 4.64900 
-7.24505 4.65000 
-7.24505 4.65100 
-7.24505 4.65200 
-7.24505 4.65300 
-7.24505 4.65400 
-7.24505 4.65500 
-7.24505 4.65600 
-7.24505 4.65700 
-7.24505 4.65800 
-7.24505 4.65900 
-7.24505 4.66000 
-7.24505 4.66100 
-7.24505 4.66200 
-7.24505 4.66300 
-7.24505 4.66400 
-7.24505 4.66500 
-7.24505 4.66600 
-7.24505 4.66700 
-7.24505 4.66800 
-7.24505 4.66900 
-7.24505 4.67000 
-7.24505 4.67100 
-7.24505 4.67200 
-7.24505 4.67300 
-7.24505 4.67400 
-7.24505 4.67500 
-7.24505 4.67600 
-7.24505 4.67700 
-7.24505 4.67800 
-7.24505 4.67900 
-7.24505 4.68000 
-7.24505 4.68100 
-7.24505 4.68200 
-7.24505 4.68300 
-7.24505 4.68400 
-7.24505 4.68500 
-7.24505 4.68600 
-7.24505 4.68700 
-7.24505 4.68800 
-7.24505 4.68900 
-7.24505 4.69000 
-7.24505 4.69100 
-7.24505 4.69200 
-7.24505 4.69300 
-7.24505 4.69400 
-7.24505 4.69500 
-7.24505 4.69600 
-7.24505 4.69700 
-7.24505 4.69800 
-7.24505 4.69900 
-7.24505 4.70000 
-7.24505 4.70100 
-7.24505 4.70200 
-7.24505 4.70300 
-7.24505 4.70400 
-7.24505 4.70500 
-7.24505 4.70600 
-7.24505 4.70700 
-7.24505 4.70800 
-7.24505 4.70900 
-7.24505 4.71000 
-7.24505 4.71100 
-7.24505 4.71200 
-7.24505 4.71300 
-7.24505 4.71400 
-7.24505 4.71500 
-7.24505 4.71600 
-7.24505 4.71700 
-7.24505 4.71800 
-7.24505 4.71900 
-7.24505 4.72000 
-7.24505 4.72100 
-7.24505 4.72200 
-7.24505 4.72300 
-7.24505 4.72400 
-7.24505 4.72500 
-7.24505 4.72600 
-7.24505 4.72700 
-7.24505 4.72800 
-7.24505 4.72900 
-7.24505 4.73000 
-7.24505 4.73100 
-7.24505 4.73200 
-7.24505 4.73300 
-7.24505 4.73400 
-7.24505 4.73500 
-7.24505 4.73600 
-7.24505 4.73700 
-7.24505 4.73800 
-7.24505 4.73900 
-7.24505 4.74000 
-7.24505 4.74100 
-7.24505 4.74200 
-7.24505 4.74300 
-7.24505 4.74400 
-7.24505 4.74500 
-7.24505 4.74600 
-7.24505 4.74700 
-7.24505 4.74800 
-7.24505 4.74900 
-7.24505 4.75000 
-7.24505 4.75100 
-7.24505 4.75200 
-7.24505 4.75300 
-7.24505 4.75400 
-7.24505 4.75500 
-7.24505 4.75600 
-7.24505 4.75700 
-7.24505 4.75800 
-7.24505 4.75900 
-7.24505 4.76000 
-7.24505 4.76100 
-7.24505 4.76200 
-7.24505 4.76300 
-7.24505 4.76400 
-7.24505 4.76500 
-7.24505 4.76600 
-7.24505 4.76700 
-7.24505 4.76800 
-7.24505 4.76900 
-7.24505 4.77000 
-7.24505 4.77100 
-7.24505 4.77200 
-7.24505 4.77300 
-7.24505 4.77400 
-7.24505 4.77500 
-7.24505 4.77600 
-7.24505 4.77700 
-7.24505 4.77800 
-7.24505 4.77900 
-7.24505 4.78000 
-7.24505 4.78100 
-7.24505 4.78200 
-7.24505 4.78300 
-7.24505 4.78400 
-7.24505 4.78500 
-7.24505 4.78600 
-7.24505 4.78700 
-7.24505 4.78800 
-7.24505 4.78900 
-7.24505 4.79000 
-7.24505 4.79100 
-7.24505 4.79200 
-7.24505 4.79300 
-7.24505 4.79400 
-7.24505 4.79500 
-7.24505 4.79600 
-7.24505 4.79700 
-7.24505 4.79800 
-7.24505 4.79900 
-7.24505 4.80000 
-7.24505 4.80100 
-7.24505 4.80200 
-7.24505 4.80300 
-7.24505 4.80400 
-7.24505 4.80500 
-7.24505 4.80600 
-7.24505 4.80700 
-7.24505 4.80800 
-7.24505 4.80900 
-7.24505 4.81000 
-7.24505 4.81100 
-7.24505 4.81200 
-7.24505 4.81300 
-7.24505 4.81400 
-7.24505 4.81500 
-7.24505 4.81600 
-7.24505 4.81700 
-7.24505 4.81800 
-7.24505 4.81900 
-7.24505 4.82000 
-7.24505 4.82100 
-7.24505 4.82200 
-7.24505 4.82300 
-7.24505 4.82400 
-7.24505 4.82500 
-7.24505 4.82600 
-7.24505 4.82700 
-7.24505 4.82800 
-7.24505 4.82900 
-7.24505 4.83000 
-7.24505 4.83100 
-7.24505 4.83200 
-7.24505 4.83300 
-7.24505 4.83400 
-7.24505 4.83500 
-7.24505 4.83600 
-7.24505 4.83700 
-7.24505 4.83800 
-7.24505 4.83900 
-7.24505 4.84000 
-7.24505 4.84100 
-7.24505 4.84200 
-7.24505 4.84300 
-7.24505 4.84400 
-7.24505 4.84500 
-7.24505 4.84600 
-7.24505 4.84700 
-7.24505 4.84800 
-7.24505 4.84900 
-7.24505 4.85000 
-7.24505 4.85100 
-7.24505 4.85200 
-7.24505 4.85300 
-7.24505 4.85400 
-7.24505 4.85500 
-7.24505 4.85600 
-7.24505 4.85700 
-7.24505 4.85800 
-7.24505 4.85900 
-7.24505 4.86000 
-7.24505 4.86100 
-7.24505 4.86200 
-7.24505 4.86300 
-7.24505 4.86400 
-7.24505 4.86500 
-7.24505 4.86600 
-7.24505 4.86700 
-7.24505 4.86800 
-7.24505 4.86900 
-7.24505 4.87000 
-7.24505 4.87100 
-7.24505 4.87200 
-7.24505 4.87300 
-7.24505 4.87400 
-7.24505 4.87500 
-7.24505 4.87600 
-7.24505 4.87700 
-7.24505 4.87800 
-7.24505 4.87900 
-7.24505 4.88000 
-7.24505 4.88100 
-7.24505 4.88200 
-7.24505 4.88300 
-7.24505 4.88400 
-7.24505 4.88500 
-7.24505 4.88600 
-7.24505 4.88700 
-7.24505 4.88800 
-7.24505 4.88900 
-7.24505 4.89000 
-7.24505 4.89100 
-7.24505 4.89200 
-7.24505 4.89300 
-7.24505 4.89400 
-7.24505 4.89500 
-7.24505 4.89600 
-7.24505 4.89700 
-7.24505 4.89800 
-7.24505 4.89900 
-7.24505 4.90000 
-7.24505 4.90100 
-7.24505 4.90200 
-7.24505 4.90300 
-7.24505 4.90400 
-7.24505 4.90500 
-7.24505 4.90600 
-7.24505 4.90700 
-7.24505 4.90800 
-7.24505 4.90900 
-7.24505 4.91000 
-7.24505 4.91100 
-7.24505 4.91200 
-7.24505 4.91300 
-7.24505 4.91400 
-7.24505 4.91500 
-7.24505 4.91600 
-7.24505 4.91700 
-7.24505 4.91800 
-7.24505 4.91900 
-7.24505 4.92000 
-7.24505 4.92100 
-7.24505 4.92200 
-7.24505 4.92300 
-7.24505 4.92400 
-7.24505 4.92500 
-7.24505 4.92600 
-7.24505 4.92700 
-7.24505 4.92800 
-7.24505 4.92900 
-7.24505 4.93000 
-7.24505 4.93100 
-7.24505 4.93200 
-7.24505 4.93300 
-7.24505 4.93400 
-7.24505 4.93500 
-7.24505 4.93600 
-7.24505 4.93700 
-7.24505 4.93800 
-7.24505 4.93900 
-7.24505 4.94000 
-7.24505 4.94100 
-7.24505 4.94200 
-7.24505 4.94300 
-7.24505 4.94400 
-7.24505 4.94500 
-7.24505 4.94600 
-7.24505 4.94700 
-7.24505 4.94800 
-7.24505 4.94900 
-7.24505 4.95000 
-7.24505 4.95100 
-7.24505 4.95200 
-7.24505 4.95300 
-7.24505 4.95400 
-7.24505 4.95500 
-7.24505 4.95600 
-7.24505 4.95700 
-7.24505 4.95800 
-7.24505 4.95900 
-7.24505 4.96000 
-7.24505 4.96100 
-7.24505 4.96200 
-7.24505 4.96300 
-7.24505 4.96400 
-7.24505 4.96500 
-7.24505 4.96600 
-7.24505 4.96700 
-7.24505 4.96800 
-7.24505 4.96900 
-7.24505 4.97000 
-7.24505 4.97100 
-7.24505 4.97200 
-7.24505 4.97300 
-7.24505 4.97400 
-7.24505 4.97500 
-7.24505 4.97600 
-7.24505 4.97700 
-7.24505 4.97800 
-7.24505 4.97900 
-7.24505 4.98000 
-7.24505 4.98100 
-7.24505 4.98200 
-7.24505 4.98300 
-7.24505 4.98400 
-7.24505 4.98500 
-7.24505 4.98600 
-7.24505 4.98700 
-7.24505 4.98800 
-7.24505 4.98900 
-7.24505 4.99000 
-7.24505 4.99100 
-7.24505 4.99200 
-7.24505 4.99300 
-7.24505 4.99400 
-7.24505 4.99500 
-7.24505 4.99600 
-7.24505 4.99700 
-7.24505 4.99800 
-7.24505 4.99900 
