0.00000 0.00000 
0.00001 0.00100 
0.00008 0.00200 
0.00020 0.00300 
0.00040 0.00400 
0.00065 0.00500 
0.00097 0.00600 
0.00134 0.00700 
0.00178 0.00800 
0.00228 0.00900 
0.00284 0.01000 
0.00346 0.01100 
0.00414 0.01200 
0.00487 0.01300 
0.00567 0.01400 
0.00651 0.01500 
0.00742 0.01600 
0.00838 0.01700 
0.00939 0.01800 
0.01046 0.01900 
0.01158 0.02000 
0.01275 0.02100 
0.01398 0.02200 
0.01525 0.02300 
0.01658 0.02400 
0.01796 0.02500 
0.01939 0.02600 
0.02086 0.02700 
0.02239 0.02800 
0.02396 0.02900 
0.02558 0.03000 
0.02725 0.03100 
0.02896 0.03200 
0.03072 0.03300 
0.03253 0.03400 
0.03437 0.03500 
0.03627 0.03600 
0.03821 0.03700 
0.04019 0.03800 
0.04221 0.03900 
0.04428 0.04000 
0.04638 0.04100 
0.04853 0.04200 
0.05072 0.04300 
0.05295 0.04400 
0.05522 0.04500 
0.05753 0.04600 
0.05988 0.04700 
0.06227 0.04800 
0.06469 0.04900 
0.06715 0.05000 
0.06965 0.05100 
0.07219 0.05200 
0.07476 0.05300 
0.07737 0.05400 
0.08002 0.05500 
0.08269 0.05600 
0.08541 0.05700 
0.08816 0.05800 
0.09094 0.05900 
0.09376 0.06000 
0.09661 0.06100 
0.09949 0.06200 
0.10240 0.06300 
0.10535 0.06400 
0.10833 0.06500 
0.11134 0.06600 
0.11438 0.06700 
0.11745 0.06800 
0.12055 0.06900 
0.12368 0.07000 
0.12684 0.07100 
0.13003 0.07200 
0.13325 0.07300 
0.13650 0.07400 
0.13977 0.07500 
0.14307 0.07600 
0.14640 0.07700 
0.14976 0.07800 
0.15315 0.07900 
0.15656 0.08000 
0.16000 0.08100 
0.16346 0.08200 
0.16695 0.08300 
0.17047 0.08400 
0.17401 0.08500 
0.17757 0.08600 
0.18116 0.08700 
0.18478 0.08800 
0.18841 0.08900 
0.19208 0.09000 
0.19576 0.09100 
0.19947 0.09200 
0.20320 0.09300 
0.20695 0.09400 
0.21073 0.09500 
0.21453 0.09600 
0.21835 0.09700 
0.22219 0.09800 
0.22605 0.09900 
0.22994 0.10000 
0.23384 0.10100 
0.23777 0.10200 
0.24172 0.10300 
0.24568 0.10400 
0.24967 0.10500 
0.25368 0.10600 
0.25770 0.10700 
0.26175 0.10800 
0.26581 0.10900 
0.26990 0.11000 
0.27400 0.11100 
0.27812 0.11200 
0.28226 0.11300 
0.28641 0.11400 
0.29059 0.11500 
0.29478 0.11600 
0.29899 0.11700 
0.30321 0.11800 
0.30746 0.11900 
0.31171 0.12000 
0.31599 0.12100 
0.32028 0.12200 
0.32459 0.12300 
0.32892 0.12400 
0.33326 0.12500 
0.33762 0.12600 
0.34199 0.12700 
0.34638 0.12800 
0.35078 0.12900 
0.35520 0.13000 
0.35963 0.13100 
0.36407 0.13200 
0.36854 0.13300 
0.37301 0.13400 
0.37750 0.13500 
0.38200 0.13600 
0.38652 0.13700 
0.39105 0.13800 
0.39560 0.13900 
0.40016 0.14000 
0.40473 0.14100 
0.40931 0.14200 
0.41391 0.14300 
0.41852 0.14400 
0.42314 0.14500 
0.42777 0.14600 
0.43242 0.14700 
0.43708 0.14800 
0.44175 0.14900 
0.44643 0.15000 
0.45113 0.15100 
0.45583 0.15200 
0.46055 0.15300 
0.46528 0.15400 
0.47002 0.15500 
0.47477 0.15600 
0.47954 0.15700 
0.48431 0.15800 
0.48909 0.15900 
0.49389 0.16000 
0.49869 0.16100 
0.50351 0.16200 
0.50833 0.16300 
0.51317 0.16400 
0.51801 0.16500 
0.52287 0.16600 
0.52773 0.16700 
0.53261 0.16800 
0.53749 0.16900 
0.54239 0.17000 
0.54729 0.17100 
0.55220 0.17200 
0.55712 0.17300 
0.56205 0.17400 
0.56699 0.17500 
0.57194 0.17600 
0.57690 0.17700 
0.58186 0.17800 
0.58684 0.17900 
0.59182 0.18000 
0.59681 0.18100 
0.60181 0.18200 
0.60682 0.18300 
0.61183 0.18400 
0.61685 0.18500 
0.62188 0.18600 
0.62692 0.18700 
0.63197 0.18800 
0.63702 0.18900 
0.64208 0.19000 
0.64715 0.19100 
0.65223 0.19200 
0.65731 0.19300 
0.66240 0.19400 
0.66750 0.19500 
0.67261 0.19600 
0.67772 0.19700 
0.68284 0.19800 
0.68796 0.19900 
0.69309 0.20000 
0.69823 0.20100 
0.70338 0.20200 
0.70853 0.20300 
0.71368 0.20400 
0.71885 0.20500 
0.72402 0.20600 
0.72919 0.20700 
0.73438 0.20800 
0.73956 0.20900 
0.74476 0.21000 
0.74996 0.21100 
0.75516 0.21200 
0.76038 0.21300 
0.76559 0.21400 
0.77082 0.21500 
0.77604 0.21600 
0.78128 0.21700 
0.78652 0.21800 
0.79176 0.21900 
0.79701 0.22000 
0.80227 0.22100 
0.80753 0.22200 
0.81279 0.22300 
0.81806 0.22400 
0.82334 0.22500 
0.82862 0.22600 
0.83390 0.22700 
0.83919 0.22800 
0.84449 0.22900 
0.84979 0.23000 
0.85509 0.23100 
0.86040 0.23200 
0.86571 0.23300 
0.87103 0.23400 
0.87635 0.23500 
0.88168 0.23600 
0.88701 0.23700 
0.89235 0.23800 
0.89768 0.23900 
0.90303 0.24000 
0.90838 0.24100 
0.91373 0.24200 
0.91908 0.24300 
0.92444 0.24400 
0.92981 0.24500 
0.93518 0.24600 
0.94055 0.24700 
0.94592 0.24800 
0.95130 0.24900 
0.95669 0.25000 
0.96207 0.25100 
0.96746 0.25200 
0.97286 0.25300 
0.97825 0.25400 
0.98366 0.25500 
0.98906 0.25600 
0.99447 0.25700 
0.99988 0.25800 
1.00529 0.25900 
1.01071 0.26000 
1.01613 0.26100 
1.02156 0.26200 
1.02699 0.26300 
1.03242 0.26400 
1.03785 0.26500 
1.04329 0.26600 
1.04873 0.26700 
1.05417 0.26800 
1.05962 0.26900 
1.06507 0.27000 
1.07052 0.27100 
1.07598 0.27200 
1.08144 0.27300 
1.08690 0.27400 
1.09236 0.27500 
1.09783 0.27600 
1.10330 0.27700 
1.10877 0.27800 
1.11424 0.27900 
1.11972 0.28000 
1.12520 0.28100 
1.13068 0.28200 
1.13617 0.28300 
1.14166 0.28400 
1.14715 0.28500 
1.15264 0.28600 
1.15813 0.28700 
1.16363 0.28800 
1.16913 0.28900 
1.17463 0.29000 
1.18014 0.29100 
1.18564 0.29200 
1.19115 0.29300 
1.19667 0.29400 
1.20218 0.29500 
1.20769 0.29600 
1.21321 0.29700 
1.21873 0.29800 
1.22426 0.29900 
1.22978 0.30000 
1.23531 0.30100 
1.24083 0.30200 
1.24637 0.30300 
1.25190 0.30400 
1.25743 0.30500 
1.26297 0.30600 
1.26851 0.30700 
1.27405 0.30800 
1.27959 0.30900 
1.28513 0.31000 
1.29068 0.31100 
1.29623 0.31200 
1.30178 0.31300 
1.30733 0.31400 
1.31288 0.31500 
1.31844 0.31600 
1.32399 0.31700 
1.32955 0.31800 
1.33511 0.31900 
1.34067 0.32000 
1.34624 0.32100 
1.35180 0.32200 
1.35737 0.32300 
1.36294 0.32400 
1.36851 0.32500 
1.37408 0.32600 
1.37965 0.32700 
1.38523 0.32800 
1.39080 0.32900 
1.39638 0.33000 
1.40196 0.33100 
1.40754 0.33200 
1.41312 0.33300 
1.41870 0.33400 
1.42429 0.33500 
1.42987 0.33600 
1.43546 0.33700 
1.44105 0.33800 
1.44664 0.33900 
1.45223 0.34000 
1.45782 0.34100 
1.46342 0.34200 
1.46901 0.34300 
1.47461 0.34400 
1.48021 0.34500 
1.48581 0.34600 
1.49141 0.34700 
1.49701 0.34800 
1.50261 0.34900 
1.50822 0.35000 
1.51382 0.35100 
1.51943 0.35200 
1.52503 0.35300 
1.53064 0.35400 
1.53625 0.35500 
1.54186 0.35600 
1.54747 0.35700 
1.55309 0.35800 
1.55870 0.35900 
1.56432 0.36000 
1.56993 0.36100 
1.57555 0.36200 
1.58117 0.36300 
1.58679 0.36400 
1.59241 0.36500 
1.59803 0.36600 
1.60365 0.36700 
1.60927 0.36800 
1.61490 0.36900 
1.62052 0.37000 
1.62615 0.37100 
1.63177 0.37200 
1.63740 0.37300 
1.64303 0.37400 
1.64866 0.37500 
1.65429 0.37600 
1.65992 0.37700 
1.66555 0.37800 
1.67118 0.37900 
1.67682 0.38000 
1.68245 0.38100 
1.68809 0.38200 
1.69372 0.38300 
1.69936 0.38400 
1.70500 0.38500 
1.71064 0.38600 
1.71628 0.38700 
1.72192 0.38800 
1.72756 0.38900 
1.73320 0.39000 
1.73884 0.39100 
1.74448 0.39200 
1.75013 0.39300 
1.75577 0.39400 
1.76142 0.39500 
1.76706 0.39600 
1.77271 0.39700 
1.77836 0.39800 
1.78400 0.39900 
1.78965 0.40000 
1.79530 0.40100 
1.80095 0.40200 
1.80660 0.40300 
1.81225 0.40400 
1.81791 0.40500 
1.82356 0.40600 
1.82921 0.40700 
1.83486 0.40800 
1.84052 0.40900 
1.84617 0.41000 
1.85183 0.41100 
1.85748 0.41200 
1.86314 0.41300 
1.86880 0.41400 
1.87445 0.41500 
1.88011 0.41600 
1.88577 0.41700 
1.89143 0.41800 
1.89709 0.41900 
1.90275 0.42000 
1.90841 0.42100 
1.91407 0.42200 
1.91973 0.42300 
1.92540 0.42400 
1.93106 0.42500 
1.93672 0.42600 
1.94239 0.42700 
1.94805 0.42800 
1.95372 0.42900 
1.95938 0.43000 
1.96505 0.43100 
1.97071 0.43200 
1.97638 0.43300 
1.98205 0.43400 
1.98771 0.43500 
1.99338 0.43600 
1.99905 0.43700 
2.00472 0.43800 
2.01039 0.43900 
2.01606 0.44000 
2.02173 0.44100 
2.02740 0.44200 
2.03307 0.44300 
2.03874 0.44400 
2.04441 0.44500 
2.05008 0.44600 
2.05576 0.44700 
2.06143 0.44800 
2.06710 0.44900 
2.07278 0.45000 
2.07845 0.45100 
2.08413 0.45200 
2.08980 0.45300 
2.09547 0.45400 
2.10115 0.45500 
2.10683 0.45600 
2.11250 0.45700 
2.11818 0.45800 
2.12386 0.45900 
2.12953 0.46000 
2.13521 0.46100 
2.14089 0.46200 
2.14657 0.46300 
2.15224 0.46400 
2.15792 0.46500 
2.16360 0.46600 
2.16928 0.46700 
2.17496 0.46800 
2.18064 0.46900 
2.18632 0.47000 
2.19200 0.47100 
2.19768 0.47200 
2.20336 0.47300 
2.20904 0.47400 
2.21473 0.47500 
2.22041 0.47600 
2.22609 0.47700 
2.23177 0.47800 
2.23746 0.47900 
2.24314 0.48000 
2.24882 0.48100 
2.25450 0.48200 
2.26019 0.48300 
2.26587 0.48400 
2.27156 0.48500 
2.27724 0.48600 
2.28293 0.48700 
2.28861 0.48800 
2.29430 0.48900 
2.29998 0.49000 
2.30567 0.49100 
2.31135 0.49200 
2.31704 0.49300 
2.32273 0.49400 
2.32841 0.49500 
2.33410 0.49600 
2.33979 0.49700 
2.34547 0.49800 
2.35116 0.49900 
2.35685 0.50000 
2.36254 0.50100 
2.36822 0.50200 
2.37391 0.50300 
2.37960 0.50400 
2.38529 0.50500 
2.39098 0.50600 
2.39667 0.50700 
2.40236 0.50800 
2.40805 0.50900 
2.41374 0.51000 
2.41943 0.51100 
2.42512 0.51200 
2.43081 0.51300 
2.43650 0.51400 
2.44219 0.51500 
2.44788 0.51600 
2.45357 0.51700 
2.45926 0.51800 
2.46495 0.51900 
2.47064 0.52000 
2.47633 0.52100 
2.48202 0.52200 
2.48772 0.52300 
2.49341 0.52400 
2.49910 0.52500 
2.50479 0.52600 
2.51049 0.52700 
2.51618 0.52800 
2.52187 0.52900 
2.52756 0.53000 
2.53326 0.53100 
2.53895 0.53200 
2.54464 0.53300 
2.55034 0.53400 
2.55603 0.53500 
2.56172 0.53600 
2.56742 0.53700 
2.57311 0.53800 
2.57881 0.53900 
2.58450 0.54000 
2.59019 0.54100 
2.59589 0.54200 
2.60158 0.54300 
2.60728 0.54400 
2.61297 0.54500 
2.61867 0.54600 
2.62436 0.54700 
2.63006 0.54800 
2.63575 0.54900 
2.64145 0.55000 
2.64715 0.55100 
2.65284 0.55200 
2.65854 0.55300 
2.66423 0.55400 
2.66993 0.55500 
2.67563 0.55600 
2.68132 0.55700 
2.68702 0.55800 
2.69272 0.55900 
2.69841 0.56000 
2.70411 0.56100 
2.70981 0.56200 
2.71550 0.56300 
2.72120 0.56400 
2.72690 0.56500 
2.73259 0.56600 
2.73829 0.56700 
2.74399 0.56800 
2.74969 0.56900 
2.75538 0.57000 
2.76108 0.57100 
2.76678 0.57200 
2.77248 0.57300 
2.77818 0.57400 
2.78387 0.57500 
2.78957 0.57600 
2.79527 0.57700 
2.80097 0.57800 
2.80667 0.57900 
2.81237 0.58000 
2.81806 0.58100 
2.82376 0.58200 
2.82946 0.58300 
2.83516 0.58400 
2.84086 0.58500 
2.84656 0.58600 
2.85226 0.58700 
2.85796 0.58800 
2.86366 0.58900 
2.86935 0.59000 
2.87505 0.59100 
2.88075 0.59200 
2.88645 0.59300 
2.89215 0.59400 
2.89785 0.59500 
2.90355 0.59600 
2.90925 0.59700 
2.91495 0.59800 
2.92065 0.59900 
2.92635 0.60000 
2.93205 0.60100 
2.93775 0.60200 
2.94345 0.60300 
2.94915 0.60400 
2.95485 0.60500 
2.96055 0.60600 
2.96625 0.60700 
2.97195 0.60800 
2.97765 0.60900 
2.98335 0.61000 
2.98906 0.61100 
2.99476 0.61200 
3.00046 0.61300 
3.00616 0.61400 
3.01186 0.61500 
3.01756 0.61600 
3.02326 0.61700 
3.02896 0.61800 
3.03466 0.61900 
3.04036 0.62000 
3.04607 0.62100 
3.05177 0.62200 
3.05747 0.62300 
3.06317 0.62400 
3.06887 0.62500 
3.07457 0.62600 
3.08027 0.62700 
3.08597 0.62800 
3.09168 0.62900 
3.09738 0.63000 
3.10308 0.63100 
3.10878 0.63200 
3.11448 0.63300 
3.12019 0.63400 
3.12589 0.63500 
3.13159 0.63600 
3.13729 0.63700 
3.14299 0.63800 
3.14870 0.63900 
3.15440 0.64000 
3.16010 0.64100 
3.16580 0.64200 
3.17150 0.64300 
3.17721 0.64400 
3.18291 0.64500 
3.18861 0.64600 
3.19431 0.64700 
3.20002 0.64800 
3.20572 0.64900 
3.21142 0.65000 
3.21712 0.65100 
3.22283 0.65200 
3.22853 0.65300 
3.23423 0.65400 
3.23993 0.65500 
3.24564 0.65600 
3.25134 0.65700 
3.25704 0.65800 
3.26274 0.65900 
3.26845 0.66000 
3.27415 0.66100 
3.27985 0.66200 
3.28556 0.66300 
3.29126 0.66400 
3.29696 0.66500 
3.30267 0.66600 
3.30837 0.66700 
3.31407 0.66800 
3.31977 0.66900 
3.32548 0.67000 
3.33118 0.67100 
3.33688 0.67200 
3.34259 0.67300 
3.34829 0.67400 
3.35399 0.67500 
3.35970 0.67600 
3.36540 0.67700 
3.37110 0.67800 
3.37681 0.67900 
3.38251 0.68000 
3.38821 0.68100 
3.39392 0.68200 
3.39962 0.68300 
3.40532 0.68400 
3.41103 0.68500 
3.41673 0.68600 
3.42244 0.68700 
3.42814 0.68800 
3.43384 0.68900 
3.43955 0.69000 
3.44525 0.69100 
3.45095 0.69200 
3.45666 0.69300 
3.46236 0.69400 
3.46807 0.69500 
3.47377 0.69600 
3.47947 0.69700 
3.48518 0.69800 
3.49088 0.69900 
3.49658 0.70000 
3.50229 0.70100 
3.50799 0.70200 
3.51370 0.70300 
3.51940 0.70400 
3.52510 0.70500 
3.53081 0.70600 
3.53651 0.70700 
3.54222 0.70800 
3.54792 0.70900 
3.55362 0.71000 
3.55933 0.71100 
3.56503 0.71200 
3.57074 0.71300 
3.57644 0.71400 
3.58215 0.71500 
3.58785 0.71600 
3.59355 0.71700 
3.59926 0.71800 
3.60496 0.71900 
3.61067 0.72000 
3.61637 0.72100 
3.62208 0.72200 
3.62778 0.72300 
3.63348 0.72400 
3.63919 0.72500 
3.64489 0.72600 
3.65060 0.72700 
3.65630 0.72800 
3.66201 0.72900 
3.66771 0.73000 
3.67342 0.73100 
3.67912 0.73200 
3.68482 0.73300 
3.69053 0.73400 
3.69623 0.73500 
3.70194 0.73600 
3.70764 0.73700 
3.71335 0.73800 
3.71905 0.73900 
3.72476 0.74000 
3.73046 0.74100 
3.73617 0.74200 
3.74187 0.74300 
3.74757 0.74400 
3.75328 0.74500 
3.75898 0.74600 
3.76469 0.74700 
3.77039 0.74800 
3.77610 0.74900 
3.78180 0.75000 
3.78751 0.75100 
3.79321 0.75200 
3.79892 0.75300 
3.80462 0.75400 
3.81033 0.75500 
3.81603 0.75600 
3.82174 0.75700 
3.82744 0.75800 
3.83315 0.75900 
3.83885 0.76000 
3.84455 0.76100 
3.85026 0.76200 
3.85596 0.76300 
3.86167 0.76400 
3.86737 0.76500 
3.87308 0.76600 
3.87878 0.76700 
3.88449 0.76800 
3.89019 0.76900 
3.89590 0.77000 
3.90160 0.77100 
3.90731 0.77200 
3.91301 0.77300 
3.91872 0.77400 
3.92442 0.77500 
3.93013 0.77600 
3.93583 0.77700 
3.94154 0.77800 
3.94724 0.77900 
3.95295 0.78000 
3.95865 0.78100 
3.96436 0.78200 
3.97006 0.78300 
3.97577 0.78400 
3.98147 0.78500 
3.98718 0.78600 
3.99288 0.78700 
3.99859 0.78800 
4.00429 0.78900 
4.01000 0.79000 
4.01570 0.79100 
4.02141 0.79200 
4.02711 0.79300 
4.03282 0.79400 
4.03852 0.79500 
4.04423 0.79600 
4.04993 0.79700 
4.05564 0.79800 
4.06134 0.79900 
4.06705 0.80000 
4.07276 0.80100 
4.07846 0.80200 
4.08417 0.80300 
4.08987 0.80400 
4.09558 0.80500 
4.10128 0.80600 
4.10699 0.80700 
4.11269 0.80800 
4.11840 0.80900 
4.12410 0.81000 
4.12981 0.81100 
4.13551 0.81200 
4.14122 0.81300 
4.14692 0.81400 
4.15263 0.81500 
4.15833 0.81600 
4.16404 0.81700 
4.16974 0.81800 
4.17545 0.81900 
4.18115 0.82000 
4.18686 0.82100 
4.19256 0.82200 
4.19827 0.82300 
4.20398 0.82400 
4.20968 0.82500 
4.21539 0.82600 
4.22109 0.82700 
4.22680 0.82800 
4.23250 0.82900 
4.23821 0.83000 
4.24391 0.83100 
4.24962 0.83200 
4.25532 0.83300 
4.26103 0.83400 
4.26673 0.83500 
4.27244 0.83600 
4.27814 0.83700 
4.28385 0.83800 
4.28956 0.83900 
4.29526 0.84000 
4.30097 0.84100 
4.30667 0.84200 
4.31238 0.84300 
4.31808 0.84400 
4.32379 0.84500 
4.32949 0.84600 
4.33520 0.84700 
4.34090 0.84800 
4.34661 0.84900 
4.35231 0.85000 
4.35802 0.85100 
4.36373 0.85200 
4.36943 0.85300 
4.37514 0.85400 
4.38084 0.85500 
4.38655 0.85600 
4.39225 0.85700 
4.39796 0.85800 
4.40366 0.85900 
4.40937 0.86000 
4.41507 0.86100 
4.42078 0.86200 
4.42649 0.86300 
4.43219 0.86400 
4.43790 0.86500 
4.44360 0.86600 
4.44931 0.86700 
4.45501 0.86800 
4.46072 0.86900 
4.46642 0.87000 
4.47213 0.87100 
4.47783 0.87200 
4.48354 0.87300 
4.48925 0.87400 
4.49495 0.87500 
4.50066 0.87600 
4.50636 0.87700 
4.51207 0.87800 
4.51777 0.87900 
4.52348 0.88000 
4.52918 0.88100 
4.53489 0.88200 
4.54059 0.88300 
4.54630 0.88400 
4.55201 0.88500 
4.55771 0.88600 
4.56342 0.88700 
4.56912 0.88800 
4.57483 0.88900 
4.58053 0.89000 
4.58624 0.89100 
4.59194 0.89200 
4.59765 0.89300 
4.60336 0.89400 
4.60906 0.89500 
4.61477 0.89600 
4.62047 0.89700 
4.62618 0.89800 
4.63188 0.89900 
4.63759 0.90000 
4.64329 0.90100 
4.64900 0.90200 
4.65471 0.90300 
4.66041 0.90400 
4.66612 0.90500 
4.67182 0.90600 
4.67753 0.90700 
4.68323 0.90800 
4.68894 0.90900 
4.69464 0.91000 
4.70035 0.91100 
4.70606 0.91200 
4.71176 0.91300 
4.71747 0.91400 
4.72317 0.91500 
4.72888 0.91600 
4.73458 0.91700 
4.74029 0.91800 
4.74599 0.91900 
4.75170 0.92000 
4.75741 0.92100 
4.76311 0.92200 
4.76882 0.92300 
4.77452 0.92400 
4.78023 0.92500 
4.78593 0.92600 
4.79164 0.92700 
4.79735 0.92800 
4.80305 0.92900 
4.80876 0.93000 
4.81446 0.93100 
4.82017 0.93200 
4.82587 0.93300 
4.83158 0.93400 
4.83728 0.93500 
4.84299 0.93600 
4.84870 0.93700 
4.85440 0.93800 
4.86011 0.93900 
4.86581 0.94000 
4.87152 0.94100 
4.87722 0.94200 
4.88293 0.94300 
4.88863 0.94400 
4.89434 0.94500 
4.90005 0.94600 
4.90575 0.94700 
4.91146 0.94800 
4.91716 0.94900 
4.92287 0.95000 
4.92857 0.95100 
4.93428 0.95200 
4.93999 0.95300 
4.94569 0.95400 
4.95140 0.95500 
4.95710 0.95600 
4.96281 0.95700 
4.96851 0.95800 
4.97422 0.95900 
4.97992 0.96000 
4.98563 0.96100 
4.99134 0.96200 
4.99704 0.96300 
5.00275 0.96400 
5.00845 0.96500 
5.01416 0.96600 
5.01986 0.96700 
5.02557 0.96800 
5.03128 0.96900 
5.03698 0.97000 
5.04269 0.97100 
5.04839 0.97200 
5.05410 0.97300 
5.05980 0.97400 
5.06551 0.97500 
5.07122 0.97600 
5.07692 0.97700 
5.08263 0.97800 
5.08833 0.97900 
5.09404 0.98000 
5.09974 0.98100 
5.10545 0.98200 
5.11115 0.98300 
5.11686 0.98400 
5.12257 0.98500 
5.12827 0.98600 
5.13398 0.98700 
5.13968 0.98800 
5.14539 0.98900 
5.15109 0.99000 
5.15680 0.99100 
5.16251 0.99200 
5.16821 0.99300 
5.17392 0.99400 
5.17962 0.99500 
5.18533 0.99600 
5.19103 0.99700 
5.19674 0.99800 
5.20245 0.99900 
5.20815 1.00000 
5.21386 1.00100 
5.21956 1.00200 
5.22527 1.00300 
5.23097 1.00400 
5.23668 1.00500 
5.24239 1.00600 
5.24809 1.00700 
5.25380 1.00800 
5.25950 1.00900 
5.26521 1.01000 
5.27091 1.01100 
5.27662 1.01200 
5.28233 1.01300 
5.28803 1.01400 
5.29374 1.01500 
5.29944 1.01600 
5.30515 1.01700 
5.31085 1.01800 
5.31656 1.01900 
5.32226 1.02000 
5.32797 1.02100 
5.33368 1.02200 
5.33938 1.02300 
5.34509 1.02400 
5.35079 1.02500 
5.35650 1.02600 
5.36220 1.02700 
5.36791 1.02800 
5.37362 1.02900 
5.37932 1.03000 
5.38503 1.03100 
5.39073 1.03200 
5.39644 1.03300 
5.40214 1.03400 
5.40785 1.03500 
5.41356 1.03600 
5.41926 1.03700 
5.42497 1.03800 
5.43067 1.03900 
5.43638 1.04000 
5.44208 1.04100 
5.44779 1.04200 
5.45350 1.04300 
5.45920 1.04400 
5.46491 1.04500 
5.47061 1.04600 
5.47632 1.04700 
5.48202 1.04800 
5.48773 1.04900 
5.49344 1.05000 
5.49914 1.05100 
5.50485 1.05200 
5.51055 1.05300 
5.51626 1.05400 
5.52196 1.05500 
5.52767 1.05600 
5.53338 1.05700 
5.53908 1.05800 
5.54479 1.05900 
5.55049 1.06000 
5.55620 1.06100 
5.56190 1.06200 
5.56761 1.06300 
5.57332 1.06400 
5.57902 1.06500 
5.58473 1.06600 
5.59043 1.06700 
5.59614 1.06800 
5.60184 1.06900 
5.60755 1.07000 
5.61326 1.07100 
5.61896 1.07200 
5.62467 1.07300 
5.63037 1.07400 
5.63608 1.07500 
5.64178 1.07600 
5.64749 1.07700 
5.65320 1.07800 
5.65890 1.07900 
5.66461 1.08000 
5.67031 1.08100 
5.67602 1.08200 
5.68172 1.08300 
5.68743 1.08400 
5.69314 1.08500 
5.69884 1.08600 
5.70455 1.08700 
5.71025 1.08800 
5.71596 1.08900 
5.72166 1.09000 
5.72737 1.09100 
5.73308 1.09200 
5.73878 1.09300 
5.74449 1.09400 
5.75019 1.09500 
5.75590 1.09600 
5.76160 1.09700 
5.76731 1.09800 
5.77302 1.09900 
5.77872 1.10000 
5.78443 1.10100 
5.79013 1.10200 
5.79584 1.10300 
5.80154 1.10400 
5.80725 1.10500 
5.81296 1.10600 
5.81866 1.10700 
5.82437 1.10800 
5.83007 1.10900 
5.83578 1.11000 
5.84148 1.11100 
5.84719 1.11200 
5.85290 1.11300 
5.85860 1.11400 
5.86431 1.11500 
5.87001 1.11600 
5.87572 1.11700 
5.88142 1.11800 
5.88713 1.11900 
5.89284 1.12000 
5.89854 1.12100 
5.90425 1.12200 
5.90995 1.12300 
5.91566 1.12400 
5.92136 1.12500 
5.92707 1.12600 
5.93278 1.12700 
5.93848 1.12800 
5.94419 1.12900 
5.94989 1.13000 
5.95560 1.13100 
5.96130 1.13200 
5.96701 1.13300 
5.97272 1.13400 
5.97842 1.13500 
5.98413 1.13600 
5.98983 1.13700 
5.99554 1.13800 
6.00124 1.13900 
6.00695 1.14000 
6.01266 1.14100 
6.01836 1.14200 
6.02407 1.14300 
6.02977 1.14400 
6.03548 1.14500 
6.04118 1.14600 
6.04689 1.14700 
6.05260 1.14800 
6.05830 1.14900 
6.06401 1.15000 
6.06971 1.15100 
6.07542 1.15200 
6.08112 1.15300 
6.08683 1.15400 
6.09254 1.15500 
6.09824 1.15600 
6.10395 1.15700 
6.10965 1.15800 
6.11536 1.15900 
6.12106 1.16000 
6.12677 1.16100 
6.13248 1.16200 
6.13818 1.16300 
6.14389 1.16400 
6.14959 1.16500 
6.15530 1.16600 
6.16100 1.16700 
6.16671 1.16800 
6.17242 1.16900 
6.17812 1.17000 
6.18383 1.17100 
6.18953 1.17200 
6.19524 1.17300 
6.20094 1.17400 
6.20665 1.17500 
6.21236 1.17600 
6.21806 1.17700 
6.22377 1.17800 
6.22947 1.17900 
6.23518 1.18000 
6.24088 1.18100 
6.24659 1.18200 
6.25230 1.18300 
6.25800 1.18400 
6.26371 1.18500 
6.26941 1.18600 
6.27512 1.18700 
6.28082 1.18800 
6.28653 1.18900 
6.29224 1.19000 
6.29794 1.19100 
6.30365 1.19200 
6.30935 1.19300 
6.31506 1.19400 
6.32076 1.19500 
6.32647 1.19600 
6.33218 1.19700 
6.33788 1.19800 
6.34359 1.19900 
6.34929 1.20000 
6.35500 1.20100 
6.36070 1.20200 
6.36641 1.20300 
6.37212 1.20400 
6.37782 1.20500 
6.38353 1.20600 
6.38923 1.20700 
6.39494 1.20800 
6.40064 1.20900 
6.40635 1.21000 
6.41206 1.21100 
6.41776 1.21200 
6.42347 1.21300 
6.42917 1.21400 
6.43488 1.21500 
6.44058 1.21600 
6.44629 1.21700 
6.45200 1.21800 
6.45770 1.21900 
6.46341 1.22000 
6.46911 1.22100 
6.47482 1.22200 
6.48052 1.22300 
6.48623 1.22400 
6.49194 1.22500 
6.49764 1.22600 
6.50335 1.22700 
6.50905 1.22800 
6.51476 1.22900 
6.52046 1.23000 
6.52617 1.23100 
6.53188 1.23200 
6.53758 1.23300 
6.54329 1.23400 
6.54899 1.23500 
6.55470 1.23600 
6.56040 1.23700 
6.56611 1.23800 
6.57182 1.23900 
6.57752 1.24000 
6.58323 1.24100 
6.58893 1.24200 
6.59464 1.24300 
6.60034 1.24400 
6.60605 1.24500 
6.61176 1.24600 
6.61746 1.24700 
6.62317 1.24800 
6.62887 1.24900 
6.63458 1.25000 
6.64029 1.25100 
6.64599 1.25200 
6.65170 1.25300 
6.65740 1.25400 
6.66311 1.25500 
6.66881 1.25600 
6.67452 1.25700 
6.68023 1.25800 
6.68593 1.25900 
6.69164 1.26000 
6.69734 1.26100 
6.70305 1.26200 
6.70875 1.26300 
6.71446 1.26400 
6.72017 1.26500 
6.72587 1.26600 
6.73158 1.26700 
6.73728 1.26800 
6.74299 1.26900 
6.74869 1.27000 
6.75440 1.27100 
6.76011 1.27200 
6.76581 1.27300 
6.77152 1.27400 
6.77722 1.27500 
6.78293 1.27600 
6.78863 1.27700 
6.79434 1.27800 
6.80005 1.27900 
6.80575 1.28000 
6.81146 1.28100 
6.81716 1.28200 
6.82287 1.28300 
6.82857 1.28400 
6.83428 1.28500 
6.83999 1.28600 
6.84569 1.28700 
6.85140 1.28800 
6.85710 1.28900 
6.86281 1.29000 
6.86851 1.29100 
6.87422 1.29200 
6.87993 1.29300 
6.88563 1.29400 
6.89134 1.29500 
6.89704 1.29600 
6.90275 1.29700 
6.90845 1.29800 
6.91416 1.29900 
6.91987 1.30000 
6.92557 1.30100 
6.93128 1.30200 
6.93698 1.30300 
6.94269 1.30400 
6.94839 1.30500 
6.95410 1.30600 
6.95981 1.30700 
6.96551 1.30800 
6.97122 1.30900 
6.97692 1.31000 
6.98263 1.31100 
6.98833 1.31200 
6.99404 1.31300 
6.99975 1.31400 
7.00545 1.31500 
7.01116 1.31600 
7.01686 1.31700 
7.02257 1.31800 
7.02827 1.31900 
7.03398 1.32000 
7.03969 1.32100 
7.04539 1.32200 
7.05110 1.32300 
7.05680 1.32400 
7.06251 1.32500 
7.06821 1.32600 
7.07392 1.32700 
7.07963 1.32800 
7.08533 1.32900 
7.09104 1.33000 
7.09674 1.33100 
7.10245 1.33200 
7.10815 1.33300 
7.11386 1.33400 
7.11957 1.33500 
7.12527 1.33600 
7.13098 1.33700 
7.13668 1.33800 
7.14239 1.33900 
7.14810 1.34000 
7.15380 1.34100 
7.15951 1.34200 
7.16521 1.34300 
7.17092 1.34400 
7.17662 1.34500 
7.18233 1.34600 
7.18804 1.34700 
7.19374 1.34800 
7.19945 1.34900 
7.20515 1.35000 
7.21086 1.35100 
7.21656 1.35200 
7.22227 1.35300 
7.22798 1.35400 
7.23368 1.35500 
7.23939 1.35600 
7.24509 1.35700 
7.25080 1.35800 
7.25650 1.35900 
7.26221 1.36000 
7.26792 1.36100 
7.27362 1.36200 
7.27933 1.36300 
7.28503 1.36400 
7.29074 1.36500 
7.29644 1.36600 
7.30215 1.36700 
7.30786 1.36800 
7.31356 1.36900 
7.31927 1.37000 
7.32497 1.37100 
7.33068 1.37200 
7.33638 1.37300 
7.34209 1.37400 
7.34780 1.37500 
7.35350 1.37600 
7.35921 1.37700 
7.36491 1.37800 
7.37062 1.37900 
7.37632 1.38000 
7.38203 1.38100 
7.38774 1.38200 
7.39344 1.38300 
7.39915 1.38400 
7.40485 1.38500 
7.41056 1.38600 
7.41626 1.38700 
7.42197 1.38800 
7.42768 1.38900 
7.43338 1.39000 
7.43909 1.39100 
7.44479 1.39200 
7.45050 1.39300 
7.45620 1.39400 
7.46191 1.39500 
7.46762 1.39600 
7.47332 1.39700 
7.47903 1.39800 
7.48473 1.39900 
7.49044 1.40000 
7.49614 1.40100 
7.50185 1.40200 
7.50756 1.40300 
7.51326 1.40400 
7.51897 1.40500 
7.52467 1.40600 
7.53038 1.40700 
7.53608 1.40800 
7.54179 1.40900 
7.54750 1.41000 
7.55320 1.41100 
7.55891 1.41200 
7.56461 1.41300 
7.57032 1.41400 
7.57602 1.41500 
7.58173 1.41600 
7.58744 1.41700 
7.59314 1.41800 
7.59885 1.41900 
7.60455 1.42000 
7.61026 1.42100 
7.61596 1.42200 
7.62167 1.42300 
7.62738 1.42400 
7.63308 1.42500 
7.63879 1.42600 
7.64449 1.42700 
7.65020 1.42800 
7.65591 1.42900 
7.66161 1.43000 
7.66732 1.43100 
7.67302 1.43200 
7.67873 1.43300 
7.68443 1.43400 
7.69014 1.43500 
7.69585 1.43600 
7.70155 1.43700 
7.70726 1.43800 
7.71296 1.43900 
7.71867 1.44000 
7.72437 1.44100 
7.73008 1.44200 
7.73579 1.44300 
7.74149 1.44400 
7.74720 1.44500 
7.75290 1.44600 
7.75861 1.44700 
7.76431 1.44800 
7.77002 1.44900 
7.77573 1.45000 
7.78143 1.45100 
7.78714 1.45200 
7.79284 1.45300 
7.79855 1.45400 
7.80425 1.45500 
7.80996 1.45600 
7.81567 1.45700 
7.82137 1.45800 
7.82708 1.45900 
7.83278 1.46000 
7.83849 1.46100 
7.84419 1.46200 
7.84990 1.46300 
7.85561 1.46400 
7.86131 1.46500 
7.86702 1.46600 
7.87272 1.46700 
7.87843 1.46800 
7.88413 1.46900 
7.88984 1.47000 
7.89555 1.47100 
7.90125 1.47200 
7.90696 1.47300 
7.91266 1.47400 
7.91837 1.47500 
7.92407 1.47600 
7.92978 1.47700 
7.93549 1.47800 
7.94119 1.47900 
7.94690 1.48000 
7.95260 1.48100 
7.95831 1.48200 
7.96401 1.48300 
7.96972 1.48400 
7.97543 1.48500 
7.98113 1.48600 
7.98684 1.48700 
7.99254 1.48800 
7.99825 1.48900 
8.00395 1.49000 
8.00966 1.49100 
8.01537 1.49200 
8.02107 1.49300 
8.02678 1.49400 
8.03248 1.49500 
8.03819 1.49600 
8.04389 1.49700 
8.04960 1.49800 
8.05531 1.49900 
8.06101 1.50000 
8.06672 1.50100 
8.07242 1.50200 
8.07813 1.50300 
8.08383 1.50400 
8.08954 1.50500 
8.09525 1.50600 
8.10095 1.50700 
8.10666 1.50800 
8.11236 1.50900 
8.11807 1.51000 
8.12378 1.51100 
8.12948 1.51200 
8.13519 1.51300 
8.14089 1.51400 
8.14660 1.51500 
8.15230 1.51600 
8.15801 1.51700 
8.16372 1.51800 
8.16942 1.51900 
8.17513 1.52000 
8.18083 1.52100 
8.18654 1.52200 
8.19224 1.52300 
8.19795 1.52400 
8.20366 1.52500 
8.20936 1.52600 
8.21507 1.52700 
8.22077 1.52800 
8.22648 1.52900 
8.23218 1.53000 
8.23789 1.53100 
8.24360 1.53200 
8.24930 1.53300 
8.25501 1.53400 
8.26071 1.53500 
8.26642 1.53600 
8.27212 1.53700 
8.27783 1.53800 
8.28354 1.53900 
8.28924 1.54000 
8.29495 1.54100 
8.30065 1.54200 
8.30636 1.54300 
8.31206 1.54400 
8.31777 1.54500 
8.32348 1.54600 
8.32918 1.54700 
8.33489 1.54800 
8.34059 1.54900 
8.34630 1.55000 
8.35200 1.55100 
8.35771 1.55200 
8.36342 1.55300 
8.36912 1.55400 
8.37483 1.55500 
8.38053 1.55600 
8.38624 1.55700 
8.39194 1.55800 
8.39765 1.55900 
8.40336 1.56000 
8.40906 1.56100 
8.41477 1.56200 
8.42047 1.56300 
8.42618 1.56400 
8.43188 1.56500 
8.43759 1.56600 
8.44330 1.56700 
8.44900 1.56800 
8.45471 1.56900 
8.46041 1.57000 
8.46612 1.57100 
8.47182 1.57200 
8.47753 1.57300 
8.48324 1.57400 
8.48894 1.57500 
8.49465 1.57600 
8.50035 1.57700 
8.50606 1.57800 
8.51176 1.57900 
8.51747 1.58000 
8.52318 1.58100 
8.52888 1.58200 
8.53459 1.58300 
8.54029 1.58400 
8.54600 1.58500 
8.55170 1.58600 
8.55741 1.58700 
8.56312 1.58800 
8.56882 1.58900 
8.57453 1.59000 
8.58023 1.59100 
8.58594 1.59200 
8.59165 1.59300 
8.59735 1.59400 
8.60306 1.59500 
8.60876 1.59600 
8.61447 1.59700 
8.62017 1.59800 
8.62588 1.59900 
8.63159 1.60000 
8.63729 1.60100 
8.64300 1.60200 
8.64870 1.60300 
8.65441 1.60400 
8.66011 1.60500 
8.66582 1.60600 
8.67153 1.60700 
8.67723 1.60800 
8.68294 1.60900 
8.68864 1.61000 
8.69435 1.61100 
8.70005 1.61200 
8.70576 1.61300 
8.71147 1.61400 
8.71717 1.61500 
8.72288 1.61600 
8.72858 1.61700 
8.73429 1.61800 
8.73999 1.61900 
8.74570 1.62000 
8.75141 1.62100 
8.75711 1.62200 
8.76282 1.62300 
8.76852 1.62400 
8.77423 1.62500 
8.77993 1.62600 
8.78564 1.62700 
8.79135 1.62800 
8.79705 1.62900 
8.80276 1.63000 
8.80846 1.63100 
8.81417 1.63200 
8.81987 1.63300 
8.82558 1.63400 
8.83129 1.63500 
8.83699 1.63600 
8.84270 1.63700 
8.84840 1.63800 
8.85411 1.63900 
8.85981 1.64000 
8.86552 1.64100 
8.87123 1.64200 
8.87693 1.64300 
8.88264 1.64400 
8.88834 1.64500 
8.89405 1.64600 
8.89975 1.64700 
8.90546 1.64800 
8.91117 1.64900 
8.91687 1.65000 
8.92258 1.65100 
8.92828 1.65200 
8.93399 1.65300 
8.93969 1.65400 
8.94540 1.65500 
8.95111 1.65600 
8.95681 1.65700 
8.96252 1.65800 
8.96822 1.65900 
8.97393 1.66000 
8.97963 1.66100 
8.98534 1.66200 
8.99105 1.66300 
8.99675 1.66400 
9.00246 1.66500 
9.00816 1.66600 
9.01387 1.66700 
9.01957 1.66800 
9.02528 1.66900 
9.03099 1.67000 
9.03669 1.67100 
9.04240 1.67200 
9.04810 1.67300 
9.05381 1.67400 
9.05951 1.67500 
9.06522 1.67600 
9.07093 1.67700 
9.07663 1.67800 
9.08234 1.67900 
9.08804 1.68000 
9.09375 1.68100 
9.09946 1.68200 
9.10516 1.68300 
9.11087 1.68400 
9.11657 1.68500 
9.12228 1.68600 
9.12798 1.68700 
9.13369 1.68800 
9.13940 1.68900 
9.14510 1.69000 
9.15081 1.69100 
9.15651 1.69200 
9.16222 1.69300 
9.16792 1.69400 
9.17363 1.69500 
9.17934 1.69600 
9.18504 1.69700 
9.19075 1.69800 
9.19645 1.69900 
9.20216 1.70000 
9.20786 1.70100 
9.21357 1.70200 
9.21928 1.70300 
9.22498 1.70400 
9.23069 1.70500 
9.23639 1.70600 
9.24210 1.70700 
9.24780 1.70800 
9.25351 1.70900 
9.25922 1.71000 
9.26492 1.71100 
9.27063 1.71200 
9.27633 1.71300 
9.28204 1.71400 
9.28774 1.71500 
9.29345 1.71600 
9.29916 1.71700 
9.30486 1.71800 
9.31057 1.71900 
9.31627 1.72000 
9.32198 1.72100 
9.32768 1.72200 
9.33339 1.72300 
9.33910 1.72400 
9.34480 1.72500 
9.35051 1.72600 
9.35621 1.72700 
9.36192 1.72800 
9.36762 1.72900 
9.37333 1.73000 
9.37904 1.73100 
9.38474 1.73200 
9.39045 1.73300 
9.39615 1.73400 
9.40186 1.73500 
9.40756 1.73600 
9.41327 1.73700 
9.41898 1.73800 
9.42468 1.73900 
9.43039 1.74000 
9.43609 1.74100 
9.44180 1.74200 
9.44750 1.74300 
9.45321 1.74400 
9.45892 1.74500 
9.46462 1.74600 
9.47033 1.74700 
9.47603 1.74800 
9.48174 1.74900 
9.48744 1.75000 
9.49315 1.75100 
9.49886 1.75200 
9.50456 1.75300 
9.51027 1.75400 
9.51597 1.75500 
9.52168 1.75600 
9.52738 1.75700 
9.53309 1.75800 
9.53880 1.75900 
9.54450 1.76000 
9.55021 1.76100 
9.55591 1.76200 
9.56162 1.76300 
9.56733 1.76400 
9.57303 1.76500 
9.57874 1.76600 
9.58444 1.76700 
9.59015 1.76800 
9.59585 1.76900 
9.60156 1.77000 
9.60727 1.77100 
9.61297 1.77200 
9.61868 1.77300 
9.62438 1.77400 
9.63009 1.77500 
9.63579 1.77600 
9.64150 1.77700 
9.64721 1.77800 
9.65291 1.77900 
9.65862 1.78000 
9.66432 1.78100 
9.67003 1.78200 
9.67573 1.78300 
9.68144 1.78400 
9.68715 1.78500 
9.69285 1.78600 
9.69856 1.78700 
9.70426 1.78800 
9.70997 1.78900 
9.71567 1.79000 
9.72138 1.79100 
9.72709 1.79200 
9.73279 1.79300 
9.73850 1.79400 
9.74420 1.79500 
9.74991 1.79600 
9.75561 1.79700 
9.76132 1.79800 
9.76703 1.79900 
9.77273 1.80000 
9.77844 1.80100 
9.78414 1.80200 
9.78985 1.80300 
9.79555 1.80400 
9.80126 1.80500 
9.80697 1.80600 
9.81267 1.80700 
9.81838 1.80800 
9.82408 1.80900 
9.82979 1.81000 
9.83549 1.81100 
9.84120 1.81200 
9.84691 1.81300 
9.85261 1.81400 
9.85832 1.81500 
9.86402 1.81600 
9.86973 1.81700 
9.87543 1.81800 
9.88114 1.81900 
9.88685 1.82000 
9.89255 1.82100 
9.89826 1.82200 
9.90396 1.82300 
9.90967 1.82400 
9.91537 1.82500 
9.92108 1.82600 
9.92679 1.82700 
9.93249 1.82800 
9.93820 1.82900 
9.94390 1.83000 
9.94961 1.83100 
9.95531 1.83200 
9.96102 1.83300 
9.96673 1.83400 
9.97243 1.83500 
9.97814 1.83600 
9.98384 1.83700 
9.98955 1.83800 
9.99525 1.83900 
10.00096 1.84000 
10.00667 1.84100 
10.01237 1.84200 
10.01808 1.84300 
10.02378 1.84400 
10.02949 1.84500 
10.03520 1.84600 
10.04090 1.84700 
10.04661 1.84800 
10.05231 1.84900 
10.05802 1.85000 
10.06372 1.85100 
10.06943 1.85200 
10.07514 1.85300 
10.08084 1.85400 
10.08655 1.85500 
10.09225 1.85600 
10.09796 1.85700 
10.10366 1.85800 
10.10937 1.85900 
10.11508 1.86000 
10.12078 1.86100 
10.12649 1.86200 
10.13219 1.86300 
10.13790 1.86400 
10.14360 1.86500 
10.14931 1.86600 
10.15502 1.86700 
10.16072 1.86800 
10.16643 1.86900 
10.17213 1.87000 
10.17784 1.87100 
10.18354 1.87200 
10.18925 1.87300 
10.19496 1.87400 
10.20066 1.87500 
10.20637 1.87600 
10.21207 1.87700 
10.21778 1.87800 
10.22348 1.87900 
10.22919 1.88000 
10.23490 1.88100 
10.24060 1.88200 
10.24631 1.88300 
10.25201 1.88400 
10.25772 1.88500 
10.26342 1.88600 
10.26913 1.88700 
10.27484 1.88800 
10.28054 1.88900 
10.28625 1.89000 
10.29195 1.89100 
10.29766 1.89200 
10.30336 1.89300 
10.30907 1.89400 
10.31478 1.89500 
10.32048 1.89600 
10.32619 1.89700 
10.33189 1.89800 
10.33760 1.89900 
10.34330 1.90000 
10.34901 1.90100 
10.35472 1.90200 
10.36042 1.90300 
10.36613 1.90400 
10.37183 1.90500 
10.37754 1.90600 
10.38324 1.90700 
10.38895 1.90800 
10.39466 1.90900 
10.40036 1.91000 
10.40607 1.91100 
10.41177 1.91200 
10.41748 1.91300 
10.42318 1.91400 
10.42889 1.91500 
10.43460 1.91600 
10.44030 1.91700 
10.44601 1.91800 
10.45171 1.91900 
10.45742 1.92000 
10.46312 1.92100 
10.46883 1.92200 
10.47454 1.92300 
10.48024 1.92400 
10.48595 1.92500 
10.49165 1.92600 
10.49736 1.92700 
10.50307 1.92800 
10.50877 1.92900 
10.51448 1.93000 
10.52018 1.93100 
10.52589 1.93200 
10.53159 1.93300 
10.53730 1.93400 
10.54301 1.93500 
10.54871 1.93600 
10.55442 1.93700 
10.56012 1.93800 
10.56583 1.93900 
10.57153 1.94000 
10.57724 1.94100 
10.58295 1.94200 
10.58865 1.94300 
10.59436 1.94400 
10.60006 1.94500 
10.60577 1.94600 
10.61147 1.94700 
10.61718 1.94800 
10.62289 1.94900 
10.62859 1.95000 
10.63430 1.95100 
10.64000 1.95200 
10.64571 1.95300 
10.65141 1.95400 
10.65712 1.95500 
10.66283 1.95600 
10.66853 1.95700 
10.67424 1.95800 
10.67994 1.95900 
10.68565 1.96000 
10.69135 1.96100 
10.69706 1.96200 
10.70277 1.96300 
10.70847 1.96400 
10.71418 1.96500 
10.71988 1.96600 
10.72559 1.96700 
10.73129 1.96800 
10.73700 1.96900 
10.74271 1.97000 
10.74841 1.97100 
10.75412 1.97200 
10.75982 1.97300 
10.76553 1.97400 
10.77123 1.97500 
10.77694 1.97600 
10.78265 1.97700 
10.78835 1.97800 
10.79406 1.97900 
10.79976 1.98000 
10.80547 1.98100 
10.81117 1.98200 
10.81688 1.98300 
10.82259 1.98400 
10.82829 1.98500 
10.83400 1.98600 
10.83970 1.98700 
10.84541 1.98800 
10.85111 1.98900 
10.85682 1.99000 
10.86253 1.99100 
10.86823 1.99200 
10.87394 1.99300 
10.87964 1.99400 
10.88535 1.99500 
10.89105 1.99600 
10.89676 1.99700 
10.90247 1.99800 
10.90817 1.99900 
10.91388 2.00000 
10.91958 2.00100 
10.92529 2.00200 
10.93099 2.00300 
10.93670 2.00400 
10.94241 2.00500 
10.94811 2.00600 
10.95382 2.00700 
10.95952 2.00800 
10.96523 2.00900 
10.97094 2.01000 
10.97664 2.01100 
10.98235 2.01200 
10.98805 2.01300 
10.99376 2.01400 
10.99946 2.01500 
11.00517 2.01600 
11.01088 2.01700 
11.01658 2.01800 
11.02229 2.01900 
11.02799 2.02000 
11.03370 2.02100 
11.03940 2.02200 
11.04511 2.02300 
11.05082 2.02400 
11.05652 2.02500 
11.06223 2.02600 
11.06793 2.02700 
11.07364 2.02800 
11.07934 2.02900 
11.08505 2.03000 
11.09076 2.03100 
11.09646 2.03200 
11.10217 2.03300 
11.10787 2.03400 
11.11358 2.03500 
11.11928 2.03600 
11.12499 2.03700 
11.13070 2.03800 
11.13640 2.03900 
11.14211 2.04000 
11.14781 2.04100 
11.15352 2.04200 
11.15922 2.04300 
11.16493 2.04400 
11.17064 2.04500 
11.17634 2.04600 
11.18205 2.04700 
11.18775 2.04800 
11.19346 2.04900 
11.19916 2.05000 
11.20487 2.05100 
11.21058 2.05200 
11.21628 2.05300 
11.22199 2.05400 
11.22769 2.05500 
11.23340 2.05600 
11.23910 2.05700 
11.24481 2.05800 
11.25052 2.05900 
11.25622 2.06000 
11.26193 2.06100 
11.26763 2.06200 
11.27334 2.06300 
11.27904 2.06400 
11.28475 2.06500 
11.29046 2.06600 
11.29616 2.06700 
11.30187 2.06800 
11.30757 2.06900 
11.31328 2.07000 
11.31898 2.07100 
11.32469 2.07200 
11.33040 2.07300 
11.33610 2.07400 
11.34181 2.07500 
11.34751 2.07600 
11.35322 2.07700 
11.35892 2.07800 
11.36463 2.07900 
11.37034 2.08000 
11.37604 2.08100 
11.38175 2.08200 
11.38745 2.08300 
11.39316 2.08400 
11.39886 2.08500 
11.40457 2.08600 
11.41028 2.08700 
11.41598 2.08800 
11.42169 2.08900 
11.42739 2.09000 
11.43310 2.09100 
11.43881 2.09200 
11.44451 2.09300 
11.45022 2.09400 
11.45592 2.09500 
11.46163 2.09600 
11.46733 2.09700 
11.47304 2.09800 
11.47875 2.09900 
11.48445 2.10000 
11.49016 2.10100 
11.49586 2.10200 
11.50157 2.10300 
11.50727 2.10400 
11.51298 2.10500 
11.51869 2.10600 
11.52439 2.10700 
11.53010 2.10800 
11.53580 2.10900 
11.54151 2.11000 
11.54721 2.11100 
11.55292 2.11200 
11.55863 2.11300 
11.56433 2.11400 
11.57004 2.11500 
11.57574 2.11600 
11.58145 2.11700 
11.58715 2.11800 
11.59286 2.11900 
11.59857 2.12000 
11.60427 2.12100 
11.60998 2.12200 
11.61568 2.12300 
11.62139 2.12400 
11.62709 2.12500 
11.63280 2.12600 
11.63851 2.12700 
11.64421 2.12800 
11.64992 2.12900 
11.65562 2.13000 
11.66133 2.13100 
11.66703 2.13200 
11.67274 2.13300 
11.67845 2.13400 
11.68415 2.13500 
11.68986 2.13600 
11.69556 2.13700 
11.70127 2.13800 
11.70697 2.13900 
11.71268 2.14000 
11.71839 2.14100 
11.72409 2.14200 
11.72980 2.14300 
11.73550 2.14400 
11.74121 2.14500 
11.74691 2.14600 
11.75262 2.14700 
11.75833 2.14800 
11.76403 2.14900 
11.76974 2.15000 
11.77544 2.15100 
11.78115 2.15200 
11.78685 2.15300 
11.79256 2.15400 
11.79827 2.15500 
11.80397 2.15600 
11.80968 2.15700 
11.81538 2.15800 
11.82109 2.15900 
11.82679 2.16000 
11.83250 2.16100 
11.83821 2.16200 
11.84391 2.16300 
11.84962 2.16400 
11.85532 2.16500 
11.86103 2.16600 
11.86673 2.16700 
11.87244 2.16800 
11.87815 2.16900 
11.88385 2.17000 
11.88956 2.17100 
11.89526 2.17200 
11.90097 2.17300 
11.90668 2.17400 
11.91238 2.17500 
11.91809 2.17600 
11.92379 2.17700 
11.92950 2.17800 
11.93520 2.17900 
11.94091 2.18000 
11.94662 2.18100 
11.95232 2.18200 
11.95803 2.18300 
11.96373 2.18400 
11.96944 2.18500 
11.97514 2.18600 
11.98085 2.18700 
11.98656 2.18800 
11.99226 2.18900 
11.99797 2.19000 
12.00367 2.19100 
12.00938 2.19200 
12.01508 2.19300 
12.02079 2.19400 
12.02650 2.19500 
12.03220 2.19600 
12.03791 2.19700 
12.04361 2.19800 
12.04932 2.19900 
12.05502 2.20000 
12.06073 2.20100 
12.06644 2.20200 
12.07214 2.20300 
12.07785 2.20400 
12.08355 2.20500 
12.08926 2.20600 
12.09496 2.20700 
12.10067 2.20800 
12.10638 2.20900 
12.11208 2.21000 
12.11779 2.21100 
12.12349 2.21200 
12.12920 2.21300 
12.13490 2.21400 
12.14061 2.21500 
12.14632 2.21600 
12.15202 2.21700 
12.15773 2.21800 
12.16343 2.21900 
12.16914 2.22000 
12.17484 2.22100 
12.18055 2.22200 
12.18626 2.22300 
12.19196 2.22400 
12.19767 2.22500 
12.20337 2.22600 
12.20908 2.22700 
12.21478 2.22800 
12.22049 2.22900 
12.22620 2.23000 
12.23190 2.23100 
12.23761 2.23200 
12.24331 2.23300 
12.24902 2.23400 
12.25472 2.23500 
12.26043 2.23600 
12.26614 2.23700 
12.27184 2.23800 
12.27755 2.23900 
12.28325 2.24000 
12.28896 2.24100 
12.29466 2.24200 
12.30037 2.24300 
12.30608 2.24400 
12.31178 2.24500 
12.31749 2.24600 
12.32319 2.24700 
12.32890 2.24800 
12.33460 2.24900 
12.34031 2.25000 
12.34602 2.25100 
12.35172 2.25200 
12.35743 2.25300 
12.36313 2.25400 
12.36884 2.25500 
12.37455 2.25600 
12.38025 2.25700 
12.38596 2.25800 
12.39166 2.25900 
12.39737 2.26000 
12.40307 2.26100 
12.40878 2.26200 
12.41449 2.26300 
12.42019 2.26400 
12.42590 2.26500 
12.43160 2.26600 
12.43731 2.26700 
12.44301 2.26800 
12.44872 2.26900 
12.45443 2.27000 
12.46013 2.27100 
12.46584 2.27200 
12.47154 2.27300 
12.47725 2.27400 
12.48295 2.27500 
12.48866 2.27600 
12.49437 2.27700 
12.50007 2.27800 
12.50578 2.27900 
12.51148 2.28000 
12.51719 2.28100 
12.52289 2.28200 
12.52860 2.28300 
12.53431 2.28400 
12.54001 2.28500 
12.54572 2.28600 
12.55142 2.28700 
12.55713 2.28800 
12.56283 2.28900 
12.56854 2.29000 
12.57425 2.29100 
12.57995 2.29200 
12.58566 2.29300 
12.59136 2.29400 
12.59707 2.29500 
12.60277 2.29600 
12.60848 2.29700 
12.61419 2.29800 
12.61989 2.29900 
12.62560 2.30000 
12.63130 2.30100 
12.63701 2.30200 
12.64271 2.30300 
12.64842 2.30400 
12.65413 2.30500 
12.65983 2.30600 
12.66554 2.30700 
12.67124 2.30800 
12.67695 2.30900 
12.68265 2.31000 
12.68836 2.31100 
12.69407 2.31200 
12.69977 2.31300 
12.70548 2.31400 
12.71118 2.31500 
12.71689 2.31600 
12.72259 2.31700 
12.72830 2.31800 
12.73401 2.31900 
12.73971 2.32000 
12.74542 2.32100 
12.75112 2.32200 
12.75683 2.32300 
12.76253 2.32400 
12.76824 2.32500 
12.77395 2.32600 
12.77965 2.32700 
12.78536 2.32800 
12.79106 2.32900 
12.79677 2.33000 
12.80247 2.33100 
12.80818 2.33200 
12.81389 2.33300 
12.81959 2.33400 
12.82530 2.33500 
12.83100 2.33600 
12.83671 2.33700 
12.84242 2.33800 
12.84812 2.33900 
12.85383 2.34000 
12.85953 2.34100 
12.86524 2.34200 
12.87094 2.34300 
12.87665 2.34400 
12.88236 2.34500 
12.88806 2.34600 
12.89377 2.34700 
12.89947 2.34800 
12.90518 2.34900 
12.91088 2.35000 
12.91659 2.35100 
12.92230 2.35200 
12.92800 2.35300 
12.93371 2.35400 
12.93941 2.35500 
12.94512 2.35600 
12.95082 2.35700 
12.95653 2.35800 
12.96224 2.35900 
12.96794 2.36000 
12.97365 2.36100 
12.97935 2.36200 
12.98506 2.36300 
12.99076 2.36400 
12.99647 2.36500 
13.00218 2.36600 
13.00788 2.36700 
13.01359 2.36800 
13.01929 2.36900 
13.02500 2.37000 
13.03070 2.37100 
13.03641 2.37200 
13.04212 2.37300 
13.04782 2.37400 
13.05353 2.37500 
13.05923 2.37600 
13.06494 2.37700 
13.07064 2.37800 
13.07635 2.37900 
13.08206 2.38000 
13.08776 2.38100 
13.09347 2.38200 
13.09917 2.38300 
13.10488 2.38400 
13.11058 2.38500 
13.11629 2.38600 
13.12200 2.38700 
13.12770 2.38800 
13.13341 2.38900 
13.13911 2.39000 
13.14482 2.39100 
13.15052 2.39200 
13.15623 2.39300 
13.16194 2.39400 
13.16764 2.39500 
13.17335 2.39600 
13.17905 2.39700 
13.18476 2.39800 
13.19046 2.39900 
13.19617 2.40000 
13.20188 2.40100 
13.20758 2.40200 
13.21329 2.40300 
13.21899 2.40400 
13.22470 2.40500 
13.23040 2.40600 
13.23611 2.40700 
13.24182 2.40800 
13.24752 2.40900 
13.25323 2.41000 
13.25893 2.41100 
13.26464 2.41200 
13.27034 2.41300 
13.27605 2.41400 
13.28176 2.41500 
13.28746 2.41600 
13.29317 2.41700 
13.29887 2.41800 
13.30458 2.41900 
13.31029 2.42000 
13.31599 2.42100 
13.32170 2.42200 
13.32740 2.42300 
13.33311 2.42400 
13.33881 2.42500 
13.34452 2.42600 
13.35023 2.42700 
13.35593 2.42800 
13.36164 2.42900 
13.36734 2.43000 
13.37305 2.43100 
13.37875 2.43200 
13.38446 2.43300 
13.39017 2.43400 
13.39587 2.43500 
13.40158 2.43600 
13.40728 2.43700 
13.41299 2.43800 
13.41869 2.43900 
13.42440 2.44000 
13.43011 2.44100 
13.43581 2.44200 
13.44152 2.44300 
13.44722 2.44400 
13.45293 2.44500 
13.45863 2.44600 
13.46434 2.44700 
13.47005 2.44800 
13.47575 2.44900 
13.48146 2.45000 
13.48716 2.45100 
13.49287 2.45200 
13.49857 2.45300 
13.50428 2.45400 
13.50999 2.45500 
13.51569 2.45600 
13.52140 2.45700 
13.52710 2.45800 
13.53281 2.45900 
13.53851 2.46000 
13.54422 2.46100 
13.54993 2.46200 
13.55563 2.46300 
13.56134 2.46400 
13.56704 2.46500 
13.57275 2.46600 
13.57845 2.46700 
13.58416 2.46800 
13.58987 2.46900 
13.59557 2.47000 
13.60128 2.47100 
13.60698 2.47200 
13.61269 2.47300 
13.61839 2.47400 
13.62410 2.47500 
13.62981 2.47600 
13.63551 2.47700 
13.64122 2.47800 
13.64692 2.47900 
13.65263 2.48000 
13.65833 2.48100 
13.66404 2.48200 
13.66975 2.48300 
13.67545 2.48400 
13.68116 2.48500 
13.68686 2.48600 
13.69257 2.48700 
13.69827 2.48800 
13.70398 2.48900 
13.70969 2.49000 
13.71539 2.49100 
13.72110 2.49200 
13.72680 2.49300 
13.73251 2.49400 
13.73821 2.49500 
13.74392 2.49600 
13.74963 2.49700 
13.75533 2.49800 
13.76104 2.49900 
13.76674 2.50000 
13.77245 2.50100 
13.77816 2.50200 
13.78386 2.50300 
13.78957 2.50400 
13.79527 2.50500 
13.80098 2.50600 
13.80668 2.50700 
13.81239 2.50800 
13.81810 2.50900 
13.82380 2.51000 
13.82951 2.51100 
13.83521 2.51200 
13.84092 2.51300 
13.84662 2.51400 
13.85233 2.51500 
13.85804 2.51600 
13.86374 2.51700 
13.86945 2.51800 
13.87515 2.51900 
13.88086 2.52000 
13.88656 2.52100 
13.89227 2.52200 
13.89798 2.52300 
13.90368 2.52400 
13.90939 2.52500 
13.91509 2.52600 
13.92080 2.52700 
13.92650 2.52800 
13.93221 2.52900 
13.93792 2.53000 
13.94362 2.53100 
13.94933 2.53200 
13.95503 2.53300 
13.96074 2.53400 
13.96644 2.53500 
13.97215 2.53600 
13.97786 2.53700 
13.98356 2.53800 
13.98927 2.53900 
13.99497 2.54000 
14.00068 2.54100 
14.00638 2.54200 
14.01209 2.54300 
14.01780 2.54400 
14.02350 2.54500 
14.02921 2.54600 
14.03491 2.54700 
14.04062 2.54800 
14.04632 2.54900 
14.05203 2.55000 
14.05774 2.55100 
14.06344 2.55200 
14.06915 2.55300 
14.07485 2.55400 
14.08056 2.55500 
14.08626 2.55600 
14.09197 2.55700 
14.09768 2.55800 
14.10338 2.55900 
14.10909 2.56000 
14.11479 2.56100 
14.12050 2.56200 
14.12620 2.56300 
14.13191 2.56400 
14.13762 2.56500 
14.14332 2.56600 
14.14903 2.56700 
14.15473 2.56800 
14.16044 2.56900 
14.16614 2.57000 
14.17185 2.57100 
14.17756 2.57200 
14.18326 2.57300 
14.18897 2.57400 
14.19467 2.57500 
14.20038 2.57600 
14.20608 2.57700 
14.21179 2.57800 
14.21750 2.57900 
14.22320 2.58000 
14.22891 2.58100 
14.23461 2.58200 
14.24032 2.58300 
14.24602 2.58400 
14.25173 2.58500 
14.25744 2.58600 
14.26314 2.58700 
14.26885 2.58800 
14.27455 2.58900 
14.28026 2.59000 
14.28597 2.59100 
14.29167 2.59200 
14.29738 2.59300 
14.30308 2.59400 
14.30879 2.59500 
14.31449 2.59600 
14.32020 2.59700 
14.32591 2.59800 
14.33161 2.59900 
14.33732 2.60000 
14.34302 2.60100 
14.34873 2.60200 
14.35443 2.60300 
14.36014 2.60400 
14.36585 2.60500 
14.37155 2.60600 
14.37726 2.60700 
14.38296 2.60800 
14.38867 2.60900 
14.39437 2.61000 
14.40008 2.61100 
14.40579 2.61200 
14.41149 2.61300 
14.41720 2.61400 
14.42290 2.61500 
14.42861 2.61600 
14.43431 2.61700 
14.44002 2.61800 
14.44573 2.61900 
14.45143 2.62000 
14.45714 2.62100 
14.46284 2.62200 
14.46855 2.62300 
14.47425 2.62400 
14.47996 2.62500 
14.48567 2.62600 
14.49137 2.62700 
14.49708 2.62800 
14.50278 2.62900 
14.50849 2.63000 
14.51419 2.63100 
14.51990 2.63200 
14.52561 2.63300 
14.53131 2.63400 
14.53702 2.63500 
14.54272 2.63600 
14.54843 2.63700 
14.55413 2.63800 
14.55984 2.63900 
14.56555 2.64000 
14.57125 2.64100 
14.57696 2.64200 
14.58266 2.64300 
14.58837 2.64400 
14.59407 2.64500 
14.59978 2.64600 
14.60549 2.64700 
14.61119 2.64800 
14.61690 2.64900 
14.62260 2.65000 
14.62831 2.65100 
14.63401 2.65200 
14.63972 2.65300 
14.64543 2.65400 
14.65113 2.65500 
14.65684 2.65600 
14.66254 2.65700 
14.66825 2.65800 
14.67395 2.65900 
14.67966 2.66000 
14.68537 2.66100 
14.69107 2.66200 
14.69678 2.66300 
14.70248 2.66400 
14.70819 2.66500 
14.71389 2.66600 
14.71960 2.66700 
14.72531 2.66800 
14.73101 2.66900 
14.73672 2.67000 
14.74242 2.67100 
14.74813 2.67200 
14.75384 2.67300 
14.75954 2.67400 
14.76525 2.67500 
14.77095 2.67600 
14.77666 2.67700 
14.78236 2.67800 
14.78807 2.67900 
14.79378 2.68000 
14.79948 2.68100 
14.80519 2.68200 
14.81089 2.68300 
14.81660 2.68400 
14.82230 2.68500 
14.82801 2.68600 
14.83372 2.68700 
14.83942 2.68800 
14.84513 2.68900 
14.85083 2.69000 
14.85654 2.69100 
14.86224 2.69200 
14.86795 2.69300 
14.87366 2.69400 
14.87936 2.69500 
14.88507 2.69600 
14.89077 2.69700 
14.89648 2.69800 
14.90218 2.69900 
14.90789 2.70000 
14.91360 2.70100 
14.91930 2.70200 
14.92501 2.70300 
14.93071 2.70400 
14.93642 2.70500 
14.94212 2.70600 
14.94783 2.70700 
14.95354 2.70800 
14.95924 2.70900 
14.96495 2.71000 
14.97065 2.71100 
14.97636 2.71200 
14.98206 2.71300 
14.98777 2.71400 
14.99348 2.71500 
14.99918 2.71600 
15.00489 2.71700 
15.01059 2.71800 
15.01630 2.71900 
15.02200 2.72000 
15.02771 2.72100 
15.03342 2.72200 
15.03912 2.72300 
15.04483 2.72400 
15.05053 2.72500 
15.05624 2.72600 
15.06194 2.72700 
15.06765 2.72800 
15.07336 2.72900 
15.07906 2.73000 
15.08477 2.73100 
15.09047 2.73200 
15.09618 2.73300 
15.10188 2.73400 
15.10759 2.73500 
15.11330 2.73600 
15.11900 2.73700 
15.12471 2.73800 
15.13041 2.73900 
15.13612 2.74000 
15.14182 2.74100 
15.14753 2.74200 
15.15324 2.74300 
15.15894 2.74400 
15.16465 2.74500 
15.17035 2.74600 
15.17606 2.74700 
15.18176 2.74800 
15.18747 2.74900 
15.19318 2.75000 
15.19888 2.75100 
15.20459 2.75200 
15.21029 2.75300 
15.21600 2.75400 
15.22171 2.75500 
15.22741 2.75600 
15.23312 2.75700 
15.23882 2.75800 
15.24453 2.75900 
15.25023 2.76000 
15.25594 2.76100 
15.26165 2.76200 
15.26735 2.76300 
15.27306 2.76400 
15.27876 2.76500 
15.28447 2.76600 
15.29017 2.76700 
15.29588 2.76800 
15.30159 2.76900 
15.30729 2.77000 
15.31300 2.77100 
15.31870 2.77200 
15.32441 2.77300 
15.33011 2.77400 
15.33582 2.77500 
15.34153 2.77600 
15.34723 2.77700 
15.35294 2.77800 
15.35864 2.77900 
15.36435 2.78000 
15.37005 2.78100 
15.37576 2.78200 
15.38147 2.78300 
15.38717 2.78400 
15.39288 2.78500 
15.39858 2.78600 
15.40429 2.78700 
15.40999 2.78800 
15.41570 2.78900 
15.42141 2.79000 
15.42711 2.79100 
15.43282 2.79200 
15.43852 2.79300 
15.44423 2.79400 
15.44993 2.79500 
15.45564 2.79600 
15.46135 2.79700 
15.46705 2.79800 
15.47276 2.79900 
15.47846 2.80000 
15.48417 2.80100 
15.48987 2.80200 
15.49558 2.80300 
15.50129 2.80400 
15.50699 2.80500 
15.51270 2.80600 
15.51840 2.80700 
15.52411 2.80800 
15.52981 2.80900 
15.53552 2.81000 
15.54123 2.81100 
15.54693 2.81200 
15.55264 2.81300 
15.55834 2.81400 
15.56405 2.81500 
15.56975 2.81600 
15.57546 2.81700 
15.58117 2.81800 
15.58687 2.81900 
15.59258 2.82000 
15.59828 2.82100 
15.60399 2.82200 
15.60969 2.82300 
15.61540 2.82400 
15.62111 2.82500 
15.62681 2.82600 
15.63252 2.82700 
15.63822 2.82800 
15.64393 2.82900 
15.64963 2.83000 
15.65534 2.83100 
15.66105 2.83200 
15.66675 2.83300 
15.67246 2.83400 
15.67816 2.83500 
15.68387 2.83600 
15.68958 2.83700 
15.69528 2.83800 
15.70099 2.83900 
15.70669 2.84000 
15.71240 2.84100 
15.71810 2.84200 
15.72381 2.84300 
15.72952 2.84400 
15.73522 2.84500 
15.74093 2.84600 
15.74663 2.84700 
15.75234 2.84800 
15.75804 2.84900 
15.76375 2.85000 
15.76946 2.85100 
15.77516 2.85200 
15.78087 2.85300 
15.78657 2.85400 
15.79228 2.85500 
15.79798 2.85600 
15.80369 2.85700 
15.80940 2.85800 
15.81510 2.85900 
15.82081 2.86000 
15.82651 2.86100 
15.83222 2.86200 
15.83792 2.86300 
15.84363 2.86400 
15.84934 2.86500 
15.85504 2.86600 
15.86075 2.86700 
15.86645 2.86800 
15.87216 2.86900 
15.87786 2.87000 
15.88357 2.87100 
15.88928 2.87200 
15.89498 2.87300 
15.90069 2.87400 
15.90639 2.87500 
15.91210 2.87600 
15.91780 2.87700 
15.92351 2.87800 
15.92922 2.87900 
15.93492 2.88000 
15.94063 2.88100 
15.94633 2.88200 
15.95204 2.88300 
15.95774 2.88400 
15.96345 2.88500 
15.96916 2.88600 
15.97486 2.88700 
15.98057 2.88800 
15.98627 2.88900 
15.99198 2.89000 
15.99768 2.89100 
16.00339 2.89200 
16.00910 2.89300 
16.01480 2.89400 
16.02051 2.89500 
16.02621 2.89600 
16.03192 2.89700 
16.03762 2.89800 
16.04333 2.89900 
16.04904 2.90000 
16.05474 2.90100 
16.06045 2.90200 
16.06615 2.90300 
16.07186 2.90400 
16.07756 2.90500 
16.08327 2.90600 
16.08898 2.90700 
16.09468 2.90800 
16.10039 2.90900 
16.10609 2.91000 
16.11180 2.91100 
16.11750 2.91200 
16.12321 2.91300 
16.12892 2.91400 
16.13462 2.91500 
16.14033 2.91600 
16.14603 2.91700 
16.15174 2.91800 
16.15745 2.91900 
16.16315 2.92000 
16.16886 2.92100 
16.17456 2.92200 
16.18027 2.92300 
16.18597 2.92400 
16.19168 2.92500 
16.19739 2.92600 
16.20309 2.92700 
16.20880 2.92800 
16.21450 2.92900 
16.22021 2.93000 
16.22591 2.93100 
16.23162 2.93200 
16.23733 2.93300 
16.24303 2.93400 
16.24874 2.93500 
16.25444 2.93600 
16.26015 2.93700 
16.26585 2.93800 
16.27156 2.93900 
16.27727 2.94000 
16.28297 2.94100 
16.28868 2.94200 
16.29438 2.94300 
16.30009 2.94400 
16.30579 2.94500 
16.31150 2.94600 
16.31721 2.94700 
16.32291 2.94800 
16.32862 2.94900 
16.33432 2.95000 
16.34003 2.95100 
16.34573 2.95200 
16.35144 2.95300 
16.35715 2.95400 
16.36285 2.95500 
16.36856 2.95600 
16.37426 2.95700 
16.37997 2.95800 
16.38567 2.95900 
16.39138 2.96000 
16.39709 2.96100 
16.40279 2.96200 
16.40850 2.96300 
16.41420 2.96400 
16.41991 2.96500 
16.42561 2.96600 
16.43132 2.96700 
16.43703 2.96800 
16.44273 2.96900 
16.44844 2.97000 
16.45414 2.97100 
16.45985 2.97200 
16.46555 2.97300 
16.47126 2.97400 
16.47697 2.97500 
16.48267 2.97600 
16.48838 2.97700 
16.49408 2.97800 
16.49979 2.97900 
16.50549 2.98000 
16.51120 2.98100 
16.51691 2.98200 
16.52261 2.98300 
16.52832 2.98400 
16.53402 2.98500 
16.53973 2.98600 
16.54543 2.98700 
16.55114 2.98800 
16.55685 2.98900 
16.56255 2.99000 
16.56826 2.99100 
16.57396 2.99200 
16.57967 2.99300 
16.58537 2.99400 
16.59108 2.99500 
16.59679 2.99600 
16.60249 2.99700 
16.60820 2.99800 
16.61390 2.99900 
16.61961 3.00000 
16.62532 3.00100 
16.63102 3.00200 
16.63673 3.00300 
16.64243 3.00400 
16.64814 3.00500 
16.65384 3.00600 
16.65955 3.00700 
16.66526 3.00800 
16.67096 3.00900 
16.67667 3.01000 
16.68237 3.01100 
16.68808 3.01200 
16.69378 3.01300 
16.69949 3.01400 
16.70520 3.01500 
16.71090 3.01600 
16.71661 3.01700 
16.72231 3.01800 
16.72802 3.01900 
16.73372 3.02000 
16.73943 3.02100 
16.74514 3.02200 
16.75084 3.02300 
16.75655 3.02400 
16.76225 3.02500 
16.76796 3.02600 
16.77366 3.02700 
16.77937 3.02800 
16.78508 3.02900 
16.79078 3.03000 
16.79649 3.03100 
16.80219 3.03200 
16.80790 3.03300 
16.81360 3.03400 
16.81931 3.03500 
16.82502 3.03600 
16.83072 3.03700 
16.83643 3.03800 
16.84213 3.03900 
16.84784 3.04000 
16.85354 3.04100 
16.85925 3.04200 
16.86496 3.04300 
16.87066 3.04400 
16.87637 3.04500 
16.88207 3.04600 
16.88778 3.04700 
16.89348 3.04800 
16.89919 3.04900 
16.90490 3.05000 
16.91060 3.05100 
16.91631 3.05200 
16.92201 3.05300 
16.92772 3.05400 
16.93342 3.05500 
16.93913 3.05600 
16.94484 3.05700 
16.95054 3.05800 
16.95625 3.05900 
16.96195 3.06000 
16.96766 3.06100 
16.97336 3.06200 
16.97907 3.06300 
16.98478 3.06400 
16.99048 3.06500 
16.99619 3.06600 
17.00189 3.06700 
17.00760 3.06800 
17.01330 3.06900 
17.01901 3.07000 
17.02472 3.07100 
17.03042 3.07200 
17.03613 3.07300 
17.04183 3.07400 
17.04754 3.07500 
17.05324 3.07600 
17.05895 3.07700 
17.06466 3.07800 
17.07036 3.07900 
17.07607 3.08000 
17.08177 3.08100 
17.08748 3.08200 
17.09319 3.08300 
17.09889 3.08400 
17.10460 3.08500 
17.11030 3.08600 
17.11601 3.08700 
17.12171 3.08800 
17.12742 3.08900 
17.13313 3.09000 
17.13883 3.09100 
17.14454 3.09200 
17.15024 3.09300 
17.15595 3.09400 
17.16165 3.09500 
17.16736 3.09600 
17.17307 3.09700 
17.17877 3.09800 
17.18448 3.09900 
17.19018 3.10000 
17.19589 3.10100 
17.20159 3.10200 
17.20730 3.10300 
17.21301 3.10400 
17.21871 3.10500 
17.22442 3.10600 
17.23012 3.10700 
17.23583 3.10800 
17.24153 3.10900 
17.24724 3.11000 
17.25295 3.11100 
17.25865 3.11200 
17.26436 3.11300 
17.27006 3.11400 
17.27577 3.11500 
17.28147 3.11600 
17.28718 3.11700 
17.29289 3.11800 
17.29859 3.11900 
17.30430 3.12000 
17.31000 3.12100 
17.31571 3.12200 
17.32141 3.12300 
17.32712 3.12400 
17.33283 3.12500 
17.33853 3.12600 
17.34424 3.12700 
17.34994 3.12800 
17.35565 3.12900 
17.36135 3.13000 
17.36706 3.13100 
17.37277 3.13200 
17.37847 3.13300 
17.38418 3.13400 
17.38988 3.13500 
17.39559 3.13600 
17.40129 3.13700 
17.40700 3.13800 
17.41271 3.13900 
17.41841 3.14000 
17.42412 3.14100 
17.42982 3.14200 
17.43553 3.14300 
17.44123 3.14400 
17.44694 3.14500 
17.45265 3.14600 
17.45835 3.14700 
17.46406 3.14800 
17.46976 3.14900 
17.47547 3.15000 
17.48117 3.15100 
17.48688 3.15200 
17.49259 3.15300 
17.49829 3.15400 
17.50400 3.15500 
17.50970 3.15600 
17.51541 3.15700 
17.52111 3.15800 
17.52682 3.15900 
17.53253 3.16000 
17.53823 3.16100 
17.54394 3.16200 
17.54964 3.16300 
17.55535 3.16400 
17.56106 3.16500 
17.56676 3.16600 
17.57247 3.16700 
17.57817 3.16800 
17.58388 3.16900 
17.58958 3.17000 
17.59529 3.17100 
17.60100 3.17200 
17.60670 3.17300 
17.61241 3.17400 
17.61811 3.17500 
17.62382 3.17600 
17.62952 3.17700 
17.63523 3.17800 
17.64094 3.17900 
17.64664 3.18000 
17.65235 3.18100 
17.65805 3.18200 
17.66376 3.18300 
17.66946 3.18400 
17.67517 3.18500 
17.68088 3.18600 
17.68658 3.18700 
17.69229 3.18800 
17.69799 3.18900 
17.70370 3.19000 
17.70940 3.19100 
17.71511 3.19200 
17.72082 3.19300 
17.72652 3.19400 
17.73223 3.19500 
17.73793 3.19600 
17.74364 3.19700 
17.74934 3.19800 
17.75505 3.19900 
17.76076 3.20000 
17.76646 3.20100 
17.77217 3.20200 
17.77787 3.20300 
17.78358 3.20400 
17.78928 3.20500 
17.79499 3.20600 
17.80070 3.20700 
17.80640 3.20800 
17.81211 3.20900 
17.81781 3.21000 
17.82352 3.21100 
17.82922 3.21200 
17.83493 3.21300 
17.84064 3.21400 
17.84634 3.21500 
17.85205 3.21600 
17.85775 3.21700 
17.86346 3.21800 
17.86916 3.21900 
17.87487 3.22000 
17.88058 3.22100 
17.88628 3.22200 
17.89199 3.22300 
17.89769 3.22400 
17.90340 3.22500 
17.90910 3.22600 
17.91481 3.22700 
17.92052 3.22800 
17.92622 3.22900 
17.93193 3.23000 
17.93763 3.23100 
17.94334 3.23200 
17.94904 3.23300 
17.95475 3.23400 
17.96046 3.23500 
17.96616 3.23600 
17.97187 3.23700 
17.97757 3.23800 
17.98328 3.23900 
17.98898 3.24000 
17.99469 3.24100 
18.00040 3.24200 
18.00610 3.24300 
18.01181 3.24400 
18.01751 3.24500 
18.02322 3.24600 
18.02893 3.24700 
18.03463 3.24800 
18.04034 3.24900 
18.04604 3.25000 
18.05175 3.25100 
18.05745 3.25200 
18.06316 3.25300 
18.06887 3.25400 
18.07457 3.25500 
18.08028 3.25600 
18.08598 3.25700 
18.09169 3.25800 
18.09739 3.25900 
18.10310 3.26000 
18.10881 3.26100 
18.11451 3.26200 
18.12022 3.26300 
18.12592 3.26400 
18.13163 3.26500 
18.13733 3.26600 
18.14304 3.26700 
18.14875 3.26800 
18.15445 3.26900 
18.16016 3.27000 
18.16586 3.27100 
18.17157 3.27200 
18.17727 3.27300 
18.18298 3.27400 
18.18869 3.27500 
18.19439 3.27600 
18.20010 3.27700 
18.20580 3.27800 
18.21151 3.27900 
18.21721 3.28000 
18.22292 3.28100 
18.22863 3.28200 
18.23433 3.28300 
18.24004 3.28400 
18.24574 3.28500 
18.25145 3.28600 
18.25715 3.28700 
18.26286 3.28800 
18.26857 3.28900 
18.27427 3.29000 
18.27998 3.29100 
18.28568 3.29200 
18.29139 3.29300 
18.29709 3.29400 
18.30280 3.29500 
18.30851 3.29600 
18.31421 3.29700 
18.31992 3.29800 
18.32562 3.29900 
18.33133 3.30000 
18.33703 3.30100 
18.34274 3.30200 
18.34845 3.30300 
18.35415 3.30400 
18.35986 3.30500 
18.36556 3.30600 
18.37127 3.30700 
18.37697 3.30800 
18.38268 3.30900 
18.38839 3.31000 
18.39409 3.31100 
18.39980 3.31200 
18.40550 3.31300 
18.41121 3.31400 
18.41691 3.31500 
18.42262 3.31600 
18.42833 3.31700 
18.43403 3.31800 
18.43974 3.31900 
18.44544 3.32000 
18.45115 3.32100 
18.45685 3.32200 
18.46256 3.32300 
18.46827 3.32400 
18.47397 3.32500 
18.47968 3.32600 
18.48538 3.32700 
18.49109 3.32800 
18.49680 3.32900 
18.50250 3.33000 
18.50821 3.33100 
18.51391 3.33200 
18.51962 3.33300 
18.52532 3.33400 
18.53103 3.33500 
18.53674 3.33600 
18.54244 3.33700 
18.54815 3.33800 
18.55385 3.33900 
18.55956 3.34000 
18.56526 3.34100 
18.57097 3.34200 
18.57668 3.34300 
18.58238 3.34400 
18.58809 3.34500 
18.59379 3.34600 
18.59950 3.34700 
18.60520 3.34800 
18.61091 3.34900 
18.61662 3.35000 
18.62232 3.35100 
18.62803 3.35200 
18.63373 3.35300 
18.63944 3.35400 
18.64514 3.35500 
18.65085 3.35600 
18.65656 3.35700 
18.66226 3.35800 
18.66797 3.35900 
18.67367 3.36000 
18.67938 3.36100 
18.68508 3.36200 
18.69079 3.36300 
18.69650 3.36400 
18.70220 3.36500 
18.70791 3.36600 
18.71361 3.36700 
18.71932 3.36800 
18.72502 3.36900 
18.73073 3.37000 
18.73644 3.37100 
18.74214 3.37200 
18.74785 3.37300 
18.75355 3.37400 
18.75926 3.37500 
18.76496 3.37600 
18.77067 3.37700 
18.77638 3.37800 
18.78208 3.37900 
18.78779 3.38000 
18.79349 3.38100 
18.79920 3.38200 
18.80490 3.38300 
18.81061 3.38400 
18.81632 3.38500 
18.82202 3.38600 
18.82773 3.38700 
18.83343 3.38800 
18.83914 3.38900 
18.84484 3.39000 
18.85055 3.39100 
18.85626 3.39200 
18.86196 3.39300 
18.86767 3.39400 
18.87337 3.39500 
18.87908 3.39600 
18.88478 3.39700 
18.89049 3.39800 
18.89620 3.39900 
18.90190 3.40000 
18.90761 3.40100 
18.91331 3.40200 
18.91902 3.40300 
18.92472 3.40400 
18.93043 3.40500 
18.93614 3.40600 
18.94184 3.40700 
18.94755 3.40800 
18.95325 3.40900 
18.95896 3.41000 
18.96467 3.41100 
18.97037 3.41200 
18.97608 3.41300 
18.98178 3.41400 
18.98749 3.41500 
18.99319 3.41600 
18.99890 3.41700 
19.00461 3.41800 
19.01031 3.41900 
19.01602 3.42000 
19.02172 3.42100 
19.02743 3.42200 
19.03313 3.42300 
19.03884 3.42400 
19.04455 3.42500 
19.05025 3.42600 
19.05596 3.42700 
19.06166 3.42800 
19.06737 3.42900 
19.07307 3.43000 
19.07878 3.43100 
19.08449 3.43200 
19.09019 3.43300 
19.09590 3.43400 
19.10160 3.43500 
19.10731 3.43600 
19.11301 3.43700 
19.11872 3.43800 
19.12443 3.43900 
19.13013 3.44000 
19.13584 3.44100 
19.14154 3.44200 
19.14725 3.44300 
19.15295 3.44400 
19.15866 3.44500 
19.16437 3.44600 
19.17007 3.44700 
19.17578 3.44800 
19.18148 3.44900 
19.18719 3.45000 
19.19289 3.45100 
19.19860 3.45200 
19.20431 3.45300 
19.21001 3.45400 
19.21572 3.45500 
19.22142 3.45600 
19.22713 3.45700 
19.23283 3.45800 
19.23854 3.45900 
19.24425 3.46000 
19.24995 3.46100 
19.25566 3.46200 
19.26136 3.46300 
19.26707 3.46400 
19.27277 3.46500 
19.27848 3.46600 
19.28419 3.46700 
19.28989 3.46800 
19.29560 3.46900 
19.30130 3.47000 
19.30701 3.47100 
19.31271 3.47200 
19.31842 3.47300 
19.32413 3.47400 
19.32983 3.47500 
19.33554 3.47600 
19.34124 3.47700 
19.34695 3.47800 
19.35265 3.47900 
19.35836 3.48000 
19.36407 3.48100 
19.36977 3.48200 
19.37548 3.48300 
19.38118 3.48400 
19.38689 3.48500 
19.39259 3.48600 
19.39830 3.48700 
19.40401 3.48800 
19.40971 3.48900 
19.41542 3.49000 
19.42112 3.49100 
19.42683 3.49200 
19.43253 3.49300 
19.43824 3.49400 
19.44395 3.49500 
19.44965 3.49600 
19.45536 3.49700 
19.46106 3.49800 
19.46677 3.49900 
19.47248 3.50000 
19.47818 3.50100 
19.48389 3.50200 
19.48959 3.50300 
19.49530 3.50400 
19.50100 3.50500 
19.50671 3.50600 
19.51242 3.50700 
19.51812 3.50800 
19.52383 3.50900 
19.52953 3.51000 
19.53524 3.51100 
19.54094 3.51200 
19.54665 3.51300 
19.55236 3.51400 
19.55806 3.51500 
19.56377 3.51600 
19.56947 3.51700 
19.57518 3.51800 
19.58088 3.51900 
19.58659 3.52000 
19.59230 3.52100 
19.59800 3.52200 
19.60371 3.52300 
19.60941 3.52400 
19.61512 3.52500 
19.62082 3.52600 
19.62653 3.52700 
19.63224 3.52800 
19.63794 3.52900 
19.64365 3.53000 
19.64935 3.53100 
19.65506 3.53200 
19.66076 3.53300 
19.66647 3.53400 
19.67218 3.53500 
19.67788 3.53600 
19.68359 3.53700 
19.68929 3.53800 
19.69500 3.53900 
19.70070 3.54000 
19.70641 3.54100 
19.71212 3.54200 
19.71782 3.54300 
19.72353 3.54400 
19.72923 3.54500 
19.73494 3.54600 
19.74064 3.54700 
19.74635 3.54800 
19.75206 3.54900 
19.75776 3.55000 
19.76347 3.55100 
19.76917 3.55200 
19.77488 3.55300 
19.78058 3.55400 
19.78629 3.55500 
19.79200 3.55600 
19.79770 3.55700 
19.80341 3.55800 
19.80911 3.55900 
19.81482 3.56000 
19.82052 3.56100 
19.82623 3.56200 
19.83194 3.56300 
19.83764 3.56400 
19.84335 3.56500 
19.84905 3.56600 
19.85476 3.56700 
19.86046 3.56800 
19.86617 3.56900 
19.87188 3.57000 
19.87758 3.57100 
19.88329 3.57200 
19.88899 3.57300 
19.89470 3.57400 
19.90040 3.57500 
19.90611 3.57600 
19.91182 3.57700 
19.91752 3.57800 
19.92323 3.57900 
19.92893 3.58000 
19.93464 3.58100 
19.94035 3.58200 
19.94605 3.58300 
19.95176 3.58400 
19.95746 3.58500 
19.96317 3.58600 
19.96887 3.58700 
19.97458 3.58800 
19.98029 3.58900 
19.98599 3.59000 
19.99170 3.59100 
19.99740 3.59200 
20.00311 3.59300 
20.00881 3.59400 
20.01452 3.59500 
20.02023 3.59600 
20.02593 3.59700 
20.03164 3.59800 
20.03734 3.59900 
20.04305 3.60000 
20.04875 3.60100 
20.05446 3.60200 
20.06017 3.60300 
20.06587 3.60400 
20.07158 3.60500 
20.07728 3.60600 
20.08299 3.60700 
20.08869 3.60800 
20.09440 3.60900 
20.10011 3.61000 
20.10581 3.61100 
20.11152 3.61200 
20.11722 3.61300 
20.12293 3.61400 
20.12863 3.61500 
20.13434 3.61600 
20.14005 3.61700 
20.14575 3.61800 
20.15146 3.61900 
20.15716 3.62000 
20.16287 3.62100 
20.16857 3.62200 
20.17428 3.62300 
20.17999 3.62400 
20.18569 3.62500 
20.19140 3.62600 
20.19710 3.62700 
20.20281 3.62800 
20.20851 3.62900 
20.21422 3.63000 
20.21993 3.63100 
20.22563 3.63200 
20.23134 3.63300 
20.23704 3.63400 
20.24275 3.63500 
20.24845 3.63600 
20.25416 3.63700 
20.25987 3.63800 
20.26557 3.63900 
20.27128 3.64000 
20.27698 3.64100 
20.28269 3.64200 
20.28839 3.64300 
20.29410 3.64400 
20.29981 3.64500 
20.30551 3.64600 
20.31122 3.64700 
20.31692 3.64800 
20.32263 3.64900 
20.32833 3.65000 
20.33404 3.65100 
20.33975 3.65200 
20.34545 3.65300 
20.35116 3.65400 
20.35686 3.65500 
20.36257 3.65600 
20.36827 3.65700 
20.37398 3.65800 
20.37969 3.65900 
20.38539 3.66000 
20.39110 3.66100 
20.39680 3.66200 
20.40251 3.66300 
20.40822 3.66400 
20.41392 3.66500 
20.41963 3.66600 
20.42533 3.66700 
20.43104 3.66800 
20.43674 3.66900 
20.44245 3.67000 
20.44816 3.67100 
20.45386 3.67200 
20.45957 3.67300 
20.46527 3.67400 
20.47098 3.67500 
20.47668 3.67600 
20.48239 3.67700 
20.48810 3.67800 
20.49380 3.67900 
20.49951 3.68000 
20.50521 3.68100 
20.51092 3.68200 
20.51662 3.68300 
20.52233 3.68400 
20.52804 3.68500 
20.53374 3.68600 
20.53945 3.68700 
20.54515 3.68800 
20.55086 3.68900 
20.55656 3.69000 
20.56227 3.69100 
20.56798 3.69200 
20.57368 3.69300 
20.57939 3.69400 
20.58509 3.69500 
20.59080 3.69600 
20.59650 3.69700 
20.60221 3.69800 
20.60792 3.69900 
20.61362 3.70000 
20.61933 3.70100 
20.62503 3.70200 
20.63074 3.70300 
20.63644 3.70400 
20.64215 3.70500 
20.64786 3.70600 
20.65356 3.70700 
20.65927 3.70800 
20.66497 3.70900 
20.67068 3.71000 
20.67638 3.71100 
20.68209 3.71200 
20.68780 3.71300 
20.69350 3.71400 
20.69921 3.71500 
20.70491 3.71600 
20.71062 3.71700 
20.71632 3.71800 
20.72203 3.71900 
20.72774 3.72000 
20.73344 3.72100 
20.73915 3.72200 
20.74485 3.72300 
20.75056 3.72400 
20.75626 3.72500 
20.76197 3.72600 
20.76768 3.72700 
20.77338 3.72800 
20.77909 3.72900 
20.78479 3.73000 
20.79050 3.73100 
20.79620 3.73200 
20.80191 3.73300 
20.80762 3.73400 
20.81332 3.73500 
20.81903 3.73600 
20.82473 3.73700 
20.83044 3.73800 
20.83614 3.73900 
20.84185 3.74000 
20.84756 3.74100 
20.85326 3.74200 
20.85897 3.74300 
20.86467 3.74400 
20.87038 3.74500 
20.87609 3.74600 
20.88179 3.74700 
20.88750 3.74800 
20.89320 3.74900 
20.89891 3.75000 
20.90461 3.75100 
20.91032 3.75200 
20.91603 3.75300 
20.92173 3.75400 
20.92744 3.75500 
20.93314 3.75600 
20.93885 3.75700 
20.94455 3.75800 
20.95026 3.75900 
20.95597 3.76000 
20.96167 3.76100 
20.96738 3.76200 
20.97308 3.76300 
20.97879 3.76400 
20.98449 3.76500 
20.99020 3.76600 
20.99591 3.76700 
21.00161 3.76800 
21.00732 3.76900 
21.01302 3.77000 
21.01873 3.77100 
21.02443 3.77200 
21.03014 3.77300 
21.03585 3.77400 
21.04155 3.77500 
21.04726 3.77600 
21.05296 3.77700 
21.05867 3.77800 
21.06437 3.77900 
21.07008 3.78000 
21.07579 3.78100 
21.08149 3.78200 
21.08720 3.78300 
21.09290 3.78400 
21.09861 3.78500 
21.10431 3.78600 
21.11002 3.78700 
21.11573 3.78800 
21.12143 3.78900 
21.12714 3.79000 
21.13284 3.79100 
21.13855 3.79200 
21.14425 3.79300 
21.14996 3.79400 
21.15567 3.79500 
21.16137 3.79600 
21.16708 3.79700 
21.17278 3.79800 
21.17849 3.79900 
21.18419 3.80000 
21.18990 3.80100 
21.19561 3.80200 
21.20131 3.80300 
21.20702 3.80400 
21.21272 3.80500 
21.21843 3.80600 
21.22413 3.80700 
21.22984 3.80800 
21.23555 3.80900 
21.24125 3.81000 
21.24696 3.81100 
21.25266 3.81200 
21.25837 3.81300 
21.26407 3.81400 
21.26978 3.81500 
21.27549 3.81600 
21.28119 3.81700 
21.28690 3.81800 
21.29260 3.81900 
21.29831 3.82000 
21.30401 3.82100 
21.30972 3.82200 
21.31543 3.82300 
21.32113 3.82400 
21.32684 3.82500 
21.33254 3.82600 
21.33825 3.82700 
21.34396 3.82800 
21.34966 3.82900 
21.35537 3.83000 
21.36107 3.83100 
21.36678 3.83200 
21.37248 3.83300 
21.37819 3.83400 
21.38390 3.83500 
21.38960 3.83600 
21.39531 3.83700 
21.40101 3.83800 
21.40672 3.83900 
21.41242 3.84000 
21.41813 3.84100 
21.42384 3.84200 
21.42954 3.84300 
21.43525 3.84400 
21.44095 3.84500 
21.44666 3.84600 
21.45236 3.84700 
21.45807 3.84800 
21.46378 3.84900 
21.46948 3.85000 
21.47519 3.85100 
21.48089 3.85200 
21.48660 3.85300 
21.49230 3.85400 
21.49801 3.85500 
21.50372 3.85600 
21.50942 3.85700 
21.51513 3.85800 
21.52083 3.85900 
21.52654 3.86000 
21.53224 3.86100 
21.53795 3.86200 
21.54366 3.86300 
21.54936 3.86400 
21.55507 3.86500 
21.56077 3.86600 
21.56648 3.86700 
21.57218 3.86800 
21.57789 3.86900 
21.58360 3.87000 
21.58930 3.87100 
21.59501 3.87200 
21.60071 3.87300 
21.60642 3.87400 
21.61212 3.87500 
21.61783 3.87600 
21.62354 3.87700 
21.62924 3.87800 
21.63495 3.87900 
21.64065 3.88000 
21.64636 3.88100 
21.65206 3.88200 
21.65777 3.88300 
21.66348 3.88400 
21.66918 3.88500 
21.67489 3.88600 
21.68059 3.88700 
21.68630 3.88800 
21.69200 3.88900 
21.69771 3.89000 
21.70342 3.89100 
21.70912 3.89200 
21.71483 3.89300 
21.72053 3.89400 
21.72624 3.89500 
21.73194 3.89600 
21.73765 3.89700 
21.74336 3.89800 
21.74906 3.89900 
21.75477 3.90000 
21.76047 3.90100 
21.76618 3.90200 
21.77188 3.90300 
21.77759 3.90400 
21.78330 3.90500 
21.78900 3.90600 
21.79471 3.90700 
21.80041 3.90800 
21.80612 3.90900 
21.81183 3.91000 
21.81753 3.91100 
21.82324 3.91200 
21.82894 3.91300 
21.83465 3.91400 
21.84035 3.91500 
21.84606 3.91600 
21.85177 3.91700 
21.85747 3.91800 
21.86318 3.91900 
21.86888 3.92000 
21.87459 3.92100 
21.88029 3.92200 
21.88600 3.92300 
21.89171 3.92400 
21.89741 3.92500 
21.90312 3.92600 
21.90882 3.92700 
21.91453 3.92800 
21.92023 3.92900 
21.92594 3.93000 
21.93165 3.93100 
21.93735 3.93200 
21.94306 3.93300 
21.94876 3.93400 
21.95447 3.93500 
21.96017 3.93600 
21.96588 3.93700 
21.97159 3.93800 
21.97729 3.93900 
21.98300 3.94000 
21.98870 3.94100 
21.99441 3.94200 
22.00011 3.94300 
22.00582 3.94400 
22.01153 3.94500 
22.01723 3.94600 
22.02294 3.94700 
22.02864 3.94800 
22.03435 3.94900 
22.04005 3.95000 
22.04576 3.95100 
22.05147 3.95200 
22.05717 3.95300 
22.06288 3.95400 
22.06858 3.95500 
22.07429 3.95600 
22.07999 3.95700 
22.08570 3.95800 
22.09141 3.95900 
22.09711 3.96000 
22.10282 3.96100 
22.10852 3.96200 
22.11423 3.96300 
22.11993 3.96400 
22.12564 3.96500 
22.13135 3.96600 
22.13705 3.96700 
22.14276 3.96800 
22.14846 3.96900 
22.15417 3.97000 
22.15987 3.97100 
22.16558 3.97200 
22.17129 3.97300 
22.17699 3.97400 
22.18270 3.97500 
22.18840 3.97600 
22.19411 3.97700 
22.19981 3.97800 
22.20552 3.97900 
22.21123 3.98000 
22.21693 3.98100 
22.22264 3.98200 
22.22834 3.98300 
22.23405 3.98400 
22.23975 3.98500 
22.24546 3.98600 
22.25117 3.98700 
22.25687 3.98800 
22.26258 3.98900 
22.26828 3.99000 
22.27399 3.99100 
22.27970 3.99200 
22.28540 3.99300 
22.29111 3.99400 
22.29681 3.99500 
22.30252 3.99600 
22.30822 3.99700 
22.31393 3.99800 
22.31964 3.99900 
22.32534 4.00000 
22.33105 4.00100 
22.33675 4.00200 
22.34246 4.00300 
22.34816 4.00400 
22.35387 4.00500 
22.35958 4.00600 
22.36528 4.00700 
22.37099 4.00800 
22.37669 4.00900 
22.38240 4.01000 
22.38810 4.01100 
22.39381 4.01200 
22.39952 4.01300 
22.40522 4.01400 
22.41093 4.01500 
22.41663 4.01600 
22.42234 4.01700 
22.42804 4.01800 
22.43375 4.01900 
22.43946 4.02000 
22.44516 4.02100 
22.45087 4.02200 
22.45657 4.02300 
22.46228 4.02400 
22.46798 4.02500 
22.47369 4.02600 
22.47940 4.02700 
22.48510 4.02800 
22.49081 4.02900 
22.49651 4.03000 
22.50222 4.03100 
22.50792 4.03200 
22.51363 4.03300 
22.51934 4.03400 
22.52504 4.03500 
22.53075 4.03600 
22.53645 4.03700 
22.54216 4.03800 
22.54786 4.03900 
22.55357 4.04000 
22.55928 4.04100 
22.56498 4.04200 
22.57069 4.04300 
22.57639 4.04400 
22.58210 4.04500 
22.58780 4.04600 
22.59351 4.04700 
22.59922 4.04800 
22.60492 4.04900 
22.61063 4.05000 
22.61633 4.05100 
22.62204 4.05200 
22.62774 4.05300 
22.63345 4.05400 
22.63916 4.05500 
22.64486 4.05600 
22.65057 4.05700 
22.65627 4.05800 
22.66198 4.05900 
22.66768 4.06000 
22.67339 4.06100 
22.67910 4.06200 
22.68480 4.06300 
22.69051 4.06400 
22.69621 4.06500 
22.70192 4.06600 
22.70762 4.06700 
22.71333 4.06800 
22.71904 4.06900 
22.72474 4.07000 
22.73045 4.07100 
22.73615 4.07200 
22.74186 4.07300 
22.74757 4.07400 
22.75327 4.07500 
22.75898 4.07600 
22.76468 4.07700 
22.77039 4.07800 
22.77609 4.07900 
22.78180 4.08000 
22.78751 4.08100 
22.79321 4.08200 
22.79892 4.08300 
22.80462 4.08400 
22.81033 4.08500 
22.81603 4.08600 
22.82174 4.08700 
22.82745 4.08800 
22.83315 4.08900 
22.83886 4.09000 
22.84456 4.09100 
22.85027 4.09200 
22.85597 4.09300 
22.86168 4.09400 
22.86739 4.09500 
22.87309 4.09600 
22.87880 4.09700 
22.88450 4.09800 
22.89021 4.09900 
22.89591 4.10000 
22.90162 4.10100 
22.90733 4.10200 
22.91303 4.10300 
22.91874 4.10400 
22.92444 4.10500 
22.93015 4.10600 
22.93585 4.10700 
22.94156 4.10800 
22.94727 4.10900 
22.95297 4.11000 
22.95868 4.11100 
22.96438 4.11200 
22.97009 4.11300 
22.97579 4.11400 
22.98150 4.11500 
22.98721 4.11600 
22.99291 4.11700 
22.99862 4.11800 
23.00432 4.11900 
23.01003 4.12000 
23.01573 4.12100 
23.02144 4.12200 
23.02715 4.12300 
23.03285 4.12400 
23.03856 4.12500 
23.04426 4.12600 
23.04997 4.12700 
23.05567 4.12800 
23.06138 4.12900 
23.06709 4.13000 
23.07279 4.13100 
23.07850 4.13200 
23.08420 4.13300 
23.08991 4.13400 
23.09561 4.13500 
23.10132 4.13600 
23.10703 4.13700 
23.11273 4.13800 
23.11844 4.13900 
23.12414 4.14000 
23.12985 4.14100 
23.13555 4.14200 
23.14126 4.14300 
23.14697 4.14400 
23.15267 4.14500 
23.15838 4.14600 
23.16408 4.14700 
23.16979 4.14800 
23.17549 4.14900 
23.18120 4.15000 
23.18691 4.15100 
23.19261 4.15200 
23.19832 4.15300 
23.20402 4.15400 
23.20973 4.15500 
23.21544 4.15600 
23.22114 4.15700 
23.22685 4.15800 
23.23255 4.15900 
23.23826 4.16000 
23.24396 4.16100 
23.24967 4.16200 
23.25538 4.16300 
23.26108 4.16400 
23.26679 4.16500 
23.27249 4.16600 
23.27820 4.16700 
23.28390 4.16800 
23.28961 4.16900 
23.29532 4.17000 
23.30102 4.17100 
23.30673 4.17200 
23.31243 4.17300 
23.31814 4.17400 
23.32384 4.17500 
23.32955 4.17600 
23.33526 4.17700 
23.34096 4.17800 
23.34667 4.17900 
23.35237 4.18000 
23.35808 4.18100 
23.36378 4.18200 
23.36949 4.18300 
23.37520 4.18400 
23.38090 4.18500 
23.38661 4.18600 
23.39231 4.18700 
23.39802 4.18800 
23.40372 4.18900 
23.40943 4.19000 
23.41514 4.19100 
23.42084 4.19200 
23.42655 4.19300 
23.43225 4.19400 
23.43796 4.19500 
23.44366 4.19600 
23.44937 4.19700 
23.45508 4.19800 
23.46078 4.19900 
23.46649 4.20000 
23.47219 4.20100 
23.47790 4.20200 
23.48360 4.20300 
23.48931 4.20400 
23.49502 4.20500 
23.50072 4.20600 
23.50643 4.20700 
23.51213 4.20800 
23.51784 4.20900 
23.52354 4.21000 
23.52925 4.21100 
23.53496 4.21200 
23.54066 4.21300 
23.54637 4.21400 
23.55207 4.21500 
23.55778 4.21600 
23.56348 4.21700 
23.56919 4.21800 
23.57490 4.21900 
23.58060 4.22000 
23.58631 4.22100 
23.59201 4.22200 
23.59772 4.22300 
23.60342 4.22400 
23.60913 4.22500 
23.61484 4.22600 
23.62054 4.22700 
23.62625 4.22800 
23.63195 4.22900 
23.63766 4.23000 
23.64336 4.23100 
23.64907 4.23200 
23.65478 4.23300 
23.66048 4.23400 
23.66619 4.23500 
23.67189 4.23600 
23.67760 4.23700 
23.68331 4.23800 
23.68901 4.23900 
23.69472 4.24000 
23.70042 4.24100 
23.70613 4.24200 
23.71183 4.24300 
23.71754 4.24400 
23.72325 4.24500 
23.72895 4.24600 
23.73466 4.24700 
23.74036 4.24800 
23.74607 4.24900 
23.75177 4.25000 
23.75748 4.25100 
23.76319 4.25200 
23.76889 4.25300 
23.77460 4.25400 
23.78030 4.25500 
23.78601 4.25600 
23.79171 4.25700 
23.79742 4.25800 
23.80313 4.25900 
23.80883 4.26000 
23.81454 4.26100 
23.82024 4.26200 
23.82595 4.26300 
23.83165 4.26400 
23.83736 4.26500 
23.84307 4.26600 
23.84877 4.26700 
23.85448 4.26800 
23.86018 4.26900 
23.86589 4.27000 
23.87159 4.27100 
23.87730 4.27200 
23.88301 4.27300 
23.88871 4.27400 
23.89442 4.27500 
23.90012 4.27600 
23.90583 4.27700 
23.91153 4.27800 
23.91724 4.27900 
23.92295 4.28000 
23.92865 4.28100 
23.93436 4.28200 
23.94006 4.28300 
23.94577 4.28400 
23.95147 4.28500 
23.95718 4.28600 
23.96289 4.28700 
23.96859 4.28800 
23.97430 4.28900 
23.98000 4.29000 
23.98571 4.29100 
23.99141 4.29200 
23.99712 4.29300 
24.00283 4.29400 
24.00853 4.29500 
24.01424 4.29600 
24.01994 4.29700 
24.02565 4.29800 
24.03135 4.29900 
24.03706 4.30000 
24.04277 4.30100 
24.04847 4.30200 
24.05418 4.30300 
24.05988 4.30400 
24.06559 4.30500 
24.07129 4.30600 
24.07700 4.30700 
24.08271 4.30800 
24.08841 4.30900 
24.09412 4.31000 
24.09982 4.31100 
24.10553 4.31200 
24.11123 4.31300 
24.11694 4.31400 
24.12265 4.31500 
24.12835 4.31600 
24.13406 4.31700 
24.13976 4.31800 
24.14547 4.31900 
24.15118 4.32000 
24.15688 4.32100 
24.16259 4.32200 
24.16829 4.32300 
24.17400 4.32400 
24.17970 4.32500 
24.18541 4.32600 
24.19112 4.32700 
24.19682 4.32800 
24.20253 4.32900 
24.20823 4.33000 
24.21394 4.33100 
24.21964 4.33200 
24.22535 4.33300 
24.23106 4.33400 
24.23676 4.33500 
24.24247 4.33600 
24.24817 4.33700 
24.25388 4.33800 
24.25958 4.33900 
24.26529 4.34000 
24.27100 4.34100 
24.27670 4.34200 
24.28241 4.34300 
24.28811 4.34400 
24.29382 4.34500 
24.29952 4.34600 
24.30523 4.34700 
24.31094 4.34800 
24.31664 4.34900 
24.32235 4.35000 
24.32805 4.35100 
24.33376 4.35200 
24.33946 4.35300 
24.34517 4.35400 
24.35088 4.35500 
24.35658 4.35600 
24.36229 4.35700 
24.36799 4.35800 
24.37370 4.35900 
24.37940 4.36000 
24.38511 4.36100 
24.39082 4.36200 
24.39652 4.36300 
24.40223 4.36400 
24.40793 4.36500 
24.41364 4.36600 
24.41934 4.36700 
24.42505 4.36800 
24.43076 4.36900 
24.43646 4.37000 
24.44217 4.37100 
24.44787 4.37200 
24.45358 4.37300 
24.45928 4.37400 
24.46499 4.37500 
24.47070 4.37600 
24.47640 4.37700 
24.48211 4.37800 
24.48781 4.37900 
24.49352 4.38000 
24.49922 4.38100 
24.50493 4.38200 
24.51064 4.38300 
24.51634 4.38400 
24.52205 4.38500 
24.52775 4.38600 
24.53346 4.38700 
24.53916 4.38800 
24.54487 4.38900 
24.55058 4.39000 
24.55628 4.39100 
24.56199 4.39200 
24.56769 4.39300 
24.57340 4.39400 
24.57910 4.39500 
24.58481 4.39600 
24.59052 4.39700 
24.59622 4.39800 
24.60193 4.39900 
24.60763 4.40000 
24.61334 4.40100 
24.61904 4.40200 
24.62475 4.40300 
24.63046 4.40400 
24.63616 4.40500 
24.64187 4.40600 
24.64757 4.40700 
24.65328 4.40800 
24.65899 4.40900 
24.66469 4.41000 
24.67040 4.41100 
24.67610 4.41200 
24.68181 4.41300 
24.68751 4.41400 
24.69322 4.41500 
24.69893 4.41600 
24.70463 4.41700 
24.71034 4.41800 
24.71604 4.41900 
24.72175 4.42000 
24.72745 4.42100 
24.73316 4.42200 
24.73887 4.42300 
24.74457 4.42400 
24.75028 4.42500 
24.75598 4.42600 
24.76169 4.42700 
24.76739 4.42800 
24.77310 4.42900 
24.77881 4.43000 
24.78451 4.43100 
24.79022 4.43200 
24.79592 4.43300 
24.80163 4.43400 
24.80733 4.43500 
24.81304 4.43600 
24.81875 4.43700 
24.82445 4.43800 
24.83016 4.43900 
24.83586 4.44000 
24.84157 4.44100 
24.84727 4.44200 
24.85298 4.44300 
24.85869 4.44400 
24.86439 4.44500 
24.87010 4.44600 
24.87580 4.44700 
24.88151 4.44800 
24.88721 4.44900 
24.89292 4.45000 
24.89863 4.45100 
24.90433 4.45200 
24.91004 4.45300 
24.91574 4.45400 
24.92145 4.45500 
24.92715 4.45600 
24.93286 4.45700 
24.93857 4.45800 
24.94427 4.45900 
24.94998 4.46000 
24.95568 4.46100 
24.96139 4.46200 
24.96709 4.46300 
24.97280 4.46400 
24.97851 4.46500 
24.98421 4.46600 
24.98992 4.46700 
24.99562 4.46800 
25.00133 4.46900 
25.00703 4.47000 
25.01274 4.47100 
25.01845 4.47200 
25.02415 4.47300 
25.02986 4.47400 
25.03556 4.47500 
25.04127 4.47600 
25.04697 4.47700 
25.05268 4.47800 
25.05839 4.47900 
25.06409 4.48000 
25.06980 4.48100 
25.07550 4.48200 
25.08121 4.48300 
25.08691 4.48400 
25.09262 4.48500 
25.09833 4.48600 
25.10403 4.48700 
25.10974 4.48800 
25.11544 4.48900 
25.12115 4.49000 
25.12686 4.49100 
25.13256 4.49200 
25.13827 4.49300 
25.14397 4.49400 
25.14968 4.49500 
25.15538 4.49600 
25.16109 4.49700 
25.16680 4.49800 
25.17250 4.49900 
25.17821 4.50000 
25.18391 4.50100 
25.18962 4.50200 
25.19532 4.50300 
25.20103 4.50400 
25.20674 4.50500 
25.21244 4.50600 
25.21815 4.50700 
25.22385 4.50800 
25.22956 4.50900 
25.23526 4.51000 
25.24097 4.51100 
25.24668 4.51200 
25.25238 4.51300 
25.25809 4.51400 
25.26379 4.51500 
25.26950 4.51600 
25.27520 4.51700 
25.28091 4.51800 
25.28662 4.51900 
25.29232 4.52000 
25.29803 4.52100 
25.30373 4.52200 
25.30944 4.52300 
25.31514 4.52400 
25.32085 4.52500 
25.32656 4.52600 
25.33226 4.52700 
25.33797 4.52800 
25.34367 4.52900 
25.34938 4.53000 
25.35508 4.53100 
25.36079 4.53200 
25.36650 4.53300 
25.37220 4.53400 
25.37791 4.53500 
25.38361 4.53600 
25.38932 4.53700 
25.39502 4.53800 
25.40073 4.53900 
25.40644 4.54000 
25.41214 4.54100 
25.41785 4.54200 
25.42355 4.54300 
25.42926 4.54400 
25.43496 4.54500 
25.44067 4.54600 
25.44638 4.54700 
25.45208 4.54800 
25.45779 4.54900 
25.46349 4.55000 
25.46920 4.55100 
25.47490 4.55200 
25.48061 4.55300 
25.48632 4.55400 
25.49202 4.55500 
25.49773 4.55600 
25.50343 4.55700 
25.50914 4.55800 
25.51484 4.55900 
25.52055 4.56000 
25.52626 4.56100 
25.53196 4.56200 
25.53767 4.56300 
25.54337 4.56400 
25.54908 4.56500 
25.55478 4.56600 
25.56049 4.56700 
25.56620 4.56800 
25.57190 4.56900 
25.57761 4.57000 
25.58331 4.57100 
25.58902 4.57200 
25.59473 4.57300 
25.60043 4.57400 
25.60614 4.57500 
25.61184 4.57600 
25.61755 4.57700 
25.62325 4.57800 
25.62896 4.57900 
25.63467 4.58000 
25.64037 4.58100 
25.64608 4.58200 
25.65178 4.58300 
25.65749 4.58400 
25.66319 4.58500 
25.66890 4.58600 
25.67461 4.58700 
25.68031 4.58800 
25.68602 4.58900 
25.69172 4.59000 
25.69743 4.59100 
25.70313 4.59200 
25.70884 4.59300 
25.71455 4.59400 
25.72025 4.59500 
25.72596 4.59600 
25.73166 4.59700 
25.73737 4.59800 
25.74307 4.59900 
25.74878 4.60000 
25.75449 4.60100 
25.76019 4.60200 
25.76590 4.60300 
25.77160 4.60400 
25.77731 4.60500 
25.78301 4.60600 
25.78872 4.60700 
25.79443 4.60800 
25.80013 4.60900 
25.80584 4.61000 
25.81154 4.61100 
25.81725 4.61200 
25.82295 4.61300 
25.82866 4.61400 
25.83437 4.61500 
25.84007 4.61600 
25.84578 4.61700 
25.85148 4.61800 
25.85719 4.61900 
25.86289 4.62000 
25.86860 4.62100 
25.87431 4.62200 
25.88001 4.62300 
25.88572 4.62400 
25.89142 4.62500 
25.89713 4.62600 
25.90283 4.62700 
25.90854 4.62800 
25.91425 4.62900 
25.91995 4.63000 
25.92566 4.63100 
25.93136 4.63200 
25.93707 4.63300 
25.94277 4.63400 
25.94848 4.63500 
25.95419 4.63600 
25.95989 4.63700 
25.96560 4.63800 
25.97130 4.63900 
25.97701 4.64000 
25.98271 4.64100 
25.98842 4.64200 
25.99413 4.64300 
25.99983 4.64400 
26.00554 4.64500 
26.01124 4.64600 
26.01695 4.64700 
26.02265 4.64800 
26.02836 4.64900 
26.03407 4.65000 
26.03977 4.65100 
26.04548 4.65200 
26.05118 4.65300 
26.05689 4.65400 
26.06260 4.65500 
26.06830 4.65600 
26.07401 4.65700 
26.07971 4.65800 
26.08542 4.65900 
26.09112 4.66000 
26.09683 4.66100 
26.10254 4.66200 
26.10824 4.66300 
26.11395 4.66400 
26.11965 4.66500 
26.12536 4.66600 
26.13106 4.66700 
26.13677 4.66800 
26.14248 4.66900 
26.14818 4.67000 
26.15389 4.67100 
26.15959 4.67200 
26.16530 4.67300 
26.17100 4.67400 
26.17671 4.67500 
26.18242 4.67600 
26.18812 4.67700 
26.19383 4.67800 
26.19953 4.67900 
26.20524 4.68000 
26.21094 4.68100 
26.21665 4.68200 
26.22236 4.68300 
26.22806 4.68400 
26.23377 4.68500 
26.23947 4.68600 
26.24518 4.68700 
26.25088 4.68800 
26.25659 4.68900 
26.26230 4.69000 
26.26800 4.69100 
26.27371 4.69200 
26.27941 4.69300 
26.28512 4.69400 
26.29082 4.69500 
26.29653 4.69600 
26.30224 4.69700 
26.30794 4.69800 
26.31365 4.69900 
26.31935 4.70000 
26.32506 4.70100 
26.33076 4.70200 
26.33647 4.70300 
26.34218 4.70400 
26.34788 4.70500 
26.35359 4.70600 
26.35929 4.70700 
26.36500 4.70800 
26.37070 4.70900 
26.37641 4.71000 
26.38212 4.71100 
26.38782 4.71200 
26.39353 4.71300 
26.39923 4.71400 
26.40494 4.71500 
26.41064 4.71600 
26.41635 4.71700 
26.42206 4.71800 
26.42776 4.71900 
26.43347 4.72000 
26.43917 4.72100 
26.44488 4.72200 
26.45058 4.72300 
26.45629 4.72400 
26.46200 4.72500 
26.46770 4.72600 
26.47341 4.72700 
26.47911 4.72800 
26.48482 4.72900 
26.49052 4.73000 
26.49623 4.73100 
26.50194 4.73200 
26.50764 4.73300 
26.51335 4.73400 
26.51905 4.73500 
26.52476 4.73600 
26.53047 4.73700 
26.53617 4.73800 
26.54188 4.73900 
26.54758 4.74000 
26.55329 4.74100 
26.55899 4.74200 
26.56470 4.74300 
26.57041 4.74400 
26.57611 4.74500 
26.58182 4.74600 
26.58752 4.74700 
26.59323 4.74800 
26.59893 4.74900 
26.60464 4.75000 
26.61035 4.75100 
26.61605 4.75200 
26.62176 4.75300 
26.62746 4.75400 
26.63317 4.75500 
26.63887 4.75600 
26.64458 4.75700 
26.65029 4.75800 
26.65599 4.75900 
26.66170 4.76000 
26.66740 4.76100 
26.67311 4.76200 
26.67881 4.76300 
26.68452 4.76400 
26.69023 4.76500 
26.69593 4.76600 
26.70164 4.76700 
26.70734 4.76800 
26.71305 4.76900 
26.71875 4.77000 
26.72446 4.77100 
26.73017 4.77200 
26.73587 4.77300 
26.74158 4.77400 
26.74728 4.77500 
26.75299 4.77600 
26.75869 4.77700 
26.76440 4.77800 
26.77011 4.77900 
26.77581 4.78000 
26.78152 4.78100 
26.78722 4.78200 
26.79293 4.78300 
26.79863 4.78400 
26.80434 4.78500 
26.81005 4.78600 
26.81575 4.78700 
26.82146 4.78800 
26.82716 4.78900 
26.83287 4.79000 
26.83857 4.79100 
26.84428 4.79200 
26.84999 4.79300 
26.85569 4.79400 
26.86140 4.79500 
26.86710 4.79600 
26.87281 4.79700 
26.87851 4.79800 
26.88422 4.79900 
26.88993 4.80000 
26.89563 4.80100 
26.90134 4.80200 
26.90704 4.80300 
26.91275 4.80400 
26.91845 4.80500 
26.92416 4.80600 
26.92987 4.80700 
26.93557 4.80800 
26.94128 4.80900 
26.94698 4.81000 
26.95269 4.81100 
26.95839 4.81200 
26.96410 4.81300 
26.96981 4.81400 
26.97551 4.81500 
26.98122 4.81600 
26.98692 4.81700 
26.99263 4.81800 
26.99834 4.81900 
27.00404 4.82000 
27.00975 4.82100 
27.01545 4.82200 
27.02116 4.82300 
27.02686 4.82400 
27.03257 4.82500 
27.03828 4.82600 
27.04398 4.82700 
27.04969 4.82800 
27.05539 4.82900 
27.06110 4.83000 
27.06680 4.83100 
27.07251 4.83200 
27.07822 4.83300 
27.08392 4.83400 
27.08963 4.83500 
27.09533 4.83600 
27.10104 4.83700 
27.10674 4.83800 
27.11245 4.83900 
27.11816 4.84000 
27.12386 4.84100 
27.12957 4.84200 
27.13527 4.84300 
27.14098 4.84400 
27.14668 4.84500 
27.15239 4.84600 
27.15810 4.84700 
27.16380 4.84800 
27.16951 4.84900 
27.17521 4.85000 
27.18092 4.85100 
27.18662 4.85200 
27.19233 4.85300 
27.19804 4.85400 
27.20374 4.85500 
27.20945 4.85600 
27.21515 4.85700 
27.22086 4.85800 
27.22656 4.85900 
27.23227 4.86000 
27.23798 4.86100 
27.24368 4.86200 
27.24939 4.86300 
27.25509 4.86400 
27.26080 4.86500 
27.26650 4.86600 
27.27221 4.86700 
27.27792 4.86800 
27.28362 4.86900 
27.28933 4.87000 
27.29503 4.87100 
27.30074 4.87200 
27.30644 4.87300 
27.31215 4.87400 
27.31786 4.87500 
27.32356 4.87600 
27.32927 4.87700 
27.33497 4.87800 
27.34068 4.87900 
27.34638 4.88000 
27.35209 4.88100 
27.35780 4.88200 
27.36350 4.88300 
27.36921 4.88400 
27.37491 4.88500 
27.38062 4.88600 
27.38632 4.88700 
27.39203 4.88800 
27.39774 4.88900 
27.40344 4.89000 
27.40915 4.89100 
27.41485 4.89200 
27.42056 4.89300 
27.42626 4.89400 
27.43197 4.89500 
27.43768 4.89600 
27.44338 4.89700 
27.44909 4.89800 
27.45479 4.89900 
27.46050 4.90000 
27.46621 4.90100 
27.47191 4.90200 
27.47762 4.90300 
27.48332 4.90400 
27.48903 4.90500 
27.49473 4.90600 
27.50044 4.90700 
27.50615 4.90800 
27.51185 4.90900 
27.51756 4.91000 
27.52326 4.91100 
27.52897 4.91200 
27.53467 4.91300 
27.54038 4.91400 
27.54609 4.91500 
27.55179 4.91600 
27.55750 4.91700 
27.56320 4.91800 
27.56891 4.91900 
27.57461 4.92000 
27.58032 4.92100 
27.58603 4.92200 
27.59173 4.92300 
27.59744 4.92400 
27.60314 4.92500 
27.60885 4.92600 
27.61455 4.92700 
27.62026 4.92800 
27.62597 4.92900 
27.63167 4.93000 
27.63738 4.93100 
27.64308 4.93200 
27.64879 4.93300 
27.65449 4.93400 
27.66020 4.93500 
27.66591 4.93600 
27.67161 4.93700 
27.67732 4.93800 
27.68302 4.93900 
27.68873 4.94000 
27.69443 4.94100 
27.70014 4.94200 
27.70585 4.94300 
27.71155 4.94400 
27.71726 4.94500 
27.72296 4.94600 
27.72867 4.94700 
27.73437 4.94800 
27.74008 4.94900 
27.74579 4.95000 
27.75149 4.95100 
27.75720 4.95200 
27.76290 4.95300 
27.76861 4.95400 
27.77431 4.95500 
27.78002 4.95600 
27.78573 4.95700 
27.79143 4.95800 
27.79714 4.95900 
27.80284 4.96000 
27.80855 4.96100 
27.81425 4.96200 
27.81996 4.96300 
27.82567 4.96400 
27.83137 4.96500 
27.83708 4.96600 
27.84278 4.96700 
27.84849 4.96800 
27.85419 4.96900 
27.85990 4.97000 
27.86561 4.97100 
27.87131 4.97200 
27.87702 4.97300 
27.88272 4.97400 
27.88843 4.97500 
27.89413 4.97600 
27.89984 4.97700 
27.90555 4.97800 
27.91125 4.97900 
27.91696 4.98000 
27.92266 4.98100 
27.92837 4.98200 
27.93408 4.98300 
27.93978 4.98400 
27.94549 4.98500 
27.95119 4.98600 
27.95690 4.98700 
27.96260 4.98800 
27.96831 4.98900 
27.97402 4.99000 
27.97972 4.99100 
27.98543 4.99200 
27.99113 4.99300 
27.99684 4.99400 
28.00254 4.99500 
28.00825 4.99600 
28.01396 4.99700 
28.01966 4.99800 
28.02537 4.99900 
