0.00000 0.00000 
-0.00005 0.00100 
-0.00020 0.00200 
-0.00045 0.00300 
-0.00079 0.00400 
-0.00123 0.00500 
-0.00177 0.00600 
-0.00239 0.00700 
-0.00311 0.00800 
-0.00393 0.00900 
-0.00483 0.01000 
-0.00582 0.01100 
-0.00690 0.01200 
-0.00807 0.01300 
-0.00932 0.01400 
-0.01066 0.01500 
-0.01209 0.01600 
-0.01359 0.01700 
-0.01518 0.01800 
-0.01686 0.01900 
-0.01861 0.02000 
-0.02044 0.02100 
-0.02235 0.02200 
-0.02434 0.02300 
-0.02641 0.02400 
-0.02855 0.02500 
-0.03076 0.02600 
-0.03306 0.02700 
-0.03542 0.02800 
-0.03786 0.02900 
-0.04037 0.03000 
-0.04295 0.03100 
-0.04560 0.03200 
-0.04832 0.03300 
-0.05111 0.03400 
-0.05397 0.03500 
-0.05689 0.03600 
-0.05988 0.03700 
-0.06294 0.03800 
-0.06606 0.03900 
-0.06924 0.04000 
-0.07249 0.04100 
-0.07580 0.04200 
-0.07918 0.04300 
-0.08261 0.04400 
-0.08610 0.04500 
-0.08966 0.04600 
-0.09327 0.04700 
-0.09694 0.04800 
-0.10067 0.04900 
-0.10446 0.05000 
-0.10831 0.05100 
-0.11221 0.05200 
-0.11616 0.05300 
-0.12017 0.05400 
-0.12423 0.05500 
-0.12835 0.05600 
-0.13252 0.05700 
-0.13674 0.05800 
-0.14101 0.05900 
-0.14534 0.06000 
-0.14971 0.06100 
-0.15414 0.06200 
-0.15861 0.06300 
-0.16313 0.06400 
-0.16770 0.06500 
-0.17232 0.06600 
-0.17699 0.06700 
-0.18170 0.06800 
-0.18646 0.06900 
-0.19126 0.07000 
-0.19611 0.07100 
-0.20100 0.07200 
-0.20594 0.07300 
-0.21092 0.07400 
-0.21594 0.07500 
-0.22100 0.07600 
-0.22611 0.07700 
-0.23126 0.07800 
-0.23645 0.07900 
-0.24168 0.08000 
-0.24695 0.08100 
-0.25226 0.08200 
-0.25761 0.08300 
-0.26299 0.08400 
-0.26842 0.08500 
-0.27388 0.08600 
-0.27938 0.08700 
-0.28492 0.08800 
-0.29050 0.08900 
-0.29611 0.09000 
-0.30175 0.09100 
-0.30743 0.09200 
-0.31315 0.09300 
-0.31890 0.09400 
-0.32469 0.09500 
-0.33051 0.09600 
-0.33636 0.09700 
-0.34224 0.09800 
-0.34816 0.09900 
-0.35411 0.10000 
-0.36009 0.10100 
-0.36611 0.10200 
-0.37215 0.10300 
-0.37823 0.10400 
-0.38433 0.10500 
-0.39047 0.10600 
-0.39663 0.10700 
-0.40283 0.10800 
-0.40905 0.10900 
-0.41531 0.11000 
-0.42159 0.11100 
-0.42790 0.11200 
-0.43423 0.11300 
-0.44060 0.11400 
-0.44699 0.11500 
-0.45341 0.11600 
-0.45985 0.11700 
-0.46632 0.11800 
-0.47282 0.11900 
-0.47934 0.12000 
-0.48589 0.12100 
-0.49246 0.12200 
-0.49906 0.12300 
-0.50568 0.12400 
-0.51233 0.12500 
-0.51900 0.12600 
-0.52569 0.12700 
-0.53241 0.12800 
-0.53915 0.12900 
-0.54591 0.13000 
-0.55270 0.13100 
-0.55951 0.13200 
-0.56634 0.13300 
-0.57319 0.13400 
-0.58006 0.13500 
-0.58696 0.13600 
-0.59387 0.13700 
-0.60081 0.13800 
-0.60777 0.13900 
-0.61474 0.14000 
-0.62174 0.14100 
-0.62876 0.14200 
-0.63580 0.14300 
-0.64285 0.14400 
-0.64993 0.14500 
-0.65702 0.14600 
-0.66414 0.14700 
-0.67127 0.14800 
-0.67842 0.14900 
-0.68559 0.15000 
-0.69278 0.15100 
-0.69998 0.15200 
-0.70720 0.15300 
-0.71444 0.15400 
-0.72170 0.15500 
-0.72897 0.15600 
-0.73626 0.15700 
-0.74357 0.15800 
-0.75089 0.15900 
-0.75823 0.16000 
-0.76559 0.16100 
-0.77296 0.16200 
-0.78034 0.16300 
-0.78775 0.16400 
-0.79516 0.16500 
-0.80260 0.16600 
-0.81005 0.16700 
-0.81751 0.16800 
-0.82498 0.16900 
-0.83248 0.17000 
-0.83998 0.17100 
-0.84750 0.17200 
-0.85504 0.17300 
-0.86258 0.17400 
-0.87014 0.17500 
-0.87772 0.17600 
-0.88531 0.17700 
-0.89291 0.17800 
-0.90052 0.17900 
-0.90815 0.18000 
-0.91579 0.18100 
-0.92344 0.18200 
-0.93111 0.18300 
-0.93878 0.18400 
-0.94647 0.18500 
-0.95417 0.18600 
-0.96189 0.18700 
-0.96961 0.18800 
-0.97735 0.18900 
-0.98510 0.19000 
-0.99286 0.19100 
-1.00063 0.19200 
-1.00841 0.19300 
-1.01620 0.19400 
-1.02401 0.19500 
-1.03182 0.19600 
-1.03964 0.19700 
-1.04748 0.19800 
-1.05533 0.19900 
-1.06318 0.20000 
-1.07105 0.20100 
-1.07892 0.20200 
-1.08681 0.20300 
-1.09470 0.20400 
-1.10261 0.20500 
-1.11053 0.20600 
-1.11845 0.20700 
-1.12638 0.20800 
-1.13433 0.20900 
-1.14228 0.21000 
-1.15024 0.21100 
-1.15821 0.21200 
-1.16619 0.21300 
-1.17418 0.21400 
-1.18218 0.21500 
-1.19018 0.21600 
-1.19819 0.21700 
-1.20622 0.21800 
-1.21425 0.21900 
-1.22228 0.22000 
-1.23033 0.22100 
-1.23838 0.22200 
-1.24645 0.22300 
-1.25452 0.22400 
-1.26259 0.22500 
-1.27068 0.22600 
-1.27877 0.22700 
-1.28687 0.22800 
-1.29498 0.22900 
-1.30309 0.23000 
-1.31121 0.23100 
-1.31934 0.23200 
-1.32748 0.23300 
-1.33562 0.23400 
-1.34377 0.23500 
-1.35193 0.23600 
-1.36009 0.23700 
-1.36826 0.23800 
-1.37643 0.23900 
-1.38462 0.24000 
-1.39280 0.24100 
-1.40100 0.24200 
-1.40920 0.24300 
-1.41741 0.24400 
-1.42562 0.24500 
-1.43384 0.24600 
-1.44207 0.24700 
-1.45030 0.24800 
-1.45854 0.24900 
-1.46678 0.25000 
-1.47503 0.25100 
-1.48328 0.25200 
-1.49154 0.25300 
-1.49981 0.25400 
-1.50808 0.25500 
-1.51635 0.25600 
-1.52464 0.25700 
-1.53292 0.25800 
-1.54122 0.25900 
-1.54951 0.26000 
-1.55781 0.26100 
-1.56612 0.26200 
-1.57443 0.26300 
-1.58275 0.26400 
-1.59107 0.26500 
-1.59940 0.26600 
-1.60773 0.26700 
-1.61607 0.26800 
-1.62441 0.26900 
-1.63275 0.27000 
-1.64110 0.27100 
-1.64946 0.27200 
-1.65782 0.27300 
-1.66618 0.27400 
-1.67455 0.27500 
-1.68292 0.27600 
-1.69130 0.27700 
-1.69968 0.27800 
-1.70806 0.27900 
-1.71645 0.28000 
-1.72484 0.28100 
-1.73324 0.28200 
-1.74164 0.28300 
-1.75004 0.28400 
-1.75845 0.28500 
-1.76686 0.28600 
-1.77528 0.28700 
-1.78370 0.28800 
-1.79212 0.28900 
-1.80055 0.29000 
-1.80898 0.29100 
-1.81741 0.29200 
-1.82585 0.29300 
-1.83429 0.29400 
-1.84274 0.29500 
-1.85119 0.29600 
-1.85964 0.29700 
-1.86809 0.29800 
-1.87655 0.29900 
-1.88501 0.30000 
-1.89348 0.30100 
-1.90194 0.30200 
-1.91041 0.30300 
-1.91889 0.30400 
-1.92736 0.30500 
-1.93584 0.30600 
-1.94433 0.30700 
-1.95281 0.30800 
-1.96130 0.30900 
-1.96979 0.31000 
-1.97829 0.31100 
-1.98678 0.31200 
-1.99528 0.31300 
-2.00379 0.31400 
-2.01229 0.31500 
-2.02080 0.31600 
-2.02931 0.31700 
-2.03783 0.31800 
-2.04634 0.31900 
-2.05486 0.32000 
-2.06338 0.32100 
-2.07191 0.32200 
-2.08043 0.32300 
-2.08896 0.32400 
-2.09749 0.32500 
-2.10603 0.32600 
-2.11456 0.32700 
-2.12310 0.32800 
-2.13164 0.32900 
-2.14019 0.33000 
-2.14873 0.33100 
-2.15728 0.33200 
-2.16583 0.33300 
-2.17438 0.33400 
-2.18294 0.33500 
-2.19149 0.33600 
-2.20005 0.33700 
-2.20861 0.33800 
-2.21717 0.33900 
-2.22574 0.34000 
-2.23431 0.34100 
-2.24288 0.34200 
-2.25145 0.34300 
-2.26002 0.34400 
-2.26859 0.34500 
-2.27717 0.34600 
-2.28575 0.34700 
-2.29433 0.34800 
-2.30291 0.34900 
-2.31150 0.35000 
-2.32008 0.35100 
-2.32867 0.35200 
-2.33726 0.35300 
-2.34585 0.35400 
-2.35444 0.35500 
-2.36304 0.35600 
-2.37164 0.35700 
-2.38023 0.35800 
-2.38883 0.35900 
-2.39744 0.36000 
-2.40604 0.36100 
-2.41464 0.36200 
-2.42325 0.36300 
-2.43186 0.36400 
-2.44047 0.36500 
-2.44908 0.36600 
-2.45769 0.36700 
-2.46630 0.36800 
-2.47492 0.36900 
-2.48354 0.37000 
-2.49215 0.37100 
-2.50077 0.37200 
-2.50939 0.37300 
-2.51802 0.37400 
-2.52664 0.37500 
-2.53527 0.37600 
-2.54389 0.37700 
-2.55252 0.37800 
-2.56115 0.37900 
-2.56978 0.38000 
-2.57841 0.38100 
-2.58704 0.38200 
-2.59568 0.38300 
-2.60431 0.38400 
-2.61295 0.38500 
-2.62159 0.38600 
-2.63023 0.38700 
-2.63887 0.38800 
-2.64751 0.38900 
-2.65615 0.39000 
-2.66480 0.39100 
-2.67344 0.39200 
-2.68209 0.39300 
-2.69073 0.39400 
-2.69938 0.39500 
-2.70803 0.39600 
-2.71668 0.39700 
-2.72533 0.39800 
-2.73399 0.39900 
-2.74264 0.40000 
-2.75129 0.40100 
-2.75995 0.40200 
-2.76861 0.40300 
-2.77726 0.40400 
-2.78592 0.40500 
-2.79458 0.40600 
-2.80324 0.40700 
-2.81190 0.40800 
-2.82057 0.40900 
-2.82923 0.41000 
-2.83789 0.41100 
-2.84656 0.41200 
-2.85523 0.41300 
-2.86389 0.41400 
-2.87256 0.41500 
-2.88123 0.41600 
-2.88990 0.41700 
-2.89857 0.41800 
-2.90724 0.41900 
-2.91591 0.42000 
-2.92458 0.42100 
-2.93326 0.42200 
-2.94193 0.42300 
-2.95061 0.42400 
-2.95928 0.42500 
-2.96796 0.42600 
-2.97664 0.42700 
-2.98532 0.42800 
-2.99399 0.42900 
-3.00267 0.43000 
-3.01135 0.43100 
-3.02004 0.43200 
-3.02872 0.43300 
-3.03740 0.43400 
-3.04608 0.43500 
-3.05477 0.43600 
-3.06345 0.43700 
-3.07214 0.43800 
-3.08082 0.43900 
-3.08951 0.44000 
-3.09820 0.44100 
-3.10688 0.44200 
-3.11557 0.44300 
-3.12426 0.44400 
-3.13295 0.44500 
-3.14164 0.44600 
-3.15033 0.44700 
-3.15902 0.44800 
-3.16772 0.44900 
-3.17641 0.45000 
-3.18510 0.45100 
-3.19380 0.45200 
-3.20249 0.45300 
-3.21119 0.45400 
-3.21988 0.45500 
-3.22858 0.45600 
-3.23727 0.45700 
-3.24597 0.45800 
-3.25467 0.45900 
-3.26337 0.46000 
-3.27207 0.46100 
-3.28077 0.46200 
-3.28946 0.46300 
-3.29817 0.46400 
-3.30687 0.46500 
-3.31557 0.46600 
-3.32427 0.46700 
-3.33297 0.46800 
-3.34167 0.46900 
-3.35038 0.47000 
-3.35908 0.47100 
-3.36778 0.47200 
-3.37649 0.47300 
-3.38519 0.47400 
-3.39390 0.47500 
-3.40260 0.47600 
-3.41131 0.47700 
-3.42002 0.47800 
-3.42872 0.47900 
-3.43743 0.48000 
-3.44614 0.48100 
-3.45485 0.48200 
-3.46356 0.48300 
-3.47227 0.48400 
-3.48097 0.48500 
-3.48968 0.48600 
-3.49839 0.48700 
-3.50711 0.48800 
-3.51582 0.48900 
-3.52453 0.49000 
-3.53324 0.49100 
-3.54195 0.49200 
-3.55066 0.49300 
-3.55938 0.49400 
-3.56809 0.49500 
-3.57680 0.49600 
-3.58552 0.49700 
-3.59423 0.49800 
-3.60295 0.49900 
-3.61166 0.50000 
-3.62038 0.50100 
-3.62909 0.50200 
-3.63781 0.50300 
-3.64652 0.50400 
-3.65524 0.50500 
-3.66396 0.50600 
-3.67267 0.50700 
-3.68139 0.50800 
-3.69011 0.50900 
-3.69883 0.51000 
-3.70754 0.51100 
-3.71626 0.51200 
-3.72498 0.51300 
-3.73370 0.51400 
-3.74242 0.51500 
-3.75114 0.51600 
-3.75986 0.51700 
-3.76858 0.51800 
-3.77730 0.51900 
-3.78602 0.52000 
-3.79474 0.52100 
-3.80346 0.52200 
-3.81218 0.52300 
-3.82090 0.52400 
-3.82963 0.52500 
-3.83835 0.52600 
-3.84707 0.52700 
-3.85579 0.52800 
-3.86452 0.52900 
-3.87324 0.53000 
-3.88196 0.53100 
-3.89069 0.53200 
-3.89941 0.53300 
-3.90813 0.53400 
-3.91686 0.53500 
-3.92558 0.53600 
-3.93431 0.53700 
-3.94303 0.53800 
-3.95176 0.53900 
-3.96048 0.54000 
-3.96921 0.54100 
-3.97793 0.54200 
-3.98666 0.54300 
-3.99538 0.54400 
-4.00411 0.54500 
-4.01284 0.54600 
-4.02156 0.54700 
-4.03029 0.54800 
-4.03902 0.54900 
-4.04774 0.55000 
-4.05647 0.55100 
-4.06520 0.55200 
-4.07393 0.55300 
-4.08265 0.55400 
-4.09138 0.55500 
-4.10011 0.55600 
-4.10884 0.55700 
-4.11757 0.55800 
-4.12630 0.55900 
-4.13503 0.56000 
-4.14375 0.56100 
-4.15248 0.56200 
-4.16121 0.56300 
-4.16994 0.56400 
-4.17867 0.56500 
-4.18740 0.56600 
-4.19613 0.56700 
-4.20486 0.56800 
-4.21359 0.56900 
-4.22232 0.57000 
-4.23105 0.57100 
-4.23978 0.57200 
-4.24852 0.57300 
-4.25725 0.57400 
-4.26598 0.57500 
-4.27471 0.57600 
-4.28344 0.57700 
-4.29217 0.57800 
-4.30090 0.57900 
-4.30964 0.58000 
-4.31837 0.58100 
-4.32710 0.58200 
-4.33583 0.58300 
-4.34456 0.58400 
-4.35330 0.58500 
-4.36203 0.58600 
-4.37076 0.58700 
-4.37950 0.58800 
-4.38823 0.58900 
-4.39696 0.59000 
-4.40569 0.59100 
-4.41443 0.59200 
-4.42316 0.59300 
-4.43189 0.59400 
-4.44063 0.59500 
-4.44936 0.59600 
-4.45810 0.59700 
-4.46683 0.59800 
-4.47556 0.59900 
-4.48430 0.60000 
-4.49303 0.60100 
-4.50177 0.60200 
-4.51050 0.60300 
-4.51924 0.60400 
-4.52797 0.60500 
-4.53671 0.60600 
-4.54544 0.60700 
-4.55418 0.60800 
-4.56291 0.60900 
-4.57165 0.61000 
-4.58038 0.61100 
-4.58912 0.61200 
-4.59785 0.61300 
-4.60659 0.61400 
-4.61532 0.61500 
-4.62406 0.61600 
-4.63279 0.61700 
-4.64153 0.61800 
-4.65027 0.61900 
-4.65900 0.62000 
-4.66774 0.62100 
-4.67647 0.62200 
-4.68521 0.62300 
-4.69395 0.62400 
-4.70268 0.62500 
-4.71142 0.62600 
-4.72016 0.62700 
-4.72889 0.62800 
-4.73763 0.62900 
-4.74637 0.63000 
-4.75510 0.63100 
-4.76384 0.63200 
-4.77258 0.63300 
-4.78132 0.63400 
-4.79005 0.63500 
-4.79879 0.63600 
-4.80753 0.63700 
-4.81626 0.63800 
-4.82500 0.63900 
-4.83374 0.64000 
-4.84248 0.64100 
-4.85121 0.64200 
-4.85995 0.64300 
-4.86869 0.64400 
-4.87743 0.64500 
-4.88617 0.64600 
-4.89490 0.64700 
-4.90364 0.64800 
-4.91238 0.64900 
-4.92112 0.65000 
-4.92986 0.65100 
-4.93859 0.65200 
-4.94733 0.65300 
-4.95607 0.65400 
-4.96481 0.65500 
-4.97355 0.65600 
-4.98229 0.65700 
-4.99103 0.65800 
-4.99976 0.65900 
-5.00850 0.66000 
-5.01724 0.66100 
-5.02598 0.66200 
-5.03472 0.66300 
-5.04346 0.66400 
-5.05220 0.66500 
-5.06094 0.66600 
-5.06968 0.66700 
-5.07841 0.66800 
-5.08715 0.66900 
-5.09589 0.67000 
-5.10463 0.67100 
-5.11337 0.67200 
-5.12211 0.67300 
-5.13085 0.67400 
-5.13959 0.67500 
-5.14833 0.67600 
-5.15707 0.67700 
-5.16581 0.67800 
-5.17455 0.67900 
-5.18329 0.68000 
-5.19203 0.68100 
-5.20077 0.68200 
-5.20951 0.68300 
-5.21825 0.68400 
-5.22699 0.68500 
-5.23573 0.68600 
-5.24447 0.68700 
-5.25321 0.68800 
-5.26195 0.68900 
-5.27069 0.69000 
-5.27943 0.69100 
-5.28817 0.69200 
-5.29691 0.69300 
-5.30565 0.69400 
-5.31439 0.69500 
-5.32313 0.69600 
-5.33187 0.69700 
-5.34061 0.69800 
-5.34935 0.69900 
-5.35809 0.70000 
-5.36683 0.70100 
-5.37557 0.70200 
-5.38431 0.70300 
-5.39305 0.70400 
-5.40179 0.70500 
-5.41053 0.70600 
-5.41927 0.70700 
-5.42801 0.70800 
-5.43675 0.70900 
-5.44549 0.71000 
-5.45423 0.71100 
-5.46298 0.71200 
-5.47172 0.71300 
-5.48046 0.71400 
-5.48920 0.71500 
-5.49794 0.71600 
-5.50668 0.71700 
-5.51542 0.71800 
-5.52416 0.71900 
-5.53290 0.72000 
-5.54164 0.72100 
-5.55038 0.72200 
-5.55913 0.72300 
-5.56787 0.72400 
-5.57661 0.72500 
-5.58535 0.72600 
-5.59409 0.72700 
-5.60283 0.72800 
-5.61157 0.72900 
-5.62031 0.73000 
-5.62906 0.73100 
-5.63780 0.73200 
-5.64654 0.73300 
-5.65528 0.73400 
-5.66402 0.73500 
-5.67276 0.73600 
-5.68150 0.73700 
-5.69024 0.73800 
-5.69899 0.73900 
-5.70773 0.74000 
-5.71647 0.74100 
-5.72521 0.74200 
-5.73395 0.74300 
-5.74269 0.74400 
-5.75144 0.74500 
-5.76018 0.74600 
-5.76892 0.74700 
-5.77766 0.74800 
-5.78640 0.74900 
-5.79514 0.75000 
-5.80389 0.75100 
-5.81263 0.75200 
-5.82137 0.75300 
-5.83011 0.75400 
-5.83885 0.75500 
-5.84759 0.75600 
-5.85634 0.75700 
-5.86508 0.75800 
-5.87382 0.75900 
-5.88256 0.76000 
-5.89130 0.76100 
-5.90004 0.76200 
-5.90879 0.76300 
-5.91753 0.76400 
-5.92627 0.76500 
-5.93501 0.76600 
-5.94375 0.76700 
-5.95250 0.76800 
-5.96124 0.76900 
-5.96998 0.77000 
-5.97872 0.77100 
-5.98746 0.77200 
-5.99621 0.77300 
-6.00495 0.77400 
-6.01369 0.77500 
-6.02243 0.77600 
-6.03117 0.77700 
-6.03992 0.77800 
-6.04866 0.77900 
-6.05740 0.78000 
-6.06614 0.78100 
-6.07489 0.78200 
-6.08363 0.78300 
-6.09237 0.78400 
-6.10111 0.78500 
-6.10985 0.78600 
-6.11860 0.78700 
-6.12734 0.78800 
-6.13608 0.78900 
-6.14482 0.79000 
-6.15357 0.79100 
-6.16231 0.79200 
-6.17105 0.79300 
-6.17979 0.79400 
-6.18853 0.79500 
-6.19728 0.79600 
-6.20602 0.79700 
-6.21476 0.79800 
-6.22350 0.79900 
-6.23225 0.80000 
-6.24099 0.80100 
-6.24973 0.80200 
-6.25847 0.80300 
-6.26722 0.80400 
-6.27596 0.80500 
-6.28470 0.80600 
-6.29344 0.80700 
-6.30219 0.80800 
-6.31093 0.80900 
-6.31967 0.81000 
-6.32841 0.81100 
-6.33716 0.81200 
-6.34590 0.81300 
-6.35464 0.81400 
-6.36338 0.81500 
-6.37213 0.81600 
-6.38087 0.81700 
-6.38961 0.81800 
-6.39835 0.81900 
-6.40710 0.82000 
-6.41584 0.82100 
-6.42458 0.82200 
-6.43332 0.82300 
-6.44207 0.82400 
-6.45081 0.82500 
-6.45955 0.82600 
-6.46829 0.82700 
-6.47704 0.82800 
-6.48578 0.82900 
-6.49452 0.83000 
-6.50327 0.83100 
-6.51201 0.83200 
-6.52075 0.83300 
-6.52949 0.83400 
-6.53824 0.83500 
-6.54698 0.83600 
-6.55572 0.83700 
-6.56446 0.83800 
-6.57321 0.83900 
-6.58195 0.84000 
-6.59069 0.84100 
-6.59943 0.84200 
-6.60818 0.84300 
-6.61692 0.84400 
-6.62566 0.84500 
-6.63441 0.84600 
-6.64315 0.84700 
-6.65189 0.84800 
-6.66063 0.84900 
-6.66938 0.85000 
-6.67812 0.85100 
-6.68686 0.85200 
-6.69561 0.85300 
-6.70435 0.85400 
-6.71309 0.85500 
-6.72183 0.85600 
-6.73058 0.85700 
-6.73932 0.85800 
-6.74806 0.85900 
-6.75681 0.86000 
-6.76555 0.86100 
-6.77429 0.86200 
-6.78303 0.86300 
-6.79178 0.86400 
-6.80052 0.86500 
-6.80926 0.86600 
-6.81801 0.86700 
-6.82675 0.86800 
-6.83549 0.86900 
-6.84423 0.87000 
-6.85298 0.87100 
-6.86172 0.87200 
-6.87046 0.87300 
-6.87921 0.87400 
-6.88795 0.87500 
-6.89669 0.87600 
-6.90543 0.87700 
-6.91418 0.87800 
-6.92292 0.87900 
-6.93166 0.88000 
-6.94041 0.88100 
-6.94915 0.88200 
-6.95789 0.88300 
-6.96663 0.88400 
-6.97538 0.88500 
-6.98412 0.88600 
-6.99286 0.88700 
-7.00161 0.88800 
-7.01035 0.88900 
-7.01909 0.89000 
-7.02784 0.89100 
-7.03658 0.89200 
-7.04532 0.89300 
-7.05406 0.89400 
-7.06281 0.89500 
-7.07155 0.89600 
-7.08029 0.89700 
-7.08904 0.89800 
-7.09778 0.89900 
-7.10652 0.90000 
-7.11527 0.90100 
-7.12401 0.90200 
-7.13275 0.90300 
-7.14149 0.90400 
-7.15024 0.90500 
-7.15898 0.90600 
-7.16772 0.90700 
-7.17647 0.90800 
-7.18521 0.90900 
-7.19395 0.91000 
-7.20270 0.91100 
-7.21144 0.91200 
-7.22018 0.91300 
-7.22893 0.91400 
-7.23767 0.91500 
-7.24641 0.91600 
-7.25515 0.91700 
-7.26390 0.91800 
-7.27264 0.91900 
-7.28138 0.92000 
-7.29013 0.92100 
-7.29887 0.92200 
-7.30761 0.92300 
-7.31636 0.92400 
-7.32510 0.92500 
-7.33384 0.92600 
-7.34259 0.92700 
-7.35133 0.92800 
-7.36007 0.92900 
-7.36881 0.93000 
-7.37756 0.93100 
-7.38630 0.93200 
-7.39504 0.93300 
-7.40379 0.93400 
-7.41253 0.93500 
-7.42127 0.93600 
-7.43002 0.93700 
-7.43876 0.93800 
-7.44750 0.93900 
-7.45625 0.94000 
-7.46499 0.94100 
-7.47373 0.94200 
-7.48248 0.94300 
-7.49122 0.94400 
-7.49996 0.94500 
-7.50870 0.94600 
-7.51745 0.94700 
-7.52619 0.94800 
-7.53493 0.94900 
-7.54368 0.95000 
-7.55242 0.95100 
-7.56116 0.95200 
-7.56991 0.95300 
-7.57865 0.95400 
-7.58739 0.95500 
-7.59614 0.95600 
-7.60488 0.95700 
-7.61362 0.95800 
-7.62237 0.95900 
-7.63111 0.96000 
-7.63985 0.96100 
-7.64860 0.96200 
-7.65734 0.96300 
-7.66608 0.96400 
-7.67482 0.96500 
-7.68357 0.96600 
-7.69231 0.96700 
-7.70105 0.96800 
-7.70980 0.96900 
-7.71854 0.97000 
-7.72728 0.97100 
-7.73603 0.97200 
-7.74477 0.97300 
-7.75351 0.97400 
-7.76226 0.97500 
-7.77100 0.97600 
-7.77974 0.97700 
-7.78849 0.97800 
-7.79723 0.97900 
-7.80597 0.98000 
-7.81472 0.98100 
-7.82346 0.98200 
-7.83220 0.98300 
-7.84095 0.98400 
-7.84969 0.98500 
-7.85843 0.98600 
-7.86717 0.98700 
-7.87592 0.98800 
-7.88466 0.98900 
-7.89340 0.99000 
-7.90215 0.99100 
-7.91089 0.99200 
-7.91963 0.99300 
-7.92838 0.99400 
-7.93712 0.99500 
-7.94586 0.99600 
-7.95461 0.99700 
-7.96335 0.99800 
-7.97209 0.99900 
