0.00000 0.00000 
-0.00009 0.00100 
-0.00034 0.00200 
-0.00076 0.00300 
-0.00135 0.00400 
-0.00211 0.00500 
-0.00302 0.00600 
-0.00410 0.00700 
-0.00534 0.00800 
-0.00673 0.00900 
-0.00827 0.01000 
-0.00997 0.01100 
-0.01183 0.01200 
-0.01383 0.01300 
-0.01598 0.01400 
-0.01827 0.01500 
-0.02071 0.01600 
-0.02329 0.01700 
-0.02602 0.01800 
-0.02888 0.01900 
-0.03189 0.02000 
-0.03502 0.02100 
-0.03830 0.02200 
-0.04171 0.02300 
-0.04525 0.02400 
-0.04892 0.02500 
-0.05272 0.02600 
-0.05664 0.02700 
-0.06070 0.02800 
-0.06487 0.02900 
-0.06917 0.03000 
-0.07360 0.03100 
-0.07814 0.03200 
-0.08280 0.03300 
-0.08758 0.03400 
-0.09248 0.03500 
-0.09749 0.03600 
-0.10261 0.03700 
-0.10785 0.03800 
-0.11319 0.03900 
-0.11865 0.04000 
-0.12422 0.04100 
-0.12989 0.04200 
-0.13567 0.04300 
-0.14156 0.04400 
-0.14755 0.04500 
-0.15364 0.04600 
-0.15983 0.04700 
-0.16612 0.04800 
-0.17251 0.04900 
-0.17900 0.05000 
-0.18559 0.05100 
-0.19227 0.05200 
-0.19905 0.05300 
-0.20592 0.05400 
-0.21288 0.05500 
-0.21994 0.05600 
-0.22708 0.05700 
-0.23432 0.05800 
-0.24164 0.05900 
-0.24905 0.06000 
-0.25655 0.06100 
-0.26413 0.06200 
-0.27179 0.06300 
-0.27954 0.06400 
-0.28738 0.06500 
-0.29529 0.06600 
-0.30328 0.06700 
-0.31136 0.06800 
-0.31951 0.06900 
-0.32774 0.07000 
-0.33605 0.07100 
-0.34443 0.07200 
-0.35289 0.07300 
-0.36142 0.07400 
-0.37003 0.07500 
-0.37871 0.07600 
-0.38746 0.07700 
-0.39628 0.07800 
-0.40517 0.07900 
-0.41414 0.08000 
-0.42317 0.08100 
-0.43227 0.08200 
-0.44143 0.08300 
-0.45066 0.08400 
-0.45996 0.08500 
-0.46932 0.08600 
-0.47875 0.08700 
-0.48824 0.08800 
-0.49779 0.08900 
-0.50741 0.09000 
-0.51708 0.09100 
-0.52682 0.09200 
-0.53661 0.09300 
-0.54647 0.09400 
-0.55638 0.09500 
-0.56635 0.09600 
-0.57638 0.09700 
-0.58647 0.09800 
-0.59661 0.09900 
-0.60680 0.10000 
-0.61705 0.10100 
-0.62736 0.10200 
-0.63772 0.10300 
-0.64813 0.10400 
-0.65859 0.10500 
-0.66910 0.10600 
-0.67967 0.10700 
-0.69029 0.10800 
-0.70095 0.10900 
-0.71167 0.11000 
-0.72243 0.11100 
-0.73324 0.11200 
-0.74410 0.11300 
-0.75500 0.11400 
-0.76596 0.11500 
-0.77696 0.11600 
-0.78800 0.11700 
-0.79909 0.11800 
-0.81022 0.11900 
-0.82140 0.12000 
-0.83262 0.12100 
-0.84388 0.12200 
-0.85519 0.12300 
-0.86654 0.12400 
-0.87792 0.12500 
-0.88935 0.12600 
-0.90083 0.12700 
-0.91234 0.12800 
-0.92389 0.12900 
-0.93548 0.13000 
-0.94710 0.13100 
-0.95877 0.13200 
-0.97047 0.13300 
-0.98221 0.13400 
-0.99399 0.13500 
-1.00581 0.13600 
-1.01766 0.13700 
-1.02955 0.13800 
-1.04147 0.13900 
-1.05342 0.14000 
-1.06542 0.14100 
-1.07744 0.14200 
-1.08950 0.14300 
-1.10159 0.14400 
-1.11372 0.14500 
-1.12588 0.14600 
-1.13807 0.14700 
-1.15029 0.14800 
-1.16254 0.14900 
-1.17483 0.15000 
-1.18714 0.15100 
-1.19949 0.15200 
-1.21186 0.15300 
-1.22427 0.15400 
-1.23671 0.15500 
-1.24917 0.15600 
-1.26166 0.15700 
-1.27418 0.15800 
-1.28673 0.15900 
-1.29931 0.16000 
-1.31191 0.16100 
-1.32455 0.16200 
-1.33720 0.16300 
-1.34989 0.16400 
-1.36260 0.16500 
-1.37534 0.16600 
-1.38810 0.16700 
-1.40089 0.16800 
-1.41370 0.16900 
-1.42654 0.17000 
-1.43940 0.17100 
-1.45229 0.17200 
-1.46520 0.17300 
-1.47813 0.17400 
-1.49109 0.17500 
-1.50407 0.17600 
-1.51707 0.17700 
-1.53009 0.17800 
-1.54314 0.17900 
-1.55621 0.18000 
-1.56930 0.18100 
-1.58242 0.18200 
-1.59555 0.18300 
-1.60871 0.18400 
-1.62188 0.18500 
-1.63508 0.18600 
-1.64830 0.18700 
-1.66154 0.18800 
-1.67479 0.18900 
-1.68807 0.19000 
-1.70137 0.19100 
-1.71468 0.19200 
-1.72802 0.19300 
-1.74137 0.19400 
-1.75474 0.19500 
-1.76813 0.19600 
-1.78154 0.19700 
-1.79497 0.19800 
-1.80841 0.19900 
-1.82188 0.20000 
-1.83536 0.20100 
-1.84885 0.20200 
-1.86237 0.20300 
-1.87590 0.20400 
-1.88944 0.20500 
-1.90300 0.20600 
-1.91658 0.20700 
-1.93018 0.20800 
-1.94379 0.20900 
-1.95742 0.21000 
-1.97106 0.21100 
-1.98472 0.21200 
-1.99839 0.21300 
-2.01208 0.21400 
-2.02578 0.21500 
-2.03950 0.21600 
-2.05323 0.21700 
-2.06698 0.21800 
-2.08074 0.21900 
-2.09451 0.22000 
-2.10830 0.22100 
-2.12210 0.22200 
-2.13592 0.22300 
-2.14975 0.22400 
-2.16359 0.22500 
-2.17744 0.22600 
-2.19131 0.22700 
-2.20519 0.22800 
-2.21908 0.22900 
-2.23299 0.23000 
-2.24691 0.23100 
-2.26083 0.23200 
-2.27478 0.23300 
-2.28873 0.23400 
-2.30269 0.23500 
-2.31667 0.23600 
-2.33066 0.23700 
-2.34466 0.23800 
-2.35867 0.23900 
-2.37269 0.24000 
-2.38672 0.24100 
-2.40077 0.24200 
-2.41482 0.24300 
-2.42888 0.24400 
-2.44296 0.24500 
-2.45705 0.24600 
-2.47114 0.24700 
-2.48525 0.24800 
-2.49936 0.24900 
-2.51349 0.25000 
-2.52762 0.25100 
-2.54177 0.25200 
-2.55592 0.25300 
-2.57009 0.25400 
-2.58426 0.25500 
-2.59844 0.25600 
-2.61263 0.25700 
-2.62683 0.25800 
-2.64104 0.25900 
-2.65526 0.26000 
-2.66949 0.26100 
-2.68372 0.26200 
-2.69797 0.26300 
-2.71222 0.26400 
-2.72648 0.26500 
-2.74075 0.26600 
-2.75503 0.26700 
-2.76931 0.26800 
-2.78361 0.26900 
-2.79791 0.27000 
-2.81222 0.27100 
-2.82653 0.27200 
-2.84086 0.27300 
-2.85519 0.27400 
-2.86953 0.27500 
-2.88387 0.27600 
-2.89823 0.27700 
-2.91259 0.27800 
-2.92696 0.27900 
-2.94133 0.28000 
-2.95571 0.28100 
-2.97010 0.28200 
-2.98450 0.28300 
-2.99890 0.28400 
-3.01331 0.28500 
-3.02772 0.28600 
-3.04214 0.28700 
-3.05657 0.28800 
-3.07100 0.28900 
-3.08545 0.29000 
-3.09989 0.29100 
-3.11434 0.29200 
-3.12880 0.29300 
-3.14327 0.29400 
-3.15774 0.29500 
-3.17222 0.29600 
-3.18670 0.29700 
-3.20119 0.29800 
-3.21568 0.29900 
-3.23018 0.30000 
-3.24468 0.30100 
-3.25919 0.30200 
-3.27371 0.30300 
-3.28823 0.30400 
-3.30276 0.30500 
-3.31729 0.30600 
-3.33182 0.30700 
-3.34636 0.30800 
-3.36091 0.30900 
-3.37546 0.31000 
-3.39002 0.31100 
-3.40458 0.31200 
-3.41915 0.31300 
-3.43372 0.31400 
-3.44829 0.31500 
-3.46287 0.31600 
-3.47746 0.31700 
-3.49205 0.31800 
-3.50664 0.31900 
-3.52124 0.32000 
-3.53584 0.32100 
-3.55045 0.32200 
-3.56506 0.32300 
-3.57967 0.32400 
-3.59429 0.32500 
-3.60892 0.32600 
-3.62354 0.32700 
-3.63818 0.32800 
-3.65281 0.32900 
-3.66745 0.33000 
-3.68210 0.33100 
-3.69674 0.33200 
-3.71139 0.33300 
-3.72605 0.33400 
-3.74071 0.33500 
-3.75537 0.33600 
-3.77004 0.33700 
-3.78471 0.33800 
-3.79938 0.33900 
-3.81406 0.34000 
-3.82874 0.34100 
-3.84342 0.34200 
-3.85811 0.34300 
-3.87280 0.34400 
-3.88749 0.34500 
-3.90219 0.34600 
-3.91689 0.34700 
-3.93160 0.34800 
-3.94630 0.34900 
-3.96101 0.35000 
-3.97573 0.35100 
-3.99044 0.35200 
-4.00516 0.35300 
-4.01988 0.35400 
-4.03461 0.35500 
-4.04934 0.35600 
-4.06407 0.35700 
-4.07880 0.35800 
-4.09354 0.35900 
-4.10828 0.36000 
-4.12302 0.36100 
-4.13777 0.36200 
-4.15251 0.36300 
-4.16726 0.36400 
-4.18202 0.36500 
-4.19677 0.36600 
-4.21153 0.36700 
-4.22629 0.36800 
-4.24105 0.36900 
-4.25582 0.37000 
-4.27059 0.37100 
-4.28536 0.37200 
-4.30013 0.37300 
-4.31491 0.37400 
-4.32969 0.37500 
-4.34447 0.37600 
-4.35925 0.37700 
-4.37403 0.37800 
-4.38882 0.37900 
-4.40361 0.38000 
-4.41840 0.38100 
-4.43320 0.38200 
-4.44799 0.38300 
-4.46279 0.38400 
-4.47759 0.38500 
-4.49239 0.38600 
-4.50720 0.38700 
-4.52200 0.38800 
-4.53681 0.38900 
-4.55162 0.39000 
-4.56643 0.39100 
-4.58125 0.39200 
-4.59606 0.39300 
-4.61088 0.39400 
-4.62570 0.39500 
-4.64052 0.39600 
-4.65535 0.39700 
-4.67017 0.39800 
-4.68500 0.39900 
-4.69983 0.40000 
-4.71466 0.40100 
-4.72949 0.40200 
-4.74432 0.40300 
-4.75916 0.40400 
-4.77400 0.40500 
-4.78884 0.40600 
-4.80368 0.40700 
-4.81852 0.40800 
-4.83336 0.40900 
-4.84821 0.41000 
-4.86306 0.41100 
-4.87790 0.41200 
-4.89275 0.41300 
-4.90761 0.41400 
-4.92246 0.41500 
-4.93731 0.41600 
-4.95217 0.41700 
-4.96703 0.41800 
-4.98189 0.41900 
-4.99675 0.42000 
-5.01161 0.42100 
-5.02647 0.42200 
-5.04134 0.42300 
-5.05620 0.42400 
-5.07107 0.42500 
-5.08594 0.42600 
-5.10081 0.42700 
-5.11568 0.42800 
-5.13055 0.42900 
-5.14543 0.43000 
-5.16030 0.43100 
-5.17518 0.43200 
-5.19005 0.43300 
-5.20493 0.43400 
-5.21981 0.43500 
-5.23469 0.43600 
-5.24957 0.43700 
-5.26446 0.43800 
-5.27934 0.43900 
-5.29423 0.44000 
-5.30911 0.44100 
-5.32400 0.44200 
-5.33889 0.44300 
-5.35378 0.44400 
-5.36867 0.44500 
-5.38356 0.44600 
-5.39846 0.44700 
-5.41335 0.44800 
-5.42825 0.44900 
-5.44314 0.45000 
-5.45804 0.45100 
-5.47294 0.45200 
-5.48784 0.45300 
-5.50273 0.45400 
-5.51764 0.45500 
-5.53254 0.45600 
-5.54744 0.45700 
-5.56234 0.45800 
-5.57725 0.45900 
-5.59215 0.46000 
-5.60706 0.46100 
-5.62197 0.46200 
-5.63687 0.46300 
-5.65178 0.46400 
-5.66669 0.46500 
-5.68160 0.46600 
-5.69652 0.46700 
-5.71143 0.46800 
-5.72634 0.46900 
-5.74125 0.47000 
-5.75617 0.47100 
-5.77108 0.47200 
-5.78600 0.47300 
-5.80092 0.47400 
-5.81583 0.47500 
-5.83075 0.47600 
-5.84567 0.47700 
-5.86059 0.47800 
-5.87551 0.47900 
-5.89043 0.48000 
-5.90535 0.48100 
-5.92028 0.48200 
-5.93520 0.48300 
-5.95012 0.48400 
-5.96505 0.48500 
-5.97997 0.48600 
-5.99490 0.48700 
-6.00983 0.48800 
-6.02475 0.48900 
-6.03968 0.49000 
-6.05461 0.49100 
-6.06954 0.49200 
-6.08447 0.49300 
-6.09940 0.49400 
-6.11433 0.49500 
-6.12926 0.49600 
-6.14419 0.49700 
-6.15913 0.49800 
-6.17406 0.49900 
-6.18899 0.50000 
-6.20393 0.50100 
-6.21886 0.50200 
-6.23380 0.50300 
-6.24873 0.50400 
-6.26367 0.50500 
-6.27861 0.50600 
-6.29355 0.50700 
-6.30848 0.50800 
-6.32342 0.50900 
-6.33836 0.51000 
-6.35330 0.51100 
-6.36824 0.51200 
-6.38318 0.51300 
-6.39812 0.51400 
-6.41306 0.51500 
-6.42801 0.51600 
-6.44295 0.51700 
-6.45789 0.51800 
-6.47283 0.51900 
-6.48778 0.52000 
-6.50272 0.52100 
-6.51767 0.52200 
-6.53261 0.52300 
-6.54756 0.52400 
-6.56250 0.52500 
-6.57745 0.52600 
-6.59240 0.52700 
-6.60734 0.52800 
-6.62229 0.52900 
-6.63724 0.53000 
-6.65219 0.53100 
-6.66714 0.53200 
-6.68209 0.53300 
-6.69703 0.53400 
-6.71198 0.53500 
-6.72693 0.53600 
-6.74189 0.53700 
-6.75684 0.53800 
-6.77179 0.53900 
-6.78674 0.54000 
-6.80169 0.54100 
-6.81664 0.54200 
-6.83160 0.54300 
-6.84655 0.54400 
-6.86150 0.54500 
-6.87646 0.54600 
-6.89141 0.54700 
-6.90636 0.54800 
-6.92132 0.54900 
-6.93627 0.55000 
-6.95123 0.55100 
-6.96619 0.55200 
-6.98114 0.55300 
-6.99610 0.55400 
-7.01105 0.55500 
-7.02601 0.55600 
-7.04097 0.55700 
-7.05593 0.55800 
-7.07088 0.55900 
-7.08584 0.56000 
-7.10080 0.56100 
-7.11576 0.56200 
-7.13072 0.56300 
-7.14568 0.56400 
-7.16064 0.56500 
-7.17560 0.56600 
-7.19056 0.56700 
-7.20552 0.56800 
-7.22048 0.56900 
-7.23544 0.57000 
-7.25040 0.57100 
-7.26536 0.57200 
-7.28032 0.57300 
-7.29528 0.57400 
-7.31024 0.57500 
-7.32521 0.57600 
-7.34017 0.57700 
-7.35513 0.57800 
-7.37009 0.57900 
-7.38506 0.58000 
-7.40002 0.58100 
-7.41498 0.58200 
-7.42995 0.58300 
-7.44491 0.58400 
-7.45987 0.58500 
-7.47484 0.58600 
-7.48980 0.58700 
-7.50477 0.58800 
-7.51973 0.58900 
-7.53470 0.59000 
-7.54966 0.59100 
-7.56463 0.59200 
-7.57960 0.59300 
-7.59456 0.59400 
-7.60953 0.59500 
-7.62449 0.59600 
-7.63946 0.59700 
-7.65443 0.59800 
-7.66939 0.59900 
-7.68436 0.60000 
-7.69933 0.60100 
-7.71430 0.60200 
-7.72926 0.60300 
-7.74423 0.60400 
-7.75920 0.60500 
-7.77417 0.60600 
-7.78913 0.60700 
-7.80410 0.60800 
-7.81907 0.60900 
-7.83404 0.61000 
-7.84901 0.61100 
-7.86398 0.61200 
-7.87895 0.61300 
-7.89392 0.61400 
-7.90889 0.61500 
-7.92386 0.61600 
-7.93883 0.61700 
-7.95380 0.61800 
-7.96877 0.61900 
-7.98374 0.62000 
-7.99871 0.62100 
-8.01368 0.62200 
-8.02865 0.62300 
-8.04362 0.62400 
-8.05859 0.62500 
-8.07356 0.62600 
-8.08853 0.62700 
-8.10350 0.62800 
-8.11847 0.62900 
-8.13345 0.63000 
-8.14842 0.63100 
-8.16339 0.63200 
-8.17836 0.63300 
-8.19333 0.63400 
-8.20831 0.63500 
-8.22328 0.63600 
-8.23825 0.63700 
-8.25322 0.63800 
-8.26820 0.63900 
-8.28317 0.64000 
-8.29814 0.64100 
-8.31311 0.64200 
-8.32809 0.64300 
-8.34306 0.64400 
-8.35803 0.64500 
-8.37301 0.64600 
-8.38798 0.64700 
-8.40295 0.64800 
-8.41793 0.64900 
-8.43290 0.65000 
-8.44788 0.65100 
-8.46285 0.65200 
-8.47782 0.65300 
-8.49280 0.65400 
-8.50777 0.65500 
-8.52275 0.65600 
-8.53772 0.65700 
-8.55270 0.65800 
-8.56767 0.65900 
-8.58265 0.66000 
-8.59762 0.66100 
-8.61260 0.66200 
-8.62757 0.66300 
-8.64255 0.66400 
-8.65752 0.66500 
-8.67250 0.66600 
-8.68747 0.66700 
-8.70245 0.66800 
-8.71742 0.66900 
-8.73240 0.67000 
-8.74737 0.67100 
-8.76235 0.67200 
-8.77733 0.67300 
-8.79230 0.67400 
-8.80728 0.67500 
-8.82225 0.67600 
-8.83723 0.67700 
-8.85221 0.67800 
-8.86718 0.67900 
-8.88216 0.68000 
-8.89714 0.68100 
-8.91211 0.68200 
-8.92709 0.68300 
-8.94206 0.68400 
-8.95704 0.68500 
-8.97202 0.68600 
-8.98700 0.68700 
-9.00197 0.68800 
-9.01695 0.68900 
-9.03193 0.69000 
-9.04690 0.69100 
-9.06188 0.69200 
-9.07686 0.69300 
-9.09184 0.69400 
-9.10681 0.69500 
-9.12179 0.69600 
-9.13677 0.69700 
-9.15175 0.69800 
-9.16672 0.69900 
-9.18170 0.70000 
-9.19668 0.70100 
-9.21166 0.70200 
-9.22663 0.70300 
-9.24161 0.70400 
-9.25659 0.70500 
-9.27157 0.70600 
-9.28655 0.70700 
-9.30152 0.70800 
-9.31650 0.70900 
-9.33148 0.71000 
-9.34646 0.71100 
-9.36144 0.71200 
-9.37642 0.71300 
-9.39139 0.71400 
-9.40637 0.71500 
-9.42135 0.71600 
-9.43633 0.71700 
-9.45131 0.71800 
-9.46629 0.71900 
-9.48127 0.72000 
-9.49624 0.72100 
-9.51122 0.72200 
-9.52620 0.72300 
-9.54118 0.72400 
-9.55616 0.72500 
-9.57114 0.72600 
-9.58612 0.72700 
-9.60110 0.72800 
-9.61608 0.72900 
-9.63105 0.73000 
-9.64603 0.73100 
-9.66101 0.73200 
-9.67599 0.73300 
-9.69097 0.73400 
-9.70595 0.73500 
-9.72093 0.73600 
-9.73591 0.73700 
-9.75089 0.73800 
-9.76587 0.73900 
-9.78085 0.74000 
-9.79583 0.74100 
-9.81081 0.74200 
-9.82579 0.74300 
-9.84077 0.74400 
-9.85575 0.74500 
-9.87073 0.74600 
-9.88571 0.74700 
-9.90069 0.74800 
-9.91566 0.74900 
-9.93064 0.75000 
-9.94562 0.75100 
-9.96060 0.75200 
-9.97558 0.75300 
-9.99056 0.75400 
-10.00554 0.75500 
-10.02052 0.75600 
-10.03550 0.75700 
-10.05048 0.75800 
-10.06546 0.75900 
-10.08044 0.76000 
-10.09543 0.76100 
-10.11041 0.76200 
-10.12539 0.76300 
-10.14037 0.76400 
-10.15535 0.76500 
-10.17033 0.76600 
-10.18531 0.76700 
-10.20029 0.76800 
-10.21527 0.76900 
-10.23025 0.77000 
-10.24523 0.77100 
-10.26021 0.77200 
-10.27519 0.77300 
-10.29017 0.77400 
-10.30515 0.77500 
-10.32013 0.77600 
-10.33511 0.77700 
-10.35009 0.77800 
-10.36507 0.77900 
-10.38005 0.78000 
-10.39503 0.78100 
-10.41002 0.78200 
-10.42500 0.78300 
-10.43998 0.78400 
-10.45496 0.78500 
-10.46994 0.78600 
-10.48492 0.78700 
-10.49990 0.78800 
-10.51488 0.78900 
-10.52986 0.79000 
-10.54484 0.79100 
-10.55982 0.79200 
-10.57480 0.79300 
-10.58979 0.79400 
-10.60477 0.79500 
-10.61975 0.79600 
-10.63473 0.79700 
-10.64971 0.79800 
-10.66469 0.79900 
-10.67967 0.80000 
-10.69465 0.80100 
-10.70963 0.80200 
-10.72461 0.80300 
-10.73960 0.80400 
-10.75458 0.80500 
-10.76956 0.80600 
-10.78454 0.80700 
-10.79952 0.80800 
-10.81450 0.80900 
-10.82948 0.81000 
-10.84446 0.81100 
-10.85945 0.81200 
-10.87443 0.81300 
-10.88941 0.81400 
-10.90439 0.81500 
-10.91937 0.81600 
-10.93435 0.81700 
-10.94933 0.81800 
-10.96432 0.81900 
-10.97930 0.82000 
-10.99428 0.82100 
-11.00926 0.82200 
-11.02424 0.82300 
-11.03922 0.82400 
-11.05420 0.82500 
-11.06919 0.82600 
-11.08417 0.82700 
-11.09915 0.82800 
-11.11413 0.82900 
-11.12911 0.83000 
-11.14409 0.83100 
-11.15907 0.83200 
-11.17406 0.83300 
-11.18904 0.83400 
-11.20402 0.83500 
-11.21900 0.83600 
-11.23398 0.83700 
-11.24896 0.83800 
-11.26395 0.83900 
-11.27893 0.84000 
-11.29391 0.84100 
-11.30889 0.84200 
-11.32387 0.84300 
-11.33885 0.84400 
-11.35384 0.84500 
-11.36882 0.84600 
-11.38380 0.84700 
-11.39878 0.84800 
-11.41376 0.84900 
-11.42874 0.85000 
-11.44373 0.85100 
-11.45871 0.85200 
-11.47369 0.85300 
-11.48867 0.85400 
-11.50365 0.85500 
-11.51864 0.85600 
-11.53362 0.85700 
-11.54860 0.85800 
-11.56358 0.85900 
-11.57856 0.86000 
-11.59354 0.86100 
-11.60853 0.86200 
-11.62351 0.86300 
-11.63849 0.86400 
-11.65347 0.86500 
-11.66845 0.86600 
-11.68344 0.86700 
-11.69842 0.86800 
-11.71340 0.86900 
-11.72838 0.87000 
-11.74336 0.87100 
-11.75835 0.87200 
-11.77333 0.87300 
-11.78831 0.87400 
-11.80329 0.87500 
-11.81827 0.87600 
-11.83326 0.87700 
-11.84824 0.87800 
-11.86322 0.87900 
-11.87820 0.88000 
-11.89318 0.88100 
-11.90817 0.88200 
-11.92315 0.88300 
-11.93813 0.88400 
-11.95311 0.88500 
-11.96809 0.88600 
-11.98308 0.88700 
-11.99806 0.88800 
-12.01304 0.88900 
-12.02802 0.89000 
-12.04300 0.89100 
-12.05799 0.89200 
-12.07297 0.89300 
-12.08795 0.89400 
-12.10293 0.89500 
-12.11792 0.89600 
-12.13290 0.89700 
-12.14788 0.89800 
-12.16286 0.89900 
-12.17784 0.90000 
-12.19283 0.90100 
-12.20781 0.90200 
-12.22279 0.90300 
-12.23777 0.90400 
-12.25276 0.90500 
-12.26774 0.90600 
-12.28272 0.90700 
-12.29770 0.90800 
-12.31268 0.90900 
-12.32767 0.91000 
-12.34265 0.91100 
-12.35763 0.91200 
-12.37261 0.91300 
-12.38760 0.91400 
-12.40258 0.91500 
-12.41756 0.91600 
-12.43254 0.91700 
-12.44752 0.91800 
-12.46251 0.91900 
-12.47749 0.92000 
-12.49247 0.92100 
-12.50745 0.92200 
-12.52244 0.92300 
-12.53742 0.92400 
-12.55240 0.92500 
-12.56738 0.92600 
-12.58236 0.92700 
-12.59735 0.92800 
-12.61233 0.92900 
-12.62731 0.93000 
-12.64229 0.93100 
-12.65728 0.93200 
-12.67226 0.93300 
-12.68724 0.93400 
-12.70222 0.93500 
-12.71721 0.93600 
-12.73219 0.93700 
-12.74717 0.93800 
-12.76215 0.93900 
-12.77713 0.94000 
-12.79212 0.94100 
-12.80710 0.94200 
-12.82208 0.94300 
-12.83706 0.94400 
-12.85205 0.94500 
-12.86703 0.94600 
-12.88201 0.94700 
-12.89699 0.94800 
-12.91198 0.94900 
-12.92696 0.95000 
-12.94194 0.95100 
-12.95692 0.95200 
-12.97191 0.95300 
-12.98689 0.95400 
-13.00187 0.95500 
-13.01685 0.95600 
-13.03184 0.95700 
-13.04682 0.95800 
-13.06180 0.95900 
-13.07678 0.96000 
-13.09177 0.96100 
-13.10675 0.96200 
-13.12173 0.96300 
-13.13671 0.96400 
-13.15169 0.96500 
-13.16668 0.96600 
-13.18166 0.96700 
-13.19664 0.96800 
-13.21162 0.96900 
-13.22661 0.97000 
-13.24159 0.97100 
-13.25657 0.97200 
-13.27155 0.97300 
-13.28654 0.97400 
-13.30152 0.97500 
-13.31650 0.97600 
-13.33148 0.97700 
-13.34647 0.97800 
-13.36145 0.97900 
-13.37643 0.98000 
-13.39141 0.98100 
-13.40640 0.98200 
-13.42138 0.98300 
-13.43636 0.98400 
-13.45134 0.98500 
-13.46633 0.98600 
-13.48131 0.98700 
-13.49629 0.98800 
-13.51127 0.98900 
-13.52626 0.99000 
-13.54124 0.99100 
-13.55622 0.99200 
-13.57120 0.99300 
-13.58619 0.99400 
-13.60117 0.99500 
-13.61615 0.99600 
-13.63113 0.99700 
-13.64612 0.99800 
-13.66110 0.99900 
