0.00000 0.00000 
0.03089 0.00100 
0.06142 0.00200 
0.09161 0.00300 
0.12145 0.00400 
0.15095 0.00500 
0.18012 0.00600 
0.20895 0.00700 
0.23745 0.00800 
0.26563 0.00900 
0.29349 0.01000 
0.32103 0.01100 
0.34826 0.01200 
0.37518 0.01300 
0.40178 0.01400 
0.42809 0.01500 
0.45410 0.01600 
0.47981 0.01700 
0.50522 0.01800 
0.53035 0.01900 
0.55519 0.02000 
0.57974 0.02100 
0.60402 0.02200 
0.62802 0.02300 
0.65175 0.02400 
0.67520 0.02500 
0.69839 0.02600 
0.72131 0.02700 
0.74398 0.02800 
0.76638 0.02900 
0.78853 0.03000 
0.81042 0.03100 
0.83207 0.03200 
0.85347 0.03300 
0.87462 0.03400 
0.89554 0.03500 
0.91621 0.03600 
0.93665 0.03700 
0.95686 0.03800 
0.97684 0.03900 
0.99659 0.04000 
1.01611 0.04100 
1.03541 0.04200 
1.05449 0.04300 
1.07335 0.04400 
1.09200 0.04500 
1.11044 0.04600 
1.12866 0.04700 
1.14668 0.04800 
1.16449 0.04900 
1.18210 0.05000 
1.19951 0.05100 
1.21672 0.05200 
1.23373 0.05300 
1.25055 0.05400 
1.26718 0.05500 
1.28362 0.05600 
1.29987 0.05700 
1.31593 0.05800 
1.33181 0.05900 
1.34751 0.06000 
1.36304 0.06100 
1.37838 0.06200 
1.39355 0.06300 
1.40855 0.06400 
1.42337 0.06500 
1.43803 0.06600 
1.45252 0.06700 
1.46685 0.06800 
1.48101 0.06900 
1.49501 0.07000 
1.50885 0.07100 
1.52253 0.07200 
1.53606 0.07300 
1.54943 0.07400 
1.56265 0.07500 
1.57572 0.07600 
1.58864 0.07700 
1.60141 0.07800 
1.61404 0.07900 
1.62652 0.08000 
1.63886 0.08100 
1.65106 0.08200 
1.66312 0.08300 
1.67504 0.08400 
1.68683 0.08500 
1.69848 0.08600 
1.71000 0.08700 
1.72139 0.08800 
1.73265 0.08900 
1.74378 0.09000 
1.75479 0.09100 
1.76566 0.09200 
1.77642 0.09300 
1.78705 0.09400 
1.79756 0.09500 
1.80795 0.09600 
1.81822 0.09700 
1.82838 0.09800 
1.83842 0.09900 
1.84834 0.10000 
1.85815 0.10100 
1.86785 0.10200 
1.87744 0.10300 
1.88692 0.10400 
1.89629 0.10500 
1.90556 0.10600 
1.91472 0.10700 
1.92377 0.10800 
1.93272 0.10900 
1.94157 0.11000 
1.95032 0.11100 
1.95897 0.11200 
1.96752 0.11300 
1.97597 0.11400 
1.98433 0.11500 
1.99259 0.11600 
2.00076 0.11700 
2.00883 0.11800 
2.01682 0.11900 
2.02471 0.12000 
2.03251 0.12100 
2.04022 0.12200 
2.04784 0.12300 
2.05538 0.12400 
2.06283 0.12500 
2.07020 0.12600 
2.07748 0.12700 
2.08468 0.12800 
2.09180 0.12900 
2.09883 0.13000 
2.10579 0.13100 
2.11267 0.13200 
2.11946 0.13300 
2.12619 0.13400 
2.13283 0.13500 
2.13940 0.13600 
2.14589 0.13700 
2.15231 0.13800 
2.15866 0.13900 
2.16493 0.14000 
2.17113 0.14100 
2.17726 0.14200 
2.18333 0.14300 
2.18932 0.14400 
2.19524 0.14500 
2.20110 0.14600 
2.20689 0.14700 
2.21261 0.14800 
2.21827 0.14900 
2.22387 0.15000 
2.22940 0.15100 
2.23487 0.15200 
2.24027 0.15300 
2.24561 0.15400 
2.25090 0.15500 
2.25612 0.15600 
2.26128 0.15700 
2.26639 0.15800 
2.27143 0.15900 
2.27642 0.16000 
2.28135 0.16100 
2.28623 0.16200 
2.29105 0.16300 
2.29581 0.16400 
2.30052 0.16500 
2.30518 0.16600 
2.30978 0.16700 
2.31433 0.16800 
2.31883 0.16900 
2.32328 0.17000 
2.32768 0.17100 
2.33202 0.17200 
2.33632 0.17300 
2.34057 0.17400 
2.34477 0.17500 
2.34892 0.17600 
2.35303 0.17700 
2.35709 0.17800 
2.36110 0.17900 
2.36506 0.18000 
2.36898 0.18100 
2.37286 0.18200 
2.37669 0.18300 
2.38048 0.18400 
2.38422 0.18500 
2.38792 0.18600 
2.39158 0.18700 
2.39519 0.18800 
2.39877 0.18900 
2.40230 0.19000 
2.40580 0.19100 
2.40925 0.19200 
2.41267 0.19300 
2.41604 0.19400 
2.41938 0.19500 
2.42268 0.19600 
2.42594 0.19700 
2.42917 0.19800 
2.43235 0.19900 
2.43551 0.20000 
2.43862 0.20100 
2.44170 0.20200 
2.44475 0.20300 
2.44776 0.20400 
2.45074 0.20500 
2.45368 0.20600 
2.45659 0.20700 
2.45946 0.20800 
2.46231 0.20900 
2.46512 0.21000 
2.46790 0.21100 
2.47064 0.21200 
2.47336 0.21300 
2.47604 0.21400 
2.47870 0.21500 
2.48132 0.21600 
2.48392 0.21700 
2.48648 0.21800 
2.48902 0.21900 
2.49152 0.22000 
2.49400 0.22100 
2.49645 0.22200 
2.49887 0.22300 
2.50127 0.22400 
2.50364 0.22500 
2.50598 0.22600 
2.50829 0.22700 
2.51058 0.22800 
2.51284 0.22900 
2.51507 0.23000 
2.51728 0.23100 
2.51947 0.23200 
2.52163 0.23300 
2.52377 0.23400 
2.52588 0.23500 
2.52796 0.23600 
2.53003 0.23700 
2.53207 0.23800 
2.53408 0.23900 
2.53608 0.24000 
2.53805 0.24100 
2.54000 0.24200 
2.54192 0.24300 
2.54383 0.24400 
2.54571 0.24500 
2.54757 0.24600 
2.54941 0.24700 
2.55123 0.24800 
2.55303 0.24900 
2.55481 0.25000 
2.55657 0.25100 
2.55830 0.25200 
2.56002 0.25300 
2.56172 0.25400 
2.56340 0.25500 
2.56506 0.25600 
2.56670 0.25700 
2.56832 0.25800 
2.56993 0.25900 
2.57151 0.26000 
2.57308 0.26100 
2.57463 0.26200 
2.57616 0.26300 
2.57767 0.26400 
2.57917 0.26500 
2.58065 0.26600 
2.58212 0.26700 
2.58356 0.26800 
2.58499 0.26900 
2.58641 0.27000 
2.58780 0.27100 
2.58919 0.27200 
2.59055 0.27300 
2.59190 0.27400 
2.59324 0.27500 
2.59456 0.27600 
2.59586 0.27700 
2.59715 0.27800 
2.59843 0.27900 
2.59969 0.28000 
2.60094 0.28100 
2.60217 0.28200 
2.60339 0.28300 
2.60460 0.28400 
2.60579 0.28500 
2.60696 0.28600 
2.60813 0.28700 
2.60928 0.28800 
2.61042 0.28900 
2.61154 0.29000 
2.61265 0.29100 
2.61375 0.29200 
2.61484 0.29300 
2.61591 0.29400 
2.61698 0.29500 
2.61803 0.29600 
2.61906 0.29700 
2.62009 0.29800 
2.62111 0.29900 
2.62211 0.30000 
2.62310 0.30100 
2.62408 0.30200 
2.62505 0.30300 
2.62601 0.30400 
2.62695 0.30500 
2.62789 0.30600 
2.62882 0.30700 
2.62973 0.30800 
2.63064 0.30900 
2.63153 0.31000 
2.63241 0.31100 
2.63329 0.31200 
2.63415 0.31300 
2.63501 0.31400 
2.63585 0.31500 
2.63669 0.31600 
2.63751 0.31700 
2.63833 0.31800 
2.63913 0.31900 
2.63993 0.32000 
2.64072 0.32100 
2.64150 0.32200 
2.64227 0.32300 
2.64303 0.32400 
2.64378 0.32500 
2.64453 0.32600 
2.64526 0.32700 
2.64599 0.32800 
2.64671 0.32900 
2.64742 0.33000 
2.64812 0.33100 
2.64882 0.33200 
2.64951 0.33300 
2.65018 0.33400 
2.65086 0.33500 
2.65152 0.33600 
2.65218 0.33700 
2.65283 0.33800 
2.65347 0.33900 
2.65410 0.34000 
2.65473 0.34100 
2.65535 0.34200 
2.65596 0.34300 
2.65657 0.34400 
2.65716 0.34500 
2.65776 0.34600 
2.65834 0.34700 
2.65892 0.34800 
2.65949 0.34900 
2.66006 0.35000 
2.66062 0.35100 
2.66117 0.35200 
2.66172 0.35300 
2.66226 0.35400 
2.66279 0.35500 
2.66332 0.35600 
2.66384 0.35700 
2.66436 0.35800 
2.66487 0.35900 
2.66537 0.36000 
2.66587 0.36100 
2.66636 0.36200 
2.66685 0.36300 
2.66733 0.36400 
2.66781 0.36500 
2.66828 0.36600 
2.66875 0.36700 
2.66921 0.36800 
2.66966 0.36900 
2.67011 0.37000 
2.67055 0.37100 
2.67099 0.37200 
2.67143 0.37300 
2.67186 0.37400 
2.67228 0.37500 
2.67270 0.37600 
2.67312 0.37700 
2.67353 0.37800 
2.67393 0.37900 
2.67434 0.38000 
2.67473 0.38100 
2.67512 0.38200 
2.67551 0.38300 
2.67589 0.38400 
2.67627 0.38500 
2.67665 0.38600 
2.67702 0.38700 
2.67738 0.38800 
2.67775 0.38900 
2.67810 0.39000 
2.67846 0.39100 
2.67881 0.39200 
2.67915 0.39300 
2.67949 0.39400 
2.67983 0.39500 
2.68017 0.39600 
2.68050 0.39700 
2.68082 0.39800 
2.68114 0.39900 
2.68146 0.40000 
2.68178 0.40100 
2.68209 0.40200 
2.68240 0.40300 
2.68270 0.40400 
2.68300 0.40500 
2.68330 0.40600 
2.68360 0.40700 
2.68389 0.40800 
2.68417 0.40900 
2.68446 0.41000 
2.68474 0.41100 
2.68502 0.41200 
2.68529 0.41300 
2.68556 0.41400 
2.68583 0.41500 
2.68610 0.41600 
2.68636 0.41700 
2.68662 0.41800 
2.68688 0.41900 
2.68713 0.42000 
2.68738 0.42100 
2.68763 0.42200 
2.68787 0.42300 
2.68812 0.42400 
2.68836 0.42500 
2.68859 0.42600 
2.68883 0.42700 
2.68906 0.42800 
2.68929 0.42900 
2.68951 0.43000 
2.68974 0.43100 
2.68996 0.43200 
2.69018 0.43300 
2.69039 0.43400 
2.69061 0.43500 
2.69082 0.43600 
2.69103 0.43700 
2.69123 0.43800 
2.69144 0.43900 
2.69164 0.44000 
2.69184 0.44100 
2.69203 0.44200 
2.69223 0.44300 
2.69242 0.44400 
2.69261 0.44500 
2.69280 0.44600 
2.69299 0.44700 
2.69317 0.44800 
2.69335 0.44900 
2.69353 0.45000 
2.69371 0.45100 
2.69389 0.45200 
2.69406 0.45300 
2.69423 0.45400 
2.69440 0.45500 
2.69457 0.45600 
2.69473 0.45700 
2.69490 0.45800 
2.69506 0.45900 
2.69522 0.46000 
2.69538 0.46100 
2.69554 0.46200 
2.69569 0.46300 
2.69584 0.46400 
2.69600 0.46500 
2.69615 0.46600 
2.69629 0.46700 
2.69644 0.46800 
2.69658 0.46900 
2.69673 0.47000 
2.69687 0.47100 
2.69701 0.47200 
2.69715 0.47300 
2.69728 0.47400 
2.69742 0.47500 
2.69755 0.47600 
2.69768 0.47700 
2.69781 0.47800 
2.69794 0.47900 
2.69807 0.48000 
2.69820 0.48100 
2.69832 0.48200 
2.69845 0.48300 
2.69857 0.48400 
2.69869 0.48500 
2.69881 0.48600 
2.69892 0.48700 
2.69904 0.48800 
2.69916 0.48900 
2.69927 0.49000 
2.69938 0.49100 
2.69949 0.49200 
2.69960 0.49300 
2.69971 0.49400 
2.69982 0.49500 
2.69993 0.49600 
2.70003 0.49700 
2.70014 0.49800 
2.70024 0.49900 
2.70034 0.50000 
2.70044 0.50100 
2.70054 0.50200 
2.70064 0.50300 
2.70073 0.50400 
2.70083 0.50500 
2.70093 0.50600 
2.70102 0.50700 
2.70111 0.50800 
2.70120 0.50900 
2.70129 0.51000 
2.70138 0.51100 
2.70147 0.51200 
2.70156 0.51300 
2.70165 0.51400 
2.70173 0.51500 
2.70182 0.51600 
2.70190 0.51700 
2.70198 0.51800 
2.70206 0.51900 
2.70215 0.52000 
2.70223 0.52100 
2.70230 0.52200 
2.70238 0.52300 
2.70246 0.52400 
2.70254 0.52500 
2.70261 0.52600 
2.70269 0.52700 
2.70276 0.52800 
2.70283 0.52900 
2.70291 0.53000 
2.70298 0.53100 
2.70305 0.53200 
2.70312 0.53300 
2.70319 0.53400 
2.70325 0.53500 
2.70332 0.53600 
2.70339 0.53700 
2.70345 0.53800 
2.70352 0.53900 
2.70358 0.54000 
2.70365 0.54100 
2.70371 0.54200 
2.70377 0.54300 
2.70383 0.54400 
2.70389 0.54500 
2.70395 0.54600 
2.70401 0.54700 
2.70407 0.54800 
2.70413 0.54900 
2.70419 0.55000 
2.70424 0.55100 
2.70430 0.55200 
2.70436 0.55300 
2.70441 0.55400 
2.70447 0.55500 
2.70452 0.55600 
2.70457 0.55700 
2.70462 0.55800 
2.70468 0.55900 
2.70473 0.56000 
2.70478 0.56100 
2.70483 0.56200 
2.70488 0.56300 
2.70493 0.56400 
2.70498 0.56500 
2.70502 0.56600 
2.70507 0.56700 
2.70512 0.56800 
2.70516 0.56900 
2.70521 0.57000 
2.70525 0.57100 
2.70530 0.57200 
2.70534 0.57300 
2.70539 0.57400 
2.70543 0.57500 
2.70547 0.57600 
2.70551 0.57700 
2.70556 0.57800 
2.70560 0.57900 
2.70564 0.58000 
2.70568 0.58100 
2.70572 0.58200 
2.70576 0.58300 
2.70580 0.58400 
2.70584 0.58500 
2.70587 0.58600 
2.70591 0.58700 
2.70595 0.58800 
2.70599 0.58900 
2.70602 0.59000 
2.70606 0.59100 
2.70609 0.59200 
2.70613 0.59300 
2.70616 0.59400 
2.70620 0.59500 
2.70623 0.59600 
2.70627 0.59700 
2.70630 0.59800 
2.70633 0.59900 
2.70636 0.60000 
2.70640 0.60100 
2.70643 0.60200 
2.70646 0.60300 
2.70649 0.60400 
2.70652 0.60500 
2.70655 0.60600 
2.70658 0.60700 
2.70661 0.60800 
2.70664 0.60900 
2.70667 0.61000 
2.70670 0.61100 
2.70673 0.61200 
2.70675 0.61300 
2.70678 0.61400 
2.70681 0.61500 
2.70684 0.61600 
2.70686 0.61700 
2.70689 0.61800 
2.70692 0.61900 
2.70694 0.62000 
2.70697 0.62100 
2.70699 0.62200 
2.70702 0.62300 
2.70704 0.62400 
2.70707 0.62500 
2.70709 0.62600 
2.70711 0.62700 
2.70714 0.62800 
2.70716 0.62900 
2.70718 0.63000 
2.70721 0.63100 
2.70723 0.63200 
2.70725 0.63300 
2.70727 0.63400 
2.70730 0.63500 
2.70732 0.63600 
2.70734 0.63700 
2.70736 0.63800 
2.70738 0.63900 
2.70740 0.64000 
2.70742 0.64100 
2.70744 0.64200 
2.70746 0.64300 
2.70748 0.64400 
2.70750 0.64500 
2.70752 0.64600 
2.70754 0.64700 
2.70756 0.64800 
2.70758 0.64900 
2.70759 0.65000 
2.70761 0.65100 
2.70763 0.65200 
2.70765 0.65300 
2.70767 0.65400 
2.70768 0.65500 
2.70770 0.65600 
2.70772 0.65700 
2.70773 0.65800 
2.70775 0.65900 
2.70777 0.66000 
2.70778 0.66100 
2.70780 0.66200 
2.70782 0.66300 
2.70783 0.66400 
2.70785 0.66500 
2.70786 0.66600 
2.70788 0.66700 
2.70789 0.66800 
2.70791 0.66900 
2.70792 0.67000 
2.70794 0.67100 
2.70795 0.67200 
2.70796 0.67300 
2.70798 0.67400 
2.70799 0.67500 
2.70801 0.67600 
2.70802 0.67700 
2.70803 0.67800 
2.70805 0.67900 
2.70806 0.68000 
2.70807 0.68100 
2.70808 0.68200 
2.70810 0.68300 
2.70811 0.68400 
2.70812 0.68500 
2.70813 0.68600 
2.70815 0.68700 
2.70816 0.68800 
2.70817 0.68900 
2.70818 0.69000 
2.70819 0.69100 
2.70820 0.69200 
2.70822 0.69300 
2.70823 0.69400 
2.70824 0.69500 
2.70825 0.69600 
2.70826 0.69700 
2.70827 0.69800 
2.70828 0.69900 
2.70829 0.70000 
2.70830 0.70100 
2.70831 0.70200 
2.70832 0.70300 
2.70833 0.70400 
2.70834 0.70500 
2.70835 0.70600 
2.70836 0.70700 
2.70837 0.70800 
2.70838 0.70900 
2.70839 0.71000 
2.70840 0.71100 
2.70841 0.71200 
2.70842 0.71300 
2.70842 0.71400 
2.70843 0.71500 
2.70844 0.71600 
2.70845 0.71700 
2.70846 0.71800 
2.70847 0.71900 
2.70848 0.72000 
2.70848 0.72100 
2.70849 0.72200 
2.70850 0.72300 
2.70851 0.72400 
2.70852 0.72500 
2.70852 0.72600 
2.70853 0.72700 
2.70854 0.72800 
2.70855 0.72900 
2.70855 0.73000 
2.70856 0.73100 
2.70857 0.73200 
2.70857 0.73300 
2.70858 0.73400 
2.70859 0.73500 
2.70860 0.73600 
2.70860 0.73700 
2.70861 0.73800 
2.70862 0.73900 
2.70862 0.74000 
2.70863 0.74100 
2.70864 0.74200 
2.70864 0.74300 
2.70865 0.74400 
2.70865 0.74500 
2.70866 0.74600 
2.70867 0.74700 
2.70867 0.74800 
2.70868 0.74900 
2.70868 0.75000 
2.70869 0.75100 
2.70870 0.75200 
2.70870 0.75300 
2.70871 0.75400 
2.70871 0.75500 
2.70872 0.75600 
2.70872 0.75700 
2.70873 0.75800 
2.70873 0.75900 
2.70874 0.76000 
2.70874 0.76100 
2.70875 0.76200 
2.70875 0.76300 
2.70876 0.76400 
2.70876 0.76500 
2.70877 0.76600 
2.70877 0.76700 
2.70878 0.76800 
2.70878 0.76900 
2.70879 0.77000 
2.70879 0.77100 
2.70880 0.77200 
2.70880 0.77300 
2.70881 0.77400 
2.70881 0.77500 
2.70882 0.77600 
2.70882 0.77700 
2.70882 0.77800 
2.70883 0.77900 
2.70883 0.78000 
2.70884 0.78100 
2.70884 0.78200 
2.70884 0.78300 
2.70885 0.78400 
2.70885 0.78500 
2.70886 0.78600 
2.70886 0.78700 
2.70886 0.78800 
2.70887 0.78900 
2.70887 0.79000 
2.70888 0.79100 
2.70888 0.79200 
2.70888 0.79300 
2.70889 0.79400 
2.70889 0.79500 
2.70889 0.79600 
2.70890 0.79700 
2.70890 0.79800 
2.70890 0.79900 
2.70891 0.80000 
2.70891 0.80100 
2.70891 0.80200 
2.70892 0.80300 
2.70892 0.80400 
2.70892 0.80500 
2.70893 0.80600 
2.70893 0.80700 
2.70893 0.80800 
2.70893 0.80900 
2.70894 0.81000 
2.70894 0.81100 
2.70894 0.81200 
2.70895 0.81300 
2.70895 0.81400 
2.70895 0.81500 
2.70895 0.81600 
2.70896 0.81700 
2.70896 0.81800 
2.70896 0.81900 
2.70897 0.82000 
2.70897 0.82100 
2.70897 0.82200 
2.70897 0.82300 
2.70898 0.82400 
2.70898 0.82500 
2.70898 0.82600 
2.70898 0.82700 
2.70899 0.82800 
2.70899 0.82900 
2.70899 0.83000 
2.70899 0.83100 
2.70900 0.83200 
2.70900 0.83300 
2.70900 0.83400 
2.70900 0.83500 
2.70900 0.83600 
2.70901 0.83700 
2.70901 0.83800 
2.70901 0.83900 
2.70901 0.84000 
2.70901 0.84100 
2.70902 0.84200 
2.70902 0.84300 
2.70902 0.84400 
2.70902 0.84500 
2.70902 0.84600 
2.70903 0.84700 
2.70903 0.84800 
2.70903 0.84900 
2.70903 0.85000 
2.70903 0.85100 
2.70904 0.85200 
2.70904 0.85300 
2.70904 0.85400 
2.70904 0.85500 
2.70904 0.85600 
2.70905 0.85700 
2.70905 0.85800 
2.70905 0.85900 
2.70905 0.86000 
2.70905 0.86100 
2.70905 0.86200 
2.70906 0.86300 
2.70906 0.86400 
2.70906 0.86500 
2.70906 0.86600 
2.70906 0.86700 
2.70906 0.86800 
2.70906 0.86900 
2.70907 0.87000 
2.70907 0.87100 
2.70907 0.87200 
2.70907 0.87300 
2.70907 0.87400 
2.70907 0.87500 
2.70907 0.87600 
2.70908 0.87700 
2.70908 0.87800 
2.70908 0.87900 
2.70908 0.88000 
2.70908 0.88100 
2.70908 0.88200 
2.70908 0.88300 
2.70909 0.88400 
2.70909 0.88500 
2.70909 0.88600 
2.70909 0.88700 
2.70909 0.88800 
2.70909 0.88900 
2.70909 0.89000 
2.70909 0.89100 
2.70909 0.89200 
2.70910 0.89300 
2.70910 0.89400 
2.70910 0.89500 
2.70910 0.89600 
2.70910 0.89700 
2.70910 0.89800 
2.70910 0.89900 
2.70910 0.90000 
2.70910 0.90100 
2.70911 0.90200 
2.70911 0.90300 
2.70911 0.90400 
2.70911 0.90500 
2.70911 0.90600 
2.70911 0.90700 
2.70911 0.90800 
2.70911 0.90900 
2.70911 0.91000 
2.70911 0.91100 
2.70912 0.91200 
2.70912 0.91300 
2.70912 0.91400 
2.70912 0.91500 
2.70912 0.91600 
2.70912 0.91700 
2.70912 0.91800 
2.70912 0.91900 
2.70912 0.92000 
2.70912 0.92100 
2.70912 0.92200 
2.70913 0.92300 
2.70913 0.92400 
2.70913 0.92500 
2.70913 0.92600 
2.70913 0.92700 
2.70913 0.92800 
2.70913 0.92900 
2.70913 0.93000 
2.70913 0.93100 
2.70913 0.93200 
2.70913 0.93300 
2.70913 0.93400 
2.70913 0.93500 
2.70913 0.93600 
2.70914 0.93700 
2.70914 0.93800 
2.70914 0.93900 
2.70914 0.94000 
2.70914 0.94100 
2.70914 0.94200 
2.70914 0.94300 
2.70914 0.94400 
2.70914 0.94500 
2.70914 0.94600 
2.70914 0.94700 
2.70914 0.94800 
2.70914 0.94900 
2.70914 0.95000 
2.70914 0.95100 
2.70915 0.95200 
2.70915 0.95300 
2.70915 0.95400 
2.70915 0.95500 
2.70915 0.95600 
2.70915 0.95700 
2.70915 0.95800 
2.70915 0.95900 
2.70915 0.96000 
2.70915 0.96100 
2.70915 0.96200 
2.70915 0.96300 
2.70915 0.96400 
2.70915 0.96500 
2.70915 0.96600 
2.70915 0.96700 
2.70915 0.96800 
2.70915 0.96900 
2.70915 0.97000 
2.70916 0.97100 
2.70916 0.97200 
2.70916 0.97300 
2.70916 0.97400 
2.70916 0.97500 
2.70916 0.97600 
2.70916 0.97700 
2.70916 0.97800 
2.70916 0.97900 
2.70916 0.98000 
2.70916 0.98100 
2.70916 0.98200 
2.70916 0.98300 
2.70916 0.98400 
2.70916 0.98500 
2.70916 0.98600 
2.70916 0.98700 
2.70916 0.98800 
2.70916 0.98900 
2.70916 0.99000 
2.70916 0.99100 
2.70916 0.99200 
2.70916 0.99300 
2.70916 0.99400 
2.70916 0.99500 
2.70917 0.99600 
2.70917 0.99700 
2.70917 0.99800 
2.70917 0.99900 
