0.00000 0.00000 
-0.00003 0.00100 
-0.00013 0.00200 
-0.00029 0.00300 
-0.00052 0.00400 
-0.00081 0.00500 
-0.00116 0.00600 
-0.00157 0.00700 
-0.00204 0.00800 
-0.00257 0.00900 
-0.00316 0.01000 
-0.00381 0.01100 
-0.00452 0.01200 
-0.00529 0.01300 
-0.00611 0.01400 
-0.00698 0.01500 
-0.00792 0.01600 
-0.00890 0.01700 
-0.00995 0.01800 
-0.01104 0.01900 
-0.01219 0.02000 
-0.01339 0.02100 
-0.01464 0.02200 
-0.01594 0.02300 
-0.01729 0.02400 
-0.01870 0.02500 
-0.02015 0.02600 
-0.02165 0.02700 
-0.02320 0.02800 
-0.02480 0.02900 
-0.02644 0.03000 
-0.02813 0.03100 
-0.02987 0.03200 
-0.03165 0.03300 
-0.03347 0.03400 
-0.03535 0.03500 
-0.03726 0.03600 
-0.03922 0.03700 
-0.04122 0.03800 
-0.04326 0.03900 
-0.04535 0.04000 
-0.04748 0.04100 
-0.04965 0.04200 
-0.05186 0.04300 
-0.05410 0.04400 
-0.05639 0.04500 
-0.05872 0.04600 
-0.06109 0.04700 
-0.06349 0.04800 
-0.06594 0.04900 
-0.06842 0.05000 
-0.07093 0.05100 
-0.07349 0.05200 
-0.07608 0.05300 
-0.07870 0.05400 
-0.08137 0.05500 
-0.08406 0.05600 
-0.08679 0.05700 
-0.08956 0.05800 
-0.09236 0.05900 
-0.09519 0.06000 
-0.09805 0.06100 
-0.10095 0.06200 
-0.10388 0.06300 
-0.10684 0.06400 
-0.10984 0.06500 
-0.11286 0.06600 
-0.11592 0.06700 
-0.11900 0.06800 
-0.12212 0.06900 
-0.12526 0.07000 
-0.12844 0.07100 
-0.13164 0.07200 
-0.13488 0.07300 
-0.13814 0.07400 
-0.14143 0.07500 
-0.14474 0.07600 
-0.14809 0.07700 
-0.15146 0.07800 
-0.15486 0.07900 
-0.15828 0.08000 
-0.16174 0.08100 
-0.16521 0.08200 
-0.16872 0.08300 
-0.17224 0.08400 
-0.17580 0.08500 
-0.17938 0.08600 
-0.18298 0.08700 
-0.18661 0.08800 
-0.19026 0.08900 
-0.19393 0.09000 
-0.19763 0.09100 
-0.20135 0.09200 
-0.20509 0.09300 
-0.20886 0.09400 
-0.21265 0.09500 
-0.21646 0.09600 
-0.22029 0.09700 
-0.22415 0.09800 
-0.22802 0.09900 
-0.23192 0.10000 
-0.23584 0.10100 
-0.23978 0.10200 
-0.24374 0.10300 
-0.24771 0.10400 
-0.25171 0.10500 
-0.25573 0.10600 
-0.25977 0.10700 
-0.26383 0.10800 
-0.26790 0.10900 
-0.27200 0.11000 
-0.27611 0.11100 
-0.28024 0.11200 
-0.28439 0.11300 
-0.28856 0.11400 
-0.29275 0.11500 
-0.29695 0.11600 
-0.30117 0.11700 
-0.30541 0.11800 
-0.30967 0.11900 
-0.31394 0.12000 
-0.31823 0.12100 
-0.32253 0.12200 
-0.32685 0.12300 
-0.33119 0.12400 
-0.33554 0.12500 
-0.33991 0.12600 
-0.34429 0.12700 
-0.34869 0.12800 
-0.35311 0.12900 
-0.35754 0.13000 
-0.36198 0.13100 
-0.36644 0.13200 
-0.37091 0.13300 
-0.37540 0.13400 
-0.37990 0.13500 
-0.38442 0.13600 
-0.38895 0.13700 
-0.39349 0.13800 
-0.39805 0.13900 
-0.40262 0.14000 
-0.40720 0.14100 
-0.41179 0.14200 
-0.41640 0.14300 
-0.42103 0.14400 
-0.42566 0.14500 
-0.43031 0.14600 
-0.43497 0.14700 
-0.43964 0.14800 
-0.44432 0.14900 
-0.44901 0.15000 
-0.45372 0.15100 
-0.45844 0.15200 
-0.46317 0.15300 
-0.46791 0.15400 
-0.47266 0.15500 
-0.47743 0.15600 
-0.48220 0.15700 
-0.48699 0.15800 
-0.49178 0.15900 
-0.49659 0.16000 
-0.50141 0.16100 
-0.50624 0.16200 
-0.51107 0.16300 
-0.51592 0.16400 
-0.52078 0.16500 
-0.52565 0.16600 
-0.53053 0.16700 
-0.53541 0.16800 
-0.54031 0.16900 
-0.54522 0.17000 
-0.55013 0.17100 
-0.55506 0.17200 
-0.55999 0.17300 
-0.56493 0.17400 
-0.56989 0.17500 
-0.57485 0.17600 
-0.57982 0.17700 
-0.58479 0.17800 
-0.58978 0.17900 
-0.59478 0.18000 
-0.59978 0.18100 
-0.60479 0.18200 
-0.60981 0.18300 
-0.61484 0.18400 
-0.61988 0.18500 
-0.62492 0.18600 
-0.62997 0.18700 
-0.63503 0.18800 
-0.64010 0.18900 
-0.64517 0.19000 
-0.65025 0.19100 
-0.65534 0.19200 
-0.66044 0.19300 
-0.66554 0.19400 
-0.67065 0.19500 
-0.67577 0.19600 
-0.68090 0.19700 
-0.68603 0.19800 
-0.69117 0.19900 
-0.69631 0.20000 
-0.70146 0.20100 
-0.70662 0.20200 
-0.71179 0.20300 
-0.71696 0.20400 
-0.72214 0.20500 
-0.72732 0.20600 
-0.73251 0.20700 
-0.73771 0.20800 
-0.74291 0.20900 
-0.74812 0.21000 
-0.75333 0.21100 
-0.75855 0.21200 
-0.76378 0.21300 
-0.76901 0.21400 
-0.77425 0.21500 
-0.77949 0.21600 
-0.78474 0.21700 
-0.78999 0.21800 
-0.79525 0.21900 
-0.80051 0.22000 
-0.80578 0.22100 
-0.81106 0.22200 
-0.81634 0.22300 
-0.82162 0.22400 
-0.82691 0.22500 
-0.83221 0.22600 
-0.83751 0.22700 
-0.84281 0.22800 
-0.84812 0.22900 
-0.85344 0.23000 
-0.85876 0.23100 
-0.86408 0.23200 
-0.86941 0.23300 
-0.87474 0.23400 
-0.88008 0.23500 
-0.88542 0.23600 
-0.89077 0.23700 
-0.89612 0.23800 
-0.90147 0.23900 
-0.90683 0.24000 
-0.91219 0.24100 
-0.91756 0.24200 
-0.92293 0.24300 
-0.92831 0.24400 
-0.93368 0.24500 
-0.93907 0.24600 
-0.94446 0.24700 
-0.94985 0.24800 
-0.95524 0.24900 
-0.96064 0.25000 
-0.96604 0.25100 
-0.97145 0.25200 
-0.97686 0.25300 
-0.98227 0.25400 
-0.98769 0.25500 
-0.99311 0.25600 
-0.99853 0.25700 
-1.00396 0.25800 
-1.00939 0.25900 
-1.01482 0.26000 
-1.02026 0.26100 
-1.02570 0.26200 
-1.03115 0.26300 
-1.03659 0.26400 
-1.04204 0.26500 
-1.04750 0.26600 
-1.05295 0.26700 
-1.05841 0.26800 
-1.06388 0.26900 
-1.06934 0.27000 
-1.07481 0.27100 
-1.08028 0.27200 
-1.08576 0.27300 
-1.09123 0.27400 
-1.09671 0.27500 
-1.10220 0.27600 
-1.10768 0.27700 
-1.11317 0.27800 
-1.11866 0.27900 
-1.12416 0.28000 
-1.12965 0.28100 
-1.13515 0.28200 
-1.14065 0.28300 
-1.14616 0.28400 
-1.15166 0.28500 
-1.15717 0.28600 
-1.16269 0.28700 
-1.16820 0.28800 
-1.17372 0.28900 
-1.17924 0.29000 
-1.18476 0.29100 
-1.19028 0.29200 
-1.19581 0.29300 
-1.20133 0.29400 
-1.20687 0.29500 
-1.21240 0.29600 
-1.21793 0.29700 
-1.22347 0.29800 
-1.22901 0.29900 
-1.23455 0.30000 
-1.24009 0.30100 
-1.24564 0.30200 
-1.25119 0.30300 
-1.25674 0.30400 
-1.26229 0.30500 
-1.26784 0.30600 
-1.27340 0.30700 
-1.27896 0.30800 
-1.28452 0.30900 
-1.29008 0.31000 
-1.29564 0.31100 
-1.30120 0.31200 
-1.30677 0.31300 
-1.31234 0.31400 
-1.31791 0.31500 
-1.32348 0.31600 
-1.32906 0.31700 
-1.33463 0.31800 
-1.34021 0.31900 
-1.34579 0.32000 
-1.35137 0.32100 
-1.35695 0.32200 
-1.36254 0.32300 
-1.36812 0.32400 
-1.37371 0.32500 
-1.37930 0.32600 
-1.38489 0.32700 
-1.39048 0.32800 
-1.39608 0.32900 
-1.40167 0.33000 
-1.40727 0.33100 
-1.41287 0.33200 
-1.41847 0.33300 
-1.42407 0.33400 
-1.42967 0.33500 
-1.43527 0.33600 
-1.44088 0.33700 
-1.44649 0.33800 
-1.45209 0.33900 
-1.45770 0.34000 
-1.46331 0.34100 
-1.46893 0.34200 
-1.47454 0.34300 
-1.48015 0.34400 
-1.48577 0.34500 
-1.49139 0.34600 
-1.49701 0.34700 
-1.50263 0.34800 
-1.50825 0.34900 
-1.51387 0.35000 
-1.51949 0.35100 
-1.52512 0.35200 
-1.53074 0.35300 
-1.53637 0.35400 
-1.54200 0.35500 
-1.54763 0.35600 
-1.55326 0.35700 
-1.55889 0.35800 
-1.56452 0.35900 
-1.57015 0.36000 
-1.57579 0.36100 
-1.58142 0.36200 
-1.58706 0.36300 
-1.59270 0.36400 
-1.59833 0.36500 
-1.60397 0.36600 
-1.60961 0.36700 
-1.61526 0.36800 
-1.62090 0.36900 
-1.62654 0.37000 
-1.63219 0.37100 
-1.63783 0.37200 
-1.64348 0.37300 
-1.64912 0.37400 
-1.65477 0.37500 
-1.66042 0.37600 
-1.66607 0.37700 
-1.67172 0.37800 
-1.67737 0.37900 
-1.68303 0.38000 
-1.68868 0.38100 
-1.69433 0.38200 
-1.69999 0.38300 
-1.70564 0.38400 
-1.71130 0.38500 
-1.71696 0.38600 
-1.72261 0.38700 
-1.72827 0.38800 
-1.73393 0.38900 
-1.73959 0.39000 
-1.74525 0.39100 
-1.75092 0.39200 
-1.75658 0.39300 
-1.76224 0.39400 
-1.76791 0.39500 
-1.77357 0.39600 
-1.77924 0.39700 
-1.78490 0.39800 
-1.79057 0.39900 
-1.79624 0.40000 
-1.80190 0.40100 
-1.80757 0.40200 
-1.81324 0.40300 
-1.81891 0.40400 
-1.82458 0.40500 
-1.83026 0.40600 
-1.83593 0.40700 
-1.84160 0.40800 
-1.84727 0.40900 
-1.85295 0.41000 
-1.85862 0.41100 
-1.86430 0.41200 
-1.86997 0.41300 
-1.87565 0.41400 
-1.88133 0.41500 
-1.88700 0.41600 
-1.89268 0.41700 
-1.89836 0.41800 
-1.90404 0.41900 
-1.90972 0.42000 
-1.91540 0.42100 
-1.92108 0.42200 
-1.92676 0.42300 
-1.93244 0.42400 
-1.93812 0.42500 
-1.94381 0.42600 
-1.94949 0.42700 
-1.95517 0.42800 
-1.96086 0.42900 
-1.96654 0.43000 
-1.97223 0.43100 
-1.97791 0.43200 
-1.98360 0.43300 
-1.98928 0.43400 
-1.99497 0.43500 
-2.00066 0.43600 
-2.00635 0.43700 
-2.01203 0.43800 
-2.01772 0.43900 
-2.02341 0.44000 
-2.02910 0.44100 
-2.03479 0.44200 
-2.04048 0.44300 
-2.04617 0.44400 
-2.05186 0.44500 
-2.05755 0.44600 
-2.06325 0.44700 
-2.06894 0.44800 
-2.07463 0.44900 
-2.08033 0.45000 
-2.08602 0.45100 
-2.09171 0.45200 
-2.09741 0.45300 
-2.10310 0.45400 
-2.10880 0.45500 
-2.11449 0.45600 
-2.12019 0.45700 
-2.12588 0.45800 
-2.13158 0.45900 
-2.13728 0.46000 
-2.14297 0.46100 
-2.14867 0.46200 
-2.15437 0.46300 
-2.16007 0.46400 
-2.16576 0.46500 
-2.17146 0.46600 
-2.17716 0.46700 
-2.18286 0.46800 
-2.18856 0.46900 
-2.19426 0.47000 
-2.19996 0.47100 
-2.20566 0.47200 
-2.21136 0.47300 
-2.21706 0.47400 
-2.22277 0.47500 
-2.22847 0.47600 
-2.23417 0.47700 
-2.23987 0.47800 
-2.24557 0.47900 
-2.25128 0.48000 
-2.25698 0.48100 
-2.26268 0.48200 
-2.26839 0.48300 
-2.27409 0.48400 
-2.27979 0.48500 
-2.28550 0.48600 
-2.29120 0.48700 
-2.29691 0.48800 
-2.30261 0.48900 
-2.30832 0.49000 
-2.31402 0.49100 
-2.31973 0.49200 
-2.32544 0.49300 
-2.33114 0.49400 
-2.33685 0.49500 
-2.34255 0.49600 
-2.34826 0.49700 
-2.35397 0.49800 
-2.35968 0.49900 
-2.36538 0.50000 
-2.37109 0.50100 
-2.37680 0.50200 
-2.38251 0.50300 
-2.38822 0.50400 
-2.39392 0.50500 
-2.39963 0.50600 
-2.40534 0.50700 
-2.41105 0.50800 
-2.41676 0.50900 
-2.42247 0.51000 
-2.42818 0.51100 
-2.43389 0.51200 
-2.43960 0.51300 
-2.44531 0.51400 
-2.45102 0.51500 
-2.45673 0.51600 
-2.46244 0.51700 
-2.46815 0.51800 
-2.47386 0.51900 
-2.47958 0.52000 
-2.48529 0.52100 
-2.49100 0.52200 
-2.49671 0.52300 
-2.50242 0.52400 
-2.50814 0.52500 
-2.51385 0.52600 
-2.51956 0.52700 
-2.52527 0.52800 
-2.53099 0.52900 
-2.53670 0.53000 
-2.54241 0.53100 
-2.54813 0.53200 
-2.55384 0.53300 
-2.55955 0.53400 
-2.56527 0.53500 
-2.57098 0.53600 
-2.57669 0.53700 
-2.58241 0.53800 
-2.58812 0.53900 
-2.59384 0.54000 
-2.59955 0.54100 
-2.60527 0.54200 
-2.61098 0.54300 
-2.61670 0.54400 
-2.62241 0.54500 
-2.62813 0.54600 
-2.63384 0.54700 
-2.63956 0.54800 
-2.64527 0.54900 
-2.65099 0.55000 
-2.65670 0.55100 
-2.66242 0.55200 
-2.66814 0.55300 
-2.67385 0.55400 
-2.67957 0.55500 
-2.68528 0.55600 
-2.69100 0.55700 
-2.69672 0.55800 
-2.70243 0.55900 
-2.70815 0.56000 
-2.71387 0.56100 
-2.71958 0.56200 
-2.72530 0.56300 
-2.73102 0.56400 
-2.73674 0.56500 
-2.74245 0.56600 
-2.74817 0.56700 
-2.75389 0.56800 
-2.75961 0.56900 
-2.76532 0.57000 
-2.77104 0.57100 
-2.77676 0.57200 
-2.78248 0.57300 
-2.78820 0.57400 
-2.79392 0.57500 
-2.79963 0.57600 
-2.80535 0.57700 
-2.81107 0.57800 
-2.81679 0.57900 
-2.82251 0.58000 
-2.82823 0.58100 
-2.83395 0.58200 
-2.83966 0.58300 
-2.84538 0.58400 
-2.85110 0.58500 
-2.85682 0.58600 
-2.86254 0.58700 
-2.86826 0.58800 
-2.87398 0.58900 
-2.87970 0.59000 
-2.88542 0.59100 
-2.89114 0.59200 
-2.89686 0.59300 
-2.90258 0.59400 
-2.90830 0.59500 
-2.91402 0.59600 
-2.91974 0.59700 
-2.92546 0.59800 
-2.93118 0.59900 
-2.93690 0.60000 
-2.94262 0.60100 
-2.94834 0.60200 
-2.95406 0.60300 
-2.95978 0.60400 
-2.96550 0.60500 
-2.97122 0.60600 
-2.97694 0.60700 
-2.98266 0.60800 
-2.98839 0.60900 
-2.99411 0.61000 
-2.99983 0.61100 
-3.00555 0.61200 
-3.01127 0.61300 
-3.01699 0.61400 
-3.02271 0.61500 
-3.02843 0.61600 
-3.03415 0.61700 
-3.03988 0.61800 
-3.04560 0.61900 
-3.05132 0.62000 
-3.05704 0.62100 
-3.06276 0.62200 
-3.06848 0.62300 
-3.07421 0.62400 
-3.07993 0.62500 
-3.08565 0.62600 
-3.09137 0.62700 
-3.09709 0.62800 
-3.10281 0.62900 
-3.10854 0.63000 
-3.11426 0.63100 
-3.11998 0.63200 
-3.12570 0.63300 
-3.13142 0.63400 
-3.13715 0.63500 
-3.14287 0.63600 
-3.14859 0.63700 
-3.15431 0.63800 
-3.16004 0.63900 
-3.16576 0.64000 
-3.17148 0.64100 
-3.17720 0.64200 
-3.18293 0.64300 
-3.18865 0.64400 
-3.19437 0.64500 
-3.20009 0.64600 
-3.20582 0.64700 
-3.21154 0.64800 
-3.21726 0.64900 
-3.22299 0.65000 
-3.22871 0.65100 
-3.23443 0.65200 
-3.24015 0.65300 
-3.24588 0.65400 
-3.25160 0.65500 
-3.25732 0.65600 
-3.26305 0.65700 
-3.26877 0.65800 
-3.27449 0.65900 
-3.28022 0.66000 
-3.28594 0.66100 
-3.29166 0.66200 
-3.29739 0.66300 
-3.30311 0.66400 
-3.30883 0.66500 
-3.31456 0.66600 
-3.32028 0.66700 
-3.32600 0.66800 
-3.33173 0.66900 
-3.33745 0.67000 
-3.34317 0.67100 
-3.34890 0.67200 
-3.35462 0.67300 
-3.36035 0.67400 
-3.36607 0.67500 
-3.37179 0.67600 
-3.37752 0.67700 
-3.38324 0.67800 
-3.38896 0.67900 
-3.39469 0.68000 
-3.40041 0.68100 
-3.40614 0.68200 
-3.41186 0.68300 
-3.41758 0.68400 
-3.42331 0.68500 
-3.42903 0.68600 
-3.43476 0.68700 
-3.44048 0.68800 
-3.44620 0.68900 
-3.45193 0.69000 
-3.45765 0.69100 
-3.46338 0.69200 
-3.46910 0.69300 
-3.47482 0.69400 
-3.48055 0.69500 
-3.48627 0.69600 
-3.49200 0.69700 
-3.49772 0.69800 
-3.50345 0.69900 
-3.50917 0.70000 
-3.51489 0.70100 
-3.52062 0.70200 
-3.52634 0.70300 
-3.53207 0.70400 
-3.53779 0.70500 
-3.54352 0.70600 
-3.54924 0.70700 
-3.55497 0.70800 
-3.56069 0.70900 
-3.56642 0.71000 
-3.57214 0.71100 
-3.57786 0.71200 
-3.58359 0.71300 
-3.58931 0.71400 
-3.59504 0.71500 
-3.60076 0.71600 
-3.60649 0.71700 
-3.61221 0.71800 
-3.61794 0.71900 
-3.62366 0.72000 
-3.62939 0.72100 
-3.63511 0.72200 
-3.64084 0.72300 
-3.64656 0.72400 
-3.65229 0.72500 
-3.65801 0.72600 
-3.66374 0.72700 
-3.66946 0.72800 
-3.67519 0.72900 
-3.68091 0.73000 
-3.68663 0.73100 
-3.69236 0.73200 
-3.69808 0.73300 
-3.70381 0.73400 
-3.70953 0.73500 
-3.71526 0.73600 
-3.72098 0.73700 
-3.72671 0.73800 
-3.73243 0.73900 
-3.73816 0.74000 
-3.74388 0.74100 
-3.74961 0.74200 
-3.75533 0.74300 
-3.76106 0.74400 
-3.76679 0.74500 
-3.77251 0.74600 
-3.77824 0.74700 
-3.78396 0.74800 
-3.78969 0.74900 
-3.79541 0.75000 
-3.80114 0.75100 
-3.80686 0.75200 
-3.81259 0.75300 
-3.81831 0.75400 
-3.82404 0.75500 
-3.82976 0.75600 
-3.83549 0.75700 
-3.84121 0.75800 
-3.84694 0.75900 
-3.85266 0.76000 
-3.85839 0.76100 
-3.86411 0.76200 
-3.86984 0.76300 
-3.87556 0.76400 
-3.88129 0.76500 
-3.88702 0.76600 
-3.89274 0.76700 
-3.89847 0.76800 
-3.90419 0.76900 
-3.90992 0.77000 
-3.91564 0.77100 
-3.92137 0.77200 
-3.92709 0.77300 
-3.93282 0.77400 
-3.93854 0.77500 
-3.94427 0.77600 
-3.94999 0.77700 
-3.95572 0.77800 
-3.96145 0.77900 
-3.96717 0.78000 
-3.97290 0.78100 
-3.97862 0.78200 
-3.98435 0.78300 
-3.99007 0.78400 
-3.99580 0.78500 
-4.00152 0.78600 
-4.00725 0.78700 
-4.01298 0.78800 
-4.01870 0.78900 
-4.02443 0.79000 
-4.03015 0.79100 
-4.03588 0.79200 
-4.04160 0.79300 
-4.04733 0.79400 
-4.05305 0.79500 
-4.05878 0.79600 
-4.06451 0.79700 
-4.07023 0.79800 
-4.07596 0.79900 
-4.08168 0.80000 
-4.08741 0.80100 
-4.09313 0.80200 
-4.09886 0.80300 
-4.10459 0.80400 
-4.11031 0.80500 
-4.11604 0.80600 
-4.12176 0.80700 
-4.12749 0.80800 
-4.13321 0.80900 
-4.13894 0.81000 
-4.14467 0.81100 
-4.15039 0.81200 
-4.15612 0.81300 
-4.16184 0.81400 
-4.16757 0.81500 
-4.17329 0.81600 
-4.17902 0.81700 
-4.18475 0.81800 
-4.19047 0.81900 
-4.19620 0.82000 
-4.20192 0.82100 
-4.20765 0.82200 
-4.21337 0.82300 
-4.21910 0.82400 
-4.22483 0.82500 
-4.23055 0.82600 
-4.23628 0.82700 
-4.24200 0.82800 
-4.24773 0.82900 
-4.25345 0.83000 
-4.25918 0.83100 
-4.26491 0.83200 
-4.27063 0.83300 
-4.27636 0.83400 
-4.28208 0.83500 
-4.28781 0.83600 
-4.29354 0.83700 
-4.29926 0.83800 
-4.30499 0.83900 
-4.31071 0.84000 
-4.31644 0.84100 
-4.32217 0.84200 
-4.32789 0.84300 
-4.33362 0.84400 
-4.33934 0.84500 
-4.34507 0.84600 
-4.35079 0.84700 
-4.35652 0.84800 
-4.36225 0.84900 
-4.36797 0.85000 
-4.37370 0.85100 
-4.37942 0.85200 
-4.38515 0.85300 
-4.39088 0.85400 
-4.39660 0.85500 
-4.40233 0.85600 
-4.40805 0.85700 
-4.41378 0.85800 
-4.41951 0.85900 
-4.42523 0.86000 
-4.43096 0.86100 
-4.43668 0.86200 
-4.44241 0.86300 
-4.44814 0.86400 
-4.45386 0.86500 
-4.45959 0.86600 
-4.46531 0.86700 
-4.47104 0.86800 
-4.47677 0.86900 
-4.48249 0.87000 
-4.48822 0.87100 
-4.49394 0.87200 
-4.49967 0.87300 
-4.50540 0.87400 
-4.51112 0.87500 
-4.51685 0.87600 
-4.52257 0.87700 
-4.52830 0.87800 
-4.53403 0.87900 
-4.53975 0.88000 
-4.54548 0.88100 
-4.55120 0.88200 
-4.55693 0.88300 
-4.56266 0.88400 
-4.56838 0.88500 
-4.57411 0.88600 
-4.57983 0.88700 
-4.58556 0.88800 
-4.59129 0.88900 
-4.59701 0.89000 
-4.60274 0.89100 
-4.60846 0.89200 
-4.61419 0.89300 
-4.61992 0.89400 
-4.62564 0.89500 
-4.63137 0.89600 
-4.63709 0.89700 
-4.64282 0.89800 
-4.64855 0.89900 
-4.65427 0.90000 
-4.66000 0.90100 
-4.66572 0.90200 
-4.67145 0.90300 
-4.67718 0.90400 
-4.68290 0.90500 
-4.68863 0.90600 
-4.69435 0.90700 
-4.70008 0.90800 
-4.70581 0.90900 
-4.71153 0.91000 
-4.71726 0.91100 
-4.72298 0.91200 
-4.72871 0.91300 
-4.73444 0.91400 
-4.74016 0.91500 
-4.74589 0.91600 
-4.75162 0.91700 
-4.75734 0.91800 
-4.76307 0.91900 
-4.76879 0.92000 
-4.77452 0.92100 
-4.78025 0.92200 
-4.78597 0.92300 
-4.79170 0.92400 
-4.79742 0.92500 
-4.80315 0.92600 
-4.80888 0.92700 
-4.81460 0.92800 
-4.82033 0.92900 
-4.82605 0.93000 
-4.83178 0.93100 
-4.83751 0.93200 
-4.84323 0.93300 
-4.84896 0.93400 
-4.85469 0.93500 
-4.86041 0.93600 
-4.86614 0.93700 
-4.87186 0.93800 
-4.87759 0.93900 
-4.88332 0.94000 
-4.88904 0.94100 
-4.89477 0.94200 
-4.90049 0.94300 
-4.90622 0.94400 
-4.91195 0.94500 
-4.91767 0.94600 
-4.92340 0.94700 
-4.92913 0.94800 
-4.93485 0.94900 
-4.94058 0.95000 
-4.94630 0.95100 
-4.95203 0.95200 
-4.95776 0.95300 
-4.96348 0.95400 
-4.96921 0.95500 
-4.97493 0.95600 
-4.98066 0.95700 
-4.98639 0.95800 
-4.99211 0.95900 
-4.99784 0.96000 
-5.00357 0.96100 
-5.00929 0.96200 
-5.01502 0.96300 
-5.02074 0.96400 
-5.02647 0.96500 
-5.03220 0.96600 
-5.03792 0.96700 
-5.04365 0.96800 
-5.04937 0.96900 
-5.05510 0.97000 
-5.06083 0.97100 
-5.06655 0.97200 
-5.07228 0.97300 
-5.07801 0.97400 
-5.08373 0.97500 
-5.08946 0.97600 
-5.09518 0.97700 
-5.10091 0.97800 
-5.10664 0.97900 
-5.11236 0.98000 
-5.11809 0.98100 
-5.12381 0.98200 
-5.12954 0.98300 
-5.13527 0.98400 
-5.14099 0.98500 
-5.14672 0.98600 
-5.15245 0.98700 
-5.15817 0.98800 
-5.16390 0.98900 
-5.16962 0.99000 
-5.17535 0.99100 
-5.18108 0.99200 
-5.18680 0.99300 
-5.19253 0.99400 
-5.19826 0.99500 
-5.20398 0.99600 
-5.20971 0.99700 
-5.21543 0.99800 
-5.22116 0.99900 
