0.00000 0.00000 
-0.09219 0.00100 
-0.24981 0.00200 
-0.41666 0.00300 
-0.58343 0.00400 
-0.74859 0.00500 
-0.91190 0.00600 
-1.07334 0.00700 
-1.23294 0.00800 
-1.39070 0.00900 
-1.54665 0.01000 
-1.70081 0.01100 
-1.85320 0.01200 
-2.00385 0.01300 
-2.15276 0.01400 
-2.29997 0.01500 
-2.44548 0.01600 
-2.58933 0.01700 
-2.73153 0.01800 
-2.87209 0.01900 
-3.01104 0.02000 
-3.14840 0.02100 
-3.28417 0.02200 
-3.41840 0.02300 
-3.55108 0.02400 
-3.68223 0.02500 
-3.81189 0.02600 
-3.94006 0.02700 
-4.06675 0.02800 
-4.19200 0.02900 
-4.31580 0.03000 
-4.43819 0.03100 
-4.55917 0.03200 
-4.67876 0.03300 
-4.79699 0.03400 
-4.91385 0.03500 
-5.02937 0.03600 
-5.14357 0.03700 
-5.25646 0.03800 
-5.36805 0.03900 
-5.47836 0.04000 
-5.58740 0.04100 
-5.69520 0.04200 
-5.80175 0.04300 
-5.90709 0.04400 
-6.01121 0.04500 
-6.11414 0.04600 
-6.21589 0.04700 
-6.31647 0.04800 
-6.41590 0.04900 
-6.51419 0.05000 
-6.61135 0.05100 
-6.70739 0.05200 
-6.80233 0.05300 
-6.89618 0.05400 
-6.98896 0.05500 
-7.08067 0.05600 
-7.17133 0.05700 
-7.26095 0.05800 
-7.34953 0.05900 
-7.43711 0.06000 
-7.52367 0.06100 
-7.60925 0.06200 
-7.69384 0.06300 
-7.77746 0.06400 
-7.86013 0.06500 
-7.94184 0.06600 
-8.02262 0.06700 
-8.10246 0.06800 
-8.18140 0.06900 
-8.25942 0.07000 
-8.33656 0.07100 
-8.41280 0.07200 
-8.48817 0.07300 
-8.56268 0.07400 
-8.63633 0.07500 
-8.70914 0.07600 
-8.78111 0.07700 
-8.85225 0.07800 
-8.92258 0.07900 
-8.99210 0.08000 
-9.06083 0.08100 
-9.12876 0.08200 
-9.19592 0.08300 
-9.26230 0.08400 
-9.32793 0.08500 
-9.39280 0.08600 
-9.45692 0.08700 
-9.52031 0.08800 
-9.58298 0.08900 
-9.64492 0.09000 
-9.70615 0.09100 
-9.76668 0.09200 
-9.82652 0.09300 
-9.88567 0.09400 
-9.94414 0.09500 
-10.00194 0.09600 
-10.05907 0.09700 
-10.11555 0.09800 
-10.17138 0.09900 
-10.22658 0.10000 
-10.28113 0.10100 
-10.33507 0.10200 
-10.38838 0.10300 
-10.44108 0.10400 
-10.49318 0.10500 
-10.54468 0.10600 
-10.59559 0.10700 
-10.64591 0.10800 
-10.69566 0.10900 
-10.74483 0.11000 
-10.79344 0.11100 
-10.84150 0.11200 
-10.88900 0.11300 
-10.93596 0.11400 
-10.98238 0.11500 
-11.02826 0.11600 
-11.07362 0.11700 
-11.11846 0.11800 
-11.16279 0.11900 
-11.20660 0.12000 
-11.24991 0.12100 
-11.29273 0.12200 
-11.33506 0.12300 
-11.37690 0.12400 
-11.41826 0.12500 
-11.45914 0.12600 
-11.49956 0.12700 
-11.53951 0.12800 
-11.57900 0.12900 
-11.61804 0.13000 
-11.65664 0.13100 
-11.69479 0.13200 
-11.73250 0.13300 
-11.76978 0.13400 
-11.80663 0.13500 
-11.84306 0.13600 
-11.87907 0.13700 
-11.91467 0.13800 
-11.94986 0.13900 
-11.98464 0.14000 
-12.01903 0.14100 
-12.05302 0.14200 
-12.08663 0.14300 
-12.11984 0.14400 
-12.15268 0.14500 
-12.18514 0.14600 
-12.21722 0.14700 
-12.24894 0.14800 
-12.28030 0.14900 
-12.31129 0.15000 
-12.34193 0.15100 
-12.37222 0.15200 
-12.40216 0.15300 
-12.43176 0.15400 
-12.46101 0.15500 
-12.48993 0.15600 
-12.51852 0.15700 
-12.54679 0.15800 
-12.57472 0.15900 
-12.60234 0.16000 
-12.62964 0.16100 
-12.65663 0.16200 
-12.68330 0.16300 
-12.70967 0.16400 
-12.73574 0.16500 
-12.76151 0.16600 
-12.78699 0.16700 
-12.81217 0.16800 
-12.83706 0.16900 
-12.86167 0.17000 
-12.88599 0.17100 
-12.91004 0.17200 
-12.93381 0.17300 
-12.95731 0.17400 
-12.98053 0.17500 
-13.00349 0.17600 
-13.02619 0.17700 
-13.04863 0.17800 
-13.07081 0.17900 
-13.09273 0.18000 
-13.11441 0.18100 
-13.13583 0.18200 
-13.15701 0.18300 
-13.17795 0.18400 
-13.19864 0.18500 
-13.21910 0.18600 
-13.23933 0.18700 
-13.25932 0.18800 
-13.27908 0.18900 
-13.29862 0.19000 
-13.31793 0.19100 
-13.33702 0.19200 
-13.35589 0.19300 
-13.37455 0.19400 
-13.39299 0.19500 
-13.41122 0.19600 
-13.42924 0.19700 
-13.44705 0.19800 
-13.46466 0.19900 
-13.48206 0.20000 
-13.49927 0.20100 
-13.51628 0.20200 
-13.53310 0.20300 
-13.54972 0.20400 
-13.56615 0.20500 
-13.58239 0.20600 
-13.59845 0.20700 
-13.61432 0.20800 
-13.63001 0.20900 
-13.64552 0.21000 
-13.66084 0.21100 
-13.67598 0.21200 
-13.69096 0.21300 
-13.70576 0.21400 
-13.72039 0.21500 
-13.73485 0.21600 
-13.74915 0.21700 
-13.76328 0.21800 
-13.77725 0.21900 
-13.79106 0.22000 
-13.80472 0.22100 
-13.81821 0.22200 
-13.83155 0.22300 
-13.84474 0.22400 
-13.85778 0.22500 
-13.87067 0.22600 
-13.88341 0.22700 
-13.89601 0.22800 
-13.90846 0.22900 
-13.92076 0.23000 
-13.93293 0.23100 
-13.94496 0.23200 
-13.95685 0.23300 
-13.96860 0.23400 
-13.98022 0.23500 
-13.99171 0.23600 
-14.00306 0.23700 
-14.01429 0.23800 
-14.02538 0.23900 
-14.03635 0.24000 
-14.04719 0.24100 
-14.05791 0.24200 
-14.06851 0.24300 
-14.07898 0.24400 
-14.08934 0.24500 
-14.09957 0.24600 
-14.10969 0.24700 
-14.11969 0.24800 
-14.12958 0.24900 
-14.13936 0.25000 
-14.14902 0.25100 
-14.15857 0.25200 
-14.16801 0.25300 
-14.17735 0.25400 
-14.18657 0.25500 
-14.19570 0.25600 
-14.20471 0.25700 
-14.21363 0.25800 
-14.22244 0.25900 
-14.23115 0.26000 
-14.23976 0.26100 
-14.24827 0.26200 
-14.25669 0.26300 
-14.26500 0.26400 
-14.27323 0.26500 
-14.28136 0.26600 
-14.28939 0.26700 
-14.29734 0.26800 
-14.30519 0.26900 
-14.31295 0.27000 
-14.32062 0.27100 
-14.32821 0.27200 
-14.33571 0.27300 
-14.34312 0.27400 
-14.35045 0.27500 
-14.35769 0.27600 
-14.36485 0.27700 
-14.37193 0.27800 
-14.37893 0.27900 
-14.38585 0.28000 
-14.39269 0.28100 
-14.39945 0.28200 
-14.40613 0.28300 
-14.41273 0.28400 
-14.41927 0.28500 
-14.42572 0.28600 
-14.43210 0.28700 
-14.43841 0.28800 
-14.44465 0.28900 
-14.45081 0.29000 
-14.45690 0.29100 
-14.46293 0.29200 
-14.46888 0.29300 
-14.47477 0.29400 
-14.48059 0.29500 
-14.48634 0.29600 
-14.49203 0.29700 
-14.49765 0.29800 
-14.50321 0.29900 
-14.50870 0.30000 
-14.51413 0.30100 
-14.51950 0.30200 
-14.52481 0.30300 
-14.53005 0.30400 
-14.53524 0.30500 
-14.54037 0.30600 
-14.54543 0.30700 
-14.55044 0.30800 
-14.55539 0.30900 
-14.56029 0.31000 
-14.56513 0.31100 
-14.56992 0.31200 
-14.57465 0.31300 
-14.57933 0.31400 
-14.58395 0.31500 
-14.58852 0.31600 
-14.59304 0.31700 
-14.59750 0.31800 
-14.60192 0.31900 
-14.60628 0.32000 
-14.61059 0.32100 
-14.61486 0.32200 
-14.61907 0.32300 
-14.62324 0.32400 
-14.62736 0.32500 
-14.63143 0.32600 
-14.63545 0.32700 
-14.63943 0.32800 
-14.64336 0.32900 
-14.64725 0.33000 
-14.65109 0.33100 
-14.65489 0.33200 
-14.65865 0.33300 
-14.66236 0.33400 
-14.66603 0.33500 
-14.66966 0.33600 
-14.67324 0.33700 
-14.67679 0.33800 
-14.68029 0.33900 
-14.68376 0.34000 
-14.68718 0.34100 
-14.69057 0.34200 
-14.69391 0.34300 
-14.69722 0.34400 
-14.70049 0.34500 
-14.70372 0.34600 
-14.70692 0.34700 
-14.71008 0.34800 
-14.71320 0.34900 
-14.71628 0.35000 
-14.71934 0.35100 
-14.72235 0.35200 
-14.72533 0.35300 
-14.72828 0.35400 
-14.73119 0.35500 
-14.73407 0.35600 
-14.73692 0.35700 
-14.73973 0.35800 
-14.74252 0.35900 
-14.74527 0.36000 
-14.74799 0.36100 
-14.75067 0.36200 
-14.75333 0.36300 
-14.75596 0.36400 
-14.75855 0.36500 
-14.76112 0.36600 
-14.76366 0.36700 
-14.76616 0.36800 
-14.76864 0.36900 
-14.77109 0.37000 
-14.77351 0.37100 
-14.77591 0.37200 
-14.77828 0.37300 
-14.78062 0.37400 
-14.78293 0.37500 
-14.78522 0.37600 
-14.78748 0.37700 
-14.78972 0.37800 
-14.79193 0.37900 
-14.79411 0.38000 
-14.79627 0.38100 
-14.79841 0.38200 
-14.80052 0.38300 
-14.80260 0.38400 
-14.80466 0.38500 
-14.80670 0.38600 
-14.80872 0.38700 
-14.81071 0.38800 
-14.81268 0.38900 
-14.81462 0.39000 
-14.81655 0.39100 
-14.81845 0.39200 
-14.82033 0.39300 
-14.82219 0.39400 
-14.82403 0.39500 
-14.82584 0.39600 
-14.82764 0.39700 
-14.82941 0.39800 
-14.83117 0.39900 
-14.83290 0.40000 
-14.83462 0.40100 
-14.83631 0.40200 
-14.83799 0.40300 
-14.83965 0.40400 
-14.84128 0.40500 
-14.84290 0.40600 
-14.84450 0.40700 
-14.84608 0.40800 
-14.84765 0.40900 
-14.84919 0.41000 
-14.85072 0.41100 
-14.85223 0.41200 
-14.85372 0.41300 
-14.85520 0.41400 
-14.85666 0.41500 
-14.85810 0.41600 
-14.85953 0.41700 
-14.86094 0.41800 
-14.86233 0.41900 
-14.86371 0.42000 
-14.86507 0.42100 
-14.86641 0.42200 
-14.86774 0.42300 
-14.86906 0.42400 
-14.87036 0.42500 
-14.87165 0.42600 
-14.87292 0.42700 
-14.87417 0.42800 
-14.87541 0.42900 
-14.87664 0.43000 
-14.87785 0.43100 
-14.87905 0.43200 
-14.88024 0.43300 
-14.88141 0.43400 
-14.88257 0.43500 
-14.88371 0.43600 
-14.88485 0.43700 
-14.88597 0.43800 
-14.88707 0.43900 
-14.88817 0.44000 
-14.88925 0.44100 
-14.89031 0.44200 
-14.89137 0.44300 
-14.89242 0.44400 
-14.89345 0.44500 
-14.89447 0.44600 
-14.89548 0.44700 
-14.89647 0.44800 
-14.89746 0.44900 
-14.89843 0.45000 
-14.89940 0.45100 
-14.90035 0.45200 
-14.90129 0.45300 
-14.90222 0.45400 
-14.90314 0.45500 
-14.90405 0.45600 
-14.90495 0.45700 
-14.90584 0.45800 
-14.90672 0.45900 
-14.90758 0.46000 
-14.90844 0.46100 
-14.90929 0.46200 
-14.91013 0.46300 
-14.91096 0.46400 
-14.91178 0.46500 
-14.91259 0.46600 
-14.91339 0.46700 
-14.91418 0.46800 
-14.91496 0.46900 
-14.91574 0.47000 
-14.91650 0.47100 
-14.91726 0.47200 
-14.91801 0.47300 
-14.91874 0.47400 
-14.91948 0.47500 
-14.92020 0.47600 
-14.92091 0.47700 
-14.92162 0.47800 
-14.92231 0.47900 
-14.92300 0.48000 
-14.92368 0.48100 
-14.92436 0.48200 
-14.92502 0.48300 
-14.92568 0.48400 
-14.92633 0.48500 
-14.92698 0.48600 
-14.92761 0.48700 
-14.92824 0.48800 
-14.92886 0.48900 
-14.92948 0.49000 
-14.93008 0.49100 
-14.93068 0.49200 
-14.93128 0.49300 
-14.93186 0.49400 
-14.93244 0.49500 
-14.93302 0.49600 
-14.93358 0.49700 
-14.93414 0.49800 
-14.93470 0.49900 
-14.93524 0.50000 
-14.93579 0.50100 
-14.93632 0.50200 
-14.93685 0.50300 
-14.93737 0.50400 
-14.93789 0.50500 
-14.93840 0.50600 
-14.93890 0.50700 
-14.93940 0.50800 
-14.93990 0.50900 
-14.94039 0.51000 
-14.94087 0.51100 
-14.94135 0.51200 
-14.94182 0.51300 
-14.94228 0.51400 
-14.94274 0.51500 
-14.94320 0.51600 
-14.94365 0.51700 
-14.94410 0.51800 
-14.94454 0.51900 
-14.94497 0.52000 
-14.94540 0.52100 
-14.94583 0.52200 
-14.94625 0.52300 
-14.94666 0.52400 
-14.94707 0.52500 
-14.94748 0.52600 
-14.94788 0.52700 
-14.94828 0.52800 
-14.94867 0.52900 
-14.94906 0.53000 
-14.94944 0.53100 
-14.94982 0.53200 
-14.95020 0.53300 
-14.95057 0.53400 
-14.95093 0.53500 
-14.95129 0.53600 
-14.95165 0.53700 
-14.95201 0.53800 
-14.95236 0.53900 
-14.95270 0.54000 
-14.95304 0.54100 
-14.95338 0.54200 
-14.95372 0.54300 
-14.95405 0.54400 
-14.95437 0.54500 
-14.95470 0.54600 
-14.95502 0.54700 
-14.95533 0.54800 
-14.95564 0.54900 
-14.95595 0.55000 
-14.95626 0.55100 
-14.95656 0.55200 
-14.95686 0.55300 
-14.95715 0.55400 
-14.95744 0.55500 
-14.95773 0.55600 
-14.95801 0.55700 
-14.95830 0.55800 
-14.95857 0.55900 
-14.95885 0.56000 
-14.95912 0.56100 
-14.95939 0.56200 
-14.95966 0.56300 
-14.95992 0.56400 
-14.96018 0.56500 
-14.96043 0.56600 
-14.96069 0.56700 
-14.96094 0.56800 
-14.96119 0.56900 
-14.96143 0.57000 
-14.96167 0.57100 
-14.96191 0.57200 
-14.96215 0.57300 
-14.96239 0.57400 
-14.96262 0.57500 
-14.96285 0.57600 
-14.96307 0.57700 
-14.96330 0.57800 
-14.96352 0.57900 
-14.96374 0.58000 
-14.96395 0.58100 
-14.96416 0.58200 
-14.96438 0.58300 
-14.96458 0.58400 
-14.96479 0.58500 
-14.96500 0.58600 
-14.96520 0.58700 
-14.96540 0.58800 
-14.96559 0.58900 
-14.96579 0.59000 
-14.96598 0.59100 
-14.96617 0.59200 
-14.96636 0.59300 
-14.96655 0.59400 
-14.96673 0.59500 
-14.96691 0.59600 
-14.96709 0.59700 
-14.96727 0.59800 
-14.96745 0.59900 
-14.96762 0.60000 
-14.96779 0.60100 
-14.96796 0.60200 
-14.96813 0.60300 
-14.96829 0.60400 
-14.96846 0.60500 
-14.96862 0.60600 
-14.96878 0.60700 
-14.96894 0.60800 
-14.96910 0.60900 
-14.96925 0.61000 
-14.96940 0.61100 
-14.96956 0.61200 
-14.96971 0.61300 
-14.96985 0.61400 
-14.97000 0.61500 
-14.97014 0.61600 
-14.97029 0.61700 
-14.97043 0.61800 
-14.97057 0.61900 
-14.97071 0.62000 
-14.97084 0.62100 
-14.97098 0.62200 
-14.97111 0.62300 
-14.97124 0.62400 
-14.97137 0.62500 
-14.97150 0.62600 
-14.97163 0.62700 
-14.97176 0.62800 
-14.97188 0.62900 
-14.97200 0.63000 
-14.97213 0.63100 
-14.97225 0.63200 
-14.97237 0.63300 
-14.97248 0.63400 
-14.97260 0.63500 
-14.97271 0.63600 
-14.97283 0.63700 
-14.97294 0.63800 
-14.97305 0.63900 
-14.97316 0.64000 
-14.97327 0.64100 
-14.97338 0.64200 
-14.97348 0.64300 
-14.97359 0.64400 
-14.97369 0.64500 
-14.97379 0.64600 
-14.97390 0.64700 
-14.97400 0.64800 
-14.97409 0.64900 
-14.97419 0.65000 
-14.97429 0.65100 
-14.97439 0.65200 
-14.97448 0.65300 
-14.97457 0.65400 
-14.97467 0.65500 
-14.97476 0.65600 
-14.97485 0.65700 
-14.97494 0.65800 
-14.97503 0.65900 
-14.97511 0.66000 
-14.97520 0.66100 
-14.97528 0.66200 
-14.97537 0.66300 
-14.97545 0.66400 
-14.97553 0.66500 
-14.97562 0.66600 
-14.97570 0.66700 
-14.97578 0.66800 
-14.97585 0.66900 
-14.97593 0.67000 
-14.97601 0.67100 
-14.97609 0.67200 
-14.97616 0.67300 
-14.97624 0.67400 
-14.97631 0.67500 
-14.97638 0.67600 
-14.97645 0.67700 
-14.97652 0.67800 
-14.97659 0.67900 
-14.97666 0.68000 
-14.97673 0.68100 
-14.97680 0.68200 
-14.97687 0.68300 
-14.97693 0.68400 
-14.97700 0.68500 
-14.97706 0.68600 
-14.97713 0.68700 
-14.97719 0.68800 
-14.97725 0.68900 
-14.97732 0.69000 
-14.97738 0.69100 
-14.97744 0.69200 
-14.97750 0.69300 
-14.97756 0.69400 
-14.97761 0.69500 
-14.97767 0.69600 
-14.97773 0.69700 
-14.97779 0.69800 
-14.97784 0.69900 
-14.97790 0.70000 
-14.97795 0.70100 
-14.97801 0.70200 
-14.97806 0.70300 
-14.97811 0.70400 
-14.97816 0.70500 
-14.97821 0.70600 
-14.97827 0.70700 
-14.97832 0.70800 
-14.97837 0.70900 
-14.97841 0.71000 
-14.97846 0.71100 
-14.97851 0.71200 
-14.97856 0.71300 
-14.97861 0.71400 
-14.97865 0.71500 
-14.97870 0.71600 
-14.97874 0.71700 
-14.97879 0.71800 
-14.97883 0.71900 
-14.97888 0.72000 
-14.97892 0.72100 
-14.97896 0.72200 
-14.97901 0.72300 
-14.97905 0.72400 
-14.97909 0.72500 
-14.97913 0.72600 
-14.97917 0.72700 
-14.97921 0.72800 
-14.97925 0.72900 
-14.97929 0.73000 
-14.97933 0.73100 
-14.97937 0.73200 
-14.97940 0.73300 
-14.97944 0.73400 
-14.97948 0.73500 
-14.97951 0.73600 
-14.97955 0.73700 
-14.97959 0.73800 
-14.97962 0.73900 
-14.97966 0.74000 
-14.97969 0.74100 
-14.97972 0.74200 
-14.97976 0.74300 
-14.97979 0.74400 
-14.97982 0.74500 
-14.97986 0.74600 
-14.97989 0.74700 
-14.97992 0.74800 
-14.97995 0.74900 
-14.97998 0.75000 
-14.98001 0.75100 
-14.98004 0.75200 
-14.98007 0.75300 
-14.98010 0.75400 
-14.98013 0.75500 
-14.98016 0.75600 
-14.98019 0.75700 
-14.98022 0.75800 
-14.98025 0.75900 
-14.98028 0.76000 
-14.98030 0.76100 
-14.98033 0.76200 
-14.98036 0.76300 
-14.98038 0.76400 
-14.98041 0.76500 
-14.98044 0.76600 
-14.98046 0.76700 
-14.98049 0.76800 
-14.98051 0.76900 
-14.98054 0.77000 
-14.98056 0.77100 
-14.98058 0.77200 
-14.98061 0.77300 
-14.98063 0.77400 
-14.98065 0.77500 
-14.98068 0.77600 
-14.98070 0.77700 
-14.98072 0.77800 
-14.98075 0.77900 
-14.98077 0.78000 
-14.98079 0.78100 
-14.98081 0.78200 
-14.98083 0.78300 
-14.98085 0.78400 
-14.98087 0.78500 
-14.98089 0.78600 
-14.98091 0.78700 
-14.98094 0.78800 
-14.98095 0.78900 
-14.98097 0.79000 
-14.98099 0.79100 
-14.98101 0.79200 
-14.98103 0.79300 
-14.98105 0.79400 
-14.98107 0.79500 
-14.98109 0.79600 
-14.98111 0.79700 
-14.98112 0.79800 
-14.98114 0.79900 
-14.98116 0.80000 
-14.98118 0.80100 
-14.98119 0.80200 
-14.98121 0.80300 
-14.98123 0.80400 
-14.98124 0.80500 
-14.98126 0.80600 
-14.98128 0.80700 
-14.98129 0.80800 
-14.98131 0.80900 
-14.98132 0.81000 
-14.98134 0.81100 
-14.98135 0.81200 
-14.98137 0.81300 
-14.98138 0.81400 
-14.98140 0.81500 
-14.98141 0.81600 
-14.98143 0.81700 
-14.98144 0.81800 
-14.98146 0.81900 
-14.98147 0.82000 
-14.98148 0.82100 
-14.98150 0.82200 
-14.98151 0.82300 
-14.98152 0.82400 
-14.98154 0.82500 
-14.98155 0.82600 
-14.98156 0.82700 
-14.98158 0.82800 
-14.98159 0.82900 
-14.98160 0.83000 
-14.98161 0.83100 
-14.98163 0.83200 
-14.98164 0.83300 
-14.98165 0.83400 
-14.98166 0.83500 
-14.98167 0.83600 
-14.98168 0.83700 
-14.98170 0.83800 
-14.98171 0.83900 
-14.98172 0.84000 
-14.98173 0.84100 
-14.98174 0.84200 
-14.98175 0.84300 
-14.98176 0.84400 
-14.98177 0.84500 
-14.98178 0.84600 
-14.98179 0.84700 
-14.98180 0.84800 
-14.98181 0.84900 
-14.98182 0.85000 
-14.98183 0.85100 
-14.98184 0.85200 
-14.98185 0.85300 
-14.98186 0.85400 
-14.98187 0.85500 
-14.98188 0.85600 
-14.98189 0.85700 
-14.98190 0.85800 
-14.98191 0.85900 
-14.98191 0.86000 
-14.98192 0.86100 
-14.98193 0.86200 
-14.98194 0.86300 
-14.98195 0.86400 
-14.98196 0.86500 
-14.98196 0.86600 
-14.98197 0.86700 
-14.98198 0.86800 
-14.98199 0.86900 
-14.98200 0.87000 
-14.98200 0.87100 
-14.98201 0.87200 
-14.98202 0.87300 
-14.98203 0.87400 
-14.98203 0.87500 
-14.98204 0.87600 
-14.98205 0.87700 
-14.98206 0.87800 
-14.98206 0.87900 
-14.98207 0.88000 
-14.98208 0.88100 
-14.98208 0.88200 
-14.98209 0.88300 
-14.98210 0.88400 
-14.98210 0.88500 
-14.98211 0.88600 
-14.98212 0.88700 
-14.98212 0.88800 
-14.98213 0.88900 
-14.98214 0.89000 
-14.98214 0.89100 
-14.98215 0.89200 
-14.98215 0.89300 
-14.98216 0.89400 
-14.98217 0.89500 
-14.98217 0.89600 
-14.98218 0.89700 
-14.98218 0.89800 
-14.98219 0.89900 
-14.98219 0.90000 
-14.98220 0.90100 
-14.98221 0.90200 
-14.98221 0.90300 
-14.98222 0.90400 
-14.98222 0.90500 
-14.98223 0.90600 
-14.98223 0.90700 
-14.98224 0.90800 
-14.98224 0.90900 
-14.98225 0.91000 
-14.98225 0.91100 
-14.98226 0.91200 
-14.98226 0.91300 
-14.98227 0.91400 
-14.98227 0.91500 
-14.98228 0.91600 
-14.98228 0.91700 
-14.98228 0.91800 
-14.98229 0.91900 
-14.98229 0.92000 
-14.98230 0.92100 
-14.98230 0.92200 
-14.98231 0.92300 
-14.98231 0.92400 
-14.98231 0.92500 
-14.98232 0.92600 
-14.98232 0.92700 
-14.98233 0.92800 
-14.98233 0.92900 
-14.98234 0.93000 
-14.98234 0.93100 
-14.98234 0.93200 
-14.98235 0.93300 
-14.98235 0.93400 
-14.98235 0.93500 
-14.98236 0.93600 
-14.98236 0.93700 
-14.98236 0.93800 
-14.98237 0.93900 
-14.98237 0.94000 
-14.98238 0.94100 
-14.98238 0.94200 
-14.98238 0.94300 
-14.98239 0.94400 
-14.98239 0.94500 
-14.98239 0.94600 
-14.98240 0.94700 
-14.98240 0.94800 
-14.98240 0.94900 
-14.98241 0.95000 
-14.98241 0.95100 
-14.98241 0.95200 
-14.98241 0.95300 
-14.98242 0.95400 
-14.98242 0.95500 
-14.98242 0.95600 
-14.98243 0.95700 
-14.98243 0.95800 
-14.98243 0.95900 
-14.98243 0.96000 
-14.98244 0.96100 
-14.98244 0.96200 
-14.98244 0.96300 
-14.98245 0.96400 
-14.98245 0.96500 
-14.98245 0.96600 
-14.98245 0.96700 
-14.98246 0.96800 
-14.98246 0.96900 
-14.98246 0.97000 
-14.98246 0.97100 
-14.98247 0.97200 
-14.98247 0.97300 
-14.98247 0.97400 
-14.98247 0.97500 
-14.98248 0.97600 
-14.98248 0.97700 
-14.98248 0.97800 
-14.98248 0.97900 
-14.98248 0.98000 
-14.98249 0.98100 
-14.98249 0.98200 
-14.98249 0.98300 
-14.98249 0.98400 
-14.98249 0.98500 
-14.98250 0.98600 
-14.98250 0.98700 
-14.98250 0.98800 
-14.98250 0.98900 
-14.98250 0.99000 
-14.98251 0.99100 
-14.98251 0.99200 
-14.98251 0.99300 
-14.98251 0.99400 
-14.98251 0.99500 
-14.98252 0.99600 
-14.98252 0.99700 
-14.98252 0.99800 
-14.98252 0.99900 
-14.98252 1.00000 
-14.98253 1.00100 
-14.98253 1.00200 
-14.98253 1.00300 
-14.98253 1.00400 
-14.98253 1.00500 
-14.98253 1.00600 
-14.98254 1.00700 
-14.98254 1.00800 
-14.98254 1.00900 
-14.98254 1.01000 
-14.98254 1.01100 
-14.98254 1.01200 
-14.98254 1.01300 
-14.98255 1.01400 
-14.98255 1.01500 
-14.98255 1.01600 
-14.98255 1.01700 
-14.98255 1.01800 
-14.98255 1.01900 
-14.98255 1.02000 
-14.98256 1.02100 
-14.98256 1.02200 
-14.98256 1.02300 
-14.98256 1.02400 
-14.98256 1.02500 
-14.98256 1.02600 
-14.98256 1.02700 
-14.98257 1.02800 
-14.98257 1.02900 
-14.98257 1.03000 
-14.98257 1.03100 
-14.98257 1.03200 
-14.98257 1.03300 
-14.98257 1.03400 
-14.98257 1.03500 
-14.98258 1.03600 
-14.98258 1.03700 
-14.98258 1.03800 
-14.98258 1.03900 
-14.98258 1.04000 
-14.98258 1.04100 
-14.98258 1.04200 
-14.98258 1.04300 
-14.98258 1.04400 
-14.98259 1.04500 
-14.98259 1.04600 
-14.98259 1.04700 
-14.98259 1.04800 
-14.98259 1.04900 
-14.98259 1.05000 
-14.98259 1.05100 
-14.98259 1.05200 
-14.98259 1.05300 
-14.98259 1.05400 
-14.98260 1.05500 
-14.98260 1.05600 
-14.98260 1.05700 
-14.98260 1.05800 
-14.98260 1.05900 
-14.98260 1.06000 
-14.98260 1.06100 
-14.98260 1.06200 
-14.98260 1.06300 
-14.98260 1.06400 
-14.98260 1.06500 
-14.98260 1.06600 
-14.98261 1.06700 
-14.98261 1.06800 
-14.98261 1.06900 
-14.98261 1.07000 
-14.98261 1.07100 
-14.98261 1.07200 
-14.98261 1.07300 
-14.98261 1.07400 
-14.98261 1.07500 
-14.98261 1.07600 
-14.98261 1.07700 
-14.98261 1.07800 
-14.98261 1.07900 
-14.98262 1.08000 
-14.98262 1.08100 
-14.98262 1.08200 
-14.98262 1.08300 
-14.98262 1.08400 
-14.98262 1.08500 
-14.98262 1.08600 
-14.98262 1.08700 
-14.98262 1.08800 
-14.98262 1.08900 
-14.98262 1.09000 
-14.98262 1.09100 
-14.98262 1.09200 
-14.98262 1.09300 
-14.98262 1.09400 
-14.98263 1.09500 
-14.98263 1.09600 
-14.98263 1.09700 
-14.98263 1.09800 
-14.98263 1.09900 
-14.98263 1.10000 
-14.98263 1.10100 
-14.98263 1.10200 
-14.98263 1.10300 
-14.98263 1.10400 
-14.98263 1.10500 
-14.98263 1.10600 
-14.98263 1.10700 
-14.98263 1.10800 
-14.98263 1.10900 
-14.98263 1.11000 
-14.98263 1.11100 
-14.98263 1.11200 
-14.98263 1.11300 
-14.98264 1.11400 
-14.98264 1.11500 
-14.98264 1.11600 
-14.98264 1.11700 
-14.98264 1.11800 
-14.98264 1.11900 
-14.98264 1.12000 
-14.98264 1.12100 
-14.98264 1.12200 
-14.98264 1.12300 
-14.98264 1.12400 
-14.98264 1.12500 
-14.98264 1.12600 
-14.98264 1.12700 
-14.98264 1.12800 
-14.98264 1.12900 
-14.98264 1.13000 
-14.98264 1.13100 
-14.98264 1.13200 
-14.98264 1.13300 
-14.98264 1.13400 
-14.98264 1.13500 
-14.98264 1.13600 
-14.98264 1.13700 
-14.98265 1.13800 
-14.98265 1.13900 
-14.98265 1.14000 
-14.98265 1.14100 
-14.98265 1.14200 
-14.98265 1.14300 
-14.98265 1.14400 
-14.98265 1.14500 
-14.98265 1.14600 
-14.98265 1.14700 
-14.98265 1.14800 
-14.98265 1.14900 
-14.98265 1.15000 
-14.98265 1.15100 
-14.98265 1.15200 
-14.98265 1.15300 
-14.98265 1.15400 
-14.98265 1.15500 
-14.98265 1.15600 
-14.98265 1.15700 
-14.98265 1.15800 
-14.98265 1.15900 
-14.98265 1.16000 
-14.98265 1.16100 
-14.98265 1.16200 
-14.98265 1.16300 
-14.98265 1.16400 
-14.98265 1.16500 
-14.98265 1.16600 
-14.98265 1.16700 
-14.98265 1.16800 
-14.98265 1.16900 
-14.98265 1.17000 
-14.98265 1.17100 
-14.98266 1.17200 
-14.98266 1.17300 
-14.98266 1.17400 
-14.98266 1.17500 
-14.98266 1.17600 
-14.98266 1.17700 
-14.98266 1.17800 
-14.98266 1.17900 
-14.98266 1.18000 
-14.98266 1.18100 
-14.98266 1.18200 
-14.98266 1.18300 
-14.98266 1.18400 
-14.98266 1.18500 
-14.98266 1.18600 
-14.98266 1.18700 
-14.98266 1.18800 
-14.98266 1.18900 
-14.98266 1.19000 
-14.98266 1.19100 
-14.98266 1.19200 
-14.98266 1.19300 
-14.98266 1.19400 
-14.98266 1.19500 
-14.98266 1.19600 
-14.98266 1.19700 
-14.98266 1.19800 
-14.98266 1.19900 
-14.98266 1.20000 
-14.98266 1.20100 
-14.98266 1.20200 
-14.98266 1.20300 
-14.98266 1.20400 
-14.98266 1.20500 
-14.98266 1.20600 
-14.98266 1.20700 
-14.98266 1.20800 
-14.98266 1.20900 
-14.98266 1.21000 
-14.98266 1.21100 
-14.98266 1.21200 
-14.98266 1.21300 
-14.98266 1.21400 
-14.98266 1.21500 
-14.98266 1.21600 
-14.98266 1.21700 
-14.98266 1.21800 
-14.98266 1.21900 
-14.98266 1.22000 
-14.98266 1.22100 
-14.98266 1.22200 
-14.98266 1.22300 
-14.98266 1.22400 
-14.98266 1.22500 
-14.98267 1.22600 
-14.98267 1.22700 
-14.98267 1.22800 
-14.98267 1.22900 
-14.98267 1.23000 
-14.98267 1.23100 
-14.98267 1.23200 
-14.98267 1.23300 
-14.98267 1.23400 
-14.98267 1.23500 
-14.98267 1.23600 
-14.98267 1.23700 
-14.98267 1.23800 
-14.98267 1.23900 
-14.98267 1.24000 
-14.98267 1.24100 
-14.98267 1.24200 
-14.98267 1.24300 
-14.98267 1.24400 
-14.98267 1.24500 
-14.98267 1.24600 
-14.98267 1.24700 
-14.98267 1.24800 
-14.98267 1.24900 
-14.98267 1.25000 
-14.98267 1.25100 
-14.98267 1.25200 
-14.98267 1.25300 
-14.98267 1.25400 
-14.98267 1.25500 
-14.98267 1.25600 
-14.98267 1.25700 
-14.98267 1.25800 
-14.98267 1.25900 
-14.98267 1.26000 
-14.98267 1.26100 
-14.98267 1.26200 
-14.98267 1.26300 
-14.98267 1.26400 
-14.98267 1.26500 
-14.98267 1.26600 
-14.98267 1.26700 
-14.98267 1.26800 
-14.98267 1.26900 
-14.98267 1.27000 
-14.98267 1.27100 
-14.98267 1.27200 
-14.98267 1.27300 
-14.98267 1.27400 
-14.98267 1.27500 
-14.98267 1.27600 
-14.98267 1.27700 
-14.98267 1.27800 
-14.98267 1.27900 
-14.98267 1.28000 
-14.98267 1.28100 
-14.98267 1.28200 
-14.98267 1.28300 
-14.98267 1.28400 
-14.98267 1.28500 
-14.98267 1.28600 
-14.98267 1.28700 
-14.98267 1.28800 
-14.98267 1.28900 
-14.98267 1.29000 
-14.98267 1.29100 
-14.98267 1.29200 
-14.98267 1.29300 
-14.98267 1.29400 
-14.98267 1.29500 
-14.98267 1.29600 
-14.98267 1.29700 
-14.98267 1.29800 
-14.98267 1.29900 
-14.98267 1.30000 
-14.98267 1.30100 
-14.98267 1.30200 
-14.98267 1.30300 
-14.98267 1.30400 
-14.98267 1.30500 
-14.98267 1.30600 
-14.98267 1.30700 
-14.98267 1.30800 
-14.98267 1.30900 
-14.98267 1.31000 
-14.98267 1.31100 
-14.98267 1.31200 
-14.98267 1.31300 
-14.98267 1.31400 
-14.98267 1.31500 
-14.98267 1.31600 
-14.98267 1.31700 
-14.98267 1.31800 
-14.98267 1.31900 
-14.98267 1.32000 
-14.98267 1.32100 
-14.98267 1.32200 
-14.98267 1.32300 
-14.98267 1.32400 
-14.98267 1.32500 
-14.98267 1.32600 
-14.98267 1.32700 
-14.98267 1.32800 
-14.98267 1.32900 
-14.98267 1.33000 
-14.98267 1.33100 
-14.98267 1.33200 
-14.98267 1.33300 
-14.98267 1.33400 
-14.98267 1.33500 
-14.98267 1.33600 
-14.98267 1.33700 
-14.98267 1.33800 
-14.98267 1.33900 
-14.98267 1.34000 
-14.98267 1.34100 
-14.98267 1.34200 
-14.98267 1.34300 
-14.98267 1.34400 
-14.98267 1.34500 
-14.98267 1.34600 
-14.98267 1.34700 
-14.98267 1.34800 
-14.98267 1.34900 
-14.98267 1.35000 
-14.98267 1.35100 
-14.98267 1.35200 
-14.98267 1.35300 
-14.98267 1.35400 
-14.98267 1.35500 
-14.98267 1.35600 
-14.98267 1.35700 
-14.98267 1.35800 
-14.98267 1.35900 
-14.98267 1.36000 
-14.98267 1.36100 
-14.98267 1.36200 
-14.98267 1.36300 
-14.98267 1.36400 
-14.98267 1.36500 
-14.98267 1.36600 
-14.98267 1.36700 
-14.98267 1.36800 
-14.98267 1.36900 
-14.98267 1.37000 
-14.98267 1.37100 
-14.98267 1.37200 
-14.98267 1.37300 
-14.98267 1.37400 
-14.98267 1.37500 
-14.98267 1.37600 
-14.98267 1.37700 
-14.98267 1.37800 
-14.98267 1.37900 
-14.98267 1.38000 
-14.98267 1.38100 
-14.98267 1.38200 
-14.98267 1.38300 
-14.98267 1.38400 
-14.98267 1.38500 
-14.98267 1.38600 
-14.98267 1.38700 
-14.98267 1.38800 
-14.98267 1.38900 
-14.98267 1.39000 
-14.98267 1.39100 
-14.98267 1.39200 
-14.98267 1.39300 
-14.98267 1.39400 
-14.98267 1.39500 
-14.98267 1.39600 
-14.98267 1.39700 
-14.98267 1.39800 
-14.98267 1.39900 
-14.98267 1.40000 
-14.98267 1.40100 
-14.98267 1.40200 
-14.98267 1.40300 
-14.98267 1.40400 
-14.98267 1.40500 
-14.98267 1.40600 
-14.98268 1.40700 
-14.98268 1.40800 
-14.98268 1.40900 
-14.98268 1.41000 
-14.98268 1.41100 
-14.98268 1.41200 
-14.98268 1.41300 
-14.98268 1.41400 
-14.98268 1.41500 
-14.98268 1.41600 
-14.98268 1.41700 
-14.98268 1.41800 
-14.98268 1.41900 
-14.98268 1.42000 
-14.98268 1.42100 
-14.98268 1.42200 
-14.98268 1.42300 
-14.98268 1.42400 
-14.98268 1.42500 
-14.98268 1.42600 
-14.98268 1.42700 
-14.98268 1.42800 
-14.98268 1.42900 
-14.98268 1.43000 
-14.98268 1.43100 
-14.98268 1.43200 
-14.98268 1.43300 
-14.98268 1.43400 
-14.98268 1.43500 
-14.98268 1.43600 
-14.98268 1.43700 
-14.98268 1.43800 
-14.98268 1.43900 
-14.98268 1.44000 
-14.98268 1.44100 
-14.98268 1.44200 
-14.98268 1.44300 
-14.98268 1.44400 
-14.98268 1.44500 
-14.98268 1.44600 
-14.98268 1.44700 
-14.98268 1.44800 
-14.98268 1.44900 
-14.98268 1.45000 
-14.98268 1.45100 
-14.98268 1.45200 
-14.98268 1.45300 
-14.98268 1.45400 
-14.98268 1.45500 
-14.98268 1.45600 
-14.98268 1.45700 
-14.98268 1.45800 
-14.98268 1.45900 
-14.98268 1.46000 
-14.98268 1.46100 
-14.98268 1.46200 
-14.98268 1.46300 
-14.98268 1.46400 
-14.98268 1.46500 
-14.98268 1.46600 
-14.98268 1.46700 
-14.98268 1.46800 
-14.98268 1.46900 
-14.98268 1.47000 
-14.98268 1.47100 
-14.98268 1.47200 
-14.98268 1.47300 
-14.98268 1.47400 
-14.98268 1.47500 
-14.98268 1.47600 
-14.98268 1.47700 
-14.98268 1.47800 
-14.98268 1.47900 
-14.98268 1.48000 
-14.98268 1.48100 
-14.98268 1.48200 
-14.98268 1.48300 
-14.98268 1.48400 
-14.98268 1.48500 
-14.98268 1.48600 
-14.98268 1.48700 
-14.98268 1.48800 
-14.98268 1.48900 
-14.98268 1.49000 
-14.98268 1.49100 
-14.98268 1.49200 
-14.98268 1.49300 
-14.98268 1.49400 
-14.98268 1.49500 
-14.98268 1.49600 
-14.98268 1.49700 
-14.98268 1.49800 
-14.98268 1.49900 
-14.98268 1.50000 
-14.98268 1.50100 
-14.98268 1.50200 
-14.98268 1.50300 
-14.98268 1.50400 
-14.98268 1.50500 
-14.98268 1.50600 
-14.98268 1.50700 
-14.98268 1.50800 
-14.98268 1.50900 
-14.98268 1.51000 
-14.98268 1.51100 
-14.98268 1.51200 
-14.98268 1.51300 
-14.98268 1.51400 
-14.98268 1.51500 
-14.98268 1.51600 
-14.98268 1.51700 
-14.98268 1.51800 
-14.98268 1.51900 
-14.98268 1.52000 
-14.98268 1.52100 
-14.98268 1.52200 
-14.98268 1.52300 
-14.98268 1.52400 
-14.98268 1.52500 
-14.98268 1.52600 
-14.98268 1.52700 
-14.98268 1.52800 
-14.98268 1.52900 
-14.98268 1.53000 
-14.98268 1.53100 
-14.98268 1.53200 
-14.98268 1.53300 
-14.98268 1.53400 
-14.98268 1.53500 
-14.98268 1.53600 
-14.98268 1.53700 
-14.98268 1.53800 
-14.98268 1.53900 
-14.98268 1.54000 
-14.98268 1.54100 
-14.98268 1.54200 
-14.98268 1.54300 
-14.98268 1.54400 
-14.98268 1.54500 
-14.98268 1.54600 
-14.98268 1.54700 
-14.98268 1.54800 
-14.98268 1.54900 
-14.98268 1.55000 
-14.98268 1.55100 
-14.98268 1.55200 
-14.98268 1.55300 
-14.98268 1.55400 
-14.98268 1.55500 
-14.98268 1.55600 
-14.98268 1.55700 
-14.98268 1.55800 
-14.98268 1.55900 
-14.98268 1.56000 
-14.98268 1.56100 
-14.98268 1.56200 
-14.98268 1.56300 
-14.98268 1.56400 
-14.98268 1.56500 
-14.98268 1.56600 
-14.98268 1.56700 
-14.98268 1.56800 
-14.98268 1.56900 
-14.98268 1.57000 
-14.98268 1.57100 
-14.98268 1.57200 
-14.98268 1.57300 
-14.98268 1.57400 
-14.98268 1.57500 
-14.98268 1.57600 
-14.98268 1.57700 
-14.98268 1.57800 
-14.98268 1.57900 
-14.98268 1.58000 
-14.98268 1.58100 
-14.98268 1.58200 
-14.98268 1.58300 
-14.98268 1.58400 
-14.98268 1.58500 
-14.98268 1.58600 
-14.98268 1.58700 
-14.98268 1.58800 
-14.98268 1.58900 
-14.98268 1.59000 
-14.98268 1.59100 
-14.98268 1.59200 
-14.98268 1.59300 
-14.98268 1.59400 
-14.98268 1.59500 
-14.98268 1.59600 
-14.98268 1.59700 
-14.98268 1.59800 
-14.98268 1.59900 
-14.98268 1.60000 
-14.98268 1.60100 
-14.98268 1.60200 
-14.98268 1.60300 
-14.98268 1.60400 
-14.98268 1.60500 
-14.98268 1.60600 
-14.98268 1.60700 
-14.98268 1.60800 
-14.98268 1.60900 
-14.98268 1.61000 
-14.98268 1.61100 
-14.98268 1.61200 
-14.98268 1.61300 
-14.98268 1.61400 
-14.98268 1.61500 
-14.98268 1.61600 
-14.98268 1.61700 
-14.98268 1.61800 
-14.98268 1.61900 
-14.98268 1.62000 
-14.98268 1.62100 
-14.98268 1.62200 
-14.98268 1.62300 
-14.98268 1.62400 
-14.98268 1.62500 
-14.98268 1.62600 
-14.98268 1.62700 
-14.98268 1.62800 
-14.98268 1.62900 
-14.98268 1.63000 
-14.98268 1.63100 
-14.98268 1.63200 
-14.98268 1.63300 
-14.98268 1.63400 
-14.98268 1.63500 
-14.98268 1.63600 
-14.98268 1.63700 
-14.98268 1.63800 
-14.98268 1.63900 
-14.98268 1.64000 
-14.98268 1.64100 
-14.98268 1.64200 
-14.98268 1.64300 
-14.98268 1.64400 
-14.98268 1.64500 
-14.98268 1.64600 
-14.98268 1.64700 
-14.98268 1.64800 
-14.98268 1.64900 
-14.98268 1.65000 
-14.98268 1.65100 
-14.98268 1.65200 
-14.98268 1.65300 
-14.98268 1.65400 
-14.98268 1.65500 
-14.98268 1.65600 
-14.98268 1.65700 
-14.98268 1.65800 
-14.98268 1.65900 
-14.98268 1.66000 
-14.98268 1.66100 
-14.98268 1.66200 
-14.98268 1.66300 
-14.98268 1.66400 
-14.98268 1.66500 
-14.98268 1.66600 
-14.98268 1.66700 
-14.98268 1.66800 
-14.98268 1.66900 
-14.98268 1.67000 
-14.98268 1.67100 
-14.98268 1.67200 
-14.98268 1.67300 
-14.98268 1.67400 
-14.98268 1.67500 
-14.98268 1.67600 
-14.98268 1.67700 
-14.98268 1.67800 
-14.98268 1.67900 
-14.98268 1.68000 
-14.98268 1.68100 
-14.98268 1.68200 
-14.98268 1.68300 
-14.98268 1.68400 
-14.98268 1.68500 
-14.98268 1.68600 
-14.98268 1.68700 
-14.98268 1.68800 
-14.98268 1.68900 
-14.98268 1.69000 
-14.98268 1.69100 
-14.98268 1.69200 
-14.98268 1.69300 
-14.98268 1.69400 
-14.98268 1.69500 
-14.98268 1.69600 
-14.98268 1.69700 
-14.98268 1.69800 
-14.98268 1.69900 
-14.98268 1.70000 
-14.98268 1.70100 
-14.98268 1.70200 
-14.98268 1.70300 
-14.98268 1.70400 
-14.98268 1.70500 
-14.98268 1.70600 
-14.98268 1.70700 
-14.98268 1.70800 
-14.98268 1.70900 
-14.98268 1.71000 
-14.98268 1.71100 
-14.98268 1.71200 
-14.98268 1.71300 
-14.98268 1.71400 
-14.98268 1.71500 
-14.98268 1.71600 
-14.98268 1.71700 
-14.98268 1.71800 
-14.98268 1.71900 
-14.98268 1.72000 
-14.98268 1.72100 
-14.98268 1.72200 
-14.98268 1.72300 
-14.98268 1.72400 
-14.98268 1.72500 
-14.98268 1.72600 
-14.98268 1.72700 
-14.98268 1.72800 
-14.98268 1.72900 
-14.98268 1.73000 
-14.98268 1.73100 
-14.98268 1.73200 
-14.98268 1.73300 
-14.98268 1.73400 
-14.98268 1.73500 
-14.98268 1.73600 
-14.98268 1.73700 
-14.98268 1.73800 
-14.98268 1.73900 
-14.98268 1.74000 
-14.98268 1.74100 
-14.98268 1.74200 
-14.98268 1.74300 
-14.98268 1.74400 
-14.98268 1.74500 
-14.98268 1.74600 
-14.98268 1.74700 
-14.98268 1.74800 
-14.98268 1.74900 
-14.98268 1.75000 
-14.98268 1.75100 
-14.98268 1.75200 
-14.98268 1.75300 
-14.98268 1.75400 
-14.98268 1.75500 
-14.98268 1.75600 
-14.98268 1.75700 
-14.98268 1.75800 
-14.98268 1.75900 
-14.98268 1.76000 
-14.98268 1.76100 
-14.98268 1.76200 
-14.98268 1.76300 
-14.98268 1.76400 
-14.98268 1.76500 
-14.98268 1.76600 
-14.98268 1.76700 
-14.98268 1.76800 
-14.98268 1.76900 
-14.98268 1.77000 
-14.98268 1.77100 
-14.98268 1.77200 
-14.98268 1.77300 
-14.98268 1.77400 
-14.98268 1.77500 
-14.98268 1.77600 
-14.98268 1.77700 
-14.98268 1.77800 
-14.98268 1.77900 
-14.98268 1.78000 
-14.98268 1.78100 
-14.98268 1.78200 
-14.98268 1.78300 
-14.98268 1.78400 
-14.98268 1.78500 
-14.98268 1.78600 
-14.98268 1.78700 
-14.98268 1.78800 
-14.98268 1.78900 
-14.98268 1.79000 
-14.98268 1.79100 
-14.98268 1.79200 
-14.98268 1.79300 
-14.98268 1.79400 
-14.98268 1.79500 
-14.98268 1.79600 
-14.98268 1.79700 
-14.98268 1.79800 
-14.98268 1.79900 
-14.98268 1.80000 
-14.98268 1.80100 
-14.98268 1.80200 
-14.98268 1.80300 
-14.98268 1.80400 
-14.98268 1.80500 
-14.98268 1.80600 
-14.98268 1.80700 
-14.98268 1.80800 
-14.98268 1.80900 
-14.98268 1.81000 
-14.98268 1.81100 
-14.98268 1.81200 
-14.98268 1.81300 
-14.98268 1.81400 
-14.98268 1.81500 
-14.98268 1.81600 
-14.98268 1.81700 
-14.98268 1.81800 
-14.98268 1.81900 
-14.98268 1.82000 
-14.98268 1.82100 
-14.98268 1.82200 
-14.98268 1.82300 
-14.98268 1.82400 
-14.98268 1.82500 
-14.98268 1.82600 
-14.98268 1.82700 
-14.98268 1.82800 
-14.98268 1.82900 
-14.98268 1.83000 
-14.98268 1.83100 
-14.98268 1.83200 
-14.98268 1.83300 
-14.98268 1.83400 
-14.98268 1.83500 
-14.98268 1.83600 
-14.98268 1.83700 
-14.98268 1.83800 
-14.98268 1.83900 
-14.98268 1.84000 
-14.98268 1.84100 
-14.98268 1.84200 
-14.98268 1.84300 
-14.98268 1.84400 
-14.98268 1.84500 
-14.98268 1.84600 
-14.98268 1.84700 
-14.98268 1.84800 
-14.98268 1.84900 
-14.98268 1.85000 
-14.98268 1.85100 
-14.98268 1.85200 
-14.98268 1.85300 
-14.98268 1.85400 
-14.98268 1.85500 
-14.98268 1.85600 
-14.98268 1.85700 
-14.98268 1.85800 
-14.98268 1.85900 
-14.98268 1.86000 
-14.98268 1.86100 
-14.98268 1.86200 
-14.98268 1.86300 
-14.98268 1.86400 
-14.98268 1.86500 
-14.98268 1.86600 
-14.98268 1.86700 
-14.98268 1.86800 
-14.98268 1.86900 
-14.98268 1.87000 
-14.98268 1.87100 
-14.98268 1.87200 
-14.98268 1.87300 
-14.98268 1.87400 
-14.98268 1.87500 
-14.98268 1.87600 
-14.98268 1.87700 
-14.98268 1.87800 
-14.98268 1.87900 
-14.98268 1.88000 
-14.98268 1.88100 
-14.98268 1.88200 
-14.98268 1.88300 
-14.98268 1.88400 
-14.98268 1.88500 
-14.98268 1.88600 
-14.98268 1.88700 
-14.98268 1.88800 
-14.98268 1.88900 
-14.98268 1.89000 
-14.98268 1.89100 
-14.98268 1.89200 
-14.98268 1.89300 
-14.98268 1.89400 
-14.98268 1.89500 
-14.98268 1.89600 
-14.98268 1.89700 
-14.98268 1.89800 
-14.98268 1.89900 
-14.98268 1.90000 
-14.98268 1.90100 
-14.98268 1.90200 
-14.98268 1.90300 
-14.98268 1.90400 
-14.98268 1.90500 
-14.98268 1.90600 
-14.98268 1.90700 
-14.98268 1.90800 
-14.98268 1.90900 
-14.98268 1.91000 
-14.98268 1.91100 
-14.98268 1.91200 
-14.98268 1.91300 
-14.98268 1.91400 
-14.98268 1.91500 
-14.98268 1.91600 
-14.98268 1.91700 
-14.98268 1.91800 
-14.98268 1.91900 
-14.98268 1.92000 
-14.98268 1.92100 
-14.98268 1.92200 
-14.98268 1.92300 
-14.98268 1.92400 
-14.98268 1.92500 
-14.98268 1.92600 
-14.98268 1.92700 
-14.98268 1.92800 
-14.98268 1.92900 
-14.98268 1.93000 
-14.98268 1.93100 
-14.98268 1.93200 
-14.98268 1.93300 
-14.98268 1.93400 
-14.98268 1.93500 
-14.98268 1.93600 
-14.98268 1.93700 
-14.98268 1.93800 
-14.98268 1.93900 
-14.98268 1.94000 
-14.98268 1.94100 
-14.98268 1.94200 
-14.98268 1.94300 
-14.98268 1.94400 
-14.98268 1.94500 
-14.98268 1.94600 
-14.98268 1.94700 
-14.98268 1.94800 
-14.98268 1.94900 
-14.98268 1.95000 
-14.98268 1.95100 
-14.98268 1.95200 
-14.98268 1.95300 
-14.98268 1.95400 
-14.98268 1.95500 
-14.98268 1.95600 
-14.98268 1.95700 
-14.98268 1.95800 
-14.98268 1.95900 
-14.98268 1.96000 
-14.98268 1.96100 
-14.98268 1.96200 
-14.98268 1.96300 
-14.98268 1.96400 
-14.98268 1.96500 
-14.98268 1.96600 
-14.98268 1.96700 
-14.98268 1.96800 
-14.98268 1.96900 
-14.98268 1.97000 
-14.98268 1.97100 
-14.98268 1.97200 
-14.98268 1.97300 
-14.98268 1.97400 
-14.98268 1.97500 
-14.98268 1.97600 
-14.98268 1.97700 
-14.98268 1.97800 
-14.98268 1.97900 
-14.98268 1.98000 
-14.98268 1.98100 
-14.98268 1.98200 
-14.98268 1.98300 
-14.98268 1.98400 
-14.98268 1.98500 
-14.98268 1.98600 
-14.98268 1.98700 
-14.98268 1.98800 
-14.98268 1.98900 
-14.98268 1.99000 
-14.98268 1.99100 
-14.98268 1.99200 
-14.98268 1.99300 
-14.98268 1.99400 
-14.98268 1.99500 
-14.98268 1.99600 
-14.98268 1.99700 
-14.98268 1.99800 
-14.98268 1.99900 
-14.98268 2.00000 
-14.98268 2.00100 
-14.98268 2.00200 
-14.98268 2.00300 
-14.98268 2.00400 
-14.98268 2.00500 
-14.98268 2.00600 
-14.98268 2.00700 
-14.98268 2.00800 
-14.98268 2.00900 
-14.98268 2.01000 
-14.98268 2.01100 
-14.98268 2.01200 
-14.98268 2.01300 
-14.98268 2.01400 
-14.98268 2.01500 
-14.98268 2.01600 
-14.98268 2.01700 
-14.98268 2.01800 
-14.98268 2.01900 
-14.98268 2.02000 
-14.98268 2.02100 
-14.98268 2.02200 
-14.98268 2.02300 
-14.98268 2.02400 
-14.98268 2.02500 
-14.98268 2.02600 
-14.98268 2.02700 
-14.98268 2.02800 
-14.98268 2.02900 
-14.98268 2.03000 
-14.98268 2.03100 
-14.98268 2.03200 
-14.98268 2.03300 
-14.98268 2.03400 
-14.98268 2.03500 
-14.98268 2.03600 
-14.98268 2.03700 
-14.98268 2.03800 
-14.98268 2.03900 
-14.98268 2.04000 
-14.98268 2.04100 
-14.98268 2.04200 
-14.98268 2.04300 
-14.98268 2.04400 
-14.98268 2.04500 
-14.98268 2.04600 
-14.98268 2.04700 
-14.98268 2.04800 
-14.98268 2.04900 
-14.98268 2.05000 
-14.98268 2.05100 
-14.98268 2.05200 
-14.98268 2.05300 
-14.98268 2.05400 
-14.98268 2.05500 
-14.98268 2.05600 
-14.98268 2.05700 
-14.98268 2.05800 
-14.98268 2.05900 
-14.98268 2.06000 
-14.98268 2.06100 
-14.98268 2.06200 
-14.98268 2.06300 
-14.98268 2.06400 
-14.98268 2.06500 
-14.98268 2.06600 
-14.98268 2.06700 
-14.98268 2.06800 
-14.98268 2.06900 
-14.98268 2.07000 
-14.98268 2.07100 
-14.98268 2.07200 
-14.98268 2.07300 
-14.98268 2.07400 
-14.98268 2.07500 
-14.98268 2.07600 
-14.98268 2.07700 
-14.98268 2.07800 
-14.98268 2.07900 
-14.98268 2.08000 
-14.98268 2.08100 
-14.98268 2.08200 
-14.98268 2.08300 
-14.98268 2.08400 
-14.98268 2.08500 
-14.98268 2.08600 
-14.98268 2.08700 
-14.98268 2.08800 
-14.98268 2.08900 
-14.98268 2.09000 
-14.98268 2.09100 
-14.98268 2.09200 
-14.98268 2.09300 
-14.98268 2.09400 
-14.98268 2.09500 
-14.98268 2.09600 
-14.98268 2.09700 
-14.98268 2.09800 
-14.98268 2.09900 
-14.98268 2.10000 
-14.98268 2.10100 
-14.98268 2.10200 
-14.98268 2.10300 
-14.98268 2.10400 
-14.98268 2.10500 
-14.98268 2.10600 
-14.98268 2.10700 
-14.98268 2.10800 
-14.98268 2.10900 
-14.98268 2.11000 
-14.98268 2.11100 
-14.98268 2.11200 
-14.98268 2.11300 
-14.98268 2.11400 
-14.98268 2.11500 
-14.98268 2.11600 
-14.98268 2.11700 
-14.98268 2.11800 
-14.98268 2.11900 
-14.98268 2.12000 
-14.98268 2.12100 
-14.98268 2.12200 
-14.98268 2.12300 
-14.98268 2.12400 
-14.98268 2.12500 
-14.98268 2.12600 
-14.98268 2.12700 
-14.98268 2.12800 
-14.98268 2.12900 
-14.98268 2.13000 
-14.98268 2.13100 
-14.98268 2.13200 
-14.98268 2.13300 
-14.98268 2.13400 
-14.98268 2.13500 
-14.98268 2.13600 
-14.98268 2.13700 
-14.98268 2.13800 
-14.98268 2.13900 
-14.98268 2.14000 
-14.98268 2.14100 
-14.98268 2.14200 
-14.98268 2.14300 
-14.98268 2.14400 
-14.98268 2.14500 
-14.98268 2.14600 
-14.98268 2.14700 
-14.98268 2.14800 
-14.98268 2.14900 
-14.98268 2.15000 
-14.98268 2.15100 
-14.98268 2.15200 
-14.98268 2.15300 
-14.98268 2.15400 
-14.98268 2.15500 
-14.98268 2.15600 
-14.98268 2.15700 
-14.98268 2.15800 
-14.98268 2.15900 
-14.98268 2.16000 
-14.98268 2.16100 
-14.98268 2.16200 
-14.98268 2.16300 
-14.98268 2.16400 
-14.98268 2.16500 
-14.98268 2.16600 
-14.98268 2.16700 
-14.98268 2.16800 
-14.98268 2.16900 
-14.98268 2.17000 
-14.98268 2.17100 
-14.98268 2.17200 
-14.98268 2.17300 
-14.98268 2.17400 
-14.98268 2.17500 
-14.98268 2.17600 
-14.98268 2.17700 
-14.98268 2.17800 
-14.98268 2.17900 
-14.98268 2.18000 
-14.98268 2.18100 
-14.98268 2.18200 
-14.98268 2.18300 
-14.98268 2.18400 
-14.98268 2.18500 
-14.98268 2.18600 
-14.98268 2.18700 
-14.98268 2.18800 
-14.98268 2.18900 
-14.98268 2.19000 
-14.98268 2.19100 
-14.98268 2.19200 
-14.98268 2.19300 
-14.98268 2.19400 
-14.98268 2.19500 
-14.98268 2.19600 
-14.98268 2.19700 
-14.98268 2.19800 
-14.98268 2.19900 
-14.98268 2.20000 
-14.98268 2.20100 
-14.98268 2.20200 
-14.98268 2.20300 
-14.98268 2.20400 
-14.98268 2.20500 
-14.98268 2.20600 
-14.98268 2.20700 
-14.98268 2.20800 
-14.98268 2.20900 
-14.98268 2.21000 
-14.98268 2.21100 
-14.98268 2.21200 
-14.98268 2.21300 
-14.98268 2.21400 
-14.98268 2.21500 
-14.98268 2.21600 
-14.98268 2.21700 
-14.98268 2.21800 
-14.98268 2.21900 
-14.98268 2.22000 
-14.98268 2.22100 
-14.98268 2.22200 
-14.98268 2.22300 
-14.98268 2.22400 
-14.98268 2.22500 
-14.98268 2.22600 
-14.98268 2.22700 
-14.98268 2.22800 
-14.98268 2.22900 
-14.98268 2.23000 
-14.98268 2.23100 
-14.98268 2.23200 
-14.98268 2.23300 
-14.98268 2.23400 
-14.98268 2.23500 
-14.98268 2.23600 
-14.98268 2.23700 
-14.98268 2.23800 
-14.98268 2.23900 
-14.98268 2.24000 
-14.98268 2.24100 
-14.98268 2.24200 
-14.98268 2.24300 
-14.98268 2.24400 
-14.98268 2.24500 
-14.98268 2.24600 
-14.98268 2.24700 
-14.98268 2.24800 
-14.98268 2.24900 
-14.98268 2.25000 
-14.98268 2.25100 
-14.98268 2.25200 
-14.98268 2.25300 
-14.98268 2.25400 
-14.98268 2.25500 
-14.98268 2.25600 
-14.98268 2.25700 
-14.98268 2.25800 
-14.98268 2.25900 
-14.98268 2.26000 
-14.98268 2.26100 
-14.98268 2.26200 
-14.98268 2.26300 
-14.98268 2.26400 
-14.98268 2.26500 
-14.98268 2.26600 
-14.98268 2.26700 
-14.98268 2.26800 
-14.98268 2.26900 
-14.98268 2.27000 
-14.98268 2.27100 
-14.98268 2.27200 
-14.98268 2.27300 
-14.98268 2.27400 
-14.98268 2.27500 
-14.98268 2.27600 
-14.98268 2.27700 
-14.98268 2.27800 
-14.98268 2.27900 
-14.98268 2.28000 
-14.98268 2.28100 
-14.98268 2.28200 
-14.98268 2.28300 
-14.98268 2.28400 
-14.98268 2.28500 
-14.98268 2.28600 
-14.98268 2.28700 
-14.98268 2.28800 
-14.98268 2.28900 
-14.98268 2.29000 
-14.98268 2.29100 
-14.98268 2.29200 
-14.98268 2.29300 
-14.98268 2.29400 
-14.98268 2.29500 
-14.98268 2.29600 
-14.98268 2.29700 
-14.98268 2.29800 
-14.98268 2.29900 
-14.98268 2.30000 
-14.98268 2.30100 
-14.98268 2.30200 
-14.98268 2.30300 
-14.98268 2.30400 
-14.98268 2.30500 
-14.98268 2.30600 
-14.98268 2.30700 
-14.98268 2.30800 
-14.98268 2.30900 
-14.98268 2.31000 
-14.98268 2.31100 
-14.98268 2.31200 
-14.98268 2.31300 
-14.98268 2.31400 
-14.98268 2.31500 
-14.98268 2.31600 
-14.98268 2.31700 
-14.98268 2.31800 
-14.98268 2.31900 
-14.98268 2.32000 
-14.98268 2.32100 
-14.98268 2.32200 
-14.98268 2.32300 
-14.98268 2.32400 
-14.98268 2.32500 
-14.98268 2.32600 
-14.98268 2.32700 
-14.98268 2.32800 
-14.98268 2.32900 
-14.98268 2.33000 
-14.98268 2.33100 
-14.98268 2.33200 
-14.98268 2.33300 
-14.98268 2.33400 
-14.98268 2.33500 
-14.98268 2.33600 
-14.98268 2.33700 
-14.98268 2.33800 
-14.98268 2.33900 
-14.98268 2.34000 
-14.98268 2.34100 
-14.98268 2.34200 
-14.98268 2.34300 
-14.98268 2.34400 
-14.98268 2.34500 
-14.98268 2.34600 
-14.98268 2.34700 
-14.98268 2.34800 
-14.98268 2.34900 
-14.98268 2.35000 
-14.98268 2.35100 
-14.98268 2.35200 
-14.98268 2.35300 
-14.98268 2.35400 
-14.98268 2.35500 
-14.98268 2.35600 
-14.98268 2.35700 
-14.98268 2.35800 
-14.98268 2.35900 
-14.98268 2.36000 
-14.98268 2.36100 
-14.98268 2.36200 
-14.98268 2.36300 
-14.98268 2.36400 
-14.98268 2.36500 
-14.98268 2.36600 
-14.98268 2.36700 
-14.98268 2.36800 
-14.98268 2.36900 
-14.98268 2.37000 
-14.98268 2.37100 
-14.98268 2.37200 
-14.98268 2.37300 
-14.98268 2.37400 
-14.98268 2.37500 
-14.98268 2.37600 
-14.98268 2.37700 
-14.98268 2.37800 
-14.98268 2.37900 
-14.98268 2.38000 
-14.98268 2.38100 
-14.98268 2.38200 
-14.98268 2.38300 
-14.98268 2.38400 
-14.98268 2.38500 
-14.98268 2.38600 
-14.98268 2.38700 
-14.98268 2.38800 
-14.98268 2.38900 
-14.98268 2.39000 
-14.98268 2.39100 
-14.98268 2.39200 
-14.98268 2.39300 
-14.98268 2.39400 
-14.98268 2.39500 
-14.98268 2.39600 
-14.98268 2.39700 
-14.98268 2.39800 
-14.98268 2.39900 
-14.98268 2.40000 
-14.98268 2.40100 
-14.98268 2.40200 
-14.98268 2.40300 
-14.98268 2.40400 
-14.98268 2.40500 
-14.98268 2.40600 
-14.98268 2.40700 
-14.98268 2.40800 
-14.98268 2.40900 
-14.98268 2.41000 
-14.98268 2.41100 
-14.98268 2.41200 
-14.98268 2.41300 
-14.98268 2.41400 
-14.98268 2.41500 
-14.98268 2.41600 
-14.98268 2.41700 
-14.98268 2.41800 
-14.98268 2.41900 
-14.98268 2.42000 
-14.98268 2.42100 
-14.98268 2.42200 
-14.98268 2.42300 
-14.98268 2.42400 
-14.98268 2.42500 
-14.98268 2.42600 
-14.98268 2.42700 
-14.98268 2.42800 
-14.98268 2.42900 
-14.98268 2.43000 
-14.98268 2.43100 
-14.98268 2.43200 
-14.98268 2.43300 
-14.98268 2.43400 
-14.98268 2.43500 
-14.98268 2.43600 
-14.98268 2.43700 
-14.98268 2.43800 
-14.98268 2.43900 
-14.98268 2.44000 
-14.98268 2.44100 
-14.98268 2.44200 
-14.98268 2.44300 
-14.98268 2.44400 
-14.98268 2.44500 
-14.98268 2.44600 
-14.98268 2.44700 
-14.98268 2.44800 
-14.98268 2.44900 
-14.98268 2.45000 
-14.98268 2.45100 
-14.98268 2.45200 
-14.98268 2.45300 
-14.98268 2.45400 
-14.98268 2.45500 
-14.98268 2.45600 
-14.98268 2.45700 
-14.98268 2.45800 
-14.98268 2.45900 
-14.98268 2.46000 
-14.98268 2.46100 
-14.98268 2.46200 
-14.98268 2.46300 
-14.98268 2.46400 
-14.98268 2.46500 
-14.98268 2.46600 
-14.98268 2.46700 
-14.98268 2.46800 
-14.98268 2.46900 
-14.98268 2.47000 
-14.98268 2.47100 
-14.98268 2.47200 
-14.98268 2.47300 
-14.98268 2.47400 
-14.98268 2.47500 
-14.98268 2.47600 
-14.98268 2.47700 
-14.98268 2.47800 
-14.98268 2.47900 
-14.98268 2.48000 
-14.98268 2.48100 
-14.98268 2.48200 
-14.98268 2.48300 
-14.98268 2.48400 
-14.98268 2.48500 
-14.98268 2.48600 
-14.98268 2.48700 
-14.98268 2.48800 
-14.98268 2.48900 
-14.98268 2.49000 
-14.98268 2.49100 
-14.98268 2.49200 
-14.98268 2.49300 
-14.98268 2.49400 
-14.98268 2.49500 
-14.98268 2.49600 
-14.98268 2.49700 
-14.98268 2.49800 
-14.98268 2.49900 
-14.98268 2.50000 
-14.98268 2.50100 
-14.98268 2.50200 
-14.98268 2.50300 
-14.98268 2.50400 
-14.98268 2.50500 
-14.98268 2.50600 
-14.98268 2.50700 
-14.98268 2.50800 
-14.98268 2.50900 
-14.98268 2.51000 
-14.98268 2.51100 
-14.98268 2.51200 
-14.98268 2.51300 
-14.98268 2.51400 
-14.98268 2.51500 
-14.98268 2.51600 
-14.98268 2.51700 
-14.98268 2.51800 
-14.98268 2.51900 
-14.98268 2.52000 
-14.98268 2.52100 
-14.98268 2.52200 
-14.98268 2.52300 
-14.98268 2.52400 
-14.98268 2.52500 
-14.98268 2.52600 
-14.98268 2.52700 
-14.98268 2.52800 
-14.98268 2.52900 
-14.98268 2.53000 
-14.98268 2.53100 
-14.98268 2.53200 
-14.98268 2.53300 
-14.98268 2.53400 
-14.98268 2.53500 
-14.98268 2.53600 
-14.98268 2.53700 
-14.98268 2.53800 
-14.98268 2.53900 
-14.98268 2.54000 
-14.98268 2.54100 
-14.98268 2.54200 
-14.98268 2.54300 
-14.98268 2.54400 
-14.98268 2.54500 
-14.98268 2.54600 
-14.98268 2.54700 
-14.98268 2.54800 
-14.98268 2.54900 
-14.98268 2.55000 
-14.98268 2.55100 
-14.98268 2.55200 
-14.98268 2.55300 
-14.98268 2.55400 
-14.98268 2.55500 
-14.98268 2.55600 
-14.98268 2.55700 
-14.98268 2.55800 
-14.98268 2.55900 
-14.98268 2.56000 
-14.98268 2.56100 
-14.98268 2.56200 
-14.98268 2.56300 
-14.98268 2.56400 
-14.98268 2.56500 
-14.98268 2.56600 
-14.98268 2.56700 
-14.98268 2.56800 
-14.98268 2.56900 
-14.98268 2.57000 
-14.98268 2.57100 
-14.98268 2.57200 
-14.98268 2.57300 
-14.98268 2.57400 
-14.98268 2.57500 
-14.98268 2.57600 
-14.98268 2.57700 
-14.98268 2.57800 
-14.98268 2.57900 
-14.98268 2.58000 
-14.98268 2.58100 
-14.98268 2.58200 
-14.98268 2.58300 
-14.98268 2.58400 
-14.98268 2.58500 
-14.98268 2.58600 
-14.98268 2.58700 
-14.98268 2.58800 
-14.98268 2.58900 
-14.98268 2.59000 
-14.98268 2.59100 
-14.98268 2.59200 
-14.98268 2.59300 
-14.98268 2.59400 
-14.98268 2.59500 
-14.98268 2.59600 
-14.98268 2.59700 
-14.98268 2.59800 
-14.98268 2.59900 
-14.98268 2.60000 
-14.98268 2.60100 
-14.98268 2.60200 
-14.98268 2.60300 
-14.98268 2.60400 
-14.98268 2.60500 
-14.98268 2.60600 
-14.98268 2.60700 
-14.98268 2.60800 
-14.98268 2.60900 
-14.98268 2.61000 
-14.98268 2.61100 
-14.98268 2.61200 
-14.98268 2.61300 
-14.98268 2.61400 
-14.98268 2.61500 
-14.98268 2.61600 
-14.98268 2.61700 
-14.98268 2.61800 
-14.98268 2.61900 
-14.98268 2.62000 
-14.98268 2.62100 
-14.98268 2.62200 
-14.98268 2.62300 
-14.98268 2.62400 
-14.98268 2.62500 
-14.98268 2.62600 
-14.98268 2.62700 
-14.98268 2.62800 
-14.98268 2.62900 
-14.98268 2.63000 
-14.98268 2.63100 
-14.98268 2.63200 
-14.98268 2.63300 
-14.98268 2.63400 
-14.98268 2.63500 
-14.98268 2.63600 
-14.98268 2.63700 
-14.98268 2.63800 
-14.98268 2.63900 
-14.98268 2.64000 
-14.98268 2.64100 
-14.98268 2.64200 
-14.98268 2.64300 
-14.98268 2.64400 
-14.98268 2.64500 
-14.98268 2.64600 
-14.98268 2.64700 
-14.98268 2.64800 
-14.98268 2.64900 
-14.98268 2.65000 
-14.98268 2.65100 
-14.98268 2.65200 
-14.98268 2.65300 
-14.98268 2.65400 
-14.98268 2.65500 
-14.98268 2.65600 
-14.98268 2.65700 
-14.98268 2.65800 
-14.98268 2.65900 
-14.98268 2.66000 
-14.98268 2.66100 
-14.98268 2.66200 
-14.98268 2.66300 
-14.98268 2.66400 
-14.98268 2.66500 
-14.98268 2.66600 
-14.98268 2.66700 
-14.98268 2.66800 
-14.98268 2.66900 
-14.98268 2.67000 
-14.98268 2.67100 
-14.98268 2.67200 
-14.98268 2.67300 
-14.98268 2.67400 
-14.98268 2.67500 
-14.98268 2.67600 
-14.98268 2.67700 
-14.98268 2.67800 
-14.98268 2.67900 
-14.98268 2.68000 
-14.98268 2.68100 
-14.98268 2.68200 
-14.98268 2.68300 
-14.98268 2.68400 
-14.98268 2.68500 
-14.98268 2.68600 
-14.98268 2.68700 
-14.98268 2.68800 
-14.98268 2.68900 
-14.98268 2.69000 
-14.98268 2.69100 
-14.98268 2.69200 
-14.98268 2.69300 
-14.98268 2.69400 
-14.98268 2.69500 
-14.98268 2.69600 
-14.98268 2.69700 
-14.98268 2.69800 
-14.98268 2.69900 
-14.98268 2.70000 
-14.98268 2.70100 
-14.98268 2.70200 
-14.98268 2.70300 
-14.98268 2.70400 
-14.98268 2.70500 
-14.98268 2.70600 
-14.98268 2.70700 
-14.98268 2.70800 
-14.98268 2.70900 
-14.98268 2.71000 
-14.98268 2.71100 
-14.98268 2.71200 
-14.98268 2.71300 
-14.98268 2.71400 
-14.98268 2.71500 
-14.98268 2.71600 
-14.98268 2.71700 
-14.98268 2.71800 
-14.98268 2.71900 
-14.98268 2.72000 
-14.98268 2.72100 
-14.98268 2.72200 
-14.98268 2.72300 
-14.98268 2.72400 
-14.98268 2.72500 
-14.98268 2.72600 
-14.98268 2.72700 
-14.98268 2.72800 
-14.98268 2.72900 
-14.98268 2.73000 
-14.98268 2.73100 
-14.98268 2.73200 
-14.98268 2.73300 
-14.98268 2.73400 
-14.98268 2.73500 
-14.98268 2.73600 
-14.98268 2.73700 
-14.98268 2.73800 
-14.98268 2.73900 
-14.98268 2.74000 
-14.98268 2.74100 
-14.98268 2.74200 
-14.98268 2.74300 
-14.98268 2.74400 
-14.98268 2.74500 
-14.98268 2.74600 
-14.98268 2.74700 
-14.98268 2.74800 
-14.98268 2.74900 
-14.98268 2.75000 
-14.98268 2.75100 
-14.98268 2.75200 
-14.98268 2.75300 
-14.98268 2.75400 
-14.98268 2.75500 
-14.98268 2.75600 
-14.98268 2.75700 
-14.98268 2.75800 
-14.98268 2.75900 
-14.98268 2.76000 
-14.98268 2.76100 
-14.98268 2.76200 
-14.98268 2.76300 
-14.98268 2.76400 
-14.98268 2.76500 
-14.98268 2.76600 
-14.98268 2.76700 
-14.98268 2.76800 
-14.98268 2.76900 
-14.98268 2.77000 
-14.98268 2.77100 
-14.98268 2.77200 
-14.98268 2.77300 
-14.98268 2.77400 
-14.98268 2.77500 
-14.98268 2.77600 
-14.98268 2.77700 
-14.98268 2.77800 
-14.98268 2.77900 
-14.98268 2.78000 
-14.98268 2.78100 
-14.98268 2.78200 
-14.98268 2.78300 
-14.98268 2.78400 
-14.98268 2.78500 
-14.98268 2.78600 
-14.98268 2.78700 
-14.98268 2.78800 
-14.98268 2.78900 
-14.98268 2.79000 
-14.98268 2.79100 
-14.98268 2.79200 
-14.98268 2.79300 
-14.98268 2.79400 
-14.98268 2.79500 
-14.98268 2.79600 
-14.98268 2.79700 
-14.98268 2.79800 
-14.98268 2.79900 
-14.98268 2.80000 
-14.98268 2.80100 
-14.98268 2.80200 
-14.98268 2.80300 
-14.98268 2.80400 
-14.98268 2.80500 
-14.98268 2.80600 
-14.98268 2.80700 
-14.98268 2.80800 
-14.98268 2.80900 
-14.98268 2.81000 
-14.98268 2.81100 
-14.98268 2.81200 
-14.98268 2.81300 
-14.98268 2.81400 
-14.98268 2.81500 
-14.98268 2.81600 
-14.98268 2.81700 
-14.98268 2.81800 
-14.98268 2.81900 
-14.98268 2.82000 
-14.98268 2.82100 
-14.98268 2.82200 
-14.98268 2.82300 
-14.98268 2.82400 
-14.98268 2.82500 
-14.98268 2.82600 
-14.98268 2.82700 
-14.98268 2.82800 
-14.98268 2.82900 
-14.98268 2.83000 
-14.98268 2.83100 
-14.98268 2.83200 
-14.98268 2.83300 
-14.98268 2.83400 
-14.98268 2.83500 
-14.98268 2.83600 
-14.98268 2.83700 
-14.98268 2.83800 
-14.98268 2.83900 
-14.98268 2.84000 
-14.98268 2.84100 
-14.98268 2.84200 
-14.98268 2.84300 
-14.98268 2.84400 
-14.98268 2.84500 
-14.98268 2.84600 
-14.98268 2.84700 
-14.98268 2.84800 
-14.98268 2.84900 
-14.98268 2.85000 
-14.98268 2.85100 
-14.98268 2.85200 
-14.98268 2.85300 
-14.98268 2.85400 
-14.98268 2.85500 
-14.98268 2.85600 
-14.98268 2.85700 
-14.98268 2.85800 
-14.98268 2.85900 
-14.98268 2.86000 
-14.98268 2.86100 
-14.98268 2.86200 
-14.98268 2.86300 
-14.98268 2.86400 
-14.98268 2.86500 
-14.98268 2.86600 
-14.98268 2.86700 
-14.98268 2.86800 
-14.98268 2.86900 
-14.98268 2.87000 
-14.98268 2.87100 
-14.98268 2.87200 
-14.98268 2.87300 
-14.98268 2.87400 
-14.98268 2.87500 
-14.98268 2.87600 
-14.98268 2.87700 
-14.98268 2.87800 
-14.98268 2.87900 
-14.98268 2.88000 
-14.98268 2.88100 
-14.98268 2.88200 
-14.98268 2.88300 
-14.98268 2.88400 
-14.98268 2.88500 
-14.98268 2.88600 
-14.98268 2.88700 
-14.98268 2.88800 
-14.98268 2.88900 
-14.98268 2.89000 
-14.98268 2.89100 
-14.98268 2.89200 
-14.98268 2.89300 
-14.98268 2.89400 
-14.98268 2.89500 
-14.98268 2.89600 
-14.98268 2.89700 
-14.98268 2.89800 
-14.98268 2.89900 
-14.98268 2.90000 
-14.98268 2.90100 
-14.98268 2.90200 
-14.98268 2.90300 
-14.98268 2.90400 
-14.98268 2.90500 
-14.98268 2.90600 
-14.98268 2.90700 
-14.98268 2.90800 
-14.98268 2.90900 
-14.98268 2.91000 
-14.98268 2.91100 
-14.98268 2.91200 
-14.98268 2.91300 
-14.98268 2.91400 
-14.98268 2.91500 
-14.98268 2.91600 
-14.98268 2.91700 
-14.98268 2.91800 
-14.98268 2.91900 
-14.98268 2.92000 
-14.98268 2.92100 
-14.98268 2.92200 
-14.98268 2.92300 
-14.98268 2.92400 
-14.98268 2.92500 
-14.98268 2.92600 
-14.98268 2.92700 
-14.98268 2.92800 
-14.98268 2.92900 
-14.98268 2.93000 
-14.98268 2.93100 
-14.98268 2.93200 
-14.98268 2.93300 
-14.98268 2.93400 
-14.98268 2.93500 
-14.98268 2.93600 
-14.98268 2.93700 
-14.98268 2.93800 
-14.98268 2.93900 
-14.98268 2.94000 
-14.98268 2.94100 
-14.98268 2.94200 
-14.98268 2.94300 
-14.98268 2.94400 
-14.98268 2.94500 
-14.98268 2.94600 
-14.98268 2.94700 
-14.98268 2.94800 
-14.98268 2.94900 
-14.98268 2.95000 
-14.98268 2.95100 
-14.98268 2.95200 
-14.98268 2.95300 
-14.98268 2.95400 
-14.98268 2.95500 
-14.98268 2.95600 
-14.98268 2.95700 
-14.98268 2.95800 
-14.98268 2.95900 
-14.98268 2.96000 
-14.98268 2.96100 
-14.98268 2.96200 
-14.98268 2.96300 
-14.98268 2.96400 
-14.98268 2.96500 
-14.98268 2.96600 
-14.98268 2.96700 
-14.98268 2.96800 
-14.98268 2.96900 
-14.98268 2.97000 
-14.98268 2.97100 
-14.98268 2.97200 
-14.98268 2.97300 
-14.98268 2.97400 
-14.98268 2.97500 
-14.98268 2.97600 
-14.98268 2.97700 
-14.98268 2.97800 
-14.98268 2.97900 
-14.98268 2.98000 
-14.98268 2.98100 
-14.98268 2.98200 
-14.98268 2.98300 
-14.98268 2.98400 
-14.98268 2.98500 
-14.98268 2.98600 
-14.98268 2.98700 
-14.98268 2.98800 
-14.98268 2.98900 
-14.98268 2.99000 
-14.98268 2.99100 
-14.98268 2.99200 
-14.98268 2.99300 
-14.98268 2.99400 
-14.98268 2.99500 
-14.98268 2.99600 
-14.98268 2.99700 
-14.98268 2.99800 
-14.98268 2.99900 
-14.98268 3.00000 
-14.98268 3.00100 
-14.98268 3.00200 
-14.98268 3.00300 
-14.98268 3.00400 
-14.98268 3.00500 
-14.98268 3.00600 
-14.98268 3.00700 
-14.98268 3.00800 
-14.98268 3.00900 
-14.98268 3.01000 
-14.98268 3.01100 
-14.98268 3.01200 
-14.98268 3.01300 
-14.98268 3.01400 
-14.98268 3.01500 
-14.98268 3.01600 
-14.98268 3.01700 
-14.98268 3.01800 
-14.98268 3.01900 
-14.98268 3.02000 
-14.98268 3.02100 
-14.98268 3.02200 
-14.98268 3.02300 
-14.98268 3.02400 
-14.98268 3.02500 
-14.98268 3.02600 
-14.98268 3.02700 
-14.98268 3.02800 
-14.98268 3.02900 
-14.98268 3.03000 
-14.98268 3.03100 
-14.98268 3.03200 
-14.98268 3.03300 
-14.98268 3.03400 
-14.98268 3.03500 
-14.98268 3.03600 
-14.98268 3.03700 
-14.98268 3.03800 
-14.98268 3.03900 
-14.98268 3.04000 
-14.98268 3.04100 
-14.98268 3.04200 
-14.98268 3.04300 
-14.98268 3.04400 
-14.98268 3.04500 
-14.98268 3.04600 
-14.98268 3.04700 
-14.98268 3.04800 
-14.98268 3.04900 
-14.98268 3.05000 
-14.98268 3.05100 
-14.98268 3.05200 
-14.98268 3.05300 
-14.98268 3.05400 
-14.98268 3.05500 
-14.98268 3.05600 
-14.98268 3.05700 
-14.98268 3.05800 
-14.98268 3.05900 
-14.98268 3.06000 
-14.98268 3.06100 
-14.98268 3.06200 
-14.98268 3.06300 
-14.98268 3.06400 
-14.98268 3.06500 
-14.98268 3.06600 
-14.98268 3.06700 
-14.98268 3.06800 
-14.98268 3.06900 
-14.98268 3.07000 
-14.98268 3.07100 
-14.98268 3.07200 
-14.98268 3.07300 
-14.98268 3.07400 
-14.98268 3.07500 
-14.98268 3.07600 
-14.98268 3.07700 
-14.98268 3.07800 
-14.98268 3.07900 
-14.98268 3.08000 
-14.98268 3.08100 
-14.98268 3.08200 
-14.98268 3.08300 
-14.98268 3.08400 
-14.98268 3.08500 
-14.98268 3.08600 
-14.98268 3.08700 
-14.98268 3.08800 
-14.98268 3.08900 
-14.98268 3.09000 
-14.98268 3.09100 
-14.98268 3.09200 
-14.98268 3.09300 
-14.98268 3.09400 
-14.98268 3.09500 
-14.98268 3.09600 
-14.98268 3.09700 
-14.98268 3.09800 
-14.98268 3.09900 
-14.98268 3.10000 
-14.98268 3.10100 
-14.98268 3.10200 
-14.98268 3.10300 
-14.98268 3.10400 
-14.98268 3.10500 
-14.98268 3.10600 
-14.98268 3.10700 
-14.98268 3.10800 
-14.98268 3.10900 
-14.98268 3.11000 
-14.98268 3.11100 
-14.98268 3.11200 
-14.98268 3.11300 
-14.98268 3.11400 
-14.98268 3.11500 
-14.98268 3.11600 
-14.98268 3.11700 
-14.98268 3.11800 
-14.98268 3.11900 
-14.98268 3.12000 
-14.98268 3.12100 
-14.98268 3.12200 
-14.98268 3.12300 
-14.98268 3.12400 
-14.98268 3.12500 
-14.98268 3.12600 
-14.98268 3.12700 
-14.98268 3.12800 
-14.98268 3.12900 
-14.98268 3.13000 
-14.98268 3.13100 
-14.98268 3.13200 
-14.98268 3.13300 
-14.98268 3.13400 
-14.98268 3.13500 
-14.98268 3.13600 
-14.98268 3.13700 
-14.98268 3.13800 
-14.98268 3.13900 
-14.98268 3.14000 
-14.98268 3.14100 
-14.98268 3.14200 
-14.98268 3.14300 
-14.98268 3.14400 
-14.98268 3.14500 
-14.98268 3.14600 
-14.98268 3.14700 
-14.98268 3.14800 
-14.98268 3.14900 
-14.98268 3.15000 
-14.98268 3.15100 
-14.98268 3.15200 
-14.98268 3.15300 
-14.98268 3.15400 
-14.98268 3.15500 
-14.98268 3.15600 
-14.98268 3.15700 
-14.98268 3.15800 
-14.98268 3.15900 
-14.98268 3.16000 
-14.98268 3.16100 
-14.98268 3.16200 
-14.98268 3.16300 
-14.98268 3.16400 
-14.98268 3.16500 
-14.98268 3.16600 
-14.98268 3.16700 
-14.98268 3.16800 
-14.98268 3.16900 
-14.98268 3.17000 
-14.98268 3.17100 
-14.98268 3.17200 
-14.98268 3.17300 
-14.98268 3.17400 
-14.98268 3.17500 
-14.98268 3.17600 
-14.98268 3.17700 
-14.98268 3.17800 
-14.98268 3.17900 
-14.98268 3.18000 
-14.98268 3.18100 
-14.98268 3.18200 
-14.98268 3.18300 
-14.98268 3.18400 
-14.98268 3.18500 
-14.98268 3.18600 
-14.98268 3.18700 
-14.98268 3.18800 
-14.98268 3.18900 
-14.98268 3.19000 
-14.98268 3.19100 
-14.98268 3.19200 
-14.98268 3.19300 
-14.98268 3.19400 
-14.98268 3.19500 
-14.98268 3.19600 
-14.98268 3.19700 
-14.98268 3.19800 
-14.98268 3.19900 
-14.98268 3.20000 
-14.98268 3.20100 
-14.98268 3.20200 
-14.98268 3.20300 
-14.98268 3.20400 
-14.98268 3.20500 
-14.98268 3.20600 
-14.98268 3.20700 
-14.98268 3.20800 
-14.98268 3.20900 
-14.98268 3.21000 
-14.98268 3.21100 
-14.98268 3.21200 
-14.98268 3.21300 
-14.98268 3.21400 
-14.98268 3.21500 
-14.98268 3.21600 
-14.98268 3.21700 
-14.98268 3.21800 
-14.98268 3.21900 
-14.98268 3.22000 
-14.98268 3.22100 
-14.98268 3.22200 
-14.98268 3.22300 
-14.98268 3.22400 
-14.98268 3.22500 
-14.98268 3.22600 
-14.98268 3.22700 
-14.98268 3.22800 
-14.98268 3.22900 
-14.98268 3.23000 
-14.98268 3.23100 
-14.98268 3.23200 
-14.98268 3.23300 
-14.98268 3.23400 
-14.98268 3.23500 
-14.98268 3.23600 
-14.98268 3.23700 
-14.98268 3.23800 
-14.98268 3.23900 
-14.98268 3.24000 
-14.98268 3.24100 
-14.98268 3.24200 
-14.98268 3.24300 
-14.98268 3.24400 
-14.98268 3.24500 
-14.98268 3.24600 
-14.98268 3.24700 
-14.98268 3.24800 
-14.98268 3.24900 
-14.98268 3.25000 
-14.98268 3.25100 
-14.98268 3.25200 
-14.98268 3.25300 
-14.98268 3.25400 
-14.98268 3.25500 
-14.98268 3.25600 
-14.98268 3.25700 
-14.98268 3.25800 
-14.98268 3.25900 
-14.98268 3.26000 
-14.98268 3.26100 
-14.98268 3.26200 
-14.98268 3.26300 
-14.98268 3.26400 
-14.98268 3.26500 
-14.98268 3.26600 
-14.98268 3.26700 
-14.98268 3.26800 
-14.98268 3.26900 
-14.98268 3.27000 
-14.98268 3.27100 
-14.98268 3.27200 
-14.98268 3.27300 
-14.98268 3.27400 
-14.98268 3.27500 
-14.98268 3.27600 
-14.98268 3.27700 
-14.98268 3.27800 
-14.98268 3.27900 
-14.98268 3.28000 
-14.98268 3.28100 
-14.98268 3.28200 
-14.98268 3.28300 
-14.98268 3.28400 
-14.98268 3.28500 
-14.98268 3.28600 
-14.98268 3.28700 
-14.98268 3.28800 
-14.98268 3.28900 
-14.98268 3.29000 
-14.98268 3.29100 
-14.98268 3.29200 
-14.98268 3.29300 
-14.98268 3.29400 
-14.98268 3.29500 
-14.98268 3.29600 
-14.98268 3.29700 
-14.98268 3.29800 
-14.98268 3.29900 
-14.98268 3.30000 
-14.98268 3.30100 
-14.98268 3.30200 
-14.98268 3.30300 
-14.98268 3.30400 
-14.98268 3.30500 
-14.98268 3.30600 
-14.98268 3.30700 
-14.98268 3.30800 
-14.98268 3.30900 
-14.98268 3.31000 
-14.98268 3.31100 
-14.98268 3.31200 
-14.98268 3.31300 
-14.98268 3.31400 
-14.98268 3.31500 
-14.98268 3.31600 
-14.98268 3.31700 
-14.98268 3.31800 
-14.98268 3.31900 
-14.98268 3.32000 
-14.98268 3.32100 
-14.98268 3.32200 
-14.98268 3.32300 
-14.98268 3.32400 
-14.98268 3.32500 
-14.98268 3.32600 
-14.98268 3.32700 
-14.98268 3.32800 
-14.98268 3.32900 
-14.98268 3.33000 
-14.98268 3.33100 
-14.98268 3.33200 
-14.98268 3.33300 
-14.98268 3.33400 
-14.98268 3.33500 
-14.98268 3.33600 
-14.98268 3.33700 
-14.98268 3.33800 
-14.98268 3.33900 
-14.98268 3.34000 
-14.98268 3.34100 
-14.98268 3.34200 
-14.98268 3.34300 
-14.98268 3.34400 
-14.98268 3.34500 
-14.98268 3.34600 
-14.98268 3.34700 
-14.98268 3.34800 
-14.98268 3.34900 
-14.98268 3.35000 
-14.98268 3.35100 
-14.98268 3.35200 
-14.98268 3.35300 
-14.98268 3.35400 
-14.98268 3.35500 
-14.98268 3.35600 
-14.98268 3.35700 
-14.98268 3.35800 
-14.98268 3.35900 
-14.98268 3.36000 
-14.98268 3.36100 
-14.98268 3.36200 
-14.98268 3.36300 
-14.98268 3.36400 
-14.98268 3.36500 
-14.98268 3.36600 
-14.98268 3.36700 
-14.98268 3.36800 
-14.98268 3.36900 
-14.98268 3.37000 
-14.98268 3.37100 
-14.98268 3.37200 
-14.98268 3.37300 
-14.98268 3.37400 
-14.98268 3.37500 
-14.98268 3.37600 
-14.98268 3.37700 
-14.98268 3.37800 
-14.98268 3.37900 
-14.98268 3.38000 
-14.98268 3.38100 
-14.98268 3.38200 
-14.98268 3.38300 
-14.98268 3.38400 
-14.98268 3.38500 
-14.98268 3.38600 
-14.98268 3.38700 
-14.98268 3.38800 
-14.98268 3.38900 
-14.98268 3.39000 
-14.98268 3.39100 
-14.98268 3.39200 
-14.98268 3.39300 
-14.98268 3.39400 
-14.98268 3.39500 
-14.98268 3.39600 
-14.98268 3.39700 
-14.98268 3.39800 
-14.98268 3.39900 
-14.98268 3.40000 
-14.98268 3.40100 
-14.98268 3.40200 
-14.98268 3.40300 
-14.98268 3.40400 
-14.98268 3.40500 
-14.98268 3.40600 
-14.98268 3.40700 
-14.98268 3.40800 
-14.98268 3.40900 
-14.98268 3.41000 
-14.98268 3.41100 
-14.98268 3.41200 
-14.98268 3.41300 
-14.98268 3.41400 
-14.98268 3.41500 
-14.98268 3.41600 
-14.98268 3.41700 
-14.98268 3.41800 
-14.98268 3.41900 
-14.98268 3.42000 
-14.98268 3.42100 
-14.98268 3.42200 
-14.98268 3.42300 
-14.98268 3.42400 
-14.98268 3.42500 
-14.98268 3.42600 
-14.98268 3.42700 
-14.98268 3.42800 
-14.98268 3.42900 
-14.98268 3.43000 
-14.98268 3.43100 
-14.98268 3.43200 
-14.98268 3.43300 
-14.98268 3.43400 
-14.98268 3.43500 
-14.98268 3.43600 
-14.98268 3.43700 
-14.98268 3.43800 
-14.98268 3.43900 
-14.98268 3.44000 
-14.98268 3.44100 
-14.98268 3.44200 
-14.98268 3.44300 
-14.98268 3.44400 
-14.98268 3.44500 
-14.98268 3.44600 
-14.98268 3.44700 
-14.98268 3.44800 
-14.98268 3.44900 
-14.98268 3.45000 
-14.98268 3.45100 
-14.98268 3.45200 
-14.98268 3.45300 
-14.98268 3.45400 
-14.98268 3.45500 
-14.98268 3.45600 
-14.98268 3.45700 
-14.98268 3.45800 
-14.98268 3.45900 
-14.98268 3.46000 
-14.98268 3.46100 
-14.98268 3.46200 
-14.98268 3.46300 
-14.98268 3.46400 
-14.98268 3.46500 
-14.98268 3.46600 
-14.98268 3.46700 
-14.98268 3.46800 
-14.98268 3.46900 
-14.98268 3.47000 
-14.98268 3.47100 
-14.98268 3.47200 
-14.98268 3.47300 
-14.98268 3.47400 
-14.98268 3.47500 
-14.98268 3.47600 
-14.98268 3.47700 
-14.98268 3.47800 
-14.98268 3.47900 
-14.98268 3.48000 
-14.98268 3.48100 
-14.98268 3.48200 
-14.98268 3.48300 
-14.98268 3.48400 
-14.98268 3.48500 
-14.98268 3.48600 
-14.98268 3.48700 
-14.98268 3.48800 
-14.98268 3.48900 
-14.98268 3.49000 
-14.98268 3.49100 
-14.98268 3.49200 
-14.98268 3.49300 
-14.98268 3.49400 
-14.98268 3.49500 
-14.98268 3.49600 
-14.98268 3.49700 
-14.98268 3.49800 
-14.98268 3.49900 
-14.98268 3.50000 
-14.98268 3.50100 
-14.98268 3.50200 
-14.98268 3.50300 
-14.98268 3.50400 
-14.98268 3.50500 
-14.98268 3.50600 
-14.98268 3.50700 
-14.98268 3.50800 
-14.98268 3.50900 
-14.98268 3.51000 
-14.98268 3.51100 
-14.98268 3.51200 
-14.98268 3.51300 
-14.98268 3.51400 
-14.98268 3.51500 
-14.98268 3.51600 
-14.98268 3.51700 
-14.98268 3.51800 
-14.98268 3.51900 
-14.98268 3.52000 
-14.98268 3.52100 
-14.98268 3.52200 
-14.98268 3.52300 
-14.98268 3.52400 
-14.98268 3.52500 
-14.98268 3.52600 
-14.98268 3.52700 
-14.98268 3.52800 
-14.98268 3.52900 
-14.98268 3.53000 
-14.98268 3.53100 
-14.98268 3.53200 
-14.98268 3.53300 
-14.98268 3.53400 
-14.98268 3.53500 
-14.98268 3.53600 
-14.98268 3.53700 
-14.98268 3.53800 
-14.98268 3.53900 
-14.98268 3.54000 
-14.98268 3.54100 
-14.98268 3.54200 
-14.98268 3.54300 
-14.98268 3.54400 
-14.98268 3.54500 
-14.98268 3.54600 
-14.98268 3.54700 
-14.98268 3.54800 
-14.98268 3.54900 
-14.98268 3.55000 
-14.98268 3.55100 
-14.98268 3.55200 
-14.98268 3.55300 
-14.98268 3.55400 
-14.98268 3.55500 
-14.98268 3.55600 
-14.98268 3.55700 
-14.98268 3.55800 
-14.98268 3.55900 
-14.98268 3.56000 
-14.98268 3.56100 
-14.98268 3.56200 
-14.98268 3.56300 
-14.98268 3.56400 
-14.98268 3.56500 
-14.98268 3.56600 
-14.98268 3.56700 
-14.98268 3.56800 
-14.98268 3.56900 
-14.98268 3.57000 
-14.98268 3.57100 
-14.98268 3.57200 
-14.98268 3.57300 
-14.98268 3.57400 
-14.98268 3.57500 
-14.98268 3.57600 
-14.98268 3.57700 
-14.98268 3.57800 
-14.98268 3.57900 
-14.98268 3.58000 
-14.98268 3.58100 
-14.98268 3.58200 
-14.98268 3.58300 
-14.98268 3.58400 
-14.98268 3.58500 
-14.98268 3.58600 
-14.98268 3.58700 
-14.98268 3.58800 
-14.98268 3.58900 
-14.98268 3.59000 
-14.98268 3.59100 
-14.98268 3.59200 
-14.98268 3.59300 
-14.98268 3.59400 
-14.98268 3.59500 
-14.98268 3.59600 
-14.98268 3.59700 
-14.98268 3.59800 
-14.98268 3.59900 
-14.98268 3.60000 
-14.98268 3.60100 
-14.98268 3.60200 
-14.98268 3.60300 
-14.98268 3.60400 
-14.98268 3.60500 
-14.98268 3.60600 
-14.98268 3.60700 
-14.98268 3.60800 
-14.98268 3.60900 
-14.98268 3.61000 
-14.98268 3.61100 
-14.98268 3.61200 
-14.98268 3.61300 
-14.98268 3.61400 
-14.98268 3.61500 
-14.98268 3.61600 
-14.98268 3.61700 
-14.98268 3.61800 
-14.98268 3.61900 
-14.98268 3.62000 
-14.98268 3.62100 
-14.98268 3.62200 
-14.98268 3.62300 
-14.98268 3.62400 
-14.98268 3.62500 
-14.98268 3.62600 
-14.98268 3.62700 
-14.98268 3.62800 
-14.98268 3.62900 
-14.98268 3.63000 
-14.98268 3.63100 
-14.98268 3.63200 
-14.98268 3.63300 
-14.98268 3.63400 
-14.98268 3.63500 
-14.98268 3.63600 
-14.98268 3.63700 
-14.98268 3.63800 
-14.98268 3.63900 
-14.98268 3.64000 
-14.98268 3.64100 
-14.98268 3.64200 
-14.98268 3.64300 
-14.98268 3.64400 
-14.98268 3.64500 
-14.98268 3.64600 
-14.98268 3.64700 
-14.98268 3.64800 
-14.98268 3.64900 
-14.98268 3.65000 
-14.98268 3.65100 
-14.98268 3.65200 
-14.98268 3.65300 
-14.98268 3.65400 
-14.98268 3.65500 
-14.98268 3.65600 
-14.98268 3.65700 
-14.98268 3.65800 
-14.98268 3.65900 
-14.98268 3.66000 
-14.98268 3.66100 
-14.98268 3.66200 
-14.98268 3.66300 
-14.98268 3.66400 
-14.98268 3.66500 
-14.98268 3.66600 
-14.98268 3.66700 
-14.98268 3.66800 
-14.98268 3.66900 
-14.98268 3.67000 
-14.98268 3.67100 
-14.98268 3.67200 
-14.98268 3.67300 
-14.98268 3.67400 
-14.98268 3.67500 
-14.98268 3.67600 
-14.98268 3.67700 
-14.98268 3.67800 
-14.98268 3.67900 
-14.98268 3.68000 
-14.98268 3.68100 
-14.98268 3.68200 
-14.98268 3.68300 
-14.98268 3.68400 
-14.98268 3.68500 
-14.98268 3.68600 
-14.98268 3.68700 
-14.98268 3.68800 
-14.98268 3.68900 
-14.98268 3.69000 
-14.98268 3.69100 
-14.98268 3.69200 
-14.98268 3.69300 
-14.98268 3.69400 
-14.98268 3.69500 
-14.98268 3.69600 
-14.98268 3.69700 
-14.98268 3.69800 
-14.98268 3.69900 
-14.98268 3.70000 
-14.98268 3.70100 
-14.98268 3.70200 
-14.98268 3.70300 
-14.98268 3.70400 
-14.98268 3.70500 
-14.98268 3.70600 
-14.98268 3.70700 
-14.98268 3.70800 
-14.98268 3.70900 
-14.98268 3.71000 
-14.98268 3.71100 
-14.98268 3.71200 
-14.98268 3.71300 
-14.98268 3.71400 
-14.98268 3.71500 
-14.98268 3.71600 
-14.98268 3.71700 
-14.98268 3.71800 
-14.98268 3.71900 
-14.98268 3.72000 
-14.98268 3.72100 
-14.98268 3.72200 
-14.98268 3.72300 
-14.98268 3.72400 
-14.98268 3.72500 
-14.98268 3.72600 
-14.98268 3.72700 
-14.98268 3.72800 
-14.98268 3.72900 
-14.98268 3.73000 
-14.98268 3.73100 
-14.98268 3.73200 
-14.98268 3.73300 
-14.98268 3.73400 
-14.98268 3.73500 
-14.98268 3.73600 
-14.98268 3.73700 
-14.98268 3.73800 
-14.98268 3.73900 
-14.98268 3.74000 
-14.98268 3.74100 
-14.98268 3.74200 
-14.98268 3.74300 
-14.98268 3.74400 
-14.98268 3.74500 
-14.98268 3.74600 
-14.98268 3.74700 
-14.98268 3.74800 
-14.98268 3.74900 
-14.98268 3.75000 
-14.98268 3.75100 
-14.98268 3.75200 
-14.98268 3.75300 
-14.98268 3.75400 
-14.98268 3.75500 
-14.98268 3.75600 
-14.98268 3.75700 
-14.98268 3.75800 
-14.98268 3.75900 
-14.98268 3.76000 
-14.98268 3.76100 
-14.98268 3.76200 
-14.98268 3.76300 
-14.98268 3.76400 
-14.98268 3.76500 
-14.98268 3.76600 
-14.98268 3.76700 
-14.98268 3.76800 
-14.98268 3.76900 
-14.98268 3.77000 
-14.98268 3.77100 
-14.98268 3.77200 
-14.98268 3.77300 
-14.98268 3.77400 
-14.98268 3.77500 
-14.98268 3.77600 
-14.98268 3.77700 
-14.98268 3.77800 
-14.98268 3.77900 
-14.98268 3.78000 
-14.98268 3.78100 
-14.98268 3.78200 
-14.98268 3.78300 
-14.98268 3.78400 
-14.98268 3.78500 
-14.98268 3.78600 
-14.98268 3.78700 
-14.98268 3.78800 
-14.98268 3.78900 
-14.98268 3.79000 
-14.98268 3.79100 
-14.98268 3.79200 
-14.98268 3.79300 
-14.98268 3.79400 
-14.98268 3.79500 
-14.98268 3.79600 
-14.98268 3.79700 
-14.98268 3.79800 
-14.98268 3.79900 
-14.98268 3.80000 
-14.98268 3.80100 
-14.98268 3.80200 
-14.98268 3.80300 
-14.98268 3.80400 
-14.98268 3.80500 
-14.98268 3.80600 
-14.98268 3.80700 
-14.98268 3.80800 
-14.98268 3.80900 
-14.98268 3.81000 
-14.98268 3.81100 
-14.98268 3.81200 
-14.98268 3.81300 
-14.98268 3.81400 
-14.98268 3.81500 
-14.98268 3.81600 
-14.98268 3.81700 
-14.98268 3.81800 
-14.98268 3.81900 
-14.98268 3.82000 
-14.98268 3.82100 
-14.98268 3.82200 
-14.98268 3.82300 
-14.98268 3.82400 
-14.98268 3.82500 
-14.98268 3.82600 
-14.98268 3.82700 
-14.98268 3.82800 
-14.98268 3.82900 
-14.98268 3.83000 
-14.98268 3.83100 
-14.98268 3.83200 
-14.98268 3.83300 
-14.98268 3.83400 
-14.98268 3.83500 
-14.98268 3.83600 
-14.98268 3.83700 
-14.98268 3.83800 
-14.98268 3.83900 
-14.98268 3.84000 
-14.98268 3.84100 
-14.98268 3.84200 
-14.98268 3.84300 
-14.98268 3.84400 
-14.98268 3.84500 
-14.98268 3.84600 
-14.98268 3.84700 
-14.98268 3.84800 
-14.98268 3.84900 
-14.98268 3.85000 
-14.98268 3.85100 
-14.98268 3.85200 
-14.98268 3.85300 
-14.98268 3.85400 
-14.98268 3.85500 
-14.98268 3.85600 
-14.98268 3.85700 
-14.98268 3.85800 
-14.98268 3.85900 
-14.98268 3.86000 
-14.98268 3.86100 
-14.98268 3.86200 
-14.98268 3.86300 
-14.98268 3.86400 
-14.98268 3.86500 
-14.98268 3.86600 
-14.98268 3.86700 
-14.98268 3.86800 
-14.98268 3.86900 
-14.98268 3.87000 
-14.98268 3.87100 
-14.98268 3.87200 
-14.98268 3.87300 
-14.98268 3.87400 
-14.98268 3.87500 
-14.98268 3.87600 
-14.98268 3.87700 
-14.98268 3.87800 
-14.98268 3.87900 
-14.98268 3.88000 
-14.98268 3.88100 
-14.98268 3.88200 
-14.98268 3.88300 
-14.98268 3.88400 
-14.98268 3.88500 
-14.98268 3.88600 
-14.98268 3.88700 
-14.98268 3.88800 
-14.98268 3.88900 
-14.98268 3.89000 
-14.98268 3.89100 
-14.98268 3.89200 
-14.98268 3.89300 
-14.98268 3.89400 
-14.98268 3.89500 
-14.98268 3.89600 
-14.98268 3.89700 
-14.98268 3.89800 
-14.98268 3.89900 
-14.98268 3.90000 
-14.98268 3.90100 
-14.98268 3.90200 
-14.98268 3.90300 
-14.98268 3.90400 
-14.98268 3.90500 
-14.98268 3.90600 
-14.98268 3.90700 
-14.98268 3.90800 
-14.98268 3.90900 
-14.98268 3.91000 
-14.98268 3.91100 
-14.98268 3.91200 
-14.98268 3.91300 
-14.98268 3.91400 
-14.98268 3.91500 
-14.98268 3.91600 
-14.98268 3.91700 
-14.98268 3.91800 
-14.98268 3.91900 
-14.98268 3.92000 
-14.98268 3.92100 
-14.98268 3.92200 
-14.98268 3.92300 
-14.98268 3.92400 
-14.98268 3.92500 
-14.98268 3.92600 
-14.98268 3.92700 
-14.98268 3.92800 
-14.98268 3.92900 
-14.98268 3.93000 
-14.98268 3.93100 
-14.98268 3.93200 
-14.98268 3.93300 
-14.98268 3.93400 
-14.98268 3.93500 
-14.98268 3.93600 
-14.98268 3.93700 
-14.98268 3.93800 
-14.98268 3.93900 
-14.98268 3.94000 
-14.98268 3.94100 
-14.98268 3.94200 
-14.98268 3.94300 
-14.98268 3.94400 
-14.98268 3.94500 
-14.98268 3.94600 
-14.98268 3.94700 
-14.98268 3.94800 
-14.98268 3.94900 
-14.98268 3.95000 
-14.98268 3.95100 
-14.98268 3.95200 
-14.98268 3.95300 
-14.98268 3.95400 
-14.98268 3.95500 
-14.98268 3.95600 
-14.98268 3.95700 
-14.98268 3.95800 
-14.98268 3.95900 
-14.98268 3.96000 
-14.98268 3.96100 
-14.98268 3.96200 
-14.98268 3.96300 
-14.98268 3.96400 
-14.98268 3.96500 
-14.98268 3.96600 
-14.98268 3.96700 
-14.98268 3.96800 
-14.98268 3.96900 
-14.98268 3.97000 
-14.98268 3.97100 
-14.98268 3.97200 
-14.98268 3.97300 
-14.98268 3.97400 
-14.98268 3.97500 
-14.98268 3.97600 
-14.98268 3.97700 
-14.98268 3.97800 
-14.98268 3.97900 
-14.98268 3.98000 
-14.98268 3.98100 
-14.98268 3.98200 
-14.98268 3.98300 
-14.98268 3.98400 
-14.98268 3.98500 
-14.98268 3.98600 
-14.98268 3.98700 
-14.98268 3.98800 
-14.98268 3.98900 
-14.98268 3.99000 
-14.98268 3.99100 
-14.98268 3.99200 
-14.98268 3.99300 
-14.98268 3.99400 
-14.98268 3.99500 
-14.98268 3.99600 
-14.98268 3.99700 
-14.98268 3.99800 
-14.98268 3.99900 
-14.98268 4.00000 
-14.98268 4.00100 
-14.98268 4.00200 
-14.98268 4.00300 
-14.98268 4.00400 
-14.98268 4.00500 
-14.98268 4.00600 
-14.98268 4.00700 
-14.98268 4.00800 
-14.98268 4.00900 
-14.98268 4.01000 
-14.98268 4.01100 
-14.98268 4.01200 
-14.98268 4.01300 
-14.98268 4.01400 
-14.98268 4.01500 
-14.98268 4.01600 
-14.98268 4.01700 
-14.98268 4.01800 
-14.98268 4.01900 
-14.98268 4.02000 
-14.98268 4.02100 
-14.98268 4.02200 
-14.98268 4.02300 
-14.98268 4.02400 
-14.98268 4.02500 
-14.98268 4.02600 
-14.98268 4.02700 
-14.98268 4.02800 
-14.98268 4.02900 
-14.98268 4.03000 
-14.98268 4.03100 
-14.98268 4.03200 
-14.98268 4.03300 
-14.98268 4.03400 
-14.98268 4.03500 
-14.98268 4.03600 
-14.98268 4.03700 
-14.98268 4.03800 
-14.98268 4.03900 
-14.98268 4.04000 
-14.98268 4.04100 
-14.98268 4.04200 
-14.98268 4.04300 
-14.98268 4.04400 
-14.98268 4.04500 
-14.98268 4.04600 
-14.98268 4.04700 
-14.98268 4.04800 
-14.98268 4.04900 
-14.98268 4.05000 
-14.98268 4.05100 
-14.98268 4.05200 
-14.98268 4.05300 
-14.98268 4.05400 
-14.98268 4.05500 
-14.98268 4.05600 
-14.98268 4.05700 
-14.98268 4.05800 
-14.98268 4.05900 
-14.98268 4.06000 
-14.98268 4.06100 
-14.98268 4.06200 
-14.98268 4.06300 
-14.98268 4.06400 
-14.98268 4.06500 
-14.98268 4.06600 
-14.98268 4.06700 
-14.98268 4.06800 
-14.98268 4.06900 
-14.98268 4.07000 
-14.98268 4.07100 
-14.98268 4.07200 
-14.98268 4.07300 
-14.98268 4.07400 
-14.98268 4.07500 
-14.98268 4.07600 
-14.98268 4.07700 
-14.98268 4.07800 
-14.98268 4.07900 
-14.98268 4.08000 
-14.98268 4.08100 
-14.98268 4.08200 
-14.98268 4.08300 
-14.98268 4.08400 
-14.98268 4.08500 
-14.98268 4.08600 
-14.98268 4.08700 
-14.98268 4.08800 
-14.98268 4.08900 
-14.98268 4.09000 
-14.98268 4.09100 
-14.98268 4.09200 
-14.98268 4.09300 
-14.98268 4.09400 
-14.98268 4.09500 
-14.98268 4.09600 
-14.98268 4.09700 
-14.98268 4.09800 
-14.98268 4.09900 
-14.98268 4.10000 
-14.98268 4.10100 
-14.98268 4.10200 
-14.98268 4.10300 
-14.98268 4.10400 
-14.98268 4.10500 
-14.98268 4.10600 
-14.98268 4.10700 
-14.98268 4.10800 
-14.98268 4.10900 
-14.98268 4.11000 
-14.98268 4.11100 
-14.98268 4.11200 
-14.98268 4.11300 
-14.98268 4.11400 
-14.98268 4.11500 
-14.98268 4.11600 
-14.98268 4.11700 
-14.98268 4.11800 
-14.98268 4.11900 
-14.98268 4.12000 
-14.98268 4.12100 
-14.98268 4.12200 
-14.98268 4.12300 
-14.98268 4.12400 
-14.98268 4.12500 
-14.98268 4.12600 
-14.98268 4.12700 
-14.98268 4.12800 
-14.98268 4.12900 
-14.98268 4.13000 
-14.98268 4.13100 
-14.98268 4.13200 
-14.98268 4.13300 
-14.98268 4.13400 
-14.98268 4.13500 
-14.98268 4.13600 
-14.98268 4.13700 
-14.98268 4.13800 
-14.98268 4.13900 
-14.98268 4.14000 
-14.98268 4.14100 
-14.98268 4.14200 
-14.98268 4.14300 
-14.98268 4.14400 
-14.98268 4.14500 
-14.98268 4.14600 
-14.98268 4.14700 
-14.98268 4.14800 
-14.98268 4.14900 
-14.98268 4.15000 
-14.98268 4.15100 
-14.98268 4.15200 
-14.98268 4.15300 
-14.98268 4.15400 
-14.98268 4.15500 
-14.98268 4.15600 
-14.98268 4.15700 
-14.98268 4.15800 
-14.98268 4.15900 
-14.98268 4.16000 
-14.98268 4.16100 
-14.98268 4.16200 
-14.98268 4.16300 
-14.98268 4.16400 
-14.98268 4.16500 
-14.98268 4.16600 
-14.98268 4.16700 
-14.98268 4.16800 
-14.98268 4.16900 
-14.98268 4.17000 
-14.98268 4.17100 
-14.98268 4.17200 
-14.98268 4.17300 
-14.98268 4.17400 
-14.98268 4.17500 
-14.98268 4.17600 
-14.98268 4.17700 
-14.98268 4.17800 
-14.98268 4.17900 
-14.98268 4.18000 
-14.98268 4.18100 
-14.98268 4.18200 
-14.98268 4.18300 
-14.98268 4.18400 
-14.98268 4.18500 
-14.98268 4.18600 
-14.98268 4.18700 
-14.98268 4.18800 
-14.98268 4.18900 
-14.98268 4.19000 
-14.98268 4.19100 
-14.98268 4.19200 
-14.98268 4.19300 
-14.98268 4.19400 
-14.98268 4.19500 
-14.98268 4.19600 
-14.98268 4.19700 
-14.98268 4.19800 
-14.98268 4.19900 
-14.98268 4.20000 
-14.98268 4.20100 
-14.98268 4.20200 
-14.98268 4.20300 
-14.98268 4.20400 
-14.98268 4.20500 
-14.98268 4.20600 
-14.98268 4.20700 
-14.98268 4.20800 
-14.98268 4.20900 
-14.98268 4.21000 
-14.98268 4.21100 
-14.98268 4.21200 
-14.98268 4.21300 
-14.98268 4.21400 
-14.98268 4.21500 
-14.98268 4.21600 
-14.98268 4.21700 
-14.98268 4.21800 
-14.98268 4.21900 
-14.98268 4.22000 
-14.98268 4.22100 
-14.98268 4.22200 
-14.98268 4.22300 
-14.98268 4.22400 
-14.98268 4.22500 
-14.98268 4.22600 
-14.98268 4.22700 
-14.98268 4.22800 
-14.98268 4.22900 
-14.98268 4.23000 
-14.98268 4.23100 
-14.98268 4.23200 
-14.98268 4.23300 
-14.98268 4.23400 
-14.98268 4.23500 
-14.98268 4.23600 
-14.98268 4.23700 
-14.98268 4.23800 
-14.98268 4.23900 
-14.98268 4.24000 
-14.98268 4.24100 
-14.98268 4.24200 
-14.98268 4.24300 
-14.98268 4.24400 
-14.98268 4.24500 
-14.98268 4.24600 
-14.98268 4.24700 
-14.98268 4.24800 
-14.98268 4.24900 
-14.98268 4.25000 
-14.98268 4.25100 
-14.98268 4.25200 
-14.98268 4.25300 
-14.98268 4.25400 
-14.98268 4.25500 
-14.98268 4.25600 
-14.98268 4.25700 
-14.98268 4.25800 
-14.98268 4.25900 
-14.98268 4.26000 
-14.98268 4.26100 
-14.98268 4.26200 
-14.98268 4.26300 
-14.98268 4.26400 
-14.98268 4.26500 
-14.98268 4.26600 
-14.98268 4.26700 
-14.98268 4.26800 
-14.98268 4.26900 
-14.98268 4.27000 
-14.98268 4.27100 
-14.98268 4.27200 
-14.98268 4.27300 
-14.98268 4.27400 
-14.98268 4.27500 
-14.98268 4.27600 
-14.98268 4.27700 
-14.98268 4.27800 
-14.98268 4.27900 
-14.98268 4.28000 
-14.98268 4.28100 
-14.98268 4.28200 
-14.98268 4.28300 
-14.98268 4.28400 
-14.98268 4.28500 
-14.98268 4.28600 
-14.98268 4.28700 
-14.98268 4.28800 
-14.98268 4.28900 
-14.98268 4.29000 
-14.98268 4.29100 
-14.98268 4.29200 
-14.98268 4.29300 
-14.98268 4.29400 
-14.98268 4.29500 
-14.98268 4.29600 
-14.98268 4.29700 
-14.98268 4.29800 
-14.98268 4.29900 
-14.98268 4.30000 
-14.98268 4.30100 
-14.98268 4.30200 
-14.98268 4.30300 
-14.98268 4.30400 
-14.98268 4.30500 
-14.98268 4.30600 
-14.98268 4.30700 
-14.98268 4.30800 
-14.98268 4.30900 
-14.98268 4.31000 
-14.98268 4.31100 
-14.98268 4.31200 
-14.98268 4.31300 
-14.98268 4.31400 
-14.98268 4.31500 
-14.98268 4.31600 
-14.98268 4.31700 
-14.98268 4.31800 
-14.98268 4.31900 
-14.98268 4.32000 
-14.98268 4.32100 
-14.98268 4.32200 
-14.98268 4.32300 
-14.98268 4.32400 
-14.98268 4.32500 
-14.98268 4.32600 
-14.98268 4.32700 
-14.98268 4.32800 
-14.98268 4.32900 
-14.98268 4.33000 
-14.98268 4.33100 
-14.98268 4.33200 
-14.98268 4.33300 
-14.98268 4.33400 
-14.98268 4.33500 
-14.98268 4.33600 
-14.98268 4.33700 
-14.98268 4.33800 
-14.98268 4.33900 
-14.98268 4.34000 
-14.98268 4.34100 
-14.98268 4.34200 
-14.98268 4.34300 
-14.98268 4.34400 
-14.98268 4.34500 
-14.98268 4.34600 
-14.98268 4.34700 
-14.98268 4.34800 
-14.98268 4.34900 
-14.98268 4.35000 
-14.98268 4.35100 
-14.98268 4.35200 
-14.98268 4.35300 
-14.98268 4.35400 
-14.98268 4.35500 
-14.98268 4.35600 
-14.98268 4.35700 
-14.98268 4.35800 
-14.98268 4.35900 
-14.98268 4.36000 
-14.98268 4.36100 
-14.98268 4.36200 
-14.98268 4.36300 
-14.98268 4.36400 
-14.98268 4.36500 
-14.98268 4.36600 
-14.98268 4.36700 
-14.98268 4.36800 
-14.98268 4.36900 
-14.98268 4.37000 
-14.98268 4.37100 
-14.98268 4.37200 
-14.98268 4.37300 
-14.98268 4.37400 
-14.98268 4.37500 
-14.98268 4.37600 
-14.98268 4.37700 
-14.98268 4.37800 
-14.98268 4.37900 
-14.98268 4.38000 
-14.98268 4.38100 
-14.98268 4.38200 
-14.98268 4.38300 
-14.98268 4.38400 
-14.98268 4.38500 
-14.98268 4.38600 
-14.98268 4.38700 
-14.98268 4.38800 
-14.98268 4.38900 
-14.98268 4.39000 
-14.98268 4.39100 
-14.98268 4.39200 
-14.98268 4.39300 
-14.98268 4.39400 
-14.98268 4.39500 
-14.98268 4.39600 
-14.98268 4.39700 
-14.98268 4.39800 
-14.98268 4.39900 
-14.98268 4.40000 
-14.98268 4.40100 
-14.98268 4.40200 
-14.98268 4.40300 
-14.98268 4.40400 
-14.98268 4.40500 
-14.98268 4.40600 
-14.98268 4.40700 
-14.98268 4.40800 
-14.98268 4.40900 
-14.98268 4.41000 
-14.98268 4.41100 
-14.98268 4.41200 
-14.98268 4.41300 
-14.98268 4.41400 
-14.98268 4.41500 
-14.98268 4.41600 
-14.98268 4.41700 
-14.98268 4.41800 
-14.98268 4.41900 
-14.98268 4.42000 
-14.98268 4.42100 
-14.98268 4.42200 
-14.98268 4.42300 
-14.98268 4.42400 
-14.98268 4.42500 
-14.98268 4.42600 
-14.98268 4.42700 
-14.98268 4.42800 
-14.98268 4.42900 
-14.98268 4.43000 
-14.98268 4.43100 
-14.98268 4.43200 
-14.98268 4.43300 
-14.98268 4.43400 
-14.98268 4.43500 
-14.98268 4.43600 
-14.98268 4.43700 
-14.98268 4.43800 
-14.98268 4.43900 
-14.98268 4.44000 
-14.98268 4.44100 
-14.98268 4.44200 
-14.98268 4.44300 
-14.98268 4.44400 
-14.98268 4.44500 
-14.98268 4.44600 
-14.98268 4.44700 
-14.98268 4.44800 
-14.98268 4.44900 
-14.98268 4.45000 
-14.98268 4.45100 
-14.98268 4.45200 
-14.98268 4.45300 
-14.98268 4.45400 
-14.98268 4.45500 
-14.98268 4.45600 
-14.98268 4.45700 
-14.98268 4.45800 
-14.98268 4.45900 
-14.98268 4.46000 
-14.98268 4.46100 
-14.98268 4.46200 
-14.98268 4.46300 
-14.98268 4.46400 
-14.98268 4.46500 
-14.98268 4.46600 
-14.98268 4.46700 
-14.98268 4.46800 
-14.98268 4.46900 
-14.98268 4.47000 
-14.98268 4.47100 
-14.98268 4.47200 
-14.98268 4.47300 
-14.98268 4.47400 
-14.98268 4.47500 
-14.98268 4.47600 
-14.98268 4.47700 
-14.98268 4.47800 
-14.98268 4.47900 
-14.98268 4.48000 
-14.98268 4.48100 
-14.98268 4.48200 
-14.98268 4.48300 
-14.98268 4.48400 
-14.98268 4.48500 
-14.98268 4.48600 
-14.98268 4.48700 
-14.98268 4.48800 
-14.98268 4.48900 
-14.98268 4.49000 
-14.98268 4.49100 
-14.98268 4.49200 
-14.98268 4.49300 
-14.98268 4.49400 
-14.98268 4.49500 
-14.98268 4.49600 
-14.98268 4.49700 
-14.98268 4.49800 
-14.98268 4.49900 
-14.98268 4.50000 
-14.98268 4.50100 
-14.98268 4.50200 
-14.98268 4.50300 
-14.98268 4.50400 
-14.98268 4.50500 
-14.98268 4.50600 
-14.98268 4.50700 
-14.98268 4.50800 
-14.98268 4.50900 
-14.98268 4.51000 
-14.98268 4.51100 
-14.98268 4.51200 
-14.98268 4.51300 
-14.98268 4.51400 
-14.98268 4.51500 
-14.98268 4.51600 
-14.98268 4.51700 
-14.98268 4.51800 
-14.98268 4.51900 
-14.98268 4.52000 
-14.98268 4.52100 
-14.98268 4.52200 
-14.98268 4.52300 
-14.98268 4.52400 
-14.98268 4.52500 
-14.98268 4.52600 
-14.98268 4.52700 
-14.98268 4.52800 
-14.98268 4.52900 
-14.98268 4.53000 
-14.98268 4.53100 
-14.98268 4.53200 
-14.98268 4.53300 
-14.98268 4.53400 
-14.98268 4.53500 
-14.98268 4.53600 
-14.98268 4.53700 
-14.98268 4.53800 
-14.98268 4.53900 
-14.98268 4.54000 
-14.98268 4.54100 
-14.98268 4.54200 
-14.98268 4.54300 
-14.98268 4.54400 
-14.98268 4.54500 
-14.98268 4.54600 
-14.98268 4.54700 
-14.98268 4.54800 
-14.98268 4.54900 
-14.98268 4.55000 
-14.98268 4.55100 
-14.98268 4.55200 
-14.98268 4.55300 
-14.98268 4.55400 
-14.98268 4.55500 
-14.98268 4.55600 
-14.98268 4.55700 
-14.98268 4.55800 
-14.98268 4.55900 
-14.98268 4.56000 
-14.98268 4.56100 
-14.98268 4.56200 
-14.98268 4.56300 
-14.98268 4.56400 
-14.98268 4.56500 
-14.98268 4.56600 
-14.98268 4.56700 
-14.98268 4.56800 
-14.98268 4.56900 
-14.98268 4.57000 
-14.98268 4.57100 
-14.98268 4.57200 
-14.98268 4.57300 
-14.98268 4.57400 
-14.98268 4.57500 
-14.98268 4.57600 
-14.98268 4.57700 
-14.98268 4.57800 
-14.98268 4.57900 
-14.98268 4.58000 
-14.98268 4.58100 
-14.98268 4.58200 
-14.98268 4.58300 
-14.98268 4.58400 
-14.98268 4.58500 
-14.98268 4.58600 
-14.98268 4.58700 
-14.98268 4.58800 
-14.98268 4.58900 
-14.98268 4.59000 
-14.98268 4.59100 
-14.98268 4.59200 
-14.98268 4.59300 
-14.98268 4.59400 
-14.98268 4.59500 
-14.98268 4.59600 
-14.98268 4.59700 
-14.98268 4.59800 
-14.98268 4.59900 
-14.98268 4.60000 
-14.98268 4.60100 
-14.98268 4.60200 
-14.98268 4.60300 
-14.98268 4.60400 
-14.98268 4.60500 
-14.98268 4.60600 
-14.98268 4.60700 
-14.98268 4.60800 
-14.98268 4.60900 
-14.98268 4.61000 
-14.98268 4.61100 
-14.98268 4.61200 
-14.98268 4.61300 
-14.98268 4.61400 
-14.98268 4.61500 
-14.98268 4.61600 
-14.98268 4.61700 
-14.98268 4.61800 
-14.98268 4.61900 
-14.98268 4.62000 
-14.98268 4.62100 
-14.98268 4.62200 
-14.98268 4.62300 
-14.98268 4.62400 
-14.98268 4.62500 
-14.98268 4.62600 
-14.98268 4.62700 
-14.98268 4.62800 
-14.98268 4.62900 
-14.98268 4.63000 
-14.98268 4.63100 
-14.98268 4.63200 
-14.98268 4.63300 
-14.98268 4.63400 
-14.98268 4.63500 
-14.98268 4.63600 
-14.98268 4.63700 
-14.98268 4.63800 
-14.98268 4.63900 
-14.98268 4.64000 
-14.98268 4.64100 
-14.98268 4.64200 
-14.98268 4.64300 
-14.98268 4.64400 
-14.98268 4.64500 
-14.98268 4.64600 
-14.98268 4.64700 
-14.98268 4.64800 
-14.98268 4.64900 
-14.98268 4.65000 
-14.98268 4.65100 
-14.98268 4.65200 
-14.98268 4.65300 
-14.98268 4.65400 
-14.98268 4.65500 
-14.98268 4.65600 
-14.98268 4.65700 
-14.98268 4.65800 
-14.98268 4.65900 
-14.98268 4.66000 
-14.98268 4.66100 
-14.98268 4.66200 
-14.98268 4.66300 
-14.98268 4.66400 
-14.98268 4.66500 
-14.98268 4.66600 
-14.98268 4.66700 
-14.98268 4.66800 
-14.98268 4.66900 
-14.98268 4.67000 
-14.98268 4.67100 
-14.98268 4.67200 
-14.98268 4.67300 
-14.98268 4.67400 
-14.98268 4.67500 
-14.98268 4.67600 
-14.98268 4.67700 
-14.98268 4.67800 
-14.98268 4.67900 
-14.98268 4.68000 
-14.98268 4.68100 
-14.98268 4.68200 
-14.98268 4.68300 
-14.98268 4.68400 
-14.98268 4.68500 
-14.98268 4.68600 
-14.98268 4.68700 
-14.98268 4.68800 
-14.98268 4.68900 
-14.98268 4.69000 
-14.98268 4.69100 
-14.98268 4.69200 
-14.98268 4.69300 
-14.98268 4.69400 
-14.98268 4.69500 
-14.98268 4.69600 
-14.98268 4.69700 
-14.98268 4.69800 
-14.98268 4.69900 
-14.98268 4.70000 
-14.98268 4.70100 
-14.98268 4.70200 
-14.98268 4.70300 
-14.98268 4.70400 
-14.98268 4.70500 
-14.98268 4.70600 
-14.98268 4.70700 
-14.98268 4.70800 
-14.98268 4.70900 
-14.98268 4.71000 
-14.98268 4.71100 
-14.98268 4.71200 
-14.98268 4.71300 
-14.98268 4.71400 
-14.98268 4.71500 
-14.98268 4.71600 
-14.98268 4.71700 
-14.98268 4.71800 
-14.98268 4.71900 
-14.98268 4.72000 
-14.98268 4.72100 
-14.98268 4.72200 
-14.98268 4.72300 
-14.98268 4.72400 
-14.98268 4.72500 
-14.98268 4.72600 
-14.98268 4.72700 
-14.98268 4.72800 
-14.98268 4.72900 
-14.98268 4.73000 
-14.98268 4.73100 
-14.98268 4.73200 
-14.98268 4.73300 
-14.98268 4.73400 
-14.98268 4.73500 
-14.98268 4.73600 
-14.98268 4.73700 
-14.98268 4.73800 
-14.98268 4.73900 
-14.98268 4.74000 
-14.98268 4.74100 
-14.98268 4.74200 
-14.98268 4.74300 
-14.98268 4.74400 
-14.98268 4.74500 
-14.98268 4.74600 
-14.98268 4.74700 
-14.98268 4.74800 
-14.98268 4.74900 
-14.98268 4.75000 
-14.98268 4.75100 
-14.98268 4.75200 
-14.98268 4.75300 
-14.98268 4.75400 
-14.98268 4.75500 
-14.98268 4.75600 
-14.98268 4.75700 
-14.98268 4.75800 
-14.98268 4.75900 
-14.98268 4.76000 
-14.98268 4.76100 
-14.98268 4.76200 
-14.98268 4.76300 
-14.98268 4.76400 
-14.98268 4.76500 
-14.98268 4.76600 
-14.98268 4.76700 
-14.98268 4.76800 
-14.98268 4.76900 
-14.98268 4.77000 
-14.98268 4.77100 
-14.98268 4.77200 
-14.98268 4.77300 
-14.98268 4.77400 
-14.98268 4.77500 
-14.98268 4.77600 
-14.98268 4.77700 
-14.98268 4.77800 
-14.98268 4.77900 
-14.98268 4.78000 
-14.98268 4.78100 
-14.98268 4.78200 
-14.98268 4.78300 
-14.98268 4.78400 
-14.98268 4.78500 
-14.98268 4.78600 
-14.98268 4.78700 
-14.98268 4.78800 
-14.98268 4.78900 
-14.98268 4.79000 
-14.98268 4.79100 
-14.98268 4.79200 
-14.98268 4.79300 
-14.98268 4.79400 
-14.98268 4.79500 
-14.98268 4.79600 
-14.98268 4.79700 
-14.98268 4.79800 
-14.98268 4.79900 
-14.98268 4.80000 
-14.98268 4.80100 
-14.98268 4.80200 
-14.98268 4.80300 
-14.98268 4.80400 
-14.98268 4.80500 
-14.98268 4.80600 
-14.98268 4.80700 
-14.98268 4.80800 
-14.98268 4.80900 
-14.98268 4.81000 
-14.98268 4.81100 
-14.98268 4.81200 
-14.98268 4.81300 
-14.98268 4.81400 
-14.98268 4.81500 
-14.98268 4.81600 
-14.98268 4.81700 
-14.98268 4.81800 
-14.98268 4.81900 
-14.98268 4.82000 
-14.98268 4.82100 
-14.98268 4.82200 
-14.98268 4.82300 
-14.98268 4.82400 
-14.98268 4.82500 
-14.98268 4.82600 
-14.98268 4.82700 
-14.98268 4.82800 
-14.98268 4.82900 
-14.98268 4.83000 
-14.98268 4.83100 
-14.98268 4.83200 
-14.98268 4.83300 
-14.98268 4.83400 
-14.98268 4.83500 
-14.98268 4.83600 
-14.98268 4.83700 
-14.98268 4.83800 
-14.98268 4.83900 
-14.98268 4.84000 
-14.98268 4.84100 
-14.98268 4.84200 
-14.98268 4.84300 
-14.98268 4.84400 
-14.98268 4.84500 
-14.98268 4.84600 
-14.98268 4.84700 
-14.98268 4.84800 
-14.98268 4.84900 
-14.98268 4.85000 
-14.98268 4.85100 
-14.98268 4.85200 
-14.98268 4.85300 
-14.98268 4.85400 
-14.98268 4.85500 
-14.98268 4.85600 
-14.98268 4.85700 
-14.98268 4.85800 
-14.98268 4.85900 
-14.98268 4.86000 
-14.98268 4.86100 
-14.98268 4.86200 
-14.98268 4.86300 
-14.98268 4.86400 
-14.98268 4.86500 
-14.98268 4.86600 
-14.98268 4.86700 
-14.98268 4.86800 
-14.98268 4.86900 
-14.98268 4.87000 
-14.98268 4.87100 
-14.98268 4.87200 
-14.98268 4.87300 
-14.98268 4.87400 
-14.98268 4.87500 
-14.98268 4.87600 
-14.98268 4.87700 
-14.98268 4.87800 
-14.98268 4.87900 
-14.98268 4.88000 
-14.98268 4.88100 
-14.98268 4.88200 
-14.98268 4.88300 
-14.98268 4.88400 
-14.98268 4.88500 
-14.98268 4.88600 
-14.98268 4.88700 
-14.98268 4.88800 
-14.98268 4.88900 
-14.98268 4.89000 
-14.98268 4.89100 
-14.98268 4.89200 
-14.98268 4.89300 
-14.98268 4.89400 
-14.98268 4.89500 
-14.98268 4.89600 
-14.98268 4.89700 
-14.98268 4.89800 
-14.98268 4.89900 
-14.98268 4.90000 
-14.98268 4.90100 
-14.98268 4.90200 
-14.98268 4.90300 
-14.98268 4.90400 
-14.98268 4.90500 
-14.98268 4.90600 
-14.98268 4.90700 
-14.98268 4.90800 
-14.98268 4.90900 
-14.98268 4.91000 
-14.98268 4.91100 
-14.98268 4.91200 
-14.98268 4.91300 
-14.98268 4.91400 
-14.98268 4.91500 
-14.98268 4.91600 
-14.98268 4.91700 
-14.98268 4.91800 
-14.98268 4.91900 
-14.98268 4.92000 
-14.98268 4.92100 
-14.98268 4.92200 
-14.98268 4.92300 
-14.98268 4.92400 
-14.98268 4.92500 
-14.98268 4.92600 
-14.98268 4.92700 
-14.98268 4.92800 
-14.98268 4.92900 
-14.98268 4.93000 
-14.98268 4.93100 
-14.98268 4.93200 
-14.98268 4.93300 
-14.98268 4.93400 
-14.98268 4.93500 
-14.98268 4.93600 
-14.98268 4.93700 
-14.98268 4.93800 
-14.98268 4.93900 
-14.98268 4.94000 
-14.98268 4.94100 
-14.98268 4.94200 
-14.98268 4.94300 
-14.98268 4.94400 
-14.98268 4.94500 
-14.98268 4.94600 
-14.98268 4.94700 
-14.98268 4.94800 
-14.98268 4.94900 
-14.98268 4.95000 
-14.98268 4.95100 
-14.98268 4.95200 
-14.98268 4.95300 
-14.98268 4.95400 
-14.98268 4.95500 
-14.98268 4.95600 
-14.98268 4.95700 
-14.98268 4.95800 
-14.98268 4.95900 
-14.98268 4.96000 
-14.98268 4.96100 
-14.98268 4.96200 
-14.98268 4.96300 
-14.98268 4.96400 
-14.98268 4.96500 
-14.98268 4.96600 
-14.98268 4.96700 
-14.98268 4.96800 
-14.98268 4.96900 
-14.98268 4.97000 
-14.98268 4.97100 
-14.98268 4.97200 
-14.98268 4.97300 
-14.98268 4.97400 
-14.98268 4.97500 
-14.98268 4.97600 
-14.98268 4.97700 
-14.98268 4.97800 
-14.98268 4.97900 
-14.98268 4.98000 
-14.98268 4.98100 
-14.98268 4.98200 
-14.98268 4.98300 
-14.98268 4.98400 
-14.98268 4.98500 
-14.98268 4.98600 
-14.98268 4.98700 
-14.98268 4.98800 
-14.98268 4.98900 
-14.98268 4.99000 
-14.98268 4.99100 
-14.98268 4.99200 
-14.98268 4.99300 
-14.98268 4.99400 
-14.98268 4.99500 
-14.98268 4.99600 
-14.98268 4.99700 
-14.98268 4.99800 
-14.98268 4.99900 
