0.00000 0.00000 
0.00007 0.00100 
0.00027 0.00200 
0.00060 0.00300 
0.00106 0.00400 
0.00165 0.00500 
0.00237 0.00600 
0.00321 0.00700 
0.00417 0.00800 
0.00526 0.00900 
0.00647 0.01000 
0.00780 0.01100 
0.00925 0.01200 
0.01082 0.01300 
0.01250 0.01400 
0.01429 0.01500 
0.01620 0.01600 
0.01822 0.01700 
0.02035 0.01800 
0.02259 0.01900 
0.02494 0.02000 
0.02740 0.02100 
0.02996 0.02200 
0.03262 0.02300 
0.03539 0.02400 
0.03826 0.02500 
0.04123 0.02600 
0.04431 0.02700 
0.04748 0.02800 
0.05074 0.02900 
0.05411 0.03000 
0.05757 0.03100 
0.06112 0.03200 
0.06477 0.03300 
0.06850 0.03400 
0.07233 0.03500 
0.07625 0.03600 
0.08026 0.03700 
0.08436 0.03800 
0.08854 0.03900 
0.09281 0.04000 
0.09716 0.04100 
0.10160 0.04200 
0.10612 0.04300 
0.11073 0.04400 
0.11541 0.04500 
0.12017 0.04600 
0.12502 0.04700 
0.12994 0.04800 
0.13494 0.04900 
0.14002 0.05000 
0.14517 0.05100 
0.15040 0.05200 
0.15570 0.05300 
0.16107 0.05400 
0.16652 0.05500 
0.17203 0.05600 
0.17762 0.05700 
0.18328 0.05800 
0.18901 0.05900 
0.19481 0.06000 
0.20067 0.06100 
0.20660 0.06200 
0.21260 0.06300 
0.21866 0.06400 
0.22478 0.06500 
0.23097 0.06600 
0.23723 0.06700 
0.24354 0.06800 
0.24992 0.06900 
0.25636 0.07000 
0.26285 0.07100 
0.26941 0.07200 
0.27603 0.07300 
0.28270 0.07400 
0.28944 0.07500 
0.29622 0.07600 
0.30307 0.07700 
0.30997 0.07800 
0.31693 0.07900 
0.32394 0.08000 
0.33100 0.08100 
0.33812 0.08200 
0.34529 0.08300 
0.35251 0.08400 
0.35978 0.08500 
0.36710 0.08600 
0.37448 0.08700 
0.38190 0.08800 
0.38937 0.08900 
0.39689 0.09000 
0.40446 0.09100 
0.41208 0.09200 
0.41974 0.09300 
0.42745 0.09400 
0.43520 0.09500 
0.44300 0.09600 
0.45084 0.09700 
0.45873 0.09800 
0.46666 0.09900 
0.47464 0.10000 
0.48266 0.10100 
0.49072 0.10200 
0.49882 0.10300 
0.50696 0.10400 
0.51515 0.10500 
0.52337 0.10600 
0.53163 0.10700 
0.53994 0.10800 
0.54828 0.10900 
0.55666 0.11000 
0.56508 0.11100 
0.57354 0.11200 
0.58203 0.11300 
0.59056 0.11400 
0.59913 0.11500 
0.60773 0.11600 
0.61637 0.11700 
0.62504 0.11800 
0.63375 0.11900 
0.64249 0.12000 
0.65127 0.12100 
0.66008 0.12200 
0.66892 0.12300 
0.67780 0.12400 
0.68671 0.12500 
0.69565 0.12600 
0.70462 0.12700 
0.71362 0.12800 
0.72266 0.12900 
0.73172 0.13000 
0.74082 0.13100 
0.74994 0.13200 
0.75910 0.13300 
0.76828 0.13400 
0.77750 0.13500 
0.78674 0.13600 
0.79601 0.13700 
0.80530 0.13800 
0.81463 0.13900 
0.82398 0.14000 
0.83336 0.14100 
0.84277 0.14200 
0.85220 0.14300 
0.86166 0.14400 
0.87114 0.14500 
0.88065 0.14600 
0.89019 0.14700 
0.89975 0.14800 
0.90933 0.14900 
0.91894 0.15000 
0.92858 0.15100 
0.93823 0.15200 
0.94791 0.15300 
0.95762 0.15400 
0.96734 0.15500 
0.97709 0.15600 
0.98686 0.15700 
0.99666 0.15800 
1.00647 0.15900 
1.01631 0.16000 
1.02617 0.16100 
1.03605 0.16200 
1.04595 0.16300 
1.05587 0.16400 
1.06582 0.16500 
1.07578 0.16600 
1.08576 0.16700 
1.09576 0.16800 
1.10579 0.16900 
1.11583 0.17000 
1.12589 0.17100 
1.13597 0.17200 
1.14607 0.17300 
1.15618 0.17400 
1.16632 0.17500 
1.17647 0.17600 
1.18664 0.17700 
1.19683 0.17800 
1.20704 0.17900 
1.21726 0.18000 
1.22750 0.18100 
1.23776 0.18200 
1.24803 0.18300 
1.25832 0.18400 
1.26863 0.18500 
1.27895 0.18600 
1.28929 0.18700 
1.29964 0.18800 
1.31001 0.18900 
1.32040 0.19000 
1.33080 0.19100 
1.34121 0.19200 
1.35164 0.19300 
1.36209 0.19400 
1.37255 0.19500 
1.38302 0.19600 
1.39351 0.19700 
1.40401 0.19800 
1.41453 0.19900 
1.42506 0.20000 
1.43560 0.20100 
1.44616 0.20200 
1.45673 0.20300 
1.46731 0.20400 
1.47791 0.20500 
1.48852 0.20600 
1.49914 0.20700 
1.50977 0.20800 
1.52042 0.20900 
1.53108 0.21000 
1.54175 0.21100 
1.55243 0.21200 
1.56313 0.21300 
1.57384 0.21400 
1.58456 0.21500 
1.59528 0.21600 
1.60603 0.21700 
1.61678 0.21800 
1.62754 0.21900 
1.63832 0.22000 
1.64910 0.22100 
1.65990 0.22200 
1.67070 0.22300 
1.68152 0.22400 
1.69234 0.22500 
1.70318 0.22600 
1.71403 0.22700 
1.72489 0.22800 
1.73575 0.22900 
1.74663 0.23000 
1.75751 0.23100 
1.76841 0.23200 
1.77931 0.23300 
1.79023 0.23400 
1.80115 0.23500 
1.81208 0.23600 
1.82302 0.23700 
1.83397 0.23800 
1.84493 0.23900 
1.85590 0.24000 
1.86688 0.24100 
1.87786 0.24200 
1.88885 0.24300 
1.89986 0.24400 
1.91087 0.24500 
1.92188 0.24600 
1.93291 0.24700 
1.94394 0.24800 
1.95498 0.24900 
1.96603 0.25000 
1.97709 0.25100 
1.98815 0.25200 
1.99922 0.25300 
2.01030 0.25400 
2.02139 0.25500 
2.03248 0.25600 
2.04358 0.25700 
2.05469 0.25800 
2.06580 0.25900 
2.07693 0.26000 
2.08805 0.26100 
2.09919 0.26200 
2.11033 0.26300 
2.12148 0.26400 
2.13263 0.26500 
2.14379 0.26600 
2.15496 0.26700 
2.16614 0.26800 
2.17732 0.26900 
2.18850 0.27000 
2.19969 0.27100 
2.21089 0.27200 
2.22210 0.27300 
2.23331 0.27400 
2.24452 0.27500 
2.25574 0.27600 
2.26697 0.27700 
2.27820 0.27800 
2.28944 0.27900 
2.30069 0.28000 
2.31193 0.28100 
2.32319 0.28200 
2.33445 0.28300 
2.34571 0.28400 
2.35698 0.28500 
2.36826 0.28600 
2.37954 0.28700 
2.39083 0.28800 
2.40212 0.28900 
2.41341 0.29000 
2.42471 0.29100 
2.43602 0.29200 
2.44733 0.29300 
2.45864 0.29400 
2.46996 0.29500 
2.48128 0.29600 
2.49261 0.29700 
2.50394 0.29800 
2.51528 0.29900 
2.52662 0.30000 
2.53797 0.30100 
2.54932 0.30200 
2.56067 0.30300 
2.57203 0.30400 
2.58339 0.30500 
2.59476 0.30600 
2.60613 0.30700 
2.61750 0.30800 
2.62888 0.30900 
2.64026 0.31000 
2.65165 0.31100 
2.66304 0.31200 
2.67443 0.31300 
2.68583 0.31400 
2.69723 0.31500 
2.70863 0.31600 
2.72004 0.31700 
2.73145 0.31800 
2.74287 0.31900 
2.75428 0.32000 
2.76571 0.32100 
2.77713 0.32200 
2.78856 0.32300 
2.79999 0.32400 
2.81143 0.32500 
2.82287 0.32600 
2.83431 0.32700 
2.84575 0.32800 
2.85720 0.32900 
2.86865 0.33000 
2.88011 0.33100 
2.89156 0.33200 
2.90302 0.33300 
2.91449 0.33400 
2.92595 0.33500 
2.93742 0.33600 
2.94889 0.33700 
2.96037 0.33800 
2.97185 0.33900 
2.98333 0.34000 
2.99481 0.34100 
3.00629 0.34200 
3.01778 0.34300 
3.02927 0.34400 
3.04077 0.34500 
3.05226 0.34600 
3.06376 0.34700 
3.07526 0.34800 
3.08677 0.34900 
3.09827 0.35000 
3.10978 0.35100 
3.12129 0.35200 
3.13280 0.35300 
3.14432 0.35400 
3.15584 0.35500 
3.16736 0.35600 
3.17888 0.35700 
3.19041 0.35800 
3.20193 0.35900 
3.21346 0.36000 
3.22499 0.36100 
3.23653 0.36200 
3.24806 0.36300 
3.25960 0.36400 
3.27114 0.36500 
3.28268 0.36600 
3.29423 0.36700 
3.30577 0.36800 
3.31732 0.36900 
3.32887 0.37000 
3.34042 0.37100 
3.35197 0.37200 
3.36353 0.37300 
3.37509 0.37400 
3.38665 0.37500 
3.39821 0.37600 
3.40977 0.37700 
3.42133 0.37800 
3.43290 0.37900 
3.44447 0.38000 
3.45604 0.38100 
3.46761 0.38200 
3.47918 0.38300 
3.49076 0.38400 
3.50233 0.38500 
3.51391 0.38600 
3.52549 0.38700 
3.53707 0.38800 
3.54866 0.38900 
3.56024 0.39000 
3.57183 0.39100 
3.58341 0.39200 
3.59500 0.39300 
3.60659 0.39400 
3.61819 0.39500 
3.62978 0.39600 
3.64137 0.39700 
3.65297 0.39800 
3.66457 0.39900 
3.67617 0.40000 
3.68777 0.40100 
3.69937 0.40200 
3.71097 0.40300 
3.72258 0.40400 
3.73418 0.40500 
3.74579 0.40600 
3.75740 0.40700 
3.76901 0.40800 
3.78062 0.40900 
3.79223 0.41000 
3.80384 0.41100 
3.81546 0.41200 
3.82707 0.41300 
3.83869 0.41400 
3.85031 0.41500 
3.86193 0.41600 
3.87355 0.41700 
3.88517 0.41800 
3.89679 0.41900 
3.90842 0.42000 
3.92004 0.42100 
3.93167 0.42200 
3.94329 0.42300 
3.95492 0.42400 
3.96655 0.42500 
3.97818 0.42600 
3.98981 0.42700 
4.00144 0.42800 
4.01308 0.42900 
4.02471 0.43000 
4.03635 0.43100 
4.04798 0.43200 
4.05962 0.43300 
4.07126 0.43400 
4.08289 0.43500 
4.09453 0.43600 
4.10617 0.43700 
4.11782 0.43800 
4.12946 0.43900 
4.14110 0.44000 
4.15275 0.44100 
4.16439 0.44200 
4.17604 0.44300 
4.18768 0.44400 
4.19933 0.44500 
4.21098 0.44600 
4.22263 0.44700 
4.23428 0.44800 
4.24593 0.44900 
4.25758 0.45000 
4.26923 0.45100 
4.28089 0.45200 
4.29254 0.45300 
4.30419 0.45400 
4.31585 0.45500 
4.32751 0.45600 
4.33916 0.45700 
4.35082 0.45800 
4.36248 0.45900 
4.37414 0.46000 
4.38580 0.46100 
4.39746 0.46200 
4.40912 0.46300 
4.42078 0.46400 
4.43244 0.46500 
4.44410 0.46600 
4.45577 0.46700 
4.46743 0.46800 
4.47910 0.46900 
4.49076 0.47000 
4.50243 0.47100 
4.51409 0.47200 
4.52576 0.47300 
4.53743 0.47400 
4.54910 0.47500 
4.56077 0.47600 
4.57244 0.47700 
4.58411 0.47800 
4.59578 0.47900 
4.60745 0.48000 
4.61912 0.48100 
4.63079 0.48200 
4.64247 0.48300 
4.65414 0.48400 
4.66581 0.48500 
4.67749 0.48600 
4.68916 0.48700 
4.70084 0.48800 
4.71251 0.48900 
4.72419 0.49000 
4.73587 0.49100 
4.74754 0.49200 
4.75922 0.49300 
4.77090 0.49400 
4.78258 0.49500 
4.79426 0.49600 
4.80594 0.49700 
4.81762 0.49800 
4.82930 0.49900 
4.84098 0.50000 
4.85266 0.50100 
4.86434 0.50200 
4.87603 0.50300 
4.88771 0.50400 
4.89939 0.50500 
4.91108 0.50600 
4.92276 0.50700 
4.93444 0.50800 
4.94613 0.50900 
4.95781 0.51000 
4.96950 0.51100 
4.98119 0.51200 
4.99287 0.51300 
5.00456 0.51400 
5.01625 0.51500 
5.02793 0.51600 
5.03962 0.51700 
5.05131 0.51800 
5.06300 0.51900 
5.07469 0.52000 
5.08638 0.52100 
5.09807 0.52200 
5.10976 0.52300 
5.12145 0.52400 
5.13314 0.52500 
5.14483 0.52600 
5.15652 0.52700 
5.16821 0.52800 
5.17990 0.52900 
5.19159 0.53000 
5.20329 0.53100 
5.21498 0.53200 
5.22667 0.53300 
5.23837 0.53400 
5.25006 0.53500 
5.26175 0.53600 
5.27345 0.53700 
5.28514 0.53800 
5.29684 0.53900 
5.30853 0.54000 
5.32023 0.54100 
5.33192 0.54200 
5.34362 0.54300 
5.35531 0.54400 
5.36701 0.54500 
5.37871 0.54600 
5.39040 0.54700 
5.40210 0.54800 
5.41380 0.54900 
5.42550 0.55000 
5.43720 0.55100 
5.44889 0.55200 
5.46059 0.55300 
5.47229 0.55400 
5.48399 0.55500 
5.49569 0.55600 
5.50739 0.55700 
5.51909 0.55800 
5.53079 0.55900 
5.54249 0.56000 
5.55419 0.56100 
5.56589 0.56200 
5.57759 0.56300 
5.58929 0.56400 
5.60099 0.56500 
5.61269 0.56600 
5.62439 0.56700 
5.63610 0.56800 
5.64780 0.56900 
5.65950 0.57000 
5.67120 0.57100 
5.68290 0.57200 
5.69461 0.57300 
5.70631 0.57400 
5.71801 0.57500 
5.72972 0.57600 
5.74142 0.57700 
5.75312 0.57800 
5.76483 0.57900 
5.77653 0.58000 
5.78823 0.58100 
5.79994 0.58200 
5.81164 0.58300 
5.82335 0.58400 
5.83505 0.58500 
5.84676 0.58600 
5.85846 0.58700 
5.87017 0.58800 
5.88187 0.58900 
5.89358 0.59000 
5.90529 0.59100 
5.91699 0.59200 
5.92870 0.59300 
5.94040 0.59400 
5.95211 0.59500 
5.96382 0.59600 
5.97552 0.59700 
5.98723 0.59800 
5.99894 0.59900 
6.01064 0.60000 
6.02235 0.60100 
6.03406 0.60200 
6.04577 0.60300 
6.05747 0.60400 
6.06918 0.60500 
6.08089 0.60600 
6.09260 0.60700 
6.10431 0.60800 
6.11601 0.60900 
6.12772 0.61000 
6.13943 0.61100 
6.15114 0.61200 
6.16285 0.61300 
6.17456 0.61400 
6.18627 0.61500 
6.19798 0.61600 
6.20968 0.61700 
6.22139 0.61800 
6.23310 0.61900 
6.24481 0.62000 
6.25652 0.62100 
6.26823 0.62200 
6.27994 0.62300 
6.29165 0.62400 
6.30336 0.62500 
6.31507 0.62600 
6.32678 0.62700 
6.33849 0.62800 
6.35020 0.62900 
6.36191 0.63000 
6.37363 0.63100 
6.38534 0.63200 
6.39705 0.63300 
6.40876 0.63400 
6.42047 0.63500 
6.43218 0.63600 
6.44389 0.63700 
6.45560 0.63800 
6.46731 0.63900 
6.47903 0.64000 
6.49074 0.64100 
6.50245 0.64200 
6.51416 0.64300 
6.52587 0.64400 
6.53759 0.64500 
6.54930 0.64600 
6.56101 0.64700 
6.57272 0.64800 
6.58443 0.64900 
6.59615 0.65000 
6.60786 0.65100 
6.61957 0.65200 
6.63128 0.65300 
6.64300 0.65400 
6.65471 0.65500 
6.66642 0.65600 
6.67814 0.65700 
6.68985 0.65800 
6.70156 0.65900 
6.71327 0.66000 
6.72499 0.66100 
6.73670 0.66200 
6.74841 0.66300 
6.76013 0.66400 
6.77184 0.66500 
6.78356 0.66600 
6.79527 0.66700 
6.80698 0.66800 
6.81870 0.66900 
6.83041 0.67000 
6.84212 0.67100 
6.85384 0.67200 
6.86555 0.67300 
6.87727 0.67400 
6.88898 0.67500 
6.90069 0.67600 
6.91241 0.67700 
6.92412 0.67800 
6.93584 0.67900 
6.94755 0.68000 
6.95927 0.68100 
6.97098 0.68200 
6.98270 0.68300 
6.99441 0.68400 
7.00612 0.68500 
7.01784 0.68600 
7.02955 0.68700 
7.04127 0.68800 
7.05298 0.68900 
7.06470 0.69000 
7.07641 0.69100 
7.08813 0.69200 
7.09984 0.69300 
7.11156 0.69400 
7.12327 0.69500 
7.13499 0.69600 
7.14670 0.69700 
7.15842 0.69800 
7.17014 0.69900 
7.18185 0.70000 
7.19357 0.70100 
7.20528 0.70200 
7.21700 0.70300 
7.22871 0.70400 
7.24043 0.70500 
7.25214 0.70600 
7.26386 0.70700 
7.27558 0.70800 
7.28729 0.70900 
7.29901 0.71000 
7.31072 0.71100 
7.32244 0.71200 
7.33415 0.71300 
7.34587 0.71400 
7.35759 0.71500 
7.36930 0.71600 
7.38102 0.71700 
7.39274 0.71800 
7.40445 0.71900 
7.41617 0.72000 
7.42788 0.72100 
7.43960 0.72200 
7.45132 0.72300 
7.46303 0.72400 
7.47475 0.72500 
7.48647 0.72600 
7.49818 0.72700 
7.50990 0.72800 
7.52162 0.72900 
7.53333 0.73000 
7.54505 0.73100 
7.55676 0.73200 
7.56848 0.73300 
7.58020 0.73400 
7.59191 0.73500 
7.60363 0.73600 
7.61535 0.73700 
7.62707 0.73800 
7.63878 0.73900 
7.65050 0.74000 
7.66222 0.74100 
7.67393 0.74200 
7.68565 0.74300 
7.69737 0.74400 
7.70908 0.74500 
7.72080 0.74600 
7.73252 0.74700 
7.74423 0.74800 
7.75595 0.74900 
7.76767 0.75000 
7.77939 0.75100 
7.79110 0.75200 
7.80282 0.75300 
7.81454 0.75400 
7.82625 0.75500 
7.83797 0.75600 
7.84969 0.75700 
7.86141 0.75800 
7.87312 0.75900 
7.88484 0.76000 
7.89656 0.76100 
7.90828 0.76200 
7.91999 0.76300 
7.93171 0.76400 
7.94343 0.76500 
7.95515 0.76600 
7.96686 0.76700 
7.97858 0.76800 
7.99030 0.76900 
8.00202 0.77000 
8.01373 0.77100 
8.02545 0.77200 
8.03717 0.77300 
8.04889 0.77400 
8.06060 0.77500 
8.07232 0.77600 
8.08404 0.77700 
8.09576 0.77800 
8.10747 0.77900 
8.11919 0.78000 
8.13091 0.78100 
8.14263 0.78200 
8.15435 0.78300 
8.16606 0.78400 
8.17778 0.78500 
8.18950 0.78600 
8.20122 0.78700 
8.21294 0.78800 
8.22465 0.78900 
8.23637 0.79000 
8.24809 0.79100 
8.25981 0.79200 
8.27153 0.79300 
8.28324 0.79400 
8.29496 0.79500 
8.30668 0.79600 
8.31840 0.79700 
8.33012 0.79800 
8.34183 0.79900 
8.35355 0.80000 
8.36527 0.80100 
8.37699 0.80200 
8.38871 0.80300 
8.40042 0.80400 
8.41214 0.80500 
8.42386 0.80600 
8.43558 0.80700 
8.44730 0.80800 
8.45901 0.80900 
8.47073 0.81000 
8.48245 0.81100 
8.49417 0.81200 
8.50589 0.81300 
8.51761 0.81400 
8.52932 0.81500 
8.54104 0.81600 
8.55276 0.81700 
8.56448 0.81800 
8.57620 0.81900 
8.58792 0.82000 
8.59963 0.82100 
8.61135 0.82200 
8.62307 0.82300 
8.63479 0.82400 
8.64651 0.82500 
8.65823 0.82600 
8.66994 0.82700 
8.68166 0.82800 
8.69338 0.82900 
8.70510 0.83000 
8.71682 0.83100 
8.72854 0.83200 
8.74025 0.83300 
8.75197 0.83400 
8.76369 0.83500 
8.77541 0.83600 
8.78713 0.83700 
8.79885 0.83800 
8.81057 0.83900 
8.82228 0.84000 
8.83400 0.84100 
8.84572 0.84200 
8.85744 0.84300 
8.86916 0.84400 
8.88088 0.84500 
8.89260 0.84600 
8.90431 0.84700 
8.91603 0.84800 
8.92775 0.84900 
8.93947 0.85000 
8.95119 0.85100 
8.96291 0.85200 
8.97463 0.85300 
8.98634 0.85400 
8.99806 0.85500 
9.00978 0.85600 
9.02150 0.85700 
9.03322 0.85800 
9.04494 0.85900 
9.05666 0.86000 
9.06838 0.86100 
9.08009 0.86200 
9.09181 0.86300 
9.10353 0.86400 
9.11525 0.86500 
9.12697 0.86600 
9.13869 0.86700 
9.15041 0.86800 
9.16213 0.86900 
9.17384 0.87000 
9.18556 0.87100 
9.19728 0.87200 
9.20900 0.87300 
9.22072 0.87400 
9.23244 0.87500 
9.24416 0.87600 
9.25588 0.87700 
9.26759 0.87800 
9.27931 0.87900 
9.29103 0.88000 
9.30275 0.88100 
9.31447 0.88200 
9.32619 0.88300 
9.33791 0.88400 
9.34963 0.88500 
9.36135 0.88600 
9.37306 0.88700 
9.38478 0.88800 
9.39650 0.88900 
9.40822 0.89000 
9.41994 0.89100 
9.43166 0.89200 
9.44338 0.89300 
9.45510 0.89400 
9.46682 0.89500 
9.47853 0.89600 
9.49025 0.89700 
9.50197 0.89800 
9.51369 0.89900 
9.52541 0.90000 
9.53713 0.90100 
9.54885 0.90200 
9.56057 0.90300 
9.57229 0.90400 
9.58400 0.90500 
9.59572 0.90600 
9.60744 0.90700 
9.61916 0.90800 
9.63088 0.90900 
9.64260 0.91000 
9.65432 0.91100 
9.66604 0.91200 
9.67776 0.91300 
9.68948 0.91400 
9.70119 0.91500 
9.71291 0.91600 
9.72463 0.91700 
9.73635 0.91800 
9.74807 0.91900 
9.75979 0.92000 
9.77151 0.92100 
9.78323 0.92200 
9.79495 0.92300 
9.80667 0.92400 
9.81838 0.92500 
9.83010 0.92600 
9.84182 0.92700 
9.85354 0.92800 
9.86526 0.92900 
9.87698 0.93000 
9.88870 0.93100 
9.90042 0.93200 
9.91214 0.93300 
9.92386 0.93400 
9.93557 0.93500 
9.94729 0.93600 
9.95901 0.93700 
9.97073 0.93800 
9.98245 0.93900 
9.99417 0.94000 
10.00589 0.94100 
10.01761 0.94200 
10.02933 0.94300 
10.04105 0.94400 
10.05277 0.94500 
10.06448 0.94600 
10.07620 0.94700 
10.08792 0.94800 
10.09964 0.94900 
10.11136 0.95000 
10.12308 0.95100 
10.13480 0.95200 
10.14652 0.95300 
10.15824 0.95400 
10.16996 0.95500 
10.18168 0.95600 
10.19339 0.95700 
10.20511 0.95800 
10.21683 0.95900 
10.22855 0.96000 
10.24027 0.96100 
10.25199 0.96200 
10.26371 0.96300 
10.27543 0.96400 
10.28715 0.96500 
10.29887 0.96600 
10.31059 0.96700 
10.32231 0.96800 
10.33402 0.96900 
10.34574 0.97000 
10.35746 0.97100 
10.36918 0.97200 
10.38090 0.97300 
10.39262 0.97400 
10.40434 0.97500 
10.41606 0.97600 
10.42778 0.97700 
10.43950 0.97800 
10.45122 0.97900 
10.46293 0.98000 
10.47465 0.98100 
10.48637 0.98200 
10.49809 0.98300 
10.50981 0.98400 
10.52153 0.98500 
10.53325 0.98600 
10.54497 0.98700 
10.55669 0.98800 
10.56841 0.98900 
10.58013 0.99000 
10.59185 0.99100 
10.60357 0.99200 
10.61528 0.99300 
10.62700 0.99400 
10.63872 0.99500 
10.65044 0.99600 
10.66216 0.99700 
10.67388 0.99800 
10.68560 0.99900 
