0.00000 0.00000 
-0.06302 0.00100 
-0.17076 0.00200 
-0.28482 0.00300 
-0.39881 0.00400 
-0.51170 0.00500 
-0.62334 0.00600 
-0.73369 0.00700 
-0.84279 0.00800 
-0.95062 0.00900 
-1.05723 0.01000 
-1.16260 0.01100 
-1.26677 0.01200 
-1.36975 0.01300 
-1.47154 0.01400 
-1.57216 0.01500 
-1.67163 0.01600 
-1.76996 0.01700 
-1.86716 0.01800 
-1.96324 0.01900 
-2.05822 0.02000 
-2.15211 0.02100 
-2.24492 0.02200 
-2.33667 0.02300 
-2.42737 0.02400 
-2.51703 0.02500 
-2.60565 0.02600 
-2.69326 0.02700 
-2.77987 0.02800 
-2.86548 0.02900 
-2.95011 0.03000 
-3.03377 0.03100 
-3.11646 0.03200 
-3.19821 0.03300 
-3.27902 0.03400 
-3.35891 0.03500 
-3.43787 0.03600 
-3.51593 0.03700 
-3.59310 0.03800 
-3.66938 0.03900 
-3.74478 0.04000 
-3.81932 0.04100 
-3.89300 0.04200 
-3.96584 0.04300 
-4.03784 0.04400 
-4.10902 0.04500 
-4.17937 0.04600 
-4.24893 0.04700 
-4.31768 0.04800 
-4.38564 0.04900 
-4.45283 0.05000 
-4.51924 0.05100 
-4.58489 0.05200 
-4.64979 0.05300 
-4.71394 0.05400 
-4.77736 0.05500 
-4.84005 0.05600 
-4.90202 0.05700 
-4.96328 0.05800 
-5.02383 0.05900 
-5.08369 0.06000 
-5.14287 0.06100 
-5.20136 0.06200 
-5.25918 0.06300 
-5.31634 0.06400 
-5.37285 0.06500 
-5.42870 0.06600 
-5.48392 0.06700 
-5.53850 0.06800 
-5.59245 0.06900 
-5.64579 0.07000 
-5.69851 0.07100 
-5.75063 0.07200 
-5.80215 0.07300 
-5.85308 0.07400 
-5.90343 0.07500 
-5.95319 0.07600 
-6.00239 0.07700 
-6.05102 0.07800 
-6.09909 0.07900 
-6.14662 0.08000 
-6.19359 0.08100 
-6.24003 0.08200 
-6.28593 0.08300 
-6.33131 0.08400 
-6.37617 0.08500 
-6.42051 0.08600 
-6.46434 0.08700 
-6.50768 0.08800 
-6.55051 0.08900 
-6.59285 0.09000 
-6.63471 0.09100 
-6.67608 0.09200 
-6.71698 0.09300 
-6.75741 0.09400 
-6.79738 0.09500 
-6.83689 0.09600 
-6.87594 0.09700 
-6.91455 0.09800 
-6.95272 0.09900 
-6.99044 0.10000 
-7.02774 0.10100 
-7.06460 0.10200 
-7.10104 0.10300 
-7.13707 0.10400 
-7.17268 0.10500 
-7.20788 0.10600 
-7.24268 0.10700 
-7.27708 0.10800 
-7.31109 0.10900 
-7.34470 0.11000 
-7.37793 0.11100 
-7.41078 0.11200 
-7.44325 0.11300 
-7.47535 0.11400 
-7.50708 0.11500 
-7.53844 0.11600 
-7.56945 0.11700 
-7.60010 0.11800 
-7.63040 0.11900 
-7.66035 0.12000 
-7.68995 0.12100 
-7.71922 0.12200 
-7.74815 0.12300 
-7.77675 0.12400 
-7.80502 0.12500 
-7.83297 0.12600 
-7.86060 0.12700 
-7.88791 0.12800 
-7.91490 0.12900 
-7.94159 0.13000 
-7.96797 0.13100 
-7.99405 0.13200 
-8.01983 0.13300 
-8.04531 0.13400 
-8.07050 0.13500 
-8.09540 0.13600 
-8.12002 0.13700 
-8.14435 0.13800 
-8.16841 0.13900 
-8.19219 0.14000 
-8.21569 0.14100 
-8.23893 0.14200 
-8.26190 0.14300 
-8.28460 0.14400 
-8.30705 0.14500 
-8.32924 0.14600 
-8.35117 0.14700 
-8.37285 0.14800 
-8.39428 0.14900 
-8.41547 0.15000 
-8.43641 0.15100 
-8.45712 0.15200 
-8.47758 0.15300 
-8.49781 0.15400 
-8.51781 0.15500 
-8.53758 0.15600 
-8.55712 0.15700 
-8.57644 0.15800 
-8.59554 0.15900 
-8.61442 0.16000 
-8.63308 0.16100 
-8.65153 0.16200 
-8.66976 0.16300 
-8.68779 0.16400 
-8.70561 0.16500 
-8.72322 0.16600 
-8.74063 0.16700 
-8.75785 0.16800 
-8.77486 0.16900 
-8.79168 0.17000 
-8.80831 0.17100 
-8.82475 0.17200 
-8.84100 0.17300 
-8.85706 0.17400 
-8.87293 0.17500 
-8.88863 0.17600 
-8.90415 0.17700 
-8.91948 0.17800 
-8.93464 0.17900 
-8.94963 0.18000 
-8.96445 0.18100 
-8.97909 0.18200 
-8.99357 0.18300 
-9.00788 0.18400 
-9.02203 0.18500 
-9.03601 0.18600 
-9.04984 0.18700 
-9.06350 0.18800 
-9.07701 0.18900 
-9.09036 0.19000 
-9.10357 0.19100 
-9.11661 0.19200 
-9.12951 0.19300 
-9.14227 0.19400 
-9.15487 0.19500 
-9.16733 0.19600 
-9.17965 0.19700 
-9.19183 0.19800 
-9.20386 0.19900 
-9.21575 0.20000 
-9.22751 0.20100 
-9.23912 0.20200 
-9.25061 0.20300 
-9.26196 0.20400 
-9.27319 0.20500 
-9.28428 0.20600 
-9.29525 0.20700 
-9.30609 0.20800 
-9.31681 0.20900 
-9.32741 0.21000 
-9.33788 0.21100 
-9.34824 0.21200 
-9.35847 0.21300 
-9.36859 0.21400 
-9.37859 0.21500 
-9.38848 0.21600 
-9.39826 0.21700 
-9.40792 0.21800 
-9.41747 0.21900 
-9.42691 0.22000 
-9.43625 0.22100 
-9.44547 0.22200 
-9.45460 0.22300 
-9.46361 0.22400 
-9.47253 0.22500 
-9.48134 0.22600 
-9.49005 0.22700 
-9.49866 0.22800 
-9.50717 0.22900 
-9.51559 0.23000 
-9.52391 0.23100 
-9.53213 0.23200 
-9.54026 0.23300 
-9.54829 0.23400 
-9.55624 0.23500 
-9.56409 0.23600 
-9.57185 0.23700 
-9.57953 0.23800 
-9.58711 0.23900 
-9.59461 0.24000 
-9.60202 0.24100 
-9.60935 0.24200 
-9.61660 0.24300 
-9.62376 0.24400 
-9.63084 0.24500 
-9.63783 0.24600 
-9.64475 0.24700 
-9.65159 0.24800 
-9.65835 0.24900 
-9.66503 0.25000 
-9.67164 0.25100 
-9.67817 0.25200 
-9.68462 0.25300 
-9.69101 0.25400 
-9.69731 0.25500 
-9.70355 0.25600 
-9.70971 0.25700 
-9.71581 0.25800 
-9.72183 0.25900 
-9.72779 0.26000 
-9.73367 0.26100 
-9.73949 0.26200 
-9.74525 0.26300 
-9.75093 0.26400 
-9.75656 0.26500 
-9.76211 0.26600 
-9.76761 0.26700 
-9.77304 0.26800 
-9.77841 0.26900 
-9.78371 0.27000 
-9.78896 0.27100 
-9.79414 0.27200 
-9.79927 0.27300 
-9.80434 0.27400 
-9.80935 0.27500 
-9.81430 0.27600 
-9.81920 0.27700 
-9.82404 0.27800 
-9.82882 0.27900 
-9.83355 0.28000 
-9.83822 0.28100 
-9.84285 0.28200 
-9.84741 0.28300 
-9.85193 0.28400 
-9.85640 0.28500 
-9.86081 0.28600 
-9.86517 0.28700 
-9.86948 0.28800 
-9.87375 0.28900 
-9.87796 0.29000 
-9.88213 0.29100 
-9.88625 0.29200 
-9.89032 0.29300 
-9.89434 0.29400 
-9.89832 0.29500 
-9.90225 0.29600 
-9.90614 0.29700 
-9.90999 0.29800 
-9.91379 0.29900 
-9.91754 0.30000 
-9.92126 0.30100 
-9.92493 0.30200 
-9.92856 0.30300 
-9.93215 0.30400 
-9.93569 0.30500 
-9.93920 0.30600 
-9.94266 0.30700 
-9.94609 0.30800 
-9.94947 0.30900 
-9.95282 0.31000 
-9.95613 0.31100 
-9.95940 0.31200 
-9.96263 0.31300 
-9.96583 0.31400 
-9.96899 0.31500 
-9.97211 0.31600 
-9.97520 0.31700 
-9.97825 0.31800 
-9.98127 0.31900 
-9.98425 0.32000 
-9.98720 0.32100 
-9.99012 0.32200 
-9.99300 0.32300 
-9.99584 0.32400 
-9.99866 0.32500 
-10.00144 0.32600 
-10.00419 0.32700 
-10.00691 0.32800 
-10.00960 0.32900 
-10.01226 0.33000 
-10.01488 0.33100 
-10.01748 0.33200 
-10.02005 0.33300 
-10.02259 0.33400 
-10.02509 0.33500 
-10.02757 0.33600 
-10.03003 0.33700 
-10.03245 0.33800 
-10.03484 0.33900 
-10.03721 0.34000 
-10.03955 0.34100 
-10.04187 0.34200 
-10.04415 0.34300 
-10.04641 0.34400 
-10.04865 0.34500 
-10.05086 0.34600 
-10.05304 0.34700 
-10.05520 0.34800 
-10.05734 0.34900 
-10.05944 0.35000 
-10.06153 0.35100 
-10.06359 0.35200 
-10.06563 0.35300 
-10.06764 0.35400 
-10.06964 0.35500 
-10.07161 0.35600 
-10.07355 0.35700 
-10.07548 0.35800 
-10.07738 0.35900 
-10.07926 0.36000 
-10.08112 0.36100 
-10.08295 0.36200 
-10.08477 0.36300 
-10.08657 0.36400 
-10.08834 0.36500 
-10.09010 0.36600 
-10.09183 0.36700 
-10.09355 0.36800 
-10.09524 0.36900 
-10.09692 0.37000 
-10.09857 0.37100 
-10.10021 0.37200 
-10.10183 0.37300 
-10.10343 0.37400 
-10.10501 0.37500 
-10.10658 0.37600 
-10.10812 0.37700 
-10.10965 0.37800 
-10.11116 0.37900 
-10.11265 0.38000 
-10.11413 0.38100 
-10.11559 0.38200 
-10.11703 0.38300 
-10.11846 0.38400 
-10.11987 0.38500 
-10.12126 0.38600 
-10.12264 0.38700 
-10.12400 0.38800 
-10.12535 0.38900 
-10.12668 0.39000 
-10.12799 0.39100 
-10.12929 0.39200 
-10.13058 0.39300 
-10.13185 0.39400 
-10.13311 0.39500 
-10.13435 0.39600 
-10.13558 0.39700 
-10.13679 0.39800 
-10.13799 0.39900 
-10.13917 0.40000 
-10.14035 0.40100 
-10.14150 0.40200 
-10.14265 0.40300 
-10.14378 0.40400 
-10.14490 0.40500 
-10.14601 0.40600 
-10.14710 0.40700 
-10.14818 0.40800 
-10.14925 0.40900 
-10.15031 0.41000 
-10.15135 0.41100 
-10.15239 0.41200 
-10.15341 0.41300 
-10.15442 0.41400 
-10.15541 0.41500 
-10.15640 0.41600 
-10.15737 0.41700 
-10.15834 0.41800 
-10.15929 0.41900 
-10.16023 0.42000 
-10.16116 0.42100 
-10.16208 0.42200 
-10.16299 0.42300 
-10.16389 0.42400 
-10.16478 0.42500 
-10.16566 0.42600 
-10.16653 0.42700 
-10.16738 0.42800 
-10.16823 0.42900 
-10.16907 0.43000 
-10.16990 0.43100 
-10.17072 0.43200 
-10.17153 0.43300 
-10.17233 0.43400 
-10.17312 0.43500 
-10.17391 0.43600 
-10.17468 0.43700 
-10.17545 0.43800 
-10.17620 0.43900 
-10.17695 0.44000 
-10.17769 0.44100 
-10.17842 0.44200 
-10.17914 0.44300 
-10.17985 0.44400 
-10.18056 0.44500 
-10.18126 0.44600 
-10.18195 0.44700 
-10.18263 0.44800 
-10.18330 0.44900 
-10.18397 0.45000 
-10.18463 0.45100 
-10.18528 0.45200 
-10.18592 0.45300 
-10.18656 0.45400 
-10.18719 0.45500 
-10.18781 0.45600 
-10.18842 0.45700 
-10.18903 0.45800 
-10.18963 0.45900 
-10.19022 0.46000 
-10.19081 0.46100 
-10.19139 0.46200 
-10.19196 0.46300 
-10.19253 0.46400 
-10.19309 0.46500 
-10.19364 0.46600 
-10.19419 0.46700 
-10.19473 0.46800 
-10.19527 0.46900 
-10.19580 0.47000 
-10.19632 0.47100 
-10.19684 0.47200 
-10.19735 0.47300 
-10.19785 0.47400 
-10.19835 0.47500 
-10.19884 0.47600 
-10.19933 0.47700 
-10.19981 0.47800 
-10.20029 0.47900 
-10.20076 0.48000 
-10.20123 0.48100 
-10.20169 0.48200 
-10.20214 0.48300 
-10.20259 0.48400 
-10.20304 0.48500 
-10.20348 0.48600 
-10.20391 0.48700 
-10.20434 0.48800 
-10.20477 0.48900 
-10.20519 0.49000 
-10.20560 0.49100 
-10.20601 0.49200 
-10.20642 0.49300 
-10.20682 0.49400 
-10.20722 0.49500 
-10.20761 0.49600 
-10.20800 0.49700 
-10.20838 0.49800 
-10.20876 0.49900 
-10.20913 0.50000 
-10.20950 0.50100 
-10.20987 0.50200 
-10.21023 0.50300 
-10.21059 0.50400 
-10.21094 0.50500 
-10.21129 0.50600 
-10.21164 0.50700 
-10.21198 0.50800 
-10.21232 0.50900 
-10.21265 0.51000 
-10.21298 0.51100 
-10.21331 0.51200 
-10.21363 0.51300 
-10.21395 0.51400 
-10.21426 0.51500 
-10.21458 0.51600 
-10.21488 0.51700 
-10.21519 0.51800 
-10.21549 0.51900 
-10.21579 0.52000 
-10.21608 0.52100 
-10.21637 0.52200 
-10.21666 0.52300 
-10.21694 0.52400 
-10.21723 0.52500 
-10.21750 0.52600 
-10.21778 0.52700 
-10.21805 0.52800 
-10.21832 0.52900 
-10.21858 0.53000 
-10.21885 0.53100 
-10.21911 0.53200 
-10.21936 0.53300 
-10.21962 0.53400 
-10.21987 0.53500 
-10.22011 0.53600 
-10.22036 0.53700 
-10.22060 0.53800 
-10.22084 0.53900 
-10.22108 0.54000 
-10.22131 0.54100 
-10.22154 0.54200 
-10.22177 0.54300 
-10.22200 0.54400 
-10.22222 0.54500 
-10.22244 0.54600 
-10.22266 0.54700 
-10.22288 0.54800 
-10.22309 0.54900 
-10.22330 0.55000 
-10.22351 0.55100 
-10.22371 0.55200 
-10.22392 0.55300 
-10.22412 0.55400 
-10.22432 0.55500 
-10.22452 0.55600 
-10.22471 0.55700 
-10.22490 0.55800 
-10.22509 0.55900 
-10.22528 0.56000 
-10.22547 0.56100 
-10.22565 0.56200 
-10.22583 0.56300 
-10.22601 0.56400 
-10.22619 0.56500 
-10.22637 0.56600 
-10.22654 0.56700 
-10.22671 0.56800 
-10.22688 0.56900 
-10.22705 0.57000 
-10.22721 0.57100 
-10.22738 0.57200 
-10.22754 0.57300 
-10.22770 0.57400 
-10.22786 0.57500 
-10.22802 0.57600 
-10.22817 0.57700 
-10.22832 0.57800 
-10.22848 0.57900 
-10.22862 0.58000 
-10.22877 0.58100 
-10.22892 0.58200 
-10.22906 0.58300 
-10.22921 0.58400 
-10.22935 0.58500 
-10.22949 0.58600 
-10.22962 0.58700 
-10.22976 0.58800 
-10.22990 0.58900 
-10.23003 0.59000 
-10.23016 0.59100 
-10.23029 0.59200 
-10.23042 0.59300 
-10.23055 0.59400 
-10.23067 0.59500 
-10.23080 0.59600 
-10.23092 0.59700 
-10.23104 0.59800 
-10.23116 0.59900 
-10.23128 0.60000 
-10.23140 0.60100 
-10.23152 0.60200 
-10.23163 0.60300 
-10.23174 0.60400 
-10.23186 0.60500 
-10.23197 0.60600 
-10.23208 0.60700 
-10.23219 0.60800 
-10.23229 0.60900 
-10.23240 0.61000 
-10.23250 0.61100 
-10.23261 0.61200 
-10.23271 0.61300 
-10.23281 0.61400 
-10.23291 0.61500 
-10.23301 0.61600 
-10.23311 0.61700 
-10.23320 0.61800 
-10.23330 0.61900 
-10.23339 0.62000 
-10.23349 0.62100 
-10.23358 0.62200 
-10.23367 0.62300 
-10.23376 0.62400 
-10.23385 0.62500 
-10.23394 0.62600 
-10.23403 0.62700 
-10.23411 0.62800 
-10.23420 0.62900 
-10.23428 0.63000 
-10.23437 0.63100 
-10.23445 0.63200 
-10.23453 0.63300 
-10.23461 0.63400 
-10.23469 0.63500 
-10.23477 0.63600 
-10.23485 0.63700 
-10.23492 0.63800 
-10.23500 0.63900 
-10.23507 0.64000 
-10.23515 0.64100 
-10.23522 0.64200 
-10.23529 0.64300 
-10.23537 0.64400 
-10.23544 0.64500 
-10.23551 0.64600 
-10.23558 0.64700 
-10.23564 0.64800 
-10.23571 0.64900 
-10.23578 0.65000 
-10.23585 0.65100 
-10.23591 0.65200 
-10.23598 0.65300 
-10.23604 0.65400 
-10.23610 0.65500 
-10.23617 0.65600 
-10.23623 0.65700 
-10.23629 0.65800 
-10.23635 0.65900 
-10.23641 0.66000 
-10.23647 0.66100 
-10.23653 0.66200 
-10.23658 0.66300 
-10.23664 0.66400 
-10.23670 0.66500 
-10.23675 0.66600 
-10.23681 0.66700 
-10.23686 0.66800 
-10.23692 0.66900 
-10.23697 0.67000 
-10.23702 0.67100 
-10.23707 0.67200 
-10.23713 0.67300 
-10.23718 0.67400 
-10.23723 0.67500 
-10.23728 0.67600 
-10.23733 0.67700 
-10.23737 0.67800 
-10.23742 0.67900 
-10.23747 0.68000 
-10.23752 0.68100 
-10.23756 0.68200 
-10.23761 0.68300 
-10.23765 0.68400 
-10.23770 0.68500 
-10.23774 0.68600 
-10.23779 0.68700 
-10.23783 0.68800 
-10.23787 0.68900 
-10.23792 0.69000 
-10.23796 0.69100 
-10.23800 0.69200 
-10.23804 0.69300 
-10.23808 0.69400 
-10.23812 0.69500 
-10.23816 0.69600 
-10.23820 0.69700 
-10.23824 0.69800 
-10.23828 0.69900 
-10.23831 0.70000 
-10.23835 0.70100 
-10.23839 0.70200 
-10.23842 0.70300 
-10.23846 0.70400 
-10.23850 0.70500 
-10.23853 0.70600 
-10.23857 0.70700 
-10.23860 0.70800 
-10.23863 0.70900 
-10.23867 0.71000 
-10.23870 0.71100 
-10.23873 0.71200 
-10.23877 0.71300 
-10.23880 0.71400 
-10.23883 0.71500 
-10.23886 0.71600 
-10.23889 0.71700 
-10.23892 0.71800 
-10.23895 0.71900 
-10.23898 0.72000 
-10.23901 0.72100 
-10.23904 0.72200 
-10.23907 0.72300 
-10.23910 0.72400 
-10.23913 0.72500 
-10.23916 0.72600 
-10.23918 0.72700 
-10.23921 0.72800 
-10.23924 0.72900 
-10.23927 0.73000 
-10.23929 0.73100 
-10.23932 0.73200 
-10.23934 0.73300 
-10.23937 0.73400 
-10.23939 0.73500 
-10.23942 0.73600 
-10.23944 0.73700 
-10.23947 0.73800 
-10.23949 0.73900 
-10.23952 0.74000 
-10.23954 0.74100 
-10.23956 0.74200 
-10.23959 0.74300 
-10.23961 0.74400 
-10.23963 0.74500 
-10.23965 0.74600 
-10.23968 0.74700 
-10.23970 0.74800 
-10.23972 0.74900 
-10.23974 0.75000 
-10.23976 0.75100 
-10.23978 0.75200 
-10.23980 0.75300 
-10.23982 0.75400 
-10.23984 0.75500 
-10.23986 0.75600 
-10.23988 0.75700 
-10.23990 0.75800 
-10.23992 0.75900 
-10.23994 0.76000 
-10.23996 0.76100 
-10.23998 0.76200 
-10.24000 0.76300 
-10.24001 0.76400 
-10.24003 0.76500 
-10.24005 0.76600 
-10.24007 0.76700 
-10.24008 0.76800 
-10.24010 0.76900 
-10.24012 0.77000 
-10.24014 0.77100 
-10.24015 0.77200 
-10.24017 0.77300 
-10.24018 0.77400 
-10.24020 0.77500 
-10.24022 0.77600 
-10.24023 0.77700 
-10.24025 0.77800 
-10.24026 0.77900 
-10.24028 0.78000 
-10.24029 0.78100 
-10.24031 0.78200 
-10.24032 0.78300 
-10.24034 0.78400 
-10.24035 0.78500 
-10.24036 0.78600 
-10.24038 0.78700 
-10.24039 0.78800 
-10.24041 0.78900 
-10.24042 0.79000 
-10.24043 0.79100 
-10.24045 0.79200 
-10.24046 0.79300 
-10.24047 0.79400 
-10.24048 0.79500 
-10.24050 0.79600 
-10.24051 0.79700 
-10.24052 0.79800 
-10.24053 0.79900 
-10.24054 0.80000 
-10.24056 0.80100 
-10.24057 0.80200 
-10.24058 0.80300 
-10.24059 0.80400 
-10.24060 0.80500 
-10.24061 0.80600 
-10.24063 0.80700 
-10.24064 0.80800 
-10.24065 0.80900 
-10.24066 0.81000 
-10.24067 0.81100 
-10.24068 0.81200 
-10.24069 0.81300 
-10.24070 0.81400 
-10.24071 0.81500 
-10.24072 0.81600 
-10.24073 0.81700 
-10.24074 0.81800 
-10.24075 0.81900 
-10.24076 0.82000 
-10.24077 0.82100 
-10.24078 0.82200 
-10.24079 0.82300 
-10.24079 0.82400 
-10.24080 0.82500 
-10.24081 0.82600 
-10.24082 0.82700 
-10.24083 0.82800 
-10.24084 0.82900 
-10.24085 0.83000 
-10.24086 0.83100 
-10.24086 0.83200 
-10.24087 0.83300 
-10.24088 0.83400 
-10.24089 0.83500 
-10.24090 0.83600 
-10.24090 0.83700 
-10.24091 0.83800 
-10.24092 0.83900 
-10.24093 0.84000 
-10.24093 0.84100 
-10.24094 0.84200 
-10.24095 0.84300 
-10.24096 0.84400 
-10.24096 0.84500 
-10.24097 0.84600 
-10.24098 0.84700 
-10.24098 0.84800 
-10.24099 0.84900 
-10.24100 0.85000 
-10.24100 0.85100 
-10.24101 0.85200 
-10.24102 0.85300 
-10.24102 0.85400 
-10.24103 0.85500 
-10.24104 0.85600 
-10.24104 0.85700 
-10.24105 0.85800 
-10.24106 0.85900 
-10.24106 0.86000 
-10.24107 0.86100 
-10.24107 0.86200 
-10.24108 0.86300 
-10.24108 0.86400 
-10.24109 0.86500 
-10.24110 0.86600 
-10.24110 0.86700 
-10.24111 0.86800 
-10.24111 0.86900 
-10.24112 0.87000 
-10.24112 0.87100 
-10.24113 0.87200 
-10.24113 0.87300 
-10.24114 0.87400 
-10.24114 0.87500 
-10.24115 0.87600 
-10.24115 0.87700 
-10.24116 0.87800 
-10.24116 0.87900 
-10.24117 0.88000 
-10.24117 0.88100 
-10.24118 0.88200 
-10.24118 0.88300 
-10.24119 0.88400 
-10.24119 0.88500 
-10.24120 0.88600 
-10.24120 0.88700 
-10.24120 0.88800 
-10.24121 0.88900 
-10.24121 0.89000 
-10.24122 0.89100 
-10.24122 0.89200 
-10.24123 0.89300 
-10.24123 0.89400 
-10.24123 0.89500 
-10.24124 0.89600 
-10.24124 0.89700 
-10.24125 0.89800 
-10.24125 0.89900 
-10.24125 0.90000 
-10.24126 0.90100 
-10.24126 0.90200 
-10.24126 0.90300 
-10.24127 0.90400 
-10.24127 0.90500 
-10.24128 0.90600 
-10.24128 0.90700 
-10.24128 0.90800 
-10.24129 0.90900 
-10.24129 0.91000 
-10.24129 0.91100 
-10.24130 0.91200 
-10.24130 0.91300 
-10.24130 0.91400 
-10.24131 0.91500 
-10.24131 0.91600 
-10.24131 0.91700 
-10.24131 0.91800 
-10.24132 0.91900 
-10.24132 0.92000 
-10.24132 0.92100 
-10.24133 0.92200 
-10.24133 0.92300 
-10.24133 0.92400 
-10.24134 0.92500 
-10.24134 0.92600 
-10.24134 0.92700 
-10.24134 0.92800 
-10.24135 0.92900 
-10.24135 0.93000 
-10.24135 0.93100 
-10.24135 0.93200 
-10.24136 0.93300 
-10.24136 0.93400 
-10.24136 0.93500 
-10.24136 0.93600 
-10.24137 0.93700 
-10.24137 0.93800 
-10.24137 0.93900 
-10.24137 0.94000 
-10.24138 0.94100 
-10.24138 0.94200 
-10.24138 0.94300 
-10.24138 0.94400 
-10.24139 0.94500 
-10.24139 0.94600 
-10.24139 0.94700 
-10.24139 0.94800 
-10.24140 0.94900 
-10.24140 0.95000 
-10.24140 0.95100 
-10.24140 0.95200 
-10.24140 0.95300 
-10.24141 0.95400 
-10.24141 0.95500 
-10.24141 0.95600 
-10.24141 0.95700 
-10.24141 0.95800 
-10.24142 0.95900 
-10.24142 0.96000 
-10.24142 0.96100 
-10.24142 0.96200 
-10.24142 0.96300 
-10.24142 0.96400 
-10.24143 0.96500 
-10.24143 0.96600 
-10.24143 0.96700 
-10.24143 0.96800 
-10.24143 0.96900 
-10.24144 0.97000 
-10.24144 0.97100 
-10.24144 0.97200 
-10.24144 0.97300 
-10.24144 0.97400 
-10.24144 0.97500 
-10.24145 0.97600 
-10.24145 0.97700 
-10.24145 0.97800 
-10.24145 0.97900 
-10.24145 0.98000 
-10.24145 0.98100 
-10.24145 0.98200 
-10.24146 0.98300 
-10.24146 0.98400 
-10.24146 0.98500 
-10.24146 0.98600 
-10.24146 0.98700 
-10.24146 0.98800 
-10.24146 0.98900 
-10.24147 0.99000 
-10.24147 0.99100 
-10.24147 0.99200 
-10.24147 0.99300 
-10.24147 0.99400 
-10.24147 0.99500 
-10.24147 0.99600 
-10.24147 0.99700 
-10.24148 0.99800 
-10.24148 0.99900 
-10.24148 1.00000 
-10.24148 1.00100 
-10.24148 1.00200 
-10.24148 1.00300 
-10.24148 1.00400 
-10.24148 1.00500 
-10.24149 1.00600 
-10.24149 1.00700 
-10.24149 1.00800 
-10.24149 1.00900 
-10.24149 1.01000 
-10.24149 1.01100 
-10.24149 1.01200 
-10.24149 1.01300 
-10.24149 1.01400 
-10.24149 1.01500 
-10.24150 1.01600 
-10.24150 1.01700 
-10.24150 1.01800 
-10.24150 1.01900 
-10.24150 1.02000 
-10.24150 1.02100 
-10.24150 1.02200 
-10.24150 1.02300 
-10.24150 1.02400 
-10.24150 1.02500 
-10.24151 1.02600 
-10.24151 1.02700 
-10.24151 1.02800 
-10.24151 1.02900 
-10.24151 1.03000 
-10.24151 1.03100 
-10.24151 1.03200 
-10.24151 1.03300 
-10.24151 1.03400 
-10.24151 1.03500 
-10.24151 1.03600 
-10.24151 1.03700 
-10.24152 1.03800 
-10.24152 1.03900 
-10.24152 1.04000 
-10.24152 1.04100 
-10.24152 1.04200 
-10.24152 1.04300 
-10.24152 1.04400 
-10.24152 1.04500 
-10.24152 1.04600 
-10.24152 1.04700 
-10.24152 1.04800 
-10.24152 1.04900 
-10.24152 1.05000 
-10.24152 1.05100 
-10.24153 1.05200 
-10.24153 1.05300 
-10.24153 1.05400 
-10.24153 1.05500 
-10.24153 1.05600 
-10.24153 1.05700 
-10.24153 1.05800 
-10.24153 1.05900 
-10.24153 1.06000 
-10.24153 1.06100 
-10.24153 1.06200 
-10.24153 1.06300 
-10.24153 1.06400 
-10.24153 1.06500 
-10.24153 1.06600 
-10.24153 1.06700 
-10.24153 1.06800 
-10.24154 1.06900 
-10.24154 1.07000 
-10.24154 1.07100 
-10.24154 1.07200 
-10.24154 1.07300 
-10.24154 1.07400 
-10.24154 1.07500 
-10.24154 1.07600 
-10.24154 1.07700 
-10.24154 1.07800 
-10.24154 1.07900 
-10.24154 1.08000 
-10.24154 1.08100 
-10.24154 1.08200 
-10.24154 1.08300 
-10.24154 1.08400 
-10.24154 1.08500 
-10.24154 1.08600 
-10.24154 1.08700 
-10.24154 1.08800 
-10.24155 1.08900 
-10.24155 1.09000 
-10.24155 1.09100 
-10.24155 1.09200 
-10.24155 1.09300 
-10.24155 1.09400 
-10.24155 1.09500 
-10.24155 1.09600 
-10.24155 1.09700 
-10.24155 1.09800 
-10.24155 1.09900 
-10.24155 1.10000 
-10.24155 1.10100 
-10.24155 1.10200 
-10.24155 1.10300 
-10.24155 1.10400 
-10.24155 1.10500 
-10.24155 1.10600 
-10.24155 1.10700 
-10.24155 1.10800 
-10.24155 1.10900 
-10.24155 1.11000 
-10.24155 1.11100 
-10.24155 1.11200 
-10.24155 1.11300 
-10.24155 1.11400 
-10.24155 1.11500 
-10.24156 1.11600 
-10.24156 1.11700 
-10.24156 1.11800 
-10.24156 1.11900 
-10.24156 1.12000 
-10.24156 1.12100 
-10.24156 1.12200 
-10.24156 1.12300 
-10.24156 1.12400 
-10.24156 1.12500 
-10.24156 1.12600 
-10.24156 1.12700 
-10.24156 1.12800 
-10.24156 1.12900 
-10.24156 1.13000 
-10.24156 1.13100 
-10.24156 1.13200 
-10.24156 1.13300 
-10.24156 1.13400 
-10.24156 1.13500 
-10.24156 1.13600 
-10.24156 1.13700 
-10.24156 1.13800 
-10.24156 1.13900 
-10.24156 1.14000 
-10.24156 1.14100 
-10.24156 1.14200 
-10.24156 1.14300 
-10.24156 1.14400 
-10.24156 1.14500 
-10.24156 1.14600 
-10.24156 1.14700 
-10.24156 1.14800 
-10.24156 1.14900 
-10.24156 1.15000 
-10.24156 1.15100 
-10.24156 1.15200 
-10.24156 1.15300 
-10.24157 1.15400 
-10.24157 1.15500 
-10.24157 1.15600 
-10.24157 1.15700 
-10.24157 1.15800 
-10.24157 1.15900 
-10.24157 1.16000 
-10.24157 1.16100 
-10.24157 1.16200 
-10.24157 1.16300 
-10.24157 1.16400 
-10.24157 1.16500 
-10.24157 1.16600 
-10.24157 1.16700 
-10.24157 1.16800 
-10.24157 1.16900 
-10.24157 1.17000 
-10.24157 1.17100 
-10.24157 1.17200 
-10.24157 1.17300 
-10.24157 1.17400 
-10.24157 1.17500 
-10.24157 1.17600 
-10.24157 1.17700 
-10.24157 1.17800 
-10.24157 1.17900 
-10.24157 1.18000 
-10.24157 1.18100 
-10.24157 1.18200 
-10.24157 1.18300 
-10.24157 1.18400 
-10.24157 1.18500 
-10.24157 1.18600 
-10.24157 1.18700 
-10.24157 1.18800 
-10.24157 1.18900 
-10.24157 1.19000 
-10.24157 1.19100 
-10.24157 1.19200 
-10.24157 1.19300 
-10.24157 1.19400 
-10.24157 1.19500 
-10.24157 1.19600 
-10.24157 1.19700 
-10.24157 1.19800 
-10.24157 1.19900 
-10.24157 1.20000 
-10.24157 1.20100 
-10.24157 1.20200 
-10.24157 1.20300 
-10.24157 1.20400 
-10.24157 1.20500 
-10.24157 1.20600 
-10.24157 1.20700 
-10.24157 1.20800 
-10.24157 1.20900 
-10.24157 1.21000 
-10.24157 1.21100 
-10.24157 1.21200 
-10.24157 1.21300 
-10.24157 1.21400 
-10.24157 1.21500 
-10.24157 1.21600 
-10.24157 1.21700 
-10.24157 1.21800 
-10.24157 1.21900 
-10.24157 1.22000 
-10.24157 1.22100 
-10.24157 1.22200 
-10.24157 1.22300 
-10.24157 1.22400 
-10.24158 1.22500 
-10.24158 1.22600 
-10.24158 1.22700 
-10.24158 1.22800 
-10.24158 1.22900 
-10.24158 1.23000 
-10.24158 1.23100 
-10.24158 1.23200 
-10.24158 1.23300 
-10.24158 1.23400 
-10.24158 1.23500 
-10.24158 1.23600 
-10.24158 1.23700 
-10.24158 1.23800 
-10.24158 1.23900 
-10.24158 1.24000 
-10.24158 1.24100 
-10.24158 1.24200 
-10.24158 1.24300 
-10.24158 1.24400 
-10.24158 1.24500 
-10.24158 1.24600 
-10.24158 1.24700 
-10.24158 1.24800 
-10.24158 1.24900 
-10.24158 1.25000 
-10.24158 1.25100 
-10.24158 1.25200 
-10.24158 1.25300 
-10.24158 1.25400 
-10.24158 1.25500 
-10.24158 1.25600 
-10.24158 1.25700 
-10.24158 1.25800 
-10.24158 1.25900 
-10.24158 1.26000 
-10.24158 1.26100 
-10.24158 1.26200 
-10.24158 1.26300 
-10.24158 1.26400 
-10.24158 1.26500 
-10.24158 1.26600 
-10.24158 1.26700 
-10.24158 1.26800 
-10.24158 1.26900 
-10.24158 1.27000 
-10.24158 1.27100 
-10.24158 1.27200 
-10.24158 1.27300 
-10.24158 1.27400 
-10.24158 1.27500 
-10.24158 1.27600 
-10.24158 1.27700 
-10.24158 1.27800 
-10.24158 1.27900 
-10.24158 1.28000 
-10.24158 1.28100 
-10.24158 1.28200 
-10.24158 1.28300 
-10.24158 1.28400 
-10.24158 1.28500 
-10.24158 1.28600 
-10.24158 1.28700 
-10.24158 1.28800 
-10.24158 1.28900 
-10.24158 1.29000 
-10.24158 1.29100 
-10.24158 1.29200 
-10.24158 1.29300 
-10.24158 1.29400 
-10.24158 1.29500 
-10.24158 1.29600 
-10.24158 1.29700 
-10.24158 1.29800 
-10.24158 1.29900 
-10.24158 1.30000 
-10.24158 1.30100 
-10.24158 1.30200 
-10.24158 1.30300 
-10.24158 1.30400 
-10.24158 1.30500 
-10.24158 1.30600 
-10.24158 1.30700 
-10.24158 1.30800 
-10.24158 1.30900 
-10.24158 1.31000 
-10.24158 1.31100 
-10.24158 1.31200 
-10.24158 1.31300 
-10.24158 1.31400 
-10.24158 1.31500 
-10.24158 1.31600 
-10.24158 1.31700 
-10.24158 1.31800 
-10.24158 1.31900 
-10.24158 1.32000 
-10.24158 1.32100 
-10.24158 1.32200 
-10.24158 1.32300 
-10.24158 1.32400 
-10.24158 1.32500 
-10.24158 1.32600 
-10.24158 1.32700 
-10.24158 1.32800 
-10.24158 1.32900 
-10.24158 1.33000 
-10.24158 1.33100 
-10.24158 1.33200 
-10.24158 1.33300 
-10.24158 1.33400 
-10.24158 1.33500 
-10.24158 1.33600 
-10.24158 1.33700 
-10.24158 1.33800 
-10.24158 1.33900 
-10.24158 1.34000 
-10.24158 1.34100 
-10.24158 1.34200 
-10.24158 1.34300 
-10.24158 1.34400 
-10.24158 1.34500 
-10.24158 1.34600 
-10.24158 1.34700 
-10.24158 1.34800 
-10.24158 1.34900 
-10.24158 1.35000 
-10.24158 1.35100 
-10.24158 1.35200 
-10.24158 1.35300 
-10.24158 1.35400 
-10.24158 1.35500 
-10.24158 1.35600 
-10.24158 1.35700 
-10.24158 1.35800 
-10.24158 1.35900 
-10.24158 1.36000 
-10.24158 1.36100 
-10.24158 1.36200 
-10.24158 1.36300 
-10.24158 1.36400 
-10.24158 1.36500 
-10.24158 1.36600 
-10.24158 1.36700 
-10.24158 1.36800 
-10.24158 1.36900 
-10.24158 1.37000 
-10.24158 1.37100 
-10.24158 1.37200 
-10.24158 1.37300 
-10.24158 1.37400 
-10.24158 1.37500 
-10.24158 1.37600 
-10.24158 1.37700 
-10.24158 1.37800 
-10.24158 1.37900 
-10.24158 1.38000 
-10.24158 1.38100 
-10.24158 1.38200 
-10.24158 1.38300 
-10.24158 1.38400 
-10.24158 1.38500 
-10.24158 1.38600 
-10.24158 1.38700 
-10.24158 1.38800 
-10.24158 1.38900 
-10.24158 1.39000 
-10.24158 1.39100 
-10.24158 1.39200 
-10.24158 1.39300 
-10.24158 1.39400 
-10.24158 1.39500 
-10.24158 1.39600 
-10.24158 1.39700 
-10.24158 1.39800 
-10.24158 1.39900 
-10.24158 1.40000 
-10.24158 1.40100 
-10.24158 1.40200 
-10.24158 1.40300 
-10.24158 1.40400 
-10.24158 1.40500 
-10.24158 1.40600 
-10.24158 1.40700 
-10.24158 1.40800 
-10.24158 1.40900 
-10.24158 1.41000 
-10.24158 1.41100 
-10.24158 1.41200 
-10.24158 1.41300 
-10.24158 1.41400 
-10.24158 1.41500 
-10.24158 1.41600 
-10.24158 1.41700 
-10.24158 1.41800 
-10.24158 1.41900 
-10.24158 1.42000 
-10.24158 1.42100 
-10.24158 1.42200 
-10.24158 1.42300 
-10.24158 1.42400 
-10.24158 1.42500 
-10.24158 1.42600 
-10.24158 1.42700 
-10.24158 1.42800 
-10.24158 1.42900 
-10.24158 1.43000 
-10.24158 1.43100 
-10.24158 1.43200 
-10.24158 1.43300 
-10.24158 1.43400 
-10.24158 1.43500 
-10.24158 1.43600 
-10.24158 1.43700 
-10.24158 1.43800 
-10.24158 1.43900 
-10.24158 1.44000 
-10.24158 1.44100 
-10.24158 1.44200 
-10.24158 1.44300 
-10.24158 1.44400 
-10.24158 1.44500 
-10.24158 1.44600 
-10.24158 1.44700 
-10.24158 1.44800 
-10.24158 1.44900 
-10.24158 1.45000 
-10.24158 1.45100 
-10.24158 1.45200 
-10.24158 1.45300 
-10.24158 1.45400 
-10.24158 1.45500 
-10.24158 1.45600 
-10.24158 1.45700 
-10.24158 1.45800 
-10.24158 1.45900 
-10.24158 1.46000 
-10.24158 1.46100 
-10.24158 1.46200 
-10.24158 1.46300 
-10.24158 1.46400 
-10.24158 1.46500 
-10.24158 1.46600 
-10.24158 1.46700 
-10.24158 1.46800 
-10.24158 1.46900 
-10.24158 1.47000 
-10.24158 1.47100 
-10.24158 1.47200 
-10.24158 1.47300 
-10.24158 1.47400 
-10.24158 1.47500 
-10.24158 1.47600 
-10.24158 1.47700 
-10.24158 1.47800 
-10.24158 1.47900 
-10.24158 1.48000 
-10.24158 1.48100 
-10.24158 1.48200 
-10.24158 1.48300 
-10.24158 1.48400 
-10.24158 1.48500 
-10.24158 1.48600 
-10.24158 1.48700 
-10.24158 1.48800 
-10.24158 1.48900 
-10.24158 1.49000 
-10.24158 1.49100 
-10.24158 1.49200 
-10.24158 1.49300 
-10.24158 1.49400 
-10.24158 1.49500 
-10.24158 1.49600 
-10.24158 1.49700 
-10.24158 1.49800 
-10.24158 1.49900 
-10.24158 1.50000 
-10.24158 1.50100 
-10.24158 1.50200 
-10.24158 1.50300 
-10.24158 1.50400 
-10.24158 1.50500 
-10.24158 1.50600 
-10.24158 1.50700 
-10.24158 1.50800 
-10.24158 1.50900 
-10.24158 1.51000 
-10.24158 1.51100 
-10.24158 1.51200 
-10.24158 1.51300 
-10.24158 1.51400 
-10.24158 1.51500 
-10.24158 1.51600 
-10.24158 1.51700 
-10.24158 1.51800 
-10.24158 1.51900 
-10.24158 1.52000 
-10.24158 1.52100 
-10.24158 1.52200 
-10.24158 1.52300 
-10.24158 1.52400 
-10.24158 1.52500 
-10.24158 1.52600 
-10.24158 1.52700 
-10.24158 1.52800 
-10.24158 1.52900 
-10.24158 1.53000 
-10.24158 1.53100 
-10.24158 1.53200 
-10.24158 1.53300 
-10.24158 1.53400 
-10.24158 1.53500 
-10.24158 1.53600 
-10.24158 1.53700 
-10.24158 1.53800 
-10.24158 1.53900 
-10.24158 1.54000 
-10.24158 1.54100 
-10.24158 1.54200 
-10.24158 1.54300 
-10.24158 1.54400 
-10.24158 1.54500 
-10.24158 1.54600 
-10.24158 1.54700 
-10.24158 1.54800 
-10.24158 1.54900 
-10.24158 1.55000 
-10.24158 1.55100 
-10.24158 1.55200 
-10.24158 1.55300 
-10.24158 1.55400 
-10.24158 1.55500 
-10.24158 1.55600 
-10.24158 1.55700 
-10.24158 1.55800 
-10.24158 1.55900 
-10.24158 1.56000 
-10.24158 1.56100 
-10.24158 1.56200 
-10.24158 1.56300 
-10.24158 1.56400 
-10.24158 1.56500 
-10.24158 1.56600 
-10.24158 1.56700 
-10.24158 1.56800 
-10.24158 1.56900 
-10.24158 1.57000 
-10.24158 1.57100 
-10.24158 1.57200 
-10.24158 1.57300 
-10.24158 1.57400 
-10.24158 1.57500 
-10.24158 1.57600 
-10.24158 1.57700 
-10.24158 1.57800 
-10.24158 1.57900 
-10.24158 1.58000 
-10.24158 1.58100 
-10.24158 1.58200 
-10.24158 1.58300 
-10.24158 1.58400 
-10.24158 1.58500 
-10.24158 1.58600 
-10.24158 1.58700 
-10.24158 1.58800 
-10.24158 1.58900 
-10.24158 1.59000 
-10.24158 1.59100 
-10.24158 1.59200 
-10.24158 1.59300 
-10.24158 1.59400 
-10.24158 1.59500 
-10.24158 1.59600 
-10.24158 1.59700 
-10.24158 1.59800 
-10.24158 1.59900 
-10.24158 1.60000 
-10.24158 1.60100 
-10.24158 1.60200 
-10.24158 1.60300 
-10.24158 1.60400 
-10.24158 1.60500 
-10.24158 1.60600 
-10.24158 1.60700 
-10.24158 1.60800 
-10.24158 1.60900 
-10.24158 1.61000 
-10.24158 1.61100 
-10.24158 1.61200 
-10.24158 1.61300 
-10.24158 1.61400 
-10.24158 1.61500 
-10.24158 1.61600 
-10.24158 1.61700 
-10.24158 1.61800 
-10.24158 1.61900 
-10.24158 1.62000 
-10.24158 1.62100 
-10.24158 1.62200 
-10.24158 1.62300 
-10.24158 1.62400 
-10.24158 1.62500 
-10.24158 1.62600 
-10.24158 1.62700 
-10.24158 1.62800 
-10.24158 1.62900 
-10.24158 1.63000 
-10.24158 1.63100 
-10.24158 1.63200 
-10.24158 1.63300 
-10.24158 1.63400 
-10.24158 1.63500 
-10.24158 1.63600 
-10.24158 1.63700 
-10.24158 1.63800 
-10.24158 1.63900 
-10.24158 1.64000 
-10.24158 1.64100 
-10.24158 1.64200 
-10.24158 1.64300 
-10.24158 1.64400 
-10.24158 1.64500 
-10.24158 1.64600 
-10.24158 1.64700 
-10.24158 1.64800 
-10.24158 1.64900 
-10.24158 1.65000 
-10.24158 1.65100 
-10.24158 1.65200 
-10.24158 1.65300 
-10.24158 1.65400 
-10.24158 1.65500 
-10.24158 1.65600 
-10.24158 1.65700 
-10.24158 1.65800 
-10.24158 1.65900 
-10.24158 1.66000 
-10.24158 1.66100 
-10.24158 1.66200 
-10.24158 1.66300 
-10.24158 1.66400 
-10.24158 1.66500 
-10.24158 1.66600 
-10.24158 1.66700 
-10.24158 1.66800 
-10.24158 1.66900 
-10.24158 1.67000 
-10.24158 1.67100 
-10.24158 1.67200 
-10.24158 1.67300 
-10.24158 1.67400 
-10.24158 1.67500 
-10.24158 1.67600 
-10.24158 1.67700 
-10.24158 1.67800 
-10.24158 1.67900 
-10.24158 1.68000 
-10.24158 1.68100 
-10.24158 1.68200 
-10.24158 1.68300 
-10.24158 1.68400 
-10.24158 1.68500 
-10.24158 1.68600 
-10.24158 1.68700 
-10.24158 1.68800 
-10.24158 1.68900 
-10.24158 1.69000 
-10.24158 1.69100 
-10.24158 1.69200 
-10.24158 1.69300 
-10.24158 1.69400 
-10.24158 1.69500 
-10.24158 1.69600 
-10.24158 1.69700 
-10.24158 1.69800 
-10.24158 1.69900 
-10.24158 1.70000 
-10.24158 1.70100 
-10.24158 1.70200 
-10.24158 1.70300 
-10.24158 1.70400 
-10.24158 1.70500 
-10.24158 1.70600 
-10.24158 1.70700 
-10.24158 1.70800 
-10.24158 1.70900 
-10.24158 1.71000 
-10.24158 1.71100 
-10.24158 1.71200 
-10.24158 1.71300 
-10.24158 1.71400 
-10.24158 1.71500 
-10.24158 1.71600 
-10.24158 1.71700 
-10.24158 1.71800 
-10.24158 1.71900 
-10.24158 1.72000 
-10.24158 1.72100 
-10.24158 1.72200 
-10.24158 1.72300 
-10.24158 1.72400 
-10.24158 1.72500 
-10.24158 1.72600 
-10.24158 1.72700 
-10.24158 1.72800 
-10.24158 1.72900 
-10.24158 1.73000 
-10.24158 1.73100 
-10.24158 1.73200 
-10.24158 1.73300 
-10.24158 1.73400 
-10.24158 1.73500 
-10.24158 1.73600 
-10.24158 1.73700 
-10.24158 1.73800 
-10.24158 1.73900 
-10.24158 1.74000 
-10.24158 1.74100 
-10.24158 1.74200 
-10.24158 1.74300 
-10.24158 1.74400 
-10.24158 1.74500 
-10.24158 1.74600 
-10.24158 1.74700 
-10.24158 1.74800 
-10.24158 1.74900 
-10.24158 1.75000 
-10.24158 1.75100 
-10.24158 1.75200 
-10.24158 1.75300 
-10.24158 1.75400 
-10.24158 1.75500 
-10.24158 1.75600 
-10.24158 1.75700 
-10.24158 1.75800 
-10.24158 1.75900 
-10.24158 1.76000 
-10.24158 1.76100 
-10.24158 1.76200 
-10.24158 1.76300 
-10.24158 1.76400 
-10.24158 1.76500 
-10.24158 1.76600 
-10.24158 1.76700 
-10.24158 1.76800 
-10.24158 1.76900 
-10.24158 1.77000 
-10.24158 1.77100 
-10.24158 1.77200 
-10.24158 1.77300 
-10.24158 1.77400 
-10.24158 1.77500 
-10.24158 1.77600 
-10.24158 1.77700 
-10.24158 1.77800 
-10.24158 1.77900 
-10.24158 1.78000 
-10.24158 1.78100 
-10.24158 1.78200 
-10.24158 1.78300 
-10.24158 1.78400 
-10.24158 1.78500 
-10.24158 1.78600 
-10.24158 1.78700 
-10.24158 1.78800 
-10.24158 1.78900 
-10.24158 1.79000 
-10.24158 1.79100 
-10.24158 1.79200 
-10.24158 1.79300 
-10.24158 1.79400 
-10.24158 1.79500 
-10.24158 1.79600 
-10.24158 1.79700 
-10.24158 1.79800 
-10.24158 1.79900 
-10.24158 1.80000 
-10.24158 1.80100 
-10.24158 1.80200 
-10.24158 1.80300 
-10.24158 1.80400 
-10.24158 1.80500 
-10.24158 1.80600 
-10.24158 1.80700 
-10.24158 1.80800 
-10.24158 1.80900 
-10.24158 1.81000 
-10.24158 1.81100 
-10.24158 1.81200 
-10.24158 1.81300 
-10.24158 1.81400 
-10.24158 1.81500 
-10.24158 1.81600 
-10.24158 1.81700 
-10.24158 1.81800 
-10.24158 1.81900 
-10.24158 1.82000 
-10.24158 1.82100 
-10.24158 1.82200 
-10.24158 1.82300 
-10.24158 1.82400 
-10.24158 1.82500 
-10.24158 1.82600 
-10.24158 1.82700 
-10.24158 1.82800 
-10.24158 1.82900 
-10.24158 1.83000 
-10.24158 1.83100 
-10.24158 1.83200 
-10.24158 1.83300 
-10.24158 1.83400 
-10.24158 1.83500 
-10.24158 1.83600 
-10.24158 1.83700 
-10.24158 1.83800 
-10.24158 1.83900 
-10.24158 1.84000 
-10.24158 1.84100 
-10.24158 1.84200 
-10.24158 1.84300 
-10.24158 1.84400 
-10.24158 1.84500 
-10.24158 1.84600 
-10.24158 1.84700 
-10.24158 1.84800 
-10.24158 1.84900 
-10.24158 1.85000 
-10.24158 1.85100 
-10.24158 1.85200 
-10.24158 1.85300 
-10.24158 1.85400 
-10.24158 1.85500 
-10.24158 1.85600 
-10.24158 1.85700 
-10.24158 1.85800 
-10.24158 1.85900 
-10.24158 1.86000 
-10.24158 1.86100 
-10.24158 1.86200 
-10.24158 1.86300 
-10.24158 1.86400 
-10.24158 1.86500 
-10.24158 1.86600 
-10.24158 1.86700 
-10.24158 1.86800 
-10.24158 1.86900 
-10.24158 1.87000 
-10.24158 1.87100 
-10.24158 1.87200 
-10.24158 1.87300 
-10.24158 1.87400 
-10.24158 1.87500 
-10.24158 1.87600 
-10.24158 1.87700 
-10.24158 1.87800 
-10.24158 1.87900 
-10.24158 1.88000 
-10.24158 1.88100 
-10.24158 1.88200 
-10.24158 1.88300 
-10.24158 1.88400 
-10.24158 1.88500 
-10.24158 1.88600 
-10.24158 1.88700 
-10.24158 1.88800 
-10.24158 1.88900 
-10.24158 1.89000 
-10.24158 1.89100 
-10.24158 1.89200 
-10.24158 1.89300 
-10.24158 1.89400 
-10.24158 1.89500 
-10.24158 1.89600 
-10.24158 1.89700 
-10.24158 1.89800 
-10.24158 1.89900 
-10.24158 1.90000 
-10.24158 1.90100 
-10.24158 1.90200 
-10.24158 1.90300 
-10.24158 1.90400 
-10.24158 1.90500 
-10.24158 1.90600 
-10.24158 1.90700 
-10.24158 1.90800 
-10.24158 1.90900 
-10.24158 1.91000 
-10.24158 1.91100 
-10.24158 1.91200 
-10.24158 1.91300 
-10.24158 1.91400 
-10.24158 1.91500 
-10.24158 1.91600 
-10.24158 1.91700 
-10.24158 1.91800 
-10.24158 1.91900 
-10.24158 1.92000 
-10.24158 1.92100 
-10.24158 1.92200 
-10.24158 1.92300 
-10.24158 1.92400 
-10.24158 1.92500 
-10.24158 1.92600 
-10.24158 1.92700 
-10.24158 1.92800 
-10.24158 1.92900 
-10.24158 1.93000 
-10.24158 1.93100 
-10.24158 1.93200 
-10.24158 1.93300 
-10.24158 1.93400 
-10.24158 1.93500 
-10.24158 1.93600 
-10.24158 1.93700 
-10.24158 1.93800 
-10.24158 1.93900 
-10.24158 1.94000 
-10.24158 1.94100 
-10.24158 1.94200 
-10.24158 1.94300 
-10.24158 1.94400 
-10.24158 1.94500 
-10.24158 1.94600 
-10.24158 1.94700 
-10.24158 1.94800 
-10.24158 1.94900 
-10.24158 1.95000 
-10.24158 1.95100 
-10.24158 1.95200 
-10.24158 1.95300 
-10.24158 1.95400 
-10.24158 1.95500 
-10.24158 1.95600 
-10.24158 1.95700 
-10.24158 1.95800 
-10.24158 1.95900 
-10.24158 1.96000 
-10.24158 1.96100 
-10.24158 1.96200 
-10.24158 1.96300 
-10.24158 1.96400 
-10.24158 1.96500 
-10.24158 1.96600 
-10.24158 1.96700 
-10.24158 1.96800 
-10.24158 1.96900 
-10.24158 1.97000 
-10.24158 1.97100 
-10.24158 1.97200 
-10.24158 1.97300 
-10.24158 1.97400 
-10.24158 1.97500 
-10.24158 1.97600 
-10.24158 1.97700 
-10.24158 1.97800 
-10.24158 1.97900 
-10.24158 1.98000 
-10.24158 1.98100 
-10.24158 1.98200 
-10.24158 1.98300 
-10.24158 1.98400 
-10.24158 1.98500 
-10.24158 1.98600 
-10.24158 1.98700 
-10.24158 1.98800 
-10.24158 1.98900 
-10.24158 1.99000 
-10.24158 1.99100 
-10.24158 1.99200 
-10.24158 1.99300 
-10.24158 1.99400 
-10.24158 1.99500 
-10.24158 1.99600 
-10.24158 1.99700 
-10.24158 1.99800 
-10.24158 1.99900 
-10.24158 2.00000 
-10.24158 2.00100 
-10.24158 2.00200 
-10.24158 2.00300 
-10.24158 2.00400 
-10.24158 2.00500 
-10.24158 2.00600 
-10.24158 2.00700 
-10.24158 2.00800 
-10.24158 2.00900 
-10.24158 2.01000 
-10.24158 2.01100 
-10.24158 2.01200 
-10.24158 2.01300 
-10.24158 2.01400 
-10.24158 2.01500 
-10.24158 2.01600 
-10.24158 2.01700 
-10.24158 2.01800 
-10.24158 2.01900 
-10.24158 2.02000 
-10.24158 2.02100 
-10.24158 2.02200 
-10.24158 2.02300 
-10.24158 2.02400 
-10.24158 2.02500 
-10.24158 2.02600 
-10.24158 2.02700 
-10.24158 2.02800 
-10.24158 2.02900 
-10.24158 2.03000 
-10.24158 2.03100 
-10.24158 2.03200 
-10.24158 2.03300 
-10.24158 2.03400 
-10.24158 2.03500 
-10.24158 2.03600 
-10.24158 2.03700 
-10.24158 2.03800 
-10.24158 2.03900 
-10.24158 2.04000 
-10.24158 2.04100 
-10.24158 2.04200 
-10.24158 2.04300 
-10.24158 2.04400 
-10.24158 2.04500 
-10.24158 2.04600 
-10.24158 2.04700 
-10.24158 2.04800 
-10.24158 2.04900 
-10.24158 2.05000 
-10.24158 2.05100 
-10.24158 2.05200 
-10.24158 2.05300 
-10.24158 2.05400 
-10.24158 2.05500 
-10.24158 2.05600 
-10.24158 2.05700 
-10.24158 2.05800 
-10.24158 2.05900 
-10.24158 2.06000 
-10.24158 2.06100 
-10.24158 2.06200 
-10.24158 2.06300 
-10.24158 2.06400 
-10.24158 2.06500 
-10.24158 2.06600 
-10.24158 2.06700 
-10.24158 2.06800 
-10.24158 2.06900 
-10.24158 2.07000 
-10.24158 2.07100 
-10.24158 2.07200 
-10.24158 2.07300 
-10.24158 2.07400 
-10.24158 2.07500 
-10.24158 2.07600 
-10.24158 2.07700 
-10.24158 2.07800 
-10.24158 2.07900 
-10.24158 2.08000 
-10.24158 2.08100 
-10.24158 2.08200 
-10.24158 2.08300 
-10.24158 2.08400 
-10.24158 2.08500 
-10.24158 2.08600 
-10.24158 2.08700 
-10.24158 2.08800 
-10.24158 2.08900 
-10.24158 2.09000 
-10.24158 2.09100 
-10.24158 2.09200 
-10.24158 2.09300 
-10.24158 2.09400 
-10.24158 2.09500 
-10.24158 2.09600 
-10.24158 2.09700 
-10.24158 2.09800 
-10.24158 2.09900 
-10.24158 2.10000 
-10.24158 2.10100 
-10.24158 2.10200 
-10.24158 2.10300 
-10.24158 2.10400 
-10.24158 2.10500 
-10.24158 2.10600 
-10.24158 2.10700 
-10.24158 2.10800 
-10.24158 2.10900 
-10.24158 2.11000 
-10.24158 2.11100 
-10.24158 2.11200 
-10.24158 2.11300 
-10.24158 2.11400 
-10.24158 2.11500 
-10.24158 2.11600 
-10.24158 2.11700 
-10.24158 2.11800 
-10.24158 2.11900 
-10.24158 2.12000 
-10.24158 2.12100 
-10.24158 2.12200 
-10.24158 2.12300 
-10.24158 2.12400 
-10.24158 2.12500 
-10.24158 2.12600 
-10.24158 2.12700 
-10.24158 2.12800 
-10.24158 2.12900 
-10.24158 2.13000 
-10.24158 2.13100 
-10.24158 2.13200 
-10.24158 2.13300 
-10.24158 2.13400 
-10.24158 2.13500 
-10.24158 2.13600 
-10.24158 2.13700 
-10.24158 2.13800 
-10.24158 2.13900 
-10.24158 2.14000 
-10.24158 2.14100 
-10.24158 2.14200 
-10.24158 2.14300 
-10.24158 2.14400 
-10.24158 2.14500 
-10.24158 2.14600 
-10.24158 2.14700 
-10.24158 2.14800 
-10.24158 2.14900 
-10.24158 2.15000 
-10.24158 2.15100 
-10.24158 2.15200 
-10.24158 2.15300 
-10.24158 2.15400 
-10.24158 2.15500 
-10.24158 2.15600 
-10.24158 2.15700 
-10.24158 2.15800 
-10.24158 2.15900 
-10.24158 2.16000 
-10.24158 2.16100 
-10.24158 2.16200 
-10.24158 2.16300 
-10.24158 2.16400 
-10.24158 2.16500 
-10.24158 2.16600 
-10.24158 2.16700 
-10.24158 2.16800 
-10.24158 2.16900 
-10.24158 2.17000 
-10.24158 2.17100 
-10.24158 2.17200 
-10.24158 2.17300 
-10.24158 2.17400 
-10.24158 2.17500 
-10.24158 2.17600 
-10.24158 2.17700 
-10.24158 2.17800 
-10.24158 2.17900 
-10.24158 2.18000 
-10.24158 2.18100 
-10.24158 2.18200 
-10.24158 2.18300 
-10.24158 2.18400 
-10.24158 2.18500 
-10.24158 2.18600 
-10.24158 2.18700 
-10.24158 2.18800 
-10.24158 2.18900 
-10.24158 2.19000 
-10.24158 2.19100 
-10.24158 2.19200 
-10.24158 2.19300 
-10.24158 2.19400 
-10.24158 2.19500 
-10.24158 2.19600 
-10.24158 2.19700 
-10.24158 2.19800 
-10.24158 2.19900 
-10.24158 2.20000 
-10.24158 2.20100 
-10.24158 2.20200 
-10.24158 2.20300 
-10.24158 2.20400 
-10.24158 2.20500 
-10.24158 2.20600 
-10.24158 2.20700 
-10.24158 2.20800 
-10.24158 2.20900 
-10.24158 2.21000 
-10.24158 2.21100 
-10.24158 2.21200 
-10.24158 2.21300 
-10.24158 2.21400 
-10.24158 2.21500 
-10.24158 2.21600 
-10.24158 2.21700 
-10.24158 2.21800 
-10.24158 2.21900 
-10.24158 2.22000 
-10.24158 2.22100 
-10.24158 2.22200 
-10.24158 2.22300 
-10.24158 2.22400 
-10.24158 2.22500 
-10.24158 2.22600 
-10.24158 2.22700 
-10.24158 2.22800 
-10.24158 2.22900 
-10.24158 2.23000 
-10.24158 2.23100 
-10.24158 2.23200 
-10.24158 2.23300 
-10.24158 2.23400 
-10.24158 2.23500 
-10.24158 2.23600 
-10.24158 2.23700 
-10.24158 2.23800 
-10.24158 2.23900 
-10.24158 2.24000 
-10.24158 2.24100 
-10.24158 2.24200 
-10.24158 2.24300 
-10.24158 2.24400 
-10.24158 2.24500 
-10.24158 2.24600 
-10.24158 2.24700 
-10.24158 2.24800 
-10.24158 2.24900 
-10.24158 2.25000 
-10.24158 2.25100 
-10.24158 2.25200 
-10.24158 2.25300 
-10.24158 2.25400 
-10.24158 2.25500 
-10.24158 2.25600 
-10.24158 2.25700 
-10.24158 2.25800 
-10.24158 2.25900 
-10.24158 2.26000 
-10.24158 2.26100 
-10.24158 2.26200 
-10.24158 2.26300 
-10.24158 2.26400 
-10.24158 2.26500 
-10.24158 2.26600 
-10.24158 2.26700 
-10.24158 2.26800 
-10.24158 2.26900 
-10.24158 2.27000 
-10.24158 2.27100 
-10.24158 2.27200 
-10.24158 2.27300 
-10.24158 2.27400 
-10.24158 2.27500 
-10.24158 2.27600 
-10.24158 2.27700 
-10.24158 2.27800 
-10.24158 2.27900 
-10.24158 2.28000 
-10.24158 2.28100 
-10.24158 2.28200 
-10.24158 2.28300 
-10.24158 2.28400 
-10.24158 2.28500 
-10.24158 2.28600 
-10.24158 2.28700 
-10.24158 2.28800 
-10.24158 2.28900 
-10.24158 2.29000 
-10.24158 2.29100 
-10.24158 2.29200 
-10.24158 2.29300 
-10.24158 2.29400 
-10.24158 2.29500 
-10.24158 2.29600 
-10.24158 2.29700 
-10.24158 2.29800 
-10.24158 2.29900 
-10.24158 2.30000 
-10.24158 2.30100 
-10.24158 2.30200 
-10.24158 2.30300 
-10.24158 2.30400 
-10.24158 2.30500 
-10.24158 2.30600 
-10.24158 2.30700 
-10.24158 2.30800 
-10.24158 2.30900 
-10.24158 2.31000 
-10.24158 2.31100 
-10.24158 2.31200 
-10.24158 2.31300 
-10.24158 2.31400 
-10.24158 2.31500 
-10.24158 2.31600 
-10.24158 2.31700 
-10.24158 2.31800 
-10.24158 2.31900 
-10.24158 2.32000 
-10.24158 2.32100 
-10.24158 2.32200 
-10.24158 2.32300 
-10.24158 2.32400 
-10.24158 2.32500 
-10.24158 2.32600 
-10.24158 2.32700 
-10.24158 2.32800 
-10.24158 2.32900 
-10.24158 2.33000 
-10.24158 2.33100 
-10.24158 2.33200 
-10.24158 2.33300 
-10.24158 2.33400 
-10.24158 2.33500 
-10.24158 2.33600 
-10.24158 2.33700 
-10.24158 2.33800 
-10.24158 2.33900 
-10.24158 2.34000 
-10.24158 2.34100 
-10.24158 2.34200 
-10.24158 2.34300 
-10.24158 2.34400 
-10.24158 2.34500 
-10.24158 2.34600 
-10.24158 2.34700 
-10.24158 2.34800 
-10.24158 2.34900 
-10.24158 2.35000 
-10.24158 2.35100 
-10.24158 2.35200 
-10.24158 2.35300 
-10.24158 2.35400 
-10.24158 2.35500 
-10.24158 2.35600 
-10.24158 2.35700 
-10.24158 2.35800 
-10.24158 2.35900 
-10.24158 2.36000 
-10.24158 2.36100 
-10.24158 2.36200 
-10.24158 2.36300 
-10.24158 2.36400 
-10.24158 2.36500 
-10.24158 2.36600 
-10.24158 2.36700 
-10.24158 2.36800 
-10.24158 2.36900 
-10.24158 2.37000 
-10.24158 2.37100 
-10.24158 2.37200 
-10.24158 2.37300 
-10.24158 2.37400 
-10.24158 2.37500 
-10.24158 2.37600 
-10.24158 2.37700 
-10.24158 2.37800 
-10.24158 2.37900 
-10.24158 2.38000 
-10.24158 2.38100 
-10.24158 2.38200 
-10.24158 2.38300 
-10.24158 2.38400 
-10.24158 2.38500 
-10.24158 2.38600 
-10.24158 2.38700 
-10.24158 2.38800 
-10.24158 2.38900 
-10.24158 2.39000 
-10.24158 2.39100 
-10.24158 2.39200 
-10.24158 2.39300 
-10.24158 2.39400 
-10.24158 2.39500 
-10.24158 2.39600 
-10.24158 2.39700 
-10.24158 2.39800 
-10.24158 2.39900 
-10.24158 2.40000 
-10.24158 2.40100 
-10.24158 2.40200 
-10.24158 2.40300 
-10.24158 2.40400 
-10.24158 2.40500 
-10.24158 2.40600 
-10.24158 2.40700 
-10.24158 2.40800 
-10.24158 2.40900 
-10.24158 2.41000 
-10.24158 2.41100 
-10.24158 2.41200 
-10.24158 2.41300 
-10.24158 2.41400 
-10.24158 2.41500 
-10.24158 2.41600 
-10.24158 2.41700 
-10.24158 2.41800 
-10.24158 2.41900 
-10.24158 2.42000 
-10.24158 2.42100 
-10.24158 2.42200 
-10.24158 2.42300 
-10.24158 2.42400 
-10.24158 2.42500 
-10.24158 2.42600 
-10.24158 2.42700 
-10.24158 2.42800 
-10.24158 2.42900 
-10.24158 2.43000 
-10.24158 2.43100 
-10.24158 2.43200 
-10.24158 2.43300 
-10.24158 2.43400 
-10.24158 2.43500 
-10.24158 2.43600 
-10.24158 2.43700 
-10.24158 2.43800 
-10.24158 2.43900 
-10.24158 2.44000 
-10.24158 2.44100 
-10.24158 2.44200 
-10.24158 2.44300 
-10.24158 2.44400 
-10.24158 2.44500 
-10.24158 2.44600 
-10.24158 2.44700 
-10.24158 2.44800 
-10.24158 2.44900 
-10.24158 2.45000 
-10.24158 2.45100 
-10.24158 2.45200 
-10.24158 2.45300 
-10.24158 2.45400 
-10.24158 2.45500 
-10.24158 2.45600 
-10.24158 2.45700 
-10.24158 2.45800 
-10.24158 2.45900 
-10.24158 2.46000 
-10.24158 2.46100 
-10.24158 2.46200 
-10.24158 2.46300 
-10.24158 2.46400 
-10.24158 2.46500 
-10.24158 2.46600 
-10.24158 2.46700 
-10.24158 2.46800 
-10.24158 2.46900 
-10.24158 2.47000 
-10.24158 2.47100 
-10.24158 2.47200 
-10.24158 2.47300 
-10.24158 2.47400 
-10.24158 2.47500 
-10.24158 2.47600 
-10.24158 2.47700 
-10.24158 2.47800 
-10.24158 2.47900 
-10.24158 2.48000 
-10.24158 2.48100 
-10.24158 2.48200 
-10.24158 2.48300 
-10.24158 2.48400 
-10.24158 2.48500 
-10.24158 2.48600 
-10.24158 2.48700 
-10.24158 2.48800 
-10.24158 2.48900 
-10.24158 2.49000 
-10.24158 2.49100 
-10.24158 2.49200 
-10.24158 2.49300 
-10.24158 2.49400 
-10.24158 2.49500 
-10.24158 2.49600 
-10.24158 2.49700 
-10.24158 2.49800 
-10.24158 2.49900 
-10.24158 2.50000 
-10.24158 2.50100 
-10.24158 2.50200 
-10.24158 2.50300 
-10.24158 2.50400 
-10.24158 2.50500 
-10.24158 2.50600 
-10.24158 2.50700 
-10.24158 2.50800 
-10.24158 2.50900 
-10.24158 2.51000 
-10.24158 2.51100 
-10.24158 2.51200 
-10.24158 2.51300 
-10.24158 2.51400 
-10.24158 2.51500 
-10.24158 2.51600 
-10.24158 2.51700 
-10.24158 2.51800 
-10.24158 2.51900 
-10.24158 2.52000 
-10.24158 2.52100 
-10.24158 2.52200 
-10.24158 2.52300 
-10.24158 2.52400 
-10.24158 2.52500 
-10.24158 2.52600 
-10.24158 2.52700 
-10.24158 2.52800 
-10.24158 2.52900 
-10.24158 2.53000 
-10.24158 2.53100 
-10.24158 2.53200 
-10.24158 2.53300 
-10.24158 2.53400 
-10.24158 2.53500 
-10.24158 2.53600 
-10.24158 2.53700 
-10.24158 2.53800 
-10.24158 2.53900 
-10.24158 2.54000 
-10.24158 2.54100 
-10.24158 2.54200 
-10.24158 2.54300 
-10.24158 2.54400 
-10.24158 2.54500 
-10.24158 2.54600 
-10.24158 2.54700 
-10.24158 2.54800 
-10.24158 2.54900 
-10.24158 2.55000 
-10.24158 2.55100 
-10.24158 2.55200 
-10.24158 2.55300 
-10.24158 2.55400 
-10.24158 2.55500 
-10.24158 2.55600 
-10.24158 2.55700 
-10.24158 2.55800 
-10.24158 2.55900 
-10.24158 2.56000 
-10.24158 2.56100 
-10.24158 2.56200 
-10.24158 2.56300 
-10.24158 2.56400 
-10.24158 2.56500 
-10.24158 2.56600 
-10.24158 2.56700 
-10.24158 2.56800 
-10.24158 2.56900 
-10.24158 2.57000 
-10.24158 2.57100 
-10.24158 2.57200 
-10.24158 2.57300 
-10.24158 2.57400 
-10.24158 2.57500 
-10.24158 2.57600 
-10.24158 2.57700 
-10.24158 2.57800 
-10.24158 2.57900 
-10.24158 2.58000 
-10.24158 2.58100 
-10.24158 2.58200 
-10.24158 2.58300 
-10.24158 2.58400 
-10.24158 2.58500 
-10.24158 2.58600 
-10.24158 2.58700 
-10.24158 2.58800 
-10.24158 2.58900 
-10.24158 2.59000 
-10.24158 2.59100 
-10.24158 2.59200 
-10.24158 2.59300 
-10.24158 2.59400 
-10.24158 2.59500 
-10.24158 2.59600 
-10.24158 2.59700 
-10.24158 2.59800 
-10.24158 2.59900 
-10.24158 2.60000 
-10.24158 2.60100 
-10.24158 2.60200 
-10.24158 2.60300 
-10.24158 2.60400 
-10.24158 2.60500 
-10.24158 2.60600 
-10.24158 2.60700 
-10.24158 2.60800 
-10.24158 2.60900 
-10.24158 2.61000 
-10.24158 2.61100 
-10.24158 2.61200 
-10.24158 2.61300 
-10.24158 2.61400 
-10.24158 2.61500 
-10.24158 2.61600 
-10.24158 2.61700 
-10.24158 2.61800 
-10.24158 2.61900 
-10.24158 2.62000 
-10.24158 2.62100 
-10.24158 2.62200 
-10.24158 2.62300 
-10.24158 2.62400 
-10.24158 2.62500 
-10.24158 2.62600 
-10.24158 2.62700 
-10.24158 2.62800 
-10.24158 2.62900 
-10.24158 2.63000 
-10.24158 2.63100 
-10.24158 2.63200 
-10.24158 2.63300 
-10.24158 2.63400 
-10.24158 2.63500 
-10.24158 2.63600 
-10.24158 2.63700 
-10.24158 2.63800 
-10.24158 2.63900 
-10.24158 2.64000 
-10.24158 2.64100 
-10.24158 2.64200 
-10.24158 2.64300 
-10.24158 2.64400 
-10.24158 2.64500 
-10.24158 2.64600 
-10.24158 2.64700 
-10.24158 2.64800 
-10.24158 2.64900 
-10.24158 2.65000 
-10.24158 2.65100 
-10.24158 2.65200 
-10.24158 2.65300 
-10.24158 2.65400 
-10.24158 2.65500 
-10.24158 2.65600 
-10.24158 2.65700 
-10.24158 2.65800 
-10.24158 2.65900 
-10.24158 2.66000 
-10.24158 2.66100 
-10.24158 2.66200 
-10.24158 2.66300 
-10.24158 2.66400 
-10.24158 2.66500 
-10.24158 2.66600 
-10.24158 2.66700 
-10.24158 2.66800 
-10.24158 2.66900 
-10.24158 2.67000 
-10.24158 2.67100 
-10.24158 2.67200 
-10.24158 2.67300 
-10.24158 2.67400 
-10.24158 2.67500 
-10.24158 2.67600 
-10.24158 2.67700 
-10.24158 2.67800 
-10.24158 2.67900 
-10.24158 2.68000 
-10.24158 2.68100 
-10.24158 2.68200 
-10.24158 2.68300 
-10.24158 2.68400 
-10.24158 2.68500 
-10.24158 2.68600 
-10.24158 2.68700 
-10.24158 2.68800 
-10.24158 2.68900 
-10.24158 2.69000 
-10.24158 2.69100 
-10.24158 2.69200 
-10.24158 2.69300 
-10.24158 2.69400 
-10.24158 2.69500 
-10.24158 2.69600 
-10.24158 2.69700 
-10.24158 2.69800 
-10.24158 2.69900 
-10.24158 2.70000 
-10.24158 2.70100 
-10.24158 2.70200 
-10.24158 2.70300 
-10.24158 2.70400 
-10.24158 2.70500 
-10.24158 2.70600 
-10.24158 2.70700 
-10.24158 2.70800 
-10.24158 2.70900 
-10.24158 2.71000 
-10.24158 2.71100 
-10.24158 2.71200 
-10.24158 2.71300 
-10.24158 2.71400 
-10.24158 2.71500 
-10.24158 2.71600 
-10.24158 2.71700 
-10.24158 2.71800 
-10.24158 2.71900 
-10.24158 2.72000 
-10.24158 2.72100 
-10.24158 2.72200 
-10.24158 2.72300 
-10.24158 2.72400 
-10.24158 2.72500 
-10.24158 2.72600 
-10.24158 2.72700 
-10.24158 2.72800 
-10.24158 2.72900 
-10.24158 2.73000 
-10.24158 2.73100 
-10.24158 2.73200 
-10.24158 2.73300 
-10.24158 2.73400 
-10.24158 2.73500 
-10.24158 2.73600 
-10.24158 2.73700 
-10.24158 2.73800 
-10.24158 2.73900 
-10.24158 2.74000 
-10.24158 2.74100 
-10.24158 2.74200 
-10.24158 2.74300 
-10.24158 2.74400 
-10.24158 2.74500 
-10.24158 2.74600 
-10.24158 2.74700 
-10.24158 2.74800 
-10.24158 2.74900 
-10.24158 2.75000 
-10.24158 2.75100 
-10.24158 2.75200 
-10.24158 2.75300 
-10.24158 2.75400 
-10.24158 2.75500 
-10.24158 2.75600 
-10.24158 2.75700 
-10.24158 2.75800 
-10.24158 2.75900 
-10.24158 2.76000 
-10.24158 2.76100 
-10.24158 2.76200 
-10.24158 2.76300 
-10.24158 2.76400 
-10.24158 2.76500 
-10.24158 2.76600 
-10.24158 2.76700 
-10.24158 2.76800 
-10.24158 2.76900 
-10.24158 2.77000 
-10.24158 2.77100 
-10.24158 2.77200 
-10.24158 2.77300 
-10.24158 2.77400 
-10.24158 2.77500 
-10.24158 2.77600 
-10.24158 2.77700 
-10.24158 2.77800 
-10.24158 2.77900 
-10.24158 2.78000 
-10.24158 2.78100 
-10.24158 2.78200 
-10.24158 2.78300 
-10.24158 2.78400 
-10.24158 2.78500 
-10.24158 2.78600 
-10.24158 2.78700 
-10.24158 2.78800 
-10.24158 2.78900 
-10.24158 2.79000 
-10.24158 2.79100 
-10.24158 2.79200 
-10.24158 2.79300 
-10.24158 2.79400 
-10.24158 2.79500 
-10.24158 2.79600 
-10.24158 2.79700 
-10.24158 2.79800 
-10.24158 2.79900 
-10.24158 2.80000 
-10.24158 2.80100 
-10.24158 2.80200 
-10.24158 2.80300 
-10.24158 2.80400 
-10.24158 2.80500 
-10.24158 2.80600 
-10.24158 2.80700 
-10.24158 2.80800 
-10.24158 2.80900 
-10.24158 2.81000 
-10.24158 2.81100 
-10.24158 2.81200 
-10.24158 2.81300 
-10.24158 2.81400 
-10.24158 2.81500 
-10.24158 2.81600 
-10.24158 2.81700 
-10.24158 2.81800 
-10.24158 2.81900 
-10.24158 2.82000 
-10.24158 2.82100 
-10.24158 2.82200 
-10.24158 2.82300 
-10.24158 2.82400 
-10.24158 2.82500 
-10.24158 2.82600 
-10.24158 2.82700 
-10.24158 2.82800 
-10.24158 2.82900 
-10.24158 2.83000 
-10.24158 2.83100 
-10.24158 2.83200 
-10.24158 2.83300 
-10.24158 2.83400 
-10.24158 2.83500 
-10.24158 2.83600 
-10.24158 2.83700 
-10.24158 2.83800 
-10.24158 2.83900 
-10.24158 2.84000 
-10.24158 2.84100 
-10.24158 2.84200 
-10.24158 2.84300 
-10.24158 2.84400 
-10.24158 2.84500 
-10.24158 2.84600 
-10.24158 2.84700 
-10.24158 2.84800 
-10.24158 2.84900 
-10.24158 2.85000 
-10.24158 2.85100 
-10.24158 2.85200 
-10.24158 2.85300 
-10.24158 2.85400 
-10.24158 2.85500 
-10.24158 2.85600 
-10.24158 2.85700 
-10.24158 2.85800 
-10.24158 2.85900 
-10.24158 2.86000 
-10.24158 2.86100 
-10.24158 2.86200 
-10.24158 2.86300 
-10.24158 2.86400 
-10.24158 2.86500 
-10.24158 2.86600 
-10.24158 2.86700 
-10.24158 2.86800 
-10.24158 2.86900 
-10.24158 2.87000 
-10.24158 2.87100 
-10.24158 2.87200 
-10.24158 2.87300 
-10.24158 2.87400 
-10.24158 2.87500 
-10.24158 2.87600 
-10.24158 2.87700 
-10.24158 2.87800 
-10.24158 2.87900 
-10.24158 2.88000 
-10.24158 2.88100 
-10.24158 2.88200 
-10.24158 2.88300 
-10.24158 2.88400 
-10.24158 2.88500 
-10.24158 2.88600 
-10.24158 2.88700 
-10.24158 2.88800 
-10.24158 2.88900 
-10.24158 2.89000 
-10.24158 2.89100 
-10.24158 2.89200 
-10.24158 2.89300 
-10.24158 2.89400 
-10.24158 2.89500 
-10.24158 2.89600 
-10.24158 2.89700 
-10.24158 2.89800 
-10.24158 2.89900 
-10.24158 2.90000 
-10.24158 2.90100 
-10.24158 2.90200 
-10.24158 2.90300 
-10.24158 2.90400 
-10.24158 2.90500 
-10.24158 2.90600 
-10.24158 2.90700 
-10.24158 2.90800 
-10.24158 2.90900 
-10.24158 2.91000 
-10.24158 2.91100 
-10.24158 2.91200 
-10.24158 2.91300 
-10.24158 2.91400 
-10.24158 2.91500 
-10.24158 2.91600 
-10.24158 2.91700 
-10.24158 2.91800 
-10.24158 2.91900 
-10.24158 2.92000 
-10.24158 2.92100 
-10.24158 2.92200 
-10.24158 2.92300 
-10.24158 2.92400 
-10.24158 2.92500 
-10.24158 2.92600 
-10.24158 2.92700 
-10.24158 2.92800 
-10.24158 2.92900 
-10.24158 2.93000 
-10.24158 2.93100 
-10.24158 2.93200 
-10.24158 2.93300 
-10.24158 2.93400 
-10.24158 2.93500 
-10.24158 2.93600 
-10.24158 2.93700 
-10.24158 2.93800 
-10.24158 2.93900 
-10.24158 2.94000 
-10.24158 2.94100 
-10.24158 2.94200 
-10.24158 2.94300 
-10.24158 2.94400 
-10.24158 2.94500 
-10.24158 2.94600 
-10.24158 2.94700 
-10.24158 2.94800 
-10.24158 2.94900 
-10.24158 2.95000 
-10.24158 2.95100 
-10.24158 2.95200 
-10.24158 2.95300 
-10.24158 2.95400 
-10.24158 2.95500 
-10.24158 2.95600 
-10.24158 2.95700 
-10.24158 2.95800 
-10.24158 2.95900 
-10.24158 2.96000 
-10.24158 2.96100 
-10.24158 2.96200 
-10.24158 2.96300 
-10.24158 2.96400 
-10.24158 2.96500 
-10.24158 2.96600 
-10.24158 2.96700 
-10.24158 2.96800 
-10.24158 2.96900 
-10.24158 2.97000 
-10.24158 2.97100 
-10.24158 2.97200 
-10.24158 2.97300 
-10.24158 2.97400 
-10.24158 2.97500 
-10.24158 2.97600 
-10.24158 2.97700 
-10.24158 2.97800 
-10.24158 2.97900 
-10.24158 2.98000 
-10.24158 2.98100 
-10.24158 2.98200 
-10.24158 2.98300 
-10.24158 2.98400 
-10.24158 2.98500 
-10.24158 2.98600 
-10.24158 2.98700 
-10.24158 2.98800 
-10.24158 2.98900 
-10.24158 2.99000 
-10.24158 2.99100 
-10.24158 2.99200 
-10.24158 2.99300 
-10.24158 2.99400 
-10.24158 2.99500 
-10.24158 2.99600 
-10.24158 2.99700 
-10.24158 2.99800 
-10.24158 2.99900 
-10.24158 3.00000 
-10.24158 3.00100 
-10.24158 3.00200 
-10.24158 3.00300 
-10.24158 3.00400 
-10.24158 3.00500 
-10.24158 3.00600 
-10.24158 3.00700 
-10.24158 3.00800 
-10.24158 3.00900 
-10.24158 3.01000 
-10.24158 3.01100 
-10.24158 3.01200 
-10.24158 3.01300 
-10.24158 3.01400 
-10.24158 3.01500 
-10.24158 3.01600 
-10.24158 3.01700 
-10.24158 3.01800 
-10.24158 3.01900 
-10.24158 3.02000 
-10.24158 3.02100 
-10.24158 3.02200 
-10.24158 3.02300 
-10.24158 3.02400 
-10.24158 3.02500 
-10.24158 3.02600 
-10.24158 3.02700 
-10.24158 3.02800 
-10.24158 3.02900 
-10.24158 3.03000 
-10.24158 3.03100 
-10.24158 3.03200 
-10.24158 3.03300 
-10.24158 3.03400 
-10.24158 3.03500 
-10.24158 3.03600 
-10.24158 3.03700 
-10.24158 3.03800 
-10.24158 3.03900 
-10.24158 3.04000 
-10.24158 3.04100 
-10.24158 3.04200 
-10.24158 3.04300 
-10.24158 3.04400 
-10.24158 3.04500 
-10.24158 3.04600 
-10.24158 3.04700 
-10.24158 3.04800 
-10.24158 3.04900 
-10.24158 3.05000 
-10.24158 3.05100 
-10.24158 3.05200 
-10.24158 3.05300 
-10.24158 3.05400 
-10.24158 3.05500 
-10.24158 3.05600 
-10.24158 3.05700 
-10.24158 3.05800 
-10.24158 3.05900 
-10.24158 3.06000 
-10.24158 3.06100 
-10.24158 3.06200 
-10.24158 3.06300 
-10.24158 3.06400 
-10.24158 3.06500 
-10.24158 3.06600 
-10.24158 3.06700 
-10.24158 3.06800 
-10.24158 3.06900 
-10.24158 3.07000 
-10.24158 3.07100 
-10.24158 3.07200 
-10.24158 3.07300 
-10.24158 3.07400 
-10.24158 3.07500 
-10.24158 3.07600 
-10.24158 3.07700 
-10.24158 3.07800 
-10.24158 3.07900 
-10.24158 3.08000 
-10.24158 3.08100 
-10.24158 3.08200 
-10.24158 3.08300 
-10.24158 3.08400 
-10.24158 3.08500 
-10.24158 3.08600 
-10.24158 3.08700 
-10.24158 3.08800 
-10.24158 3.08900 
-10.24158 3.09000 
-10.24158 3.09100 
-10.24158 3.09200 
-10.24158 3.09300 
-10.24158 3.09400 
-10.24158 3.09500 
-10.24158 3.09600 
-10.24158 3.09700 
-10.24158 3.09800 
-10.24158 3.09900 
-10.24158 3.10000 
-10.24158 3.10100 
-10.24158 3.10200 
-10.24158 3.10300 
-10.24158 3.10400 
-10.24158 3.10500 
-10.24158 3.10600 
-10.24158 3.10700 
-10.24158 3.10800 
-10.24158 3.10900 
-10.24158 3.11000 
-10.24158 3.11100 
-10.24158 3.11200 
-10.24158 3.11300 
-10.24158 3.11400 
-10.24158 3.11500 
-10.24158 3.11600 
-10.24158 3.11700 
-10.24158 3.11800 
-10.24158 3.11900 
-10.24158 3.12000 
-10.24158 3.12100 
-10.24158 3.12200 
-10.24158 3.12300 
-10.24158 3.12400 
-10.24158 3.12500 
-10.24158 3.12600 
-10.24158 3.12700 
-10.24158 3.12800 
-10.24158 3.12900 
-10.24158 3.13000 
-10.24158 3.13100 
-10.24158 3.13200 
-10.24158 3.13300 
-10.24158 3.13400 
-10.24158 3.13500 
-10.24158 3.13600 
-10.24158 3.13700 
-10.24158 3.13800 
-10.24158 3.13900 
-10.24158 3.14000 
-10.24158 3.14100 
-10.24158 3.14200 
-10.24158 3.14300 
-10.24158 3.14400 
-10.24158 3.14500 
-10.24158 3.14600 
-10.24158 3.14700 
-10.24158 3.14800 
-10.24158 3.14900 
-10.24158 3.15000 
-10.24158 3.15100 
-10.24158 3.15200 
-10.24158 3.15300 
-10.24158 3.15400 
-10.24158 3.15500 
-10.24158 3.15600 
-10.24158 3.15700 
-10.24158 3.15800 
-10.24158 3.15900 
-10.24158 3.16000 
-10.24158 3.16100 
-10.24158 3.16200 
-10.24158 3.16300 
-10.24158 3.16400 
-10.24158 3.16500 
-10.24158 3.16600 
-10.24158 3.16700 
-10.24158 3.16800 
-10.24158 3.16900 
-10.24158 3.17000 
-10.24158 3.17100 
-10.24158 3.17200 
-10.24158 3.17300 
-10.24158 3.17400 
-10.24158 3.17500 
-10.24158 3.17600 
-10.24158 3.17700 
-10.24158 3.17800 
-10.24158 3.17900 
-10.24158 3.18000 
-10.24158 3.18100 
-10.24158 3.18200 
-10.24158 3.18300 
-10.24158 3.18400 
-10.24158 3.18500 
-10.24158 3.18600 
-10.24158 3.18700 
-10.24158 3.18800 
-10.24158 3.18900 
-10.24158 3.19000 
-10.24158 3.19100 
-10.24158 3.19200 
-10.24158 3.19300 
-10.24158 3.19400 
-10.24158 3.19500 
-10.24158 3.19600 
-10.24158 3.19700 
-10.24158 3.19800 
-10.24158 3.19900 
-10.24158 3.20000 
-10.24158 3.20100 
-10.24158 3.20200 
-10.24158 3.20300 
-10.24158 3.20400 
-10.24158 3.20500 
-10.24158 3.20600 
-10.24158 3.20700 
-10.24158 3.20800 
-10.24158 3.20900 
-10.24158 3.21000 
-10.24158 3.21100 
-10.24158 3.21200 
-10.24158 3.21300 
-10.24158 3.21400 
-10.24158 3.21500 
-10.24158 3.21600 
-10.24158 3.21700 
-10.24158 3.21800 
-10.24158 3.21900 
-10.24158 3.22000 
-10.24158 3.22100 
-10.24158 3.22200 
-10.24158 3.22300 
-10.24158 3.22400 
-10.24158 3.22500 
-10.24158 3.22600 
-10.24158 3.22700 
-10.24158 3.22800 
-10.24158 3.22900 
-10.24158 3.23000 
-10.24158 3.23100 
-10.24158 3.23200 
-10.24158 3.23300 
-10.24158 3.23400 
-10.24158 3.23500 
-10.24158 3.23600 
-10.24158 3.23700 
-10.24158 3.23800 
-10.24158 3.23900 
-10.24158 3.24000 
-10.24158 3.24100 
-10.24158 3.24200 
-10.24158 3.24300 
-10.24158 3.24400 
-10.24158 3.24500 
-10.24158 3.24600 
-10.24158 3.24700 
-10.24158 3.24800 
-10.24158 3.24900 
-10.24158 3.25000 
-10.24158 3.25100 
-10.24158 3.25200 
-10.24158 3.25300 
-10.24158 3.25400 
-10.24158 3.25500 
-10.24158 3.25600 
-10.24158 3.25700 
-10.24158 3.25800 
-10.24158 3.25900 
-10.24158 3.26000 
-10.24158 3.26100 
-10.24158 3.26200 
-10.24158 3.26300 
-10.24158 3.26400 
-10.24158 3.26500 
-10.24158 3.26600 
-10.24158 3.26700 
-10.24158 3.26800 
-10.24158 3.26900 
-10.24158 3.27000 
-10.24158 3.27100 
-10.24158 3.27200 
-10.24158 3.27300 
-10.24158 3.27400 
-10.24158 3.27500 
-10.24158 3.27600 
-10.24158 3.27700 
-10.24158 3.27800 
-10.24158 3.27900 
-10.24158 3.28000 
-10.24158 3.28100 
-10.24158 3.28200 
-10.24158 3.28300 
-10.24158 3.28400 
-10.24158 3.28500 
-10.24158 3.28600 
-10.24158 3.28700 
-10.24158 3.28800 
-10.24158 3.28900 
-10.24158 3.29000 
-10.24158 3.29100 
-10.24158 3.29200 
-10.24158 3.29300 
-10.24158 3.29400 
-10.24158 3.29500 
-10.24158 3.29600 
-10.24158 3.29700 
-10.24158 3.29800 
-10.24158 3.29900 
-10.24158 3.30000 
-10.24158 3.30100 
-10.24158 3.30200 
-10.24158 3.30300 
-10.24158 3.30400 
-10.24158 3.30500 
-10.24158 3.30600 
-10.24158 3.30700 
-10.24158 3.30800 
-10.24158 3.30900 
-10.24158 3.31000 
-10.24158 3.31100 
-10.24158 3.31200 
-10.24158 3.31300 
-10.24158 3.31400 
-10.24158 3.31500 
-10.24158 3.31600 
-10.24158 3.31700 
-10.24158 3.31800 
-10.24158 3.31900 
-10.24158 3.32000 
-10.24158 3.32100 
-10.24158 3.32200 
-10.24158 3.32300 
-10.24158 3.32400 
-10.24158 3.32500 
-10.24158 3.32600 
-10.24158 3.32700 
-10.24158 3.32800 
-10.24158 3.32900 
-10.24158 3.33000 
-10.24158 3.33100 
-10.24158 3.33200 
-10.24158 3.33300 
-10.24158 3.33400 
-10.24158 3.33500 
-10.24158 3.33600 
-10.24158 3.33700 
-10.24158 3.33800 
-10.24158 3.33900 
-10.24158 3.34000 
-10.24158 3.34100 
-10.24158 3.34200 
-10.24158 3.34300 
-10.24158 3.34400 
-10.24158 3.34500 
-10.24158 3.34600 
-10.24158 3.34700 
-10.24158 3.34800 
-10.24158 3.34900 
-10.24158 3.35000 
-10.24158 3.35100 
-10.24158 3.35200 
-10.24158 3.35300 
-10.24158 3.35400 
-10.24158 3.35500 
-10.24158 3.35600 
-10.24158 3.35700 
-10.24158 3.35800 
-10.24158 3.35900 
-10.24158 3.36000 
-10.24158 3.36100 
-10.24158 3.36200 
-10.24158 3.36300 
-10.24158 3.36400 
-10.24158 3.36500 
-10.24158 3.36600 
-10.24158 3.36700 
-10.24158 3.36800 
-10.24158 3.36900 
-10.24158 3.37000 
-10.24158 3.37100 
-10.24158 3.37200 
-10.24158 3.37300 
-10.24158 3.37400 
-10.24158 3.37500 
-10.24158 3.37600 
-10.24158 3.37700 
-10.24158 3.37800 
-10.24158 3.37900 
-10.24158 3.38000 
-10.24158 3.38100 
-10.24158 3.38200 
-10.24158 3.38300 
-10.24158 3.38400 
-10.24158 3.38500 
-10.24158 3.38600 
-10.24158 3.38700 
-10.24158 3.38800 
-10.24158 3.38900 
-10.24158 3.39000 
-10.24158 3.39100 
-10.24158 3.39200 
-10.24158 3.39300 
-10.24158 3.39400 
-10.24158 3.39500 
-10.24158 3.39600 
-10.24158 3.39700 
-10.24158 3.39800 
-10.24158 3.39900 
-10.24158 3.40000 
-10.24158 3.40100 
-10.24158 3.40200 
-10.24158 3.40300 
-10.24158 3.40400 
-10.24158 3.40500 
-10.24158 3.40600 
-10.24158 3.40700 
-10.24158 3.40800 
-10.24158 3.40900 
-10.24158 3.41000 
-10.24158 3.41100 
-10.24158 3.41200 
-10.24158 3.41300 
-10.24158 3.41400 
-10.24158 3.41500 
-10.24158 3.41600 
-10.24158 3.41700 
-10.24158 3.41800 
-10.24158 3.41900 
-10.24158 3.42000 
-10.24158 3.42100 
-10.24158 3.42200 
-10.24158 3.42300 
-10.24158 3.42400 
-10.24158 3.42500 
-10.24158 3.42600 
-10.24158 3.42700 
-10.24158 3.42800 
-10.24158 3.42900 
-10.24158 3.43000 
-10.24158 3.43100 
-10.24158 3.43200 
-10.24158 3.43300 
-10.24158 3.43400 
-10.24158 3.43500 
-10.24158 3.43600 
-10.24158 3.43700 
-10.24158 3.43800 
-10.24158 3.43900 
-10.24158 3.44000 
-10.24158 3.44100 
-10.24158 3.44200 
-10.24158 3.44300 
-10.24158 3.44400 
-10.24158 3.44500 
-10.24158 3.44600 
-10.24158 3.44700 
-10.24158 3.44800 
-10.24158 3.44900 
-10.24158 3.45000 
-10.24158 3.45100 
-10.24158 3.45200 
-10.24158 3.45300 
-10.24158 3.45400 
-10.24158 3.45500 
-10.24158 3.45600 
-10.24158 3.45700 
-10.24158 3.45800 
-10.24158 3.45900 
-10.24158 3.46000 
-10.24158 3.46100 
-10.24158 3.46200 
-10.24158 3.46300 
-10.24158 3.46400 
-10.24158 3.46500 
-10.24158 3.46600 
-10.24158 3.46700 
-10.24158 3.46800 
-10.24158 3.46900 
-10.24158 3.47000 
-10.24158 3.47100 
-10.24158 3.47200 
-10.24158 3.47300 
-10.24158 3.47400 
-10.24158 3.47500 
-10.24158 3.47600 
-10.24158 3.47700 
-10.24158 3.47800 
-10.24158 3.47900 
-10.24158 3.48000 
-10.24158 3.48100 
-10.24158 3.48200 
-10.24158 3.48300 
-10.24158 3.48400 
-10.24158 3.48500 
-10.24158 3.48600 
-10.24158 3.48700 
-10.24158 3.48800 
-10.24158 3.48900 
-10.24158 3.49000 
-10.24158 3.49100 
-10.24158 3.49200 
-10.24158 3.49300 
-10.24158 3.49400 
-10.24158 3.49500 
-10.24158 3.49600 
-10.24158 3.49700 
-10.24158 3.49800 
-10.24158 3.49900 
-10.24158 3.50000 
-10.24158 3.50100 
-10.24158 3.50200 
-10.24158 3.50300 
-10.24158 3.50400 
-10.24158 3.50500 
-10.24158 3.50600 
-10.24158 3.50700 
-10.24158 3.50800 
-10.24158 3.50900 
-10.24158 3.51000 
-10.24158 3.51100 
-10.24158 3.51200 
-10.24158 3.51300 
-10.24158 3.51400 
-10.24158 3.51500 
-10.24158 3.51600 
-10.24158 3.51700 
-10.24158 3.51800 
-10.24158 3.51900 
-10.24158 3.52000 
-10.24158 3.52100 
-10.24158 3.52200 
-10.24158 3.52300 
-10.24158 3.52400 
-10.24158 3.52500 
-10.24158 3.52600 
-10.24158 3.52700 
-10.24158 3.52800 
-10.24158 3.52900 
-10.24158 3.53000 
-10.24158 3.53100 
-10.24158 3.53200 
-10.24158 3.53300 
-10.24158 3.53400 
-10.24158 3.53500 
-10.24158 3.53600 
-10.24158 3.53700 
-10.24158 3.53800 
-10.24158 3.53900 
-10.24158 3.54000 
-10.24158 3.54100 
-10.24158 3.54200 
-10.24158 3.54300 
-10.24158 3.54400 
-10.24158 3.54500 
-10.24158 3.54600 
-10.24158 3.54700 
-10.24158 3.54800 
-10.24158 3.54900 
-10.24158 3.55000 
-10.24158 3.55100 
-10.24158 3.55200 
-10.24158 3.55300 
-10.24158 3.55400 
-10.24158 3.55500 
-10.24158 3.55600 
-10.24158 3.55700 
-10.24158 3.55800 
-10.24158 3.55900 
-10.24158 3.56000 
-10.24158 3.56100 
-10.24158 3.56200 
-10.24158 3.56300 
-10.24158 3.56400 
-10.24158 3.56500 
-10.24158 3.56600 
-10.24158 3.56700 
-10.24158 3.56800 
-10.24158 3.56900 
-10.24158 3.57000 
-10.24158 3.57100 
-10.24158 3.57200 
-10.24158 3.57300 
-10.24158 3.57400 
-10.24158 3.57500 
-10.24158 3.57600 
-10.24158 3.57700 
-10.24158 3.57800 
-10.24158 3.57900 
-10.24158 3.58000 
-10.24158 3.58100 
-10.24158 3.58200 
-10.24158 3.58300 
-10.24158 3.58400 
-10.24158 3.58500 
-10.24158 3.58600 
-10.24158 3.58700 
-10.24158 3.58800 
-10.24158 3.58900 
-10.24158 3.59000 
-10.24158 3.59100 
-10.24158 3.59200 
-10.24158 3.59300 
-10.24158 3.59400 
-10.24158 3.59500 
-10.24158 3.59600 
-10.24158 3.59700 
-10.24158 3.59800 
-10.24158 3.59900 
-10.24158 3.60000 
-10.24158 3.60100 
-10.24158 3.60200 
-10.24158 3.60300 
-10.24158 3.60400 
-10.24158 3.60500 
-10.24158 3.60600 
-10.24158 3.60700 
-10.24158 3.60800 
-10.24158 3.60900 
-10.24158 3.61000 
-10.24158 3.61100 
-10.24158 3.61200 
-10.24158 3.61300 
-10.24158 3.61400 
-10.24158 3.61500 
-10.24158 3.61600 
-10.24158 3.61700 
-10.24158 3.61800 
-10.24158 3.61900 
-10.24158 3.62000 
-10.24158 3.62100 
-10.24158 3.62200 
-10.24158 3.62300 
-10.24158 3.62400 
-10.24158 3.62500 
-10.24158 3.62600 
-10.24158 3.62700 
-10.24158 3.62800 
-10.24158 3.62900 
-10.24158 3.63000 
-10.24158 3.63100 
-10.24158 3.63200 
-10.24158 3.63300 
-10.24158 3.63400 
-10.24158 3.63500 
-10.24158 3.63600 
-10.24158 3.63700 
-10.24158 3.63800 
-10.24158 3.63900 
-10.24158 3.64000 
-10.24158 3.64100 
-10.24158 3.64200 
-10.24158 3.64300 
-10.24158 3.64400 
-10.24158 3.64500 
-10.24158 3.64600 
-10.24158 3.64700 
-10.24158 3.64800 
-10.24158 3.64900 
-10.24158 3.65000 
-10.24158 3.65100 
-10.24158 3.65200 
-10.24158 3.65300 
-10.24158 3.65400 
-10.24158 3.65500 
-10.24158 3.65600 
-10.24158 3.65700 
-10.24158 3.65800 
-10.24158 3.65900 
-10.24158 3.66000 
-10.24158 3.66100 
-10.24158 3.66200 
-10.24158 3.66300 
-10.24158 3.66400 
-10.24158 3.66500 
-10.24158 3.66600 
-10.24158 3.66700 
-10.24158 3.66800 
-10.24158 3.66900 
-10.24158 3.67000 
-10.24158 3.67100 
-10.24158 3.67200 
-10.24158 3.67300 
-10.24158 3.67400 
-10.24158 3.67500 
-10.24158 3.67600 
-10.24158 3.67700 
-10.24158 3.67800 
-10.24158 3.67900 
-10.24158 3.68000 
-10.24158 3.68100 
-10.24158 3.68200 
-10.24158 3.68300 
-10.24158 3.68400 
-10.24158 3.68500 
-10.24158 3.68600 
-10.24158 3.68700 
-10.24158 3.68800 
-10.24158 3.68900 
-10.24158 3.69000 
-10.24158 3.69100 
-10.24158 3.69200 
-10.24158 3.69300 
-10.24158 3.69400 
-10.24158 3.69500 
-10.24158 3.69600 
-10.24158 3.69700 
-10.24158 3.69800 
-10.24158 3.69900 
-10.24158 3.70000 
-10.24158 3.70100 
-10.24158 3.70200 
-10.24158 3.70300 
-10.24158 3.70400 
-10.24158 3.70500 
-10.24158 3.70600 
-10.24158 3.70700 
-10.24158 3.70800 
-10.24158 3.70900 
-10.24158 3.71000 
-10.24158 3.71100 
-10.24158 3.71200 
-10.24158 3.71300 
-10.24158 3.71400 
-10.24158 3.71500 
-10.24158 3.71600 
-10.24158 3.71700 
-10.24158 3.71800 
-10.24158 3.71900 
-10.24158 3.72000 
-10.24158 3.72100 
-10.24158 3.72200 
-10.24158 3.72300 
-10.24158 3.72400 
-10.24158 3.72500 
-10.24158 3.72600 
-10.24158 3.72700 
-10.24158 3.72800 
-10.24158 3.72900 
-10.24158 3.73000 
-10.24158 3.73100 
-10.24158 3.73200 
-10.24158 3.73300 
-10.24158 3.73400 
-10.24158 3.73500 
-10.24158 3.73600 
-10.24158 3.73700 
-10.24158 3.73800 
-10.24158 3.73900 
-10.24158 3.74000 
-10.24158 3.74100 
-10.24158 3.74200 
-10.24158 3.74300 
-10.24158 3.74400 
-10.24158 3.74500 
-10.24158 3.74600 
-10.24158 3.74700 
-10.24158 3.74800 
-10.24158 3.74900 
-10.24158 3.75000 
-10.24158 3.75100 
-10.24158 3.75200 
-10.24158 3.75300 
-10.24158 3.75400 
-10.24158 3.75500 
-10.24158 3.75600 
-10.24158 3.75700 
-10.24158 3.75800 
-10.24158 3.75900 
-10.24158 3.76000 
-10.24158 3.76100 
-10.24158 3.76200 
-10.24158 3.76300 
-10.24158 3.76400 
-10.24158 3.76500 
-10.24158 3.76600 
-10.24158 3.76700 
-10.24158 3.76800 
-10.24158 3.76900 
-10.24158 3.77000 
-10.24158 3.77100 
-10.24158 3.77200 
-10.24158 3.77300 
-10.24158 3.77400 
-10.24158 3.77500 
-10.24158 3.77600 
-10.24158 3.77700 
-10.24158 3.77800 
-10.24158 3.77900 
-10.24158 3.78000 
-10.24158 3.78100 
-10.24158 3.78200 
-10.24158 3.78300 
-10.24158 3.78400 
-10.24158 3.78500 
-10.24158 3.78600 
-10.24158 3.78700 
-10.24158 3.78800 
-10.24158 3.78900 
-10.24158 3.79000 
-10.24158 3.79100 
-10.24158 3.79200 
-10.24158 3.79300 
-10.24158 3.79400 
-10.24158 3.79500 
-10.24158 3.79600 
-10.24158 3.79700 
-10.24158 3.79800 
-10.24158 3.79900 
-10.24158 3.80000 
-10.24158 3.80100 
-10.24158 3.80200 
-10.24158 3.80300 
-10.24158 3.80400 
-10.24158 3.80500 
-10.24158 3.80600 
-10.24158 3.80700 
-10.24158 3.80800 
-10.24158 3.80900 
-10.24158 3.81000 
-10.24158 3.81100 
-10.24158 3.81200 
-10.24158 3.81300 
-10.24158 3.81400 
-10.24158 3.81500 
-10.24158 3.81600 
-10.24158 3.81700 
-10.24158 3.81800 
-10.24158 3.81900 
-10.24158 3.82000 
-10.24158 3.82100 
-10.24158 3.82200 
-10.24158 3.82300 
-10.24158 3.82400 
-10.24158 3.82500 
-10.24158 3.82600 
-10.24158 3.82700 
-10.24158 3.82800 
-10.24158 3.82900 
-10.24158 3.83000 
-10.24158 3.83100 
-10.24158 3.83200 
-10.24158 3.83300 
-10.24158 3.83400 
-10.24158 3.83500 
-10.24158 3.83600 
-10.24158 3.83700 
-10.24158 3.83800 
-10.24158 3.83900 
-10.24158 3.84000 
-10.24158 3.84100 
-10.24158 3.84200 
-10.24158 3.84300 
-10.24158 3.84400 
-10.24158 3.84500 
-10.24158 3.84600 
-10.24158 3.84700 
-10.24158 3.84800 
-10.24158 3.84900 
-10.24158 3.85000 
-10.24158 3.85100 
-10.24158 3.85200 
-10.24158 3.85300 
-10.24158 3.85400 
-10.24158 3.85500 
-10.24158 3.85600 
-10.24158 3.85700 
-10.24158 3.85800 
-10.24158 3.85900 
-10.24158 3.86000 
-10.24158 3.86100 
-10.24158 3.86200 
-10.24158 3.86300 
-10.24158 3.86400 
-10.24158 3.86500 
-10.24158 3.86600 
-10.24158 3.86700 
-10.24158 3.86800 
-10.24158 3.86900 
-10.24158 3.87000 
-10.24158 3.87100 
-10.24158 3.87200 
-10.24158 3.87300 
-10.24158 3.87400 
-10.24158 3.87500 
-10.24158 3.87600 
-10.24158 3.87700 
-10.24158 3.87800 
-10.24158 3.87900 
-10.24158 3.88000 
-10.24158 3.88100 
-10.24158 3.88200 
-10.24158 3.88300 
-10.24158 3.88400 
-10.24158 3.88500 
-10.24158 3.88600 
-10.24158 3.88700 
-10.24158 3.88800 
-10.24158 3.88900 
-10.24158 3.89000 
-10.24158 3.89100 
-10.24158 3.89200 
-10.24158 3.89300 
-10.24158 3.89400 
-10.24158 3.89500 
-10.24158 3.89600 
-10.24158 3.89700 
-10.24158 3.89800 
-10.24158 3.89900 
-10.24158 3.90000 
-10.24158 3.90100 
-10.24158 3.90200 
-10.24158 3.90300 
-10.24158 3.90400 
-10.24158 3.90500 
-10.24158 3.90600 
-10.24158 3.90700 
-10.24158 3.90800 
-10.24158 3.90900 
-10.24158 3.91000 
-10.24158 3.91100 
-10.24158 3.91200 
-10.24158 3.91300 
-10.24158 3.91400 
-10.24158 3.91500 
-10.24158 3.91600 
-10.24158 3.91700 
-10.24158 3.91800 
-10.24158 3.91900 
-10.24158 3.92000 
-10.24158 3.92100 
-10.24158 3.92200 
-10.24158 3.92300 
-10.24158 3.92400 
-10.24158 3.92500 
-10.24158 3.92600 
-10.24158 3.92700 
-10.24158 3.92800 
-10.24158 3.92900 
-10.24158 3.93000 
-10.24158 3.93100 
-10.24158 3.93200 
-10.24158 3.93300 
-10.24158 3.93400 
-10.24158 3.93500 
-10.24158 3.93600 
-10.24158 3.93700 
-10.24158 3.93800 
-10.24158 3.93900 
-10.24158 3.94000 
-10.24158 3.94100 
-10.24158 3.94200 
-10.24158 3.94300 
-10.24158 3.94400 
-10.24158 3.94500 
-10.24158 3.94600 
-10.24158 3.94700 
-10.24158 3.94800 
-10.24158 3.94900 
-10.24158 3.95000 
-10.24158 3.95100 
-10.24158 3.95200 
-10.24158 3.95300 
-10.24158 3.95400 
-10.24158 3.95500 
-10.24158 3.95600 
-10.24158 3.95700 
-10.24158 3.95800 
-10.24158 3.95900 
-10.24158 3.96000 
-10.24158 3.96100 
-10.24158 3.96200 
-10.24158 3.96300 
-10.24158 3.96400 
-10.24158 3.96500 
-10.24158 3.96600 
-10.24158 3.96700 
-10.24158 3.96800 
-10.24158 3.96900 
-10.24158 3.97000 
-10.24158 3.97100 
-10.24158 3.97200 
-10.24158 3.97300 
-10.24158 3.97400 
-10.24158 3.97500 
-10.24158 3.97600 
-10.24158 3.97700 
-10.24158 3.97800 
-10.24158 3.97900 
-10.24158 3.98000 
-10.24158 3.98100 
-10.24158 3.98200 
-10.24158 3.98300 
-10.24158 3.98400 
-10.24158 3.98500 
-10.24158 3.98600 
-10.24158 3.98700 
-10.24158 3.98800 
-10.24158 3.98900 
-10.24158 3.99000 
-10.24158 3.99100 
-10.24158 3.99200 
-10.24158 3.99300 
-10.24158 3.99400 
-10.24158 3.99500 
-10.24158 3.99600 
-10.24158 3.99700 
-10.24158 3.99800 
-10.24158 3.99900 
-10.24158 4.00000 
-10.24158 4.00100 
-10.24158 4.00200 
-10.24158 4.00300 
-10.24158 4.00400 
-10.24158 4.00500 
-10.24158 4.00600 
-10.24158 4.00700 
-10.24158 4.00800 
-10.24158 4.00900 
-10.24158 4.01000 
-10.24158 4.01100 
-10.24158 4.01200 
-10.24158 4.01300 
-10.24158 4.01400 
-10.24158 4.01500 
-10.24158 4.01600 
-10.24158 4.01700 
-10.24158 4.01800 
-10.24158 4.01900 
-10.24158 4.02000 
-10.24158 4.02100 
-10.24158 4.02200 
-10.24158 4.02300 
-10.24158 4.02400 
-10.24158 4.02500 
-10.24158 4.02600 
-10.24158 4.02700 
-10.24158 4.02800 
-10.24158 4.02900 
-10.24158 4.03000 
-10.24158 4.03100 
-10.24158 4.03200 
-10.24158 4.03300 
-10.24158 4.03400 
-10.24158 4.03500 
-10.24158 4.03600 
-10.24158 4.03700 
-10.24158 4.03800 
-10.24158 4.03900 
-10.24158 4.04000 
-10.24158 4.04100 
-10.24158 4.04200 
-10.24158 4.04300 
-10.24158 4.04400 
-10.24158 4.04500 
-10.24158 4.04600 
-10.24158 4.04700 
-10.24158 4.04800 
-10.24158 4.04900 
-10.24158 4.05000 
-10.24158 4.05100 
-10.24158 4.05200 
-10.24158 4.05300 
-10.24158 4.05400 
-10.24158 4.05500 
-10.24158 4.05600 
-10.24158 4.05700 
-10.24158 4.05800 
-10.24158 4.05900 
-10.24158 4.06000 
-10.24158 4.06100 
-10.24158 4.06200 
-10.24158 4.06300 
-10.24158 4.06400 
-10.24158 4.06500 
-10.24158 4.06600 
-10.24158 4.06700 
-10.24158 4.06800 
-10.24158 4.06900 
-10.24158 4.07000 
-10.24158 4.07100 
-10.24158 4.07200 
-10.24158 4.07300 
-10.24158 4.07400 
-10.24158 4.07500 
-10.24158 4.07600 
-10.24158 4.07700 
-10.24158 4.07800 
-10.24158 4.07900 
-10.24158 4.08000 
-10.24158 4.08100 
-10.24158 4.08200 
-10.24158 4.08300 
-10.24158 4.08400 
-10.24158 4.08500 
-10.24158 4.08600 
-10.24158 4.08700 
-10.24158 4.08800 
-10.24158 4.08900 
-10.24158 4.09000 
-10.24158 4.09100 
-10.24158 4.09200 
-10.24158 4.09300 
-10.24158 4.09400 
-10.24158 4.09500 
-10.24158 4.09600 
-10.24158 4.09700 
-10.24158 4.09800 
-10.24158 4.09900 
-10.24158 4.10000 
-10.24158 4.10100 
-10.24158 4.10200 
-10.24158 4.10300 
-10.24158 4.10400 
-10.24158 4.10500 
-10.24158 4.10600 
-10.24158 4.10700 
-10.24158 4.10800 
-10.24158 4.10900 
-10.24158 4.11000 
-10.24158 4.11100 
-10.24158 4.11200 
-10.24158 4.11300 
-10.24158 4.11400 
-10.24158 4.11500 
-10.24158 4.11600 
-10.24158 4.11700 
-10.24158 4.11800 
-10.24158 4.11900 
-10.24158 4.12000 
-10.24158 4.12100 
-10.24158 4.12200 
-10.24158 4.12300 
-10.24158 4.12400 
-10.24158 4.12500 
-10.24158 4.12600 
-10.24158 4.12700 
-10.24158 4.12800 
-10.24158 4.12900 
-10.24158 4.13000 
-10.24158 4.13100 
-10.24158 4.13200 
-10.24158 4.13300 
-10.24158 4.13400 
-10.24158 4.13500 
-10.24158 4.13600 
-10.24158 4.13700 
-10.24158 4.13800 
-10.24158 4.13900 
-10.24158 4.14000 
-10.24158 4.14100 
-10.24158 4.14200 
-10.24158 4.14300 
-10.24158 4.14400 
-10.24158 4.14500 
-10.24158 4.14600 
-10.24158 4.14700 
-10.24158 4.14800 
-10.24158 4.14900 
-10.24158 4.15000 
-10.24158 4.15100 
-10.24158 4.15200 
-10.24158 4.15300 
-10.24158 4.15400 
-10.24158 4.15500 
-10.24158 4.15600 
-10.24158 4.15700 
-10.24158 4.15800 
-10.24158 4.15900 
-10.24158 4.16000 
-10.24158 4.16100 
-10.24158 4.16200 
-10.24158 4.16300 
-10.24158 4.16400 
-10.24158 4.16500 
-10.24158 4.16600 
-10.24158 4.16700 
-10.24158 4.16800 
-10.24158 4.16900 
-10.24158 4.17000 
-10.24158 4.17100 
-10.24158 4.17200 
-10.24158 4.17300 
-10.24158 4.17400 
-10.24158 4.17500 
-10.24158 4.17600 
-10.24158 4.17700 
-10.24158 4.17800 
-10.24158 4.17900 
-10.24158 4.18000 
-10.24158 4.18100 
-10.24158 4.18200 
-10.24158 4.18300 
-10.24158 4.18400 
-10.24158 4.18500 
-10.24158 4.18600 
-10.24158 4.18700 
-10.24158 4.18800 
-10.24158 4.18900 
-10.24158 4.19000 
-10.24158 4.19100 
-10.24158 4.19200 
-10.24158 4.19300 
-10.24158 4.19400 
-10.24158 4.19500 
-10.24158 4.19600 
-10.24158 4.19700 
-10.24158 4.19800 
-10.24158 4.19900 
-10.24158 4.20000 
-10.24158 4.20100 
-10.24158 4.20200 
-10.24158 4.20300 
-10.24158 4.20400 
-10.24158 4.20500 
-10.24158 4.20600 
-10.24158 4.20700 
-10.24158 4.20800 
-10.24158 4.20900 
-10.24158 4.21000 
-10.24158 4.21100 
-10.24158 4.21200 
-10.24158 4.21300 
-10.24158 4.21400 
-10.24158 4.21500 
-10.24158 4.21600 
-10.24158 4.21700 
-10.24158 4.21800 
-10.24158 4.21900 
-10.24158 4.22000 
-10.24158 4.22100 
-10.24158 4.22200 
-10.24158 4.22300 
-10.24158 4.22400 
-10.24158 4.22500 
-10.24158 4.22600 
-10.24158 4.22700 
-10.24158 4.22800 
-10.24158 4.22900 
-10.24158 4.23000 
-10.24158 4.23100 
-10.24158 4.23200 
-10.24158 4.23300 
-10.24158 4.23400 
-10.24158 4.23500 
-10.24158 4.23600 
-10.24158 4.23700 
-10.24158 4.23800 
-10.24158 4.23900 
-10.24158 4.24000 
-10.24158 4.24100 
-10.24158 4.24200 
-10.24158 4.24300 
-10.24158 4.24400 
-10.24158 4.24500 
-10.24158 4.24600 
-10.24158 4.24700 
-10.24158 4.24800 
-10.24158 4.24900 
-10.24158 4.25000 
-10.24158 4.25100 
-10.24158 4.25200 
-10.24158 4.25300 
-10.24158 4.25400 
-10.24158 4.25500 
-10.24158 4.25600 
-10.24158 4.25700 
-10.24158 4.25800 
-10.24158 4.25900 
-10.24158 4.26000 
-10.24158 4.26100 
-10.24158 4.26200 
-10.24158 4.26300 
-10.24158 4.26400 
-10.24158 4.26500 
-10.24158 4.26600 
-10.24158 4.26700 
-10.24158 4.26800 
-10.24158 4.26900 
-10.24158 4.27000 
-10.24158 4.27100 
-10.24158 4.27200 
-10.24158 4.27300 
-10.24158 4.27400 
-10.24158 4.27500 
-10.24158 4.27600 
-10.24158 4.27700 
-10.24158 4.27800 
-10.24158 4.27900 
-10.24158 4.28000 
-10.24158 4.28100 
-10.24158 4.28200 
-10.24158 4.28300 
-10.24158 4.28400 
-10.24158 4.28500 
-10.24158 4.28600 
-10.24158 4.28700 
-10.24158 4.28800 
-10.24158 4.28900 
-10.24158 4.29000 
-10.24158 4.29100 
-10.24158 4.29200 
-10.24158 4.29300 
-10.24158 4.29400 
-10.24158 4.29500 
-10.24158 4.29600 
-10.24158 4.29700 
-10.24158 4.29800 
-10.24158 4.29900 
-10.24158 4.30000 
-10.24158 4.30100 
-10.24158 4.30200 
-10.24158 4.30300 
-10.24158 4.30400 
-10.24158 4.30500 
-10.24158 4.30600 
-10.24158 4.30700 
-10.24158 4.30800 
-10.24158 4.30900 
-10.24158 4.31000 
-10.24158 4.31100 
-10.24158 4.31200 
-10.24158 4.31300 
-10.24158 4.31400 
-10.24158 4.31500 
-10.24158 4.31600 
-10.24158 4.31700 
-10.24158 4.31800 
-10.24158 4.31900 
-10.24158 4.32000 
-10.24158 4.32100 
-10.24158 4.32200 
-10.24158 4.32300 
-10.24158 4.32400 
-10.24158 4.32500 
-10.24158 4.32600 
-10.24158 4.32700 
-10.24158 4.32800 
-10.24158 4.32900 
-10.24158 4.33000 
-10.24158 4.33100 
-10.24158 4.33200 
-10.24158 4.33300 
-10.24158 4.33400 
-10.24158 4.33500 
-10.24158 4.33600 
-10.24158 4.33700 
-10.24158 4.33800 
-10.24158 4.33900 
-10.24158 4.34000 
-10.24158 4.34100 
-10.24158 4.34200 
-10.24158 4.34300 
-10.24158 4.34400 
-10.24158 4.34500 
-10.24158 4.34600 
-10.24158 4.34700 
-10.24158 4.34800 
-10.24158 4.34900 
-10.24158 4.35000 
-10.24158 4.35100 
-10.24158 4.35200 
-10.24158 4.35300 
-10.24158 4.35400 
-10.24158 4.35500 
-10.24158 4.35600 
-10.24158 4.35700 
-10.24158 4.35800 
-10.24158 4.35900 
-10.24158 4.36000 
-10.24158 4.36100 
-10.24158 4.36200 
-10.24158 4.36300 
-10.24158 4.36400 
-10.24158 4.36500 
-10.24158 4.36600 
-10.24158 4.36700 
-10.24158 4.36800 
-10.24158 4.36900 
-10.24158 4.37000 
-10.24158 4.37100 
-10.24158 4.37200 
-10.24158 4.37300 
-10.24158 4.37400 
-10.24158 4.37500 
-10.24158 4.37600 
-10.24158 4.37700 
-10.24158 4.37800 
-10.24158 4.37900 
-10.24158 4.38000 
-10.24158 4.38100 
-10.24158 4.38200 
-10.24158 4.38300 
-10.24158 4.38400 
-10.24158 4.38500 
-10.24158 4.38600 
-10.24158 4.38700 
-10.24158 4.38800 
-10.24158 4.38900 
-10.24158 4.39000 
-10.24158 4.39100 
-10.24158 4.39200 
-10.24158 4.39300 
-10.24158 4.39400 
-10.24158 4.39500 
-10.24158 4.39600 
-10.24158 4.39700 
-10.24158 4.39800 
-10.24158 4.39900 
-10.24158 4.40000 
-10.24158 4.40100 
-10.24158 4.40200 
-10.24158 4.40300 
-10.24158 4.40400 
-10.24158 4.40500 
-10.24158 4.40600 
-10.24158 4.40700 
-10.24158 4.40800 
-10.24158 4.40900 
-10.24158 4.41000 
-10.24158 4.41100 
-10.24158 4.41200 
-10.24158 4.41300 
-10.24158 4.41400 
-10.24158 4.41500 
-10.24158 4.41600 
-10.24158 4.41700 
-10.24158 4.41800 
-10.24158 4.41900 
-10.24158 4.42000 
-10.24158 4.42100 
-10.24158 4.42200 
-10.24158 4.42300 
-10.24158 4.42400 
-10.24158 4.42500 
-10.24158 4.42600 
-10.24158 4.42700 
-10.24158 4.42800 
-10.24158 4.42900 
-10.24158 4.43000 
-10.24158 4.43100 
-10.24158 4.43200 
-10.24158 4.43300 
-10.24158 4.43400 
-10.24158 4.43500 
-10.24158 4.43600 
-10.24158 4.43700 
-10.24158 4.43800 
-10.24158 4.43900 
-10.24158 4.44000 
-10.24158 4.44100 
-10.24158 4.44200 
-10.24158 4.44300 
-10.24158 4.44400 
-10.24158 4.44500 
-10.24158 4.44600 
-10.24158 4.44700 
-10.24158 4.44800 
-10.24158 4.44900 
-10.24158 4.45000 
-10.24158 4.45100 
-10.24158 4.45200 
-10.24158 4.45300 
-10.24158 4.45400 
-10.24158 4.45500 
-10.24158 4.45600 
-10.24158 4.45700 
-10.24158 4.45800 
-10.24158 4.45900 
-10.24158 4.46000 
-10.24158 4.46100 
-10.24158 4.46200 
-10.24158 4.46300 
-10.24158 4.46400 
-10.24158 4.46500 
-10.24158 4.46600 
-10.24158 4.46700 
-10.24158 4.46800 
-10.24158 4.46900 
-10.24158 4.47000 
-10.24158 4.47100 
-10.24158 4.47200 
-10.24158 4.47300 
-10.24158 4.47400 
-10.24158 4.47500 
-10.24158 4.47600 
-10.24158 4.47700 
-10.24158 4.47800 
-10.24158 4.47900 
-10.24158 4.48000 
-10.24158 4.48100 
-10.24158 4.48200 
-10.24158 4.48300 
-10.24158 4.48400 
-10.24158 4.48500 
-10.24158 4.48600 
-10.24158 4.48700 
-10.24158 4.48800 
-10.24158 4.48900 
-10.24158 4.49000 
-10.24158 4.49100 
-10.24158 4.49200 
-10.24158 4.49300 
-10.24158 4.49400 
-10.24158 4.49500 
-10.24158 4.49600 
-10.24158 4.49700 
-10.24158 4.49800 
-10.24158 4.49900 
-10.24158 4.50000 
-10.24158 4.50100 
-10.24158 4.50200 
-10.24158 4.50300 
-10.24158 4.50400 
-10.24158 4.50500 
-10.24158 4.50600 
-10.24158 4.50700 
-10.24158 4.50800 
-10.24158 4.50900 
-10.24158 4.51000 
-10.24158 4.51100 
-10.24158 4.51200 
-10.24158 4.51300 
-10.24158 4.51400 
-10.24158 4.51500 
-10.24158 4.51600 
-10.24158 4.51700 
-10.24158 4.51800 
-10.24158 4.51900 
-10.24158 4.52000 
-10.24158 4.52100 
-10.24158 4.52200 
-10.24158 4.52300 
-10.24158 4.52400 
-10.24158 4.52500 
-10.24158 4.52600 
-10.24158 4.52700 
-10.24158 4.52800 
-10.24158 4.52900 
-10.24158 4.53000 
-10.24158 4.53100 
-10.24158 4.53200 
-10.24158 4.53300 
-10.24158 4.53400 
-10.24158 4.53500 
-10.24158 4.53600 
-10.24158 4.53700 
-10.24158 4.53800 
-10.24158 4.53900 
-10.24158 4.54000 
-10.24158 4.54100 
-10.24158 4.54200 
-10.24158 4.54300 
-10.24158 4.54400 
-10.24158 4.54500 
-10.24158 4.54600 
-10.24158 4.54700 
-10.24158 4.54800 
-10.24158 4.54900 
-10.24158 4.55000 
-10.24158 4.55100 
-10.24158 4.55200 
-10.24158 4.55300 
-10.24158 4.55400 
-10.24158 4.55500 
-10.24158 4.55600 
-10.24158 4.55700 
-10.24158 4.55800 
-10.24158 4.55900 
-10.24158 4.56000 
-10.24158 4.56100 
-10.24158 4.56200 
-10.24158 4.56300 
-10.24158 4.56400 
-10.24158 4.56500 
-10.24158 4.56600 
-10.24158 4.56700 
-10.24158 4.56800 
-10.24158 4.56900 
-10.24158 4.57000 
-10.24158 4.57100 
-10.24158 4.57200 
-10.24158 4.57300 
-10.24158 4.57400 
-10.24158 4.57500 
-10.24158 4.57600 
-10.24158 4.57700 
-10.24158 4.57800 
-10.24158 4.57900 
-10.24158 4.58000 
-10.24158 4.58100 
-10.24158 4.58200 
-10.24158 4.58300 
-10.24158 4.58400 
-10.24158 4.58500 
-10.24158 4.58600 
-10.24158 4.58700 
-10.24158 4.58800 
-10.24158 4.58900 
-10.24158 4.59000 
-10.24158 4.59100 
-10.24158 4.59200 
-10.24158 4.59300 
-10.24158 4.59400 
-10.24158 4.59500 
-10.24158 4.59600 
-10.24158 4.59700 
-10.24158 4.59800 
-10.24158 4.59900 
-10.24158 4.60000 
-10.24158 4.60100 
-10.24158 4.60200 
-10.24158 4.60300 
-10.24158 4.60400 
-10.24158 4.60500 
-10.24158 4.60600 
-10.24158 4.60700 
-10.24158 4.60800 
-10.24158 4.60900 
-10.24158 4.61000 
-10.24158 4.61100 
-10.24158 4.61200 
-10.24158 4.61300 
-10.24158 4.61400 
-10.24158 4.61500 
-10.24158 4.61600 
-10.24158 4.61700 
-10.24158 4.61800 
-10.24158 4.61900 
-10.24158 4.62000 
-10.24158 4.62100 
-10.24158 4.62200 
-10.24158 4.62300 
-10.24158 4.62400 
-10.24158 4.62500 
-10.24158 4.62600 
-10.24158 4.62700 
-10.24158 4.62800 
-10.24158 4.62900 
-10.24158 4.63000 
-10.24158 4.63100 
-10.24158 4.63200 
-10.24158 4.63300 
-10.24158 4.63400 
-10.24158 4.63500 
-10.24158 4.63600 
-10.24158 4.63700 
-10.24158 4.63800 
-10.24158 4.63900 
-10.24158 4.64000 
-10.24158 4.64100 
-10.24158 4.64200 
-10.24158 4.64300 
-10.24158 4.64400 
-10.24158 4.64500 
-10.24158 4.64600 
-10.24158 4.64700 
-10.24158 4.64800 
-10.24158 4.64900 
-10.24158 4.65000 
-10.24158 4.65100 
-10.24158 4.65200 
-10.24158 4.65300 
-10.24158 4.65400 
-10.24158 4.65500 
-10.24158 4.65600 
-10.24158 4.65700 
-10.24158 4.65800 
-10.24158 4.65900 
-10.24158 4.66000 
-10.24158 4.66100 
-10.24158 4.66200 
-10.24158 4.66300 
-10.24158 4.66400 
-10.24158 4.66500 
-10.24158 4.66600 
-10.24158 4.66700 
-10.24158 4.66800 
-10.24158 4.66900 
-10.24158 4.67000 
-10.24158 4.67100 
-10.24158 4.67200 
-10.24158 4.67300 
-10.24158 4.67400 
-10.24158 4.67500 
-10.24158 4.67600 
-10.24158 4.67700 
-10.24158 4.67800 
-10.24158 4.67900 
-10.24158 4.68000 
-10.24158 4.68100 
-10.24158 4.68200 
-10.24158 4.68300 
-10.24158 4.68400 
-10.24158 4.68500 
-10.24158 4.68600 
-10.24158 4.68700 
-10.24158 4.68800 
-10.24158 4.68900 
-10.24158 4.69000 
-10.24158 4.69100 
-10.24158 4.69200 
-10.24158 4.69300 
-10.24158 4.69400 
-10.24158 4.69500 
-10.24158 4.69600 
-10.24158 4.69700 
-10.24158 4.69800 
-10.24158 4.69900 
-10.24158 4.70000 
-10.24158 4.70100 
-10.24158 4.70200 
-10.24158 4.70300 
-10.24158 4.70400 
-10.24158 4.70500 
-10.24158 4.70600 
-10.24158 4.70700 
-10.24158 4.70800 
-10.24158 4.70900 
-10.24158 4.71000 
-10.24158 4.71100 
-10.24158 4.71200 
-10.24158 4.71300 
-10.24158 4.71400 
-10.24158 4.71500 
-10.24158 4.71600 
-10.24158 4.71700 
-10.24158 4.71800 
-10.24158 4.71900 
-10.24158 4.72000 
-10.24158 4.72100 
-10.24158 4.72200 
-10.24158 4.72300 
-10.24158 4.72400 
-10.24158 4.72500 
-10.24158 4.72600 
-10.24158 4.72700 
-10.24158 4.72800 
-10.24158 4.72900 
-10.24158 4.73000 
-10.24158 4.73100 
-10.24158 4.73200 
-10.24158 4.73300 
-10.24158 4.73400 
-10.24158 4.73500 
-10.24158 4.73600 
-10.24158 4.73700 
-10.24158 4.73800 
-10.24158 4.73900 
-10.24158 4.74000 
-10.24158 4.74100 
-10.24158 4.74200 
-10.24158 4.74300 
-10.24158 4.74400 
-10.24158 4.74500 
-10.24158 4.74600 
-10.24158 4.74700 
-10.24158 4.74800 
-10.24158 4.74900 
-10.24158 4.75000 
-10.24158 4.75100 
-10.24158 4.75200 
-10.24158 4.75300 
-10.24158 4.75400 
-10.24158 4.75500 
-10.24158 4.75600 
-10.24158 4.75700 
-10.24158 4.75800 
-10.24158 4.75900 
-10.24158 4.76000 
-10.24158 4.76100 
-10.24158 4.76200 
-10.24158 4.76300 
-10.24158 4.76400 
-10.24158 4.76500 
-10.24158 4.76600 
-10.24158 4.76700 
-10.24158 4.76800 
-10.24158 4.76900 
-10.24158 4.77000 
-10.24158 4.77100 
-10.24158 4.77200 
-10.24158 4.77300 
-10.24158 4.77400 
-10.24158 4.77500 
-10.24158 4.77600 
-10.24158 4.77700 
-10.24158 4.77800 
-10.24158 4.77900 
-10.24158 4.78000 
-10.24158 4.78100 
-10.24158 4.78200 
-10.24158 4.78300 
-10.24158 4.78400 
-10.24158 4.78500 
-10.24158 4.78600 
-10.24158 4.78700 
-10.24158 4.78800 
-10.24158 4.78900 
-10.24158 4.79000 
-10.24158 4.79100 
-10.24158 4.79200 
-10.24158 4.79300 
-10.24158 4.79400 
-10.24158 4.79500 
-10.24158 4.79600 
-10.24158 4.79700 
-10.24158 4.79800 
-10.24158 4.79900 
-10.24158 4.80000 
-10.24158 4.80100 
-10.24158 4.80200 
-10.24158 4.80300 
-10.24158 4.80400 
-10.24158 4.80500 
-10.24158 4.80600 
-10.24158 4.80700 
-10.24158 4.80800 
-10.24158 4.80900 
-10.24158 4.81000 
-10.24158 4.81100 
-10.24158 4.81200 
-10.24158 4.81300 
-10.24158 4.81400 
-10.24158 4.81500 
-10.24158 4.81600 
-10.24158 4.81700 
-10.24158 4.81800 
-10.24158 4.81900 
-10.24158 4.82000 
-10.24158 4.82100 
-10.24158 4.82200 
-10.24158 4.82300 
-10.24158 4.82400 
-10.24158 4.82500 
-10.24158 4.82600 
-10.24158 4.82700 
-10.24158 4.82800 
-10.24158 4.82900 
-10.24158 4.83000 
-10.24158 4.83100 
-10.24158 4.83200 
-10.24158 4.83300 
-10.24158 4.83400 
-10.24158 4.83500 
-10.24158 4.83600 
-10.24158 4.83700 
-10.24158 4.83800 
-10.24158 4.83900 
-10.24158 4.84000 
-10.24158 4.84100 
-10.24158 4.84200 
-10.24158 4.84300 
-10.24158 4.84400 
-10.24158 4.84500 
-10.24158 4.84600 
-10.24158 4.84700 
-10.24158 4.84800 
-10.24158 4.84900 
-10.24158 4.85000 
-10.24158 4.85100 
-10.24158 4.85200 
-10.24158 4.85300 
-10.24158 4.85400 
-10.24158 4.85500 
-10.24158 4.85600 
-10.24158 4.85700 
-10.24158 4.85800 
-10.24158 4.85900 
-10.24158 4.86000 
-10.24158 4.86100 
-10.24158 4.86200 
-10.24158 4.86300 
-10.24158 4.86400 
-10.24158 4.86500 
-10.24158 4.86600 
-10.24158 4.86700 
-10.24158 4.86800 
-10.24158 4.86900 
-10.24158 4.87000 
-10.24158 4.87100 
-10.24158 4.87200 
-10.24158 4.87300 
-10.24158 4.87400 
-10.24158 4.87500 
-10.24158 4.87600 
-10.24158 4.87700 
-10.24158 4.87800 
-10.24158 4.87900 
-10.24158 4.88000 
-10.24158 4.88100 
-10.24158 4.88200 
-10.24158 4.88300 
-10.24158 4.88400 
-10.24158 4.88500 
-10.24158 4.88600 
-10.24158 4.88700 
-10.24158 4.88800 
-10.24158 4.88900 
-10.24158 4.89000 
-10.24158 4.89100 
-10.24158 4.89200 
-10.24158 4.89300 
-10.24158 4.89400 
-10.24158 4.89500 
-10.24158 4.89600 
-10.24158 4.89700 
-10.24158 4.89800 
-10.24158 4.89900 
-10.24158 4.90000 
-10.24158 4.90100 
-10.24158 4.90200 
-10.24158 4.90300 
-10.24158 4.90400 
-10.24158 4.90500 
-10.24158 4.90600 
-10.24158 4.90700 
-10.24158 4.90800 
-10.24158 4.90900 
-10.24158 4.91000 
-10.24158 4.91100 
-10.24158 4.91200 
-10.24158 4.91300 
-10.24158 4.91400 
-10.24158 4.91500 
-10.24158 4.91600 
-10.24158 4.91700 
-10.24158 4.91800 
-10.24158 4.91900 
-10.24158 4.92000 
-10.24158 4.92100 
-10.24158 4.92200 
-10.24158 4.92300 
-10.24158 4.92400 
-10.24158 4.92500 
-10.24158 4.92600 
-10.24158 4.92700 
-10.24158 4.92800 
-10.24158 4.92900 
-10.24158 4.93000 
-10.24158 4.93100 
-10.24158 4.93200 
-10.24158 4.93300 
-10.24158 4.93400 
-10.24158 4.93500 
-10.24158 4.93600 
-10.24158 4.93700 
-10.24158 4.93800 
-10.24158 4.93900 
-10.24158 4.94000 
-10.24158 4.94100 
-10.24158 4.94200 
-10.24158 4.94300 
-10.24158 4.94400 
-10.24158 4.94500 
-10.24158 4.94600 
-10.24158 4.94700 
-10.24158 4.94800 
-10.24158 4.94900 
-10.24158 4.95000 
-10.24158 4.95100 
-10.24158 4.95200 
-10.24158 4.95300 
-10.24158 4.95400 
-10.24158 4.95500 
-10.24158 4.95600 
-10.24158 4.95700 
-10.24158 4.95800 
-10.24158 4.95900 
-10.24158 4.96000 
-10.24158 4.96100 
-10.24158 4.96200 
-10.24158 4.96300 
-10.24158 4.96400 
-10.24158 4.96500 
-10.24158 4.96600 
-10.24158 4.96700 
-10.24158 4.96800 
-10.24158 4.96900 
-10.24158 4.97000 
-10.24158 4.97100 
-10.24158 4.97200 
-10.24158 4.97300 
-10.24158 4.97400 
-10.24158 4.97500 
-10.24158 4.97600 
-10.24158 4.97700 
-10.24158 4.97800 
-10.24158 4.97900 
-10.24158 4.98000 
-10.24158 4.98100 
-10.24158 4.98200 
-10.24158 4.98300 
-10.24158 4.98400 
-10.24158 4.98500 
-10.24158 4.98600 
-10.24158 4.98700 
-10.24158 4.98800 
-10.24158 4.98900 
-10.24158 4.99000 
-10.24158 4.99100 
-10.24158 4.99200 
-10.24158 4.99300 
-10.24158 4.99400 
-10.24158 4.99500 
-10.24158 4.99600 
-10.24158 4.99700 
-10.24158 4.99800 
-10.24158 4.99900 
