0.00000 0.00000 
-0.00001 0.00100 
-0.00006 0.00200 
-0.00015 0.00300 
-0.00029 0.00400 
-0.00048 0.00500 
-0.00072 0.00600 
-0.00100 0.00700 
-0.00132 0.00800 
-0.00169 0.00900 
-0.00211 0.01000 
-0.00257 0.01100 
-0.00307 0.01200 
-0.00361 0.01300 
-0.00420 0.01400 
-0.00483 0.01500 
-0.00550 0.01600 
-0.00621 0.01700 
-0.00696 0.01800 
-0.00775 0.01900 
-0.00858 0.02000 
-0.00945 0.02100 
-0.01036 0.02200 
-0.01130 0.02300 
-0.01229 0.02400 
-0.01331 0.02500 
-0.01437 0.02600 
-0.01546 0.02700 
-0.01659 0.02800 
-0.01775 0.02900 
-0.01896 0.03000 
-0.02019 0.03100 
-0.02146 0.03200 
-0.02276 0.03300 
-0.02410 0.03400 
-0.02547 0.03500 
-0.02688 0.03600 
-0.02831 0.03700 
-0.02978 0.03800 
-0.03128 0.03900 
-0.03281 0.04000 
-0.03437 0.04100 
-0.03596 0.04200 
-0.03759 0.04300 
-0.03924 0.04400 
-0.04092 0.04500 
-0.04263 0.04600 
-0.04437 0.04700 
-0.04614 0.04800 
-0.04794 0.04900 
-0.04976 0.05000 
-0.05161 0.05100 
-0.05349 0.05200 
-0.05540 0.05300 
-0.05733 0.05400 
-0.05929 0.05500 
-0.06128 0.05600 
-0.06329 0.05700 
-0.06533 0.05800 
-0.06739 0.05900 
-0.06948 0.06000 
-0.07159 0.06100 
-0.07372 0.06200 
-0.07588 0.06300 
-0.07807 0.06400 
-0.08027 0.06500 
-0.08250 0.06600 
-0.08475 0.06700 
-0.08703 0.06800 
-0.08933 0.06900 
-0.09165 0.07000 
-0.09399 0.07100 
-0.09635 0.07200 
-0.09874 0.07300 
-0.10115 0.07400 
-0.10357 0.07500 
-0.10602 0.07600 
-0.10849 0.07700 
-0.11098 0.07800 
-0.11349 0.07900 
-0.11601 0.08000 
-0.11856 0.08100 
-0.12113 0.08200 
-0.12371 0.08300 
-0.12632 0.08400 
-0.12894 0.08500 
-0.13158 0.08600 
-0.13424 0.08700 
-0.13692 0.08800 
-0.13962 0.08900 
-0.14233 0.09000 
-0.14506 0.09100 
-0.14781 0.09200 
-0.15057 0.09300 
-0.15336 0.09400 
-0.15615 0.09500 
-0.15897 0.09600 
-0.16180 0.09700 
-0.16465 0.09800 
-0.16751 0.09900 
-0.17039 0.10000 
-0.17328 0.10100 
-0.17619 0.10200 
-0.17912 0.10300 
-0.18206 0.10400 
-0.18501 0.10500 
-0.18798 0.10600 
-0.19096 0.10700 
-0.19396 0.10800 
-0.19697 0.10900 
-0.20000 0.11000 
-0.20304 0.11100 
-0.20609 0.11200 
-0.20916 0.11300 
-0.21223 0.11400 
-0.21533 0.11500 
-0.21843 0.11600 
-0.22155 0.11700 
-0.22468 0.11800 
-0.22783 0.11900 
-0.23099 0.12000 
-0.23415 0.12100 
-0.23733 0.12200 
-0.24053 0.12300 
-0.24373 0.12400 
-0.24695 0.12500 
-0.25018 0.12600 
-0.25342 0.12700 
-0.25667 0.12800 
-0.25993 0.12900 
-0.26320 0.13000 
-0.26649 0.13100 
-0.26978 0.13200 
-0.27309 0.13300 
-0.27641 0.13400 
-0.27973 0.13500 
-0.28307 0.13600 
-0.28642 0.13700 
-0.28978 0.13800 
-0.29314 0.13900 
-0.29652 0.14000 
-0.29991 0.14100 
-0.30330 0.14200 
-0.30671 0.14300 
-0.31013 0.14400 
-0.31355 0.14500 
-0.31699 0.14600 
-0.32043 0.14700 
-0.32388 0.14800 
-0.32734 0.14900 
-0.33081 0.15000 
-0.33429 0.15100 
-0.33778 0.15200 
-0.34127 0.15300 
-0.34478 0.15400 
-0.34829 0.15500 
-0.35181 0.15600 
-0.35534 0.15700 
-0.35888 0.15800 
-0.36242 0.15900 
-0.36598 0.16000 
-0.36954 0.16100 
-0.37310 0.16200 
-0.37668 0.16300 
-0.38026 0.16400 
-0.38385 0.16500 
-0.38745 0.16600 
-0.39106 0.16700 
-0.39467 0.16800 
-0.39829 0.16900 
-0.40191 0.17000 
-0.40555 0.17100 
-0.40919 0.17200 
-0.41283 0.17300 
-0.41649 0.17400 
-0.42015 0.17500 
-0.42381 0.17600 
-0.42749 0.17700 
-0.43117 0.17800 
-0.43485 0.17900 
-0.43854 0.18000 
-0.44224 0.18100 
-0.44595 0.18200 
-0.44966 0.18300 
-0.45337 0.18400 
-0.45710 0.18500 
-0.46082 0.18600 
-0.46456 0.18700 
-0.46830 0.18800 
-0.47204 0.18900 
-0.47579 0.19000 
-0.47955 0.19100 
-0.48331 0.19200 
-0.48708 0.19300 
-0.49085 0.19400 
-0.49463 0.19500 
-0.49841 0.19600 
-0.50220 0.19700 
-0.50599 0.19800 
-0.50979 0.19900 
-0.51359 0.20000 
-0.51740 0.20100 
-0.52121 0.20200 
-0.52503 0.20300 
-0.52885 0.20400 
-0.53267 0.20500 
-0.53651 0.20600 
-0.54034 0.20700 
-0.54418 0.20800 
-0.54803 0.20900 
-0.55187 0.21000 
-0.55573 0.21100 
-0.55959 0.21200 
-0.56345 0.21300 
-0.56731 0.21400 
-0.57118 0.21500 
-0.57506 0.21600 
-0.57894 0.21700 
-0.58282 0.21800 
-0.58670 0.21900 
-0.59059 0.22000 
-0.59449 0.22100 
-0.59839 0.22200 
-0.60229 0.22300 
-0.60619 0.22400 
-0.61010 0.22500 
-0.61401 0.22600 
-0.61793 0.22700 
-0.62185 0.22800 
-0.62577 0.22900 
-0.62970 0.23000 
-0.63363 0.23100 
-0.63756 0.23200 
-0.64150 0.23300 
-0.64544 0.23400 
-0.64939 0.23500 
-0.65333 0.23600 
-0.65728 0.23700 
-0.66124 0.23800 
-0.66519 0.23900 
-0.66915 0.24000 
-0.67312 0.24100 
-0.67708 0.24200 
-0.68105 0.24300 
-0.68502 0.24400 
-0.68900 0.24500 
-0.69297 0.24600 
-0.69695 0.24700 
-0.70094 0.24800 
-0.70492 0.24900 
-0.70891 0.25000 
-0.71290 0.25100 
-0.71690 0.25200 
-0.72090 0.25300 
-0.72490 0.25400 
-0.72890 0.25500 
-0.73290 0.25600 
-0.73691 0.25700 
-0.74092 0.25800 
-0.74493 0.25900 
-0.74895 0.26000 
-0.75296 0.26100 
-0.75698 0.26200 
-0.76101 0.26300 
-0.76503 0.26400 
-0.76906 0.26500 
-0.77309 0.26600 
-0.77712 0.26700 
-0.78115 0.26800 
-0.78519 0.26900 
-0.78923 0.27000 
-0.79327 0.27100 
-0.79731 0.27200 
-0.80135 0.27300 
-0.80540 0.27400 
-0.80945 0.27500 
-0.81350 0.27600 
-0.81755 0.27700 
-0.82161 0.27800 
-0.82566 0.27900 
-0.82972 0.28000 
-0.83378 0.28100 
-0.83785 0.28200 
-0.84191 0.28300 
-0.84598 0.28400 
-0.85004 0.28500 
-0.85411 0.28600 
-0.85819 0.28700 
-0.86226 0.28800 
-0.86634 0.28900 
-0.87041 0.29000 
-0.87449 0.29100 
-0.87857 0.29200 
-0.88265 0.29300 
-0.88674 0.29400 
-0.89082 0.29500 
-0.89491 0.29600 
-0.89900 0.29700 
-0.90309 0.29800 
-0.90718 0.29900 
-0.91128 0.30000 
-0.91537 0.30100 
-0.91947 0.30200 
-0.92357 0.30300 
-0.92767 0.30400 
-0.93177 0.30500 
-0.93587 0.30600 
-0.93997 0.30700 
-0.94408 0.30800 
-0.94819 0.30900 
-0.95229 0.31000 
-0.95640 0.31100 
-0.96052 0.31200 
-0.96463 0.31300 
-0.96874 0.31400 
-0.97286 0.31500 
-0.97697 0.31600 
-0.98109 0.31700 
-0.98521 0.31800 
-0.98933 0.31900 
-0.99345 0.32000 
-0.99757 0.32100 
-1.00170 0.32200 
-1.00582 0.32300 
-1.00995 0.32400 
-1.01407 0.32500 
-1.01820 0.32600 
-1.02233 0.32700 
-1.02646 0.32800 
-1.03060 0.32900 
-1.03473 0.33000 
-1.03886 0.33100 
-1.04300 0.33200 
-1.04713 0.33300 
-1.05127 0.33400 
-1.05541 0.33500 
-1.05955 0.33600 
-1.06369 0.33700 
-1.06783 0.33800 
-1.07197 0.33900 
-1.07612 0.34000 
-1.08026 0.34100 
-1.08441 0.34200 
-1.08855 0.34300 
-1.09270 0.34400 
-1.09685 0.34500 
-1.10100 0.34600 
-1.10514 0.34700 
-1.10930 0.34800 
-1.11345 0.34900 
-1.11760 0.35000 
-1.12175 0.35100 
-1.12591 0.35200 
-1.13006 0.35300 
-1.13422 0.35400 
-1.13837 0.35500 
-1.14253 0.35600 
-1.14669 0.35700 
-1.15085 0.35800 
-1.15501 0.35900 
-1.15917 0.36000 
-1.16333 0.36100 
-1.16749 0.36200 
-1.17166 0.36300 
-1.17582 0.36400 
-1.17999 0.36500 
-1.18415 0.36600 
-1.18832 0.36700 
-1.19248 0.36800 
-1.19665 0.36900 
-1.20082 0.37000 
-1.20499 0.37100 
-1.20916 0.37200 
-1.21333 0.37300 
-1.21750 0.37400 
-1.22167 0.37500 
-1.22584 0.37600 
-1.23001 0.37700 
-1.23419 0.37800 
-1.23836 0.37900 
-1.24254 0.38000 
-1.24671 0.38100 
-1.25089 0.38200 
-1.25506 0.38300 
-1.25924 0.38400 
-1.26342 0.38500 
-1.26760 0.38600 
-1.27177 0.38700 
-1.27595 0.38800 
-1.28013 0.38900 
-1.28431 0.39000 
-1.28849 0.39100 
-1.29268 0.39200 
-1.29686 0.39300 
-1.30104 0.39400 
-1.30522 0.39500 
-1.30941 0.39600 
-1.31359 0.39700 
-1.31778 0.39800 
-1.32196 0.39900 
-1.32615 0.40000 
-1.33033 0.40100 
-1.33452 0.40200 
-1.33871 0.40300 
-1.34289 0.40400 
-1.34708 0.40500 
-1.35127 0.40600 
-1.35546 0.40700 
-1.35965 0.40800 
-1.36384 0.40900 
-1.36803 0.41000 
-1.37222 0.41100 
-1.37641 0.41200 
-1.38060 0.41300 
-1.38479 0.41400 
-1.38899 0.41500 
-1.39318 0.41600 
-1.39737 0.41700 
-1.40156 0.41800 
-1.40576 0.41900 
-1.40995 0.42000 
-1.41415 0.42100 
-1.41834 0.42200 
-1.42254 0.42300 
-1.42673 0.42400 
-1.43093 0.42500 
-1.43513 0.42600 
-1.43932 0.42700 
-1.44352 0.42800 
-1.44772 0.42900 
-1.45192 0.43000 
-1.45611 0.43100 
-1.46031 0.43200 
-1.46451 0.43300 
-1.46871 0.43400 
-1.47291 0.43500 
-1.47711 0.43600 
-1.48131 0.43700 
-1.48551 0.43800 
-1.48971 0.43900 
-1.49391 0.44000 
-1.49812 0.44100 
-1.50232 0.44200 
-1.50652 0.44300 
-1.51072 0.44400 
-1.51493 0.44500 
-1.51913 0.44600 
-1.52333 0.44700 
-1.52754 0.44800 
-1.53174 0.44900 
-1.53594 0.45000 
-1.54015 0.45100 
-1.54435 0.45200 
-1.54856 0.45300 
-1.55276 0.45400 
-1.55697 0.45500 
-1.56117 0.45600 
-1.56538 0.45700 
-1.56959 0.45800 
-1.57379 0.45900 
-1.57800 0.46000 
-1.58221 0.46100 
-1.58641 0.46200 
-1.59062 0.46300 
-1.59483 0.46400 
-1.59904 0.46500 
-1.60325 0.46600 
-1.60745 0.46700 
-1.61166 0.46800 
-1.61587 0.46900 
-1.62008 0.47000 
-1.62429 0.47100 
-1.62850 0.47200 
-1.63271 0.47300 
-1.63692 0.47400 
-1.64113 0.47500 
-1.64534 0.47600 
-1.64955 0.47700 
-1.65376 0.47800 
-1.65797 0.47900 
-1.66218 0.48000 
-1.66639 0.48100 
-1.67060 0.48200 
-1.67482 0.48300 
-1.67903 0.48400 
-1.68324 0.48500 
-1.68745 0.48600 
-1.69167 0.48700 
-1.69588 0.48800 
-1.70009 0.48900 
-1.70430 0.49000 
-1.70852 0.49100 
-1.71273 0.49200 
-1.71694 0.49300 
-1.72116 0.49400 
-1.72537 0.49500 
-1.72958 0.49600 
-1.73380 0.49700 
-1.73801 0.49800 
-1.74223 0.49900 
-1.74644 0.50000 
-1.75066 0.50100 
-1.75487 0.50200 
-1.75909 0.50300 
-1.76330 0.50400 
-1.76752 0.50500 
-1.77173 0.50600 
-1.77595 0.50700 
-1.78016 0.50800 
-1.78438 0.50900 
-1.78860 0.51000 
-1.79281 0.51100 
-1.79703 0.51200 
-1.80124 0.51300 
-1.80546 0.51400 
-1.80968 0.51500 
-1.81389 0.51600 
-1.81811 0.51700 
-1.82233 0.51800 
-1.82655 0.51900 
-1.83076 0.52000 
-1.83498 0.52100 
-1.83920 0.52200 
-1.84342 0.52300 
-1.84763 0.52400 
-1.85185 0.52500 
-1.85607 0.52600 
-1.86029 0.52700 
-1.86451 0.52800 
-1.86872 0.52900 
-1.87294 0.53000 
-1.87716 0.53100 
-1.88138 0.53200 
-1.88560 0.53300 
-1.88982 0.53400 
-1.89404 0.53500 
-1.89826 0.53600 
-1.90248 0.53700 
-1.90669 0.53800 
-1.91091 0.53900 
-1.91513 0.54000 
-1.91935 0.54100 
-1.92357 0.54200 
-1.92779 0.54300 
-1.93201 0.54400 
-1.93623 0.54500 
-1.94045 0.54600 
-1.94467 0.54700 
-1.94889 0.54800 
-1.95311 0.54900 
-1.95733 0.55000 
-1.96155 0.55100 
-1.96578 0.55200 
-1.97000 0.55300 
-1.97422 0.55400 
-1.97844 0.55500 
-1.98266 0.55600 
-1.98688 0.55700 
-1.99110 0.55800 
-1.99532 0.55900 
-1.99954 0.56000 
-2.00376 0.56100 
-2.00799 0.56200 
-2.01221 0.56300 
-2.01643 0.56400 
-2.02065 0.56500 
-2.02487 0.56600 
-2.02909 0.56700 
-2.03332 0.56800 
-2.03754 0.56900 
-2.04176 0.57000 
-2.04598 0.57100 
-2.05020 0.57200 
-2.05443 0.57300 
-2.05865 0.57400 
-2.06287 0.57500 
-2.06709 0.57600 
-2.07132 0.57700 
-2.07554 0.57800 
-2.07976 0.57900 
-2.08398 0.58000 
-2.08821 0.58100 
-2.09243 0.58200 
-2.09665 0.58300 
-2.10087 0.58400 
-2.10510 0.58500 
-2.10932 0.58600 
-2.11354 0.58700 
-2.11777 0.58800 
-2.12199 0.58900 
-2.12621 0.59000 
-2.13044 0.59100 
-2.13466 0.59200 
-2.13888 0.59300 
-2.14311 0.59400 
-2.14733 0.59500 
-2.15155 0.59600 
-2.15578 0.59700 
-2.16000 0.59800 
-2.16422 0.59900 
-2.16845 0.60000 
-2.17267 0.60100 
-2.17690 0.60200 
-2.18112 0.60300 
-2.18534 0.60400 
-2.18957 0.60500 
-2.19379 0.60600 
-2.19801 0.60700 
-2.20224 0.60800 
-2.20646 0.60900 
-2.21069 0.61000 
-2.21491 0.61100 
-2.21914 0.61200 
-2.22336 0.61300 
-2.22758 0.61400 
-2.23181 0.61500 
-2.23603 0.61600 
-2.24026 0.61700 
-2.24448 0.61800 
-2.24871 0.61900 
-2.25293 0.62000 
-2.25716 0.62100 
-2.26138 0.62200 
-2.26561 0.62300 
-2.26983 0.62400 
-2.27406 0.62500 
-2.27828 0.62600 
-2.28250 0.62700 
-2.28673 0.62800 
-2.29095 0.62900 
-2.29518 0.63000 
-2.29940 0.63100 
-2.30363 0.63200 
-2.30785 0.63300 
-2.31208 0.63400 
-2.31631 0.63500 
-2.32053 0.63600 
-2.32476 0.63700 
-2.32898 0.63800 
-2.33321 0.63900 
-2.33743 0.64000 
-2.34166 0.64100 
-2.34588 0.64200 
-2.35011 0.64300 
-2.35433 0.64400 
-2.35856 0.64500 
-2.36278 0.64600 
-2.36701 0.64700 
-2.37123 0.64800 
-2.37546 0.64900 
-2.37969 0.65000 
-2.38391 0.65100 
-2.38814 0.65200 
-2.39236 0.65300 
-2.39659 0.65400 
-2.40081 0.65500 
-2.40504 0.65600 
-2.40927 0.65700 
-2.41349 0.65800 
-2.41772 0.65900 
-2.42194 0.66000 
-2.42617 0.66100 
-2.43039 0.66200 
-2.43462 0.66300 
-2.43885 0.66400 
-2.44307 0.66500 
-2.44730 0.66600 
-2.45152 0.66700 
-2.45575 0.66800 
-2.45998 0.66900 
-2.46420 0.67000 
-2.46843 0.67100 
-2.47266 0.67200 
-2.47688 0.67300 
-2.48111 0.67400 
-2.48533 0.67500 
-2.48956 0.67600 
-2.49379 0.67700 
-2.49801 0.67800 
-2.50224 0.67900 
-2.50646 0.68000 
-2.51069 0.68100 
-2.51492 0.68200 
-2.51914 0.68300 
-2.52337 0.68400 
-2.52760 0.68500 
-2.53182 0.68600 
-2.53605 0.68700 
-2.54028 0.68800 
-2.54450 0.68900 
-2.54873 0.69000 
-2.55296 0.69100 
-2.55718 0.69200 
-2.56141 0.69300 
-2.56563 0.69400 
-2.56986 0.69500 
-2.57409 0.69600 
-2.57831 0.69700 
-2.58254 0.69800 
-2.58677 0.69900 
-2.59099 0.70000 
-2.59522 0.70100 
-2.59945 0.70200 
-2.60367 0.70300 
-2.60790 0.70400 
-2.61213 0.70500 
-2.61635 0.70600 
-2.62058 0.70700 
-2.62481 0.70800 
-2.62903 0.70900 
-2.63326 0.71000 
-2.63749 0.71100 
-2.64172 0.71200 
-2.64594 0.71300 
-2.65017 0.71400 
-2.65440 0.71500 
-2.65862 0.71600 
-2.66285 0.71700 
-2.66708 0.71800 
-2.67130 0.71900 
-2.67553 0.72000 
-2.67976 0.72100 
-2.68398 0.72200 
-2.68821 0.72300 
-2.69244 0.72400 
-2.69666 0.72500 
-2.70089 0.72600 
-2.70512 0.72700 
-2.70935 0.72800 
-2.71357 0.72900 
-2.71780 0.73000 
-2.72203 0.73100 
-2.72625 0.73200 
-2.73048 0.73300 
-2.73471 0.73400 
-2.73894 0.73500 
-2.74316 0.73600 
-2.74739 0.73700 
-2.75162 0.73800 
-2.75584 0.73900 
-2.76007 0.74000 
-2.76430 0.74100 
-2.76853 0.74200 
-2.77275 0.74300 
-2.77698 0.74400 
-2.78121 0.74500 
-2.78543 0.74600 
-2.78966 0.74700 
-2.79389 0.74800 
-2.79812 0.74900 
-2.80234 0.75000 
-2.80657 0.75100 
-2.81080 0.75200 
-2.81502 0.75300 
-2.81925 0.75400 
-2.82348 0.75500 
-2.82771 0.75600 
-2.83193 0.75700 
-2.83616 0.75800 
-2.84039 0.75900 
-2.84462 0.76000 
-2.84884 0.76100 
-2.85307 0.76200 
-2.85730 0.76300 
-2.86152 0.76400 
-2.86575 0.76500 
-2.86998 0.76600 
-2.87421 0.76700 
-2.87843 0.76800 
-2.88266 0.76900 
-2.88689 0.77000 
-2.89112 0.77100 
-2.89534 0.77200 
-2.89957 0.77300 
-2.90380 0.77400 
-2.90803 0.77500 
-2.91225 0.77600 
-2.91648 0.77700 
-2.92071 0.77800 
-2.92494 0.77900 
-2.92916 0.78000 
-2.93339 0.78100 
-2.93762 0.78200 
-2.94185 0.78300 
-2.94607 0.78400 
-2.95030 0.78500 
-2.95453 0.78600 
-2.95876 0.78700 
-2.96298 0.78800 
-2.96721 0.78900 
-2.97144 0.79000 
-2.97567 0.79100 
-2.97989 0.79200 
-2.98412 0.79300 
-2.98835 0.79400 
-2.99258 0.79500 
-2.99680 0.79600 
-3.00103 0.79700 
-3.00526 0.79800 
-3.00949 0.79900 
-3.01371 0.80000 
-3.01794 0.80100 
-3.02217 0.80200 
-3.02640 0.80300 
-3.03062 0.80400 
-3.03485 0.80500 
-3.03908 0.80600 
-3.04331 0.80700 
-3.04753 0.80800 
-3.05176 0.80900 
-3.05599 0.81000 
-3.06022 0.81100 
-3.06444 0.81200 
-3.06867 0.81300 
-3.07290 0.81400 
-3.07713 0.81500 
-3.08135 0.81600 
-3.08558 0.81700 
-3.08981 0.81800 
-3.09404 0.81900 
-3.09827 0.82000 
-3.10249 0.82100 
-3.10672 0.82200 
-3.11095 0.82300 
-3.11518 0.82400 
-3.11940 0.82500 
-3.12363 0.82600 
-3.12786 0.82700 
-3.13209 0.82800 
-3.13631 0.82900 
-3.14054 0.83000 
-3.14477 0.83100 
-3.14900 0.83200 
-3.15323 0.83300 
-3.15745 0.83400 
-3.16168 0.83500 
-3.16591 0.83600 
-3.17014 0.83700 
-3.17436 0.83800 
-3.17859 0.83900 
-3.18282 0.84000 
-3.18705 0.84100 
-3.19127 0.84200 
-3.19550 0.84300 
-3.19973 0.84400 
-3.20396 0.84500 
-3.20819 0.84600 
-3.21241 0.84700 
-3.21664 0.84800 
-3.22087 0.84900 
-3.22510 0.85000 
-3.22932 0.85100 
-3.23355 0.85200 
-3.23778 0.85300 
-3.24201 0.85400 
-3.24624 0.85500 
-3.25046 0.85600 
-3.25469 0.85700 
-3.25892 0.85800 
-3.26315 0.85900 
-3.26737 0.86000 
-3.27160 0.86100 
-3.27583 0.86200 
-3.28006 0.86300 
-3.28429 0.86400 
-3.28851 0.86500 
-3.29274 0.86600 
-3.29697 0.86700 
-3.30120 0.86800 
-3.30542 0.86900 
-3.30965 0.87000 
-3.31388 0.87100 
-3.31811 0.87200 
-3.32234 0.87300 
-3.32656 0.87400 
-3.33079 0.87500 
-3.33502 0.87600 
-3.33925 0.87700 
-3.34347 0.87800 
-3.34770 0.87900 
-3.35193 0.88000 
-3.35616 0.88100 
-3.36039 0.88200 
-3.36461 0.88300 
-3.36884 0.88400 
-3.37307 0.88500 
-3.37730 0.88600 
-3.38152 0.88700 
-3.38575 0.88800 
-3.38998 0.88900 
-3.39421 0.89000 
-3.39844 0.89100 
-3.40266 0.89200 
-3.40689 0.89300 
-3.41112 0.89400 
-3.41535 0.89500 
-3.41958 0.89600 
-3.42380 0.89700 
-3.42803 0.89800 
-3.43226 0.89900 
-3.43649 0.90000 
-3.44071 0.90100 
-3.44494 0.90200 
-3.44917 0.90300 
-3.45340 0.90400 
-3.45763 0.90500 
-3.46185 0.90600 
-3.46608 0.90700 
-3.47031 0.90800 
-3.47454 0.90900 
-3.47877 0.91000 
-3.48299 0.91100 
-3.48722 0.91200 
-3.49145 0.91300 
-3.49568 0.91400 
-3.49990 0.91500 
-3.50413 0.91600 
-3.50836 0.91700 
-3.51259 0.91800 
-3.51682 0.91900 
-3.52104 0.92000 
-3.52527 0.92100 
-3.52950 0.92200 
-3.53373 0.92300 
-3.53796 0.92400 
-3.54218 0.92500 
-3.54641 0.92600 
-3.55064 0.92700 
-3.55487 0.92800 
-3.55910 0.92900 
-3.56332 0.93000 
-3.56755 0.93100 
-3.57178 0.93200 
-3.57601 0.93300 
-3.58023 0.93400 
-3.58446 0.93500 
-3.58869 0.93600 
-3.59292 0.93700 
-3.59715 0.93800 
-3.60137 0.93900 
-3.60560 0.94000 
-3.60983 0.94100 
-3.61406 0.94200 
-3.61829 0.94300 
-3.62251 0.94400 
-3.62674 0.94500 
-3.63097 0.94600 
-3.63520 0.94700 
-3.63943 0.94800 
-3.64365 0.94900 
-3.64788 0.95000 
-3.65211 0.95100 
-3.65634 0.95200 
-3.66056 0.95300 
-3.66479 0.95400 
-3.66902 0.95500 
-3.67325 0.95600 
-3.67748 0.95700 
-3.68170 0.95800 
-3.68593 0.95900 
-3.69016 0.96000 
-3.69439 0.96100 
-3.69862 0.96200 
-3.70284 0.96300 
-3.70707 0.96400 
-3.71130 0.96500 
-3.71553 0.96600 
-3.71976 0.96700 
-3.72398 0.96800 
-3.72821 0.96900 
-3.73244 0.97000 
-3.73667 0.97100 
-3.74090 0.97200 
-3.74512 0.97300 
-3.74935 0.97400 
-3.75358 0.97500 
-3.75781 0.97600 
-3.76203 0.97700 
-3.76626 0.97800 
-3.77049 0.97900 
-3.77472 0.98000 
-3.77895 0.98100 
-3.78317 0.98200 
-3.78740 0.98300 
-3.79163 0.98400 
-3.79586 0.98500 
-3.80009 0.98600 
-3.80431 0.98700 
-3.80854 0.98800 
-3.81277 0.98900 
-3.81700 0.99000 
-3.82123 0.99100 
-3.82545 0.99200 
-3.82968 0.99300 
-3.83391 0.99400 
-3.83814 0.99500 
-3.84237 0.99600 
-3.84659 0.99700 
-3.85082 0.99800 
-3.85505 0.99900 
-3.85928 1.00000 
-3.86351 1.00100 
-3.86773 1.00200 
-3.87196 1.00300 
-3.87619 1.00400 
-3.88042 1.00500 
-3.88465 1.00600 
-3.88887 1.00700 
-3.89310 1.00800 
-3.89733 1.00900 
-3.90156 1.01000 
-3.90578 1.01100 
-3.91001 1.01200 
-3.91424 1.01300 
-3.91847 1.01400 
-3.92270 1.01500 
-3.92692 1.01600 
-3.93115 1.01700 
-3.93538 1.01800 
-3.93961 1.01900 
-3.94384 1.02000 
-3.94806 1.02100 
-3.95229 1.02200 
-3.95652 1.02300 
-3.96075 1.02400 
-3.96498 1.02500 
-3.96920 1.02600 
-3.97343 1.02700 
-3.97766 1.02800 
-3.98189 1.02900 
-3.98612 1.03000 
-3.99034 1.03100 
-3.99457 1.03200 
-3.99880 1.03300 
-4.00303 1.03400 
-4.00726 1.03500 
-4.01148 1.03600 
-4.01571 1.03700 
-4.01994 1.03800 
-4.02417 1.03900 
-4.02840 1.04000 
-4.03262 1.04100 
-4.03685 1.04200 
-4.04108 1.04300 
-4.04531 1.04400 
-4.04954 1.04500 
-4.05376 1.04600 
-4.05799 1.04700 
-4.06222 1.04800 
-4.06645 1.04900 
-4.07068 1.05000 
-4.07490 1.05100 
-4.07913 1.05200 
-4.08336 1.05300 
-4.08759 1.05400 
-4.09182 1.05500 
-4.09604 1.05600 
-4.10027 1.05700 
-4.10450 1.05800 
-4.10873 1.05900 
-4.11295 1.06000 
-4.11718 1.06100 
-4.12141 1.06200 
-4.12564 1.06300 
-4.12987 1.06400 
-4.13409 1.06500 
-4.13832 1.06600 
-4.14255 1.06700 
-4.14678 1.06800 
-4.15101 1.06900 
-4.15523 1.07000 
-4.15946 1.07100 
-4.16369 1.07200 
-4.16792 1.07300 
-4.17215 1.07400 
-4.17637 1.07500 
-4.18060 1.07600 
-4.18483 1.07700 
-4.18906 1.07800 
-4.19329 1.07900 
-4.19751 1.08000 
-4.20174 1.08100 
-4.20597 1.08200 
-4.21020 1.08300 
-4.21443 1.08400 
-4.21865 1.08500 
-4.22288 1.08600 
-4.22711 1.08700 
-4.23134 1.08800 
-4.23557 1.08900 
-4.23979 1.09000 
-4.24402 1.09100 
-4.24825 1.09200 
-4.25248 1.09300 
-4.25671 1.09400 
-4.26093 1.09500 
-4.26516 1.09600 
-4.26939 1.09700 
-4.27362 1.09800 
-4.27785 1.09900 
-4.28207 1.10000 
-4.28630 1.10100 
-4.29053 1.10200 
-4.29476 1.10300 
-4.29899 1.10400 
-4.30321 1.10500 
-4.30744 1.10600 
-4.31167 1.10700 
-4.31590 1.10800 
-4.32013 1.10900 
-4.32435 1.11000 
-4.32858 1.11100 
-4.33281 1.11200 
-4.33704 1.11300 
-4.34127 1.11400 
-4.34549 1.11500 
-4.34972 1.11600 
-4.35395 1.11700 
-4.35818 1.11800 
-4.36241 1.11900 
-4.36663 1.12000 
-4.37086 1.12100 
-4.37509 1.12200 
-4.37932 1.12300 
-4.38355 1.12400 
-4.38777 1.12500 
-4.39200 1.12600 
-4.39623 1.12700 
-4.40046 1.12800 
-4.40469 1.12900 
-4.40891 1.13000 
-4.41314 1.13100 
-4.41737 1.13200 
-4.42160 1.13300 
-4.42582 1.13400 
-4.43005 1.13500 
-4.43428 1.13600 
-4.43851 1.13700 
-4.44274 1.13800 
-4.44696 1.13900 
-4.45119 1.14000 
-4.45542 1.14100 
-4.45965 1.14200 
-4.46388 1.14300 
-4.46810 1.14400 
-4.47233 1.14500 
-4.47656 1.14600 
-4.48079 1.14700 
-4.48502 1.14800 
-4.48924 1.14900 
-4.49347 1.15000 
-4.49770 1.15100 
-4.50193 1.15200 
-4.50616 1.15300 
-4.51038 1.15400 
-4.51461 1.15500 
-4.51884 1.15600 
-4.52307 1.15700 
-4.52730 1.15800 
-4.53152 1.15900 
-4.53575 1.16000 
-4.53998 1.16100 
-4.54421 1.16200 
-4.54844 1.16300 
-4.55266 1.16400 
-4.55689 1.16500 
-4.56112 1.16600 
-4.56535 1.16700 
-4.56958 1.16800 
-4.57380 1.16900 
-4.57803 1.17000 
-4.58226 1.17100 
-4.58649 1.17200 
-4.59072 1.17300 
-4.59494 1.17400 
-4.59917 1.17500 
-4.60340 1.17600 
-4.60763 1.17700 
-4.61186 1.17800 
-4.61608 1.17900 
-4.62031 1.18000 
-4.62454 1.18100 
-4.62877 1.18200 
-4.63300 1.18300 
-4.63722 1.18400 
-4.64145 1.18500 
-4.64568 1.18600 
-4.64991 1.18700 
-4.65414 1.18800 
-4.65836 1.18900 
-4.66259 1.19000 
-4.66682 1.19100 
-4.67105 1.19200 
-4.67528 1.19300 
-4.67950 1.19400 
-4.68373 1.19500 
-4.68796 1.19600 
-4.69219 1.19700 
-4.69642 1.19800 
-4.70064 1.19900 
-4.70487 1.20000 
-4.70910 1.20100 
-4.71333 1.20200 
-4.71756 1.20300 
-4.72178 1.20400 
-4.72601 1.20500 
-4.73024 1.20600 
-4.73447 1.20700 
-4.73870 1.20800 
-4.74292 1.20900 
-4.74715 1.21000 
-4.75138 1.21100 
-4.75561 1.21200 
-4.75984 1.21300 
-4.76406 1.21400 
-4.76829 1.21500 
-4.77252 1.21600 
-4.77675 1.21700 
-4.78098 1.21800 
-4.78520 1.21900 
-4.78943 1.22000 
-4.79366 1.22100 
-4.79789 1.22200 
-4.80212 1.22300 
-4.80634 1.22400 
-4.81057 1.22500 
-4.81480 1.22600 
-4.81903 1.22700 
-4.82326 1.22800 
-4.82748 1.22900 
-4.83171 1.23000 
-4.83594 1.23100 
-4.84017 1.23200 
-4.84440 1.23300 
-4.84862 1.23400 
-4.85285 1.23500 
-4.85708 1.23600 
-4.86131 1.23700 
-4.86554 1.23800 
-4.86976 1.23900 
-4.87399 1.24000 
-4.87822 1.24100 
-4.88245 1.24200 
-4.88668 1.24300 
-4.89090 1.24400 
-4.89513 1.24500 
-4.89936 1.24600 
-4.90359 1.24700 
-4.90782 1.24800 
-4.91204 1.24900 
-4.91627 1.25000 
-4.92050 1.25100 
-4.92473 1.25200 
-4.92895 1.25300 
-4.93318 1.25400 
-4.93741 1.25500 
-4.94164 1.25600 
-4.94587 1.25700 
-4.95009 1.25800 
-4.95432 1.25900 
-4.95855 1.26000 
-4.96278 1.26100 
-4.96701 1.26200 
-4.97123 1.26300 
-4.97546 1.26400 
-4.97969 1.26500 
-4.98392 1.26600 
-4.98815 1.26700 
-4.99237 1.26800 
-4.99660 1.26900 
-5.00083 1.27000 
-5.00506 1.27100 
-5.00929 1.27200 
-5.01351 1.27300 
-5.01774 1.27400 
-5.02197 1.27500 
-5.02620 1.27600 
-5.03043 1.27700 
-5.03465 1.27800 
-5.03888 1.27900 
-5.04311 1.28000 
-5.04734 1.28100 
-5.05157 1.28200 
-5.05579 1.28300 
-5.06002 1.28400 
-5.06425 1.28500 
-5.06848 1.28600 
-5.07271 1.28700 
-5.07693 1.28800 
-5.08116 1.28900 
-5.08539 1.29000 
-5.08962 1.29100 
-5.09385 1.29200 
-5.09807 1.29300 
-5.10230 1.29400 
-5.10653 1.29500 
-5.11076 1.29600 
-5.11499 1.29700 
-5.11921 1.29800 
-5.12344 1.29900 
-5.12767 1.30000 
-5.13190 1.30100 
-5.13613 1.30200 
-5.14035 1.30300 
-5.14458 1.30400 
-5.14881 1.30500 
-5.15304 1.30600 
-5.15727 1.30700 
-5.16149 1.30800 
-5.16572 1.30900 
-5.16995 1.31000 
-5.17418 1.31100 
-5.17841 1.31200 
-5.18263 1.31300 
-5.18686 1.31400 
-5.19109 1.31500 
-5.19532 1.31600 
-5.19955 1.31700 
-5.20377 1.31800 
-5.20800 1.31900 
-5.21223 1.32000 
-5.21646 1.32100 
-5.22069 1.32200 
-5.22491 1.32300 
-5.22914 1.32400 
-5.23337 1.32500 
-5.23760 1.32600 
-5.24183 1.32700 
-5.24605 1.32800 
-5.25028 1.32900 
-5.25451 1.33000 
-5.25874 1.33100 
-5.26297 1.33200 
-5.26719 1.33300 
-5.27142 1.33400 
-5.27565 1.33500 
-5.27988 1.33600 
-5.28411 1.33700 
-5.28833 1.33800 
-5.29256 1.33900 
-5.29679 1.34000 
-5.30102 1.34100 
-5.30525 1.34200 
-5.30947 1.34300 
-5.31370 1.34400 
-5.31793 1.34500 
-5.32216 1.34600 
-5.32639 1.34700 
-5.33061 1.34800 
-5.33484 1.34900 
-5.33907 1.35000 
-5.34330 1.35100 
-5.34753 1.35200 
-5.35175 1.35300 
-5.35598 1.35400 
-5.36021 1.35500 
-5.36444 1.35600 
-5.36867 1.35700 
-5.37289 1.35800 
-5.37712 1.35900 
-5.38135 1.36000 
-5.38558 1.36100 
-5.38981 1.36200 
-5.39403 1.36300 
-5.39826 1.36400 
-5.40249 1.36500 
-5.40672 1.36600 
-5.41095 1.36700 
-5.41517 1.36800 
-5.41940 1.36900 
-5.42363 1.37000 
-5.42786 1.37100 
-5.43209 1.37200 
-5.43631 1.37300 
-5.44054 1.37400 
-5.44477 1.37500 
-5.44900 1.37600 
-5.45323 1.37700 
-5.45745 1.37800 
-5.46168 1.37900 
-5.46591 1.38000 
-5.47014 1.38100 
-5.47437 1.38200 
-5.47859 1.38300 
-5.48282 1.38400 
-5.48705 1.38500 
-5.49128 1.38600 
-5.49551 1.38700 
-5.49973 1.38800 
-5.50396 1.38900 
-5.50819 1.39000 
-5.51242 1.39100 
-5.51665 1.39200 
-5.52087 1.39300 
-5.52510 1.39400 
-5.52933 1.39500 
-5.53356 1.39600 
-5.53779 1.39700 
-5.54201 1.39800 
-5.54624 1.39900 
-5.55047 1.40000 
-5.55470 1.40100 
-5.55893 1.40200 
-5.56315 1.40300 
-5.56738 1.40400 
-5.57161 1.40500 
-5.57584 1.40600 
-5.58006 1.40700 
-5.58429 1.40800 
-5.58852 1.40900 
-5.59275 1.41000 
-5.59698 1.41100 
-5.60120 1.41200 
-5.60543 1.41300 
-5.60966 1.41400 
-5.61389 1.41500 
-5.61812 1.41600 
-5.62234 1.41700 
-5.62657 1.41800 
-5.63080 1.41900 
-5.63503 1.42000 
-5.63926 1.42100 
-5.64348 1.42200 
-5.64771 1.42300 
-5.65194 1.42400 
-5.65617 1.42500 
-5.66040 1.42600 
-5.66462 1.42700 
-5.66885 1.42800 
-5.67308 1.42900 
-5.67731 1.43000 
-5.68154 1.43100 
-5.68576 1.43200 
-5.68999 1.43300 
-5.69422 1.43400 
-5.69845 1.43500 
-5.70268 1.43600 
-5.70690 1.43700 
-5.71113 1.43800 
-5.71536 1.43900 
-5.71959 1.44000 
-5.72382 1.44100 
-5.72804 1.44200 
-5.73227 1.44300 
-5.73650 1.44400 
-5.74073 1.44500 
-5.74496 1.44600 
-5.74918 1.44700 
-5.75341 1.44800 
-5.75764 1.44900 
-5.76187 1.45000 
-5.76610 1.45100 
-5.77032 1.45200 
-5.77455 1.45300 
-5.77878 1.45400 
-5.78301 1.45500 
-5.78724 1.45600 
-5.79146 1.45700 
-5.79569 1.45800 
-5.79992 1.45900 
-5.80415 1.46000 
-5.80838 1.46100 
-5.81260 1.46200 
-5.81683 1.46300 
-5.82106 1.46400 
-5.82529 1.46500 
-5.82952 1.46600 
-5.83374 1.46700 
-5.83797 1.46800 
-5.84220 1.46900 
-5.84643 1.47000 
-5.85066 1.47100 
-5.85488 1.47200 
-5.85911 1.47300 
-5.86334 1.47400 
-5.86757 1.47500 
-5.87180 1.47600 
-5.87602 1.47700 
-5.88025 1.47800 
-5.88448 1.47900 
-5.88871 1.48000 
-5.89294 1.48100 
-5.89716 1.48200 
-5.90139 1.48300 
-5.90562 1.48400 
-5.90985 1.48500 
-5.91408 1.48600 
-5.91830 1.48700 
-5.92253 1.48800 
-5.92676 1.48900 
-5.93099 1.49000 
-5.93522 1.49100 
-5.93944 1.49200 
-5.94367 1.49300 
-5.94790 1.49400 
-5.95213 1.49500 
-5.95636 1.49600 
-5.96058 1.49700 
-5.96481 1.49800 
-5.96904 1.49900 
-5.97327 1.50000 
-5.97750 1.50100 
-5.98172 1.50200 
-5.98595 1.50300 
-5.99018 1.50400 
-5.99441 1.50500 
-5.99864 1.50600 
-6.00286 1.50700 
-6.00709 1.50800 
-6.01132 1.50900 
-6.01555 1.51000 
-6.01978 1.51100 
-6.02400 1.51200 
-6.02823 1.51300 
-6.03246 1.51400 
-6.03669 1.51500 
-6.04092 1.51600 
-6.04514 1.51700 
-6.04937 1.51800 
-6.05360 1.51900 
-6.05783 1.52000 
-6.06206 1.52100 
-6.06628 1.52200 
-6.07051 1.52300 
-6.07474 1.52400 
-6.07897 1.52500 
-6.08320 1.52600 
-6.08742 1.52700 
-6.09165 1.52800 
-6.09588 1.52900 
-6.10011 1.53000 
-6.10434 1.53100 
-6.10856 1.53200 
-6.11279 1.53300 
-6.11702 1.53400 
-6.12125 1.53500 
-6.12548 1.53600 
-6.12970 1.53700 
-6.13393 1.53800 
-6.13816 1.53900 
-6.14239 1.54000 
-6.14662 1.54100 
-6.15084 1.54200 
-6.15507 1.54300 
-6.15930 1.54400 
-6.16353 1.54500 
-6.16776 1.54600 
-6.17198 1.54700 
-6.17621 1.54800 
-6.18044 1.54900 
-6.18467 1.55000 
-6.18890 1.55100 
-6.19312 1.55200 
-6.19735 1.55300 
-6.20158 1.55400 
-6.20581 1.55500 
-6.21004 1.55600 
-6.21426 1.55700 
-6.21849 1.55800 
-6.22272 1.55900 
-6.22695 1.56000 
-6.23118 1.56100 
-6.23540 1.56200 
-6.23963 1.56300 
-6.24386 1.56400 
-6.24809 1.56500 
-6.25232 1.56600 
-6.25654 1.56700 
-6.26077 1.56800 
-6.26500 1.56900 
-6.26923 1.57000 
-6.27346 1.57100 
-6.27768 1.57200 
-6.28191 1.57300 
-6.28614 1.57400 
-6.29037 1.57500 
-6.29459 1.57600 
-6.29882 1.57700 
-6.30305 1.57800 
-6.30728 1.57900 
-6.31151 1.58000 
-6.31573 1.58100 
-6.31996 1.58200 
-6.32419 1.58300 
-6.32842 1.58400 
-6.33265 1.58500 
-6.33687 1.58600 
-6.34110 1.58700 
-6.34533 1.58800 
-6.34956 1.58900 
-6.35379 1.59000 
-6.35801 1.59100 
-6.36224 1.59200 
-6.36647 1.59300 
-6.37070 1.59400 
-6.37493 1.59500 
-6.37915 1.59600 
-6.38338 1.59700 
-6.38761 1.59800 
-6.39184 1.59900 
-6.39607 1.60000 
-6.40029 1.60100 
-6.40452 1.60200 
-6.40875 1.60300 
-6.41298 1.60400 
-6.41721 1.60500 
-6.42143 1.60600 
-6.42566 1.60700 
-6.42989 1.60800 
-6.43412 1.60900 
-6.43835 1.61000 
-6.44257 1.61100 
-6.44680 1.61200 
-6.45103 1.61300 
-6.45526 1.61400 
-6.45949 1.61500 
-6.46371 1.61600 
-6.46794 1.61700 
-6.47217 1.61800 
-6.47640 1.61900 
-6.48063 1.62000 
-6.48485 1.62100 
-6.48908 1.62200 
-6.49331 1.62300 
-6.49754 1.62400 
-6.50177 1.62500 
-6.50599 1.62600 
-6.51022 1.62700 
-6.51445 1.62800 
-6.51868 1.62900 
-6.52291 1.63000 
-6.52713 1.63100 
-6.53136 1.63200 
-6.53559 1.63300 
-6.53982 1.63400 
-6.54405 1.63500 
-6.54827 1.63600 
-6.55250 1.63700 
-6.55673 1.63800 
-6.56096 1.63900 
-6.56519 1.64000 
-6.56941 1.64100 
-6.57364 1.64200 
-6.57787 1.64300 
-6.58210 1.64400 
-6.58633 1.64500 
-6.59055 1.64600 
-6.59478 1.64700 
-6.59901 1.64800 
-6.60324 1.64900 
-6.60747 1.65000 
-6.61169 1.65100 
-6.61592 1.65200 
-6.62015 1.65300 
-6.62438 1.65400 
-6.62861 1.65500 
-6.63283 1.65600 
-6.63706 1.65700 
-6.64129 1.65800 
-6.64552 1.65900 
-6.64975 1.66000 
-6.65397 1.66100 
-6.65820 1.66200 
-6.66243 1.66300 
-6.66666 1.66400 
-6.67089 1.66500 
-6.67511 1.66600 
-6.67934 1.66700 
-6.68357 1.66800 
-6.68780 1.66900 
-6.69203 1.67000 
-6.69625 1.67100 
-6.70048 1.67200 
-6.70471 1.67300 
-6.70894 1.67400 
-6.71317 1.67500 
-6.71739 1.67600 
-6.72162 1.67700 
-6.72585 1.67800 
-6.73008 1.67900 
-6.73431 1.68000 
-6.73853 1.68100 
-6.74276 1.68200 
-6.74699 1.68300 
-6.75122 1.68400 
-6.75545 1.68500 
-6.75967 1.68600 
-6.76390 1.68700 
-6.76813 1.68800 
-6.77236 1.68900 
-6.77659 1.69000 
-6.78081 1.69100 
-6.78504 1.69200 
-6.78927 1.69300 
-6.79350 1.69400 
-6.79773 1.69500 
-6.80195 1.69600 
-6.80618 1.69700 
-6.81041 1.69800 
-6.81464 1.69900 
-6.81887 1.70000 
-6.82309 1.70100 
-6.82732 1.70200 
-6.83155 1.70300 
-6.83578 1.70400 
-6.84001 1.70500 
-6.84423 1.70600 
-6.84846 1.70700 
-6.85269 1.70800 
-6.85692 1.70900 
-6.86115 1.71000 
-6.86537 1.71100 
-6.86960 1.71200 
-6.87383 1.71300 
-6.87806 1.71400 
-6.88229 1.71500 
-6.88651 1.71600 
-6.89074 1.71700 
-6.89497 1.71800 
-6.89920 1.71900 
-6.90343 1.72000 
-6.90765 1.72100 
-6.91188 1.72200 
-6.91611 1.72300 
-6.92034 1.72400 
-6.92457 1.72500 
-6.92879 1.72600 
-6.93302 1.72700 
-6.93725 1.72800 
-6.94148 1.72900 
-6.94571 1.73000 
-6.94993 1.73100 
-6.95416 1.73200 
-6.95839 1.73300 
-6.96262 1.73400 
-6.96685 1.73500 
-6.97107 1.73600 
-6.97530 1.73700 
-6.97953 1.73800 
-6.98376 1.73900 
-6.98799 1.74000 
-6.99221 1.74100 
-6.99644 1.74200 
-7.00067 1.74300 
-7.00490 1.74400 
-7.00912 1.74500 
-7.01335 1.74600 
-7.01758 1.74700 
-7.02181 1.74800 
-7.02604 1.74900 
-7.03026 1.75000 
-7.03449 1.75100 
-7.03872 1.75200 
-7.04295 1.75300 
-7.04718 1.75400 
-7.05140 1.75500 
-7.05563 1.75600 
-7.05986 1.75700 
-7.06409 1.75800 
-7.06832 1.75900 
-7.07254 1.76000 
-7.07677 1.76100 
-7.08100 1.76200 
-7.08523 1.76300 
-7.08946 1.76400 
-7.09368 1.76500 
-7.09791 1.76600 
-7.10214 1.76700 
-7.10637 1.76800 
-7.11060 1.76900 
-7.11482 1.77000 
-7.11905 1.77100 
-7.12328 1.77200 
-7.12751 1.77300 
-7.13174 1.77400 
-7.13596 1.77500 
-7.14019 1.77600 
-7.14442 1.77700 
-7.14865 1.77800 
-7.15288 1.77900 
-7.15710 1.78000 
-7.16133 1.78100 
-7.16556 1.78200 
-7.16979 1.78300 
-7.17402 1.78400 
-7.17824 1.78500 
-7.18247 1.78600 
-7.18670 1.78700 
-7.19093 1.78800 
-7.19516 1.78900 
-7.19938 1.79000 
-7.20361 1.79100 
-7.20784 1.79200 
-7.21207 1.79300 
-7.21630 1.79400 
-7.22052 1.79500 
-7.22475 1.79600 
-7.22898 1.79700 
-7.23321 1.79800 
-7.23744 1.79900 
-7.24166 1.80000 
-7.24589 1.80100 
-7.25012 1.80200 
-7.25435 1.80300 
-7.25858 1.80400 
-7.26280 1.80500 
-7.26703 1.80600 
-7.27126 1.80700 
-7.27549 1.80800 
-7.27972 1.80900 
-7.28394 1.81000 
-7.28817 1.81100 
-7.29240 1.81200 
-7.29663 1.81300 
-7.30086 1.81400 
-7.30508 1.81500 
-7.30931 1.81600 
-7.31354 1.81700 
-7.31777 1.81800 
-7.32200 1.81900 
-7.32622 1.82000 
-7.33045 1.82100 
-7.33468 1.82200 
-7.33891 1.82300 
-7.34314 1.82400 
-7.34736 1.82500 
-7.35159 1.82600 
-7.35582 1.82700 
-7.36005 1.82800 
-7.36428 1.82900 
-7.36850 1.83000 
-7.37273 1.83100 
-7.37696 1.83200 
-7.38119 1.83300 
-7.38542 1.83400 
-7.38964 1.83500 
-7.39387 1.83600 
-7.39810 1.83700 
-7.40233 1.83800 
-7.40656 1.83900 
-7.41078 1.84000 
-7.41501 1.84100 
-7.41924 1.84200 
-7.42347 1.84300 
-7.42770 1.84400 
-7.43192 1.84500 
-7.43615 1.84600 
-7.44038 1.84700 
-7.44461 1.84800 
-7.44884 1.84900 
-7.45306 1.85000 
-7.45729 1.85100 
-7.46152 1.85200 
-7.46575 1.85300 
-7.46998 1.85400 
-7.47420 1.85500 
-7.47843 1.85600 
-7.48266 1.85700 
-7.48689 1.85800 
-7.49112 1.85900 
-7.49534 1.86000 
-7.49957 1.86100 
-7.50380 1.86200 
-7.50803 1.86300 
-7.51226 1.86400 
-7.51648 1.86500 
-7.52071 1.86600 
-7.52494 1.86700 
-7.52917 1.86800 
-7.53340 1.86900 
-7.53762 1.87000 
-7.54185 1.87100 
-7.54608 1.87200 
-7.55031 1.87300 
-7.55454 1.87400 
-7.55876 1.87500 
-7.56299 1.87600 
-7.56722 1.87700 
-7.57145 1.87800 
-7.57568 1.87900 
-7.57990 1.88000 
-7.58413 1.88100 
-7.58836 1.88200 
-7.59259 1.88300 
-7.59682 1.88400 
-7.60104 1.88500 
-7.60527 1.88600 
-7.60950 1.88700 
-7.61373 1.88800 
-7.61796 1.88900 
-7.62218 1.89000 
-7.62641 1.89100 
-7.63064 1.89200 
-7.63487 1.89300 
-7.63910 1.89400 
-7.64332 1.89500 
-7.64755 1.89600 
-7.65178 1.89700 
-7.65601 1.89800 
-7.66024 1.89900 
-7.66446 1.90000 
-7.66869 1.90100 
-7.67292 1.90200 
-7.67715 1.90300 
-7.68138 1.90400 
-7.68560 1.90500 
-7.68983 1.90600 
-7.69406 1.90700 
-7.69829 1.90800 
-7.70252 1.90900 
-7.70674 1.91000 
-7.71097 1.91100 
-7.71520 1.91200 
-7.71943 1.91300 
-7.72365 1.91400 
-7.72788 1.91500 
-7.73211 1.91600 
-7.73634 1.91700 
-7.74057 1.91800 
-7.74479 1.91900 
-7.74902 1.92000 
-7.75325 1.92100 
-7.75748 1.92200 
-7.76171 1.92300 
-7.76593 1.92400 
-7.77016 1.92500 
-7.77439 1.92600 
-7.77862 1.92700 
-7.78285 1.92800 
-7.78707 1.92900 
-7.79130 1.93000 
-7.79553 1.93100 
-7.79976 1.93200 
-7.80399 1.93300 
-7.80821 1.93400 
-7.81244 1.93500 
-7.81667 1.93600 
-7.82090 1.93700 
-7.82513 1.93800 
-7.82935 1.93900 
-7.83358 1.94000 
-7.83781 1.94100 
-7.84204 1.94200 
-7.84627 1.94300 
-7.85049 1.94400 
-7.85472 1.94500 
-7.85895 1.94600 
-7.86318 1.94700 
-7.86741 1.94800 
-7.87163 1.94900 
-7.87586 1.95000 
-7.88009 1.95100 
-7.88432 1.95200 
-7.88855 1.95300 
-7.89277 1.95400 
-7.89700 1.95500 
-7.90123 1.95600 
-7.90546 1.95700 
-7.90969 1.95800 
-7.91391 1.95900 
-7.91814 1.96000 
-7.92237 1.96100 
-7.92660 1.96200 
-7.93083 1.96300 
-7.93505 1.96400 
-7.93928 1.96500 
-7.94351 1.96600 
-7.94774 1.96700 
-7.95197 1.96800 
-7.95619 1.96900 
-7.96042 1.97000 
-7.96465 1.97100 
-7.96888 1.97200 
-7.97311 1.97300 
-7.97733 1.97400 
-7.98156 1.97500 
-7.98579 1.97600 
-7.99002 1.97700 
-7.99425 1.97800 
-7.99847 1.97900 
-8.00270 1.98000 
-8.00693 1.98100 
-8.01116 1.98200 
-8.01539 1.98300 
-8.01961 1.98400 
-8.02384 1.98500 
-8.02807 1.98600 
-8.03230 1.98700 
-8.03653 1.98800 
-8.04075 1.98900 
-8.04498 1.99000 
-8.04921 1.99100 
-8.05344 1.99200 
-8.05767 1.99300 
-8.06189 1.99400 
-8.06612 1.99500 
-8.07035 1.99600 
-8.07458 1.99700 
-8.07881 1.99800 
-8.08303 1.99900 
-8.08726 2.00000 
-8.09149 2.00100 
-8.09572 2.00200 
-8.09995 2.00300 
-8.10417 2.00400 
-8.10840 2.00500 
-8.11263 2.00600 
-8.11686 2.00700 
-8.12109 2.00800 
-8.12531 2.00900 
-8.12954 2.01000 
-8.13377 2.01100 
-8.13800 2.01200 
-8.14223 2.01300 
-8.14645 2.01400 
-8.15068 2.01500 
-8.15491 2.01600 
-8.15914 2.01700 
-8.16337 2.01800 
-8.16759 2.01900 
-8.17182 2.02000 
-8.17605 2.02100 
-8.18028 2.02200 
-8.18451 2.02300 
-8.18873 2.02400 
-8.19296 2.02500 
-8.19719 2.02600 
-8.20142 2.02700 
-8.20565 2.02800 
-8.20987 2.02900 
-8.21410 2.03000 
-8.21833 2.03100 
-8.22256 2.03200 
-8.22679 2.03300 
-8.23101 2.03400 
-8.23524 2.03500 
-8.23947 2.03600 
-8.24370 2.03700 
-8.24793 2.03800 
-8.25215 2.03900 
-8.25638 2.04000 
-8.26061 2.04100 
-8.26484 2.04200 
-8.26907 2.04300 
-8.27329 2.04400 
-8.27752 2.04500 
-8.28175 2.04600 
-8.28598 2.04700 
-8.29021 2.04800 
-8.29443 2.04900 
-8.29866 2.05000 
-8.30289 2.05100 
-8.30712 2.05200 
-8.31135 2.05300 
-8.31557 2.05400 
-8.31980 2.05500 
-8.32403 2.05600 
-8.32826 2.05700 
-8.33249 2.05800 
-8.33671 2.05900 
-8.34094 2.06000 
-8.34517 2.06100 
-8.34940 2.06200 
-8.35363 2.06300 
-8.35785 2.06400 
-8.36208 2.06500 
-8.36631 2.06600 
-8.37054 2.06700 
-8.37477 2.06800 
-8.37899 2.06900 
-8.38322 2.07000 
-8.38745 2.07100 
-8.39168 2.07200 
-8.39591 2.07300 
-8.40013 2.07400 
-8.40436 2.07500 
-8.40859 2.07600 
-8.41282 2.07700 
-8.41704 2.07800 
-8.42127 2.07900 
-8.42550 2.08000 
-8.42973 2.08100 
-8.43396 2.08200 
-8.43818 2.08300 
-8.44241 2.08400 
-8.44664 2.08500 
-8.45087 2.08600 
-8.45510 2.08700 
-8.45932 2.08800 
-8.46355 2.08900 
-8.46778 2.09000 
-8.47201 2.09100 
-8.47624 2.09200 
-8.48046 2.09300 
-8.48469 2.09400 
-8.48892 2.09500 
-8.49315 2.09600 
-8.49738 2.09700 
-8.50160 2.09800 
-8.50583 2.09900 
-8.51006 2.10000 
-8.51429 2.10100 
-8.51852 2.10200 
-8.52274 2.10300 
-8.52697 2.10400 
-8.53120 2.10500 
-8.53543 2.10600 
-8.53966 2.10700 
-8.54388 2.10800 
-8.54811 2.10900 
-8.55234 2.11000 
-8.55657 2.11100 
-8.56080 2.11200 
-8.56502 2.11300 
-8.56925 2.11400 
-8.57348 2.11500 
-8.57771 2.11600 
-8.58194 2.11700 
-8.58616 2.11800 
-8.59039 2.11900 
-8.59462 2.12000 
-8.59885 2.12100 
-8.60308 2.12200 
-8.60730 2.12300 
-8.61153 2.12400 
-8.61576 2.12500 
-8.61999 2.12600 
-8.62422 2.12700 
-8.62844 2.12800 
-8.63267 2.12900 
-8.63690 2.13000 
-8.64113 2.13100 
-8.64536 2.13200 
-8.64958 2.13300 
-8.65381 2.13400 
-8.65804 2.13500 
-8.66227 2.13600 
-8.66650 2.13700 
-8.67072 2.13800 
-8.67495 2.13900 
-8.67918 2.14000 
-8.68341 2.14100 
-8.68764 2.14200 
-8.69186 2.14300 
-8.69609 2.14400 
-8.70032 2.14500 
-8.70455 2.14600 
-8.70878 2.14700 
-8.71300 2.14800 
-8.71723 2.14900 
-8.72146 2.15000 
-8.72569 2.15100 
-8.72992 2.15200 
-8.73414 2.15300 
-8.73837 2.15400 
-8.74260 2.15500 
-8.74683 2.15600 
-8.75106 2.15700 
-8.75528 2.15800 
-8.75951 2.15900 
-8.76374 2.16000 
-8.76797 2.16100 
-8.77220 2.16200 
-8.77642 2.16300 
-8.78065 2.16400 
-8.78488 2.16500 
-8.78911 2.16600 
-8.79334 2.16700 
-8.79756 2.16800 
-8.80179 2.16900 
-8.80602 2.17000 
-8.81025 2.17100 
-8.81448 2.17200 
-8.81870 2.17300 
-8.82293 2.17400 
-8.82716 2.17500 
-8.83139 2.17600 
-8.83562 2.17700 
-8.83984 2.17800 
-8.84407 2.17900 
-8.84830 2.18000 
-8.85253 2.18100 
-8.85676 2.18200 
-8.86098 2.18300 
-8.86521 2.18400 
-8.86944 2.18500 
-8.87367 2.18600 
-8.87790 2.18700 
-8.88212 2.18800 
-8.88635 2.18900 
-8.89058 2.19000 
-8.89481 2.19100 
-8.89904 2.19200 
-8.90326 2.19300 
-8.90749 2.19400 
-8.91172 2.19500 
-8.91595 2.19600 
-8.92018 2.19700 
-8.92440 2.19800 
-8.92863 2.19900 
-8.93286 2.20000 
-8.93709 2.20100 
-8.94132 2.20200 
-8.94554 2.20300 
-8.94977 2.20400 
-8.95400 2.20500 
-8.95823 2.20600 
-8.96246 2.20700 
-8.96668 2.20800 
-8.97091 2.20900 
-8.97514 2.21000 
-8.97937 2.21100 
-8.98360 2.21200 
-8.98782 2.21300 
-8.99205 2.21400 
-8.99628 2.21500 
-9.00051 2.21600 
-9.00474 2.21700 
-9.00896 2.21800 
-9.01319 2.21900 
-9.01742 2.22000 
-9.02165 2.22100 
-9.02588 2.22200 
-9.03010 2.22300 
-9.03433 2.22400 
-9.03856 2.22500 
-9.04279 2.22600 
-9.04702 2.22700 
-9.05124 2.22800 
-9.05547 2.22900 
-9.05970 2.23000 
-9.06393 2.23100 
-9.06816 2.23200 
-9.07238 2.23300 
-9.07661 2.23400 
-9.08084 2.23500 
-9.08507 2.23600 
-9.08930 2.23700 
-9.09352 2.23800 
-9.09775 2.23900 
-9.10198 2.24000 
-9.10621 2.24100 
-9.11044 2.24200 
-9.11466 2.24300 
-9.11889 2.24400 
-9.12312 2.24500 
-9.12735 2.24600 
-9.13157 2.24700 
-9.13580 2.24800 
-9.14003 2.24900 
-9.14426 2.25000 
-9.14849 2.25100 
-9.15271 2.25200 
-9.15694 2.25300 
-9.16117 2.25400 
-9.16540 2.25500 
-9.16963 2.25600 
-9.17385 2.25700 
-9.17808 2.25800 
-9.18231 2.25900 
-9.18654 2.26000 
-9.19077 2.26100 
-9.19499 2.26200 
-9.19922 2.26300 
-9.20345 2.26400 
-9.20768 2.26500 
-9.21191 2.26600 
-9.21613 2.26700 
-9.22036 2.26800 
-9.22459 2.26900 
-9.22882 2.27000 
-9.23305 2.27100 
-9.23727 2.27200 
-9.24150 2.27300 
-9.24573 2.27400 
-9.24996 2.27500 
-9.25419 2.27600 
-9.25841 2.27700 
-9.26264 2.27800 
-9.26687 2.27900 
-9.27110 2.28000 
-9.27533 2.28100 
-9.27955 2.28200 
-9.28378 2.28300 
-9.28801 2.28400 
-9.29224 2.28500 
-9.29647 2.28600 
-9.30069 2.28700 
-9.30492 2.28800 
-9.30915 2.28900 
-9.31338 2.29000 
-9.31761 2.29100 
-9.32183 2.29200 
-9.32606 2.29300 
-9.33029 2.29400 
-9.33452 2.29500 
-9.33875 2.29600 
-9.34297 2.29700 
-9.34720 2.29800 
-9.35143 2.29900 
-9.35566 2.30000 
-9.35989 2.30100 
-9.36411 2.30200 
-9.36834 2.30300 
-9.37257 2.30400 
-9.37680 2.30500 
-9.38103 2.30600 
-9.38525 2.30700 
-9.38948 2.30800 
-9.39371 2.30900 
-9.39794 2.31000 
-9.40217 2.31100 
-9.40639 2.31200 
-9.41062 2.31300 
-9.41485 2.31400 
-9.41908 2.31500 
-9.42331 2.31600 
-9.42753 2.31700 
-9.43176 2.31800 
-9.43599 2.31900 
-9.44022 2.32000 
-9.44445 2.32100 
-9.44867 2.32200 
-9.45290 2.32300 
-9.45713 2.32400 
-9.46136 2.32500 
-9.46559 2.32600 
-9.46981 2.32700 
-9.47404 2.32800 
-9.47827 2.32900 
-9.48250 2.33000 
-9.48673 2.33100 
-9.49095 2.33200 
-9.49518 2.33300 
-9.49941 2.33400 
-9.50364 2.33500 
-9.50787 2.33600 
-9.51209 2.33700 
-9.51632 2.33800 
-9.52055 2.33900 
-9.52478 2.34000 
-9.52901 2.34100 
-9.53323 2.34200 
-9.53746 2.34300 
-9.54169 2.34400 
-9.54592 2.34500 
-9.55015 2.34600 
-9.55437 2.34700 
-9.55860 2.34800 
-9.56283 2.34900 
-9.56706 2.35000 
-9.57129 2.35100 
-9.57551 2.35200 
-9.57974 2.35300 
-9.58397 2.35400 
-9.58820 2.35500 
-9.59243 2.35600 
-9.59665 2.35700 
-9.60088 2.35800 
-9.60511 2.35900 
-9.60934 2.36000 
-9.61357 2.36100 
-9.61779 2.36200 
-9.62202 2.36300 
-9.62625 2.36400 
-9.63048 2.36500 
-9.63471 2.36600 
-9.63893 2.36700 
-9.64316 2.36800 
-9.64739 2.36900 
-9.65162 2.37000 
-9.65585 2.37100 
-9.66007 2.37200 
-9.66430 2.37300 
-9.66853 2.37400 
-9.67276 2.37500 
-9.67699 2.37600 
-9.68121 2.37700 
-9.68544 2.37800 
-9.68967 2.37900 
-9.69390 2.38000 
-9.69813 2.38100 
-9.70235 2.38200 
-9.70658 2.38300 
-9.71081 2.38400 
-9.71504 2.38500 
-9.71927 2.38600 
-9.72349 2.38700 
-9.72772 2.38800 
-9.73195 2.38900 
-9.73618 2.39000 
-9.74041 2.39100 
-9.74463 2.39200 
-9.74886 2.39300 
-9.75309 2.39400 
-9.75732 2.39500 
-9.76155 2.39600 
-9.76577 2.39700 
-9.77000 2.39800 
-9.77423 2.39900 
-9.77846 2.40000 
-9.78269 2.40100 
-9.78691 2.40200 
-9.79114 2.40300 
-9.79537 2.40400 
-9.79960 2.40500 
-9.80383 2.40600 
-9.80805 2.40700 
-9.81228 2.40800 
-9.81651 2.40900 
-9.82074 2.41000 
-9.82497 2.41100 
-9.82919 2.41200 
-9.83342 2.41300 
-9.83765 2.41400 
-9.84188 2.41500 
-9.84610 2.41600 
-9.85033 2.41700 
-9.85456 2.41800 
-9.85879 2.41900 
-9.86302 2.42000 
-9.86724 2.42100 
-9.87147 2.42200 
-9.87570 2.42300 
-9.87993 2.42400 
-9.88416 2.42500 
-9.88838 2.42600 
-9.89261 2.42700 
-9.89684 2.42800 
-9.90107 2.42900 
-9.90530 2.43000 
-9.90952 2.43100 
-9.91375 2.43200 
-9.91798 2.43300 
-9.92221 2.43400 
-9.92644 2.43500 
-9.93066 2.43600 
-9.93489 2.43700 
-9.93912 2.43800 
-9.94335 2.43900 
-9.94758 2.44000 
-9.95180 2.44100 
-9.95603 2.44200 
-9.96026 2.44300 
-9.96449 2.44400 
-9.96872 2.44500 
-9.97294 2.44600 
-9.97717 2.44700 
-9.98140 2.44800 
-9.98563 2.44900 
-9.98986 2.45000 
-9.99408 2.45100 
-9.99831 2.45200 
-10.00254 2.45300 
-10.00677 2.45400 
-10.01100 2.45500 
-10.01522 2.45600 
-10.01945 2.45700 
-10.02368 2.45800 
-10.02791 2.45900 
-10.03214 2.46000 
-10.03636 2.46100 
-10.04059 2.46200 
-10.04482 2.46300 
-10.04905 2.46400 
-10.05328 2.46500 
-10.05750 2.46600 
-10.06173 2.46700 
-10.06596 2.46800 
-10.07019 2.46900 
-10.07442 2.47000 
-10.07864 2.47100 
-10.08287 2.47200 
-10.08710 2.47300 
-10.09133 2.47400 
-10.09556 2.47500 
-10.09978 2.47600 
-10.10401 2.47700 
-10.10824 2.47800 
-10.11247 2.47900 
-10.11670 2.48000 
-10.12092 2.48100 
-10.12515 2.48200 
-10.12938 2.48300 
-10.13361 2.48400 
-10.13784 2.48500 
-10.14206 2.48600 
-10.14629 2.48700 
-10.15052 2.48800 
-10.15475 2.48900 
-10.15898 2.49000 
-10.16320 2.49100 
-10.16743 2.49200 
-10.17166 2.49300 
-10.17589 2.49400 
-10.18012 2.49500 
-10.18434 2.49600 
-10.18857 2.49700 
-10.19280 2.49800 
-10.19703 2.49900 
-10.20126 2.50000 
-10.20548 2.50100 
-10.20971 2.50200 
-10.21394 2.50300 
-10.21817 2.50400 
-10.22240 2.50500 
-10.22662 2.50600 
-10.23085 2.50700 
-10.23508 2.50800 
-10.23931 2.50900 
-10.24354 2.51000 
-10.24776 2.51100 
-10.25199 2.51200 
-10.25622 2.51300 
-10.26045 2.51400 
-10.26468 2.51500 
-10.26890 2.51600 
-10.27313 2.51700 
-10.27736 2.51800 
-10.28159 2.51900 
-10.28582 2.52000 
-10.29004 2.52100 
-10.29427 2.52200 
-10.29850 2.52300 
-10.30273 2.52400 
-10.30696 2.52500 
-10.31118 2.52600 
-10.31541 2.52700 
-10.31964 2.52800 
-10.32387 2.52900 
-10.32810 2.53000 
-10.33232 2.53100 
-10.33655 2.53200 
-10.34078 2.53300 
-10.34501 2.53400 
-10.34924 2.53500 
-10.35346 2.53600 
-10.35769 2.53700 
-10.36192 2.53800 
-10.36615 2.53900 
-10.37038 2.54000 
-10.37460 2.54100 
-10.37883 2.54200 
-10.38306 2.54300 
-10.38729 2.54400 
-10.39152 2.54500 
-10.39574 2.54600 
-10.39997 2.54700 
-10.40420 2.54800 
-10.40843 2.54900 
-10.41266 2.55000 
-10.41688 2.55100 
-10.42111 2.55200 
-10.42534 2.55300 
-10.42957 2.55400 
-10.43380 2.55500 
-10.43802 2.55600 
-10.44225 2.55700 
-10.44648 2.55800 
-10.45071 2.55900 
-10.45494 2.56000 
-10.45916 2.56100 
-10.46339 2.56200 
-10.46762 2.56300 
-10.47185 2.56400 
-10.47608 2.56500 
-10.48030 2.56600 
-10.48453 2.56700 
-10.48876 2.56800 
-10.49299 2.56900 
-10.49722 2.57000 
-10.50144 2.57100 
-10.50567 2.57200 
-10.50990 2.57300 
-10.51413 2.57400 
-10.51836 2.57500 
-10.52258 2.57600 
-10.52681 2.57700 
-10.53104 2.57800 
-10.53527 2.57900 
-10.53950 2.58000 
-10.54372 2.58100 
-10.54795 2.58200 
-10.55218 2.58300 
-10.55641 2.58400 
-10.56063 2.58500 
-10.56486 2.58600 
-10.56909 2.58700 
-10.57332 2.58800 
-10.57755 2.58900 
-10.58177 2.59000 
-10.58600 2.59100 
-10.59023 2.59200 
-10.59446 2.59300 
-10.59869 2.59400 
-10.60291 2.59500 
-10.60714 2.59600 
-10.61137 2.59700 
-10.61560 2.59800 
-10.61983 2.59900 
-10.62405 2.60000 
-10.62828 2.60100 
-10.63251 2.60200 
-10.63674 2.60300 
-10.64097 2.60400 
-10.64519 2.60500 
-10.64942 2.60600 
-10.65365 2.60700 
-10.65788 2.60800 
-10.66211 2.60900 
-10.66633 2.61000 
-10.67056 2.61100 
-10.67479 2.61200 
-10.67902 2.61300 
-10.68325 2.61400 
-10.68747 2.61500 
-10.69170 2.61600 
-10.69593 2.61700 
-10.70016 2.61800 
-10.70439 2.61900 
-10.70861 2.62000 
-10.71284 2.62100 
-10.71707 2.62200 
-10.72130 2.62300 
-10.72553 2.62400 
-10.72975 2.62500 
-10.73398 2.62600 
-10.73821 2.62700 
-10.74244 2.62800 
-10.74667 2.62900 
-10.75089 2.63000 
-10.75512 2.63100 
-10.75935 2.63200 
-10.76358 2.63300 
-10.76781 2.63400 
-10.77203 2.63500 
-10.77626 2.63600 
-10.78049 2.63700 
-10.78472 2.63800 
-10.78895 2.63900 
-10.79317 2.64000 
-10.79740 2.64100 
-10.80163 2.64200 
-10.80586 2.64300 
-10.81009 2.64400 
-10.81431 2.64500 
-10.81854 2.64600 
-10.82277 2.64700 
-10.82700 2.64800 
-10.83123 2.64900 
-10.83545 2.65000 
-10.83968 2.65100 
-10.84391 2.65200 
-10.84814 2.65300 
-10.85237 2.65400 
-10.85659 2.65500 
-10.86082 2.65600 
-10.86505 2.65700 
-10.86928 2.65800 
-10.87351 2.65900 
-10.87773 2.66000 
-10.88196 2.66100 
-10.88619 2.66200 
-10.89042 2.66300 
-10.89465 2.66400 
-10.89887 2.66500 
-10.90310 2.66600 
-10.90733 2.66700 
-10.91156 2.66800 
-10.91579 2.66900 
-10.92001 2.67000 
-10.92424 2.67100 
-10.92847 2.67200 
-10.93270 2.67300 
-10.93693 2.67400 
-10.94115 2.67500 
-10.94538 2.67600 
-10.94961 2.67700 
-10.95384 2.67800 
-10.95807 2.67900 
-10.96229 2.68000 
-10.96652 2.68100 
-10.97075 2.68200 
-10.97498 2.68300 
-10.97921 2.68400 
-10.98343 2.68500 
-10.98766 2.68600 
-10.99189 2.68700 
-10.99612 2.68800 
-11.00035 2.68900 
-11.00457 2.69000 
-11.00880 2.69100 
-11.01303 2.69200 
-11.01726 2.69300 
-11.02149 2.69400 
-11.02571 2.69500 
-11.02994 2.69600 
-11.03417 2.69700 
-11.03840 2.69800 
-11.04263 2.69900 
-11.04685 2.70000 
-11.05108 2.70100 
-11.05531 2.70200 
-11.05954 2.70300 
-11.06377 2.70400 
-11.06799 2.70500 
-11.07222 2.70600 
-11.07645 2.70700 
-11.08068 2.70800 
-11.08491 2.70900 
-11.08913 2.71000 
-11.09336 2.71100 
-11.09759 2.71200 
-11.10182 2.71300 
-11.10605 2.71400 
-11.11027 2.71500 
-11.11450 2.71600 
-11.11873 2.71700 
-11.12296 2.71800 
-11.12719 2.71900 
-11.13141 2.72000 
-11.13564 2.72100 
-11.13987 2.72200 
-11.14410 2.72300 
-11.14833 2.72400 
-11.15255 2.72500 
-11.15678 2.72600 
-11.16101 2.72700 
-11.16524 2.72800 
-11.16947 2.72900 
-11.17369 2.73000 
-11.17792 2.73100 
-11.18215 2.73200 
-11.18638 2.73300 
-11.19061 2.73400 
-11.19483 2.73500 
-11.19906 2.73600 
-11.20329 2.73700 
-11.20752 2.73800 
-11.21175 2.73900 
-11.21597 2.74000 
-11.22020 2.74100 
-11.22443 2.74200 
-11.22866 2.74300 
-11.23289 2.74400 
-11.23711 2.74500 
-11.24134 2.74600 
-11.24557 2.74700 
-11.24980 2.74800 
-11.25403 2.74900 
-11.25825 2.75000 
-11.26248 2.75100 
-11.26671 2.75200 
-11.27094 2.75300 
-11.27516 2.75400 
-11.27939 2.75500 
-11.28362 2.75600 
-11.28785 2.75700 
-11.29208 2.75800 
-11.29630 2.75900 
-11.30053 2.76000 
-11.30476 2.76100 
-11.30899 2.76200 
-11.31322 2.76300 
-11.31744 2.76400 
-11.32167 2.76500 
-11.32590 2.76600 
-11.33013 2.76700 
-11.33436 2.76800 
-11.33858 2.76900 
-11.34281 2.77000 
-11.34704 2.77100 
-11.35127 2.77200 
-11.35550 2.77300 
-11.35972 2.77400 
-11.36395 2.77500 
-11.36818 2.77600 
-11.37241 2.77700 
-11.37664 2.77800 
-11.38086 2.77900 
-11.38509 2.78000 
-11.38932 2.78100 
-11.39355 2.78200 
-11.39778 2.78300 
-11.40200 2.78400 
-11.40623 2.78500 
-11.41046 2.78600 
-11.41469 2.78700 
-11.41892 2.78800 
-11.42314 2.78900 
-11.42737 2.79000 
-11.43160 2.79100 
-11.43583 2.79200 
-11.44006 2.79300 
-11.44428 2.79400 
-11.44851 2.79500 
-11.45274 2.79600 
-11.45697 2.79700 
-11.46120 2.79800 
-11.46542 2.79900 
-11.46965 2.80000 
-11.47388 2.80100 
-11.47811 2.80200 
-11.48234 2.80300 
-11.48656 2.80400 
-11.49079 2.80500 
-11.49502 2.80600 
-11.49925 2.80700 
-11.50348 2.80800 
-11.50770 2.80900 
-11.51193 2.81000 
-11.51616 2.81100 
-11.52039 2.81200 
-11.52462 2.81300 
-11.52884 2.81400 
-11.53307 2.81500 
-11.53730 2.81600 
-11.54153 2.81700 
-11.54576 2.81800 
-11.54998 2.81900 
-11.55421 2.82000 
-11.55844 2.82100 
-11.56267 2.82200 
-11.56690 2.82300 
-11.57112 2.82400 
-11.57535 2.82500 
-11.57958 2.82600 
-11.58381 2.82700 
-11.58804 2.82800 
-11.59226 2.82900 
-11.59649 2.83000 
-11.60072 2.83100 
-11.60495 2.83200 
-11.60918 2.83300 
-11.61340 2.83400 
-11.61763 2.83500 
-11.62186 2.83600 
-11.62609 2.83700 
-11.63032 2.83800 
-11.63454 2.83900 
-11.63877 2.84000 
-11.64300 2.84100 
-11.64723 2.84200 
-11.65146 2.84300 
-11.65568 2.84400 
-11.65991 2.84500 
-11.66414 2.84600 
-11.66837 2.84700 
-11.67260 2.84800 
-11.67682 2.84900 
-11.68105 2.85000 
-11.68528 2.85100 
-11.68951 2.85200 
-11.69374 2.85300 
-11.69796 2.85400 
-11.70219 2.85500 
-11.70642 2.85600 
-11.71065 2.85700 
-11.71488 2.85800 
-11.71910 2.85900 
-11.72333 2.86000 
-11.72756 2.86100 
-11.73179 2.86200 
-11.73602 2.86300 
-11.74024 2.86400 
-11.74447 2.86500 
-11.74870 2.86600 
-11.75293 2.86700 
-11.75716 2.86800 
-11.76138 2.86900 
-11.76561 2.87000 
-11.76984 2.87100 
-11.77407 2.87200 
-11.77830 2.87300 
-11.78252 2.87400 
-11.78675 2.87500 
-11.79098 2.87600 
-11.79521 2.87700 
-11.79944 2.87800 
-11.80366 2.87900 
-11.80789 2.88000 
-11.81212 2.88100 
-11.81635 2.88200 
-11.82058 2.88300 
-11.82480 2.88400 
-11.82903 2.88500 
-11.83326 2.88600 
-11.83749 2.88700 
-11.84172 2.88800 
-11.84594 2.88900 
-11.85017 2.89000 
-11.85440 2.89100 
-11.85863 2.89200 
-11.86286 2.89300 
-11.86708 2.89400 
-11.87131 2.89500 
-11.87554 2.89600 
-11.87977 2.89700 
-11.88400 2.89800 
-11.88822 2.89900 
-11.89245 2.90000 
-11.89668 2.90100 
-11.90091 2.90200 
-11.90514 2.90300 
-11.90936 2.90400 
-11.91359 2.90500 
-11.91782 2.90600 
-11.92205 2.90700 
-11.92628 2.90800 
-11.93050 2.90900 
-11.93473 2.91000 
-11.93896 2.91100 
-11.94319 2.91200 
-11.94742 2.91300 
-11.95164 2.91400 
-11.95587 2.91500 
-11.96010 2.91600 
-11.96433 2.91700 
-11.96856 2.91800 
-11.97278 2.91900 
-11.97701 2.92000 
-11.98124 2.92100 
-11.98547 2.92200 
-11.98969 2.92300 
-11.99392 2.92400 
-11.99815 2.92500 
-12.00238 2.92600 
-12.00661 2.92700 
-12.01083 2.92800 
-12.01506 2.92900 
-12.01929 2.93000 
-12.02352 2.93100 
-12.02775 2.93200 
-12.03197 2.93300 
-12.03620 2.93400 
-12.04043 2.93500 
-12.04466 2.93600 
-12.04889 2.93700 
-12.05311 2.93800 
-12.05734 2.93900 
-12.06157 2.94000 
-12.06580 2.94100 
-12.07003 2.94200 
-12.07425 2.94300 
-12.07848 2.94400 
-12.08271 2.94500 
-12.08694 2.94600 
-12.09117 2.94700 
-12.09539 2.94800 
-12.09962 2.94900 
-12.10385 2.95000 
-12.10808 2.95100 
-12.11231 2.95200 
-12.11653 2.95300 
-12.12076 2.95400 
-12.12499 2.95500 
-12.12922 2.95600 
-12.13345 2.95700 
-12.13767 2.95800 
-12.14190 2.95900 
-12.14613 2.96000 
-12.15036 2.96100 
-12.15459 2.96200 
-12.15881 2.96300 
-12.16304 2.96400 
-12.16727 2.96500 
-12.17150 2.96600 
-12.17573 2.96700 
-12.17995 2.96800 
-12.18418 2.96900 
-12.18841 2.97000 
-12.19264 2.97100 
-12.19687 2.97200 
-12.20109 2.97300 
-12.20532 2.97400 
-12.20955 2.97500 
-12.21378 2.97600 
-12.21801 2.97700 
-12.22223 2.97800 
-12.22646 2.97900 
-12.23069 2.98000 
-12.23492 2.98100 
-12.23915 2.98200 
-12.24337 2.98300 
-12.24760 2.98400 
-12.25183 2.98500 
-12.25606 2.98600 
-12.26029 2.98700 
-12.26451 2.98800 
-12.26874 2.98900 
-12.27297 2.99000 
-12.27720 2.99100 
-12.28143 2.99200 
-12.28565 2.99300 
-12.28988 2.99400 
-12.29411 2.99500 
-12.29834 2.99600 
-12.30257 2.99700 
-12.30679 2.99800 
-12.31102 2.99900 
-12.31525 3.00000 
-12.31948 3.00100 
-12.32371 3.00200 
-12.32793 3.00300 
-12.33216 3.00400 
-12.33639 3.00500 
-12.34062 3.00600 
-12.34485 3.00700 
-12.34907 3.00800 
-12.35330 3.00900 
-12.35753 3.01000 
-12.36176 3.01100 
-12.36599 3.01200 
-12.37021 3.01300 
-12.37444 3.01400 
-12.37867 3.01500 
-12.38290 3.01600 
-12.38713 3.01700 
-12.39135 3.01800 
-12.39558 3.01900 
-12.39981 3.02000 
-12.40404 3.02100 
-12.40827 3.02200 
-12.41249 3.02300 
-12.41672 3.02400 
-12.42095 3.02500 
-12.42518 3.02600 
-12.42941 3.02700 
-12.43363 3.02800 
-12.43786 3.02900 
-12.44209 3.03000 
-12.44632 3.03100 
-12.45055 3.03200 
-12.45477 3.03300 
-12.45900 3.03400 
-12.46323 3.03500 
-12.46746 3.03600 
-12.47169 3.03700 
-12.47591 3.03800 
-12.48014 3.03900 
-12.48437 3.04000 
-12.48860 3.04100 
-12.49283 3.04200 
-12.49705 3.04300 
-12.50128 3.04400 
-12.50551 3.04500 
-12.50974 3.04600 
-12.51397 3.04700 
-12.51819 3.04800 
-12.52242 3.04900 
-12.52665 3.05000 
-12.53088 3.05100 
-12.53511 3.05200 
-12.53933 3.05300 
-12.54356 3.05400 
-12.54779 3.05500 
-12.55202 3.05600 
-12.55625 3.05700 
-12.56047 3.05800 
-12.56470 3.05900 
-12.56893 3.06000 
-12.57316 3.06100 
-12.57739 3.06200 
-12.58161 3.06300 
-12.58584 3.06400 
-12.59007 3.06500 
-12.59430 3.06600 
-12.59853 3.06700 
-12.60275 3.06800 
-12.60698 3.06900 
-12.61121 3.07000 
-12.61544 3.07100 
-12.61967 3.07200 
-12.62389 3.07300 
-12.62812 3.07400 
-12.63235 3.07500 
-12.63658 3.07600 
-12.64081 3.07700 
-12.64503 3.07800 
-12.64926 3.07900 
-12.65349 3.08000 
-12.65772 3.08100 
-12.66195 3.08200 
-12.66617 3.08300 
-12.67040 3.08400 
-12.67463 3.08500 
-12.67886 3.08600 
-12.68309 3.08700 
-12.68731 3.08800 
-12.69154 3.08900 
-12.69577 3.09000 
-12.70000 3.09100 
-12.70422 3.09200 
-12.70845 3.09300 
-12.71268 3.09400 
-12.71691 3.09500 
-12.72114 3.09600 
-12.72536 3.09700 
-12.72959 3.09800 
-12.73382 3.09900 
-12.73805 3.10000 
-12.74228 3.10100 
-12.74650 3.10200 
-12.75073 3.10300 
-12.75496 3.10400 
-12.75919 3.10500 
-12.76342 3.10600 
-12.76764 3.10700 
-12.77187 3.10800 
-12.77610 3.10900 
-12.78033 3.11000 
-12.78456 3.11100 
-12.78878 3.11200 
-12.79301 3.11300 
-12.79724 3.11400 
-12.80147 3.11500 
-12.80570 3.11600 
-12.80992 3.11700 
-12.81415 3.11800 
-12.81838 3.11900 
-12.82261 3.12000 
-12.82684 3.12100 
-12.83106 3.12200 
-12.83529 3.12300 
-12.83952 3.12400 
-12.84375 3.12500 
-12.84798 3.12600 
-12.85220 3.12700 
-12.85643 3.12800 
-12.86066 3.12900 
-12.86489 3.13000 
-12.86912 3.13100 
-12.87334 3.13200 
-12.87757 3.13300 
-12.88180 3.13400 
-12.88603 3.13500 
-12.89026 3.13600 
-12.89448 3.13700 
-12.89871 3.13800 
-12.90294 3.13900 
-12.90717 3.14000 
-12.91140 3.14100 
-12.91562 3.14200 
-12.91985 3.14300 
-12.92408 3.14400 
-12.92831 3.14500 
-12.93254 3.14600 
-12.93676 3.14700 
-12.94099 3.14800 
-12.94522 3.14900 
-12.94945 3.15000 
-12.95368 3.15100 
-12.95790 3.15200 
-12.96213 3.15300 
-12.96636 3.15400 
-12.97059 3.15500 
-12.97482 3.15600 
-12.97904 3.15700 
-12.98327 3.15800 
-12.98750 3.15900 
-12.99173 3.16000 
-12.99596 3.16100 
-13.00018 3.16200 
-13.00441 3.16300 
-13.00864 3.16400 
-13.01287 3.16500 
-13.01710 3.16600 
-13.02132 3.16700 
-13.02555 3.16800 
-13.02978 3.16900 
-13.03401 3.17000 
-13.03824 3.17100 
-13.04246 3.17200 
-13.04669 3.17300 
-13.05092 3.17400 
-13.05515 3.17500 
-13.05938 3.17600 
-13.06360 3.17700 
-13.06783 3.17800 
-13.07206 3.17900 
-13.07629 3.18000 
-13.08052 3.18100 
-13.08474 3.18200 
-13.08897 3.18300 
-13.09320 3.18400 
-13.09743 3.18500 
-13.10166 3.18600 
-13.10588 3.18700 
-13.11011 3.18800 
-13.11434 3.18900 
-13.11857 3.19000 
-13.12280 3.19100 
-13.12702 3.19200 
-13.13125 3.19300 
-13.13548 3.19400 
-13.13971 3.19500 
-13.14394 3.19600 
-13.14816 3.19700 
-13.15239 3.19800 
-13.15662 3.19900 
-13.16085 3.20000 
-13.16508 3.20100 
-13.16930 3.20200 
-13.17353 3.20300 
-13.17776 3.20400 
-13.18199 3.20500 
-13.18622 3.20600 
-13.19044 3.20700 
-13.19467 3.20800 
-13.19890 3.20900 
-13.20313 3.21000 
-13.20736 3.21100 
-13.21158 3.21200 
-13.21581 3.21300 
-13.22004 3.21400 
-13.22427 3.21500 
-13.22850 3.21600 
-13.23272 3.21700 
-13.23695 3.21800 
-13.24118 3.21900 
-13.24541 3.22000 
-13.24964 3.22100 
-13.25386 3.22200 
-13.25809 3.22300 
-13.26232 3.22400 
-13.26655 3.22500 
-13.27078 3.22600 
-13.27500 3.22700 
-13.27923 3.22800 
-13.28346 3.22900 
-13.28769 3.23000 
-13.29192 3.23100 
-13.29614 3.23200 
-13.30037 3.23300 
-13.30460 3.23400 
-13.30883 3.23500 
-13.31306 3.23600 
-13.31728 3.23700 
-13.32151 3.23800 
-13.32574 3.23900 
-13.32997 3.24000 
-13.33420 3.24100 
-13.33842 3.24200 
-13.34265 3.24300 
-13.34688 3.24400 
-13.35111 3.24500 
-13.35534 3.24600 
-13.35956 3.24700 
-13.36379 3.24800 
-13.36802 3.24900 
-13.37225 3.25000 
-13.37648 3.25100 
-13.38070 3.25200 
-13.38493 3.25300 
-13.38916 3.25400 
-13.39339 3.25500 
-13.39762 3.25600 
-13.40184 3.25700 
-13.40607 3.25800 
-13.41030 3.25900 
-13.41453 3.26000 
-13.41875 3.26100 
-13.42298 3.26200 
-13.42721 3.26300 
-13.43144 3.26400 
-13.43567 3.26500 
-13.43989 3.26600 
-13.44412 3.26700 
-13.44835 3.26800 
-13.45258 3.26900 
-13.45681 3.27000 
-13.46103 3.27100 
-13.46526 3.27200 
-13.46949 3.27300 
-13.47372 3.27400 
-13.47795 3.27500 
-13.48217 3.27600 
-13.48640 3.27700 
-13.49063 3.27800 
-13.49486 3.27900 
-13.49909 3.28000 
-13.50331 3.28100 
-13.50754 3.28200 
-13.51177 3.28300 
-13.51600 3.28400 
-13.52023 3.28500 
-13.52445 3.28600 
-13.52868 3.28700 
-13.53291 3.28800 
-13.53714 3.28900 
-13.54137 3.29000 
-13.54559 3.29100 
-13.54982 3.29200 
-13.55405 3.29300 
-13.55828 3.29400 
-13.56251 3.29500 
-13.56673 3.29600 
-13.57096 3.29700 
-13.57519 3.29800 
-13.57942 3.29900 
-13.58365 3.30000 
-13.58787 3.30100 
-13.59210 3.30200 
-13.59633 3.30300 
-13.60056 3.30400 
-13.60479 3.30500 
-13.60901 3.30600 
-13.61324 3.30700 
-13.61747 3.30800 
-13.62170 3.30900 
-13.62593 3.31000 
-13.63015 3.31100 
-13.63438 3.31200 
-13.63861 3.31300 
-13.64284 3.31400 
-13.64707 3.31500 
-13.65129 3.31600 
-13.65552 3.31700 
-13.65975 3.31800 
-13.66398 3.31900 
-13.66821 3.32000 
-13.67243 3.32100 
-13.67666 3.32200 
-13.68089 3.32300 
-13.68512 3.32400 
-13.68935 3.32500 
-13.69357 3.32600 
-13.69780 3.32700 
-13.70203 3.32800 
-13.70626 3.32900 
-13.71049 3.33000 
-13.71471 3.33100 
-13.71894 3.33200 
-13.72317 3.33300 
-13.72740 3.33400 
-13.73163 3.33500 
-13.73585 3.33600 
-13.74008 3.33700 
-13.74431 3.33800 
-13.74854 3.33900 
-13.75277 3.34000 
-13.75699 3.34100 
-13.76122 3.34200 
-13.76545 3.34300 
-13.76968 3.34400 
-13.77391 3.34500 
-13.77813 3.34600 
-13.78236 3.34700 
-13.78659 3.34800 
-13.79082 3.34900 
-13.79505 3.35000 
-13.79927 3.35100 
-13.80350 3.35200 
-13.80773 3.35300 
-13.81196 3.35400 
-13.81619 3.35500 
-13.82041 3.35600 
-13.82464 3.35700 
-13.82887 3.35800 
-13.83310 3.35900 
-13.83733 3.36000 
-13.84155 3.36100 
-13.84578 3.36200 
-13.85001 3.36300 
-13.85424 3.36400 
-13.85847 3.36500 
-13.86269 3.36600 
-13.86692 3.36700 
-13.87115 3.36800 
-13.87538 3.36900 
-13.87961 3.37000 
-13.88383 3.37100 
-13.88806 3.37200 
-13.89229 3.37300 
-13.89652 3.37400 
-13.90075 3.37500 
-13.90497 3.37600 
-13.90920 3.37700 
-13.91343 3.37800 
-13.91766 3.37900 
-13.92189 3.38000 
-13.92611 3.38100 
-13.93034 3.38200 
-13.93457 3.38300 
-13.93880 3.38400 
-13.94303 3.38500 
-13.94725 3.38600 
-13.95148 3.38700 
-13.95571 3.38800 
-13.95994 3.38900 
-13.96417 3.39000 
-13.96839 3.39100 
-13.97262 3.39200 
-13.97685 3.39300 
-13.98108 3.39400 
-13.98531 3.39500 
-13.98953 3.39600 
-13.99376 3.39700 
-13.99799 3.39800 
-14.00222 3.39900 
-14.00645 3.40000 
-14.01067 3.40100 
-14.01490 3.40200 
-14.01913 3.40300 
-14.02336 3.40400 
-14.02759 3.40500 
-14.03181 3.40600 
-14.03604 3.40700 
-14.04027 3.40800 
-14.04450 3.40900 
-14.04873 3.41000 
-14.05295 3.41100 
-14.05718 3.41200 
-14.06141 3.41300 
-14.06564 3.41400 
-14.06987 3.41500 
-14.07409 3.41600 
-14.07832 3.41700 
-14.08255 3.41800 
-14.08678 3.41900 
-14.09101 3.42000 
-14.09523 3.42100 
-14.09946 3.42200 
-14.10369 3.42300 
-14.10792 3.42400 
-14.11215 3.42500 
-14.11637 3.42600 
-14.12060 3.42700 
-14.12483 3.42800 
-14.12906 3.42900 
-14.13328 3.43000 
-14.13751 3.43100 
-14.14174 3.43200 
-14.14597 3.43300 
-14.15020 3.43400 
-14.15442 3.43500 
-14.15865 3.43600 
-14.16288 3.43700 
-14.16711 3.43800 
-14.17134 3.43900 
-14.17556 3.44000 
-14.17979 3.44100 
-14.18402 3.44200 
-14.18825 3.44300 
-14.19248 3.44400 
-14.19670 3.44500 
-14.20093 3.44600 
-14.20516 3.44700 
-14.20939 3.44800 
-14.21362 3.44900 
-14.21784 3.45000 
-14.22207 3.45100 
-14.22630 3.45200 
-14.23053 3.45300 
-14.23476 3.45400 
-14.23898 3.45500 
-14.24321 3.45600 
-14.24744 3.45700 
-14.25167 3.45800 
-14.25590 3.45900 
-14.26012 3.46000 
-14.26435 3.46100 
-14.26858 3.46200 
-14.27281 3.46300 
-14.27704 3.46400 
-14.28126 3.46500 
-14.28549 3.46600 
-14.28972 3.46700 
-14.29395 3.46800 
-14.29818 3.46900 
-14.30240 3.47000 
-14.30663 3.47100 
-14.31086 3.47200 
-14.31509 3.47300 
-14.31932 3.47400 
-14.32354 3.47500 
-14.32777 3.47600 
-14.33200 3.47700 
-14.33623 3.47800 
-14.34046 3.47900 
-14.34468 3.48000 
-14.34891 3.48100 
-14.35314 3.48200 
-14.35737 3.48300 
-14.36160 3.48400 
-14.36582 3.48500 
-14.37005 3.48600 
-14.37428 3.48700 
-14.37851 3.48800 
-14.38274 3.48900 
-14.38696 3.49000 
-14.39119 3.49100 
-14.39542 3.49200 
-14.39965 3.49300 
-14.40388 3.49400 
-14.40810 3.49500 
-14.41233 3.49600 
-14.41656 3.49700 
-14.42079 3.49800 
-14.42502 3.49900 
-14.42924 3.50000 
-14.43347 3.50100 
-14.43770 3.50200 
-14.44193 3.50300 
-14.44616 3.50400 
-14.45038 3.50500 
-14.45461 3.50600 
-14.45884 3.50700 
-14.46307 3.50800 
-14.46730 3.50900 
-14.47152 3.51000 
-14.47575 3.51100 
-14.47998 3.51200 
-14.48421 3.51300 
-14.48844 3.51400 
-14.49266 3.51500 
-14.49689 3.51600 
-14.50112 3.51700 
-14.50535 3.51800 
-14.50958 3.51900 
-14.51380 3.52000 
-14.51803 3.52100 
-14.52226 3.52200 
-14.52649 3.52300 
-14.53072 3.52400 
-14.53494 3.52500 
-14.53917 3.52600 
-14.54340 3.52700 
-14.54763 3.52800 
-14.55186 3.52900 
-14.55608 3.53000 
-14.56031 3.53100 
-14.56454 3.53200 
-14.56877 3.53300 
-14.57300 3.53400 
-14.57722 3.53500 
-14.58145 3.53600 
-14.58568 3.53700 
-14.58991 3.53800 
-14.59414 3.53900 
-14.59836 3.54000 
-14.60259 3.54100 
-14.60682 3.54200 
-14.61105 3.54300 
-14.61528 3.54400 
-14.61950 3.54500 
-14.62373 3.54600 
-14.62796 3.54700 
-14.63219 3.54800 
-14.63642 3.54900 
-14.64064 3.55000 
-14.64487 3.55100 
-14.64910 3.55200 
-14.65333 3.55300 
-14.65756 3.55400 
-14.66178 3.55500 
-14.66601 3.55600 
-14.67024 3.55700 
-14.67447 3.55800 
-14.67870 3.55900 
-14.68292 3.56000 
-14.68715 3.56100 
-14.69138 3.56200 
-14.69561 3.56300 
-14.69984 3.56400 
-14.70406 3.56500 
-14.70829 3.56600 
-14.71252 3.56700 
-14.71675 3.56800 
-14.72098 3.56900 
-14.72520 3.57000 
-14.72943 3.57100 
-14.73366 3.57200 
-14.73789 3.57300 
-14.74212 3.57400 
-14.74634 3.57500 
-14.75057 3.57600 
-14.75480 3.57700 
-14.75903 3.57800 
-14.76326 3.57900 
-14.76748 3.58000 
-14.77171 3.58100 
-14.77594 3.58200 
-14.78017 3.58300 
-14.78440 3.58400 
-14.78862 3.58500 
-14.79285 3.58600 
-14.79708 3.58700 
-14.80131 3.58800 
-14.80554 3.58900 
-14.80976 3.59000 
-14.81399 3.59100 
-14.81822 3.59200 
-14.82245 3.59300 
-14.82668 3.59400 
-14.83090 3.59500 
-14.83513 3.59600 
-14.83936 3.59700 
-14.84359 3.59800 
-14.84781 3.59900 
-14.85204 3.60000 
-14.85627 3.60100 
-14.86050 3.60200 
-14.86473 3.60300 
-14.86895 3.60400 
-14.87318 3.60500 
-14.87741 3.60600 
-14.88164 3.60700 
-14.88587 3.60800 
-14.89009 3.60900 
-14.89432 3.61000 
-14.89855 3.61100 
-14.90278 3.61200 
-14.90701 3.61300 
-14.91123 3.61400 
-14.91546 3.61500 
-14.91969 3.61600 
-14.92392 3.61700 
-14.92815 3.61800 
-14.93237 3.61900 
-14.93660 3.62000 
-14.94083 3.62100 
-14.94506 3.62200 
-14.94929 3.62300 
-14.95351 3.62400 
-14.95774 3.62500 
-14.96197 3.62600 
-14.96620 3.62700 
-14.97043 3.62800 
-14.97465 3.62900 
-14.97888 3.63000 
-14.98311 3.63100 
-14.98734 3.63200 
-14.99157 3.63300 
-14.99579 3.63400 
-15.00002 3.63500 
-15.00425 3.63600 
-15.00848 3.63700 
-15.01271 3.63800 
-15.01693 3.63900 
-15.02116 3.64000 
-15.02539 3.64100 
-15.02962 3.64200 
-15.03385 3.64300 
-15.03807 3.64400 
-15.04230 3.64500 
-15.04653 3.64600 
-15.05076 3.64700 
-15.05499 3.64800 
-15.05921 3.64900 
-15.06344 3.65000 
-15.06767 3.65100 
-15.07190 3.65200 
-15.07613 3.65300 
-15.08035 3.65400 
-15.08458 3.65500 
-15.08881 3.65600 
-15.09304 3.65700 
-15.09727 3.65800 
-15.10149 3.65900 
-15.10572 3.66000 
-15.10995 3.66100 
-15.11418 3.66200 
-15.11841 3.66300 
-15.12263 3.66400 
-15.12686 3.66500 
-15.13109 3.66600 
-15.13532 3.66700 
-15.13955 3.66800 
-15.14377 3.66900 
-15.14800 3.67000 
-15.15223 3.67100 
-15.15646 3.67200 
-15.16069 3.67300 
-15.16491 3.67400 
-15.16914 3.67500 
-15.17337 3.67600 
-15.17760 3.67700 
-15.18183 3.67800 
-15.18605 3.67900 
-15.19028 3.68000 
-15.19451 3.68100 
-15.19874 3.68200 
-15.20297 3.68300 
-15.20719 3.68400 
-15.21142 3.68500 
-15.21565 3.68600 
-15.21988 3.68700 
-15.22411 3.68800 
-15.22833 3.68900 
-15.23256 3.69000 
-15.23679 3.69100 
-15.24102 3.69200 
-15.24525 3.69300 
-15.24947 3.69400 
-15.25370 3.69500 
-15.25793 3.69600 
-15.26216 3.69700 
-15.26639 3.69800 
-15.27061 3.69900 
-15.27484 3.70000 
-15.27907 3.70100 
-15.28330 3.70200 
-15.28753 3.70300 
-15.29175 3.70400 
-15.29598 3.70500 
-15.30021 3.70600 
-15.30444 3.70700 
-15.30867 3.70800 
-15.31289 3.70900 
-15.31712 3.71000 
-15.32135 3.71100 
-15.32558 3.71200 
-15.32981 3.71300 
-15.33403 3.71400 
-15.33826 3.71500 
-15.34249 3.71600 
-15.34672 3.71700 
-15.35095 3.71800 
-15.35517 3.71900 
-15.35940 3.72000 
-15.36363 3.72100 
-15.36786 3.72200 
-15.37209 3.72300 
-15.37631 3.72400 
-15.38054 3.72500 
-15.38477 3.72600 
-15.38900 3.72700 
-15.39323 3.72800 
-15.39745 3.72900 
-15.40168 3.73000 
-15.40591 3.73100 
-15.41014 3.73200 
-15.41437 3.73300 
-15.41859 3.73400 
-15.42282 3.73500 
-15.42705 3.73600 
-15.43128 3.73700 
-15.43551 3.73800 
-15.43973 3.73900 
-15.44396 3.74000 
-15.44819 3.74100 
-15.45242 3.74200 
-15.45665 3.74300 
-15.46087 3.74400 
-15.46510 3.74500 
-15.46933 3.74600 
-15.47356 3.74700 
-15.47779 3.74800 
-15.48201 3.74900 
-15.48624 3.75000 
-15.49047 3.75100 
-15.49470 3.75200 
-15.49893 3.75300 
-15.50315 3.75400 
-15.50738 3.75500 
-15.51161 3.75600 
-15.51584 3.75700 
-15.52007 3.75800 
-15.52429 3.75900 
-15.52852 3.76000 
-15.53275 3.76100 
-15.53698 3.76200 
-15.54121 3.76300 
-15.54543 3.76400 
-15.54966 3.76500 
-15.55389 3.76600 
-15.55812 3.76700 
-15.56234 3.76800 
-15.56657 3.76900 
-15.57080 3.77000 
-15.57503 3.77100 
-15.57926 3.77200 
-15.58348 3.77300 
-15.58771 3.77400 
-15.59194 3.77500 
-15.59617 3.77600 
-15.60040 3.77700 
-15.60462 3.77800 
-15.60885 3.77900 
-15.61308 3.78000 
-15.61731 3.78100 
-15.62154 3.78200 
-15.62576 3.78300 
-15.62999 3.78400 
-15.63422 3.78500 
-15.63845 3.78600 
-15.64268 3.78700 
-15.64690 3.78800 
-15.65113 3.78900 
-15.65536 3.79000 
-15.65959 3.79100 
-15.66382 3.79200 
-15.66804 3.79300 
-15.67227 3.79400 
-15.67650 3.79500 
-15.68073 3.79600 
-15.68496 3.79700 
-15.68918 3.79800 
-15.69341 3.79900 
-15.69764 3.80000 
-15.70187 3.80100 
-15.70610 3.80200 
-15.71032 3.80300 
-15.71455 3.80400 
-15.71878 3.80500 
-15.72301 3.80600 
-15.72724 3.80700 
-15.73146 3.80800 
-15.73569 3.80900 
-15.73992 3.81000 
-15.74415 3.81100 
-15.74838 3.81200 
-15.75260 3.81300 
-15.75683 3.81400 
-15.76106 3.81500 
-15.76529 3.81600 
-15.76952 3.81700 
-15.77374 3.81800 
-15.77797 3.81900 
-15.78220 3.82000 
-15.78643 3.82100 
-15.79066 3.82200 
-15.79488 3.82300 
-15.79911 3.82400 
-15.80334 3.82500 
-15.80757 3.82600 
-15.81180 3.82700 
-15.81602 3.82800 
-15.82025 3.82900 
-15.82448 3.83000 
-15.82871 3.83100 
-15.83294 3.83200 
-15.83716 3.83300 
-15.84139 3.83400 
-15.84562 3.83500 
-15.84985 3.83600 
-15.85408 3.83700 
-15.85830 3.83800 
-15.86253 3.83900 
-15.86676 3.84000 
-15.87099 3.84100 
-15.87522 3.84200 
-15.87944 3.84300 
-15.88367 3.84400 
-15.88790 3.84500 
-15.89213 3.84600 
-15.89636 3.84700 
-15.90058 3.84800 
-15.90481 3.84900 
-15.90904 3.85000 
-15.91327 3.85100 
-15.91750 3.85200 
-15.92172 3.85300 
-15.92595 3.85400 
-15.93018 3.85500 
-15.93441 3.85600 
-15.93864 3.85700 
-15.94286 3.85800 
-15.94709 3.85900 
-15.95132 3.86000 
-15.95555 3.86100 
-15.95978 3.86200 
-15.96400 3.86300 
-15.96823 3.86400 
-15.97246 3.86500 
-15.97669 3.86600 
-15.98092 3.86700 
-15.98514 3.86800 
-15.98937 3.86900 
-15.99360 3.87000 
-15.99783 3.87100 
-16.00206 3.87200 
-16.00628 3.87300 
-16.01051 3.87400 
-16.01474 3.87500 
-16.01897 3.87600 
-16.02320 3.87700 
-16.02742 3.87800 
-16.03165 3.87900 
-16.03588 3.88000 
-16.04011 3.88100 
-16.04434 3.88200 
-16.04856 3.88300 
-16.05279 3.88400 
-16.05702 3.88500 
-16.06125 3.88600 
-16.06548 3.88700 
-16.06970 3.88800 
-16.07393 3.88900 
-16.07816 3.89000 
-16.08239 3.89100 
-16.08662 3.89200 
-16.09084 3.89300 
-16.09507 3.89400 
-16.09930 3.89500 
-16.10353 3.89600 
-16.10776 3.89700 
-16.11198 3.89800 
-16.11621 3.89900 
-16.12044 3.90000 
-16.12467 3.90100 
-16.12890 3.90200 
-16.13312 3.90300 
-16.13735 3.90400 
-16.14158 3.90500 
-16.14581 3.90600 
-16.15004 3.90700 
-16.15426 3.90800 
-16.15849 3.90900 
-16.16272 3.91000 
-16.16695 3.91100 
-16.17118 3.91200 
-16.17540 3.91300 
-16.17963 3.91400 
-16.18386 3.91500 
-16.18809 3.91600 
-16.19232 3.91700 
-16.19654 3.91800 
-16.20077 3.91900 
-16.20500 3.92000 
-16.20923 3.92100 
-16.21346 3.92200 
-16.21768 3.92300 
-16.22191 3.92400 
-16.22614 3.92500 
-16.23037 3.92600 
-16.23460 3.92700 
-16.23882 3.92800 
-16.24305 3.92900 
-16.24728 3.93000 
-16.25151 3.93100 
-16.25574 3.93200 
-16.25996 3.93300 
-16.26419 3.93400 
-16.26842 3.93500 
-16.27265 3.93600 
-16.27687 3.93700 
-16.28110 3.93800 
-16.28533 3.93900 
-16.28956 3.94000 
-16.29379 3.94100 
-16.29801 3.94200 
-16.30224 3.94300 
-16.30647 3.94400 
-16.31070 3.94500 
-16.31493 3.94600 
-16.31915 3.94700 
-16.32338 3.94800 
-16.32761 3.94900 
-16.33184 3.95000 
-16.33607 3.95100 
-16.34029 3.95200 
-16.34452 3.95300 
-16.34875 3.95400 
-16.35298 3.95500 
-16.35721 3.95600 
-16.36143 3.95700 
-16.36566 3.95800 
-16.36989 3.95900 
-16.37412 3.96000 
-16.37835 3.96100 
-16.38257 3.96200 
-16.38680 3.96300 
-16.39103 3.96400 
-16.39526 3.96500 
-16.39949 3.96600 
-16.40371 3.96700 
-16.40794 3.96800 
-16.41217 3.96900 
-16.41640 3.97000 
-16.42063 3.97100 
-16.42485 3.97200 
-16.42908 3.97300 
-16.43331 3.97400 
-16.43754 3.97500 
-16.44177 3.97600 
-16.44599 3.97700 
-16.45022 3.97800 
-16.45445 3.97900 
-16.45868 3.98000 
-16.46291 3.98100 
-16.46713 3.98200 
-16.47136 3.98300 
-16.47559 3.98400 
-16.47982 3.98500 
-16.48405 3.98600 
-16.48827 3.98700 
-16.49250 3.98800 
-16.49673 3.98900 
-16.50096 3.99000 
-16.50519 3.99100 
-16.50941 3.99200 
-16.51364 3.99300 
-16.51787 3.99400 
-16.52210 3.99500 
-16.52633 3.99600 
-16.53055 3.99700 
-16.53478 3.99800 
-16.53901 3.99900 
-16.54324 4.00000 
-16.54747 4.00100 
-16.55169 4.00200 
-16.55592 4.00300 
-16.56015 4.00400 
-16.56438 4.00500 
-16.56861 4.00600 
-16.57283 4.00700 
-16.57706 4.00800 
-16.58129 4.00900 
-16.58552 4.01000 
-16.58975 4.01100 
-16.59397 4.01200 
-16.59820 4.01300 
-16.60243 4.01400 
-16.60666 4.01500 
-16.61089 4.01600 
-16.61511 4.01700 
-16.61934 4.01800 
-16.62357 4.01900 
-16.62780 4.02000 
-16.63203 4.02100 
-16.63625 4.02200 
-16.64048 4.02300 
-16.64471 4.02400 
-16.64894 4.02500 
-16.65317 4.02600 
-16.65739 4.02700 
-16.66162 4.02800 
-16.66585 4.02900 
-16.67008 4.03000 
-16.67431 4.03100 
-16.67853 4.03200 
-16.68276 4.03300 
-16.68699 4.03400 
-16.69122 4.03500 
-16.69545 4.03600 
-16.69967 4.03700 
-16.70390 4.03800 
-16.70813 4.03900 
-16.71236 4.04000 
-16.71659 4.04100 
-16.72081 4.04200 
-16.72504 4.04300 
-16.72927 4.04400 
-16.73350 4.04500 
-16.73773 4.04600 
-16.74195 4.04700 
-16.74618 4.04800 
-16.75041 4.04900 
-16.75464 4.05000 
-16.75887 4.05100 
-16.76309 4.05200 
-16.76732 4.05300 
-16.77155 4.05400 
-16.77578 4.05500 
-16.78001 4.05600 
-16.78423 4.05700 
-16.78846 4.05800 
-16.79269 4.05900 
-16.79692 4.06000 
-16.80115 4.06100 
-16.80537 4.06200 
-16.80960 4.06300 
-16.81383 4.06400 
-16.81806 4.06500 
-16.82229 4.06600 
-16.82651 4.06700 
-16.83074 4.06800 
-16.83497 4.06900 
-16.83920 4.07000 
-16.84343 4.07100 
-16.84765 4.07200 
-16.85188 4.07300 
-16.85611 4.07400 
-16.86034 4.07500 
-16.86457 4.07600 
-16.86879 4.07700 
-16.87302 4.07800 
-16.87725 4.07900 
-16.88148 4.08000 
-16.88571 4.08100 
-16.88993 4.08200 
-16.89416 4.08300 
-16.89839 4.08400 
-16.90262 4.08500 
-16.90685 4.08600 
-16.91107 4.08700 
-16.91530 4.08800 
-16.91953 4.08900 
-16.92376 4.09000 
-16.92799 4.09100 
-16.93221 4.09200 
-16.93644 4.09300 
-16.94067 4.09400 
-16.94490 4.09500 
-16.94913 4.09600 
-16.95335 4.09700 
-16.95758 4.09800 
-16.96181 4.09900 
-16.96604 4.10000 
-16.97027 4.10100 
-16.97449 4.10200 
-16.97872 4.10300 
-16.98295 4.10400 
-16.98718 4.10500 
-16.99140 4.10600 
-16.99563 4.10700 
-16.99986 4.10800 
-17.00409 4.10900 
-17.00832 4.11000 
-17.01254 4.11100 
-17.01677 4.11200 
-17.02100 4.11300 
-17.02523 4.11400 
-17.02946 4.11500 
-17.03368 4.11600 
-17.03791 4.11700 
-17.04214 4.11800 
-17.04637 4.11900 
-17.05060 4.12000 
-17.05482 4.12100 
-17.05905 4.12200 
-17.06328 4.12300 
-17.06751 4.12400 
-17.07174 4.12500 
-17.07596 4.12600 
-17.08019 4.12700 
-17.08442 4.12800 
-17.08865 4.12900 
-17.09288 4.13000 
-17.09710 4.13100 
-17.10133 4.13200 
-17.10556 4.13300 
-17.10979 4.13400 
-17.11402 4.13500 
-17.11824 4.13600 
-17.12247 4.13700 
-17.12670 4.13800 
-17.13093 4.13900 
-17.13516 4.14000 
-17.13938 4.14100 
-17.14361 4.14200 
-17.14784 4.14300 
-17.15207 4.14400 
-17.15630 4.14500 
-17.16052 4.14600 
-17.16475 4.14700 
-17.16898 4.14800 
-17.17321 4.14900 
-17.17744 4.15000 
-17.18166 4.15100 
-17.18589 4.15200 
-17.19012 4.15300 
-17.19435 4.15400 
-17.19858 4.15500 
-17.20280 4.15600 
-17.20703 4.15700 
-17.21126 4.15800 
-17.21549 4.15900 
-17.21972 4.16000 
-17.22394 4.16100 
-17.22817 4.16200 
-17.23240 4.16300 
-17.23663 4.16400 
-17.24086 4.16500 
-17.24508 4.16600 
-17.24931 4.16700 
-17.25354 4.16800 
-17.25777 4.16900 
-17.26200 4.17000 
-17.26622 4.17100 
-17.27045 4.17200 
-17.27468 4.17300 
-17.27891 4.17400 
-17.28314 4.17500 
-17.28736 4.17600 
-17.29159 4.17700 
-17.29582 4.17800 
-17.30005 4.17900 
-17.30428 4.18000 
-17.30850 4.18100 
-17.31273 4.18200 
-17.31696 4.18300 
-17.32119 4.18400 
-17.32542 4.18500 
-17.32964 4.18600 
-17.33387 4.18700 
-17.33810 4.18800 
-17.34233 4.18900 
-17.34656 4.19000 
-17.35078 4.19100 
-17.35501 4.19200 
-17.35924 4.19300 
-17.36347 4.19400 
-17.36770 4.19500 
-17.37192 4.19600 
-17.37615 4.19700 
-17.38038 4.19800 
-17.38461 4.19900 
-17.38884 4.20000 
-17.39306 4.20100 
-17.39729 4.20200 
-17.40152 4.20300 
-17.40575 4.20400 
-17.40998 4.20500 
-17.41420 4.20600 
-17.41843 4.20700 
-17.42266 4.20800 
-17.42689 4.20900 
-17.43112 4.21000 
-17.43534 4.21100 
-17.43957 4.21200 
-17.44380 4.21300 
-17.44803 4.21400 
-17.45226 4.21500 
-17.45648 4.21600 
-17.46071 4.21700 
-17.46494 4.21800 
-17.46917 4.21900 
-17.47340 4.22000 
-17.47762 4.22100 
-17.48185 4.22200 
-17.48608 4.22300 
-17.49031 4.22400 
-17.49454 4.22500 
-17.49876 4.22600 
-17.50299 4.22700 
-17.50722 4.22800 
-17.51145 4.22900 
-17.51568 4.23000 
-17.51990 4.23100 
-17.52413 4.23200 
-17.52836 4.23300 
-17.53259 4.23400 
-17.53682 4.23500 
-17.54104 4.23600 
-17.54527 4.23700 
-17.54950 4.23800 
-17.55373 4.23900 
-17.55796 4.24000 
-17.56218 4.24100 
-17.56641 4.24200 
-17.57064 4.24300 
-17.57487 4.24400 
-17.57910 4.24500 
-17.58332 4.24600 
-17.58755 4.24700 
-17.59178 4.24800 
-17.59601 4.24900 
-17.60024 4.25000 
-17.60446 4.25100 
-17.60869 4.25200 
-17.61292 4.25300 
-17.61715 4.25400 
-17.62138 4.25500 
-17.62560 4.25600 
-17.62983 4.25700 
-17.63406 4.25800 
-17.63829 4.25900 
-17.64252 4.26000 
-17.64674 4.26100 
-17.65097 4.26200 
-17.65520 4.26300 
-17.65943 4.26400 
-17.66366 4.26500 
-17.66788 4.26600 
-17.67211 4.26700 
-17.67634 4.26800 
-17.68057 4.26900 
-17.68480 4.27000 
-17.68902 4.27100 
-17.69325 4.27200 
-17.69748 4.27300 
-17.70171 4.27400 
-17.70593 4.27500 
-17.71016 4.27600 
-17.71439 4.27700 
-17.71862 4.27800 
-17.72285 4.27900 
-17.72707 4.28000 
-17.73130 4.28100 
-17.73553 4.28200 
-17.73976 4.28300 
-17.74399 4.28400 
-17.74821 4.28500 
-17.75244 4.28600 
-17.75667 4.28700 
-17.76090 4.28800 
-17.76513 4.28900 
-17.76935 4.29000 
-17.77358 4.29100 
-17.77781 4.29200 
-17.78204 4.29300 
-17.78627 4.29400 
-17.79049 4.29500 
-17.79472 4.29600 
-17.79895 4.29700 
-17.80318 4.29800 
-17.80741 4.29900 
-17.81163 4.30000 
-17.81586 4.30100 
-17.82009 4.30200 
-17.82432 4.30300 
-17.82855 4.30400 
-17.83277 4.30500 
-17.83700 4.30600 
-17.84123 4.30700 
-17.84546 4.30800 
-17.84969 4.30900 
-17.85391 4.31000 
-17.85814 4.31100 
-17.86237 4.31200 
-17.86660 4.31300 
-17.87083 4.31400 
-17.87505 4.31500 
-17.87928 4.31600 
-17.88351 4.31700 
-17.88774 4.31800 
-17.89197 4.31900 
-17.89619 4.32000 
-17.90042 4.32100 
-17.90465 4.32200 
-17.90888 4.32300 
-17.91311 4.32400 
-17.91733 4.32500 
-17.92156 4.32600 
-17.92579 4.32700 
-17.93002 4.32800 
-17.93425 4.32900 
-17.93847 4.33000 
-17.94270 4.33100 
-17.94693 4.33200 
-17.95116 4.33300 
-17.95539 4.33400 
-17.95961 4.33500 
-17.96384 4.33600 
-17.96807 4.33700 
-17.97230 4.33800 
-17.97653 4.33900 
-17.98075 4.34000 
-17.98498 4.34100 
-17.98921 4.34200 
-17.99344 4.34300 
-17.99767 4.34400 
-18.00189 4.34500 
-18.00612 4.34600 
-18.01035 4.34700 
-18.01458 4.34800 
-18.01881 4.34900 
-18.02303 4.35000 
-18.02726 4.35100 
-18.03149 4.35200 
-18.03572 4.35300 
-18.03995 4.35400 
-18.04417 4.35500 
-18.04840 4.35600 
-18.05263 4.35700 
-18.05686 4.35800 
-18.06109 4.35900 
-18.06531 4.36000 
-18.06954 4.36100 
-18.07377 4.36200 
-18.07800 4.36300 
-18.08223 4.36400 
-18.08645 4.36500 
-18.09068 4.36600 
-18.09491 4.36700 
-18.09914 4.36800 
-18.10337 4.36900 
-18.10759 4.37000 
-18.11182 4.37100 
-18.11605 4.37200 
-18.12028 4.37300 
-18.12451 4.37400 
-18.12873 4.37500 
-18.13296 4.37600 
-18.13719 4.37700 
-18.14142 4.37800 
-18.14565 4.37900 
-18.14987 4.38000 
-18.15410 4.38100 
-18.15833 4.38200 
-18.16256 4.38300 
-18.16679 4.38400 
-18.17101 4.38500 
-18.17524 4.38600 
-18.17947 4.38700 
-18.18370 4.38800 
-18.18793 4.38900 
-18.19215 4.39000 
-18.19638 4.39100 
-18.20061 4.39200 
-18.20484 4.39300 
-18.20907 4.39400 
-18.21329 4.39500 
-18.21752 4.39600 
-18.22175 4.39700 
-18.22598 4.39800 
-18.23021 4.39900 
-18.23443 4.40000 
-18.23866 4.40100 
-18.24289 4.40200 
-18.24712 4.40300 
-18.25135 4.40400 
-18.25557 4.40500 
-18.25980 4.40600 
-18.26403 4.40700 
-18.26826 4.40800 
-18.27249 4.40900 
-18.27671 4.41000 
-18.28094 4.41100 
-18.28517 4.41200 
-18.28940 4.41300 
-18.29363 4.41400 
-18.29785 4.41500 
-18.30208 4.41600 
-18.30631 4.41700 
-18.31054 4.41800 
-18.31477 4.41900 
-18.31899 4.42000 
-18.32322 4.42100 
-18.32745 4.42200 
-18.33168 4.42300 
-18.33591 4.42400 
-18.34013 4.42500 
-18.34436 4.42600 
-18.34859 4.42700 
-18.35282 4.42800 
-18.35705 4.42900 
-18.36127 4.43000 
-18.36550 4.43100 
-18.36973 4.43200 
-18.37396 4.43300 
-18.37819 4.43400 
-18.38241 4.43500 
-18.38664 4.43600 
-18.39087 4.43700 
-18.39510 4.43800 
-18.39933 4.43900 
-18.40355 4.44000 
-18.40778 4.44100 
-18.41201 4.44200 
-18.41624 4.44300 
-18.42046 4.44400 
-18.42469 4.44500 
-18.42892 4.44600 
-18.43315 4.44700 
-18.43738 4.44800 
-18.44160 4.44900 
-18.44583 4.45000 
-18.45006 4.45100 
-18.45429 4.45200 
-18.45852 4.45300 
-18.46274 4.45400 
-18.46697 4.45500 
-18.47120 4.45600 
-18.47543 4.45700 
-18.47966 4.45800 
-18.48388 4.45900 
-18.48811 4.46000 
-18.49234 4.46100 
-18.49657 4.46200 
-18.50080 4.46300 
-18.50502 4.46400 
-18.50925 4.46500 
-18.51348 4.46600 
-18.51771 4.46700 
-18.52194 4.46800 
-18.52616 4.46900 
-18.53039 4.47000 
-18.53462 4.47100 
-18.53885 4.47200 
-18.54308 4.47300 
-18.54730 4.47400 
-18.55153 4.47500 
-18.55576 4.47600 
-18.55999 4.47700 
-18.56422 4.47800 
-18.56844 4.47900 
-18.57267 4.48000 
-18.57690 4.48100 
-18.58113 4.48200 
-18.58536 4.48300 
-18.58958 4.48400 
-18.59381 4.48500 
-18.59804 4.48600 
-18.60227 4.48700 
-18.60650 4.48800 
-18.61072 4.48900 
-18.61495 4.49000 
-18.61918 4.49100 
-18.62341 4.49200 
-18.62764 4.49300 
-18.63186 4.49400 
-18.63609 4.49500 
-18.64032 4.49600 
-18.64455 4.49700 
-18.64878 4.49800 
-18.65300 4.49900 
-18.65723 4.50000 
-18.66146 4.50100 
-18.66569 4.50200 
-18.66992 4.50300 
-18.67414 4.50400 
-18.67837 4.50500 
-18.68260 4.50600 
-18.68683 4.50700 
-18.69106 4.50800 
-18.69528 4.50900 
-18.69951 4.51000 
-18.70374 4.51100 
-18.70797 4.51200 
-18.71220 4.51300 
-18.71642 4.51400 
-18.72065 4.51500 
-18.72488 4.51600 
-18.72911 4.51700 
-18.73334 4.51800 
-18.73756 4.51900 
-18.74179 4.52000 
-18.74602 4.52100 
-18.75025 4.52200 
-18.75448 4.52300 
-18.75870 4.52400 
-18.76293 4.52500 
-18.76716 4.52600 
-18.77139 4.52700 
-18.77562 4.52800 
-18.77984 4.52900 
-18.78407 4.53000 
-18.78830 4.53100 
-18.79253 4.53200 
-18.79676 4.53300 
-18.80098 4.53400 
-18.80521 4.53500 
-18.80944 4.53600 
-18.81367 4.53700 
-18.81790 4.53800 
-18.82212 4.53900 
-18.82635 4.54000 
-18.83058 4.54100 
-18.83481 4.54200 
-18.83904 4.54300 
-18.84326 4.54400 
-18.84749 4.54500 
-18.85172 4.54600 
-18.85595 4.54700 
-18.86018 4.54800 
-18.86440 4.54900 
-18.86863 4.55000 
-18.87286 4.55100 
-18.87709 4.55200 
-18.88132 4.55300 
-18.88554 4.55400 
-18.88977 4.55500 
-18.89400 4.55600 
-18.89823 4.55700 
-18.90246 4.55800 
-18.90668 4.55900 
-18.91091 4.56000 
-18.91514 4.56100 
-18.91937 4.56200 
-18.92360 4.56300 
-18.92782 4.56400 
-18.93205 4.56500 
-18.93628 4.56600 
-18.94051 4.56700 
-18.94474 4.56800 
-18.94896 4.56900 
-18.95319 4.57000 
-18.95742 4.57100 
-18.96165 4.57200 
-18.96588 4.57300 
-18.97010 4.57400 
-18.97433 4.57500 
-18.97856 4.57600 
-18.98279 4.57700 
-18.98702 4.57800 
-18.99124 4.57900 
-18.99547 4.58000 
-18.99970 4.58100 
-19.00393 4.58200 
-19.00816 4.58300 
-19.01238 4.58400 
-19.01661 4.58500 
-19.02084 4.58600 
-19.02507 4.58700 
-19.02930 4.58800 
-19.03352 4.58900 
-19.03775 4.59000 
-19.04198 4.59100 
-19.04621 4.59200 
-19.05044 4.59300 
-19.05466 4.59400 
-19.05889 4.59500 
-19.06312 4.59600 
-19.06735 4.59700 
-19.07158 4.59800 
-19.07580 4.59900 
-19.08003 4.60000 
-19.08426 4.60100 
-19.08849 4.60200 
-19.09272 4.60300 
-19.09694 4.60400 
-19.10117 4.60500 
-19.10540 4.60600 
-19.10963 4.60700 
-19.11386 4.60800 
-19.11808 4.60900 
-19.12231 4.61000 
-19.12654 4.61100 
-19.13077 4.61200 
-19.13499 4.61300 
-19.13922 4.61400 
-19.14345 4.61500 
-19.14768 4.61600 
-19.15191 4.61700 
-19.15613 4.61800 
-19.16036 4.61900 
-19.16459 4.62000 
-19.16882 4.62100 
-19.17305 4.62200 
-19.17727 4.62300 
-19.18150 4.62400 
-19.18573 4.62500 
-19.18996 4.62600 
-19.19419 4.62700 
-19.19841 4.62800 
-19.20264 4.62900 
-19.20687 4.63000 
-19.21110 4.63100 
-19.21533 4.63200 
-19.21955 4.63300 
-19.22378 4.63400 
-19.22801 4.63500 
-19.23224 4.63600 
-19.23647 4.63700 
-19.24069 4.63800 
-19.24492 4.63900 
-19.24915 4.64000 
-19.25338 4.64100 
-19.25761 4.64200 
-19.26183 4.64300 
-19.26606 4.64400 
-19.27029 4.64500 
-19.27452 4.64600 
-19.27875 4.64700 
-19.28297 4.64800 
-19.28720 4.64900 
-19.29143 4.65000 
-19.29566 4.65100 
-19.29989 4.65200 
-19.30411 4.65300 
-19.30834 4.65400 
-19.31257 4.65500 
-19.31680 4.65600 
-19.32103 4.65700 
-19.32525 4.65800 
-19.32948 4.65900 
-19.33371 4.66000 
-19.33794 4.66100 
-19.34217 4.66200 
-19.34639 4.66300 
-19.35062 4.66400 
-19.35485 4.66500 
-19.35908 4.66600 
-19.36331 4.66700 
-19.36753 4.66800 
-19.37176 4.66900 
-19.37599 4.67000 
-19.38022 4.67100 
-19.38445 4.67200 
-19.38867 4.67300 
-19.39290 4.67400 
-19.39713 4.67500 
-19.40136 4.67600 
-19.40559 4.67700 
-19.40981 4.67800 
-19.41404 4.67900 
-19.41827 4.68000 
-19.42250 4.68100 
-19.42673 4.68200 
-19.43095 4.68300 
-19.43518 4.68400 
-19.43941 4.68500 
-19.44364 4.68600 
-19.44787 4.68700 
-19.45209 4.68800 
-19.45632 4.68900 
-19.46055 4.69000 
-19.46478 4.69100 
-19.46901 4.69200 
-19.47323 4.69300 
-19.47746 4.69400 
-19.48169 4.69500 
-19.48592 4.69600 
-19.49015 4.69700 
-19.49437 4.69800 
-19.49860 4.69900 
-19.50283 4.70000 
-19.50706 4.70100 
-19.51129 4.70200 
-19.51551 4.70300 
-19.51974 4.70400 
-19.52397 4.70500 
-19.52820 4.70600 
-19.53243 4.70700 
-19.53665 4.70800 
-19.54088 4.70900 
-19.54511 4.71000 
-19.54934 4.71100 
-19.55357 4.71200 
-19.55779 4.71300 
-19.56202 4.71400 
-19.56625 4.71500 
-19.57048 4.71600 
-19.57471 4.71700 
-19.57893 4.71800 
-19.58316 4.71900 
-19.58739 4.72000 
-19.59162 4.72100 
-19.59585 4.72200 
-19.60007 4.72300 
-19.60430 4.72400 
-19.60853 4.72500 
-19.61276 4.72600 
-19.61699 4.72700 
-19.62121 4.72800 
-19.62544 4.72900 
-19.62967 4.73000 
-19.63390 4.73100 
-19.63813 4.73200 
-19.64235 4.73300 
-19.64658 4.73400 
-19.65081 4.73500 
-19.65504 4.73600 
-19.65927 4.73700 
-19.66349 4.73800 
-19.66772 4.73900 
-19.67195 4.74000 
-19.67618 4.74100 
-19.68041 4.74200 
-19.68463 4.74300 
-19.68886 4.74400 
-19.69309 4.74500 
-19.69732 4.74600 
-19.70155 4.74700 
-19.70577 4.74800 
-19.71000 4.74900 
-19.71423 4.75000 
-19.71846 4.75100 
-19.72269 4.75200 
-19.72691 4.75300 
-19.73114 4.75400 
-19.73537 4.75500 
-19.73960 4.75600 
-19.74383 4.75700 
-19.74805 4.75800 
-19.75228 4.75900 
-19.75651 4.76000 
-19.76074 4.76100 
-19.76497 4.76200 
-19.76919 4.76300 
-19.77342 4.76400 
-19.77765 4.76500 
-19.78188 4.76600 
-19.78611 4.76700 
-19.79033 4.76800 
-19.79456 4.76900 
-19.79879 4.77000 
-19.80302 4.77100 
-19.80725 4.77200 
-19.81147 4.77300 
-19.81570 4.77400 
-19.81993 4.77500 
-19.82416 4.77600 
-19.82839 4.77700 
-19.83261 4.77800 
-19.83684 4.77900 
-19.84107 4.78000 
-19.84530 4.78100 
-19.84952 4.78200 
-19.85375 4.78300 
-19.85798 4.78400 
-19.86221 4.78500 
-19.86644 4.78600 
-19.87066 4.78700 
-19.87489 4.78800 
-19.87912 4.78900 
-19.88335 4.79000 
-19.88758 4.79100 
-19.89180 4.79200 
-19.89603 4.79300 
-19.90026 4.79400 
-19.90449 4.79500 
-19.90872 4.79600 
-19.91294 4.79700 
-19.91717 4.79800 
-19.92140 4.79900 
-19.92563 4.80000 
-19.92986 4.80100 
-19.93408 4.80200 
-19.93831 4.80300 
-19.94254 4.80400 
-19.94677 4.80500 
-19.95100 4.80600 
-19.95522 4.80700 
-19.95945 4.80800 
-19.96368 4.80900 
-19.96791 4.81000 
-19.97214 4.81100 
-19.97636 4.81200 
-19.98059 4.81300 
-19.98482 4.81400 
-19.98905 4.81500 
-19.99328 4.81600 
-19.99750 4.81700 
-20.00173 4.81800 
-20.00596 4.81900 
-20.01019 4.82000 
-20.01442 4.82100 
-20.01864 4.82200 
-20.02287 4.82300 
-20.02710 4.82400 
-20.03133 4.82500 
-20.03556 4.82600 
-20.03978 4.82700 
-20.04401 4.82800 
-20.04824 4.82900 
-20.05247 4.83000 
-20.05670 4.83100 
-20.06092 4.83200 
-20.06515 4.83300 
-20.06938 4.83400 
-20.07361 4.83500 
-20.07784 4.83600 
-20.08206 4.83700 
-20.08629 4.83800 
-20.09052 4.83900 
-20.09475 4.84000 
-20.09898 4.84100 
-20.10320 4.84200 
-20.10743 4.84300 
-20.11166 4.84400 
-20.11589 4.84500 
-20.12012 4.84600 
-20.12434 4.84700 
-20.12857 4.84800 
-20.13280 4.84900 
-20.13703 4.85000 
-20.14126 4.85100 
-20.14548 4.85200 
-20.14971 4.85300 
-20.15394 4.85400 
-20.15817 4.85500 
-20.16240 4.85600 
-20.16662 4.85700 
-20.17085 4.85800 
-20.17508 4.85900 
-20.17931 4.86000 
-20.18354 4.86100 
-20.18776 4.86200 
-20.19199 4.86300 
-20.19622 4.86400 
-20.20045 4.86500 
-20.20468 4.86600 
-20.20890 4.86700 
-20.21313 4.86800 
-20.21736 4.86900 
-20.22159 4.87000 
-20.22582 4.87100 
-20.23004 4.87200 
-20.23427 4.87300 
-20.23850 4.87400 
-20.24273 4.87500 
-20.24696 4.87600 
-20.25118 4.87700 
-20.25541 4.87800 
-20.25964 4.87900 
-20.26387 4.88000 
-20.26810 4.88100 
-20.27232 4.88200 
-20.27655 4.88300 
-20.28078 4.88400 
-20.28501 4.88500 
-20.28924 4.88600 
-20.29346 4.88700 
-20.29769 4.88800 
-20.30192 4.88900 
-20.30615 4.89000 
-20.31038 4.89100 
-20.31460 4.89200 
-20.31883 4.89300 
-20.32306 4.89400 
-20.32729 4.89500 
-20.33152 4.89600 
-20.33574 4.89700 
-20.33997 4.89800 
-20.34420 4.89900 
-20.34843 4.90000 
-20.35266 4.90100 
-20.35688 4.90200 
-20.36111 4.90300 
-20.36534 4.90400 
-20.36957 4.90500 
-20.37380 4.90600 
-20.37802 4.90700 
-20.38225 4.90800 
-20.38648 4.90900 
-20.39071 4.91000 
-20.39494 4.91100 
-20.39916 4.91200 
-20.40339 4.91300 
-20.40762 4.91400 
-20.41185 4.91500 
-20.41608 4.91600 
-20.42030 4.91700 
-20.42453 4.91800 
-20.42876 4.91900 
-20.43299 4.92000 
-20.43722 4.92100 
-20.44144 4.92200 
-20.44567 4.92300 
-20.44990 4.92400 
-20.45413 4.92500 
-20.45836 4.92600 
-20.46258 4.92700 
-20.46681 4.92800 
-20.47104 4.92900 
-20.47527 4.93000 
-20.47950 4.93100 
-20.48372 4.93200 
-20.48795 4.93300 
-20.49218 4.93400 
-20.49641 4.93500 
-20.50064 4.93600 
-20.50486 4.93700 
-20.50909 4.93800 
-20.51332 4.93900 
-20.51755 4.94000 
-20.52178 4.94100 
-20.52600 4.94200 
-20.53023 4.94300 
-20.53446 4.94400 
-20.53869 4.94500 
-20.54292 4.94600 
-20.54714 4.94700 
-20.55137 4.94800 
-20.55560 4.94900 
-20.55983 4.95000 
-20.56405 4.95100 
-20.56828 4.95200 
-20.57251 4.95300 
-20.57674 4.95400 
-20.58097 4.95500 
-20.58519 4.95600 
-20.58942 4.95700 
-20.59365 4.95800 
-20.59788 4.95900 
-20.60211 4.96000 
-20.60633 4.96100 
-20.61056 4.96200 
-20.61479 4.96300 
-20.61902 4.96400 
-20.62325 4.96500 
-20.62747 4.96600 
-20.63170 4.96700 
-20.63593 4.96800 
-20.64016 4.96900 
-20.64439 4.97000 
-20.64861 4.97100 
-20.65284 4.97200 
-20.65707 4.97300 
-20.66130 4.97400 
-20.66553 4.97500 
-20.66975 4.97600 
-20.67398 4.97700 
-20.67821 4.97800 
-20.68244 4.97900 
-20.68667 4.98000 
-20.69089 4.98100 
-20.69512 4.98200 
-20.69935 4.98300 
-20.70358 4.98400 
-20.70781 4.98500 
-20.71203 4.98600 
-20.71626 4.98700 
-20.72049 4.98800 
-20.72472 4.98900 
-20.72895 4.99000 
-20.73317 4.99100 
-20.73740 4.99200 
-20.74163 4.99300 
-20.74586 4.99400 
-20.75009 4.99500 
-20.75431 4.99600 
-20.75854 4.99700 
-20.76277 4.99800 
-20.76700 4.99900 
