0.00000 0.00000 
-0.00007 0.00100 
-0.00027 0.00200 
-0.00060 0.00300 
-0.00106 0.00400 
-0.00165 0.00500 
-0.00237 0.00600 
-0.00321 0.00700 
-0.00418 0.00800 
-0.00527 0.00900 
-0.00648 0.01000 
-0.00782 0.01100 
-0.00927 0.01200 
-0.01083 0.01300 
-0.01252 0.01400 
-0.01432 0.01500 
-0.01623 0.01600 
-0.01825 0.01700 
-0.02039 0.01800 
-0.02263 0.01900 
-0.02499 0.02000 
-0.02744 0.02100 
-0.03001 0.02200 
-0.03268 0.02300 
-0.03545 0.02400 
-0.03833 0.02500 
-0.04131 0.02600 
-0.04438 0.02700 
-0.04756 0.02800 
-0.05083 0.02900 
-0.05420 0.03000 
-0.05767 0.03100 
-0.06123 0.03200 
-0.06488 0.03300 
-0.06862 0.03400 
-0.07246 0.03500 
-0.07639 0.03600 
-0.08040 0.03700 
-0.08451 0.03800 
-0.08870 0.03900 
-0.09297 0.04000 
-0.09733 0.04100 
-0.10178 0.04200 
-0.10631 0.04300 
-0.11092 0.04400 
-0.11561 0.04500 
-0.12039 0.04600 
-0.12524 0.04700 
-0.13017 0.04800 
-0.13518 0.04900 
-0.14026 0.05000 
-0.14542 0.05100 
-0.15066 0.05200 
-0.15597 0.05300 
-0.16135 0.05400 
-0.16681 0.05500 
-0.17234 0.05600 
-0.17793 0.05700 
-0.18360 0.05800 
-0.18934 0.05900 
-0.19515 0.06000 
-0.20102 0.06100 
-0.20696 0.06200 
-0.21297 0.06300 
-0.21904 0.06400 
-0.22518 0.06500 
-0.23138 0.06600 
-0.23764 0.06700 
-0.24397 0.06800 
-0.25036 0.06900 
-0.25681 0.07000 
-0.26332 0.07100 
-0.26988 0.07200 
-0.27651 0.07300 
-0.28320 0.07400 
-0.28994 0.07500 
-0.29674 0.07600 
-0.30360 0.07700 
-0.31051 0.07800 
-0.31748 0.07900 
-0.32450 0.08000 
-0.33158 0.08100 
-0.33871 0.08200 
-0.34589 0.08300 
-0.35312 0.08400 
-0.36041 0.08500 
-0.36775 0.08600 
-0.37513 0.08700 
-0.38257 0.08800 
-0.39005 0.08900 
-0.39759 0.09000 
-0.40517 0.09100 
-0.41280 0.09200 
-0.42047 0.09300 
-0.42819 0.09400 
-0.43596 0.09500 
-0.44378 0.09600 
-0.45163 0.09700 
-0.45954 0.09800 
-0.46748 0.09900 
-0.47547 0.10000 
-0.48350 0.10100 
-0.49158 0.10200 
-0.49969 0.10300 
-0.50785 0.10400 
-0.51605 0.10500 
-0.52429 0.10600 
-0.53257 0.10700 
-0.54088 0.10800 
-0.54924 0.10900 
-0.55764 0.11000 
-0.56607 0.11100 
-0.57454 0.11200 
-0.58305 0.11300 
-0.59160 0.11400 
-0.60018 0.11500 
-0.60880 0.11600 
-0.61745 0.11700 
-0.62614 0.11800 
-0.63486 0.11900 
-0.64362 0.12000 
-0.65241 0.12100 
-0.66124 0.12200 
-0.67010 0.12300 
-0.67899 0.12400 
-0.68791 0.12500 
-0.69687 0.12600 
-0.70585 0.12700 
-0.71487 0.12800 
-0.72392 0.12900 
-0.73301 0.13000 
-0.74212 0.13100 
-0.75126 0.13200 
-0.76043 0.13300 
-0.76963 0.13400 
-0.77886 0.13500 
-0.78812 0.13600 
-0.79740 0.13700 
-0.80672 0.13800 
-0.81606 0.13900 
-0.82543 0.14000 
-0.83482 0.14100 
-0.84424 0.14200 
-0.85369 0.14300 
-0.86317 0.14400 
-0.87267 0.14500 
-0.88220 0.14600 
-0.89175 0.14700 
-0.90133 0.14800 
-0.91093 0.14900 
-0.92055 0.15000 
-0.93020 0.15100 
-0.93988 0.15200 
-0.94957 0.15300 
-0.95929 0.15400 
-0.96904 0.15500 
-0.97880 0.15600 
-0.98859 0.15700 
-0.99840 0.15800 
-1.00824 0.15900 
-1.01809 0.16000 
-1.02797 0.16100 
-1.03787 0.16200 
-1.04778 0.16300 
-1.05772 0.16400 
-1.06768 0.16500 
-1.07766 0.16600 
-1.08766 0.16700 
-1.09768 0.16800 
-1.10772 0.16900 
-1.11778 0.17000 
-1.12786 0.17100 
-1.13796 0.17200 
-1.14807 0.17300 
-1.15821 0.17400 
-1.16836 0.17500 
-1.17853 0.17600 
-1.18872 0.17700 
-1.19893 0.17800 
-1.20915 0.17900 
-1.21939 0.18000 
-1.22965 0.18100 
-1.23992 0.18200 
-1.25022 0.18300 
-1.26052 0.18400 
-1.27085 0.18500 
-1.28119 0.18600 
-1.29155 0.18700 
-1.30192 0.18800 
-1.31231 0.18900 
-1.32271 0.19000 
-1.33313 0.19100 
-1.34356 0.19200 
-1.35401 0.19300 
-1.36447 0.19400 
-1.37495 0.19500 
-1.38544 0.19600 
-1.39595 0.19700 
-1.40647 0.19800 
-1.41701 0.19900 
-1.42755 0.20000 
-1.43812 0.20100 
-1.44869 0.20200 
-1.45928 0.20300 
-1.46988 0.20400 
-1.48050 0.20500 
-1.49112 0.20600 
-1.50176 0.20700 
-1.51242 0.20800 
-1.52308 0.20900 
-1.53376 0.21000 
-1.54445 0.21100 
-1.55515 0.21200 
-1.56587 0.21300 
-1.57659 0.21400 
-1.58733 0.21500 
-1.59808 0.21600 
-1.60884 0.21700 
-1.61961 0.21800 
-1.63039 0.21900 
-1.64118 0.22000 
-1.65199 0.22100 
-1.66280 0.22200 
-1.67363 0.22300 
-1.68446 0.22400 
-1.69531 0.22500 
-1.70616 0.22600 
-1.71703 0.22700 
-1.72791 0.22800 
-1.73879 0.22900 
-1.74969 0.23000 
-1.76059 0.23100 
-1.77151 0.23200 
-1.78243 0.23300 
-1.79336 0.23400 
-1.80431 0.23500 
-1.81526 0.23600 
-1.82622 0.23700 
-1.83719 0.23800 
-1.84816 0.23900 
-1.85915 0.24000 
-1.87015 0.24100 
-1.88115 0.24200 
-1.89216 0.24300 
-1.90318 0.24400 
-1.91421 0.24500 
-1.92525 0.24600 
-1.93629 0.24700 
-1.94735 0.24800 
-1.95841 0.24900 
-1.96947 0.25000 
-1.98055 0.25100 
-1.99163 0.25200 
-2.00272 0.25300 
-2.01382 0.25400 
-2.02493 0.25500 
-2.03604 0.25600 
-2.04716 0.25700 
-2.05829 0.25800 
-2.06942 0.25900 
-2.08056 0.26000 
-2.09171 0.26100 
-2.10287 0.26200 
-2.11403 0.26300 
-2.12519 0.26400 
-2.13637 0.26500 
-2.14755 0.26600 
-2.15874 0.26700 
-2.16993 0.26800 
-2.18113 0.26900 
-2.19233 0.27000 
-2.20355 0.27100 
-2.21476 0.27200 
-2.22599 0.27300 
-2.23722 0.27400 
-2.24845 0.27500 
-2.25969 0.27600 
-2.27094 0.27700 
-2.28219 0.27800 
-2.29345 0.27900 
-2.30471 0.28000 
-2.31598 0.28100 
-2.32726 0.28200 
-2.33854 0.28300 
-2.34982 0.28400 
-2.36111 0.28500 
-2.37241 0.28600 
-2.38371 0.28700 
-2.39501 0.28800 
-2.40632 0.28900 
-2.41764 0.29000 
-2.42896 0.29100 
-2.44028 0.29200 
-2.45161 0.29300 
-2.46295 0.29400 
-2.47428 0.29500 
-2.48563 0.29600 
-2.49698 0.29700 
-2.50833 0.29800 
-2.51968 0.29900 
-2.53105 0.30000 
-2.54241 0.30100 
-2.55378 0.30200 
-2.56515 0.30300 
-2.57653 0.30400 
-2.58791 0.30500 
-2.59930 0.30600 
-2.61069 0.30700 
-2.62208 0.30800 
-2.63348 0.30900 
-2.64488 0.31000 
-2.65629 0.31100 
-2.66770 0.31200 
-2.67911 0.31300 
-2.69053 0.31400 
-2.70195 0.31500 
-2.71337 0.31600 
-2.72480 0.31700 
-2.73623 0.31800 
-2.74767 0.31900 
-2.75911 0.32000 
-2.77055 0.32100 
-2.78200 0.32200 
-2.79344 0.32300 
-2.80490 0.32400 
-2.81635 0.32500 
-2.82781 0.32600 
-2.83927 0.32700 
-2.85074 0.32800 
-2.86220 0.32900 
-2.87368 0.33000 
-2.88515 0.33100 
-2.89663 0.33200 
-2.90811 0.33300 
-2.91959 0.33400 
-2.93108 0.33500 
-2.94257 0.33600 
-2.95406 0.33700 
-2.96555 0.33800 
-2.97705 0.33900 
-2.98855 0.34000 
-3.00005 0.34100 
-3.01156 0.34200 
-3.02307 0.34300 
-3.03458 0.34400 
-3.04609 0.34500 
-3.05761 0.34600 
-3.06913 0.34700 
-3.08065 0.34800 
-3.09217 0.34900 
-3.10370 0.35000 
-3.11523 0.35100 
-3.12676 0.35200 
-3.13829 0.35300 
-3.14983 0.35400 
-3.16137 0.35500 
-3.17291 0.35600 
-3.18445 0.35700 
-3.19599 0.35800 
-3.20754 0.35900 
-3.21909 0.36000 
-3.23064 0.36100 
-3.24220 0.36200 
-3.25375 0.36300 
-3.26531 0.36400 
-3.27687 0.36500 
-3.28843 0.36600 
-3.29999 0.36700 
-3.31156 0.36800 
-3.32313 0.36900 
-3.33470 0.37000 
-3.34627 0.37100 
-3.35784 0.37200 
-3.36942 0.37300 
-3.38100 0.37400 
-3.39258 0.37500 
-3.40416 0.37600 
-3.41574 0.37700 
-3.42733 0.37800 
-3.43891 0.37900 
-3.45050 0.38000 
-3.46209 0.38100 
-3.47368 0.38200 
-3.48528 0.38300 
-3.49687 0.38400 
-3.50847 0.38500 
-3.52007 0.38600 
-3.53167 0.38700 
-3.54327 0.38800 
-3.55487 0.38900 
-3.56648 0.39000 
-3.57808 0.39100 
-3.58969 0.39200 
-3.60130 0.39300 
-3.61291 0.39400 
-3.62452 0.39500 
-3.63614 0.39600 
-3.64775 0.39700 
-3.65937 0.39800 
-3.67099 0.39900 
-3.68260 0.40000 
-3.69423 0.40100 
-3.70585 0.40200 
-3.71747 0.40300 
-3.72910 0.40400 
-3.74072 0.40500 
-3.75235 0.40600 
-3.76398 0.40700 
-3.77561 0.40800 
-3.78724 0.40900 
-3.79887 0.41000 
-3.81050 0.41100 
-3.82214 0.41200 
-3.83378 0.41300 
-3.84541 0.41400 
-3.85705 0.41500 
-3.86869 0.41600 
-3.88033 0.41700 
-3.89197 0.41800 
-3.90362 0.41900 
-3.91526 0.42000 
-3.92691 0.42100 
-3.93855 0.42200 
-3.95020 0.42300 
-3.96185 0.42400 
-3.97350 0.42500 
-3.98515 0.42600 
-3.99680 0.42700 
-4.00845 0.42800 
-4.02010 0.42900 
-4.03176 0.43000 
-4.04341 0.43100 
-4.05507 0.43200 
-4.06673 0.43300 
-4.07839 0.43400 
-4.09005 0.43500 
-4.10171 0.43600 
-4.11337 0.43700 
-4.12503 0.43800 
-4.13669 0.43900 
-4.14835 0.44000 
-4.16002 0.44100 
-4.17168 0.44200 
-4.18335 0.44300 
-4.19502 0.44400 
-4.20669 0.44500 
-4.21835 0.44600 
-4.23002 0.44700 
-4.24169 0.44800 
-4.25337 0.44900 
-4.26504 0.45000 
-4.27671 0.45100 
-4.28838 0.45200 
-4.30006 0.45300 
-4.31173 0.45400 
-4.32341 0.45500 
-4.33508 0.45600 
-4.34676 0.45700 
-4.35844 0.45800 
-4.37012 0.45900 
-4.38180 0.46000 
-4.39348 0.46100 
-4.40516 0.46200 
-4.41684 0.46300 
-4.42852 0.46400 
-4.44020 0.46500 
-4.45189 0.46600 
-4.46357 0.46700 
-4.47526 0.46800 
-4.48694 0.46900 
-4.49863 0.47000 
-4.51031 0.47100 
-4.52200 0.47200 
-4.53369 0.47300 
-4.54538 0.47400 
-4.55707 0.47500 
-4.56875 0.47600 
-4.58044 0.47700 
-4.59214 0.47800 
-4.60383 0.47900 
-4.61552 0.48000 
-4.62721 0.48100 
-4.63890 0.48200 
-4.65060 0.48300 
-4.66229 0.48400 
-4.67398 0.48500 
-4.68568 0.48600 
-4.69737 0.48700 
-4.70907 0.48800 
-4.72077 0.48900 
-4.73246 0.49000 
-4.74416 0.49100 
-4.75586 0.49200 
-4.76756 0.49300 
-4.77926 0.49400 
-4.79096 0.49500 
-4.80266 0.49600 
-4.81436 0.49700 
-4.82606 0.49800 
-4.83776 0.49900 
-4.84946 0.50000 
-4.86116 0.50100 
-4.87286 0.50200 
-4.88457 0.50300 
-4.89627 0.50400 
-4.90797 0.50500 
-4.91968 0.50600 
-4.93138 0.50700 
-4.94309 0.50800 
-4.95479 0.50900 
-4.96650 0.51000 
-4.97820 0.51100 
-4.98991 0.51200 
-5.00162 0.51300 
-5.01332 0.51400 
-5.02503 0.51500 
-5.03674 0.51600 
-5.04845 0.51700 
-5.06016 0.51800 
-5.07186 0.51900 
-5.08357 0.52000 
-5.09528 0.52100 
-5.10699 0.52200 
-5.11870 0.52300 
-5.13042 0.52400 
-5.14213 0.52500 
-5.15384 0.52600 
-5.16555 0.52700 
-5.17726 0.52800 
-5.18897 0.52900 
-5.20069 0.53000 
-5.21240 0.53100 
-5.22411 0.53200 
-5.23583 0.53300 
-5.24754 0.53400 
-5.25925 0.53500 
-5.27097 0.53600 
-5.28268 0.53700 
-5.29440 0.53800 
-5.30611 0.53900 
-5.31783 0.54000 
-5.32954 0.54100 
-5.34126 0.54200 
-5.35298 0.54300 
-5.36469 0.54400 
-5.37641 0.54500 
-5.38813 0.54600 
-5.39985 0.54700 
-5.41156 0.54800 
-5.42328 0.54900 
-5.43500 0.55000 
-5.44672 0.55100 
-5.45844 0.55200 
-5.47015 0.55300 
-5.48187 0.55400 
-5.49359 0.55500 
-5.50531 0.55600 
-5.51703 0.55700 
-5.52875 0.55800 
-5.54047 0.55900 
-5.55219 0.56000 
-5.56391 0.56100 
-5.57564 0.56200 
-5.58736 0.56300 
-5.59908 0.56400 
-5.61080 0.56500 
-5.62252 0.56600 
-5.63424 0.56700 
-5.64597 0.56800 
-5.65769 0.56900 
-5.66941 0.57000 
-5.68113 0.57100 
-5.69286 0.57200 
-5.70458 0.57300 
-5.71630 0.57400 
-5.72803 0.57500 
-5.73975 0.57600 
-5.75147 0.57700 
-5.76320 0.57800 
-5.77492 0.57900 
-5.78665 0.58000 
-5.79837 0.58100 
-5.81010 0.58200 
-5.82182 0.58300 
-5.83355 0.58400 
-5.84527 0.58500 
-5.85700 0.58600 
-5.86872 0.58700 
-5.88045 0.58800 
-5.89217 0.58900 
-5.90390 0.59000 
-5.91563 0.59100 
-5.92735 0.59200 
-5.93908 0.59300 
-5.95081 0.59400 
-5.96253 0.59500 
-5.97426 0.59600 
-5.98599 0.59700 
-5.99772 0.59800 
-6.00944 0.59900 
-6.02117 0.60000 
-6.03290 0.60100 
-6.04463 0.60200 
-6.05635 0.60300 
-6.06808 0.60400 
-6.07981 0.60500 
-6.09154 0.60600 
-6.10327 0.60700 
-6.11500 0.60800 
-6.12672 0.60900 
-6.13845 0.61000 
-6.15018 0.61100 
-6.16191 0.61200 
-6.17364 0.61300 
-6.18537 0.61400 
-6.19710 0.61500 
-6.20883 0.61600 
-6.22056 0.61700 
-6.23229 0.61800 
-6.24402 0.61900 
-6.25575 0.62000 
-6.26748 0.62100 
-6.27921 0.62200 
-6.29094 0.62300 
-6.30267 0.62400 
-6.31440 0.62500 
-6.32613 0.62600 
-6.33786 0.62700 
-6.34959 0.62800 
-6.36133 0.62900 
-6.37306 0.63000 
-6.38479 0.63100 
-6.39652 0.63200 
-6.40825 0.63300 
-6.41998 0.63400 
-6.43171 0.63500 
-6.44345 0.63600 
-6.45518 0.63700 
-6.46691 0.63800 
-6.47864 0.63900 
-6.49037 0.64000 
-6.50211 0.64100 
-6.51384 0.64200 
-6.52557 0.64300 
-6.53730 0.64400 
-6.54903 0.64500 
-6.56077 0.64600 
-6.57250 0.64700 
-6.58423 0.64800 
-6.59597 0.64900 
-6.60770 0.65000 
-6.61943 0.65100 
-6.63116 0.65200 
-6.64290 0.65300 
-6.65463 0.65400 
-6.66636 0.65500 
-6.67810 0.65600 
-6.68983 0.65700 
-6.70156 0.65800 
-6.71330 0.65900 
-6.72503 0.66000 
-6.73677 0.66100 
-6.74850 0.66200 
-6.76023 0.66300 
-6.77197 0.66400 
-6.78370 0.66500 
-6.79544 0.66600 
-6.80717 0.66700 
-6.81890 0.66800 
-6.83064 0.66900 
-6.84237 0.67000 
-6.85411 0.67100 
-6.86584 0.67200 
-6.87758 0.67300 
-6.88931 0.67400 
-6.90104 0.67500 
-6.91278 0.67600 
-6.92451 0.67700 
-6.93625 0.67800 
-6.94798 0.67900 
-6.95972 0.68000 
-6.97145 0.68100 
-6.98319 0.68200 
-6.99492 0.68300 
-7.00666 0.68400 
-7.01839 0.68500 
-7.03013 0.68600 
-7.04186 0.68700 
-7.05360 0.68800 
-7.06534 0.68900 
-7.07707 0.69000 
-7.08881 0.69100 
-7.10054 0.69200 
-7.11228 0.69300 
-7.12401 0.69400 
-7.13575 0.69500 
-7.14748 0.69600 
-7.15922 0.69700 
-7.17096 0.69800 
-7.18269 0.69900 
-7.19443 0.70000 
-7.20616 0.70100 
-7.21790 0.70200 
-7.22964 0.70300 
-7.24137 0.70400 
-7.25311 0.70500 
-7.26484 0.70600 
-7.27658 0.70700 
-7.28832 0.70800 
-7.30005 0.70900 
-7.31179 0.71000 
-7.32353 0.71100 
-7.33526 0.71200 
-7.34700 0.71300 
-7.35874 0.71400 
-7.37047 0.71500 
-7.38221 0.71600 
-7.39395 0.71700 
-7.40568 0.71800 
-7.41742 0.71900 
-7.42916 0.72000 
-7.44089 0.72100 
-7.45263 0.72200 
-7.46437 0.72300 
-7.47610 0.72400 
-7.48784 0.72500 
-7.49958 0.72600 
-7.51131 0.72700 
-7.52305 0.72800 
-7.53479 0.72900 
-7.54652 0.73000 
-7.55826 0.73100 
-7.57000 0.73200 
-7.58174 0.73300 
-7.59347 0.73400 
-7.60521 0.73500 
-7.61695 0.73600 
-7.62869 0.73700 
-7.64042 0.73800 
-7.65216 0.73900 
-7.66390 0.74000 
-7.67563 0.74100 
-7.68737 0.74200 
-7.69911 0.74300 
-7.71085 0.74400 
-7.72258 0.74500 
-7.73432 0.74600 
-7.74606 0.74700 
-7.75780 0.74800 
-7.76953 0.74900 
-7.78127 0.75000 
-7.79301 0.75100 
-7.80475 0.75200 
-7.81649 0.75300 
-7.82822 0.75400 
-7.83996 0.75500 
-7.85170 0.75600 
-7.86344 0.75700 
-7.87517 0.75800 
-7.88691 0.75900 
-7.89865 0.76000 
-7.91039 0.76100 
-7.92213 0.76200 
-7.93386 0.76300 
-7.94560 0.76400 
-7.95734 0.76500 
-7.96908 0.76600 
-7.98082 0.76700 
-7.99255 0.76800 
-8.00429 0.76900 
-8.01603 0.77000 
-8.02777 0.77100 
-8.03951 0.77200 
-8.05124 0.77300 
-8.06298 0.77400 
-8.07472 0.77500 
-8.08646 0.77600 
-8.09820 0.77700 
-8.10994 0.77800 
-8.12167 0.77900 
-8.13341 0.78000 
-8.14515 0.78100 
-8.15689 0.78200 
-8.16863 0.78300 
-8.18037 0.78400 
-8.19210 0.78500 
-8.20384 0.78600 
-8.21558 0.78700 
-8.22732 0.78800 
-8.23906 0.78900 
-8.25080 0.79000 
-8.26253 0.79100 
-8.27427 0.79200 
-8.28601 0.79300 
-8.29775 0.79400 
-8.30949 0.79500 
-8.32123 0.79600 
-8.33297 0.79700 
-8.34470 0.79800 
-8.35644 0.79900 
-8.36818 0.80000 
-8.37992 0.80100 
-8.39166 0.80200 
-8.40340 0.80300 
-8.41514 0.80400 
-8.42687 0.80500 
-8.43861 0.80600 
-8.45035 0.80700 
-8.46209 0.80800 
-8.47383 0.80900 
-8.48557 0.81000 
-8.49731 0.81100 
-8.50905 0.81200 
-8.52078 0.81300 
-8.53252 0.81400 
-8.54426 0.81500 
-8.55600 0.81600 
-8.56774 0.81700 
-8.57948 0.81800 
-8.59122 0.81900 
-8.60296 0.82000 
-8.61469 0.82100 
-8.62643 0.82200 
-8.63817 0.82300 
-8.64991 0.82400 
-8.66165 0.82500 
-8.67339 0.82600 
-8.68513 0.82700 
-8.69687 0.82800 
-8.70861 0.82900 
-8.72034 0.83000 
-8.73208 0.83100 
-8.74382 0.83200 
-8.75556 0.83300 
-8.76730 0.83400 
-8.77904 0.83500 
-8.79078 0.83600 
-8.80252 0.83700 
-8.81426 0.83800 
-8.82600 0.83900 
-8.83773 0.84000 
-8.84947 0.84100 
-8.86121 0.84200 
-8.87295 0.84300 
-8.88469 0.84400 
-8.89643 0.84500 
-8.90817 0.84600 
-8.91991 0.84700 
-8.93165 0.84800 
-8.94339 0.84900 
-8.95513 0.85000 
-8.96687 0.85100 
-8.97860 0.85200 
-8.99034 0.85300 
-9.00208 0.85400 
-9.01382 0.85500 
-9.02556 0.85600 
-9.03730 0.85700 
-9.04904 0.85800 
-9.06078 0.85900 
-9.07252 0.86000 
-9.08426 0.86100 
-9.09600 0.86200 
-9.10774 0.86300 
-9.11947 0.86400 
-9.13121 0.86500 
-9.14295 0.86600 
-9.15469 0.86700 
-9.16643 0.86800 
-9.17817 0.86900 
-9.18991 0.87000 
-9.20165 0.87100 
-9.21339 0.87200 
-9.22513 0.87300 
-9.23687 0.87400 
-9.24861 0.87500 
-9.26035 0.87600 
-9.27209 0.87700 
-9.28382 0.87800 
-9.29556 0.87900 
-9.30730 0.88000 
-9.31904 0.88100 
-9.33078 0.88200 
-9.34252 0.88300 
-9.35426 0.88400 
-9.36600 0.88500 
-9.37774 0.88600 
-9.38948 0.88700 
-9.40122 0.88800 
-9.41296 0.88900 
-9.42470 0.89000 
-9.43644 0.89100 
-9.44818 0.89200 
-9.45992 0.89300 
-9.47166 0.89400 
-9.48339 0.89500 
-9.49513 0.89600 
-9.50687 0.89700 
-9.51861 0.89800 
-9.53035 0.89900 
-9.54209 0.90000 
-9.55383 0.90100 
-9.56557 0.90200 
-9.57731 0.90300 
-9.58905 0.90400 
-9.60079 0.90500 
-9.61253 0.90600 
-9.62427 0.90700 
-9.63601 0.90800 
-9.64775 0.90900 
-9.65949 0.91000 
-9.67123 0.91100 
-9.68297 0.91200 
-9.69470 0.91300 
-9.70644 0.91400 
-9.71818 0.91500 
-9.72992 0.91600 
-9.74166 0.91700 
-9.75340 0.91800 
-9.76514 0.91900 
-9.77688 0.92000 
-9.78862 0.92100 
-9.80036 0.92200 
-9.81210 0.92300 
-9.82384 0.92400 
-9.83558 0.92500 
-9.84732 0.92600 
-9.85906 0.92700 
-9.87080 0.92800 
-9.88254 0.92900 
-9.89428 0.93000 
-9.90602 0.93100 
-9.91776 0.93200 
-9.92950 0.93300 
-9.94124 0.93400 
-9.95297 0.93500 
-9.96471 0.93600 
-9.97645 0.93700 
-9.98819 0.93800 
-9.99993 0.93900 
-10.01167 0.94000 
-10.02341 0.94100 
-10.03515 0.94200 
-10.04689 0.94300 
-10.05863 0.94400 
-10.07037 0.94500 
-10.08211 0.94600 
-10.09385 0.94700 
-10.10559 0.94800 
-10.11733 0.94900 
-10.12907 0.95000 
-10.14081 0.95100 
-10.15255 0.95200 
-10.16429 0.95300 
-10.17603 0.95400 
-10.18777 0.95500 
-10.19951 0.95600 
-10.21125 0.95700 
-10.22299 0.95800 
-10.23473 0.95900 
-10.24647 0.96000 
-10.25821 0.96100 
-10.26994 0.96200 
-10.28168 0.96300 
-10.29342 0.96400 
-10.30516 0.96500 
-10.31690 0.96600 
-10.32864 0.96700 
-10.34038 0.96800 
-10.35212 0.96900 
-10.36386 0.97000 
-10.37560 0.97100 
-10.38734 0.97200 
-10.39908 0.97300 
-10.41082 0.97400 
-10.42256 0.97500 
-10.43430 0.97600 
-10.44604 0.97700 
-10.45778 0.97800 
-10.46952 0.97900 
-10.48126 0.98000 
-10.49300 0.98100 
-10.50474 0.98200 
-10.51648 0.98300 
-10.52822 0.98400 
-10.53996 0.98500 
-10.55170 0.98600 
-10.56344 0.98700 
-10.57518 0.98800 
-10.58692 0.98900 
-10.59866 0.99000 
-10.61040 0.99100 
-10.62214 0.99200 
-10.63387 0.99300 
-10.64561 0.99400 
-10.65735 0.99500 
-10.66909 0.99600 
-10.68083 0.99700 
-10.69257 0.99800 
-10.70431 0.99900 
