0.00000 0.00000 
-0.03112 0.00100 
-0.06189 0.00200 
-0.09230 0.00300 
-0.12237 0.00400 
-0.15210 0.00500 
-0.18148 0.00600 
-0.21053 0.00700 
-0.23925 0.00800 
-0.26765 0.00900 
-0.29572 0.01000 
-0.32347 0.01100 
-0.35090 0.01200 
-0.37802 0.01300 
-0.40483 0.01400 
-0.43133 0.01500 
-0.45754 0.01600 
-0.48344 0.01700 
-0.50905 0.01800 
-0.53437 0.01900 
-0.55939 0.02000 
-0.58414 0.02100 
-0.60860 0.02200 
-0.63278 0.02300 
-0.65668 0.02400 
-0.68032 0.02500 
-0.70368 0.02600 
-0.72678 0.02700 
-0.74961 0.02800 
-0.77219 0.02900 
-0.79450 0.03000 
-0.81656 0.03100 
-0.83837 0.03200 
-0.85993 0.03300 
-0.88125 0.03400 
-0.90232 0.03500 
-0.92315 0.03600 
-0.94375 0.03700 
-0.96411 0.03800 
-0.98424 0.03900 
-1.00414 0.04000 
-1.02381 0.04100 
-1.04325 0.04200 
-1.06248 0.04300 
-1.08148 0.04400 
-1.10027 0.04500 
-1.11885 0.04600 
-1.13721 0.04700 
-1.15537 0.04800 
-1.17331 0.04900 
-1.19106 0.05000 
-1.20860 0.05100 
-1.22594 0.05200 
-1.24308 0.05300 
-1.26002 0.05400 
-1.27678 0.05500 
-1.29334 0.05600 
-1.30971 0.05700 
-1.32590 0.05800 
-1.34190 0.05900 
-1.35772 0.06000 
-1.37336 0.06100 
-1.38882 0.06200 
-1.40411 0.06300 
-1.41922 0.06400 
-1.43416 0.06500 
-1.44893 0.06600 
-1.46353 0.06700 
-1.47796 0.06800 
-1.49223 0.06900 
-1.50633 0.07000 
-1.52028 0.07100 
-1.53406 0.07200 
-1.54769 0.07300 
-1.56117 0.07400 
-1.57449 0.07500 
-1.58765 0.07600 
-1.60067 0.07700 
-1.61354 0.07800 
-1.62626 0.07900 
-1.63884 0.08000 
-1.65127 0.08100 
-1.66357 0.08200 
-1.67572 0.08300 
-1.68773 0.08400 
-1.69961 0.08500 
-1.71135 0.08600 
-1.72296 0.08700 
-1.73443 0.08800 
-1.74578 0.08900 
-1.75699 0.09000 
-1.76808 0.09100 
-1.77904 0.09200 
-1.78988 0.09300 
-1.80059 0.09400 
-1.81118 0.09500 
-1.82165 0.09600 
-1.83200 0.09700 
-1.84223 0.09800 
-1.85234 0.09900 
-1.86234 0.10000 
-1.87223 0.10100 
-1.88200 0.10200 
-1.89167 0.10300 
-1.90122 0.10400 
-1.91066 0.10500 
-1.91999 0.10600 
-1.92922 0.10700 
-1.93835 0.10800 
-1.94737 0.10900 
-1.95628 0.11000 
-1.96510 0.11100 
-1.97381 0.11200 
-1.98243 0.11300 
-1.99094 0.11400 
-1.99936 0.11500 
-2.00769 0.11600 
-2.01592 0.11700 
-2.02405 0.11800 
-2.03209 0.11900 
-2.04005 0.12000 
-2.04791 0.12100 
-2.05568 0.12200 
-2.06336 0.12300 
-2.07095 0.12400 
-2.07846 0.12500 
-2.08588 0.12600 
-2.09322 0.12700 
-2.10047 0.12800 
-2.10764 0.12900 
-2.11473 0.13000 
-2.12174 0.13100 
-2.12867 0.13200 
-2.13552 0.13300 
-2.14229 0.13400 
-2.14899 0.13500 
-2.15561 0.13600 
-2.16215 0.13700 
-2.16862 0.13800 
-2.17501 0.13900 
-2.18133 0.14000 
-2.18758 0.14100 
-2.19376 0.14200 
-2.19987 0.14300 
-2.20591 0.14400 
-2.21187 0.14500 
-2.21778 0.14600 
-2.22361 0.14700 
-2.22938 0.14800 
-2.23508 0.14900 
-2.24072 0.15000 
-2.24629 0.15100 
-2.25180 0.15200 
-2.25724 0.15300 
-2.26263 0.15400 
-2.26795 0.15500 
-2.27321 0.15600 
-2.27841 0.15700 
-2.28356 0.15800 
-2.28864 0.15900 
-2.29367 0.16000 
-2.29863 0.16100 
-2.30355 0.16200 
-2.30840 0.16300 
-2.31320 0.16400 
-2.31795 0.16500 
-2.32264 0.16600 
-2.32728 0.16700 
-2.33187 0.16800 
-2.33640 0.16900 
-2.34088 0.17000 
-2.34531 0.17100 
-2.34969 0.17200 
-2.35402 0.17300 
-2.35830 0.17400 
-2.36253 0.17500 
-2.36672 0.17600 
-2.37085 0.17700 
-2.37494 0.17800 
-2.37898 0.17900 
-2.38298 0.18000 
-2.38693 0.18100 
-2.39084 0.18200 
-2.39470 0.18300 
-2.39851 0.18400 
-2.40228 0.18500 
-2.40601 0.18600 
-2.40970 0.18700 
-2.41334 0.18800 
-2.41694 0.18900 
-2.42050 0.19000 
-2.42402 0.19100 
-2.42750 0.19200 
-2.43094 0.19300 
-2.43435 0.19400 
-2.43771 0.19500 
-2.44103 0.19600 
-2.44432 0.19700 
-2.44757 0.19800 
-2.45078 0.19900 
-2.45396 0.20000 
-2.45710 0.20100 
-2.46020 0.20200 
-2.46327 0.20300 
-2.46630 0.20400 
-2.46930 0.20500 
-2.47227 0.20600 
-2.47520 0.20700 
-2.47810 0.20800 
-2.48096 0.20900 
-2.48379 0.21000 
-2.48659 0.21100 
-2.48936 0.21200 
-2.49210 0.21300 
-2.49480 0.21400 
-2.49748 0.21500 
-2.50012 0.21600 
-2.50273 0.21700 
-2.50532 0.21800 
-2.50787 0.21900 
-2.51040 0.22000 
-2.51290 0.22100 
-2.51537 0.22200 
-2.51781 0.22300 
-2.52022 0.22400 
-2.52260 0.22500 
-2.52496 0.22600 
-2.52729 0.22700 
-2.52960 0.22800 
-2.53188 0.22900 
-2.53413 0.23000 
-2.53636 0.23100 
-2.53856 0.23200 
-2.54073 0.23300 
-2.54289 0.23400 
-2.54501 0.23500 
-2.54712 0.23600 
-2.54919 0.23700 
-2.55125 0.23800 
-2.55328 0.23900 
-2.55529 0.24000 
-2.55728 0.24100 
-2.55924 0.24200 
-2.56118 0.24300 
-2.56310 0.24400 
-2.56500 0.24500 
-2.56687 0.24600 
-2.56873 0.24700 
-2.57056 0.24800 
-2.57237 0.24900 
-2.57416 0.25000 
-2.57593 0.25100 
-2.57768 0.25200 
-2.57941 0.25300 
-2.58113 0.25400 
-2.58282 0.25500 
-2.58449 0.25600 
-2.58614 0.25700 
-2.58778 0.25800 
-2.58939 0.25900 
-2.59099 0.26000 
-2.59257 0.26100 
-2.59413 0.26200 
-2.59568 0.26300 
-2.59720 0.26400 
-2.59871 0.26500 
-2.60020 0.26600 
-2.60168 0.26700 
-2.60314 0.26800 
-2.60458 0.26900 
-2.60600 0.27000 
-2.60741 0.27100 
-2.60880 0.27200 
-2.61018 0.27300 
-2.61154 0.27400 
-2.61289 0.27500 
-2.61422 0.27600 
-2.61553 0.27700 
-2.61683 0.27800 
-2.61812 0.27900 
-2.61939 0.28000 
-2.62064 0.28100 
-2.62188 0.28200 
-2.62311 0.28300 
-2.62433 0.28400 
-2.62553 0.28500 
-2.62671 0.28600 
-2.62789 0.28700 
-2.62905 0.28800 
-2.63019 0.28900 
-2.63133 0.29000 
-2.63245 0.29100 
-2.63355 0.29200 
-2.63465 0.29300 
-2.63573 0.29400 
-2.63680 0.29500 
-2.63786 0.29600 
-2.63891 0.29700 
-2.63994 0.29800 
-2.64096 0.29900 
-2.64197 0.30000 
-2.64297 0.30100 
-2.64396 0.30200 
-2.64494 0.30300 
-2.64590 0.30400 
-2.64685 0.30500 
-2.64780 0.30600 
-2.64873 0.30700 
-2.64965 0.30800 
-2.65056 0.30900 
-2.65147 0.31000 
-2.65236 0.31100 
-2.65324 0.31200 
-2.65411 0.31300 
-2.65497 0.31400 
-2.65582 0.31500 
-2.65666 0.31600 
-2.65749 0.31700 
-2.65831 0.31800 
-2.65913 0.31900 
-2.65993 0.32000 
-2.66072 0.32100 
-2.66151 0.32200 
-2.66229 0.32300 
-2.66305 0.32400 
-2.66381 0.32500 
-2.66456 0.32600 
-2.66530 0.32700 
-2.66604 0.32800 
-2.66676 0.32900 
-2.66748 0.33000 
-2.66819 0.33100 
-2.66889 0.33200 
-2.66958 0.33300 
-2.67026 0.33400 
-2.67094 0.33500 
-2.67161 0.33600 
-2.67227 0.33700 
-2.67292 0.33800 
-2.67357 0.33900 
-2.67421 0.34000 
-2.67484 0.34100 
-2.67546 0.34200 
-2.67608 0.34300 
-2.67669 0.34400 
-2.67729 0.34500 
-2.67789 0.34600 
-2.67848 0.34700 
-2.67906 0.34800 
-2.67964 0.34900 
-2.68021 0.35000 
-2.68077 0.35100 
-2.68133 0.35200 
-2.68188 0.35300 
-2.68243 0.35400 
-2.68296 0.35500 
-2.68350 0.35600 
-2.68402 0.35700 
-2.68454 0.35800 
-2.68506 0.35900 
-2.68556 0.36000 
-2.68607 0.36100 
-2.68656 0.36200 
-2.68705 0.36300 
-2.68754 0.36400 
-2.68802 0.36500 
-2.68849 0.36600 
-2.68896 0.36700 
-2.68943 0.36800 
-2.68988 0.36900 
-2.69034 0.37000 
-2.69079 0.37100 
-2.69123 0.37200 
-2.69167 0.37300 
-2.69210 0.37400 
-2.69253 0.37500 
-2.69295 0.37600 
-2.69337 0.37700 
-2.69378 0.37800 
-2.69419 0.37900 
-2.69460 0.38000 
-2.69500 0.38100 
-2.69539 0.38200 
-2.69578 0.38300 
-2.69617 0.38400 
-2.69655 0.38500 
-2.69693 0.38600 
-2.69730 0.38700 
-2.69767 0.38800 
-2.69803 0.38900 
-2.69839 0.39000 
-2.69875 0.39100 
-2.69910 0.39200 
-2.69945 0.39300 
-2.69979 0.39400 
-2.70013 0.39500 
-2.70047 0.39600 
-2.70080 0.39700 
-2.70113 0.39800 
-2.70146 0.39900 
-2.70178 0.40000 
-2.70210 0.40100 
-2.70241 0.40200 
-2.70272 0.40300 
-2.70303 0.40400 
-2.70333 0.40500 
-2.70363 0.40600 
-2.70393 0.40700 
-2.70422 0.40800 
-2.70451 0.40900 
-2.70480 0.41000 
-2.70508 0.41100 
-2.70536 0.41200 
-2.70564 0.41300 
-2.70591 0.41400 
-2.70618 0.41500 
-2.70645 0.41600 
-2.70671 0.41700 
-2.70697 0.41800 
-2.70723 0.41900 
-2.70749 0.42000 
-2.70774 0.42100 
-2.70799 0.42200 
-2.70824 0.42300 
-2.70848 0.42400 
-2.70872 0.42500 
-2.70896 0.42600 
-2.70920 0.42700 
-2.70943 0.42800 
-2.70966 0.42900 
-2.70989 0.43000 
-2.71011 0.43100 
-2.71034 0.43200 
-2.71056 0.43300 
-2.71077 0.43400 
-2.71099 0.43500 
-2.71120 0.43600 
-2.71141 0.43700 
-2.71162 0.43800 
-2.71183 0.43900 
-2.71203 0.44000 
-2.71223 0.44100 
-2.71243 0.44200 
-2.71262 0.44300 
-2.71282 0.44400 
-2.71301 0.44500 
-2.71320 0.44600 
-2.71339 0.44700 
-2.71357 0.44800 
-2.71376 0.44900 
-2.71394 0.45000 
-2.71412 0.45100 
-2.71429 0.45200 
-2.71447 0.45300 
-2.71464 0.45400 
-2.71481 0.45500 
-2.71498 0.45600 
-2.71515 0.45700 
-2.71531 0.45800 
-2.71548 0.45900 
-2.71564 0.46000 
-2.71580 0.46100 
-2.71596 0.46200 
-2.71611 0.46300 
-2.71627 0.46400 
-2.71642 0.46500 
-2.71657 0.46600 
-2.71672 0.46700 
-2.71687 0.46800 
-2.71701 0.46900 
-2.71716 0.47000 
-2.71730 0.47100 
-2.71744 0.47200 
-2.71758 0.47300 
-2.71772 0.47400 
-2.71785 0.47500 
-2.71799 0.47600 
-2.71812 0.47700 
-2.71825 0.47800 
-2.71838 0.47900 
-2.71851 0.48000 
-2.71864 0.48100 
-2.71876 0.48200 
-2.71889 0.48300 
-2.71901 0.48400 
-2.71913 0.48500 
-2.71925 0.48600 
-2.71937 0.48700 
-2.71949 0.48800 
-2.71960 0.48900 
-2.71972 0.49000 
-2.71983 0.49100 
-2.71994 0.49200 
-2.72006 0.49300 
-2.72016 0.49400 
-2.72027 0.49500 
-2.72038 0.49600 
-2.72049 0.49700 
-2.72059 0.49800 
-2.72069 0.49900 
-2.72080 0.50000 
-2.72090 0.50100 
-2.72100 0.50200 
-2.72110 0.50300 
-2.72119 0.50400 
-2.72129 0.50500 
-2.72139 0.50600 
-2.72148 0.50700 
-2.72157 0.50800 
-2.72167 0.50900 
-2.72176 0.51000 
-2.72185 0.51100 
-2.72194 0.51200 
-2.72203 0.51300 
-2.72211 0.51400 
-2.72220 0.51500 
-2.72228 0.51600 
-2.72237 0.51700 
-2.72245 0.51800 
-2.72253 0.51900 
-2.72262 0.52000 
-2.72270 0.52100 
-2.72278 0.52200 
-2.72286 0.52300 
-2.72293 0.52400 
-2.72301 0.52500 
-2.72309 0.52600 
-2.72316 0.52700 
-2.72324 0.52800 
-2.72331 0.52900 
-2.72338 0.53000 
-2.72345 0.53100 
-2.72352 0.53200 
-2.72359 0.53300 
-2.72366 0.53400 
-2.72373 0.53500 
-2.72380 0.53600 
-2.72387 0.53700 
-2.72393 0.53800 
-2.72400 0.53900 
-2.72406 0.54000 
-2.72413 0.54100 
-2.72419 0.54200 
-2.72425 0.54300 
-2.72432 0.54400 
-2.72438 0.54500 
-2.72444 0.54600 
-2.72450 0.54700 
-2.72456 0.54800 
-2.72462 0.54900 
-2.72467 0.55000 
-2.72473 0.55100 
-2.72479 0.55200 
-2.72484 0.55300 
-2.72490 0.55400 
-2.72495 0.55500 
-2.72501 0.55600 
-2.72506 0.55700 
-2.72511 0.55800 
-2.72517 0.55900 
-2.72522 0.56000 
-2.72527 0.56100 
-2.72532 0.56200 
-2.72537 0.56300 
-2.72542 0.56400 
-2.72547 0.56500 
-2.72552 0.56600 
-2.72556 0.56700 
-2.72561 0.56800 
-2.72566 0.56900 
-2.72570 0.57000 
-2.72575 0.57100 
-2.72579 0.57200 
-2.72584 0.57300 
-2.72588 0.57400 
-2.72593 0.57500 
-2.72597 0.57600 
-2.72601 0.57700 
-2.72605 0.57800 
-2.72609 0.57900 
-2.72614 0.58000 
-2.72618 0.58100 
-2.72622 0.58200 
-2.72626 0.58300 
-2.72630 0.58400 
-2.72633 0.58500 
-2.72637 0.58600 
-2.72641 0.58700 
-2.72645 0.58800 
-2.72649 0.58900 
-2.72652 0.59000 
-2.72656 0.59100 
-2.72659 0.59200 
-2.72663 0.59300 
-2.72666 0.59400 
-2.72670 0.59500 
-2.72673 0.59600 
-2.72677 0.59700 
-2.72680 0.59800 
-2.72683 0.59900 
-2.72687 0.60000 
-2.72690 0.60100 
-2.72693 0.60200 
-2.72696 0.60300 
-2.72699 0.60400 
-2.72703 0.60500 
-2.72706 0.60600 
-2.72709 0.60700 
-2.72712 0.60800 
-2.72715 0.60900 
-2.72717 0.61000 
-2.72720 0.61100 
-2.72723 0.61200 
-2.72726 0.61300 
-2.72729 0.61400 
-2.72732 0.61500 
-2.72734 0.61600 
-2.72737 0.61700 
-2.72740 0.61800 
-2.72742 0.61900 
-2.72745 0.62000 
-2.72747 0.62100 
-2.72750 0.62200 
-2.72753 0.62300 
-2.72755 0.62400 
-2.72757 0.62500 
-2.72760 0.62600 
-2.72762 0.62700 
-2.72765 0.62800 
-2.72767 0.62900 
-2.72769 0.63000 
-2.72772 0.63100 
-2.72774 0.63200 
-2.72776 0.63300 
-2.72778 0.63400 
-2.72781 0.63500 
-2.72783 0.63600 
-2.72785 0.63700 
-2.72787 0.63800 
-2.72789 0.63900 
-2.72791 0.64000 
-2.72793 0.64100 
-2.72795 0.64200 
-2.72797 0.64300 
-2.72799 0.64400 
-2.72801 0.64500 
-2.72803 0.64600 
-2.72805 0.64700 
-2.72807 0.64800 
-2.72809 0.64900 
-2.72811 0.65000 
-2.72813 0.65100 
-2.72814 0.65200 
-2.72816 0.65300 
-2.72818 0.65400 
-2.72820 0.65500 
-2.72821 0.65600 
-2.72823 0.65700 
-2.72825 0.65800 
-2.72826 0.65900 
-2.72828 0.66000 
-2.72830 0.66100 
-2.72831 0.66200 
-2.72833 0.66300 
-2.72834 0.66400 
-2.72836 0.66500 
-2.72838 0.66600 
-2.72839 0.66700 
-2.72841 0.66800 
-2.72842 0.66900 
-2.72844 0.67000 
-2.72845 0.67100 
-2.72846 0.67200 
-2.72848 0.67300 
-2.72849 0.67400 
-2.72851 0.67500 
-2.72852 0.67600 
-2.72853 0.67700 
-2.72855 0.67800 
-2.72856 0.67900 
-2.72857 0.68000 
-2.72859 0.68100 
-2.72860 0.68200 
-2.72861 0.68300 
-2.72863 0.68400 
-2.72864 0.68500 
-2.72865 0.68600 
-2.72866 0.68700 
-2.72867 0.68800 
-2.72869 0.68900 
-2.72870 0.69000 
-2.72871 0.69100 
-2.72872 0.69200 
-2.72873 0.69300 
-2.72874 0.69400 
-2.72875 0.69500 
-2.72877 0.69600 
-2.72878 0.69700 
-2.72879 0.69800 
-2.72880 0.69900 
-2.72881 0.70000 
-2.72882 0.70100 
-2.72883 0.70200 
-2.72884 0.70300 
-2.72885 0.70400 
-2.72886 0.70500 
-2.72887 0.70600 
-2.72888 0.70700 
-2.72889 0.70800 
-2.72890 0.70900 
-2.72891 0.71000 
-2.72892 0.71100 
-2.72892 0.71200 
-2.72893 0.71300 
-2.72894 0.71400 
-2.72895 0.71500 
-2.72896 0.71600 
-2.72897 0.71700 
-2.72898 0.71800 
-2.72899 0.71900 
-2.72899 0.72000 
-2.72900 0.72100 
-2.72901 0.72200 
-2.72902 0.72300 
-2.72903 0.72400 
-2.72903 0.72500 
-2.72904 0.72600 
-2.72905 0.72700 
-2.72906 0.72800 
-2.72906 0.72900 
-2.72907 0.73000 
-2.72908 0.73100 
-2.72909 0.73200 
-2.72909 0.73300 
-2.72910 0.73400 
-2.72911 0.73500 
-2.72912 0.73600 
-2.72912 0.73700 
-2.72913 0.73800 
-2.72914 0.73900 
-2.72914 0.74000 
-2.72915 0.74100 
-2.72916 0.74200 
-2.72916 0.74300 
-2.72917 0.74400 
-2.72917 0.74500 
-2.72918 0.74600 
-2.72919 0.74700 
-2.72919 0.74800 
-2.72920 0.74900 
-2.72920 0.75000 
-2.72921 0.75100 
-2.72922 0.75200 
-2.72922 0.75300 
-2.72923 0.75400 
-2.72923 0.75500 
-2.72924 0.75600 
-2.72924 0.75700 
-2.72925 0.75800 
-2.72925 0.75900 
-2.72926 0.76000 
-2.72927 0.76100 
-2.72927 0.76200 
-2.72928 0.76300 
-2.72928 0.76400 
-2.72929 0.76500 
-2.72929 0.76600 
-2.72930 0.76700 
-2.72930 0.76800 
-2.72931 0.76900 
-2.72931 0.77000 
-2.72931 0.77100 
-2.72932 0.77200 
-2.72932 0.77300 
-2.72933 0.77400 
-2.72933 0.77500 
-2.72934 0.77600 
-2.72934 0.77700 
-2.72935 0.77800 
-2.72935 0.77900 
-2.72935 0.78000 
-2.72936 0.78100 
-2.72936 0.78200 
-2.72937 0.78300 
-2.72937 0.78400 
-2.72937 0.78500 
-2.72938 0.78600 
-2.72938 0.78700 
-2.72939 0.78800 
-2.72939 0.78900 
-2.72939 0.79000 
-2.72940 0.79100 
-2.72940 0.79200 
-2.72940 0.79300 
-2.72941 0.79400 
-2.72941 0.79500 
-2.72942 0.79600 
-2.72942 0.79700 
-2.72942 0.79800 
-2.72943 0.79900 
-2.72943 0.80000 
-2.72943 0.80100 
-2.72944 0.80200 
-2.72944 0.80300 
-2.72944 0.80400 
-2.72944 0.80500 
-2.72945 0.80600 
-2.72945 0.80700 
-2.72945 0.80800 
-2.72946 0.80900 
-2.72946 0.81000 
-2.72946 0.81100 
-2.72947 0.81200 
-2.72947 0.81300 
-2.72947 0.81400 
-2.72947 0.81500 
-2.72948 0.81600 
-2.72948 0.81700 
-2.72948 0.81800 
-2.72949 0.81900 
-2.72949 0.82000 
-2.72949 0.82100 
-2.72949 0.82200 
-2.72950 0.82300 
-2.72950 0.82400 
-2.72950 0.82500 
-2.72950 0.82600 
-2.72951 0.82700 
-2.72951 0.82800 
-2.72951 0.82900 
-2.72951 0.83000 
-2.72952 0.83100 
-2.72952 0.83200 
-2.72952 0.83300 
-2.72952 0.83400 
-2.72952 0.83500 
-2.72953 0.83600 
-2.72953 0.83700 
-2.72953 0.83800 
-2.72953 0.83900 
-2.72954 0.84000 
-2.72954 0.84100 
-2.72954 0.84200 
-2.72954 0.84300 
-2.72954 0.84400 
-2.72955 0.84500 
-2.72955 0.84600 
-2.72955 0.84700 
-2.72955 0.84800 
-2.72955 0.84900 
-2.72956 0.85000 
-2.72956 0.85100 
-2.72956 0.85200 
-2.72956 0.85300 
-2.72956 0.85400 
-2.72956 0.85500 
-2.72957 0.85600 
-2.72957 0.85700 
-2.72957 0.85800 
-2.72957 0.85900 
-2.72957 0.86000 
-2.72957 0.86100 
-2.72958 0.86200 
-2.72958 0.86300 
-2.72958 0.86400 
-2.72958 0.86500 
-2.72958 0.86600 
-2.72958 0.86700 
-2.72959 0.86800 
-2.72959 0.86900 
-2.72959 0.87000 
-2.72959 0.87100 
-2.72959 0.87200 
-2.72959 0.87300 
-2.72960 0.87400 
-2.72960 0.87500 
-2.72960 0.87600 
-2.72960 0.87700 
-2.72960 0.87800 
-2.72960 0.87900 
-2.72960 0.88000 
-2.72960 0.88100 
-2.72961 0.88200 
-2.72961 0.88300 
-2.72961 0.88400 
-2.72961 0.88500 
-2.72961 0.88600 
-2.72961 0.88700 
-2.72961 0.88800 
-2.72961 0.88900 
-2.72962 0.89000 
-2.72962 0.89100 
-2.72962 0.89200 
-2.72962 0.89300 
-2.72962 0.89400 
-2.72962 0.89500 
-2.72962 0.89600 
-2.72962 0.89700 
-2.72963 0.89800 
-2.72963 0.89900 
-2.72963 0.90000 
-2.72963 0.90100 
-2.72963 0.90200 
-2.72963 0.90300 
-2.72963 0.90400 
-2.72963 0.90500 
-2.72963 0.90600 
-2.72963 0.90700 
-2.72964 0.90800 
-2.72964 0.90900 
-2.72964 0.91000 
-2.72964 0.91100 
-2.72964 0.91200 
-2.72964 0.91300 
-2.72964 0.91400 
-2.72964 0.91500 
-2.72964 0.91600 
-2.72964 0.91700 
-2.72964 0.91800 
-2.72965 0.91900 
-2.72965 0.92000 
-2.72965 0.92100 
-2.72965 0.92200 
-2.72965 0.92300 
-2.72965 0.92400 
-2.72965 0.92500 
-2.72965 0.92600 
-2.72965 0.92700 
-2.72965 0.92800 
-2.72965 0.92900 
-2.72965 0.93000 
-2.72965 0.93100 
-2.72966 0.93200 
-2.72966 0.93300 
-2.72966 0.93400 
-2.72966 0.93500 
-2.72966 0.93600 
-2.72966 0.93700 
-2.72966 0.93800 
-2.72966 0.93900 
-2.72966 0.94000 
-2.72966 0.94100 
-2.72966 0.94200 
-2.72966 0.94300 
-2.72966 0.94400 
-2.72966 0.94500 
-2.72967 0.94600 
-2.72967 0.94700 
-2.72967 0.94800 
-2.72967 0.94900 
-2.72967 0.95000 
-2.72967 0.95100 
-2.72967 0.95200 
-2.72967 0.95300 
-2.72967 0.95400 
-2.72967 0.95500 
-2.72967 0.95600 
-2.72967 0.95700 
-2.72967 0.95800 
-2.72967 0.95900 
-2.72967 0.96000 
-2.72967 0.96100 
-2.72967 0.96200 
-2.72968 0.96300 
-2.72968 0.96400 
-2.72968 0.96500 
-2.72968 0.96600 
-2.72968 0.96700 
-2.72968 0.96800 
-2.72968 0.96900 
-2.72968 0.97000 
-2.72968 0.97100 
-2.72968 0.97200 
-2.72968 0.97300 
-2.72968 0.97400 
-2.72968 0.97500 
-2.72968 0.97600 
-2.72968 0.97700 
-2.72968 0.97800 
-2.72968 0.97900 
-2.72968 0.98000 
-2.72968 0.98100 
-2.72968 0.98200 
-2.72968 0.98300 
-2.72968 0.98400 
-2.72969 0.98500 
-2.72969 0.98600 
-2.72969 0.98700 
-2.72969 0.98800 
-2.72969 0.98900 
-2.72969 0.99000 
-2.72969 0.99100 
-2.72969 0.99200 
-2.72969 0.99300 
-2.72969 0.99400 
-2.72969 0.99500 
-2.72969 0.99600 
-2.72969 0.99700 
-2.72969 0.99800 
-2.72969 0.99900 
