0.00000 0.00000 
0.00000 0.00100 
0.00002 0.00200 
0.00004 0.00300 
0.00008 0.00400 
0.00014 0.00500 
0.00021 0.00600 
0.00029 0.00700 
0.00038 0.00800 
0.00048 0.00900 
0.00060 0.01000 
0.00074 0.01100 
0.00088 0.01200 
0.00104 0.01300 
0.00120 0.01400 
0.00138 0.01500 
0.00158 0.01600 
0.00178 0.01700 
0.00199 0.01800 
0.00222 0.01900 
0.00246 0.02000 
0.00271 0.02100 
0.00297 0.02200 
0.00324 0.02300 
0.00352 0.02400 
0.00381 0.02500 
0.00412 0.02600 
0.00443 0.02700 
0.00475 0.02800 
0.00509 0.02900 
0.00543 0.03000 
0.00579 0.03100 
0.00615 0.03200 
0.00652 0.03300 
0.00691 0.03400 
0.00730 0.03500 
0.00770 0.03600 
0.00811 0.03700 
0.00853 0.03800 
0.00896 0.03900 
0.00940 0.04000 
0.00985 0.04100 
0.01030 0.04200 
0.01077 0.04300 
0.01124 0.04400 
0.01172 0.04500 
0.01221 0.04600 
0.01271 0.04700 
0.01322 0.04800 
0.01373 0.04900 
0.01426 0.05000 
0.01479 0.05100 
0.01532 0.05200 
0.01587 0.05300 
0.01642 0.05400 
0.01699 0.05500 
0.01755 0.05600 
0.01813 0.05700 
0.01871 0.05800 
0.01930 0.05900 
0.01990 0.06000 
0.02051 0.06100 
0.02112 0.06200 
0.02174 0.06300 
0.02236 0.06400 
0.02299 0.06500 
0.02363 0.06600 
0.02428 0.06700 
0.02493 0.06800 
0.02559 0.06900 
0.02625 0.07000 
0.02692 0.07100 
0.02760 0.07200 
0.02828 0.07300 
0.02897 0.07400 
0.02967 0.07500 
0.03037 0.07600 
0.03108 0.07700 
0.03179 0.07800 
0.03251 0.07900 
0.03323 0.08000 
0.03396 0.08100 
0.03470 0.08200 
0.03544 0.08300 
0.03618 0.08400 
0.03693 0.08500 
0.03769 0.08600 
0.03845 0.08700 
0.03922 0.08800 
0.03999 0.08900 
0.04077 0.09000 
0.04155 0.09100 
0.04234 0.09200 
0.04313 0.09300 
0.04393 0.09400 
0.04473 0.09500 
0.04553 0.09600 
0.04635 0.09700 
0.04716 0.09800 
0.04798 0.09900 
0.04881 0.10000 
0.04963 0.10100 
0.05047 0.10200 
0.05130 0.10300 
0.05215 0.10400 
0.05299 0.10500 
0.05384 0.10600 
0.05470 0.10700 
0.05556 0.10800 
0.05642 0.10900 
0.05728 0.11000 
0.05816 0.11100 
0.05903 0.11200 
0.05991 0.11300 
0.06079 0.11400 
0.06168 0.11500 
0.06257 0.11600 
0.06346 0.11700 
0.06436 0.11800 
0.06526 0.11900 
0.06616 0.12000 
0.06707 0.12100 
0.06798 0.12200 
0.06889 0.12300 
0.06981 0.12400 
0.07073 0.12500 
0.07166 0.12600 
0.07259 0.12700 
0.07352 0.12800 
0.07445 0.12900 
0.07539 0.13000 
0.07633 0.13100 
0.07727 0.13200 
0.07822 0.13300 
0.07917 0.13400 
0.08012 0.13500 
0.08108 0.13600 
0.08204 0.13700 
0.08300 0.13800 
0.08396 0.13900 
0.08493 0.14000 
0.08590 0.14100 
0.08687 0.14200 
0.08785 0.14300 
0.08883 0.14400 
0.08981 0.14500 
0.09079 0.14600 
0.09178 0.14700 
0.09277 0.14800 
0.09376 0.14900 
0.09475 0.15000 
0.09575 0.15100 
0.09675 0.15200 
0.09775 0.15300 
0.09875 0.15400 
0.09976 0.15500 
0.10077 0.15600 
0.10178 0.15700 
0.10279 0.15800 
0.10381 0.15900 
0.10483 0.16000 
0.10584 0.16100 
0.10687 0.16200 
0.10789 0.16300 
0.10892 0.16400 
0.10995 0.16500 
0.11098 0.16600 
0.11201 0.16700 
0.11304 0.16800 
0.11408 0.16900 
0.11512 0.17000 
0.11616 0.17100 
0.11720 0.17200 
0.11825 0.17300 
0.11929 0.17400 
0.12034 0.17500 
0.12139 0.17600 
0.12244 0.17700 
0.12350 0.17800 
0.12455 0.17900 
0.12561 0.18000 
0.12667 0.18100 
0.12773 0.18200 
0.12879 0.18300 
0.12986 0.18400 
0.13092 0.18500 
0.13199 0.18600 
0.13306 0.18700 
0.13413 0.18800 
0.13520 0.18900 
0.13628 0.19000 
0.13735 0.19100 
0.13843 0.19200 
0.13951 0.19300 
0.14059 0.19400 
0.14167 0.19500 
0.14275 0.19600 
0.14384 0.19700 
0.14493 0.19800 
0.14601 0.19900 
0.14710 0.20000 
0.14819 0.20100 
0.14928 0.20200 
0.15038 0.20300 
0.15147 0.20400 
0.15257 0.20500 
0.15367 0.20600 
0.15476 0.20700 
0.15586 0.20800 
0.15696 0.20900 
0.15807 0.21000 
0.15917 0.21100 
0.16027 0.21200 
0.16138 0.21300 
0.16249 0.21400 
0.16360 0.21500 
0.16471 0.21600 
0.16582 0.21700 
0.16693 0.21800 
0.16804 0.21900 
0.16916 0.22000 
0.17027 0.22100 
0.17139 0.22200 
0.17250 0.22300 
0.17362 0.22400 
0.17474 0.22500 
0.17586 0.22600 
0.17698 0.22700 
0.17811 0.22800 
0.17923 0.22900 
0.18036 0.23000 
0.18148 0.23100 
0.18261 0.23200 
0.18374 0.23300 
0.18486 0.23400 
0.18599 0.23500 
0.18712 0.23600 
0.18826 0.23700 
0.18939 0.23800 
0.19052 0.23900 
0.19165 0.24000 
0.19279 0.24100 
0.19393 0.24200 
0.19506 0.24300 
0.19620 0.24400 
0.19734 0.24500 
0.19848 0.24600 
0.19962 0.24700 
0.20076 0.24800 
0.20190 0.24900 
0.20304 0.25000 
0.20418 0.25100 
0.20533 0.25200 
0.20647 0.25300 
0.20762 0.25400 
0.20877 0.25500 
0.20991 0.25600 
0.21106 0.25700 
0.21221 0.25800 
0.21336 0.25900 
0.21451 0.26000 
0.21566 0.26100 
0.21681 0.26200 
0.21796 0.26300 
0.21911 0.26400 
0.22027 0.26500 
0.22142 0.26600 
0.22258 0.26700 
0.22373 0.26800 
0.22489 0.26900 
0.22604 0.27000 
0.22720 0.27100 
0.22836 0.27200 
0.22952 0.27300 
0.23068 0.27400 
0.23183 0.27500 
0.23300 0.27600 
0.23416 0.27700 
0.23532 0.27800 
0.23648 0.27900 
0.23764 0.28000 
0.23880 0.28100 
0.23997 0.28200 
0.24113 0.28300 
0.24230 0.28400 
0.24346 0.28500 
0.24463 0.28600 
0.24579 0.28700 
0.24696 0.28800 
0.24813 0.28900 
0.24930 0.29000 
0.25046 0.29100 
0.25163 0.29200 
0.25280 0.29300 
0.25397 0.29400 
0.25514 0.29500 
0.25631 0.29600 
0.25748 0.29700 
0.25865 0.29800 
0.25983 0.29900 
0.26100 0.30000 
0.26217 0.30100 
0.26335 0.30200 
0.26452 0.30300 
0.26569 0.30400 
0.26687 0.30500 
0.26804 0.30600 
0.26922 0.30700 
0.27039 0.30800 
0.27157 0.30900 
0.27275 0.31000 
0.27392 0.31100 
0.27510 0.31200 
0.27628 0.31300 
0.27746 0.31400 
0.27864 0.31500 
0.27981 0.31600 
0.28099 0.31700 
0.28217 0.31800 
0.28335 0.31900 
0.28453 0.32000 
0.28571 0.32100 
0.28690 0.32200 
0.28808 0.32300 
0.28926 0.32400 
0.29044 0.32500 
0.29162 0.32600 
0.29281 0.32700 
0.29399 0.32800 
0.29517 0.32900 
0.29636 0.33000 
0.29754 0.33100 
0.29872 0.33200 
0.29991 0.33300 
0.30109 0.33400 
0.30228 0.33500 
0.30346 0.33600 
0.30465 0.33700 
0.30584 0.33800 
0.30702 0.33900 
0.30821 0.34000 
0.30940 0.34100 
0.31058 0.34200 
0.31177 0.34300 
0.31296 0.34400 
0.31415 0.34500 
0.31534 0.34600 
0.31652 0.34700 
0.31771 0.34800 
0.31890 0.34900 
0.32009 0.35000 
0.32128 0.35100 
0.32247 0.35200 
0.32366 0.35300 
0.32485 0.35400 
0.32604 0.35500 
0.32723 0.35600 
0.32842 0.35700 
0.32961 0.35800 
0.33081 0.35900 
0.33200 0.36000 
0.33319 0.36100 
0.33438 0.36200 
0.33557 0.36300 
0.33677 0.36400 
0.33796 0.36500 
0.33915 0.36600 
0.34034 0.36700 
0.34154 0.36800 
0.34273 0.36900 
0.34393 0.37000 
0.34512 0.37100 
0.34631 0.37200 
0.34751 0.37300 
0.34870 0.37400 
0.34990 0.37500 
0.35109 0.37600 
0.35229 0.37700 
0.35348 0.37800 
0.35468 0.37900 
0.35587 0.38000 
0.35707 0.38100 
0.35827 0.38200 
0.35946 0.38300 
0.36066 0.38400 
0.36185 0.38500 
0.36305 0.38600 
0.36425 0.38700 
0.36544 0.38800 
0.36664 0.38900 
0.36784 0.39000 
0.36904 0.39100 
0.37023 0.39200 
0.37143 0.39300 
0.37263 0.39400 
0.37383 0.39500 
0.37503 0.39600 
0.37622 0.39700 
0.37742 0.39800 
0.37862 0.39900 
0.37982 0.40000 
0.38102 0.40100 
0.38222 0.40200 
0.38342 0.40300 
0.38462 0.40400 
0.38582 0.40500 
0.38702 0.40600 
0.38822 0.40700 
0.38942 0.40800 
0.39062 0.40900 
0.39182 0.41000 
0.39302 0.41100 
0.39422 0.41200 
0.39542 0.41300 
0.39662 0.41400 
0.39782 0.41500 
0.39902 0.41600 
0.40022 0.41700 
0.40142 0.41800 
0.40262 0.41900 
0.40382 0.42000 
0.40502 0.42100 
0.40623 0.42200 
0.40743 0.42300 
0.40863 0.42400 
0.40983 0.42500 
0.41103 0.42600 
0.41224 0.42700 
0.41344 0.42800 
0.41464 0.42900 
0.41584 0.43000 
0.41704 0.43100 
0.41825 0.43200 
0.41945 0.43300 
0.42065 0.43400 
0.42185 0.43500 
0.42306 0.43600 
0.42426 0.43700 
0.42546 0.43800 
0.42667 0.43900 
0.42787 0.44000 
0.42907 0.44100 
0.43028 0.44200 
0.43148 0.44300 
0.43268 0.44400 
0.43389 0.44500 
0.43509 0.44600 
0.43630 0.44700 
0.43750 0.44800 
0.43870 0.44900 
0.43991 0.45000 
0.44111 0.45100 
0.44232 0.45200 
0.44352 0.45300 
0.44472 0.45400 
0.44593 0.45500 
0.44713 0.45600 
0.44834 0.45700 
0.44954 0.45800 
0.45075 0.45900 
0.45195 0.46000 
0.45316 0.46100 
0.45436 0.46200 
0.45557 0.46300 
0.45677 0.46400 
0.45798 0.46500 
0.45918 0.46600 
0.46039 0.46700 
0.46159 0.46800 
0.46280 0.46900 
0.46400 0.47000 
0.46521 0.47100 
0.46642 0.47200 
0.46762 0.47300 
0.46883 0.47400 
0.47003 0.47500 
0.47124 0.47600 
0.47244 0.47700 
0.47365 0.47800 
0.47486 0.47900 
0.47606 0.48000 
0.47727 0.48100 
0.47848 0.48200 
0.47968 0.48300 
0.48089 0.48400 
0.48209 0.48500 
0.48330 0.48600 
0.48451 0.48700 
0.48571 0.48800 
0.48692 0.48900 
0.48813 0.49000 
0.48933 0.49100 
0.49054 0.49200 
0.49175 0.49300 
0.49295 0.49400 
0.49416 0.49500 
0.49537 0.49600 
0.49657 0.49700 
0.49778 0.49800 
0.49899 0.49900 
0.50020 0.50000 
0.50140 0.50100 
0.50261 0.50200 
0.50382 0.50300 
0.50502 0.50400 
0.50623 0.50500 
0.50744 0.50600 
0.50865 0.50700 
0.50985 0.50800 
0.51106 0.50900 
0.51227 0.51000 
0.51348 0.51100 
0.51468 0.51200 
0.51589 0.51300 
0.51710 0.51400 
0.51831 0.51500 
0.51951 0.51600 
0.52072 0.51700 
0.52193 0.51800 
0.52314 0.51900 
0.52435 0.52000 
0.52555 0.52100 
0.52676 0.52200 
0.52797 0.52300 
0.52918 0.52400 
0.53039 0.52500 
0.53159 0.52600 
0.53280 0.52700 
0.53401 0.52800 
0.53522 0.52900 
0.53643 0.53000 
0.53763 0.53100 
0.53884 0.53200 
0.54005 0.53300 
0.54126 0.53400 
0.54247 0.53500 
0.54368 0.53600 
0.54488 0.53700 
0.54609 0.53800 
0.54730 0.53900 
0.54851 0.54000 
0.54972 0.54100 
0.55093 0.54200 
0.55214 0.54300 
0.55334 0.54400 
0.55455 0.54500 
0.55576 0.54600 
0.55697 0.54700 
0.55818 0.54800 
0.55939 0.54900 
0.56060 0.55000 
0.56180 0.55100 
0.56301 0.55200 
0.56422 0.55300 
0.56543 0.55400 
0.56664 0.55500 
0.56785 0.55600 
0.56906 0.55700 
0.57027 0.55800 
0.57148 0.55900 
0.57269 0.56000 
0.57389 0.56100 
0.57510 0.56200 
0.57631 0.56300 
0.57752 0.56400 
0.57873 0.56500 
0.57994 0.56600 
0.58115 0.56700 
0.58236 0.56800 
0.58357 0.56900 
0.58478 0.57000 
0.58599 0.57100 
0.58719 0.57200 
0.58840 0.57300 
0.58961 0.57400 
0.59082 0.57500 
0.59203 0.57600 
0.59324 0.57700 
0.59445 0.57800 
0.59566 0.57900 
0.59687 0.58000 
0.59808 0.58100 
0.59929 0.58200 
0.60050 0.58300 
0.60171 0.58400 
0.60292 0.58500 
0.60413 0.58600 
0.60534 0.58700 
0.60654 0.58800 
0.60775 0.58900 
0.60896 0.59000 
0.61017 0.59100 
0.61138 0.59200 
0.61259 0.59300 
0.61380 0.59400 
0.61501 0.59500 
0.61622 0.59600 
0.61743 0.59700 
0.61864 0.59800 
0.61985 0.59900 
0.62106 0.60000 
0.62227 0.60100 
0.62348 0.60200 
0.62469 0.60300 
0.62590 0.60400 
0.62711 0.60500 
0.62832 0.60600 
0.62953 0.60700 
0.63074 0.60800 
0.63195 0.60900 
0.63316 0.61000 
0.63437 0.61100 
0.63558 0.61200 
0.63679 0.61300 
0.63800 0.61400 
0.63921 0.61500 
0.64042 0.61600 
0.64163 0.61700 
0.64284 0.61800 
0.64405 0.61900 
0.64526 0.62000 
0.64647 0.62100 
0.64768 0.62200 
0.64889 0.62300 
0.65010 0.62400 
0.65131 0.62500 
0.65252 0.62600 
0.65373 0.62700 
0.65494 0.62800 
0.65615 0.62900 
0.65736 0.63000 
0.65857 0.63100 
0.65978 0.63200 
0.66099 0.63300 
0.66220 0.63400 
0.66341 0.63500 
0.66462 0.63600 
0.66583 0.63700 
0.66704 0.63800 
0.66825 0.63900 
0.66946 0.64000 
0.67067 0.64100 
0.67188 0.64200 
0.67309 0.64300 
0.67430 0.64400 
0.67551 0.64500 
0.67672 0.64600 
0.67793 0.64700 
0.67914 0.64800 
0.68035 0.64900 
0.68156 0.65000 
0.68277 0.65100 
0.68398 0.65200 
0.68519 0.65300 
0.68640 0.65400 
0.68761 0.65500 
0.68882 0.65600 
0.69003 0.65700 
0.69124 0.65800 
0.69245 0.65900 
0.69366 0.66000 
0.69487 0.66100 
0.69608 0.66200 
0.69729 0.66300 
0.69850 0.66400 
0.69972 0.66500 
0.70093 0.66600 
0.70214 0.66700 
0.70335 0.66800 
0.70456 0.66900 
0.70577 0.67000 
0.70698 0.67100 
0.70819 0.67200 
0.70940 0.67300 
0.71061 0.67400 
0.71182 0.67500 
0.71303 0.67600 
0.71424 0.67700 
0.71545 0.67800 
0.71666 0.67900 
0.71787 0.68000 
0.71908 0.68100 
0.72029 0.68200 
0.72150 0.68300 
0.72271 0.68400 
0.72392 0.68500 
0.72513 0.68600 
0.72634 0.68700 
0.72755 0.68800 
0.72877 0.68900 
0.72998 0.69000 
0.73119 0.69100 
0.73240 0.69200 
0.73361 0.69300 
0.73482 0.69400 
0.73603 0.69500 
0.73724 0.69600 
0.73845 0.69700 
0.73966 0.69800 
0.74087 0.69900 
0.74208 0.70000 
0.74329 0.70100 
0.74450 0.70200 
0.74571 0.70300 
0.74692 0.70400 
0.74813 0.70500 
0.74934 0.70600 
0.75055 0.70700 
0.75177 0.70800 
0.75298 0.70900 
0.75419 0.71000 
0.75540 0.71100 
0.75661 0.71200 
0.75782 0.71300 
0.75903 0.71400 
0.76024 0.71500 
0.76145 0.71600 
0.76266 0.71700 
0.76387 0.71800 
0.76508 0.71900 
0.76629 0.72000 
0.76750 0.72100 
0.76871 0.72200 
0.76992 0.72300 
0.77114 0.72400 
0.77235 0.72500 
0.77356 0.72600 
0.77477 0.72700 
0.77598 0.72800 
0.77719 0.72900 
0.77840 0.73000 
0.77961 0.73100 
0.78082 0.73200 
0.78203 0.73300 
0.78324 0.73400 
0.78445 0.73500 
0.78566 0.73600 
0.78687 0.73700 
0.78808 0.73800 
0.78930 0.73900 
0.79051 0.74000 
0.79172 0.74100 
0.79293 0.74200 
0.79414 0.74300 
0.79535 0.74400 
0.79656 0.74500 
0.79777 0.74600 
0.79898 0.74700 
0.80019 0.74800 
0.80140 0.74900 
0.80261 0.75000 
0.80382 0.75100 
0.80503 0.75200 
0.80624 0.75300 
0.80746 0.75400 
0.80867 0.75500 
0.80988 0.75600 
0.81109 0.75700 
0.81230 0.75800 
0.81351 0.75900 
0.81472 0.76000 
0.81593 0.76100 
0.81714 0.76200 
0.81835 0.76300 
0.81956 0.76400 
0.82077 0.76500 
0.82198 0.76600 
0.82320 0.76700 
0.82441 0.76800 
0.82562 0.76900 
0.82683 0.77000 
0.82804 0.77100 
0.82925 0.77200 
0.83046 0.77300 
0.83167 0.77400 
0.83288 0.77500 
0.83409 0.77600 
0.83530 0.77700 
0.83651 0.77800 
0.83772 0.77900 
0.83894 0.78000 
0.84015 0.78100 
0.84136 0.78200 
0.84257 0.78300 
0.84378 0.78400 
0.84499 0.78500 
0.84620 0.78600 
0.84741 0.78700 
0.84862 0.78800 
0.84983 0.78900 
0.85104 0.79000 
0.85225 0.79100 
0.85346 0.79200 
0.85468 0.79300 
0.85589 0.79400 
0.85710 0.79500 
0.85831 0.79600 
0.85952 0.79700 
0.86073 0.79800 
0.86194 0.79900 
0.86315 0.80000 
0.86436 0.80100 
0.86557 0.80200 
0.86678 0.80300 
0.86799 0.80400 
0.86920 0.80500 
0.87042 0.80600 
0.87163 0.80700 
0.87284 0.80800 
0.87405 0.80900 
0.87526 0.81000 
0.87647 0.81100 
0.87768 0.81200 
0.87889 0.81300 
0.88010 0.81400 
0.88131 0.81500 
0.88252 0.81600 
0.88373 0.81700 
0.88495 0.81800 
0.88616 0.81900 
0.88737 0.82000 
0.88858 0.82100 
0.88979 0.82200 
0.89100 0.82300 
0.89221 0.82400 
0.89342 0.82500 
0.89463 0.82600 
0.89584 0.82700 
0.89705 0.82800 
0.89826 0.82900 
0.89948 0.83000 
0.90069 0.83100 
0.90190 0.83200 
0.90311 0.83300 
0.90432 0.83400 
0.90553 0.83500 
0.90674 0.83600 
0.90795 0.83700 
0.90916 0.83800 
0.91037 0.83900 
0.91158 0.84000 
0.91279 0.84100 
0.91401 0.84200 
0.91522 0.84300 
0.91643 0.84400 
0.91764 0.84500 
0.91885 0.84600 
0.92006 0.84700 
0.92127 0.84800 
0.92248 0.84900 
0.92369 0.85000 
0.92490 0.85100 
0.92611 0.85200 
0.92733 0.85300 
0.92854 0.85400 
0.92975 0.85500 
0.93096 0.85600 
0.93217 0.85700 
0.93338 0.85800 
0.93459 0.85900 
0.93580 0.86000 
0.93701 0.86100 
0.93822 0.86200 
0.93943 0.86300 
0.94064 0.86400 
0.94186 0.86500 
0.94307 0.86600 
0.94428 0.86700 
0.94549 0.86800 
0.94670 0.86900 
0.94791 0.87000 
0.94912 0.87100 
0.95033 0.87200 
0.95154 0.87300 
0.95275 0.87400 
0.95396 0.87500 
0.95518 0.87600 
0.95639 0.87700 
0.95760 0.87800 
0.95881 0.87900 
0.96002 0.88000 
0.96123 0.88100 
0.96244 0.88200 
0.96365 0.88300 
0.96486 0.88400 
0.96607 0.88500 
0.96728 0.88600 
0.96849 0.88700 
0.96971 0.88800 
0.97092 0.88900 
0.97213 0.89000 
0.97334 0.89100 
0.97455 0.89200 
0.97576 0.89300 
0.97697 0.89400 
0.97818 0.89500 
0.97939 0.89600 
0.98060 0.89700 
0.98181 0.89800 
0.98303 0.89900 
0.98424 0.90000 
0.98545 0.90100 
0.98666 0.90200 
0.98787 0.90300 
0.98908 0.90400 
0.99029 0.90500 
0.99150 0.90600 
0.99271 0.90700 
0.99392 0.90800 
0.99513 0.90900 
0.99635 0.91000 
0.99756 0.91100 
0.99877 0.91200 
0.99998 0.91300 
1.00119 0.91400 
1.00240 0.91500 
1.00361 0.91600 
1.00482 0.91700 
1.00603 0.91800 
1.00724 0.91900 
1.00845 0.92000 
1.00967 0.92100 
1.01088 0.92200 
1.01209 0.92300 
1.01330 0.92400 
1.01451 0.92500 
1.01572 0.92600 
1.01693 0.92700 
1.01814 0.92800 
1.01935 0.92900 
1.02056 0.93000 
1.02177 0.93100 
1.02299 0.93200 
1.02420 0.93300 
1.02541 0.93400 
1.02662 0.93500 
1.02783 0.93600 
1.02904 0.93700 
1.03025 0.93800 
1.03146 0.93900 
1.03267 0.94000 
1.03388 0.94100 
1.03509 0.94200 
1.03631 0.94300 
1.03752 0.94400 
1.03873 0.94500 
1.03994 0.94600 
1.04115 0.94700 
1.04236 0.94800 
1.04357 0.94900 
1.04478 0.95000 
1.04599 0.95100 
1.04720 0.95200 
1.04841 0.95300 
1.04963 0.95400 
1.05084 0.95500 
1.05205 0.95600 
1.05326 0.95700 
1.05447 0.95800 
1.05568 0.95900 
1.05689 0.96000 
1.05810 0.96100 
1.05931 0.96200 
1.06052 0.96300 
1.06173 0.96400 
1.06295 0.96500 
1.06416 0.96600 
1.06537 0.96700 
1.06658 0.96800 
1.06779 0.96900 
1.06900 0.97000 
1.07021 0.97100 
1.07142 0.97200 
1.07263 0.97300 
1.07384 0.97400 
1.07505 0.97500 
1.07627 0.97600 
1.07748 0.97700 
1.07869 0.97800 
1.07990 0.97900 
1.08111 0.98000 
1.08232 0.98100 
1.08353 0.98200 
1.08474 0.98300 
1.08595 0.98400 
1.08716 0.98500 
1.08837 0.98600 
1.08959 0.98700 
1.09080 0.98800 
1.09201 0.98900 
1.09322 0.99000 
1.09443 0.99100 
1.09564 0.99200 
1.09685 0.99300 
1.09806 0.99400 
1.09927 0.99500 
1.10048 0.99600 
1.10169 0.99700 
1.10291 0.99800 
1.10412 0.99900 
1.10533 1.00000 
1.10654 1.00100 
1.10775 1.00200 
1.10896 1.00300 
1.11017 1.00400 
1.11138 1.00500 
1.11259 1.00600 
1.11380 1.00700 
1.11501 1.00800 
1.11623 1.00900 
1.11744 1.01000 
1.11865 1.01100 
1.11986 1.01200 
1.12107 1.01300 
1.12228 1.01400 
1.12349 1.01500 
1.12470 1.01600 
1.12591 1.01700 
1.12712 1.01800 
1.12833 1.01900 
1.12955 1.02000 
1.13076 1.02100 
1.13197 1.02200 
1.13318 1.02300 
1.13439 1.02400 
1.13560 1.02500 
1.13681 1.02600 
1.13802 1.02700 
1.13923 1.02800 
1.14044 1.02900 
1.14165 1.03000 
1.14287 1.03100 
1.14408 1.03200 
1.14529 1.03300 
1.14650 1.03400 
1.14771 1.03500 
1.14892 1.03600 
1.15013 1.03700 
1.15134 1.03800 
1.15255 1.03900 
1.15376 1.04000 
1.15497 1.04100 
1.15619 1.04200 
1.15740 1.04300 
1.15861 1.04400 
1.15982 1.04500 
1.16103 1.04600 
1.16224 1.04700 
1.16345 1.04800 
1.16466 1.04900 
1.16587 1.05000 
1.16708 1.05100 
1.16829 1.05200 
1.16951 1.05300 
1.17072 1.05400 
1.17193 1.05500 
1.17314 1.05600 
1.17435 1.05700 
1.17556 1.05800 
1.17677 1.05900 
1.17798 1.06000 
1.17919 1.06100 
1.18040 1.06200 
1.18162 1.06300 
1.18283 1.06400 
1.18404 1.06500 
1.18525 1.06600 
1.18646 1.06700 
1.18767 1.06800 
1.18888 1.06900 
1.19009 1.07000 
1.19130 1.07100 
1.19251 1.07200 
1.19372 1.07300 
1.19494 1.07400 
1.19615 1.07500 
1.19736 1.07600 
1.19857 1.07700 
1.19978 1.07800 
1.20099 1.07900 
1.20220 1.08000 
1.20341 1.08100 
1.20462 1.08200 
1.20583 1.08300 
1.20704 1.08400 
1.20826 1.08500 
1.20947 1.08600 
1.21068 1.08700 
1.21189 1.08800 
1.21310 1.08900 
1.21431 1.09000 
1.21552 1.09100 
1.21673 1.09200 
1.21794 1.09300 
1.21915 1.09400 
1.22036 1.09500 
1.22158 1.09600 
1.22279 1.09700 
1.22400 1.09800 
1.22521 1.09900 
1.22642 1.10000 
1.22763 1.10100 
1.22884 1.10200 
1.23005 1.10300 
1.23126 1.10400 
1.23247 1.10500 
1.23368 1.10600 
1.23490 1.10700 
1.23611 1.10800 
1.23732 1.10900 
1.23853 1.11000 
1.23974 1.11100 
1.24095 1.11200 
1.24216 1.11300 
1.24337 1.11400 
1.24458 1.11500 
1.24579 1.11600 
1.24700 1.11700 
1.24822 1.11800 
1.24943 1.11900 
1.25064 1.12000 
1.25185 1.12100 
1.25306 1.12200 
1.25427 1.12300 
1.25548 1.12400 
1.25669 1.12500 
1.25790 1.12600 
1.25911 1.12700 
1.26033 1.12800 
1.26154 1.12900 
1.26275 1.13000 
1.26396 1.13100 
1.26517 1.13200 
1.26638 1.13300 
1.26759 1.13400 
1.26880 1.13500 
1.27001 1.13600 
1.27122 1.13700 
1.27243 1.13800 
1.27365 1.13900 
1.27486 1.14000 
1.27607 1.14100 
1.27728 1.14200 
1.27849 1.14300 
1.27970 1.14400 
1.28091 1.14500 
1.28212 1.14600 
1.28333 1.14700 
1.28454 1.14800 
1.28575 1.14900 
1.28697 1.15000 
1.28818 1.15100 
1.28939 1.15200 
1.29060 1.15300 
1.29181 1.15400 
1.29302 1.15500 
1.29423 1.15600 
1.29544 1.15700 
1.29665 1.15800 
1.29786 1.15900 
1.29907 1.16000 
1.30029 1.16100 
1.30150 1.16200 
1.30271 1.16300 
1.30392 1.16400 
1.30513 1.16500 
1.30634 1.16600 
1.30755 1.16700 
1.30876 1.16800 
1.30997 1.16900 
1.31118 1.17000 
1.31239 1.17100 
1.31361 1.17200 
1.31482 1.17300 
1.31603 1.17400 
1.31724 1.17500 
1.31845 1.17600 
1.31966 1.17700 
1.32087 1.17800 
1.32208 1.17900 
1.32329 1.18000 
1.32450 1.18100 
1.32572 1.18200 
1.32693 1.18300 
1.32814 1.18400 
1.32935 1.18500 
1.33056 1.18600 
1.33177 1.18700 
1.33298 1.18800 
1.33419 1.18900 
1.33540 1.19000 
1.33661 1.19100 
1.33782 1.19200 
1.33904 1.19300 
1.34025 1.19400 
1.34146 1.19500 
1.34267 1.19600 
1.34388 1.19700 
1.34509 1.19800 
1.34630 1.19900 
1.34751 1.20000 
1.34872 1.20100 
1.34993 1.20200 
1.35114 1.20300 
1.35236 1.20400 
1.35357 1.20500 
1.35478 1.20600 
1.35599 1.20700 
1.35720 1.20800 
1.35841 1.20900 
1.35962 1.21000 
1.36083 1.21100 
1.36204 1.21200 
1.36325 1.21300 
1.36446 1.21400 
1.36568 1.21500 
1.36689 1.21600 
1.36810 1.21700 
1.36931 1.21800 
1.37052 1.21900 
1.37173 1.22000 
1.37294 1.22100 
1.37415 1.22200 
1.37536 1.22300 
1.37657 1.22400 
1.37779 1.22500 
1.37900 1.22600 
1.38021 1.22700 
1.38142 1.22800 
1.38263 1.22900 
1.38384 1.23000 
1.38505 1.23100 
1.38626 1.23200 
1.38747 1.23300 
1.38868 1.23400 
1.38989 1.23500 
1.39111 1.23600 
1.39232 1.23700 
1.39353 1.23800 
1.39474 1.23900 
1.39595 1.24000 
1.39716 1.24100 
1.39837 1.24200 
1.39958 1.24300 
1.40079 1.24400 
1.40200 1.24500 
1.40321 1.24600 
1.40443 1.24700 
1.40564 1.24800 
1.40685 1.24900 
1.40806 1.25000 
1.40927 1.25100 
1.41048 1.25200 
1.41169 1.25300 
1.41290 1.25400 
1.41411 1.25500 
1.41532 1.25600 
1.41653 1.25700 
1.41775 1.25800 
1.41896 1.25900 
1.42017 1.26000 
1.42138 1.26100 
1.42259 1.26200 
1.42380 1.26300 
1.42501 1.26400 
1.42622 1.26500 
1.42743 1.26600 
1.42864 1.26700 
1.42985 1.26800 
1.43107 1.26900 
1.43228 1.27000 
1.43349 1.27100 
1.43470 1.27200 
1.43591 1.27300 
1.43712 1.27400 
1.43833 1.27500 
1.43954 1.27600 
1.44075 1.27700 
1.44196 1.27800 
1.44318 1.27900 
1.44439 1.28000 
1.44560 1.28100 
1.44681 1.28200 
1.44802 1.28300 
1.44923 1.28400 
1.45044 1.28500 
1.45165 1.28600 
1.45286 1.28700 
1.45407 1.28800 
1.45528 1.28900 
1.45650 1.29000 
1.45771 1.29100 
1.45892 1.29200 
1.46013 1.29300 
1.46134 1.29400 
1.46255 1.29500 
1.46376 1.29600 
1.46497 1.29700 
1.46618 1.29800 
1.46739 1.29900 
1.46860 1.30000 
1.46982 1.30100 
1.47103 1.30200 
1.47224 1.30300 
1.47345 1.30400 
1.47466 1.30500 
1.47587 1.30600 
1.47708 1.30700 
1.47829 1.30800 
1.47950 1.30900 
1.48071 1.31000 
1.48192 1.31100 
1.48314 1.31200 
1.48435 1.31300 
1.48556 1.31400 
1.48677 1.31500 
1.48798 1.31600 
1.48919 1.31700 
1.49040 1.31800 
1.49161 1.31900 
1.49282 1.32000 
1.49403 1.32100 
1.49525 1.32200 
1.49646 1.32300 
1.49767 1.32400 
1.49888 1.32500 
1.50009 1.32600 
1.50130 1.32700 
1.50251 1.32800 
1.50372 1.32900 
1.50493 1.33000 
1.50614 1.33100 
1.50735 1.33200 
1.50857 1.33300 
1.50978 1.33400 
1.51099 1.33500 
1.51220 1.33600 
1.51341 1.33700 
1.51462 1.33800 
1.51583 1.33900 
1.51704 1.34000 
1.51825 1.34100 
1.51946 1.34200 
1.52067 1.34300 
1.52189 1.34400 
1.52310 1.34500 
1.52431 1.34600 
1.52552 1.34700 
1.52673 1.34800 
1.52794 1.34900 
1.52915 1.35000 
1.53036 1.35100 
1.53157 1.35200 
1.53278 1.35300 
1.53399 1.35400 
1.53521 1.35500 
1.53642 1.35600 
1.53763 1.35700 
1.53884 1.35800 
1.54005 1.35900 
1.54126 1.36000 
1.54247 1.36100 
1.54368 1.36200 
1.54489 1.36300 
1.54610 1.36400 
1.54731 1.36500 
1.54853 1.36600 
1.54974 1.36700 
1.55095 1.36800 
1.55216 1.36900 
1.55337 1.37000 
1.55458 1.37100 
1.55579 1.37200 
1.55700 1.37300 
1.55821 1.37400 
1.55942 1.37500 
1.56064 1.37600 
1.56185 1.37700 
1.56306 1.37800 
1.56427 1.37900 
1.56548 1.38000 
1.56669 1.38100 
1.56790 1.38200 
1.56911 1.38300 
1.57032 1.38400 
1.57153 1.38500 
1.57274 1.38600 
1.57396 1.38700 
1.57517 1.38800 
1.57638 1.38900 
1.57759 1.39000 
1.57880 1.39100 
1.58001 1.39200 
1.58122 1.39300 
1.58243 1.39400 
1.58364 1.39500 
1.58485 1.39600 
1.58606 1.39700 
1.58728 1.39800 
1.58849 1.39900 
1.58970 1.40000 
1.59091 1.40100 
1.59212 1.40200 
1.59333 1.40300 
1.59454 1.40400 
1.59575 1.40500 
1.59696 1.40600 
1.59817 1.40700 
1.59938 1.40800 
1.60060 1.40900 
1.60181 1.41000 
1.60302 1.41100 
1.60423 1.41200 
1.60544 1.41300 
1.60665 1.41400 
1.60786 1.41500 
1.60907 1.41600 
1.61028 1.41700 
1.61149 1.41800 
1.61271 1.41900 
1.61392 1.42000 
1.61513 1.42100 
1.61634 1.42200 
1.61755 1.42300 
1.61876 1.42400 
1.61997 1.42500 
1.62118 1.42600 
1.62239 1.42700 
1.62360 1.42800 
1.62481 1.42900 
1.62603 1.43000 
1.62724 1.43100 
1.62845 1.43200 
1.62966 1.43300 
1.63087 1.43400 
1.63208 1.43500 
1.63329 1.43600 
1.63450 1.43700 
1.63571 1.43800 
1.63692 1.43900 
1.63813 1.44000 
1.63935 1.44100 
1.64056 1.44200 
1.64177 1.44300 
1.64298 1.44400 
1.64419 1.44500 
1.64540 1.44600 
1.64661 1.44700 
1.64782 1.44800 
1.64903 1.44900 
1.65024 1.45000 
1.65145 1.45100 
1.65267 1.45200 
1.65388 1.45300 
1.65509 1.45400 
1.65630 1.45500 
1.65751 1.45600 
1.65872 1.45700 
1.65993 1.45800 
1.66114 1.45900 
1.66235 1.46000 
1.66356 1.46100 
1.66478 1.46200 
1.66599 1.46300 
1.66720 1.46400 
1.66841 1.46500 
1.66962 1.46600 
1.67083 1.46700 
1.67204 1.46800 
1.67325 1.46900 
1.67446 1.47000 
1.67567 1.47100 
1.67688 1.47200 
1.67810 1.47300 
1.67931 1.47400 
1.68052 1.47500 
1.68173 1.47600 
1.68294 1.47700 
1.68415 1.47800 
1.68536 1.47900 
1.68657 1.48000 
1.68778 1.48100 
1.68899 1.48200 
1.69020 1.48300 
1.69142 1.48400 
1.69263 1.48500 
1.69384 1.48600 
1.69505 1.48700 
1.69626 1.48800 
1.69747 1.48900 
1.69868 1.49000 
1.69989 1.49100 
1.70110 1.49200 
1.70231 1.49300 
1.70352 1.49400 
1.70474 1.49500 
1.70595 1.49600 
1.70716 1.49700 
1.70837 1.49800 
1.70958 1.49900 
1.71079 1.50000 
1.71200 1.50100 
1.71321 1.50200 
1.71442 1.50300 
1.71563 1.50400 
1.71684 1.50500 
1.71806 1.50600 
1.71927 1.50700 
1.72048 1.50800 
1.72169 1.50900 
1.72290 1.51000 
1.72411 1.51100 
1.72532 1.51200 
1.72653 1.51300 
1.72774 1.51400 
1.72895 1.51500 
1.73017 1.51600 
1.73138 1.51700 
1.73259 1.51800 
1.73380 1.51900 
1.73501 1.52000 
1.73622 1.52100 
1.73743 1.52200 
1.73864 1.52300 
1.73985 1.52400 
1.74106 1.52500 
1.74227 1.52600 
1.74349 1.52700 
1.74470 1.52800 
1.74591 1.52900 
1.74712 1.53000 
1.74833 1.53100 
1.74954 1.53200 
1.75075 1.53300 
1.75196 1.53400 
1.75317 1.53500 
1.75438 1.53600 
1.75559 1.53700 
1.75681 1.53800 
1.75802 1.53900 
1.75923 1.54000 
1.76044 1.54100 
1.76165 1.54200 
1.76286 1.54300 
1.76407 1.54400 
1.76528 1.54500 
1.76649 1.54600 
1.76770 1.54700 
1.76891 1.54800 
1.77013 1.54900 
1.77134 1.55000 
1.77255 1.55100 
1.77376 1.55200 
1.77497 1.55300 
1.77618 1.55400 
1.77739 1.55500 
1.77860 1.55600 
1.77981 1.55700 
1.78102 1.55800 
1.78224 1.55900 
1.78345 1.56000 
1.78466 1.56100 
1.78587 1.56200 
1.78708 1.56300 
1.78829 1.56400 
1.78950 1.56500 
1.79071 1.56600 
1.79192 1.56700 
1.79313 1.56800 
1.79434 1.56900 
1.79556 1.57000 
1.79677 1.57100 
1.79798 1.57200 
1.79919 1.57300 
1.80040 1.57400 
1.80161 1.57500 
1.80282 1.57600 
1.80403 1.57700 
1.80524 1.57800 
1.80645 1.57900 
1.80766 1.58000 
1.80888 1.58100 
1.81009 1.58200 
1.81130 1.58300 
1.81251 1.58400 
1.81372 1.58500 
1.81493 1.58600 
1.81614 1.58700 
1.81735 1.58800 
1.81856 1.58900 
1.81977 1.59000 
1.82098 1.59100 
1.82220 1.59200 
1.82341 1.59300 
1.82462 1.59400 
1.82583 1.59500 
1.82704 1.59600 
1.82825 1.59700 
1.82946 1.59800 
1.83067 1.59900 
1.83188 1.60000 
1.83309 1.60100 
1.83431 1.60200 
1.83552 1.60300 
1.83673 1.60400 
1.83794 1.60500 
1.83915 1.60600 
1.84036 1.60700 
1.84157 1.60800 
1.84278 1.60900 
1.84399 1.61000 
1.84520 1.61100 
1.84641 1.61200 
1.84763 1.61300 
1.84884 1.61400 
1.85005 1.61500 
1.85126 1.61600 
1.85247 1.61700 
1.85368 1.61800 
1.85489 1.61900 
1.85610 1.62000 
1.85731 1.62100 
1.85852 1.62200 
1.85973 1.62300 
1.86095 1.62400 
1.86216 1.62500 
1.86337 1.62600 
1.86458 1.62700 
1.86579 1.62800 
1.86700 1.62900 
1.86821 1.63000 
1.86942 1.63100 
1.87063 1.63200 
1.87184 1.63300 
1.87305 1.63400 
1.87427 1.63500 
1.87548 1.63600 
1.87669 1.63700 
1.87790 1.63800 
1.87911 1.63900 
1.88032 1.64000 
1.88153 1.64100 
1.88274 1.64200 
1.88395 1.64300 
1.88516 1.64400 
1.88637 1.64500 
1.88759 1.64600 
1.88880 1.64700 
1.89001 1.64800 
1.89122 1.64900 
1.89243 1.65000 
1.89364 1.65100 
1.89485 1.65200 
1.89606 1.65300 
1.89727 1.65400 
1.89848 1.65500 
1.89970 1.65600 
1.90091 1.65700 
1.90212 1.65800 
1.90333 1.65900 
1.90454 1.66000 
1.90575 1.66100 
1.90696 1.66200 
1.90817 1.66300 
1.90938 1.66400 
1.91059 1.66500 
1.91180 1.66600 
1.91302 1.66700 
1.91423 1.66800 
1.91544 1.66900 
1.91665 1.67000 
1.91786 1.67100 
1.91907 1.67200 
1.92028 1.67300 
1.92149 1.67400 
1.92270 1.67500 
1.92391 1.67600 
1.92512 1.67700 
1.92634 1.67800 
1.92755 1.67900 
1.92876 1.68000 
1.92997 1.68100 
1.93118 1.68200 
1.93239 1.68300 
1.93360 1.68400 
1.93481 1.68500 
1.93602 1.68600 
1.93723 1.68700 
1.93844 1.68800 
1.93966 1.68900 
1.94087 1.69000 
1.94208 1.69100 
1.94329 1.69200 
1.94450 1.69300 
1.94571 1.69400 
1.94692 1.69500 
1.94813 1.69600 
1.94934 1.69700 
1.95055 1.69800 
1.95177 1.69900 
1.95298 1.70000 
1.95419 1.70100 
1.95540 1.70200 
1.95661 1.70300 
1.95782 1.70400 
1.95903 1.70500 
1.96024 1.70600 
1.96145 1.70700 
1.96266 1.70800 
1.96387 1.70900 
1.96509 1.71000 
1.96630 1.71100 
1.96751 1.71200 
1.96872 1.71300 
1.96993 1.71400 
1.97114 1.71500 
1.97235 1.71600 
1.97356 1.71700 
1.97477 1.71800 
1.97598 1.71900 
1.97719 1.72000 
1.97841 1.72100 
1.97962 1.72200 
1.98083 1.72300 
1.98204 1.72400 
1.98325 1.72500 
1.98446 1.72600 
1.98567 1.72700 
1.98688 1.72800 
1.98809 1.72900 
1.98930 1.73000 
1.99051 1.73100 
1.99173 1.73200 
1.99294 1.73300 
1.99415 1.73400 
1.99536 1.73500 
1.99657 1.73600 
1.99778 1.73700 
1.99899 1.73800 
2.00020 1.73900 
2.00141 1.74000 
2.00262 1.74100 
2.00384 1.74200 
2.00505 1.74300 
2.00626 1.74400 
2.00747 1.74500 
2.00868 1.74600 
2.00989 1.74700 
2.01110 1.74800 
2.01231 1.74900 
2.01352 1.75000 
2.01473 1.75100 
2.01594 1.75200 
2.01716 1.75300 
2.01837 1.75400 
2.01958 1.75500 
2.02079 1.75600 
2.02200 1.75700 
2.02321 1.75800 
2.02442 1.75900 
2.02563 1.76000 
2.02684 1.76100 
2.02805 1.76200 
2.02926 1.76300 
2.03048 1.76400 
2.03169 1.76500 
2.03290 1.76600 
2.03411 1.76700 
2.03532 1.76800 
2.03653 1.76900 
2.03774 1.77000 
2.03895 1.77100 
2.04016 1.77200 
2.04137 1.77300 
2.04258 1.77400 
2.04380 1.77500 
2.04501 1.77600 
2.04622 1.77700 
2.04743 1.77800 
2.04864 1.77900 
2.04985 1.78000 
2.05106 1.78100 
2.05227 1.78200 
2.05348 1.78300 
2.05469 1.78400 
2.05590 1.78500 
2.05712 1.78600 
2.05833 1.78700 
2.05954 1.78800 
2.06075 1.78900 
2.06196 1.79000 
2.06317 1.79100 
2.06438 1.79200 
2.06559 1.79300 
2.06680 1.79400 
2.06801 1.79500 
2.06923 1.79600 
2.07044 1.79700 
2.07165 1.79800 
2.07286 1.79900 
2.07407 1.80000 
2.07528 1.80100 
2.07649 1.80200 
2.07770 1.80300 
2.07891 1.80400 
2.08012 1.80500 
2.08133 1.80600 
2.08255 1.80700 
2.08376 1.80800 
2.08497 1.80900 
2.08618 1.81000 
2.08739 1.81100 
2.08860 1.81200 
2.08981 1.81300 
2.09102 1.81400 
2.09223 1.81500 
2.09344 1.81600 
2.09465 1.81700 
2.09587 1.81800 
2.09708 1.81900 
2.09829 1.82000 
2.09950 1.82100 
2.10071 1.82200 
2.10192 1.82300 
2.10313 1.82400 
2.10434 1.82500 
2.10555 1.82600 
2.10676 1.82700 
2.10797 1.82800 
2.10919 1.82900 
2.11040 1.83000 
2.11161 1.83100 
2.11282 1.83200 
2.11403 1.83300 
2.11524 1.83400 
2.11645 1.83500 
2.11766 1.83600 
2.11887 1.83700 
2.12008 1.83800 
2.12130 1.83900 
2.12251 1.84000 
2.12372 1.84100 
2.12493 1.84200 
2.12614 1.84300 
2.12735 1.84400 
2.12856 1.84500 
2.12977 1.84600 
2.13098 1.84700 
2.13219 1.84800 
2.13340 1.84900 
2.13462 1.85000 
2.13583 1.85100 
2.13704 1.85200 
2.13825 1.85300 
2.13946 1.85400 
2.14067 1.85500 
2.14188 1.85600 
2.14309 1.85700 
2.14430 1.85800 
2.14551 1.85900 
2.14672 1.86000 
2.14794 1.86100 
2.14915 1.86200 
2.15036 1.86300 
2.15157 1.86400 
2.15278 1.86500 
2.15399 1.86600 
2.15520 1.86700 
2.15641 1.86800 
2.15762 1.86900 
2.15883 1.87000 
2.16004 1.87100 
2.16126 1.87200 
2.16247 1.87300 
2.16368 1.87400 
2.16489 1.87500 
2.16610 1.87600 
2.16731 1.87700 
2.16852 1.87800 
2.16973 1.87900 
2.17094 1.88000 
2.17215 1.88100 
2.17337 1.88200 
2.17458 1.88300 
2.17579 1.88400 
2.17700 1.88500 
2.17821 1.88600 
2.17942 1.88700 
2.18063 1.88800 
2.18184 1.88900 
2.18305 1.89000 
2.18426 1.89100 
2.18547 1.89200 
2.18669 1.89300 
2.18790 1.89400 
2.18911 1.89500 
2.19032 1.89600 
2.19153 1.89700 
2.19274 1.89800 
2.19395 1.89900 
2.19516 1.90000 
2.19637 1.90100 
2.19758 1.90200 
2.19879 1.90300 
2.20001 1.90400 
2.20122 1.90500 
2.20243 1.90600 
2.20364 1.90700 
2.20485 1.90800 
2.20606 1.90900 
2.20727 1.91000 
2.20848 1.91100 
2.20969 1.91200 
2.21090 1.91300 
2.21211 1.91400 
2.21333 1.91500 
2.21454 1.91600 
2.21575 1.91700 
2.21696 1.91800 
2.21817 1.91900 
2.21938 1.92000 
2.22059 1.92100 
2.22180 1.92200 
2.22301 1.92300 
2.22422 1.92400 
2.22543 1.92500 
2.22665 1.92600 
2.22786 1.92700 
2.22907 1.92800 
2.23028 1.92900 
2.23149 1.93000 
2.23270 1.93100 
2.23391 1.93200 
2.23512 1.93300 
2.23633 1.93400 
2.23754 1.93500 
2.23876 1.93600 
2.23997 1.93700 
2.24118 1.93800 
2.24239 1.93900 
2.24360 1.94000 
2.24481 1.94100 
2.24602 1.94200 
2.24723 1.94300 
2.24844 1.94400 
2.24965 1.94500 
2.25086 1.94600 
2.25208 1.94700 
2.25329 1.94800 
2.25450 1.94900 
2.25571 1.95000 
2.25692 1.95100 
2.25813 1.95200 
2.25934 1.95300 
2.26055 1.95400 
2.26176 1.95500 
2.26297 1.95600 
2.26418 1.95700 
2.26540 1.95800 
2.26661 1.95900 
2.26782 1.96000 
2.26903 1.96100 
2.27024 1.96200 
2.27145 1.96300 
2.27266 1.96400 
2.27387 1.96500 
2.27508 1.96600 
2.27629 1.96700 
2.27750 1.96800 
2.27872 1.96900 
2.27993 1.97000 
2.28114 1.97100 
2.28235 1.97200 
2.28356 1.97300 
2.28477 1.97400 
2.28598 1.97500 
2.28719 1.97600 
2.28840 1.97700 
2.28961 1.97800 
2.29083 1.97900 
2.29204 1.98000 
2.29325 1.98100 
2.29446 1.98200 
2.29567 1.98300 
2.29688 1.98400 
2.29809 1.98500 
2.29930 1.98600 
2.30051 1.98700 
2.30172 1.98800 
2.30293 1.98900 
2.30415 1.99000 
2.30536 1.99100 
2.30657 1.99200 
2.30778 1.99300 
2.30899 1.99400 
2.31020 1.99500 
2.31141 1.99600 
2.31262 1.99700 
2.31383 1.99800 
2.31504 1.99900 
2.31625 2.00000 
2.31747 2.00100 
2.31868 2.00200 
2.31989 2.00300 
2.32110 2.00400 
2.32231 2.00500 
2.32352 2.00600 
2.32473 2.00700 
2.32594 2.00800 
2.32715 2.00900 
2.32836 2.01000 
2.32957 2.01100 
2.33079 2.01200 
2.33200 2.01300 
2.33321 2.01400 
2.33442 2.01500 
2.33563 2.01600 
2.33684 2.01700 
2.33805 2.01800 
2.33926 2.01900 
2.34047 2.02000 
2.34168 2.02100 
2.34290 2.02200 
2.34411 2.02300 
2.34532 2.02400 
2.34653 2.02500 
2.34774 2.02600 
2.34895 2.02700 
2.35016 2.02800 
2.35137 2.02900 
2.35258 2.03000 
2.35379 2.03100 
2.35500 2.03200 
2.35622 2.03300 
2.35743 2.03400 
2.35864 2.03500 
2.35985 2.03600 
2.36106 2.03700 
2.36227 2.03800 
2.36348 2.03900 
2.36469 2.04000 
2.36590 2.04100 
2.36711 2.04200 
2.36832 2.04300 
2.36954 2.04400 
2.37075 2.04500 
2.37196 2.04600 
2.37317 2.04700 
2.37438 2.04800 
2.37559 2.04900 
2.37680 2.05000 
2.37801 2.05100 
2.37922 2.05200 
2.38043 2.05300 
2.38164 2.05400 
2.38286 2.05500 
2.38407 2.05600 
2.38528 2.05700 
2.38649 2.05800 
2.38770 2.05900 
2.38891 2.06000 
2.39012 2.06100 
2.39133 2.06200 
2.39254 2.06300 
2.39375 2.06400 
2.39496 2.06500 
2.39618 2.06600 
2.39739 2.06700 
2.39860 2.06800 
2.39981 2.06900 
2.40102 2.07000 
2.40223 2.07100 
2.40344 2.07200 
2.40465 2.07300 
2.40586 2.07400 
2.40707 2.07500 
2.40829 2.07600 
2.40950 2.07700 
2.41071 2.07800 
2.41192 2.07900 
2.41313 2.08000 
2.41434 2.08100 
2.41555 2.08200 
2.41676 2.08300 
2.41797 2.08400 
2.41918 2.08500 
2.42039 2.08600 
2.42161 2.08700 
2.42282 2.08800 
2.42403 2.08900 
2.42524 2.09000 
2.42645 2.09100 
2.42766 2.09200 
2.42887 2.09300 
2.43008 2.09400 
2.43129 2.09500 
2.43250 2.09600 
2.43371 2.09700 
2.43493 2.09800 
2.43614 2.09900 
2.43735 2.10000 
2.43856 2.10100 
2.43977 2.10200 
2.44098 2.10300 
2.44219 2.10400 
2.44340 2.10500 
2.44461 2.10600 
2.44582 2.10700 
2.44703 2.10800 
2.44825 2.10900 
2.44946 2.11000 
2.45067 2.11100 
2.45188 2.11200 
2.45309 2.11300 
2.45430 2.11400 
2.45551 2.11500 
2.45672 2.11600 
2.45793 2.11700 
2.45914 2.11800 
2.46036 2.11900 
2.46157 2.12000 
2.46278 2.12100 
2.46399 2.12200 
2.46520 2.12300 
2.46641 2.12400 
2.46762 2.12500 
2.46883 2.12600 
2.47004 2.12700 
2.47125 2.12800 
2.47246 2.12900 
2.47368 2.13000 
2.47489 2.13100 
2.47610 2.13200 
2.47731 2.13300 
2.47852 2.13400 
2.47973 2.13500 
2.48094 2.13600 
2.48215 2.13700 
2.48336 2.13800 
2.48457 2.13900 
2.48578 2.14000 
2.48700 2.14100 
2.48821 2.14200 
2.48942 2.14300 
2.49063 2.14400 
2.49184 2.14500 
2.49305 2.14600 
2.49426 2.14700 
2.49547 2.14800 
2.49668 2.14900 
2.49789 2.15000 
2.49910 2.15100 
2.50032 2.15200 
2.50153 2.15300 
2.50274 2.15400 
2.50395 2.15500 
2.50516 2.15600 
2.50637 2.15700 
2.50758 2.15800 
2.50879 2.15900 
2.51000 2.16000 
2.51121 2.16100 
2.51243 2.16200 
2.51364 2.16300 
2.51485 2.16400 
2.51606 2.16500 
2.51727 2.16600 
2.51848 2.16700 
2.51969 2.16800 
2.52090 2.16900 
2.52211 2.17000 
2.52332 2.17100 
2.52453 2.17200 
2.52575 2.17300 
2.52696 2.17400 
2.52817 2.17500 
2.52938 2.17600 
2.53059 2.17700 
2.53180 2.17800 
2.53301 2.17900 
2.53422 2.18000 
2.53543 2.18100 
2.53664 2.18200 
2.53785 2.18300 
2.53907 2.18400 
2.54028 2.18500 
2.54149 2.18600 
2.54270 2.18700 
2.54391 2.18800 
2.54512 2.18900 
2.54633 2.19000 
2.54754 2.19100 
2.54875 2.19200 
2.54996 2.19300 
2.55117 2.19400 
2.55239 2.19500 
2.55360 2.19600 
2.55481 2.19700 
2.55602 2.19800 
2.55723 2.19900 
2.55844 2.20000 
2.55965 2.20100 
2.56086 2.20200 
2.56207 2.20300 
2.56328 2.20400 
2.56449 2.20500 
2.56571 2.20600 
2.56692 2.20700 
2.56813 2.20800 
2.56934 2.20900 
2.57055 2.21000 
2.57176 2.21100 
2.57297 2.21200 
2.57418 2.21300 
2.57539 2.21400 
2.57660 2.21500 
2.57782 2.21600 
2.57903 2.21700 
2.58024 2.21800 
2.58145 2.21900 
2.58266 2.22000 
2.58387 2.22100 
2.58508 2.22200 
2.58629 2.22300 
2.58750 2.22400 
2.58871 2.22500 
2.58992 2.22600 
2.59114 2.22700 
2.59235 2.22800 
2.59356 2.22900 
2.59477 2.23000 
2.59598 2.23100 
2.59719 2.23200 
2.59840 2.23300 
2.59961 2.23400 
2.60082 2.23500 
2.60203 2.23600 
2.60324 2.23700 
2.60446 2.23800 
2.60567 2.23900 
2.60688 2.24000 
2.60809 2.24100 
2.60930 2.24200 
2.61051 2.24300 
2.61172 2.24400 
2.61293 2.24500 
2.61414 2.24600 
2.61535 2.24700 
2.61656 2.24800 
2.61778 2.24900 
2.61899 2.25000 
2.62020 2.25100 
2.62141 2.25200 
2.62262 2.25300 
2.62383 2.25400 
2.62504 2.25500 
2.62625 2.25600 
2.62746 2.25700 
2.62867 2.25800 
2.62989 2.25900 
2.63110 2.26000 
2.63231 2.26100 
2.63352 2.26200 
2.63473 2.26300 
2.63594 2.26400 
2.63715 2.26500 
2.63836 2.26600 
2.63957 2.26700 
2.64078 2.26800 
2.64199 2.26900 
2.64321 2.27000 
2.64442 2.27100 
2.64563 2.27200 
2.64684 2.27300 
2.64805 2.27400 
2.64926 2.27500 
2.65047 2.27600 
2.65168 2.27700 
2.65289 2.27800 
2.65410 2.27900 
2.65531 2.28000 
2.65653 2.28100 
2.65774 2.28200 
2.65895 2.28300 
2.66016 2.28400 
2.66137 2.28500 
2.66258 2.28600 
2.66379 2.28700 
2.66500 2.28800 
2.66621 2.28900 
2.66742 2.29000 
2.66863 2.29100 
2.66985 2.29200 
2.67106 2.29300 
2.67227 2.29400 
2.67348 2.29500 
2.67469 2.29600 
2.67590 2.29700 
2.67711 2.29800 
2.67832 2.29900 
2.67953 2.30000 
2.68074 2.30100 
2.68196 2.30200 
2.68317 2.30300 
2.68438 2.30400 
2.68559 2.30500 
2.68680 2.30600 
2.68801 2.30700 
2.68922 2.30800 
2.69043 2.30900 
2.69164 2.31000 
2.69285 2.31100 
2.69406 2.31200 
2.69528 2.31300 
2.69649 2.31400 
2.69770 2.31500 
2.69891 2.31600 
2.70012 2.31700 
2.70133 2.31800 
2.70254 2.31900 
2.70375 2.32000 
2.70496 2.32100 
2.70617 2.32200 
2.70738 2.32300 
2.70860 2.32400 
2.70981 2.32500 
2.71102 2.32600 
2.71223 2.32700 
2.71344 2.32800 
2.71465 2.32900 
2.71586 2.33000 
2.71707 2.33100 
2.71828 2.33200 
2.71949 2.33300 
2.72070 2.33400 
2.72192 2.33500 
2.72313 2.33600 
2.72434 2.33700 
2.72555 2.33800 
2.72676 2.33900 
2.72797 2.34000 
2.72918 2.34100 
2.73039 2.34200 
2.73160 2.34300 
2.73281 2.34400 
2.73403 2.34500 
2.73524 2.34600 
2.73645 2.34700 
2.73766 2.34800 
2.73887 2.34900 
2.74008 2.35000 
2.74129 2.35100 
2.74250 2.35200 
2.74371 2.35300 
2.74492 2.35400 
2.74613 2.35500 
2.74735 2.35600 
2.74856 2.35700 
2.74977 2.35800 
2.75098 2.35900 
2.75219 2.36000 
2.75340 2.36100 
2.75461 2.36200 
2.75582 2.36300 
2.75703 2.36400 
2.75824 2.36500 
2.75945 2.36600 
2.76067 2.36700 
2.76188 2.36800 
2.76309 2.36900 
2.76430 2.37000 
2.76551 2.37100 
2.76672 2.37200 
2.76793 2.37300 
2.76914 2.37400 
2.77035 2.37500 
2.77156 2.37600 
2.77277 2.37700 
2.77399 2.37800 
2.77520 2.37900 
2.77641 2.38000 
2.77762 2.38100 
2.77883 2.38200 
2.78004 2.38300 
2.78125 2.38400 
2.78246 2.38500 
2.78367 2.38600 
2.78488 2.38700 
2.78609 2.38800 
2.78731 2.38900 
2.78852 2.39000 
2.78973 2.39100 
2.79094 2.39200 
2.79215 2.39300 
2.79336 2.39400 
2.79457 2.39500 
2.79578 2.39600 
2.79699 2.39700 
2.79820 2.39800 
2.79942 2.39900 
2.80063 2.40000 
2.80184 2.40100 
2.80305 2.40200 
2.80426 2.40300 
2.80547 2.40400 
2.80668 2.40500 
2.80789 2.40600 
2.80910 2.40700 
2.81031 2.40800 
2.81152 2.40900 
2.81274 2.41000 
2.81395 2.41100 
2.81516 2.41200 
2.81637 2.41300 
2.81758 2.41400 
2.81879 2.41500 
2.82000 2.41600 
2.82121 2.41700 
2.82242 2.41800 
2.82363 2.41900 
2.82484 2.42000 
2.82606 2.42100 
2.82727 2.42200 
2.82848 2.42300 
2.82969 2.42400 
2.83090 2.42500 
2.83211 2.42600 
2.83332 2.42700 
2.83453 2.42800 
2.83574 2.42900 
2.83695 2.43000 
2.83816 2.43100 
2.83938 2.43200 
2.84059 2.43300 
2.84180 2.43400 
2.84301 2.43500 
2.84422 2.43600 
2.84543 2.43700 
2.84664 2.43800 
2.84785 2.43900 
2.84906 2.44000 
2.85027 2.44100 
2.85149 2.44200 
2.85270 2.44300 
2.85391 2.44400 
2.85512 2.44500 
2.85633 2.44600 
2.85754 2.44700 
2.85875 2.44800 
2.85996 2.44900 
2.86117 2.45000 
2.86238 2.45100 
2.86359 2.45200 
2.86481 2.45300 
2.86602 2.45400 
2.86723 2.45500 
2.86844 2.45600 
2.86965 2.45700 
2.87086 2.45800 
2.87207 2.45900 
2.87328 2.46000 
2.87449 2.46100 
2.87570 2.46200 
2.87691 2.46300 
2.87813 2.46400 
2.87934 2.46500 
2.88055 2.46600 
2.88176 2.46700 
2.88297 2.46800 
2.88418 2.46900 
2.88539 2.47000 
2.88660 2.47100 
2.88781 2.47200 
2.88902 2.47300 
2.89023 2.47400 
2.89145 2.47500 
2.89266 2.47600 
2.89387 2.47700 
2.89508 2.47800 
2.89629 2.47900 
2.89750 2.48000 
2.89871 2.48100 
2.89992 2.48200 
2.90113 2.48300 
2.90234 2.48400 
2.90356 2.48500 
2.90477 2.48600 
2.90598 2.48700 
2.90719 2.48800 
2.90840 2.48900 
2.90961 2.49000 
2.91082 2.49100 
2.91203 2.49200 
2.91324 2.49300 
2.91445 2.49400 
2.91566 2.49500 
2.91688 2.49600 
2.91809 2.49700 
2.91930 2.49800 
2.92051 2.49900 
2.92172 2.50000 
2.92293 2.50100 
2.92414 2.50200 
2.92535 2.50300 
2.92656 2.50400 
2.92777 2.50500 
2.92898 2.50600 
2.93020 2.50700 
2.93141 2.50800 
2.93262 2.50900 
2.93383 2.51000 
2.93504 2.51100 
2.93625 2.51200 
2.93746 2.51300 
2.93867 2.51400 
2.93988 2.51500 
2.94109 2.51600 
2.94230 2.51700 
2.94352 2.51800 
2.94473 2.51900 
2.94594 2.52000 
2.94715 2.52100 
2.94836 2.52200 
2.94957 2.52300 
2.95078 2.52400 
2.95199 2.52500 
2.95320 2.52600 
2.95441 2.52700 
2.95562 2.52800 
2.95684 2.52900 
2.95805 2.53000 
2.95926 2.53100 
2.96047 2.53200 
2.96168 2.53300 
2.96289 2.53400 
2.96410 2.53500 
2.96531 2.53600 
2.96652 2.53700 
2.96773 2.53800 
2.96895 2.53900 
2.97016 2.54000 
2.97137 2.54100 
2.97258 2.54200 
2.97379 2.54300 
2.97500 2.54400 
2.97621 2.54500 
2.97742 2.54600 
2.97863 2.54700 
2.97984 2.54800 
2.98105 2.54900 
2.98227 2.55000 
2.98348 2.55100 
2.98469 2.55200 
2.98590 2.55300 
2.98711 2.55400 
2.98832 2.55500 
2.98953 2.55600 
2.99074 2.55700 
2.99195 2.55800 
2.99316 2.55900 
2.99437 2.56000 
2.99559 2.56100 
2.99680 2.56200 
2.99801 2.56300 
2.99922 2.56400 
3.00043 2.56500 
3.00164 2.56600 
3.00285 2.56700 
3.00406 2.56800 
3.00527 2.56900 
3.00648 2.57000 
3.00769 2.57100 
3.00891 2.57200 
3.01012 2.57300 
3.01133 2.57400 
3.01254 2.57500 
3.01375 2.57600 
3.01496 2.57700 
3.01617 2.57800 
3.01738 2.57900 
3.01859 2.58000 
3.01980 2.58100 
3.02102 2.58200 
3.02223 2.58300 
3.02344 2.58400 
3.02465 2.58500 
3.02586 2.58600 
3.02707 2.58700 
3.02828 2.58800 
3.02949 2.58900 
3.03070 2.59000 
3.03191 2.59100 
3.03312 2.59200 
3.03434 2.59300 
3.03555 2.59400 
3.03676 2.59500 
3.03797 2.59600 
3.03918 2.59700 
3.04039 2.59800 
3.04160 2.59900 
3.04281 2.60000 
3.04402 2.60100 
3.04523 2.60200 
3.04644 2.60300 
3.04766 2.60400 
3.04887 2.60500 
3.05008 2.60600 
3.05129 2.60700 
3.05250 2.60800 
3.05371 2.60900 
3.05492 2.61000 
3.05613 2.61100 
3.05734 2.61200 
3.05855 2.61300 
3.05976 2.61400 
3.06098 2.61500 
3.06219 2.61600 
3.06340 2.61700 
3.06461 2.61800 
3.06582 2.61900 
3.06703 2.62000 
3.06824 2.62100 
3.06945 2.62200 
3.07066 2.62300 
3.07187 2.62400 
3.07309 2.62500 
3.07430 2.62600 
3.07551 2.62700 
3.07672 2.62800 
3.07793 2.62900 
3.07914 2.63000 
3.08035 2.63100 
3.08156 2.63200 
3.08277 2.63300 
3.08398 2.63400 
3.08519 2.63500 
3.08641 2.63600 
3.08762 2.63700 
3.08883 2.63800 
3.09004 2.63900 
3.09125 2.64000 
3.09246 2.64100 
3.09367 2.64200 
3.09488 2.64300 
3.09609 2.64400 
3.09730 2.64500 
3.09851 2.64600 
3.09973 2.64700 
3.10094 2.64800 
3.10215 2.64900 
3.10336 2.65000 
3.10457 2.65100 
3.10578 2.65200 
3.10699 2.65300 
3.10820 2.65400 
3.10941 2.65500 
3.11062 2.65600 
3.11183 2.65700 
3.11305 2.65800 
3.11426 2.65900 
3.11547 2.66000 
3.11668 2.66100 
3.11789 2.66200 
3.11910 2.66300 
3.12031 2.66400 
3.12152 2.66500 
3.12273 2.66600 
3.12394 2.66700 
3.12515 2.66800 
3.12637 2.66900 
3.12758 2.67000 
3.12879 2.67100 
3.13000 2.67200 
3.13121 2.67300 
3.13242 2.67400 
3.13363 2.67500 
3.13484 2.67600 
3.13605 2.67700 
3.13726 2.67800 
3.13848 2.67900 
3.13969 2.68000 
3.14090 2.68100 
3.14211 2.68200 
3.14332 2.68300 
3.14453 2.68400 
3.14574 2.68500 
3.14695 2.68600 
3.14816 2.68700 
3.14937 2.68800 
3.15058 2.68900 
3.15180 2.69000 
3.15301 2.69100 
3.15422 2.69200 
3.15543 2.69300 
3.15664 2.69400 
3.15785 2.69500 
3.15906 2.69600 
3.16027 2.69700 
3.16148 2.69800 
3.16269 2.69900 
3.16390 2.70000 
3.16512 2.70100 
3.16633 2.70200 
3.16754 2.70300 
3.16875 2.70400 
3.16996 2.70500 
3.17117 2.70600 
3.17238 2.70700 
3.17359 2.70800 
3.17480 2.70900 
3.17601 2.71000 
3.17722 2.71100 
3.17844 2.71200 
3.17965 2.71300 
3.18086 2.71400 
3.18207 2.71500 
3.18328 2.71600 
3.18449 2.71700 
3.18570 2.71800 
3.18691 2.71900 
3.18812 2.72000 
3.18933 2.72100 
3.19055 2.72200 
3.19176 2.72300 
3.19297 2.72400 
3.19418 2.72500 
3.19539 2.72600 
3.19660 2.72700 
3.19781 2.72800 
3.19902 2.72900 
3.20023 2.73000 
3.20144 2.73100 
3.20265 2.73200 
3.20387 2.73300 
3.20508 2.73400 
3.20629 2.73500 
3.20750 2.73600 
3.20871 2.73700 
3.20992 2.73800 
3.21113 2.73900 
3.21234 2.74000 
3.21355 2.74100 
3.21476 2.74200 
3.21597 2.74300 
3.21719 2.74400 
3.21840 2.74500 
3.21961 2.74600 
3.22082 2.74700 
3.22203 2.74800 
3.22324 2.74900 
3.22445 2.75000 
3.22566 2.75100 
3.22687 2.75200 
3.22808 2.75300 
3.22929 2.75400 
3.23051 2.75500 
3.23172 2.75600 
3.23293 2.75700 
3.23414 2.75800 
3.23535 2.75900 
3.23656 2.76000 
3.23777 2.76100 
3.23898 2.76200 
3.24019 2.76300 
3.24140 2.76400 
3.24262 2.76500 
3.24383 2.76600 
3.24504 2.76700 
3.24625 2.76800 
3.24746 2.76900 
3.24867 2.77000 
3.24988 2.77100 
3.25109 2.77200 
3.25230 2.77300 
3.25351 2.77400 
3.25472 2.77500 
3.25594 2.77600 
3.25715 2.77700 
3.25836 2.77800 
3.25957 2.77900 
3.26078 2.78000 
3.26199 2.78100 
3.26320 2.78200 
3.26441 2.78300 
3.26562 2.78400 
3.26683 2.78500 
3.26804 2.78600 
3.26926 2.78700 
3.27047 2.78800 
3.27168 2.78900 
3.27289 2.79000 
3.27410 2.79100 
3.27531 2.79200 
3.27652 2.79300 
3.27773 2.79400 
3.27894 2.79500 
3.28015 2.79600 
3.28136 2.79700 
3.28258 2.79800 
3.28379 2.79900 
3.28500 2.80000 
3.28621 2.80100 
3.28742 2.80200 
3.28863 2.80300 
3.28984 2.80400 
3.29105 2.80500 
3.29226 2.80600 
3.29347 2.80700 
3.29468 2.80800 
3.29590 2.80900 
3.29711 2.81000 
3.29832 2.81100 
3.29953 2.81200 
3.30074 2.81300 
3.30195 2.81400 
3.30316 2.81500 
3.30437 2.81600 
3.30558 2.81700 
3.30679 2.81800 
3.30801 2.81900 
3.30922 2.82000 
3.31043 2.82100 
3.31164 2.82200 
3.31285 2.82300 
3.31406 2.82400 
3.31527 2.82500 
3.31648 2.82600 
3.31769 2.82700 
3.31890 2.82800 
3.32011 2.82900 
3.32133 2.83000 
3.32254 2.83100 
3.32375 2.83200 
3.32496 2.83300 
3.32617 2.83400 
3.32738 2.83500 
3.32859 2.83600 
3.32980 2.83700 
3.33101 2.83800 
3.33222 2.83900 
3.33343 2.84000 
3.33465 2.84100 
3.33586 2.84200 
3.33707 2.84300 
3.33828 2.84400 
3.33949 2.84500 
3.34070 2.84600 
3.34191 2.84700 
3.34312 2.84800 
3.34433 2.84900 
3.34554 2.85000 
3.34675 2.85100 
3.34797 2.85200 
3.34918 2.85300 
3.35039 2.85400 
3.35160 2.85500 
3.35281 2.85600 
3.35402 2.85700 
3.35523 2.85800 
3.35644 2.85900 
3.35765 2.86000 
3.35886 2.86100 
3.36008 2.86200 
3.36129 2.86300 
3.36250 2.86400 
3.36371 2.86500 
3.36492 2.86600 
3.36613 2.86700 
3.36734 2.86800 
3.36855 2.86900 
3.36976 2.87000 
3.37097 2.87100 
3.37218 2.87200 
3.37340 2.87300 
3.37461 2.87400 
3.37582 2.87500 
3.37703 2.87600 
3.37824 2.87700 
3.37945 2.87800 
3.38066 2.87900 
3.38187 2.88000 
3.38308 2.88100 
3.38429 2.88200 
3.38550 2.88300 
3.38672 2.88400 
3.38793 2.88500 
3.38914 2.88600 
3.39035 2.88700 
3.39156 2.88800 
3.39277 2.88900 
3.39398 2.89000 
3.39519 2.89100 
3.39640 2.89200 
3.39761 2.89300 
3.39882 2.89400 
3.40004 2.89500 
3.40125 2.89600 
3.40246 2.89700 
3.40367 2.89800 
3.40488 2.89900 
3.40609 2.90000 
3.40730 2.90100 
3.40851 2.90200 
3.40972 2.90300 
3.41093 2.90400 
3.41215 2.90500 
3.41336 2.90600 
3.41457 2.90700 
3.41578 2.90800 
3.41699 2.90900 
3.41820 2.91000 
3.41941 2.91100 
3.42062 2.91200 
3.42183 2.91300 
3.42304 2.91400 
3.42425 2.91500 
3.42547 2.91600 
3.42668 2.91700 
3.42789 2.91800 
3.42910 2.91900 
3.43031 2.92000 
3.43152 2.92100 
3.43273 2.92200 
3.43394 2.92300 
3.43515 2.92400 
3.43636 2.92500 
3.43757 2.92600 
3.43879 2.92700 
3.44000 2.92800 
3.44121 2.92900 
3.44242 2.93000 
3.44363 2.93100 
3.44484 2.93200 
3.44605 2.93300 
3.44726 2.93400 
3.44847 2.93500 
3.44968 2.93600 
3.45089 2.93700 
3.45211 2.93800 
3.45332 2.93900 
3.45453 2.94000 
3.45574 2.94100 
3.45695 2.94200 
3.45816 2.94300 
3.45937 2.94400 
3.46058 2.94500 
3.46179 2.94600 
3.46300 2.94700 
3.46421 2.94800 
3.46543 2.94900 
3.46664 2.95000 
3.46785 2.95100 
3.46906 2.95200 
3.47027 2.95300 
3.47148 2.95400 
3.47269 2.95500 
3.47390 2.95600 
3.47511 2.95700 
3.47632 2.95800 
3.47754 2.95900 
3.47875 2.96000 
3.47996 2.96100 
3.48117 2.96200 
3.48238 2.96300 
3.48359 2.96400 
3.48480 2.96500 
3.48601 2.96600 
3.48722 2.96700 
3.48843 2.96800 
3.48964 2.96900 
3.49086 2.97000 
3.49207 2.97100 
3.49328 2.97200 
3.49449 2.97300 
3.49570 2.97400 
3.49691 2.97500 
3.49812 2.97600 
3.49933 2.97700 
3.50054 2.97800 
3.50175 2.97900 
3.50296 2.98000 
3.50418 2.98100 
3.50539 2.98200 
3.50660 2.98300 
3.50781 2.98400 
3.50902 2.98500 
3.51023 2.98600 
3.51144 2.98700 
3.51265 2.98800 
3.51386 2.98900 
3.51507 2.99000 
3.51628 2.99100 
3.51750 2.99200 
3.51871 2.99300 
3.51992 2.99400 
3.52113 2.99500 
3.52234 2.99600 
3.52355 2.99700 
3.52476 2.99800 
3.52597 2.99900 
3.52718 3.00000 
3.52839 3.00100 
3.52961 3.00200 
3.53082 3.00300 
3.53203 3.00400 
3.53324 3.00500 
3.53445 3.00600 
3.53566 3.00700 
3.53687 3.00800 
3.53808 3.00900 
3.53929 3.01000 
3.54050 3.01100 
3.54171 3.01200 
3.54293 3.01300 
3.54414 3.01400 
3.54535 3.01500 
3.54656 3.01600 
3.54777 3.01700 
3.54898 3.01800 
3.55019 3.01900 
3.55140 3.02000 
3.55261 3.02100 
3.55382 3.02200 
3.55503 3.02300 
3.55625 3.02400 
3.55746 3.02500 
3.55867 3.02600 
3.55988 3.02700 
3.56109 3.02800 
3.56230 3.02900 
3.56351 3.03000 
3.56472 3.03100 
3.56593 3.03200 
3.56714 3.03300 
3.56835 3.03400 
3.56957 3.03500 
3.57078 3.03600 
3.57199 3.03700 
3.57320 3.03800 
3.57441 3.03900 
3.57562 3.04000 
3.57683 3.04100 
3.57804 3.04200 
3.57925 3.04300 
3.58046 3.04400 
3.58168 3.04500 
3.58289 3.04600 
3.58410 3.04700 
3.58531 3.04800 
3.58652 3.04900 
3.58773 3.05000 
3.58894 3.05100 
3.59015 3.05200 
3.59136 3.05300 
3.59257 3.05400 
3.59378 3.05500 
3.59500 3.05600 
3.59621 3.05700 
3.59742 3.05800 
3.59863 3.05900 
3.59984 3.06000 
3.60105 3.06100 
3.60226 3.06200 
3.60347 3.06300 
3.60468 3.06400 
3.60589 3.06500 
3.60710 3.06600 
3.60832 3.06700 
3.60953 3.06800 
3.61074 3.06900 
3.61195 3.07000 
3.61316 3.07100 
3.61437 3.07200 
3.61558 3.07300 
3.61679 3.07400 
3.61800 3.07500 
3.61921 3.07600 
3.62042 3.07700 
3.62164 3.07800 
3.62285 3.07900 
3.62406 3.08000 
3.62527 3.08100 
3.62648 3.08200 
3.62769 3.08300 
3.62890 3.08400 
3.63011 3.08500 
3.63132 3.08600 
3.63253 3.08700 
3.63374 3.08800 
3.63496 3.08900 
3.63617 3.09000 
3.63738 3.09100 
3.63859 3.09200 
3.63980 3.09300 
3.64101 3.09400 
3.64222 3.09500 
3.64343 3.09600 
3.64464 3.09700 
3.64585 3.09800 
3.64707 3.09900 
3.64828 3.10000 
3.64949 3.10100 
3.65070 3.10200 
3.65191 3.10300 
3.65312 3.10400 
3.65433 3.10500 
3.65554 3.10600 
3.65675 3.10700 
3.65796 3.10800 
3.65917 3.10900 
3.66039 3.11000 
3.66160 3.11100 
3.66281 3.11200 
3.66402 3.11300 
3.66523 3.11400 
3.66644 3.11500 
3.66765 3.11600 
3.66886 3.11700 
3.67007 3.11800 
3.67128 3.11900 
3.67249 3.12000 
3.67371 3.12100 
3.67492 3.12200 
3.67613 3.12300 
3.67734 3.12400 
3.67855 3.12500 
3.67976 3.12600 
3.68097 3.12700 
3.68218 3.12800 
3.68339 3.12900 
3.68460 3.13000 
3.68581 3.13100 
3.68703 3.13200 
3.68824 3.13300 
3.68945 3.13400 
3.69066 3.13500 
3.69187 3.13600 
3.69308 3.13700 
3.69429 3.13800 
3.69550 3.13900 
3.69671 3.14000 
3.69792 3.14100 
3.69914 3.14200 
3.70035 3.14300 
3.70156 3.14400 
3.70277 3.14500 
3.70398 3.14600 
3.70519 3.14700 
3.70640 3.14800 
3.70761 3.14900 
3.70882 3.15000 
3.71003 3.15100 
3.71124 3.15200 
3.71246 3.15300 
3.71367 3.15400 
3.71488 3.15500 
3.71609 3.15600 
3.71730 3.15700 
3.71851 3.15800 
3.71972 3.15900 
3.72093 3.16000 
3.72214 3.16100 
3.72335 3.16200 
3.72456 3.16300 
3.72578 3.16400 
3.72699 3.16500 
3.72820 3.16600 
3.72941 3.16700 
3.73062 3.16800 
3.73183 3.16900 
3.73304 3.17000 
3.73425 3.17100 
3.73546 3.17200 
3.73667 3.17300 
3.73788 3.17400 
3.73910 3.17500 
3.74031 3.17600 
3.74152 3.17700 
3.74273 3.17800 
3.74394 3.17900 
3.74515 3.18000 
3.74636 3.18100 
3.74757 3.18200 
3.74878 3.18300 
3.74999 3.18400 
3.75121 3.18500 
3.75242 3.18600 
3.75363 3.18700 
3.75484 3.18800 
3.75605 3.18900 
3.75726 3.19000 
3.75847 3.19100 
3.75968 3.19200 
3.76089 3.19300 
3.76210 3.19400 
3.76331 3.19500 
3.76453 3.19600 
3.76574 3.19700 
3.76695 3.19800 
3.76816 3.19900 
3.76937 3.20000 
3.77058 3.20100 
3.77179 3.20200 
3.77300 3.20300 
3.77421 3.20400 
3.77542 3.20500 
3.77663 3.20600 
3.77785 3.20700 
3.77906 3.20800 
3.78027 3.20900 
3.78148 3.21000 
3.78269 3.21100 
3.78390 3.21200 
3.78511 3.21300 
3.78632 3.21400 
3.78753 3.21500 
3.78874 3.21600 
3.78995 3.21700 
3.79117 3.21800 
3.79238 3.21900 
3.79359 3.22000 
3.79480 3.22100 
3.79601 3.22200 
3.79722 3.22300 
3.79843 3.22400 
3.79964 3.22500 
3.80085 3.22600 
3.80206 3.22700 
3.80327 3.22800 
3.80449 3.22900 
3.80570 3.23000 
3.80691 3.23100 
3.80812 3.23200 
3.80933 3.23300 
3.81054 3.23400 
3.81175 3.23500 
3.81296 3.23600 
3.81417 3.23700 
3.81538 3.23800 
3.81660 3.23900 
3.81781 3.24000 
3.81902 3.24100 
3.82023 3.24200 
3.82144 3.24300 
3.82265 3.24400 
3.82386 3.24500 
3.82507 3.24600 
3.82628 3.24700 
3.82749 3.24800 
3.82870 3.24900 
3.82992 3.25000 
3.83113 3.25100 
3.83234 3.25200 
3.83355 3.25300 
3.83476 3.25400 
3.83597 3.25500 
3.83718 3.25600 
3.83839 3.25700 
3.83960 3.25800 
3.84081 3.25900 
3.84202 3.26000 
3.84324 3.26100 
3.84445 3.26200 
3.84566 3.26300 
3.84687 3.26400 
3.84808 3.26500 
3.84929 3.26600 
3.85050 3.26700 
3.85171 3.26800 
3.85292 3.26900 
3.85413 3.27000 
3.85534 3.27100 
3.85656 3.27200 
3.85777 3.27300 
3.85898 3.27400 
3.86019 3.27500 
3.86140 3.27600 
3.86261 3.27700 
3.86382 3.27800 
3.86503 3.27900 
3.86624 3.28000 
3.86745 3.28100 
3.86867 3.28200 
3.86988 3.28300 
3.87109 3.28400 
3.87230 3.28500 
3.87351 3.28600 
3.87472 3.28700 
3.87593 3.28800 
3.87714 3.28900 
3.87835 3.29000 
3.87956 3.29100 
3.88077 3.29200 
3.88199 3.29300 
3.88320 3.29400 
3.88441 3.29500 
3.88562 3.29600 
3.88683 3.29700 
3.88804 3.29800 
3.88925 3.29900 
3.89046 3.30000 
3.89167 3.30100 
3.89288 3.30200 
3.89409 3.30300 
3.89531 3.30400 
3.89652 3.30500 
3.89773 3.30600 
3.89894 3.30700 
3.90015 3.30800 
3.90136 3.30900 
3.90257 3.31000 
3.90378 3.31100 
3.90499 3.31200 
3.90620 3.31300 
3.90741 3.31400 
3.90863 3.31500 
3.90984 3.31600 
3.91105 3.31700 
3.91226 3.31800 
3.91347 3.31900 
3.91468 3.32000 
3.91589 3.32100 
3.91710 3.32200 
3.91831 3.32300 
3.91952 3.32400 
3.92074 3.32500 
3.92195 3.32600 
3.92316 3.32700 
3.92437 3.32800 
3.92558 3.32900 
3.92679 3.33000 
3.92800 3.33100 
3.92921 3.33200 
3.93042 3.33300 
3.93163 3.33400 
3.93284 3.33500 
3.93406 3.33600 
3.93527 3.33700 
3.93648 3.33800 
3.93769 3.33900 
3.93890 3.34000 
3.94011 3.34100 
3.94132 3.34200 
3.94253 3.34300 
3.94374 3.34400 
3.94495 3.34500 
3.94616 3.34600 
3.94738 3.34700 
3.94859 3.34800 
3.94980 3.34900 
3.95101 3.35000 
3.95222 3.35100 
3.95343 3.35200 
3.95464 3.35300 
3.95585 3.35400 
3.95706 3.35500 
3.95827 3.35600 
3.95948 3.35700 
3.96070 3.35800 
3.96191 3.35900 
3.96312 3.36000 
3.96433 3.36100 
3.96554 3.36200 
3.96675 3.36300 
3.96796 3.36400 
3.96917 3.36500 
3.97038 3.36600 
3.97159 3.36700 
3.97281 3.36800 
3.97402 3.36900 
3.97523 3.37000 
3.97644 3.37100 
3.97765 3.37200 
3.97886 3.37300 
3.98007 3.37400 
3.98128 3.37500 
3.98249 3.37600 
3.98370 3.37700 
3.98491 3.37800 
3.98613 3.37900 
3.98734 3.38000 
3.98855 3.38100 
3.98976 3.38200 
3.99097 3.38300 
3.99218 3.38400 
3.99339 3.38500 
3.99460 3.38600 
3.99581 3.38700 
3.99702 3.38800 
3.99823 3.38900 
3.99945 3.39000 
4.00066 3.39100 
4.00187 3.39200 
4.00308 3.39300 
4.00429 3.39400 
4.00550 3.39500 
4.00671 3.39600 
4.00792 3.39700 
4.00913 3.39800 
4.01034 3.39900 
4.01155 3.40000 
4.01277 3.40100 
4.01398 3.40200 
4.01519 3.40300 
4.01640 3.40400 
4.01761 3.40500 
4.01882 3.40600 
4.02003 3.40700 
4.02124 3.40800 
4.02245 3.40900 
4.02366 3.41000 
4.02487 3.41100 
4.02609 3.41200 
4.02730 3.41300 
4.02851 3.41400 
4.02972 3.41500 
4.03093 3.41600 
4.03214 3.41700 
4.03335 3.41800 
4.03456 3.41900 
4.03577 3.42000 
4.03698 3.42100 
4.03820 3.42200 
4.03941 3.42300 
4.04062 3.42400 
4.04183 3.42500 
4.04304 3.42600 
4.04425 3.42700 
4.04546 3.42800 
4.04667 3.42900 
4.04788 3.43000 
4.04909 3.43100 
4.05030 3.43200 
4.05152 3.43300 
4.05273 3.43400 
4.05394 3.43500 
4.05515 3.43600 
4.05636 3.43700 
4.05757 3.43800 
4.05878 3.43900 
4.05999 3.44000 
4.06120 3.44100 
4.06241 3.44200 
4.06362 3.44300 
4.06484 3.44400 
4.06605 3.44500 
4.06726 3.44600 
4.06847 3.44700 
4.06968 3.44800 
4.07089 3.44900 
4.07210 3.45000 
4.07331 3.45100 
4.07452 3.45200 
4.07573 3.45300 
4.07694 3.45400 
4.07816 3.45500 
4.07937 3.45600 
4.08058 3.45700 
4.08179 3.45800 
4.08300 3.45900 
4.08421 3.46000 
4.08542 3.46100 
4.08663 3.46200 
4.08784 3.46300 
4.08905 3.46400 
4.09027 3.46500 
4.09148 3.46600 
4.09269 3.46700 
4.09390 3.46800 
4.09511 3.46900 
4.09632 3.47000 
4.09753 3.47100 
4.09874 3.47200 
4.09995 3.47300 
4.10116 3.47400 
4.10237 3.47500 
4.10359 3.47600 
4.10480 3.47700 
4.10601 3.47800 
4.10722 3.47900 
4.10843 3.48000 
4.10964 3.48100 
4.11085 3.48200 
4.11206 3.48300 
4.11327 3.48400 
4.11448 3.48500 
4.11569 3.48600 
4.11691 3.48700 
4.11812 3.48800 
4.11933 3.48900 
4.12054 3.49000 
4.12175 3.49100 
4.12296 3.49200 
4.12417 3.49300 
4.12538 3.49400 
4.12659 3.49500 
4.12780 3.49600 
4.12901 3.49700 
4.13023 3.49800 
4.13144 3.49900 
4.13265 3.50000 
4.13386 3.50100 
4.13507 3.50200 
4.13628 3.50300 
4.13749 3.50400 
4.13870 3.50500 
4.13991 3.50600 
4.14112 3.50700 
4.14234 3.50800 
4.14355 3.50900 
4.14476 3.51000 
4.14597 3.51100 
4.14718 3.51200 
4.14839 3.51300 
4.14960 3.51400 
4.15081 3.51500 
4.15202 3.51600 
4.15323 3.51700 
4.15444 3.51800 
4.15566 3.51900 
4.15687 3.52000 
4.15808 3.52100 
4.15929 3.52200 
4.16050 3.52300 
4.16171 3.52400 
4.16292 3.52500 
4.16413 3.52600 
4.16534 3.52700 
4.16655 3.52800 
4.16776 3.52900 
4.16898 3.53000 
4.17019 3.53100 
4.17140 3.53200 
4.17261 3.53300 
4.17382 3.53400 
4.17503 3.53500 
4.17624 3.53600 
4.17745 3.53700 
4.17866 3.53800 
4.17987 3.53900 
4.18108 3.54000 
4.18230 3.54100 
4.18351 3.54200 
4.18472 3.54300 
4.18593 3.54400 
4.18714 3.54500 
4.18835 3.54600 
4.18956 3.54700 
4.19077 3.54800 
4.19198 3.54900 
4.19319 3.55000 
4.19440 3.55100 
4.19562 3.55200 
4.19683 3.55300 
4.19804 3.55400 
4.19925 3.55500 
4.20046 3.55600 
4.20167 3.55700 
4.20288 3.55800 
4.20409 3.55900 
4.20530 3.56000 
4.20651 3.56100 
4.20773 3.56200 
4.20894 3.56300 
4.21015 3.56400 
4.21136 3.56500 
4.21257 3.56600 
4.21378 3.56700 
4.21499 3.56800 
4.21620 3.56900 
4.21741 3.57000 
4.21862 3.57100 
4.21983 3.57200 
4.22105 3.57300 
4.22226 3.57400 
4.22347 3.57500 
4.22468 3.57600 
4.22589 3.57700 
4.22710 3.57800 
4.22831 3.57900 
4.22952 3.58000 
4.23073 3.58100 
4.23194 3.58200 
4.23315 3.58300 
4.23437 3.58400 
4.23558 3.58500 
4.23679 3.58600 
4.23800 3.58700 
4.23921 3.58800 
4.24042 3.58900 
4.24163 3.59000 
4.24284 3.59100 
4.24405 3.59200 
4.24526 3.59300 
4.24647 3.59400 
4.24769 3.59500 
4.24890 3.59600 
4.25011 3.59700 
4.25132 3.59800 
4.25253 3.59900 
4.25374 3.60000 
4.25495 3.60100 
4.25616 3.60200 
4.25737 3.60300 
4.25858 3.60400 
4.25980 3.60500 
4.26101 3.60600 
4.26222 3.60700 
4.26343 3.60800 
4.26464 3.60900 
4.26585 3.61000 
4.26706 3.61100 
4.26827 3.61200 
4.26948 3.61300 
4.27069 3.61400 
4.27190 3.61500 
4.27312 3.61600 
4.27433 3.61700 
4.27554 3.61800 
4.27675 3.61900 
4.27796 3.62000 
4.27917 3.62100 
4.28038 3.62200 
4.28159 3.62300 
4.28280 3.62400 
4.28401 3.62500 
4.28522 3.62600 
4.28644 3.62700 
4.28765 3.62800 
4.28886 3.62900 
4.29007 3.63000 
4.29128 3.63100 
4.29249 3.63200 
4.29370 3.63300 
4.29491 3.63400 
4.29612 3.63500 
4.29733 3.63600 
4.29854 3.63700 
4.29976 3.63800 
4.30097 3.63900 
4.30218 3.64000 
4.30339 3.64100 
4.30460 3.64200 
4.30581 3.64300 
4.30702 3.64400 
4.30823 3.64500 
4.30944 3.64600 
4.31065 3.64700 
4.31187 3.64800 
4.31308 3.64900 
4.31429 3.65000 
4.31550 3.65100 
4.31671 3.65200 
4.31792 3.65300 
4.31913 3.65400 
4.32034 3.65500 
4.32155 3.65600 
4.32276 3.65700 
4.32397 3.65800 
4.32519 3.65900 
4.32640 3.66000 
4.32761 3.66100 
4.32882 3.66200 
4.33003 3.66300 
4.33124 3.66400 
4.33245 3.66500 
4.33366 3.66600 
4.33487 3.66700 
4.33608 3.66800 
4.33729 3.66900 
4.33851 3.67000 
4.33972 3.67100 
4.34093 3.67200 
4.34214 3.67300 
4.34335 3.67400 
4.34456 3.67500 
4.34577 3.67600 
4.34698 3.67700 
4.34819 3.67800 
4.34940 3.67900 
4.35061 3.68000 
4.35183 3.68100 
4.35304 3.68200 
4.35425 3.68300 
4.35546 3.68400 
4.35667 3.68500 
4.35788 3.68600 
4.35909 3.68700 
4.36030 3.68800 
4.36151 3.68900 
4.36272 3.69000 
4.36393 3.69100 
4.36515 3.69200 
4.36636 3.69300 
4.36757 3.69400 
4.36878 3.69500 
4.36999 3.69600 
4.37120 3.69700 
4.37241 3.69800 
4.37362 3.69900 
4.37483 3.70000 
4.37604 3.70100 
4.37726 3.70200 
4.37847 3.70300 
4.37968 3.70400 
4.38089 3.70500 
4.38210 3.70600 
4.38331 3.70700 
4.38452 3.70800 
4.38573 3.70900 
4.38694 3.71000 
4.38815 3.71100 
4.38936 3.71200 
4.39058 3.71300 
4.39179 3.71400 
4.39300 3.71500 
4.39421 3.71600 
4.39542 3.71700 
4.39663 3.71800 
4.39784 3.71900 
4.39905 3.72000 
4.40026 3.72100 
4.40147 3.72200 
4.40268 3.72300 
4.40390 3.72400 
4.40511 3.72500 
4.40632 3.72600 
4.40753 3.72700 
4.40874 3.72800 
4.40995 3.72900 
4.41116 3.73000 
4.41237 3.73100 
4.41358 3.73200 
4.41479 3.73300 
4.41600 3.73400 
4.41722 3.73500 
4.41843 3.73600 
4.41964 3.73700 
4.42085 3.73800 
4.42206 3.73900 
4.42327 3.74000 
4.42448 3.74100 
4.42569 3.74200 
4.42690 3.74300 
4.42811 3.74400 
4.42933 3.74500 
4.43054 3.74600 
4.43175 3.74700 
4.43296 3.74800 
4.43417 3.74900 
4.43538 3.75000 
4.43659 3.75100 
4.43780 3.75200 
4.43901 3.75300 
4.44022 3.75400 
4.44143 3.75500 
4.44265 3.75600 
4.44386 3.75700 
4.44507 3.75800 
4.44628 3.75900 
4.44749 3.76000 
4.44870 3.76100 
4.44991 3.76200 
4.45112 3.76300 
4.45233 3.76400 
4.45354 3.76500 
4.45475 3.76600 
4.45597 3.76700 
4.45718 3.76800 
4.45839 3.76900 
4.45960 3.77000 
4.46081 3.77100 
4.46202 3.77200 
4.46323 3.77300 
4.46444 3.77400 
4.46565 3.77500 
4.46686 3.77600 
4.46807 3.77700 
4.46929 3.77800 
4.47050 3.77900 
4.47171 3.78000 
4.47292 3.78100 
4.47413 3.78200 
4.47534 3.78300 
4.47655 3.78400 
4.47776 3.78500 
4.47897 3.78600 
4.48018 3.78700 
4.48140 3.78800 
4.48261 3.78900 
4.48382 3.79000 
4.48503 3.79100 
4.48624 3.79200 
4.48745 3.79300 
4.48866 3.79400 
4.48987 3.79500 
4.49108 3.79600 
4.49229 3.79700 
4.49350 3.79800 
4.49472 3.79900 
4.49593 3.80000 
4.49714 3.80100 
4.49835 3.80200 
4.49956 3.80300 
4.50077 3.80400 
4.50198 3.80500 
4.50319 3.80600 
4.50440 3.80700 
4.50561 3.80800 
4.50682 3.80900 
4.50804 3.81000 
4.50925 3.81100 
4.51046 3.81200 
4.51167 3.81300 
4.51288 3.81400 
4.51409 3.81500 
4.51530 3.81600 
4.51651 3.81700 
4.51772 3.81800 
4.51893 3.81900 
4.52014 3.82000 
4.52136 3.82100 
4.52257 3.82200 
4.52378 3.82300 
4.52499 3.82400 
4.52620 3.82500 
4.52741 3.82600 
4.52862 3.82700 
4.52983 3.82800 
4.53104 3.82900 
4.53225 3.83000 
4.53346 3.83100 
4.53468 3.83200 
4.53589 3.83300 
4.53710 3.83400 
4.53831 3.83500 
4.53952 3.83600 
4.54073 3.83700 
4.54194 3.83800 
4.54315 3.83900 
4.54436 3.84000 
4.54557 3.84100 
4.54679 3.84200 
4.54800 3.84300 
4.54921 3.84400 
4.55042 3.84500 
4.55163 3.84600 
4.55284 3.84700 
4.55405 3.84800 
4.55526 3.84900 
4.55647 3.85000 
4.55768 3.85100 
4.55889 3.85200 
4.56011 3.85300 
4.56132 3.85400 
4.56253 3.85500 
4.56374 3.85600 
4.56495 3.85700 
4.56616 3.85800 
4.56737 3.85900 
4.56858 3.86000 
4.56979 3.86100 
4.57100 3.86200 
4.57221 3.86300 
4.57343 3.86400 
4.57464 3.86500 
4.57585 3.86600 
4.57706 3.86700 
4.57827 3.86800 
4.57948 3.86900 
4.58069 3.87000 
4.58190 3.87100 
4.58311 3.87200 
4.58432 3.87300 
4.58553 3.87400 
4.58675 3.87500 
4.58796 3.87600 
4.58917 3.87700 
4.59038 3.87800 
4.59159 3.87900 
4.59280 3.88000 
4.59401 3.88100 
4.59522 3.88200 
4.59643 3.88300 
4.59764 3.88400 
4.59886 3.88500 
4.60007 3.88600 
4.60128 3.88700 
4.60249 3.88800 
4.60370 3.88900 
4.60491 3.89000 
4.60612 3.89100 
4.60733 3.89200 
4.60854 3.89300 
4.60975 3.89400 
4.61096 3.89500 
4.61218 3.89600 
4.61339 3.89700 
4.61460 3.89800 
4.61581 3.89900 
4.61702 3.90000 
4.61823 3.90100 
4.61944 3.90200 
4.62065 3.90300 
4.62186 3.90400 
4.62307 3.90500 
4.62428 3.90600 
4.62550 3.90700 
4.62671 3.90800 
4.62792 3.90900 
4.62913 3.91000 
4.63034 3.91100 
4.63155 3.91200 
4.63276 3.91300 
4.63397 3.91400 
4.63518 3.91500 
4.63639 3.91600 
4.63760 3.91700 
4.63882 3.91800 
4.64003 3.91900 
4.64124 3.92000 
4.64245 3.92100 
4.64366 3.92200 
4.64487 3.92300 
4.64608 3.92400 
4.64729 3.92500 
4.64850 3.92600 
4.64971 3.92700 
4.65093 3.92800 
4.65214 3.92900 
4.65335 3.93000 
4.65456 3.93100 
4.65577 3.93200 
4.65698 3.93300 
4.65819 3.93400 
4.65940 3.93500 
4.66061 3.93600 
4.66182 3.93700 
4.66303 3.93800 
4.66425 3.93900 
4.66546 3.94000 
4.66667 3.94100 
4.66788 3.94200 
4.66909 3.94300 
4.67030 3.94400 
4.67151 3.94500 
4.67272 3.94600 
4.67393 3.94700 
4.67514 3.94800 
4.67635 3.94900 
4.67757 3.95000 
4.67878 3.95100 
4.67999 3.95200 
4.68120 3.95300 
4.68241 3.95400 
4.68362 3.95500 
4.68483 3.95600 
4.68604 3.95700 
4.68725 3.95800 
4.68846 3.95900 
4.68967 3.96000 
4.69089 3.96100 
4.69210 3.96200 
4.69331 3.96300 
4.69452 3.96400 
4.69573 3.96500 
4.69694 3.96600 
4.69815 3.96700 
4.69936 3.96800 
4.70057 3.96900 
4.70178 3.97000 
4.70299 3.97100 
4.70421 3.97200 
4.70542 3.97300 
4.70663 3.97400 
4.70784 3.97500 
4.70905 3.97600 
4.71026 3.97700 
4.71147 3.97800 
4.71268 3.97900 
4.71389 3.98000 
4.71510 3.98100 
4.71632 3.98200 
4.71753 3.98300 
4.71874 3.98400 
4.71995 3.98500 
4.72116 3.98600 
4.72237 3.98700 
4.72358 3.98800 
4.72479 3.98900 
4.72600 3.99000 
4.72721 3.99100 
4.72842 3.99200 
4.72964 3.99300 
4.73085 3.99400 
4.73206 3.99500 
4.73327 3.99600 
4.73448 3.99700 
4.73569 3.99800 
4.73690 3.99900 
4.73811 4.00000 
4.73932 4.00100 
4.74053 4.00200 
4.74174 4.00300 
4.74296 4.00400 
4.74417 4.00500 
4.74538 4.00600 
4.74659 4.00700 
4.74780 4.00800 
4.74901 4.00900 
4.75022 4.01000 
4.75143 4.01100 
4.75264 4.01200 
4.75385 4.01300 
4.75506 4.01400 
4.75628 4.01500 
4.75749 4.01600 
4.75870 4.01700 
4.75991 4.01800 
4.76112 4.01900 
4.76233 4.02000 
4.76354 4.02100 
4.76475 4.02200 
4.76596 4.02300 
4.76717 4.02400 
4.76839 4.02500 
4.76960 4.02600 
4.77081 4.02700 
4.77202 4.02800 
4.77323 4.02900 
4.77444 4.03000 
4.77565 4.03100 
4.77686 4.03200 
4.77807 4.03300 
4.77928 4.03400 
4.78049 4.03500 
4.78171 4.03600 
4.78292 4.03700 
4.78413 4.03800 
4.78534 4.03900 
4.78655 4.04000 
4.78776 4.04100 
4.78897 4.04200 
4.79018 4.04300 
4.79139 4.04400 
4.79260 4.04500 
4.79381 4.04600 
4.79503 4.04700 
4.79624 4.04800 
4.79745 4.04900 
4.79866 4.05000 
4.79987 4.05100 
4.80108 4.05200 
4.80229 4.05300 
4.80350 4.05400 
4.80471 4.05500 
4.80592 4.05600 
4.80713 4.05700 
4.80835 4.05800 
4.80956 4.05900 
4.81077 4.06000 
4.81198 4.06100 
4.81319 4.06200 
4.81440 4.06300 
4.81561 4.06400 
4.81682 4.06500 
4.81803 4.06600 
4.81924 4.06700 
4.82046 4.06800 
4.82167 4.06900 
4.82288 4.07000 
4.82409 4.07100 
4.82530 4.07200 
4.82651 4.07300 
4.82772 4.07400 
4.82893 4.07500 
4.83014 4.07600 
4.83135 4.07700 
4.83256 4.07800 
4.83378 4.07900 
4.83499 4.08000 
4.83620 4.08100 
4.83741 4.08200 
4.83862 4.08300 
4.83983 4.08400 
4.84104 4.08500 
4.84225 4.08600 
4.84346 4.08700 
4.84467 4.08800 
4.84588 4.08900 
4.84710 4.09000 
4.84831 4.09100 
4.84952 4.09200 
4.85073 4.09300 
4.85194 4.09400 
4.85315 4.09500 
4.85436 4.09600 
4.85557 4.09700 
4.85678 4.09800 
4.85799 4.09900 
4.85920 4.10000 
4.86042 4.10100 
4.86163 4.10200 
4.86284 4.10300 
4.86405 4.10400 
4.86526 4.10500 
4.86647 4.10600 
4.86768 4.10700 
4.86889 4.10800 
4.87010 4.10900 
4.87131 4.11000 
4.87252 4.11100 
4.87374 4.11200 
4.87495 4.11300 
4.87616 4.11400 
4.87737 4.11500 
4.87858 4.11600 
4.87979 4.11700 
4.88100 4.11800 
4.88221 4.11900 
4.88342 4.12000 
4.88463 4.12100 
4.88585 4.12200 
4.88706 4.12300 
4.88827 4.12400 
4.88948 4.12500 
4.89069 4.12600 
4.89190 4.12700 
4.89311 4.12800 
4.89432 4.12900 
4.89553 4.13000 
4.89674 4.13100 
4.89795 4.13200 
4.89917 4.13300 
4.90038 4.13400 
4.90159 4.13500 
4.90280 4.13600 
4.90401 4.13700 
4.90522 4.13800 
4.90643 4.13900 
4.90764 4.14000 
4.90885 4.14100 
4.91006 4.14200 
4.91127 4.14300 
4.91249 4.14400 
4.91370 4.14500 
4.91491 4.14600 
4.91612 4.14700 
4.91733 4.14800 
4.91854 4.14900 
4.91975 4.15000 
4.92096 4.15100 
4.92217 4.15200 
4.92338 4.15300 
4.92459 4.15400 
4.92581 4.15500 
4.92702 4.15600 
4.92823 4.15700 
4.92944 4.15800 
4.93065 4.15900 
4.93186 4.16000 
4.93307 4.16100 
4.93428 4.16200 
4.93549 4.16300 
4.93670 4.16400 
4.93792 4.16500 
4.93913 4.16600 
4.94034 4.16700 
4.94155 4.16800 
4.94276 4.16900 
4.94397 4.17000 
4.94518 4.17100 
4.94639 4.17200 
4.94760 4.17300 
4.94881 4.17400 
4.95002 4.17500 
4.95124 4.17600 
4.95245 4.17700 
4.95366 4.17800 
4.95487 4.17900 
4.95608 4.18000 
4.95729 4.18100 
4.95850 4.18200 
4.95971 4.18300 
4.96092 4.18400 
4.96213 4.18500 
4.96334 4.18600 
4.96456 4.18700 
4.96577 4.18800 
4.96698 4.18900 
4.96819 4.19000 
4.96940 4.19100 
4.97061 4.19200 
4.97182 4.19300 
4.97303 4.19400 
4.97424 4.19500 
4.97545 4.19600 
4.97666 4.19700 
4.97788 4.19800 
4.97909 4.19900 
4.98030 4.20000 
4.98151 4.20100 
4.98272 4.20200 
4.98393 4.20300 
4.98514 4.20400 
4.98635 4.20500 
4.98756 4.20600 
4.98877 4.20700 
4.98999 4.20800 
4.99120 4.20900 
4.99241 4.21000 
4.99362 4.21100 
4.99483 4.21200 
4.99604 4.21300 
4.99725 4.21400 
4.99846 4.21500 
4.99967 4.21600 
5.00088 4.21700 
5.00209 4.21800 
5.00331 4.21900 
5.00452 4.22000 
5.00573 4.22100 
5.00694 4.22200 
5.00815 4.22300 
5.00936 4.22400 
5.01057 4.22500 
5.01178 4.22600 
5.01299 4.22700 
5.01420 4.22800 
5.01541 4.22900 
5.01663 4.23000 
5.01784 4.23100 
5.01905 4.23200 
5.02026 4.23300 
5.02147 4.23400 
5.02268 4.23500 
5.02389 4.23600 
5.02510 4.23700 
5.02631 4.23800 
5.02752 4.23900 
5.02873 4.24000 
5.02995 4.24100 
5.03116 4.24200 
5.03237 4.24300 
5.03358 4.24400 
5.03479 4.24500 
5.03600 4.24600 
5.03721 4.24700 
5.03842 4.24800 
5.03963 4.24900 
5.04084 4.25000 
5.04205 4.25100 
5.04327 4.25200 
5.04448 4.25300 
5.04569 4.25400 
5.04690 4.25500 
5.04811 4.25600 
5.04932 4.25700 
5.05053 4.25800 
5.05174 4.25900 
5.05295 4.26000 
5.05416 4.26100 
5.05538 4.26200 
5.05659 4.26300 
5.05780 4.26400 
5.05901 4.26500 
5.06022 4.26600 
5.06143 4.26700 
5.06264 4.26800 
5.06385 4.26900 
5.06506 4.27000 
5.06627 4.27100 
5.06748 4.27200 
5.06870 4.27300 
5.06991 4.27400 
5.07112 4.27500 
5.07233 4.27600 
5.07354 4.27700 
5.07475 4.27800 
5.07596 4.27900 
5.07717 4.28000 
5.07838 4.28100 
5.07959 4.28200 
5.08080 4.28300 
5.08202 4.28400 
5.08323 4.28500 
5.08444 4.28600 
5.08565 4.28700 
5.08686 4.28800 
5.08807 4.28900 
5.08928 4.29000 
5.09049 4.29100 
5.09170 4.29200 
5.09291 4.29300 
5.09412 4.29400 
5.09534 4.29500 
5.09655 4.29600 
5.09776 4.29700 
5.09897 4.29800 
5.10018 4.29900 
5.10139 4.30000 
5.10260 4.30100 
5.10381 4.30200 
5.10502 4.30300 
5.10623 4.30400 
5.10745 4.30500 
5.10866 4.30600 
5.10987 4.30700 
5.11108 4.30800 
5.11229 4.30900 
5.11350 4.31000 
5.11471 4.31100 
5.11592 4.31200 
5.11713 4.31300 
5.11834 4.31400 
5.11955 4.31500 
5.12077 4.31600 
5.12198 4.31700 
5.12319 4.31800 
5.12440 4.31900 
5.12561 4.32000 
5.12682 4.32100 
5.12803 4.32200 
5.12924 4.32300 
5.13045 4.32400 
5.13166 4.32500 
5.13287 4.32600 
5.13409 4.32700 
5.13530 4.32800 
5.13651 4.32900 
5.13772 4.33000 
5.13893 4.33100 
5.14014 4.33200 
5.14135 4.33300 
5.14256 4.33400 
5.14377 4.33500 
5.14498 4.33600 
5.14619 4.33700 
5.14741 4.33800 
5.14862 4.33900 
5.14983 4.34000 
5.15104 4.34100 
5.15225 4.34200 
5.15346 4.34300 
5.15467 4.34400 
5.15588 4.34500 
5.15709 4.34600 
5.15830 4.34700 
5.15952 4.34800 
5.16073 4.34900 
5.16194 4.35000 
5.16315 4.35100 
5.16436 4.35200 
5.16557 4.35300 
5.16678 4.35400 
5.16799 4.35500 
5.16920 4.35600 
5.17041 4.35700 
5.17162 4.35800 
5.17284 4.35900 
5.17405 4.36000 
5.17526 4.36100 
5.17647 4.36200 
5.17768 4.36300 
5.17889 4.36400 
5.18010 4.36500 
5.18131 4.36600 
5.18252 4.36700 
5.18373 4.36800 
5.18494 4.36900 
5.18616 4.37000 
5.18737 4.37100 
5.18858 4.37200 
5.18979 4.37300 
5.19100 4.37400 
5.19221 4.37500 
5.19342 4.37600 
5.19463 4.37700 
5.19584 4.37800 
5.19705 4.37900 
5.19826 4.38000 
5.19948 4.38100 
5.20069 4.38200 
5.20190 4.38300 
5.20311 4.38400 
5.20432 4.38500 
5.20553 4.38600 
5.20674 4.38700 
5.20795 4.38800 
5.20916 4.38900 
5.21037 4.39000 
5.21159 4.39100 
5.21280 4.39200 
5.21401 4.39300 
5.21522 4.39400 
5.21643 4.39500 
5.21764 4.39600 
5.21885 4.39700 
5.22006 4.39800 
5.22127 4.39900 
5.22248 4.40000 
5.22369 4.40100 
5.22491 4.40200 
5.22612 4.40300 
5.22733 4.40400 
5.22854 4.40500 
5.22975 4.40600 
5.23096 4.40700 
5.23217 4.40800 
5.23338 4.40900 
5.23459 4.41000 
5.23580 4.41100 
5.23701 4.41200 
5.23823 4.41300 
5.23944 4.41400 
5.24065 4.41500 
5.24186 4.41600 
5.24307 4.41700 
5.24428 4.41800 
5.24549 4.41900 
5.24670 4.42000 
5.24791 4.42100 
5.24912 4.42200 
5.25033 4.42300 
5.25155 4.42400 
5.25276 4.42500 
5.25397 4.42600 
5.25518 4.42700 
5.25639 4.42800 
5.25760 4.42900 
5.25881 4.43000 
5.26002 4.43100 
5.26123 4.43200 
5.26244 4.43300 
5.26365 4.43400 
5.26487 4.43500 
5.26608 4.43600 
5.26729 4.43700 
5.26850 4.43800 
5.26971 4.43900 
5.27092 4.44000 
5.27213 4.44100 
5.27334 4.44200 
5.27455 4.44300 
5.27576 4.44400 
5.27698 4.44500 
5.27819 4.44600 
5.27940 4.44700 
5.28061 4.44800 
5.28182 4.44900 
5.28303 4.45000 
5.28424 4.45100 
5.28545 4.45200 
5.28666 4.45300 
5.28787 4.45400 
5.28908 4.45500 
5.29030 4.45600 
5.29151 4.45700 
5.29272 4.45800 
5.29393 4.45900 
5.29514 4.46000 
5.29635 4.46100 
5.29756 4.46200 
5.29877 4.46300 
5.29998 4.46400 
5.30119 4.46500 
5.30240 4.46600 
5.30362 4.46700 
5.30483 4.46800 
5.30604 4.46900 
5.30725 4.47000 
5.30846 4.47100 
5.30967 4.47200 
5.31088 4.47300 
5.31209 4.47400 
5.31330 4.47500 
5.31451 4.47600 
5.31572 4.47700 
5.31694 4.47800 
5.31815 4.47900 
5.31936 4.48000 
5.32057 4.48100 
5.32178 4.48200 
5.32299 4.48300 
5.32420 4.48400 
5.32541 4.48500 
5.32662 4.48600 
5.32783 4.48700 
5.32905 4.48800 
5.33026 4.48900 
5.33147 4.49000 
5.33268 4.49100 
5.33389 4.49200 
5.33510 4.49300 
5.33631 4.49400 
5.33752 4.49500 
5.33873 4.49600 
5.33994 4.49700 
5.34115 4.49800 
5.34237 4.49900 
5.34358 4.50000 
5.34479 4.50100 
5.34600 4.50200 
5.34721 4.50300 
5.34842 4.50400 
5.34963 4.50500 
5.35084 4.50600 
5.35205 4.50700 
5.35326 4.50800 
5.35447 4.50900 
5.35569 4.51000 
5.35690 4.51100 
5.35811 4.51200 
5.35932 4.51300 
5.36053 4.51400 
5.36174 4.51500 
5.36295 4.51600 
5.36416 4.51700 
5.36537 4.51800 
5.36658 4.51900 
5.36779 4.52000 
5.36901 4.52100 
5.37022 4.52200 
5.37143 4.52300 
5.37264 4.52400 
5.37385 4.52500 
5.37506 4.52600 
5.37627 4.52700 
5.37748 4.52800 
5.37869 4.52900 
5.37990 4.53000 
5.38112 4.53100 
5.38233 4.53200 
5.38354 4.53300 
5.38475 4.53400 
5.38596 4.53500 
5.38717 4.53600 
5.38838 4.53700 
5.38959 4.53800 
5.39080 4.53900 
5.39201 4.54000 
5.39322 4.54100 
5.39444 4.54200 
5.39565 4.54300 
5.39686 4.54400 
5.39807 4.54500 
5.39928 4.54600 
5.40049 4.54700 
5.40170 4.54800 
5.40291 4.54900 
5.40412 4.55000 
5.40533 4.55100 
5.40654 4.55200 
5.40776 4.55300 
5.40897 4.55400 
5.41018 4.55500 
5.41139 4.55600 
5.41260 4.55700 
5.41381 4.55800 
5.41502 4.55900 
5.41623 4.56000 
5.41744 4.56100 
5.41865 4.56200 
5.41986 4.56300 
5.42108 4.56400 
5.42229 4.56500 
5.42350 4.56600 
5.42471 4.56700 
5.42592 4.56800 
5.42713 4.56900 
5.42834 4.57000 
5.42955 4.57100 
5.43076 4.57200 
5.43197 4.57300 
5.43318 4.57400 
5.43440 4.57500 
5.43561 4.57600 
5.43682 4.57700 
5.43803 4.57800 
5.43924 4.57900 
5.44045 4.58000 
5.44166 4.58100 
5.44287 4.58200 
5.44408 4.58300 
5.44529 4.58400 
5.44651 4.58500 
5.44772 4.58600 
5.44893 4.58700 
5.45014 4.58800 
5.45135 4.58900 
5.45256 4.59000 
5.45377 4.59100 
5.45498 4.59200 
5.45619 4.59300 
5.45740 4.59400 
5.45861 4.59500 
5.45983 4.59600 
5.46104 4.59700 
5.46225 4.59800 
5.46346 4.59900 
5.46467 4.60000 
5.46588 4.60100 
5.46709 4.60200 
5.46830 4.60300 
5.46951 4.60400 
5.47072 4.60500 
5.47193 4.60600 
5.47315 4.60700 
5.47436 4.60800 
5.47557 4.60900 
5.47678 4.61000 
5.47799 4.61100 
5.47920 4.61200 
5.48041 4.61300 
5.48162 4.61400 
5.48283 4.61500 
5.48404 4.61600 
5.48525 4.61700 
5.48647 4.61800 
5.48768 4.61900 
5.48889 4.62000 
5.49010 4.62100 
5.49131 4.62200 
5.49252 4.62300 
5.49373 4.62400 
5.49494 4.62500 
5.49615 4.62600 
5.49736 4.62700 
5.49858 4.62800 
5.49979 4.62900 
5.50100 4.63000 
5.50221 4.63100 
5.50342 4.63200 
5.50463 4.63300 
5.50584 4.63400 
5.50705 4.63500 
5.50826 4.63600 
5.50947 4.63700 
5.51068 4.63800 
5.51190 4.63900 
5.51311 4.64000 
5.51432 4.64100 
5.51553 4.64200 
5.51674 4.64300 
5.51795 4.64400 
5.51916 4.64500 
5.52037 4.64600 
5.52158 4.64700 
5.52279 4.64800 
5.52400 4.64900 
5.52522 4.65000 
5.52643 4.65100 
5.52764 4.65200 
5.52885 4.65300 
5.53006 4.65400 
5.53127 4.65500 
5.53248 4.65600 
5.53369 4.65700 
5.53490 4.65800 
5.53611 4.65900 
5.53732 4.66000 
5.53854 4.66100 
5.53975 4.66200 
5.54096 4.66300 
5.54217 4.66400 
5.54338 4.66500 
5.54459 4.66600 
5.54580 4.66700 
5.54701 4.66800 
5.54822 4.66900 
5.54943 4.67000 
5.55065 4.67100 
5.55186 4.67200 
5.55307 4.67300 
5.55428 4.67400 
5.55549 4.67500 
5.55670 4.67600 
5.55791 4.67700 
5.55912 4.67800 
5.56033 4.67900 
5.56154 4.68000 
5.56275 4.68100 
5.56397 4.68200 
5.56518 4.68300 
5.56639 4.68400 
5.56760 4.68500 
5.56881 4.68600 
5.57002 4.68700 
5.57123 4.68800 
5.57244 4.68900 
5.57365 4.69000 
5.57486 4.69100 
5.57607 4.69200 
5.57729 4.69300 
5.57850 4.69400 
5.57971 4.69500 
5.58092 4.69600 
5.58213 4.69700 
5.58334 4.69800 
5.58455 4.69900 
5.58576 4.70000 
5.58697 4.70100 
5.58818 4.70200 
5.58939 4.70300 
5.59061 4.70400 
5.59182 4.70500 
5.59303 4.70600 
5.59424 4.70700 
5.59545 4.70800 
5.59666 4.70900 
5.59787 4.71000 
5.59908 4.71100 
5.60029 4.71200 
5.60150 4.71300 
5.60271 4.71400 
5.60393 4.71500 
5.60514 4.71600 
5.60635 4.71700 
5.60756 4.71800 
5.60877 4.71900 
5.60998 4.72000 
5.61119 4.72100 
5.61240 4.72200 
5.61361 4.72300 
5.61482 4.72400 
5.61604 4.72500 
5.61725 4.72600 
5.61846 4.72700 
5.61967 4.72800 
5.62088 4.72900 
5.62209 4.73000 
5.62330 4.73100 
5.62451 4.73200 
5.62572 4.73300 
5.62693 4.73400 
5.62814 4.73500 
5.62936 4.73600 
5.63057 4.73700 
5.63178 4.73800 
5.63299 4.73900 
5.63420 4.74000 
5.63541 4.74100 
5.63662 4.74200 
5.63783 4.74300 
5.63904 4.74400 
5.64025 4.74500 
5.64146 4.74600 
5.64268 4.74700 
5.64389 4.74800 
5.64510 4.74900 
5.64631 4.75000 
5.64752 4.75100 
5.64873 4.75200 
5.64994 4.75300 
5.65115 4.75400 
5.65236 4.75500 
5.65357 4.75600 
5.65478 4.75700 
5.65600 4.75800 
5.65721 4.75900 
5.65842 4.76000 
5.65963 4.76100 
5.66084 4.76200 
5.66205 4.76300 
5.66326 4.76400 
5.66447 4.76500 
5.66568 4.76600 
5.66689 4.76700 
5.66811 4.76800 
5.66932 4.76900 
5.67053 4.77000 
5.67174 4.77100 
5.67295 4.77200 
5.67416 4.77300 
5.67537 4.77400 
5.67658 4.77500 
5.67779 4.77600 
5.67900 4.77700 
5.68021 4.77800 
5.68143 4.77900 
5.68264 4.78000 
5.68385 4.78100 
5.68506 4.78200 
5.68627 4.78300 
5.68748 4.78400 
5.68869 4.78500 
5.68990 4.78600 
5.69111 4.78700 
5.69232 4.78800 
5.69353 4.78900 
5.69475 4.79000 
5.69596 4.79100 
5.69717 4.79200 
5.69838 4.79300 
5.69959 4.79400 
5.70080 4.79500 
5.70201 4.79600 
5.70322 4.79700 
5.70443 4.79800 
5.70564 4.79900 
5.70685 4.80000 
5.70807 4.80100 
5.70928 4.80200 
5.71049 4.80300 
5.71170 4.80400 
5.71291 4.80500 
5.71412 4.80600 
5.71533 4.80700 
5.71654 4.80800 
5.71775 4.80900 
5.71896 4.81000 
5.72018 4.81100 
5.72139 4.81200 
5.72260 4.81300 
5.72381 4.81400 
5.72502 4.81500 
5.72623 4.81600 
5.72744 4.81700 
5.72865 4.81800 
5.72986 4.81900 
5.73107 4.82000 
5.73228 4.82100 
5.73350 4.82200 
5.73471 4.82300 
5.73592 4.82400 
5.73713 4.82500 
5.73834 4.82600 
5.73955 4.82700 
5.74076 4.82800 
5.74197 4.82900 
5.74318 4.83000 
5.74439 4.83100 
5.74560 4.83200 
5.74682 4.83300 
5.74803 4.83400 
5.74924 4.83500 
5.75045 4.83600 
5.75166 4.83700 
5.75287 4.83800 
5.75408 4.83900 
5.75529 4.84000 
5.75650 4.84100 
5.75771 4.84200 
5.75892 4.84300 
5.76014 4.84400 
5.76135 4.84500 
5.76256 4.84600 
5.76377 4.84700 
5.76498 4.84800 
5.76619 4.84900 
5.76740 4.85000 
5.76861 4.85100 
5.76982 4.85200 
5.77103 4.85300 
5.77224 4.85400 
5.77346 4.85500 
5.77467 4.85600 
5.77588 4.85700 
5.77709 4.85800 
5.77830 4.85900 
5.77951 4.86000 
5.78072 4.86100 
5.78193 4.86200 
5.78314 4.86300 
5.78435 4.86400 
5.78557 4.86500 
5.78678 4.86600 
5.78799 4.86700 
5.78920 4.86800 
5.79041 4.86900 
5.79162 4.87000 
5.79283 4.87100 
5.79404 4.87200 
5.79525 4.87300 
5.79646 4.87400 
5.79767 4.87500 
5.79889 4.87600 
5.80010 4.87700 
5.80131 4.87800 
5.80252 4.87900 
5.80373 4.88000 
5.80494 4.88100 
5.80615 4.88200 
5.80736 4.88300 
5.80857 4.88400 
5.80978 4.88500 
5.81099 4.88600 
5.81221 4.88700 
5.81342 4.88800 
5.81463 4.88900 
5.81584 4.89000 
5.81705 4.89100 
5.81826 4.89200 
5.81947 4.89300 
5.82068 4.89400 
5.82189 4.89500 
5.82310 4.89600 
5.82431 4.89700 
5.82553 4.89800 
5.82674 4.89900 
5.82795 4.90000 
5.82916 4.90100 
5.83037 4.90200 
5.83158 4.90300 
5.83279 4.90400 
5.83400 4.90500 
5.83521 4.90600 
5.83642 4.90700 
5.83764 4.90800 
5.83885 4.90900 
5.84006 4.91000 
5.84127 4.91100 
5.84248 4.91200 
5.84369 4.91300 
5.84490 4.91400 
5.84611 4.91500 
5.84732 4.91600 
5.84853 4.91700 
5.84974 4.91800 
5.85096 4.91900 
5.85217 4.92000 
5.85338 4.92100 
5.85459 4.92200 
5.85580 4.92300 
5.85701 4.92400 
5.85822 4.92500 
5.85943 4.92600 
5.86064 4.92700 
5.86185 4.92800 
5.86306 4.92900 
5.86428 4.93000 
5.86549 4.93100 
5.86670 4.93200 
5.86791 4.93300 
5.86912 4.93400 
5.87033 4.93500 
5.87154 4.93600 
5.87275 4.93700 
5.87396 4.93800 
5.87517 4.93900 
5.87638 4.94000 
5.87760 4.94100 
5.87881 4.94200 
5.88002 4.94300 
5.88123 4.94400 
5.88244 4.94500 
5.88365 4.94600 
5.88486 4.94700 
5.88607 4.94800 
5.88728 4.94900 
5.88849 4.95000 
5.88971 4.95100 
5.89092 4.95200 
5.89213 4.95300 
5.89334 4.95400 
5.89455 4.95500 
5.89576 4.95600 
5.89697 4.95700 
5.89818 4.95800 
5.89939 4.95900 
5.90060 4.96000 
5.90181 4.96100 
5.90303 4.96200 
5.90424 4.96300 
5.90545 4.96400 
5.90666 4.96500 
5.90787 4.96600 
5.90908 4.96700 
5.91029 4.96800 
5.91150 4.96900 
5.91271 4.97000 
5.91392 4.97100 
5.91513 4.97200 
5.91635 4.97300 
5.91756 4.97400 
5.91877 4.97500 
5.91998 4.97600 
5.92119 4.97700 
5.92240 4.97800 
5.92361 4.97900 
5.92482 4.98000 
5.92603 4.98100 
5.92724 4.98200 
5.92845 4.98300 
5.92967 4.98400 
5.93088 4.98500 
5.93209 4.98600 
5.93330 4.98700 
5.93451 4.98800 
5.93572 4.98900 
5.93693 4.99000 
5.93814 4.99100 
5.93935 4.99200 
5.94056 4.99300 
5.94177 4.99400 
5.94299 4.99500 
5.94420 4.99600 
5.94541 4.99700 
5.94662 4.99800 
5.94783 4.99900 
