0.00000 0.00000 
0.00003 0.00100 
0.00013 0.00200 
0.00029 0.00300 
0.00052 0.00400 
0.00080 0.00500 
0.00115 0.00600 
0.00156 0.00700 
0.00203 0.00800 
0.00256 0.00900 
0.00315 0.01000 
0.00380 0.01100 
0.00450 0.01200 
0.00527 0.01300 
0.00609 0.01400 
0.00696 0.01500 
0.00789 0.01600 
0.00887 0.01700 
0.00991 0.01800 
0.01100 0.01900 
0.01214 0.02000 
0.01334 0.02100 
0.01459 0.02200 
0.01588 0.02300 
0.01723 0.02400 
0.01863 0.02500 
0.02008 0.02600 
0.02157 0.02700 
0.02312 0.02800 
0.02471 0.02900 
0.02634 0.03000 
0.02803 0.03100 
0.02976 0.03200 
0.03153 0.03300 
0.03335 0.03400 
0.03522 0.03500 
0.03713 0.03600 
0.03908 0.03700 
0.04107 0.03800 
0.04311 0.03900 
0.04519 0.04000 
0.04731 0.04100 
0.04947 0.04200 
0.05167 0.04300 
0.05391 0.04400 
0.05619 0.04500 
0.05851 0.04600 
0.06087 0.04700 
0.06327 0.04800 
0.06570 0.04900 
0.06817 0.05000 
0.07068 0.05100 
0.07322 0.05200 
0.07581 0.05300 
0.07842 0.05400 
0.08107 0.05500 
0.08376 0.05600 
0.08648 0.05700 
0.08924 0.05800 
0.09203 0.05900 
0.09485 0.06000 
0.09770 0.06100 
0.10059 0.06200 
0.10351 0.06300 
0.10646 0.06400 
0.10944 0.06500 
0.11246 0.06600 
0.11550 0.06700 
0.11858 0.06800 
0.12168 0.06900 
0.12481 0.07000 
0.12798 0.07100 
0.13117 0.07200 
0.13439 0.07300 
0.13764 0.07400 
0.14092 0.07500 
0.14423 0.07600 
0.14756 0.07700 
0.15092 0.07800 
0.15430 0.07900 
0.15772 0.08000 
0.16116 0.08100 
0.16462 0.08200 
0.16811 0.08300 
0.17163 0.08400 
0.17517 0.08500 
0.17873 0.08600 
0.18232 0.08700 
0.18594 0.08800 
0.18958 0.08900 
0.19324 0.09000 
0.19692 0.09100 
0.20063 0.09200 
0.20436 0.09300 
0.20811 0.09400 
0.21189 0.09500 
0.21569 0.09600 
0.21950 0.09700 
0.22335 0.09800 
0.22721 0.09900 
0.23109 0.10000 
0.23499 0.10100 
0.23892 0.10200 
0.24286 0.10300 
0.24683 0.10400 
0.25081 0.10500 
0.25482 0.10600 
0.25884 0.10700 
0.26288 0.10800 
0.26694 0.10900 
0.27102 0.11000 
0.27512 0.11100 
0.27924 0.11200 
0.28338 0.11300 
0.28753 0.11400 
0.29170 0.11500 
0.29589 0.11600 
0.30009 0.11700 
0.30432 0.11800 
0.30856 0.11900 
0.31281 0.12000 
0.31709 0.12100 
0.32137 0.12200 
0.32568 0.12300 
0.33000 0.12400 
0.33434 0.12500 
0.33869 0.12600 
0.34306 0.12700 
0.34744 0.12800 
0.35184 0.12900 
0.35626 0.13000 
0.36068 0.13100 
0.36513 0.13200 
0.36958 0.13300 
0.37405 0.13400 
0.37854 0.13500 
0.38304 0.13600 
0.38755 0.13700 
0.39208 0.13800 
0.39662 0.13900 
0.40117 0.14000 
0.40574 0.14100 
0.41032 0.14200 
0.41491 0.14300 
0.41952 0.14400 
0.42413 0.14500 
0.42876 0.14600 
0.43341 0.14700 
0.43806 0.14800 
0.44273 0.14900 
0.44741 0.15000 
0.45210 0.15100 
0.45680 0.15200 
0.46151 0.15300 
0.46623 0.15400 
0.47097 0.15500 
0.47572 0.15600 
0.48047 0.15700 
0.48524 0.15800 
0.49002 0.15900 
0.49481 0.16000 
0.49961 0.16100 
0.50442 0.16200 
0.50924 0.16300 
0.51407 0.16400 
0.51891 0.16500 
0.52376 0.16600 
0.52862 0.16700 
0.53349 0.16800 
0.53837 0.16900 
0.54326 0.17000 
0.54816 0.17100 
0.55307 0.17200 
0.55798 0.17300 
0.56291 0.17400 
0.56784 0.17500 
0.57279 0.17600 
0.57774 0.17700 
0.58270 0.17800 
0.58767 0.17900 
0.59265 0.18000 
0.59763 0.18100 
0.60262 0.18200 
0.60763 0.18300 
0.61264 0.18400 
0.61765 0.18500 
0.62268 0.18600 
0.62771 0.18700 
0.63275 0.18800 
0.63780 0.18900 
0.64286 0.19000 
0.64792 0.19100 
0.65299 0.19200 
0.65807 0.19300 
0.66316 0.19400 
0.66825 0.19500 
0.67335 0.19600 
0.67846 0.19700 
0.68357 0.19800 
0.68869 0.19900 
0.69382 0.20000 
0.69895 0.20100 
0.70409 0.20200 
0.70924 0.20300 
0.71439 0.20400 
0.71955 0.20500 
0.72471 0.20600 
0.72989 0.20700 
0.73506 0.20800 
0.74025 0.20900 
0.74544 0.21000 
0.75063 0.21100 
0.75583 0.21200 
0.76104 0.21300 
0.76625 0.21400 
0.77147 0.21500 
0.77670 0.21600 
0.78192 0.21700 
0.78716 0.21800 
0.79240 0.21900 
0.79764 0.22000 
0.80290 0.22100 
0.80815 0.22200 
0.81341 0.22300 
0.81868 0.22400 
0.82395 0.22500 
0.82923 0.22600 
0.83451 0.22700 
0.83979 0.22800 
0.84508 0.22900 
0.85038 0.23000 
0.85568 0.23100 
0.86098 0.23200 
0.86629 0.23300 
0.87160 0.23400 
0.87692 0.23500 
0.88225 0.23600 
0.88757 0.23700 
0.89290 0.23800 
0.89824 0.23900 
0.90358 0.24000 
0.90892 0.24100 
0.91427 0.24200 
0.91962 0.24300 
0.92498 0.24400 
0.93034 0.24500 
0.93570 0.24600 
0.94107 0.24700 
0.94644 0.24800 
0.95182 0.24900 
0.95720 0.25000 
0.96258 0.25100 
0.96797 0.25200 
0.97336 0.25300 
0.97875 0.25400 
0.98415 0.25500 
0.98955 0.25600 
0.99495 0.25700 
1.00036 0.25800 
1.00577 0.25900 
1.01119 0.26000 
1.01660 0.26100 
1.02203 0.26200 
1.02745 0.26300 
1.03288 0.26400 
1.03831 0.26500 
1.04374 0.26600 
1.04918 0.26700 
1.05462 0.26800 
1.06006 0.26900 
1.06551 0.27000 
1.07096 0.27100 
1.07641 0.27200 
1.08186 0.27300 
1.08732 0.27400 
1.09278 0.27500 
1.09825 0.27600 
1.10371 0.27700 
1.10918 0.27800 
1.11465 0.27900 
1.12013 0.28000 
1.12560 0.28100 
1.13108 0.28200 
1.13657 0.28300 
1.14205 0.28400 
1.14754 0.28500 
1.15303 0.28600 
1.15852 0.28700 
1.16401 0.28800 
1.16951 0.28900 
1.17501 0.29000 
1.18051 0.29100 
1.18601 0.29200 
1.19152 0.29300 
1.19703 0.29400 
1.20254 0.29500 
1.20805 0.29600 
1.21357 0.29700 
1.21908 0.29800 
1.22460 0.29900 
1.23013 0.30000 
1.23565 0.30100 
1.24118 0.30200 
1.24670 0.30300 
1.25223 0.30400 
1.25776 0.30500 
1.26330 0.30600 
1.26883 0.30700 
1.27437 0.30800 
1.27991 0.30900 
1.28545 0.31000 
1.29100 0.31100 
1.29654 0.31200 
1.30209 0.31300 
1.30764 0.31400 
1.31319 0.31500 
1.31874 0.31600 
1.32429 0.31700 
1.32985 0.31800 
1.33541 0.31900 
1.34097 0.32000 
1.34653 0.32100 
1.35209 0.32200 
1.35765 0.32300 
1.36322 0.32400 
1.36879 0.32500 
1.37436 0.32600 
1.37993 0.32700 
1.38550 0.32800 
1.39107 0.32900 
1.39665 0.33000 
1.40223 0.33100 
1.40780 0.33200 
1.41338 0.33300 
1.41896 0.33400 
1.42455 0.33500 
1.43013 0.33600 
1.43572 0.33700 
1.44130 0.33800 
1.44689 0.33900 
1.45248 0.34000 
1.45807 0.34100 
1.46366 0.34200 
1.46925 0.34300 
1.47485 0.34400 
1.48045 0.34500 
1.48604 0.34600 
1.49164 0.34700 
1.49724 0.34800 
1.50284 0.34900 
1.50844 0.35000 
1.51405 0.35100 
1.51965 0.35200 
1.52526 0.35300 
1.53086 0.35400 
1.53647 0.35500 
1.54208 0.35600 
1.54769 0.35700 
1.55330 0.35800 
1.55891 0.35900 
1.56452 0.36000 
1.57014 0.36100 
1.57575 0.36200 
1.58137 0.36300 
1.58699 0.36400 
1.59261 0.36500 
1.59822 0.36600 
1.60385 0.36700 
1.60947 0.36800 
1.61509 0.36900 
1.62071 0.37000 
1.62634 0.37100 
1.63196 0.37200 
1.63759 0.37300 
1.64321 0.37400 
1.64884 0.37500 
1.65447 0.37600 
1.66010 0.37700 
1.66573 0.37800 
1.67136 0.37900 
1.67699 0.38000 
1.68263 0.38100 
1.68826 0.38200 
1.69389 0.38300 
1.69953 0.38400 
1.70517 0.38500 
1.71080 0.38600 
1.71644 0.38700 
1.72208 0.38800 
1.72772 0.38900 
1.73336 0.39000 
1.73900 0.39100 
1.74464 0.39200 
1.75028 0.39300 
1.75593 0.39400 
1.76157 0.39500 
1.76721 0.39600 
1.77286 0.39700 
1.77850 0.39800 
1.78415 0.39900 
1.78980 0.40000 
1.79545 0.40100 
1.80109 0.40200 
1.80674 0.40300 
1.81239 0.40400 
1.81804 0.40500 
1.82370 0.40600 
1.82935 0.40700 
1.83500 0.40800 
1.84065 0.40900 
1.84631 0.41000 
1.85196 0.41100 
1.85761 0.41200 
1.86327 0.41300 
1.86893 0.41400 
1.87458 0.41500 
1.88024 0.41600 
1.88590 0.41700 
1.89155 0.41800 
1.89721 0.41900 
1.90287 0.42000 
1.90853 0.42100 
1.91419 0.42200 
1.91985 0.42300 
1.92551 0.42400 
1.93118 0.42500 
1.93684 0.42600 
1.94250 0.42700 
1.94816 0.42800 
1.95383 0.42900 
1.95949 0.43000 
1.96516 0.43100 
1.97082 0.43200 
1.97649 0.43300 
1.98215 0.43400 
1.98782 0.43500 
1.99349 0.43600 
1.99915 0.43700 
2.00482 0.43800 
2.01049 0.43900 
2.01616 0.44000 
2.02183 0.44100 
2.02750 0.44200 
2.03317 0.44300 
2.03884 0.44400 
2.04451 0.44500 
2.05018 0.44600 
2.05585 0.44700 
2.06152 0.44800 
2.06720 0.44900 
2.07287 0.45000 
2.07854 0.45100 
2.08422 0.45200 
2.08989 0.45300 
2.09556 0.45400 
2.10124 0.45500 
2.10691 0.45600 
2.11259 0.45700 
2.11826 0.45800 
2.12394 0.45900 
2.12962 0.46000 
2.13529 0.46100 
2.14097 0.46200 
2.14665 0.46300 
2.15232 0.46400 
2.15800 0.46500 
2.16368 0.46600 
2.16936 0.46700 
2.17504 0.46800 
2.18072 0.46900 
2.18640 0.47000 
2.19208 0.47100 
2.19776 0.47200 
2.20344 0.47300 
2.20912 0.47400 
2.21480 0.47500 
2.22048 0.47600 
2.22616 0.47700 
2.23184 0.47800 
2.23752 0.47900 
2.24321 0.48000 
2.24889 0.48100 
2.25457 0.48200 
2.26026 0.48300 
2.26594 0.48400 
2.27162 0.48500 
2.27731 0.48600 
2.28299 0.48700 
2.28868 0.48800 
2.29436 0.48900 
2.30004 0.49000 
2.30573 0.49100 
2.31141 0.49200 
2.31710 0.49300 
2.32279 0.49400 
2.32847 0.49500 
2.33416 0.49600 
2.33984 0.49700 
2.34553 0.49800 
2.35122 0.49900 
2.35691 0.50000 
2.36259 0.50100 
2.36828 0.50200 
2.37397 0.50300 
2.37966 0.50400 
2.38534 0.50500 
2.39103 0.50600 
2.39672 0.50700 
2.40241 0.50800 
2.40810 0.50900 
2.41379 0.51000 
2.41948 0.51100 
2.42517 0.51200 
2.43086 0.51300 
2.43655 0.51400 
2.44224 0.51500 
2.44793 0.51600 
2.45362 0.51700 
2.45931 0.51800 
2.46500 0.51900 
2.47069 0.52000 
2.47638 0.52100 
2.48207 0.52200 
2.48776 0.52300 
2.49345 0.52400 
2.49915 0.52500 
2.50484 0.52600 
2.51053 0.52700 
2.51622 0.52800 
2.52191 0.52900 
2.52761 0.53000 
2.53330 0.53100 
2.53899 0.53200 
2.54469 0.53300 
2.55038 0.53400 
2.55607 0.53500 
2.56176 0.53600 
2.56746 0.53700 
2.57315 0.53800 
2.57885 0.53900 
2.58454 0.54000 
2.59023 0.54100 
2.59593 0.54200 
2.60162 0.54300 
2.60732 0.54400 
2.61301 0.54500 
2.61871 0.54600 
2.62440 0.54700 
2.63010 0.54800 
2.63579 0.54900 
2.64149 0.55000 
2.64718 0.55100 
2.65288 0.55200 
2.65857 0.55300 
2.66427 0.55400 
2.66996 0.55500 
2.67566 0.55600 
2.68136 0.55700 
2.68705 0.55800 
2.69275 0.55900 
2.69844 0.56000 
2.70414 0.56100 
2.70984 0.56200 
2.71553 0.56300 
2.72123 0.56400 
2.72693 0.56500 
2.73262 0.56600 
2.73832 0.56700 
2.74402 0.56800 
2.74972 0.56900 
2.75541 0.57000 
2.76111 0.57100 
2.76681 0.57200 
2.77251 0.57300 
2.77820 0.57400 
2.78390 0.57500 
2.78960 0.57600 
2.79530 0.57700 
2.80100 0.57800 
2.80669 0.57900 
2.81239 0.58000 
2.81809 0.58100 
2.82379 0.58200 
2.82949 0.58300 
2.83519 0.58400 
2.84088 0.58500 
2.84658 0.58600 
2.85228 0.58700 
2.85798 0.58800 
2.86368 0.58900 
2.86938 0.59000 
2.87508 0.59100 
2.88078 0.59200 
2.88648 0.59300 
2.89218 0.59400 
2.89788 0.59500 
2.90357 0.59600 
2.90927 0.59700 
2.91497 0.59800 
2.92067 0.59900 
2.92637 0.60000 
2.93207 0.60100 
2.93777 0.60200 
2.94347 0.60300 
2.94917 0.60400 
2.95487 0.60500 
2.96057 0.60600 
2.96627 0.60700 
2.97197 0.60800 
2.97767 0.60900 
2.98337 0.61000 
2.98908 0.61100 
2.99478 0.61200 
3.00048 0.61300 
3.00618 0.61400 
3.01188 0.61500 
3.01758 0.61600 
3.02328 0.61700 
3.02898 0.61800 
3.03468 0.61900 
3.04038 0.62000 
3.04608 0.62100 
3.05178 0.62200 
3.05749 0.62300 
3.06319 0.62400 
3.06889 0.62500 
3.07459 0.62600 
3.08029 0.62700 
3.08599 0.62800 
3.09169 0.62900 
3.09739 0.63000 
3.10310 0.63100 
3.10880 0.63200 
3.11450 0.63300 
3.12020 0.63400 
3.12590 0.63500 
3.13160 0.63600 
3.13731 0.63700 
3.14301 0.63800 
3.14871 0.63900 
3.15441 0.64000 
3.16011 0.64100 
3.16582 0.64200 
3.17152 0.64300 
3.17722 0.64400 
3.18292 0.64500 
3.18862 0.64600 
3.19433 0.64700 
3.20003 0.64800 
3.20573 0.64900 
3.21143 0.65000 
3.21714 0.65100 
3.22284 0.65200 
3.22854 0.65300 
3.23424 0.65400 
3.23995 0.65500 
3.24565 0.65600 
3.25135 0.65700 
3.25705 0.65800 
3.26276 0.65900 
3.26846 0.66000 
3.27416 0.66100 
3.27987 0.66200 
3.28557 0.66300 
3.29127 0.66400 
3.29697 0.66500 
3.30268 0.66600 
3.30838 0.66700 
3.31408 0.66800 
3.31979 0.66900 
3.32549 0.67000 
3.33119 0.67100 
3.33689 0.67200 
3.34260 0.67300 
3.34830 0.67400 
3.35400 0.67500 
3.35971 0.67600 
3.36541 0.67700 
3.37111 0.67800 
3.37682 0.67900 
3.38252 0.68000 
3.38822 0.68100 
3.39393 0.68200 
3.39963 0.68300 
3.40533 0.68400 
3.41104 0.68500 
3.41674 0.68600 
3.42244 0.68700 
3.42815 0.68800 
3.43385 0.68900 
3.43956 0.69000 
3.44526 0.69100 
3.45096 0.69200 
3.45667 0.69300 
3.46237 0.69400 
3.46807 0.69500 
3.47378 0.69600 
3.47948 0.69700 
3.48519 0.69800 
3.49089 0.69900 
3.49659 0.70000 
3.50230 0.70100 
3.50800 0.70200 
3.51370 0.70300 
3.51941 0.70400 
3.52511 0.70500 
3.53082 0.70600 
3.53652 0.70700 
3.54222 0.70800 
3.54793 0.70900 
3.55363 0.71000 
3.55934 0.71100 
3.56504 0.71200 
3.57074 0.71300 
3.57645 0.71400 
3.58215 0.71500 
3.58786 0.71600 
3.59356 0.71700 
3.59927 0.71800 
3.60497 0.71900 
3.61067 0.72000 
3.61638 0.72100 
3.62208 0.72200 
3.62779 0.72300 
3.63349 0.72400 
3.63919 0.72500 
3.64490 0.72600 
3.65060 0.72700 
3.65631 0.72800 
3.66201 0.72900 
3.66772 0.73000 
3.67342 0.73100 
3.67913 0.73200 
3.68483 0.73300 
3.69053 0.73400 
3.69624 0.73500 
3.70194 0.73600 
3.70765 0.73700 
3.71335 0.73800 
3.71906 0.73900 
3.72476 0.74000 
3.73047 0.74100 
3.73617 0.74200 
3.74187 0.74300 
3.74758 0.74400 
3.75328 0.74500 
3.75899 0.74600 
3.76469 0.74700 
3.77040 0.74800 
3.77610 0.74900 
3.78181 0.75000 
3.78751 0.75100 
3.79322 0.75200 
3.79892 0.75300 
3.80463 0.75400 
3.81033 0.75500 
3.81604 0.75600 
3.82174 0.75700 
3.82744 0.75800 
3.83315 0.75900 
3.83885 0.76000 
3.84456 0.76100 
3.85026 0.76200 
3.85597 0.76300 
3.86167 0.76400 
3.86738 0.76500 
3.87308 0.76600 
3.87879 0.76700 
3.88449 0.76800 
3.89020 0.76900 
3.89590 0.77000 
3.90161 0.77100 
3.90731 0.77200 
3.91302 0.77300 
3.91872 0.77400 
3.92443 0.77500 
3.93013 0.77600 
3.93584 0.77700 
3.94154 0.77800 
3.94725 0.77900 
3.95295 0.78000 
3.95866 0.78100 
3.96436 0.78200 
3.97007 0.78300 
3.97577 0.78400 
3.98148 0.78500 
3.98718 0.78600 
3.99289 0.78700 
3.99859 0.78800 
4.00430 0.78900 
4.01000 0.79000 
4.01571 0.79100 
4.02141 0.79200 
4.02712 0.79300 
4.03282 0.79400 
4.03853 0.79500 
4.04423 0.79600 
4.04994 0.79700 
4.05564 0.79800 
4.06135 0.79900 
4.06705 0.80000 
4.07276 0.80100 
4.07846 0.80200 
4.08417 0.80300 
4.08987 0.80400 
4.09558 0.80500 
4.10128 0.80600 
4.10699 0.80700 
4.11269 0.80800 
4.11840 0.80900 
4.12410 0.81000 
4.12981 0.81100 
4.13551 0.81200 
4.14122 0.81300 
4.14693 0.81400 
4.15263 0.81500 
4.15834 0.81600 
4.16404 0.81700 
4.16975 0.81800 
4.17545 0.81900 
4.18116 0.82000 
4.18686 0.82100 
4.19257 0.82200 
4.19827 0.82300 
4.20398 0.82400 
4.20968 0.82500 
4.21539 0.82600 
4.22109 0.82700 
4.22680 0.82800 
4.23250 0.82900 
4.23821 0.83000 
4.24391 0.83100 
4.24962 0.83200 
4.25533 0.83300 
4.26103 0.83400 
4.26674 0.83500 
4.27244 0.83600 
4.27815 0.83700 
4.28385 0.83800 
4.28956 0.83900 
4.29526 0.84000 
4.30097 0.84100 
4.30667 0.84200 
4.31238 0.84300 
4.31808 0.84400 
4.32379 0.84500 
4.32949 0.84600 
4.33520 0.84700 
4.34091 0.84800 
4.34661 0.84900 
4.35232 0.85000 
4.35802 0.85100 
4.36373 0.85200 
4.36943 0.85300 
4.37514 0.85400 
4.38084 0.85500 
4.38655 0.85600 
4.39225 0.85700 
4.39796 0.85800 
4.40367 0.85900 
4.40937 0.86000 
4.41508 0.86100 
4.42078 0.86200 
4.42649 0.86300 
4.43219 0.86400 
4.43790 0.86500 
4.44360 0.86600 
4.44931 0.86700 
4.45501 0.86800 
4.46072 0.86900 
4.46642 0.87000 
4.47213 0.87100 
4.47784 0.87200 
4.48354 0.87300 
4.48925 0.87400 
4.49495 0.87500 
4.50066 0.87600 
4.50636 0.87700 
4.51207 0.87800 
4.51777 0.87900 
4.52348 0.88000 
4.52919 0.88100 
4.53489 0.88200 
4.54060 0.88300 
4.54630 0.88400 
4.55201 0.88500 
4.55771 0.88600 
4.56342 0.88700 
4.56912 0.88800 
4.57483 0.88900 
4.58053 0.89000 
4.58624 0.89100 
4.59195 0.89200 
4.59765 0.89300 
4.60336 0.89400 
4.60906 0.89500 
4.61477 0.89600 
4.62047 0.89700 
4.62618 0.89800 
4.63188 0.89900 
4.63759 0.90000 
4.64330 0.90100 
4.64900 0.90200 
4.65471 0.90300 
4.66041 0.90400 
4.66612 0.90500 
4.67182 0.90600 
4.67753 0.90700 
4.68323 0.90800 
4.68894 0.90900 
4.69465 0.91000 
4.70035 0.91100 
4.70606 0.91200 
4.71176 0.91300 
4.71747 0.91400 
4.72317 0.91500 
4.72888 0.91600 
4.73458 0.91700 
4.74029 0.91800 
4.74600 0.91900 
4.75170 0.92000 
4.75741 0.92100 
4.76311 0.92200 
4.76882 0.92300 
4.77452 0.92400 
4.78023 0.92500 
4.78593 0.92600 
4.79164 0.92700 
4.79735 0.92800 
4.80305 0.92900 
4.80876 0.93000 
4.81446 0.93100 
4.82017 0.93200 
4.82587 0.93300 
4.83158 0.93400 
4.83729 0.93500 
4.84299 0.93600 
4.84870 0.93700 
4.85440 0.93800 
4.86011 0.93900 
4.86581 0.94000 
4.87152 0.94100 
4.87722 0.94200 
4.88293 0.94300 
4.88864 0.94400 
4.89434 0.94500 
4.90005 0.94600 
4.90575 0.94700 
4.91146 0.94800 
4.91716 0.94900 
4.92287 0.95000 
4.92857 0.95100 
4.93428 0.95200 
4.93999 0.95300 
4.94569 0.95400 
4.95140 0.95500 
4.95710 0.95600 
4.96281 0.95700 
4.96851 0.95800 
4.97422 0.95900 
4.97993 0.96000 
4.98563 0.96100 
4.99134 0.96200 
4.99704 0.96300 
5.00275 0.96400 
5.00845 0.96500 
5.01416 0.96600 
5.01986 0.96700 
5.02557 0.96800 
5.03128 0.96900 
5.03698 0.97000 
5.04269 0.97100 
5.04839 0.97200 
5.05410 0.97300 
5.05980 0.97400 
5.06551 0.97500 
5.07122 0.97600 
5.07692 0.97700 
5.08263 0.97800 
5.08833 0.97900 
5.09404 0.98000 
5.09974 0.98100 
5.10545 0.98200 
5.11116 0.98300 
5.11686 0.98400 
5.12257 0.98500 
5.12827 0.98600 
5.13398 0.98700 
5.13968 0.98800 
5.14539 0.98900 
5.15109 0.99000 
5.15680 0.99100 
5.16251 0.99200 
5.16821 0.99300 
5.17392 0.99400 
5.17962 0.99500 
5.18533 0.99600 
5.19103 0.99700 
5.19674 0.99800 
5.20245 0.99900 
