0.00000 0.00000 
0.00004 0.00100 
0.00016 0.00200 
0.00037 0.00300 
0.00065 0.00400 
0.00102 0.00500 
0.00146 0.00600 
0.00198 0.00700 
0.00257 0.00800 
0.00324 0.00900 
0.00399 0.01000 
0.00481 0.01100 
0.00570 0.01200 
0.00667 0.01300 
0.00770 0.01400 
0.00881 0.01500 
0.00999 0.01600 
0.01123 0.01700 
0.01255 0.01800 
0.01393 0.01900 
0.01538 0.02000 
0.01689 0.02100 
0.01847 0.02200 
0.02011 0.02300 
0.02182 0.02400 
0.02359 0.02500 
0.02542 0.02600 
0.02731 0.02700 
0.02927 0.02800 
0.03128 0.02900 
0.03336 0.03000 
0.03549 0.03100 
0.03768 0.03200 
0.03993 0.03300 
0.04223 0.03400 
0.04459 0.03500 
0.04701 0.03600 
0.04948 0.03700 
0.05200 0.03800 
0.05458 0.03900 
0.05722 0.04000 
0.05990 0.04100 
0.06264 0.04200 
0.06542 0.04300 
0.06826 0.04400 
0.07115 0.04500 
0.07408 0.04600 
0.07707 0.04700 
0.08011 0.04800 
0.08319 0.04900 
0.08632 0.05000 
0.08949 0.05100 
0.09272 0.05200 
0.09598 0.05300 
0.09930 0.05400 
0.10265 0.05500 
0.10606 0.05600 
0.10950 0.05700 
0.11299 0.05800 
0.11652 0.05900 
0.12009 0.06000 
0.12371 0.06100 
0.12736 0.06200 
0.13106 0.06300 
0.13480 0.06400 
0.13857 0.06500 
0.14239 0.06600 
0.14624 0.06700 
0.15014 0.06800 
0.15407 0.06900 
0.15804 0.07000 
0.16204 0.07100 
0.16609 0.07200 
0.17016 0.07300 
0.17428 0.07400 
0.17843 0.07500 
0.18261 0.07600 
0.18683 0.07700 
0.19109 0.07800 
0.19538 0.07900 
0.19970 0.08000 
0.20405 0.08100 
0.20844 0.08200 
0.21286 0.08300 
0.21731 0.08400 
0.22179 0.08500 
0.22631 0.08600 
0.23085 0.08700 
0.23543 0.08800 
0.24004 0.08900 
0.24467 0.09000 
0.24934 0.09100 
0.25403 0.09200 
0.25876 0.09300 
0.26351 0.09400 
0.26829 0.09500 
0.27310 0.09600 
0.27793 0.09700 
0.28279 0.09800 
0.28768 0.09900 
0.29260 0.10000 
0.29754 0.10100 
0.30251 0.10200 
0.30751 0.10300 
0.31253 0.10400 
0.31757 0.10500 
0.32264 0.10600 
0.32774 0.10700 
0.33286 0.10800 
0.33800 0.10900 
0.34316 0.11000 
0.34835 0.11100 
0.35357 0.11200 
0.35880 0.11300 
0.36406 0.11400 
0.36934 0.11500 
0.37465 0.11600 
0.37997 0.11700 
0.38532 0.11800 
0.39069 0.11900 
0.39608 0.12000 
0.40149 0.12100 
0.40692 0.12200 
0.41237 0.12300 
0.41784 0.12400 
0.42333 0.12500 
0.42884 0.12600 
0.43438 0.12700 
0.43993 0.12800 
0.44550 0.12900 
0.45108 0.13000 
0.45669 0.13100 
0.46232 0.13200 
0.46796 0.13300 
0.47362 0.13400 
0.47930 0.13500 
0.48500 0.13600 
0.49071 0.13700 
0.49644 0.13800 
0.50219 0.13900 
0.50796 0.14000 
0.51374 0.14100 
0.51954 0.14200 
0.52535 0.14300 
0.53118 0.14400 
0.53703 0.14500 
0.54289 0.14600 
0.54877 0.14700 
0.55467 0.14800 
0.56057 0.14900 
0.56650 0.15000 
0.57244 0.15100 
0.57839 0.15200 
0.58436 0.15300 
0.59034 0.15400 
0.59633 0.15500 
0.60234 0.15600 
0.60837 0.15700 
0.61441 0.15800 
0.62046 0.15900 
0.62652 0.16000 
0.63260 0.16100 
0.63869 0.16200 
0.64479 0.16300 
0.65091 0.16400 
0.65704 0.16500 
0.66318 0.16600 
0.66933 0.16700 
0.67550 0.16800 
0.68168 0.16900 
0.68787 0.17000 
0.69407 0.17100 
0.70028 0.17200 
0.70651 0.17300 
0.71275 0.17400 
0.71899 0.17500 
0.72525 0.17600 
0.73152 0.17700 
0.73780 0.17800 
0.74410 0.17900 
0.75040 0.18000 
0.75671 0.18100 
0.76303 0.18200 
0.76937 0.18300 
0.77571 0.18400 
0.78206 0.18500 
0.78843 0.18600 
0.79480 0.18700 
0.80118 0.18800 
0.80758 0.18900 
0.81398 0.19000 
0.82039 0.19100 
0.82681 0.19200 
0.83324 0.19300 
0.83968 0.19400 
0.84613 0.19500 
0.85258 0.19600 
0.85905 0.19700 
0.86552 0.19800 
0.87201 0.19900 
0.87850 0.20000 
0.88500 0.20100 
0.89151 0.20200 
0.89802 0.20300 
0.90455 0.20400 
0.91108 0.20500 
0.91762 0.20600 
0.92417 0.20700 
0.93072 0.20800 
0.93729 0.20900 
0.94386 0.21000 
0.95044 0.21100 
0.95702 0.21200 
0.96362 0.21300 
0.97022 0.21400 
0.97682 0.21500 
0.98344 0.21600 
0.99006 0.21700 
0.99669 0.21800 
1.00332 0.21900 
1.00996 0.22000 
1.01661 0.22100 
1.02327 0.22200 
1.02993 0.22300 
1.03660 0.22400 
1.04327 0.22500 
1.04995 0.22600 
1.05664 0.22700 
1.06333 0.22800 
1.07003 0.22900 
1.07673 0.23000 
1.08345 0.23100 
1.09016 0.23200 
1.09688 0.23300 
1.10361 0.23400 
1.11035 0.23500 
1.11709 0.23600 
1.12383 0.23700 
1.13058 0.23800 
1.13734 0.23900 
1.14410 0.24000 
1.15086 0.24100 
1.15764 0.24200 
1.16441 0.24300 
1.17119 0.24400 
1.17798 0.24500 
1.18477 0.24600 
1.19157 0.24700 
1.19837 0.24800 
1.20518 0.24900 
1.21199 0.25000 
1.21880 0.25100 
1.22562 0.25200 
1.23245 0.25300 
1.23928 0.25400 
1.24611 0.25500 
1.25295 0.25600 
1.25980 0.25700 
1.26664 0.25800 
1.27349 0.25900 
1.28035 0.26000 
1.28721 0.26100 
1.29407 0.26200 
1.30094 0.26300 
1.30781 0.26400 
1.31469 0.26500 
1.32157 0.26600 
1.32846 0.26700 
1.33534 0.26800 
1.34224 0.26900 
1.34913 0.27000 
1.35603 0.27100 
1.36293 0.27200 
1.36984 0.27300 
1.37675 0.27400 
1.38367 0.27500 
1.39058 0.27600 
1.39750 0.27700 
1.40443 0.27800 
1.41136 0.27900 
1.41829 0.28000 
1.42522 0.28100 
1.43216 0.28200 
1.43910 0.28300 
1.44605 0.28400 
1.45299 0.28500 
1.45995 0.28600 
1.46690 0.28700 
1.47386 0.28800 
1.48082 0.28900 
1.48778 0.29000 
1.49475 0.29100 
1.50171 0.29200 
1.50869 0.29300 
1.51566 0.29400 
1.52264 0.29500 
1.52962 0.29600 
1.53660 0.29700 
1.54359 0.29800 
1.55058 0.29900 
1.55757 0.30000 
1.56456 0.30100 
1.57156 0.30200 
1.57856 0.30300 
1.58556 0.30400 
1.59256 0.30500 
1.59957 0.30600 
1.60658 0.30700 
1.61359 0.30800 
1.62061 0.30900 
1.62762 0.31000 
1.63464 0.31100 
1.64166 0.31200 
1.64869 0.31300 
1.65571 0.31400 
1.66274 0.31500 
1.66977 0.31600 
1.67680 0.31700 
1.68384 0.31800 
1.69088 0.31900 
1.69791 0.32000 
1.70496 0.32100 
1.71200 0.32200 
1.71904 0.32300 
1.72609 0.32400 
1.73314 0.32500 
1.74019 0.32600 
1.74725 0.32700 
1.75430 0.32800 
1.76136 0.32900 
1.76842 0.33000 
1.77548 0.33100 
1.78254 0.33200 
1.78961 0.33300 
1.79667 0.33400 
1.80374 0.33500 
1.81081 0.33600 
1.81788 0.33700 
1.82496 0.33800 
1.83203 0.33900 
1.83911 0.34000 
1.84619 0.34100 
1.85327 0.34200 
1.86035 0.34300 
1.86743 0.34400 
1.87452 0.34500 
1.88161 0.34600 
1.88870 0.34700 
1.89579 0.34800 
1.90288 0.34900 
1.90997 0.35000 
1.91706 0.35100 
1.92416 0.35200 
1.93126 0.35300 
1.93836 0.35400 
1.94546 0.35500 
1.95256 0.35600 
1.95966 0.35700 
1.96677 0.35800 
1.97387 0.35900 
1.98098 0.36000 
1.98809 0.36100 
1.99520 0.36200 
2.00231 0.36300 
2.00942 0.36400 
2.01654 0.36500 
2.02365 0.36600 
2.03077 0.36700 
2.03788 0.36800 
2.04500 0.36900 
2.05212 0.37000 
2.05924 0.37100 
2.06637 0.37200 
2.07349 0.37300 
2.08061 0.37400 
2.08774 0.37500 
2.09487 0.37600 
2.10200 0.37700 
2.10912 0.37800 
2.11625 0.37900 
2.12339 0.38000 
2.13052 0.38100 
2.13765 0.38200 
2.14479 0.38300 
2.15192 0.38400 
2.15906 0.38500 
2.16620 0.38600 
2.17333 0.38700 
2.18047 0.38800 
2.18761 0.38900 
2.19476 0.39000 
2.20190 0.39100 
2.20904 0.39200 
2.21619 0.39300 
2.22333 0.39400 
2.23048 0.39500 
2.23762 0.39600 
2.24477 0.39700 
2.25192 0.39800 
2.25907 0.39900 
2.26622 0.40000 
2.27337 0.40100 
2.28052 0.40200 
2.28768 0.40300 
2.29483 0.40400 
2.30198 0.40500 
2.30914 0.40600 
2.31629 0.40700 
2.32345 0.40800 
2.33061 0.40900 
2.33777 0.41000 
2.34493 0.41100 
2.35209 0.41200 
2.35925 0.41300 
2.36641 0.41400 
2.37357 0.41500 
2.38073 0.41600 
2.38790 0.41700 
2.39506 0.41800 
2.40223 0.41900 
2.40939 0.42000 
2.41656 0.42100 
2.42372 0.42200 
2.43089 0.42300 
2.43806 0.42400 
2.44523 0.42500 
2.45240 0.42600 
2.45957 0.42700 
2.46674 0.42800 
2.47391 0.42900 
2.48108 0.43000 
2.48826 0.43100 
2.49543 0.43200 
2.50260 0.43300 
2.50978 0.43400 
2.51695 0.43500 
2.52413 0.43600 
2.53130 0.43700 
2.53848 0.43800 
2.54566 0.43900 
2.55283 0.44000 
2.56001 0.44100 
2.56719 0.44200 
2.57437 0.44300 
2.58155 0.44400 
2.58873 0.44500 
2.59591 0.44600 
2.60309 0.44700 
2.61027 0.44800 
2.61746 0.44900 
2.62464 0.45000 
2.63182 0.45100 
2.63901 0.45200 
2.64619 0.45300 
2.65337 0.45400 
2.66056 0.45500 
2.66775 0.45600 
2.67493 0.45700 
2.68212 0.45800 
2.68930 0.45900 
2.69649 0.46000 
2.70368 0.46100 
2.71087 0.46200 
2.71806 0.46300 
2.72524 0.46400 
2.73243 0.46500 
2.73962 0.46600 
2.74681 0.46700 
2.75400 0.46800 
2.76120 0.46900 
2.76839 0.47000 
2.77558 0.47100 
2.78277 0.47200 
2.78996 0.47300 
2.79716 0.47400 
2.80435 0.47500 
2.81154 0.47600 
2.81874 0.47700 
2.82593 0.47800 
2.83312 0.47900 
2.84032 0.48000 
2.84751 0.48100 
2.85471 0.48200 
2.86191 0.48300 
2.86910 0.48400 
2.87630 0.48500 
2.88350 0.48600 
2.89069 0.48700 
2.89789 0.48800 
2.90509 0.48900 
2.91229 0.49000 
2.91948 0.49100 
2.92668 0.49200 
2.93388 0.49300 
2.94108 0.49400 
2.94828 0.49500 
2.95548 0.49600 
2.96268 0.49700 
2.96988 0.49800 
2.97708 0.49900 
2.98428 0.50000 
2.99148 0.50100 
2.99869 0.50200 
3.00589 0.50300 
3.01309 0.50400 
3.02029 0.50500 
3.02749 0.50600 
3.03470 0.50700 
3.04190 0.50800 
3.04910 0.50900 
3.05631 0.51000 
3.06351 0.51100 
3.07071 0.51200 
3.07792 0.51300 
3.08512 0.51400 
3.09233 0.51500 
3.09953 0.51600 
3.10674 0.51700 
3.11394 0.51800 
3.12115 0.51900 
3.12835 0.52000 
3.13556 0.52100 
3.14277 0.52200 
3.14997 0.52300 
3.15718 0.52400 
3.16439 0.52500 
3.17159 0.52600 
3.17880 0.52700 
3.18601 0.52800 
3.19321 0.52900 
3.20042 0.53000 
3.20763 0.53100 
3.21484 0.53200 
3.22205 0.53300 
3.22926 0.53400 
3.23646 0.53500 
3.24367 0.53600 
3.25088 0.53700 
3.25809 0.53800 
3.26530 0.53900 
3.27251 0.54000 
3.27972 0.54100 
3.28693 0.54200 
3.29414 0.54300 
3.30135 0.54400 
3.30856 0.54500 
3.31577 0.54600 
3.32298 0.54700 
3.33019 0.54800 
3.33740 0.54900 
3.34462 0.55000 
3.35183 0.55100 
3.35904 0.55200 
3.36625 0.55300 
3.37346 0.55400 
3.38067 0.55500 
3.38789 0.55600 
3.39510 0.55700 
3.40231 0.55800 
3.40952 0.55900 
3.41673 0.56000 
3.42395 0.56100 
3.43116 0.56200 
3.43837 0.56300 
3.44559 0.56400 
3.45280 0.56500 
3.46001 0.56600 
3.46723 0.56700 
3.47444 0.56800 
3.48165 0.56900 
3.48887 0.57000 
3.49608 0.57100 
3.50330 0.57200 
3.51051 0.57300 
3.51773 0.57400 
3.52494 0.57500 
3.53215 0.57600 
3.53937 0.57700 
3.54658 0.57800 
3.55380 0.57900 
3.56101 0.58000 
3.56823 0.58100 
3.57544 0.58200 
3.58266 0.58300 
3.58988 0.58400 
3.59709 0.58500 
3.60431 0.58600 
3.61152 0.58700 
3.61874 0.58800 
3.62595 0.58900 
3.63317 0.59000 
3.64039 0.59100 
3.64760 0.59200 
3.65482 0.59300 
3.66204 0.59400 
3.66925 0.59500 
3.67647 0.59600 
3.68369 0.59700 
3.69090 0.59800 
3.69812 0.59900 
3.70534 0.60000 
3.71255 0.60100 
3.71977 0.60200 
3.72699 0.60300 
3.73420 0.60400 
3.74142 0.60500 
3.74864 0.60600 
3.75586 0.60700 
3.76307 0.60800 
3.77029 0.60900 
3.77751 0.61000 
3.78473 0.61100 
3.79195 0.61200 
3.79916 0.61300 
3.80638 0.61400 
3.81360 0.61500 
3.82082 0.61600 
3.82804 0.61700 
3.83526 0.61800 
3.84247 0.61900 
3.84969 0.62000 
3.85691 0.62100 
3.86413 0.62200 
3.87135 0.62300 
3.87857 0.62400 
3.88579 0.62500 
3.89300 0.62600 
3.90022 0.62700 
3.90744 0.62800 
3.91466 0.62900 
3.92188 0.63000 
3.92910 0.63100 
3.93632 0.63200 
3.94354 0.63300 
3.95076 0.63400 
3.95798 0.63500 
3.96520 0.63600 
3.97242 0.63700 
3.97964 0.63800 
3.98686 0.63900 
3.99408 0.64000 
4.00130 0.64100 
4.00852 0.64200 
4.01574 0.64300 
4.02296 0.64400 
4.03018 0.64500 
4.03740 0.64600 
4.04462 0.64700 
4.05184 0.64800 
4.05906 0.64900 
4.06628 0.65000 
4.07350 0.65100 
4.08072 0.65200 
4.08794 0.65300 
4.09516 0.65400 
4.10238 0.65500 
4.10960 0.65600 
4.11682 0.65700 
4.12404 0.65800 
4.13126 0.65900 
4.13848 0.66000 
4.14570 0.66100 
4.15292 0.66200 
4.16014 0.66300 
4.16736 0.66400 
4.17459 0.66500 
4.18181 0.66600 
4.18903 0.66700 
4.19625 0.66800 
4.20347 0.66900 
4.21069 0.67000 
4.21791 0.67100 
4.22513 0.67200 
4.23235 0.67300 
4.23958 0.67400 
4.24680 0.67500 
4.25402 0.67600 
4.26124 0.67700 
4.26846 0.67800 
4.27568 0.67900 
4.28290 0.68000 
4.29013 0.68100 
4.29735 0.68200 
4.30457 0.68300 
4.31179 0.68400 
4.31901 0.68500 
4.32623 0.68600 
4.33346 0.68700 
4.34068 0.68800 
4.34790 0.68900 
4.35512 0.69000 
4.36234 0.69100 
4.36956 0.69200 
4.37679 0.69300 
4.38401 0.69400 
4.39123 0.69500 
4.39845 0.69600 
4.40567 0.69700 
4.41290 0.69800 
4.42012 0.69900 
4.42734 0.70000 
4.43456 0.70100 
4.44178 0.70200 
4.44901 0.70300 
4.45623 0.70400 
4.46345 0.70500 
4.47067 0.70600 
4.47790 0.70700 
4.48512 0.70800 
4.49234 0.70900 
4.49956 0.71000 
4.50679 0.71100 
4.51401 0.71200 
4.52123 0.71300 
4.52845 0.71400 
4.53568 0.71500 
4.54290 0.71600 
4.55012 0.71700 
4.55734 0.71800 
4.56457 0.71900 
4.57179 0.72000 
4.57901 0.72100 
4.58623 0.72200 
4.59346 0.72300 
4.60068 0.72400 
4.60790 0.72500 
4.61512 0.72600 
4.62235 0.72700 
4.62957 0.72800 
4.63679 0.72900 
4.64402 0.73000 
4.65124 0.73100 
4.65846 0.73200 
4.66568 0.73300 
4.67291 0.73400 
4.68013 0.73500 
4.68735 0.73600 
4.69458 0.73700 
4.70180 0.73800 
4.70902 0.73900 
4.71624 0.74000 
4.72347 0.74100 
4.73069 0.74200 
4.73791 0.74300 
4.74514 0.74400 
4.75236 0.74500 
4.75958 0.74600 
4.76681 0.74700 
4.77403 0.74800 
4.78125 0.74900 
4.78848 0.75000 
4.79570 0.75100 
4.80292 0.75200 
4.81014 0.75300 
4.81737 0.75400 
4.82459 0.75500 
4.83181 0.75600 
4.83904 0.75700 
4.84626 0.75800 
4.85348 0.75900 
4.86071 0.76000 
4.86793 0.76100 
4.87515 0.76200 
4.88238 0.76300 
4.88960 0.76400 
4.89682 0.76500 
4.90405 0.76600 
4.91127 0.76700 
4.91849 0.76800 
4.92572 0.76900 
4.93294 0.77000 
4.94017 0.77100 
4.94739 0.77200 
4.95461 0.77300 
4.96184 0.77400 
4.96906 0.77500 
4.97628 0.77600 
4.98351 0.77700 
4.99073 0.77800 
4.99795 0.77900 
5.00518 0.78000 
5.01240 0.78100 
5.01962 0.78200 
5.02685 0.78300 
5.03407 0.78400 
5.04129 0.78500 
5.04852 0.78600 
5.05574 0.78700 
5.06297 0.78800 
5.07019 0.78900 
5.07741 0.79000 
5.08464 0.79100 
5.09186 0.79200 
5.09908 0.79300 
5.10631 0.79400 
5.11353 0.79500 
5.12075 0.79600 
5.12798 0.79700 
5.13520 0.79800 
5.14243 0.79900 
5.14965 0.80000 
5.15687 0.80100 
5.16410 0.80200 
5.17132 0.80300 
5.17854 0.80400 
5.18577 0.80500 
5.19299 0.80600 
5.20022 0.80700 
5.20744 0.80800 
5.21466 0.80900 
5.22189 0.81000 
5.22911 0.81100 
5.23634 0.81200 
5.24356 0.81300 
5.25078 0.81400 
5.25801 0.81500 
5.26523 0.81600 
5.27245 0.81700 
5.27968 0.81800 
5.28690 0.81900 
5.29413 0.82000 
5.30135 0.82100 
5.30857 0.82200 
5.31580 0.82300 
5.32302 0.82400 
5.33025 0.82500 
5.33747 0.82600 
5.34469 0.82700 
5.35192 0.82800 
5.35914 0.82900 
5.36637 0.83000 
5.37359 0.83100 
5.38081 0.83200 
5.38804 0.83300 
5.39526 0.83400 
5.40249 0.83500 
5.40971 0.83600 
5.41693 0.83700 
5.42416 0.83800 
5.43138 0.83900 
5.43861 0.84000 
5.44583 0.84100 
5.45305 0.84200 
5.46028 0.84300 
5.46750 0.84400 
5.47473 0.84500 
5.48195 0.84600 
5.48917 0.84700 
5.49640 0.84800 
5.50362 0.84900 
5.51085 0.85000 
5.51807 0.85100 
5.52529 0.85200 
5.53252 0.85300 
5.53974 0.85400 
5.54697 0.85500 
5.55419 0.85600 
5.56142 0.85700 
5.56864 0.85800 
5.57586 0.85900 
5.58309 0.86000 
5.59031 0.86100 
5.59754 0.86200 
5.60476 0.86300 
5.61198 0.86400 
5.61921 0.86500 
5.62643 0.86600 
5.63366 0.86700 
5.64088 0.86800 
5.64811 0.86900 
5.65533 0.87000 
5.66255 0.87100 
5.66978 0.87200 
5.67700 0.87300 
5.68423 0.87400 
5.69145 0.87500 
5.69867 0.87600 
5.70590 0.87700 
5.71312 0.87800 
5.72035 0.87900 
5.72757 0.88000 
5.73480 0.88100 
5.74202 0.88200 
5.74924 0.88300 
5.75647 0.88400 
5.76369 0.88500 
5.77092 0.88600 
5.77814 0.88700 
5.78537 0.88800 
5.79259 0.88900 
5.79981 0.89000 
5.80704 0.89100 
5.81426 0.89200 
5.82149 0.89300 
5.82871 0.89400 
5.83594 0.89500 
5.84316 0.89600 
5.85038 0.89700 
5.85761 0.89800 
5.86483 0.89900 
5.87206 0.90000 
5.87928 0.90100 
5.88650 0.90200 
5.89373 0.90300 
5.90095 0.90400 
5.90818 0.90500 
5.91540 0.90600 
5.92263 0.90700 
5.92985 0.90800 
5.93708 0.90900 
5.94430 0.91000 
5.95152 0.91100 
5.95875 0.91200 
5.96597 0.91300 
5.97320 0.91400 
5.98042 0.91500 
5.98765 0.91600 
5.99487 0.91700 
6.00209 0.91800 
6.00932 0.91900 
6.01654 0.92000 
6.02377 0.92100 
6.03099 0.92200 
6.03822 0.92300 
6.04544 0.92400 
6.05266 0.92500 
6.05989 0.92600 
6.06711 0.92700 
6.07434 0.92800 
6.08156 0.92900 
6.08879 0.93000 
6.09601 0.93100 
6.10323 0.93200 
6.11046 0.93300 
6.11768 0.93400 
6.12491 0.93500 
6.13213 0.93600 
6.13936 0.93700 
6.14658 0.93800 
6.15381 0.93900 
6.16103 0.94000 
6.16825 0.94100 
6.17548 0.94200 
6.18270 0.94300 
6.18993 0.94400 
6.19715 0.94500 
6.20438 0.94600 
6.21160 0.94700 
6.21882 0.94800 
6.22605 0.94900 
6.23327 0.95000 
6.24050 0.95100 
6.24772 0.95200 
6.25495 0.95300 
6.26217 0.95400 
6.26940 0.95500 
6.27662 0.95600 
6.28384 0.95700 
6.29107 0.95800 
6.29829 0.95900 
6.30552 0.96000 
6.31274 0.96100 
6.31997 0.96200 
6.32719 0.96300 
6.33441 0.96400 
6.34164 0.96500 
6.34886 0.96600 
6.35609 0.96700 
6.36331 0.96800 
6.37054 0.96900 
6.37776 0.97000 
6.38499 0.97100 
6.39221 0.97200 
6.39943 0.97300 
6.40666 0.97400 
6.41388 0.97500 
6.42111 0.97600 
6.42833 0.97700 
6.43556 0.97800 
6.44278 0.97900 
6.45001 0.98000 
6.45723 0.98100 
6.46445 0.98200 
6.47168 0.98300 
6.47890 0.98400 
6.48613 0.98500 
6.49335 0.98600 
6.50058 0.98700 
6.50780 0.98800 
6.51503 0.98900 
6.52225 0.99000 
6.52947 0.99100 
6.53670 0.99200 
6.54392 0.99300 
6.55115 0.99400 
6.55837 0.99500 
6.56560 0.99600 
6.57282 0.99700 
6.58005 0.99800 
6.58727 0.99900 
