0.00000 0.00000 
0.00003 0.00100 
0.00020 0.00200 
0.00054 0.00300 
0.00104 0.00400 
0.00170 0.00500 
0.00253 0.00600 
0.00352 0.00700 
0.00468 0.00800 
0.00599 0.00900 
0.00745 0.01000 
0.00908 0.01100 
0.01085 0.01200 
0.01278 0.01300 
0.01485 0.01400 
0.01708 0.01500 
0.01945 0.01600 
0.02196 0.01700 
0.02462 0.01800 
0.02742 0.01900 
0.03036 0.02000 
0.03343 0.02100 
0.03665 0.02200 
0.03999 0.02300 
0.04348 0.02400 
0.04709 0.02500 
0.05083 0.02600 
0.05470 0.02700 
0.05870 0.02800 
0.06283 0.02900 
0.06707 0.03000 
0.07145 0.03100 
0.07594 0.03200 
0.08055 0.03300 
0.08529 0.03400 
0.09014 0.03500 
0.09510 0.03600 
0.10018 0.03700 
0.10538 0.03800 
0.11068 0.03900 
0.11610 0.04000 
0.12162 0.04100 
0.12726 0.04200 
0.13300 0.04300 
0.13885 0.04400 
0.14480 0.04500 
0.15085 0.04600 
0.15701 0.04700 
0.16327 0.04800 
0.16963 0.04900 
0.17609 0.05000 
0.18264 0.05100 
0.18929 0.05200 
0.19604 0.05300 
0.20288 0.05400 
0.20981 0.05500 
0.21684 0.05600 
0.22396 0.05700 
0.23117 0.05800 
0.23846 0.05900 
0.24585 0.06000 
0.25332 0.06100 
0.26087 0.06200 
0.26852 0.06300 
0.27624 0.06400 
0.28405 0.06500 
0.29194 0.06600 
0.29992 0.06700 
0.30797 0.06800 
0.31610 0.06900 
0.32431 0.07000 
0.33260 0.07100 
0.34096 0.07200 
0.34940 0.07300 
0.35792 0.07400 
0.36651 0.07500 
0.37517 0.07600 
0.38390 0.07700 
0.39271 0.07800 
0.40158 0.07900 
0.41053 0.08000 
0.41955 0.08100 
0.42863 0.08200 
0.43778 0.08300 
0.44700 0.08400 
0.45628 0.08500 
0.46563 0.08600 
0.47504 0.08700 
0.48452 0.08800 
0.49406 0.08900 
0.50366 0.09000 
0.51333 0.09100 
0.52305 0.09200 
0.53284 0.09300 
0.54268 0.09400 
0.55258 0.09500 
0.56254 0.09600 
0.57256 0.09700 
0.58264 0.09800 
0.59277 0.09900 
0.60295 0.10000 
0.61319 0.10100 
0.62349 0.10200 
0.63384 0.10300 
0.64424 0.10400 
0.65469 0.10500 
0.66520 0.10600 
0.67576 0.10700 
0.68636 0.10800 
0.69702 0.10900 
0.70773 0.11000 
0.71848 0.11100 
0.72929 0.11200 
0.74014 0.11300 
0.75104 0.11400 
0.76198 0.11500 
0.77298 0.11600 
0.78401 0.11700 
0.79509 0.11800 
0.80622 0.11900 
0.81739 0.12000 
0.82861 0.12100 
0.83986 0.12200 
0.85116 0.12300 
0.86250 0.12400 
0.87389 0.12500 
0.88531 0.12600 
0.89678 0.12700 
0.90828 0.12800 
0.91983 0.12900 
0.93141 0.13000 
0.94303 0.13100 
0.95469 0.13200 
0.96639 0.13300 
0.97813 0.13400 
0.98990 0.13500 
1.00171 0.13600 
1.01356 0.13700 
1.02544 0.13800 
1.03736 0.13900 
1.04931 0.14000 
1.06130 0.14100 
1.07332 0.14200 
1.08537 0.14300 
1.09746 0.14400 
1.10958 0.14500 
1.12173 0.14600 
1.13392 0.14700 
1.14614 0.14800 
1.15838 0.14900 
1.17066 0.15000 
1.18298 0.15100 
1.19532 0.15200 
1.20769 0.15300 
1.22009 0.15400 
1.23252 0.15500 
1.24498 0.15600 
1.25747 0.15700 
1.26998 0.15800 
1.28253 0.15900 
1.29510 0.16000 
1.30770 0.16100 
1.32033 0.16200 
1.33298 0.16300 
1.34566 0.16400 
1.35837 0.16500 
1.37110 0.16600 
1.38386 0.16700 
1.39664 0.16800 
1.40945 0.16900 
1.42228 0.17000 
1.43514 0.17100 
1.44802 0.17200 
1.46093 0.17300 
1.47386 0.17400 
1.48681 0.17500 
1.49978 0.17600 
1.51278 0.17700 
1.52580 0.17800 
1.53884 0.17900 
1.55191 0.18000 
1.56500 0.18100 
1.57810 0.18200 
1.59123 0.18300 
1.60438 0.18400 
1.61756 0.18500 
1.63075 0.18600 
1.64396 0.18700 
1.65719 0.18800 
1.67044 0.18900 
1.68372 0.19000 
1.69701 0.19100 
1.71032 0.19200 
1.72365 0.19300 
1.73699 0.19400 
1.75036 0.19500 
1.76374 0.19600 
1.77715 0.19700 
1.79057 0.19800 
1.80401 0.19900 
1.81746 0.20000 
1.83094 0.20100 
1.84443 0.20200 
1.85793 0.20300 
1.87146 0.20400 
1.88500 0.20500 
1.89855 0.20600 
1.91213 0.20700 
1.92572 0.20800 
1.93932 0.20900 
1.95294 0.21000 
1.96658 0.21100 
1.98023 0.21200 
1.99389 0.21300 
2.00758 0.21400 
2.02127 0.21500 
2.03498 0.21600 
2.04871 0.21700 
2.06245 0.21800 
2.07620 0.21900 
2.08997 0.22000 
2.10375 0.22100 
2.11754 0.22200 
2.13135 0.22300 
2.14517 0.22400 
2.15900 0.22500 
2.17285 0.22600 
2.18671 0.22700 
2.20058 0.22800 
2.21447 0.22900 
2.22837 0.23000 
2.24227 0.23100 
2.25620 0.23200 
2.27013 0.23300 
2.28407 0.23400 
2.29803 0.23500 
2.31200 0.23600 
2.32598 0.23700 
2.33997 0.23800 
2.35397 0.23900 
2.36799 0.24000 
2.38201 0.24100 
2.39604 0.24200 
2.41009 0.24300 
2.42414 0.24400 
2.43821 0.24500 
2.45229 0.24600 
2.46637 0.24700 
2.48047 0.24800 
2.49458 0.24900 
2.50869 0.25000 
2.52282 0.25100 
2.53695 0.25200 
2.55110 0.25300 
2.56525 0.25400 
2.57942 0.25500 
2.59359 0.25600 
2.60777 0.25700 
2.62196 0.25800 
2.63616 0.25900 
2.65037 0.26000 
2.66459 0.26100 
2.67881 0.26200 
2.69305 0.26300 
2.70729 0.26400 
2.72154 0.26500 
2.73580 0.26600 
2.75007 0.26700 
2.76434 0.26800 
2.77862 0.26900 
2.79291 0.27000 
2.80721 0.27100 
2.82152 0.27200 
2.83583 0.27300 
2.85015 0.27400 
2.86448 0.27500 
2.87882 0.27600 
2.89316 0.27700 
2.90751 0.27800 
2.92186 0.27900 
2.93623 0.28000 
2.95060 0.28100 
2.96498 0.28200 
2.97936 0.28300 
2.99375 0.28400 
3.00815 0.28500 
3.02255 0.28600 
3.03696 0.28700 
3.05138 0.28800 
3.06580 0.28900 
3.08023 0.29000 
3.09466 0.29100 
3.10910 0.29200 
3.12355 0.29300 
3.13800 0.29400 
3.15246 0.29500 
3.16693 0.29600 
3.18140 0.29700 
3.19587 0.29800 
3.21035 0.29900 
3.22484 0.30000 
3.23933 0.30100 
3.25383 0.30200 
3.26833 0.30300 
3.28284 0.30400 
3.29736 0.30500 
3.31187 0.30600 
3.32640 0.30700 
3.34093 0.30800 
3.35546 0.30900 
3.37000 0.31000 
3.38454 0.31100 
3.39909 0.31200 
3.41364 0.31300 
3.42820 0.31400 
3.44276 0.31500 
3.45733 0.31600 
3.47190 0.31700 
3.48648 0.31800 
3.50106 0.31900 
3.51564 0.32000 
3.53023 0.32100 
3.54482 0.32200 
3.55942 0.32300 
3.57402 0.32400 
3.58863 0.32500 
3.60324 0.32600 
3.61785 0.32700 
3.63247 0.32800 
3.64709 0.32900 
3.66172 0.33000 
3.67635 0.33100 
3.69098 0.33200 
3.70562 0.33300 
3.72026 0.33400 
3.73490 0.33500 
3.74955 0.33600 
3.76420 0.33700 
3.77886 0.33800 
3.79352 0.33900 
3.80818 0.34000 
3.82284 0.34100 
3.83751 0.34200 
3.85219 0.34300 
3.86686 0.34400 
3.88154 0.34500 
3.89622 0.34600 
3.91091 0.34700 
3.92560 0.34800 
3.94029 0.34900 
3.95499 0.35000 
3.96968 0.35100 
3.98438 0.35200 
3.99909 0.35300 
4.01380 0.35400 
4.02851 0.35500 
4.04322 0.35600 
4.05793 0.35700 
4.07265 0.35800 
4.08737 0.35900 
4.10210 0.36000 
4.11683 0.36100 
4.13156 0.36200 
4.14629 0.36300 
4.16102 0.36400 
4.17576 0.36500 
4.19050 0.36600 
4.20524 0.36700 
4.21999 0.36800 
4.23474 0.36900 
4.24949 0.37000 
4.26424 0.37100 
4.27899 0.37200 
4.29375 0.37300 
4.30851 0.37400 
4.32327 0.37500 
4.33804 0.37600 
4.35280 0.37700 
4.36757 0.37800 
4.38234 0.37900 
4.39712 0.38000 
4.41189 0.38100 
4.42667 0.38200 
4.44145 0.38300 
4.45623 0.38400 
4.47101 0.38500 
4.48580 0.38600 
4.50059 0.38700 
4.51538 0.38800 
4.53017 0.38900 
4.54496 0.39000 
4.55976 0.39100 
4.57456 0.39200 
4.58935 0.39300 
4.60416 0.39400 
4.61896 0.39500 
4.63376 0.39600 
4.64857 0.39700 
4.66338 0.39800 
4.67819 0.39900 
4.69300 0.40000 
4.70782 0.40100 
4.72263 0.40200 
4.73745 0.40300 
4.75227 0.40400 
4.76709 0.40500 
4.78191 0.40600 
4.79673 0.40700 
4.81156 0.40800 
4.82639 0.40900 
4.84121 0.41000 
4.85604 0.41100 
4.87088 0.41200 
4.88571 0.41300 
4.90054 0.41400 
4.91538 0.41500 
4.93022 0.41600 
4.94505 0.41700 
4.95989 0.41800 
4.97474 0.41900 
4.98958 0.42000 
5.00442 0.42100 
5.01927 0.42200 
5.03412 0.42300 
5.04896 0.42400 
5.06381 0.42500 
5.07867 0.42600 
5.09352 0.42700 
5.10837 0.42800 
5.12323 0.42900 
5.13808 0.43000 
5.15294 0.43100 
5.16780 0.43200 
5.18266 0.43300 
5.19752 0.43400 
5.21238 0.43500 
5.22724 0.43600 
5.24211 0.43700 
5.25697 0.43800 
5.27184 0.43900 
5.28671 0.44000 
5.30157 0.44100 
5.31644 0.44200 
5.33132 0.44300 
5.34619 0.44400 
5.36106 0.44500 
5.37593 0.44600 
5.39081 0.44700 
5.40568 0.44800 
5.42056 0.44900 
5.43544 0.45000 
5.45032 0.45100 
5.46520 0.45200 
5.48008 0.45300 
5.49496 0.45400 
5.50984 0.45500 
5.52473 0.45600 
5.53961 0.45700 
5.55450 0.45800 
5.56938 0.45900 
5.58427 0.46000 
5.59916 0.46100 
5.61405 0.46200 
5.62893 0.46300 
5.64383 0.46400 
5.65872 0.46500 
5.67361 0.46600 
5.68850 0.46700 
5.70340 0.46800 
5.71829 0.46900 
5.73318 0.47000 
5.74808 0.47100 
5.76298 0.47200 
5.77787 0.47300 
5.79277 0.47400 
5.80767 0.47500 
5.82257 0.47600 
5.83747 0.47700 
5.85237 0.47800 
5.86728 0.47900 
5.88218 0.48000 
5.89708 0.48100 
5.91198 0.48200 
5.92689 0.48300 
5.94179 0.48400 
5.95670 0.48500 
5.97161 0.48600 
5.98651 0.48700 
6.00142 0.48800 
6.01633 0.48900 
6.03124 0.49000 
6.04615 0.49100 
6.06106 0.49200 
6.07597 0.49300 
6.09088 0.49400 
6.10579 0.49500 
6.12071 0.49600 
6.13562 0.49700 
6.15053 0.49800 
6.16545 0.49900 
6.18036 0.50000 
6.19528 0.50100 
6.21019 0.50200 
6.22511 0.50300 
6.24003 0.50400 
6.25494 0.50500 
6.26986 0.50600 
6.28478 0.50700 
6.29970 0.50800 
6.31462 0.50900 
6.32954 0.51000 
6.34446 0.51100 
6.35938 0.51200 
6.37430 0.51300 
6.38922 0.51400 
6.40414 0.51500 
6.41907 0.51600 
6.43399 0.51700 
6.44891 0.51800 
6.46384 0.51900 
6.47876 0.52000 
6.49369 0.52100 
6.50861 0.52200 
6.52354 0.52300 
6.53846 0.52400 
6.55339 0.52500 
6.56832 0.52600 
6.58325 0.52700 
6.59817 0.52800 
6.61310 0.52900 
6.62803 0.53000 
6.64296 0.53100 
6.65789 0.53200 
6.67282 0.53300 
6.68775 0.53400 
6.70268 0.53500 
6.71761 0.53600 
6.73254 0.53700 
6.74747 0.53800 
6.76240 0.53900 
6.77734 0.54000 
6.79227 0.54100 
6.80720 0.54200 
6.82214 0.54300 
6.83707 0.54400 
6.85200 0.54500 
6.86694 0.54600 
6.88187 0.54700 
6.89681 0.54800 
6.91174 0.54900 
6.92668 0.55000 
6.94161 0.55100 
6.95655 0.55200 
6.97149 0.55300 
6.98642 0.55400 
7.00136 0.55500 
7.01630 0.55600 
7.03123 0.55700 
7.04617 0.55800 
7.06111 0.55900 
7.07605 0.56000 
7.09099 0.56100 
7.10593 0.56200 
7.12086 0.56300 
7.13580 0.56400 
7.15074 0.56500 
7.16568 0.56600 
7.18062 0.56700 
7.19556 0.56800 
7.21050 0.56900 
7.22545 0.57000 
7.24039 0.57100 
7.25533 0.57200 
7.27027 0.57300 
7.28521 0.57400 
7.30015 0.57500 
7.31510 0.57600 
7.33004 0.57700 
7.34498 0.57800 
7.35992 0.57900 
7.37487 0.58000 
7.38981 0.58100 
7.40476 0.58200 
7.41970 0.58300 
7.43464 0.58400 
7.44959 0.58500 
7.46453 0.58600 
7.47948 0.58700 
7.49442 0.58800 
7.50937 0.58900 
7.52431 0.59000 
7.53926 0.59100 
7.55420 0.59200 
7.56915 0.59300 
7.58409 0.59400 
7.59904 0.59500 
7.61399 0.59600 
7.62893 0.59700 
7.64388 0.59800 
7.65883 0.59900 
7.67378 0.60000 
7.68872 0.60100 
7.70367 0.60200 
7.71862 0.60300 
7.73357 0.60400 
7.74851 0.60500 
7.76346 0.60600 
7.77841 0.60700 
7.79336 0.60800 
7.80831 0.60900 
7.82326 0.61000 
7.83820 0.61100 
7.85315 0.61200 
7.86810 0.61300 
7.88305 0.61400 
7.89800 0.61500 
7.91295 0.61600 
7.92790 0.61700 
7.94285 0.61800 
7.95780 0.61900 
7.97275 0.62000 
7.98770 0.62100 
8.00265 0.62200 
8.01760 0.62300 
8.03255 0.62400 
8.04750 0.62500 
8.06245 0.62600 
8.07741 0.62700 
8.09236 0.62800 
8.10731 0.62900 
8.12226 0.63000 
8.13721 0.63100 
8.15216 0.63200 
8.16712 0.63300 
8.18207 0.63400 
8.19702 0.63500 
8.21197 0.63600 
8.22692 0.63700 
8.24188 0.63800 
8.25683 0.63900 
8.27178 0.64000 
8.28673 0.64100 
8.30169 0.64200 
8.31664 0.64300 
8.33159 0.64400 
8.34655 0.64500 
8.36150 0.64600 
8.37645 0.64700 
8.39141 0.64800 
8.40636 0.64900 
8.42131 0.65000 
8.43627 0.65100 
8.45122 0.65200 
8.46618 0.65300 
8.48113 0.65400 
8.49608 0.65500 
8.51104 0.65600 
8.52599 0.65700 
8.54095 0.65800 
8.55590 0.65900 
8.57086 0.66000 
8.58581 0.66100 
8.60077 0.66200 
8.61572 0.66300 
8.63067 0.66400 
8.64563 0.66500 
8.66059 0.66600 
8.67554 0.66700 
8.69050 0.66800 
8.70545 0.66900 
8.72041 0.67000 
8.73536 0.67100 
8.75032 0.67200 
8.76527 0.67300 
8.78023 0.67400 
8.79518 0.67500 
8.81014 0.67600 
8.82510 0.67700 
8.84005 0.67800 
8.85501 0.67900 
8.86996 0.68000 
8.88492 0.68100 
8.89988 0.68200 
8.91483 0.68300 
8.92979 0.68400 
8.94475 0.68500 
8.95970 0.68600 
8.97466 0.68700 
8.98962 0.68800 
9.00457 0.68900 
9.01953 0.69000 
9.03449 0.69100 
9.04944 0.69200 
9.06440 0.69300 
9.07936 0.69400 
9.09431 0.69500 
9.10927 0.69600 
9.12423 0.69700 
9.13919 0.69800 
9.15414 0.69900 
9.16910 0.70000 
9.18406 0.70100 
9.19902 0.70200 
9.21397 0.70300 
9.22893 0.70400 
9.24389 0.70500 
9.25885 0.70600 
9.27380 0.70700 
9.28876 0.70800 
9.30372 0.70900 
9.31868 0.71000 
9.33364 0.71100 
9.34859 0.71200 
9.36355 0.71300 
9.37851 0.71400 
9.39347 0.71500 
9.40843 0.71600 
9.42338 0.71700 
9.43834 0.71800 
9.45330 0.71900 
9.46826 0.72000 
9.48322 0.72100 
9.49818 0.72200 
9.51313 0.72300 
9.52809 0.72400 
9.54305 0.72500 
9.55801 0.72600 
9.57297 0.72700 
9.58793 0.72800 
9.60289 0.72900 
9.61785 0.73000 
9.63280 0.73100 
9.64776 0.73200 
9.66272 0.73300 
9.67768 0.73400 
9.69264 0.73500 
9.70760 0.73600 
9.72256 0.73700 
9.73752 0.73800 
9.75248 0.73900 
9.76743 0.74000 
9.78239 0.74100 
9.79735 0.74200 
9.81231 0.74300 
9.82727 0.74400 
9.84223 0.74500 
9.85719 0.74600 
9.87215 0.74700 
9.88711 0.74800 
9.90207 0.74900 
9.91703 0.75000 
9.93199 0.75100 
9.94695 0.75200 
9.96191 0.75300 
9.97687 0.75400 
9.99183 0.75500 
10.00679 0.75600 
10.02175 0.75700 
10.03670 0.75800 
10.05166 0.75900 
10.06662 0.76000 
10.08158 0.76100 
10.09654 0.76200 
10.11150 0.76300 
10.12646 0.76400 
10.14142 0.76500 
10.15638 0.76600 
10.17134 0.76700 
10.18630 0.76800 
10.20126 0.76900 
10.21622 0.77000 
10.23118 0.77100 
10.24614 0.77200 
10.26110 0.77300 
10.27606 0.77400 
10.29102 0.77500 
10.30598 0.77600 
10.32094 0.77700 
10.33590 0.77800 
10.35086 0.77900 
10.36582 0.78000 
10.38078 0.78100 
10.39575 0.78200 
10.41071 0.78300 
10.42567 0.78400 
10.44063 0.78500 
10.45559 0.78600 
10.47055 0.78700 
10.48551 0.78800 
10.50047 0.78900 
10.51543 0.79000 
10.53039 0.79100 
10.54535 0.79200 
10.56031 0.79300 
10.57527 0.79400 
10.59023 0.79500 
10.60519 0.79600 
10.62015 0.79700 
10.63511 0.79800 
10.65007 0.79900 
10.66503 0.80000 
10.67999 0.80100 
10.69496 0.80200 
10.70992 0.80300 
10.72488 0.80400 
10.73984 0.80500 
10.75480 0.80600 
10.76976 0.80700 
10.78472 0.80800 
10.79968 0.80900 
10.81464 0.81000 
10.82960 0.81100 
10.84456 0.81200 
10.85952 0.81300 
10.87448 0.81400 
10.88945 0.81500 
10.90441 0.81600 
10.91937 0.81700 
10.93433 0.81800 
10.94929 0.81900 
10.96425 0.82000 
10.97921 0.82100 
10.99417 0.82200 
11.00913 0.82300 
11.02409 0.82400 
11.03905 0.82500 
11.05402 0.82600 
11.06898 0.82700 
11.08394 0.82800 
11.09890 0.82900 
11.11386 0.83000 
11.12882 0.83100 
11.14378 0.83200 
11.15874 0.83300 
11.17370 0.83400 
11.18867 0.83500 
11.20363 0.83600 
11.21859 0.83700 
11.23355 0.83800 
11.24851 0.83900 
11.26347 0.84000 
11.27843 0.84100 
11.29339 0.84200 
11.30836 0.84300 
11.32332 0.84400 
11.33828 0.84500 
11.35324 0.84600 
11.36820 0.84700 
11.38316 0.84800 
11.39812 0.84900 
11.41308 0.85000 
11.42805 0.85100 
11.44301 0.85200 
11.45797 0.85300 
11.47293 0.85400 
11.48789 0.85500 
11.50285 0.85600 
11.51781 0.85700 
11.53277 0.85800 
11.54774 0.85900 
11.56270 0.86000 
11.57766 0.86100 
11.59262 0.86200 
11.60758 0.86300 
11.62254 0.86400 
11.63750 0.86500 
11.65247 0.86600 
11.66743 0.86700 
11.68239 0.86800 
11.69735 0.86900 
11.71231 0.87000 
11.72727 0.87100 
11.74223 0.87200 
11.75720 0.87300 
11.77216 0.87400 
11.78712 0.87500 
11.80208 0.87600 
11.81704 0.87700 
11.83200 0.87800 
11.84697 0.87900 
11.86193 0.88000 
11.87689 0.88100 
11.89185 0.88200 
11.90681 0.88300 
11.92177 0.88400 
11.93673 0.88500 
11.95170 0.88600 
11.96666 0.88700 
11.98162 0.88800 
11.99658 0.88900 
12.01154 0.89000 
12.02650 0.89100 
12.04147 0.89200 
12.05643 0.89300 
12.07139 0.89400 
12.08635 0.89500 
12.10131 0.89600 
12.11627 0.89700 
12.13124 0.89800 
12.14620 0.89900 
12.16116 0.90000 
12.17612 0.90100 
12.19108 0.90200 
12.20604 0.90300 
12.22101 0.90400 
12.23597 0.90500 
12.25093 0.90600 
12.26589 0.90700 
12.28085 0.90800 
12.29581 0.90900 
12.31078 0.91000 
12.32574 0.91100 
12.34070 0.91200 
12.35566 0.91300 
12.37062 0.91400 
12.38559 0.91500 
12.40055 0.91600 
12.41551 0.91700 
12.43047 0.91800 
12.44543 0.91900 
12.46039 0.92000 
12.47536 0.92100 
12.49032 0.92200 
12.50528 0.92300 
12.52024 0.92400 
12.53520 0.92500 
12.55016 0.92600 
12.56513 0.92700 
12.58009 0.92800 
12.59505 0.92900 
12.61001 0.93000 
12.62497 0.93100 
12.63994 0.93200 
12.65490 0.93300 
12.66986 0.93400 
12.68482 0.93500 
12.69978 0.93600 
12.71474 0.93700 
12.72971 0.93800 
12.74467 0.93900 
12.75963 0.94000 
12.77459 0.94100 
12.78955 0.94200 
12.80452 0.94300 
12.81948 0.94400 
12.83444 0.94500 
12.84940 0.94600 
12.86436 0.94700 
12.87933 0.94800 
12.89429 0.94900 
12.90925 0.95000 
12.92421 0.95100 
12.93917 0.95200 
12.95413 0.95300 
12.96910 0.95400 
12.98406 0.95500 
12.99902 0.95600 
13.01398 0.95700 
13.02894 0.95800 
13.04391 0.95900 
13.05887 0.96000 
13.07383 0.96100 
13.08879 0.96200 
13.10375 0.96300 
13.11872 0.96400 
13.13368 0.96500 
13.14864 0.96600 
13.16360 0.96700 
13.17856 0.96800 
13.19353 0.96900 
13.20849 0.97000 
13.22345 0.97100 
13.23841 0.97200 
13.25337 0.97300 
13.26833 0.97400 
13.28330 0.97500 
13.29826 0.97600 
13.31322 0.97700 
13.32818 0.97800 
13.34314 0.97900 
13.35811 0.98000 
13.37307 0.98100 
13.38803 0.98200 
13.40299 0.98300 
13.41795 0.98400 
13.43292 0.98500 
13.44788 0.98600 
13.46284 0.98700 
13.47780 0.98800 
13.49276 0.98900 
13.50773 0.99000 
13.52269 0.99100 
13.53765 0.99200 
13.55261 0.99300 
13.56757 0.99400 
13.58254 0.99500 
13.59750 0.99600 
13.61246 0.99700 
13.62742 0.99800 
13.64238 0.99900 
13.65735 1.00000 
13.67231 1.00100 
13.68727 1.00200 
13.70223 1.00300 
13.71719 1.00400 
13.73216 1.00500 
13.74712 1.00600 
13.76208 1.00700 
13.77704 1.00800 
13.79200 1.00900 
13.80697 1.01000 
13.82193 1.01100 
13.83689 1.01200 
13.85185 1.01300 
13.86681 1.01400 
13.88178 1.01500 
13.89674 1.01600 
13.91170 1.01700 
13.92666 1.01800 
13.94162 1.01900 
13.95659 1.02000 
13.97155 1.02100 
13.98651 1.02200 
14.00147 1.02300 
14.01643 1.02400 
14.03140 1.02500 
14.04636 1.02600 
14.06132 1.02700 
14.07628 1.02800 
14.09124 1.02900 
14.10621 1.03000 
14.12117 1.03100 
14.13613 1.03200 
14.15109 1.03300 
14.16606 1.03400 
14.18102 1.03500 
14.19598 1.03600 
14.21094 1.03700 
14.22590 1.03800 
14.24087 1.03900 
14.25583 1.04000 
14.27079 1.04100 
14.28575 1.04200 
14.30071 1.04300 
14.31568 1.04400 
14.33064 1.04500 
14.34560 1.04600 
14.36056 1.04700 
14.37552 1.04800 
14.39049 1.04900 
14.40545 1.05000 
14.42041 1.05100 
14.43537 1.05200 
14.45033 1.05300 
14.46530 1.05400 
14.48026 1.05500 
14.49522 1.05600 
14.51018 1.05700 
14.52514 1.05800 
14.54011 1.05900 
14.55507 1.06000 
14.57003 1.06100 
14.58499 1.06200 
14.59995 1.06300 
14.61492 1.06400 
14.62988 1.06500 
14.64484 1.06600 
14.65980 1.06700 
14.67477 1.06800 
14.68973 1.06900 
14.70469 1.07000 
14.71965 1.07100 
14.73461 1.07200 
14.74958 1.07300 
14.76454 1.07400 
14.77950 1.07500 
14.79446 1.07600 
14.80942 1.07700 
14.82439 1.07800 
14.83935 1.07900 
14.85431 1.08000 
14.86927 1.08100 
14.88423 1.08200 
14.89920 1.08300 
14.91416 1.08400 
14.92912 1.08500 
14.94408 1.08600 
14.95905 1.08700 
14.97401 1.08800 
14.98897 1.08900 
15.00393 1.09000 
15.01889 1.09100 
15.03386 1.09200 
15.04882 1.09300 
15.06378 1.09400 
15.07874 1.09500 
15.09370 1.09600 
15.10867 1.09700 
15.12363 1.09800 
15.13859 1.09900 
15.15355 1.10000 
15.16851 1.10100 
15.18348 1.10200 
15.19844 1.10300 
15.21340 1.10400 
15.22836 1.10500 
15.24333 1.10600 
15.25829 1.10700 
15.27325 1.10800 
15.28821 1.10900 
15.30317 1.11000 
15.31814 1.11100 
15.33310 1.11200 
15.34806 1.11300 
15.36302 1.11400 
15.37798 1.11500 
15.39295 1.11600 
15.40791 1.11700 
15.42287 1.11800 
15.43783 1.11900 
15.45279 1.12000 
15.46776 1.12100 
15.48272 1.12200 
15.49768 1.12300 
15.51264 1.12400 
15.52761 1.12500 
15.54257 1.12600 
15.55753 1.12700 
15.57249 1.12800 
15.58745 1.12900 
15.60242 1.13000 
15.61738 1.13100 
15.63234 1.13200 
15.64730 1.13300 
15.66226 1.13400 
15.67723 1.13500 
15.69219 1.13600 
15.70715 1.13700 
15.72211 1.13800 
15.73707 1.13900 
15.75204 1.14000 
15.76700 1.14100 
15.78196 1.14200 
15.79692 1.14300 
15.81189 1.14400 
15.82685 1.14500 
15.84181 1.14600 
15.85677 1.14700 
15.87173 1.14800 
15.88670 1.14900 
15.90166 1.15000 
15.91662 1.15100 
15.93158 1.15200 
15.94654 1.15300 
15.96151 1.15400 
15.97647 1.15500 
15.99143 1.15600 
16.00639 1.15700 
16.02136 1.15800 
16.03632 1.15900 
16.05128 1.16000 
16.06624 1.16100 
16.08120 1.16200 
16.09617 1.16300 
16.11113 1.16400 
16.12609 1.16500 
16.14105 1.16600 
16.15601 1.16700 
16.17098 1.16800 
16.18594 1.16900 
16.20090 1.17000 
16.21586 1.17100 
16.23082 1.17200 
16.24579 1.17300 
16.26075 1.17400 
16.27571 1.17500 
16.29067 1.17600 
16.30564 1.17700 
16.32060 1.17800 
16.33556 1.17900 
16.35052 1.18000 
16.36548 1.18100 
16.38045 1.18200 
16.39541 1.18300 
16.41037 1.18400 
16.42533 1.18500 
16.44029 1.18600 
16.45526 1.18700 
16.47022 1.18800 
16.48518 1.18900 
16.50014 1.19000 
16.51511 1.19100 
16.53007 1.19200 
16.54503 1.19300 
16.55999 1.19400 
16.57495 1.19500 
16.58992 1.19600 
16.60488 1.19700 
16.61984 1.19800 
16.63480 1.19900 
16.64976 1.20000 
16.66473 1.20100 
16.67969 1.20200 
16.69465 1.20300 
16.70961 1.20400 
16.72458 1.20500 
16.73954 1.20600 
16.75450 1.20700 
16.76946 1.20800 
16.78442 1.20900 
16.79939 1.21000 
16.81435 1.21100 
16.82931 1.21200 
16.84427 1.21300 
16.85923 1.21400 
16.87420 1.21500 
16.88916 1.21600 
16.90412 1.21700 
16.91908 1.21800 
16.93405 1.21900 
16.94901 1.22000 
16.96397 1.22100 
16.97893 1.22200 
16.99389 1.22300 
17.00886 1.22400 
17.02382 1.22500 
17.03878 1.22600 
17.05374 1.22700 
17.06870 1.22800 
17.08367 1.22900 
17.09863 1.23000 
17.11359 1.23100 
17.12855 1.23200 
17.14352 1.23300 
17.15848 1.23400 
17.17344 1.23500 
17.18840 1.23600 
17.20336 1.23700 
17.21833 1.23800 
17.23329 1.23900 
17.24825 1.24000 
17.26321 1.24100 
17.27817 1.24200 
17.29314 1.24300 
17.30810 1.24400 
17.32306 1.24500 
17.33802 1.24600 
17.35299 1.24700 
17.36795 1.24800 
17.38291 1.24900 
17.39787 1.25000 
17.41283 1.25100 
17.42780 1.25200 
17.44276 1.25300 
17.45772 1.25400 
17.47268 1.25500 
17.48764 1.25600 
17.50261 1.25700 
17.51757 1.25800 
17.53253 1.25900 
17.54749 1.26000 
17.56246 1.26100 
17.57742 1.26200 
17.59238 1.26300 
17.60734 1.26400 
17.62230 1.26500 
17.63727 1.26600 
17.65223 1.26700 
17.66719 1.26800 
17.68215 1.26900 
17.69711 1.27000 
17.71208 1.27100 
17.72704 1.27200 
17.74200 1.27300 
17.75696 1.27400 
17.77193 1.27500 
17.78689 1.27600 
17.80185 1.27700 
17.81681 1.27800 
17.83177 1.27900 
17.84674 1.28000 
17.86170 1.28100 
17.87666 1.28200 
17.89162 1.28300 
17.90658 1.28400 
17.92155 1.28500 
17.93651 1.28600 
17.95147 1.28700 
17.96643 1.28800 
17.98140 1.28900 
17.99636 1.29000 
18.01132 1.29100 
18.02628 1.29200 
18.04124 1.29300 
18.05621 1.29400 
18.07117 1.29500 
18.08613 1.29600 
18.10109 1.29700 
18.11605 1.29800 
18.13102 1.29900 
18.14598 1.30000 
18.16094 1.30100 
18.17590 1.30200 
18.19087 1.30300 
18.20583 1.30400 
18.22079 1.30500 
18.23575 1.30600 
18.25071 1.30700 
18.26568 1.30800 
18.28064 1.30900 
18.29560 1.31000 
18.31056 1.31100 
18.32552 1.31200 
18.34049 1.31300 
18.35545 1.31400 
18.37041 1.31500 
18.38537 1.31600 
18.40034 1.31700 
18.41530 1.31800 
18.43026 1.31900 
18.44522 1.32000 
18.46018 1.32100 
18.47515 1.32200 
18.49011 1.32300 
18.50507 1.32400 
18.52003 1.32500 
18.53499 1.32600 
18.54996 1.32700 
18.56492 1.32800 
18.57988 1.32900 
18.59484 1.33000 
18.60981 1.33100 
18.62477 1.33200 
18.63973 1.33300 
18.65469 1.33400 
18.66965 1.33500 
18.68462 1.33600 
18.69958 1.33700 
18.71454 1.33800 
18.72950 1.33900 
18.74447 1.34000 
18.75943 1.34100 
18.77439 1.34200 
18.78935 1.34300 
18.80431 1.34400 
18.81928 1.34500 
18.83424 1.34600 
18.84920 1.34700 
18.86416 1.34800 
18.87912 1.34900 
18.89409 1.35000 
18.90905 1.35100 
18.92401 1.35200 
18.93897 1.35300 
18.95394 1.35400 
18.96890 1.35500 
18.98386 1.35600 
18.99882 1.35700 
19.01378 1.35800 
19.02875 1.35900 
19.04371 1.36000 
19.05867 1.36100 
19.07363 1.36200 
19.08859 1.36300 
19.10356 1.36400 
19.11852 1.36500 
19.13348 1.36600 
19.14844 1.36700 
19.16341 1.36800 
19.17837 1.36900 
19.19333 1.37000 
19.20829 1.37100 
19.22325 1.37200 
19.23822 1.37300 
19.25318 1.37400 
19.26814 1.37500 
19.28310 1.37600 
19.29806 1.37700 
19.31303 1.37800 
19.32799 1.37900 
19.34295 1.38000 
19.35791 1.38100 
19.37288 1.38200 
19.38784 1.38300 
19.40280 1.38400 
19.41776 1.38500 
19.43272 1.38600 
19.44769 1.38700 
19.46265 1.38800 
19.47761 1.38900 
19.49257 1.39000 
19.50753 1.39100 
19.52250 1.39200 
19.53746 1.39300 
19.55242 1.39400 
19.56738 1.39500 
19.58235 1.39600 
19.59731 1.39700 
19.61227 1.39800 
19.62723 1.39900 
19.64219 1.40000 
19.65716 1.40100 
19.67212 1.40200 
19.68708 1.40300 
19.70204 1.40400 
19.71700 1.40500 
19.73197 1.40600 
19.74693 1.40700 
19.76189 1.40800 
19.77685 1.40900 
19.79182 1.41000 
19.80678 1.41100 
19.82174 1.41200 
19.83670 1.41300 
19.85166 1.41400 
19.86663 1.41500 
19.88159 1.41600 
19.89655 1.41700 
19.91151 1.41800 
19.92647 1.41900 
19.94144 1.42000 
19.95640 1.42100 
19.97136 1.42200 
19.98632 1.42300 
20.00129 1.42400 
20.01625 1.42500 
20.03121 1.42600 
20.04617 1.42700 
20.06113 1.42800 
20.07610 1.42900 
20.09106 1.43000 
20.10602 1.43100 
20.12098 1.43200 
20.13594 1.43300 
20.15091 1.43400 
20.16587 1.43500 
20.18083 1.43600 
20.19579 1.43700 
20.21076 1.43800 
20.22572 1.43900 
20.24068 1.44000 
20.25564 1.44100 
20.27060 1.44200 
20.28557 1.44300 
20.30053 1.44400 
20.31549 1.44500 
20.33045 1.44600 
20.34542 1.44700 
20.36038 1.44800 
20.37534 1.44900 
20.39030 1.45000 
20.40526 1.45100 
20.42023 1.45200 
20.43519 1.45300 
20.45015 1.45400 
20.46511 1.45500 
20.48007 1.45600 
20.49504 1.45700 
20.51000 1.45800 
20.52496 1.45900 
20.53992 1.46000 
20.55489 1.46100 
20.56985 1.46200 
20.58481 1.46300 
20.59977 1.46400 
20.61473 1.46500 
20.62970 1.46600 
20.64466 1.46700 
20.65962 1.46800 
20.67458 1.46900 
20.68954 1.47000 
20.70451 1.47100 
20.71947 1.47200 
20.73443 1.47300 
20.74939 1.47400 
20.76436 1.47500 
20.77932 1.47600 
20.79428 1.47700 
20.80924 1.47800 
20.82420 1.47900 
20.83917 1.48000 
20.85413 1.48100 
20.86909 1.48200 
20.88405 1.48300 
20.89901 1.48400 
20.91398 1.48500 
20.92894 1.48600 
20.94390 1.48700 
20.95886 1.48800 
20.97383 1.48900 
20.98879 1.49000 
21.00375 1.49100 
21.01871 1.49200 
21.03367 1.49300 
21.04864 1.49400 
21.06360 1.49500 
21.07856 1.49600 
21.09352 1.49700 
21.10848 1.49800 
21.12345 1.49900 
21.13841 1.50000 
21.15337 1.50100 
21.16833 1.50200 
21.18330 1.50300 
21.19826 1.50400 
21.21322 1.50500 
21.22818 1.50600 
21.24314 1.50700 
21.25811 1.50800 
21.27307 1.50900 
21.28803 1.51000 
21.30299 1.51100 
21.31795 1.51200 
21.33292 1.51300 
21.34788 1.51400 
21.36284 1.51500 
21.37780 1.51600 
21.39277 1.51700 
21.40773 1.51800 
21.42269 1.51900 
21.43765 1.52000 
21.45261 1.52100 
21.46758 1.52200 
21.48254 1.52300 
21.49750 1.52400 
21.51246 1.52500 
21.52743 1.52600 
21.54239 1.52700 
21.55735 1.52800 
21.57231 1.52900 
21.58727 1.53000 
21.60224 1.53100 
21.61720 1.53200 
21.63216 1.53300 
21.64712 1.53400 
21.66208 1.53500 
21.67705 1.53600 
21.69201 1.53700 
21.70697 1.53800 
21.72193 1.53900 
21.73690 1.54000 
21.75186 1.54100 
21.76682 1.54200 
21.78178 1.54300 
21.79674 1.54400 
21.81171 1.54500 
21.82667 1.54600 
21.84163 1.54700 
21.85659 1.54800 
21.87155 1.54900 
21.88652 1.55000 
21.90148 1.55100 
21.91644 1.55200 
21.93140 1.55300 
21.94637 1.55400 
21.96133 1.55500 
21.97629 1.55600 
21.99125 1.55700 
22.00621 1.55800 
22.02118 1.55900 
22.03614 1.56000 
22.05110 1.56100 
22.06606 1.56200 
22.08102 1.56300 
22.09599 1.56400 
22.11095 1.56500 
22.12591 1.56600 
22.14087 1.56700 
22.15584 1.56800 
22.17080 1.56900 
22.18576 1.57000 
22.20072 1.57100 
22.21568 1.57200 
22.23065 1.57300 
22.24561 1.57400 
22.26057 1.57500 
22.27553 1.57600 
22.29049 1.57700 
22.30546 1.57800 
22.32042 1.57900 
22.33538 1.58000 
22.35034 1.58100 
22.36531 1.58200 
22.38027 1.58300 
22.39523 1.58400 
22.41019 1.58500 
22.42515 1.58600 
22.44012 1.58700 
22.45508 1.58800 
22.47004 1.58900 
22.48500 1.59000 
22.49996 1.59100 
22.51493 1.59200 
22.52989 1.59300 
22.54485 1.59400 
22.55981 1.59500 
22.57478 1.59600 
22.58974 1.59700 
22.60470 1.59800 
22.61966 1.59900 
22.63462 1.60000 
22.64959 1.60100 
22.66455 1.60200 
22.67951 1.60300 
22.69447 1.60400 
22.70944 1.60500 
22.72440 1.60600 
22.73936 1.60700 
22.75432 1.60800 
22.76928 1.60900 
22.78425 1.61000 
22.79921 1.61100 
22.81417 1.61200 
22.82913 1.61300 
22.84409 1.61400 
22.85906 1.61500 
22.87402 1.61600 
22.88898 1.61700 
22.90394 1.61800 
22.91891 1.61900 
22.93387 1.62000 
22.94883 1.62100 
22.96379 1.62200 
22.97875 1.62300 
22.99372 1.62400 
23.00868 1.62500 
23.02364 1.62600 
23.03860 1.62700 
23.05356 1.62800 
23.06853 1.62900 
23.08349 1.63000 
23.09845 1.63100 
23.11341 1.63200 
23.12838 1.63300 
23.14334 1.63400 
23.15830 1.63500 
23.17326 1.63600 
23.18822 1.63700 
23.20319 1.63800 
23.21815 1.63900 
23.23311 1.64000 
23.24807 1.64100 
23.26303 1.64200 
23.27800 1.64300 
23.29296 1.64400 
23.30792 1.64500 
23.32288 1.64600 
23.33785 1.64700 
23.35281 1.64800 
23.36777 1.64900 
23.38273 1.65000 
23.39769 1.65100 
23.41266 1.65200 
23.42762 1.65300 
23.44258 1.65400 
23.45754 1.65500 
23.47250 1.65600 
23.48747 1.65700 
23.50243 1.65800 
23.51739 1.65900 
23.53235 1.66000 
23.54732 1.66100 
23.56228 1.66200 
23.57724 1.66300 
23.59220 1.66400 
23.60716 1.66500 
23.62213 1.66600 
23.63709 1.66700 
23.65205 1.66800 
23.66701 1.66900 
23.68197 1.67000 
23.69694 1.67100 
23.71190 1.67200 
23.72686 1.67300 
23.74182 1.67400 
23.75679 1.67500 
23.77175 1.67600 
23.78671 1.67700 
23.80167 1.67800 
23.81663 1.67900 
23.83160 1.68000 
23.84656 1.68100 
23.86152 1.68200 
23.87648 1.68300 
23.89145 1.68400 
23.90641 1.68500 
23.92137 1.68600 
23.93633 1.68700 
23.95129 1.68800 
23.96626 1.68900 
23.98122 1.69000 
23.99618 1.69100 
24.01114 1.69200 
24.02610 1.69300 
24.04107 1.69400 
24.05603 1.69500 
24.07099 1.69600 
24.08595 1.69700 
24.10092 1.69800 
24.11588 1.69900 
24.13084 1.70000 
24.14580 1.70100 
24.16076 1.70200 
24.17573 1.70300 
24.19069 1.70400 
24.20565 1.70500 
24.22061 1.70600 
24.23557 1.70700 
24.25054 1.70800 
24.26550 1.70900 
24.28046 1.71000 
24.29542 1.71100 
24.31039 1.71200 
24.32535 1.71300 
24.34031 1.71400 
24.35527 1.71500 
24.37023 1.71600 
24.38520 1.71700 
24.40016 1.71800 
24.41512 1.71900 
24.43008 1.72000 
24.44504 1.72100 
24.46001 1.72200 
24.47497 1.72300 
24.48993 1.72400 
24.50489 1.72500 
24.51986 1.72600 
24.53482 1.72700 
24.54978 1.72800 
24.56474 1.72900 
24.57970 1.73000 
24.59467 1.73100 
24.60963 1.73200 
24.62459 1.73300 
24.63955 1.73400 
24.65451 1.73500 
24.66948 1.73600 
24.68444 1.73700 
24.69940 1.73800 
24.71436 1.73900 
24.72933 1.74000 
24.74429 1.74100 
24.75925 1.74200 
24.77421 1.74300 
24.78917 1.74400 
24.80414 1.74500 
24.81910 1.74600 
24.83406 1.74700 
24.84902 1.74800 
24.86398 1.74900 
24.87895 1.75000 
24.89391 1.75100 
24.90887 1.75200 
24.92383 1.75300 
24.93880 1.75400 
24.95376 1.75500 
24.96872 1.75600 
24.98368 1.75700 
24.99864 1.75800 
25.01361 1.75900 
25.02857 1.76000 
25.04353 1.76100 
25.05849 1.76200 
25.07346 1.76300 
25.08842 1.76400 
25.10338 1.76500 
25.11834 1.76600 
25.13330 1.76700 
25.14827 1.76800 
25.16323 1.76900 
25.17819 1.77000 
25.19315 1.77100 
25.20811 1.77200 
25.22308 1.77300 
25.23804 1.77400 
25.25300 1.77500 
25.26796 1.77600 
25.28293 1.77700 
25.29789 1.77800 
25.31285 1.77900 
25.32781 1.78000 
25.34277 1.78100 
25.35774 1.78200 
25.37270 1.78300 
25.38766 1.78400 
25.40262 1.78500 
25.41758 1.78600 
25.43255 1.78700 
25.44751 1.78800 
25.46247 1.78900 
25.47743 1.79000 
25.49240 1.79100 
25.50736 1.79200 
25.52232 1.79300 
25.53728 1.79400 
25.55224 1.79500 
25.56721 1.79600 
25.58217 1.79700 
25.59713 1.79800 
25.61209 1.79900 
25.62705 1.80000 
25.64202 1.80100 
25.65698 1.80200 
25.67194 1.80300 
25.68690 1.80400 
25.70187 1.80500 
25.71683 1.80600 
25.73179 1.80700 
25.74675 1.80800 
25.76171 1.80900 
25.77668 1.81000 
25.79164 1.81100 
25.80660 1.81200 
25.82156 1.81300 
25.83652 1.81400 
25.85149 1.81500 
25.86645 1.81600 
25.88141 1.81700 
25.89637 1.81800 
25.91134 1.81900 
25.92630 1.82000 
25.94126 1.82100 
25.95622 1.82200 
25.97118 1.82300 
25.98615 1.82400 
26.00111 1.82500 
26.01607 1.82600 
26.03103 1.82700 
26.04600 1.82800 
26.06096 1.82900 
26.07592 1.83000 
26.09088 1.83100 
26.10584 1.83200 
26.12081 1.83300 
26.13577 1.83400 
26.15073 1.83500 
26.16569 1.83600 
26.18065 1.83700 
26.19562 1.83800 
26.21058 1.83900 
26.22554 1.84000 
26.24050 1.84100 
26.25547 1.84200 
26.27043 1.84300 
26.28539 1.84400 
26.30035 1.84500 
26.31531 1.84600 
26.33028 1.84700 
26.34524 1.84800 
26.36020 1.84900 
26.37516 1.85000 
26.39012 1.85100 
26.40509 1.85200 
26.42005 1.85300 
26.43501 1.85400 
26.44997 1.85500 
26.46494 1.85600 
26.47990 1.85700 
26.49486 1.85800 
26.50982 1.85900 
26.52478 1.86000 
26.53975 1.86100 
26.55471 1.86200 
26.56967 1.86300 
26.58463 1.86400 
26.59959 1.86500 
26.61456 1.86600 
26.62952 1.86700 
26.64448 1.86800 
26.65944 1.86900 
26.67441 1.87000 
26.68937 1.87100 
26.70433 1.87200 
26.71929 1.87300 
26.73425 1.87400 
26.74922 1.87500 
26.76418 1.87600 
26.77914 1.87700 
26.79410 1.87800 
26.80906 1.87900 
26.82403 1.88000 
26.83899 1.88100 
26.85395 1.88200 
26.86891 1.88300 
26.88388 1.88400 
26.89884 1.88500 
26.91380 1.88600 
26.92876 1.88700 
26.94372 1.88800 
26.95869 1.88900 
26.97365 1.89000 
26.98861 1.89100 
27.00357 1.89200 
27.01853 1.89300 
27.03350 1.89400 
27.04846 1.89500 
27.06342 1.89600 
27.07838 1.89700 
27.09335 1.89800 
27.10831 1.89900 
27.12327 1.90000 
27.13823 1.90100 
27.15319 1.90200 
27.16816 1.90300 
27.18312 1.90400 
27.19808 1.90500 
27.21304 1.90600 
27.22801 1.90700 
27.24297 1.90800 
27.25793 1.90900 
27.27289 1.91000 
27.28785 1.91100 
27.30282 1.91200 
27.31778 1.91300 
27.33274 1.91400 
27.34770 1.91500 
27.36266 1.91600 
27.37763 1.91700 
27.39259 1.91800 
27.40755 1.91900 
27.42251 1.92000 
27.43748 1.92100 
27.45244 1.92200 
27.46740 1.92300 
27.48236 1.92400 
27.49732 1.92500 
27.51229 1.92600 
27.52725 1.92700 
27.54221 1.92800 
27.55717 1.92900 
27.57213 1.93000 
27.58710 1.93100 
27.60206 1.93200 
27.61702 1.93300 
27.63198 1.93400 
27.64695 1.93500 
27.66191 1.93600 
27.67687 1.93700 
27.69183 1.93800 
27.70679 1.93900 
27.72176 1.94000 
27.73672 1.94100 
27.75168 1.94200 
27.76664 1.94300 
27.78160 1.94400 
27.79657 1.94500 
27.81153 1.94600 
27.82649 1.94700 
27.84145 1.94800 
27.85642 1.94900 
27.87138 1.95000 
27.88634 1.95100 
27.90130 1.95200 
27.91626 1.95300 
27.93123 1.95400 
27.94619 1.95500 
27.96115 1.95600 
27.97611 1.95700 
27.99107 1.95800 
28.00604 1.95900 
28.02100 1.96000 
28.03596 1.96100 
28.05092 1.96200 
28.06589 1.96300 
28.08085 1.96400 
28.09581 1.96500 
28.11077 1.96600 
28.12573 1.96700 
28.14070 1.96800 
28.15566 1.96900 
28.17062 1.97000 
28.18558 1.97100 
28.20054 1.97200 
28.21551 1.97300 
28.23047 1.97400 
28.24543 1.97500 
28.26039 1.97600 
28.27536 1.97700 
28.29032 1.97800 
28.30528 1.97900 
28.32024 1.98000 
28.33520 1.98100 
28.35017 1.98200 
28.36513 1.98300 
28.38009 1.98400 
28.39505 1.98500 
28.41002 1.98600 
28.42498 1.98700 
28.43994 1.98800 
28.45490 1.98900 
28.46986 1.99000 
28.48483 1.99100 
28.49979 1.99200 
28.51475 1.99300 
28.52971 1.99400 
28.54467 1.99500 
28.55964 1.99600 
28.57460 1.99700 
28.58956 1.99800 
28.60452 1.99900 
28.61949 2.00000 
28.63445 2.00100 
28.64941 2.00200 
28.66437 2.00300 
28.67933 2.00400 
28.69430 2.00500 
28.70926 2.00600 
28.72422 2.00700 
28.73918 2.00800 
28.75414 2.00900 
28.76911 2.01000 
28.78407 2.01100 
28.79903 2.01200 
28.81399 2.01300 
28.82896 2.01400 
28.84392 2.01500 
28.85888 2.01600 
28.87384 2.01700 
28.88880 2.01800 
28.90377 2.01900 
28.91873 2.02000 
28.93369 2.02100 
28.94865 2.02200 
28.96361 2.02300 
28.97858 2.02400 
28.99354 2.02500 
29.00850 2.02600 
29.02346 2.02700 
29.03843 2.02800 
29.05339 2.02900 
29.06835 2.03000 
29.08331 2.03100 
29.09827 2.03200 
29.11324 2.03300 
29.12820 2.03400 
29.14316 2.03500 
29.15812 2.03600 
29.17308 2.03700 
29.18805 2.03800 
29.20301 2.03900 
29.21797 2.04000 
29.23293 2.04100 
29.24790 2.04200 
29.26286 2.04300 
29.27782 2.04400 
29.29278 2.04500 
29.30774 2.04600 
29.32271 2.04700 
29.33767 2.04800 
29.35263 2.04900 
29.36759 2.05000 
29.38255 2.05100 
29.39752 2.05200 
29.41248 2.05300 
29.42744 2.05400 
29.44240 2.05500 
29.45737 2.05600 
29.47233 2.05700 
29.48729 2.05800 
29.50225 2.05900 
29.51721 2.06000 
29.53218 2.06100 
29.54714 2.06200 
29.56210 2.06300 
29.57706 2.06400 
29.59203 2.06500 
29.60699 2.06600 
29.62195 2.06700 
29.63691 2.06800 
29.65187 2.06900 
29.66684 2.07000 
29.68180 2.07100 
29.69676 2.07200 
29.71172 2.07300 
29.72668 2.07400 
29.74165 2.07500 
29.75661 2.07600 
29.77157 2.07700 
29.78653 2.07800 
29.80150 2.07900 
29.81646 2.08000 
29.83142 2.08100 
29.84638 2.08200 
29.86134 2.08300 
29.87631 2.08400 
29.89127 2.08500 
29.90623 2.08600 
29.92119 2.08700 
29.93615 2.08800 
29.95112 2.08900 
29.96608 2.09000 
29.98104 2.09100 
29.99600 2.09200 
30.01097 2.09300 
30.02593 2.09400 
30.04089 2.09500 
30.05585 2.09600 
30.07081 2.09700 
30.08578 2.09800 
30.10074 2.09900 
30.11570 2.10000 
30.13066 2.10100 
30.14562 2.10200 
30.16059 2.10300 
30.17555 2.10400 
30.19051 2.10500 
30.20547 2.10600 
30.22044 2.10700 
30.23540 2.10800 
30.25036 2.10900 
30.26532 2.11000 
30.28028 2.11100 
30.29525 2.11200 
30.31021 2.11300 
30.32517 2.11400 
30.34013 2.11500 
30.35509 2.11600 
30.37006 2.11700 
30.38502 2.11800 
30.39998 2.11900 
30.41494 2.12000 
30.42991 2.12100 
30.44487 2.12200 
30.45983 2.12300 
30.47479 2.12400 
30.48975 2.12500 
30.50472 2.12600 
30.51968 2.12700 
30.53464 2.12800 
30.54960 2.12900 
30.56456 2.13000 
30.57953 2.13100 
30.59449 2.13200 
30.60945 2.13300 
30.62441 2.13400 
30.63938 2.13500 
30.65434 2.13600 
30.66930 2.13700 
30.68426 2.13800 
30.69922 2.13900 
30.71419 2.14000 
30.72915 2.14100 
30.74411 2.14200 
30.75907 2.14300 
30.77404 2.14400 
30.78900 2.14500 
30.80396 2.14600 
30.81892 2.14700 
30.83388 2.14800 
30.84885 2.14900 
30.86381 2.15000 
30.87877 2.15100 
30.89373 2.15200 
30.90869 2.15300 
30.92366 2.15400 
30.93862 2.15500 
30.95358 2.15600 
30.96854 2.15700 
30.98351 2.15800 
30.99847 2.15900 
31.01343 2.16000 
31.02839 2.16100 
31.04335 2.16200 
31.05832 2.16300 
31.07328 2.16400 
31.08824 2.16500 
31.10320 2.16600 
31.11816 2.16700 
31.13313 2.16800 
31.14809 2.16900 
31.16305 2.17000 
31.17801 2.17100 
31.19298 2.17200 
31.20794 2.17300 
31.22290 2.17400 
31.23786 2.17500 
31.25282 2.17600 
31.26779 2.17700 
31.28275 2.17800 
31.29771 2.17900 
31.31267 2.18000 
31.32763 2.18100 
31.34260 2.18200 
31.35756 2.18300 
31.37252 2.18400 
31.38748 2.18500 
31.40245 2.18600 
31.41741 2.18700 
31.43237 2.18800 
31.44733 2.18900 
31.46229 2.19000 
31.47726 2.19100 
31.49222 2.19200 
31.50718 2.19300 
31.52214 2.19400 
31.53710 2.19500 
31.55207 2.19600 
31.56703 2.19700 
31.58199 2.19800 
31.59695 2.19900 
31.61192 2.20000 
31.62688 2.20100 
31.64184 2.20200 
31.65680 2.20300 
31.67176 2.20400 
31.68673 2.20500 
31.70169 2.20600 
31.71665 2.20700 
31.73161 2.20800 
31.74658 2.20900 
31.76154 2.21000 
31.77650 2.21100 
31.79146 2.21200 
31.80642 2.21300 
31.82139 2.21400 
31.83635 2.21500 
31.85131 2.21600 
31.86627 2.21700 
31.88123 2.21800 
31.89620 2.21900 
31.91116 2.22000 
31.92612 2.22100 
31.94108 2.22200 
31.95605 2.22300 
31.97101 2.22400 
31.98597 2.22500 
32.00093 2.22600 
32.01589 2.22700 
32.03086 2.22800 
32.04582 2.22900 
32.06078 2.23000 
32.07574 2.23100 
32.09070 2.23200 
32.10567 2.23300 
32.12063 2.23400 
32.13559 2.23500 
32.15055 2.23600 
32.16552 2.23700 
32.18048 2.23800 
32.19544 2.23900 
32.21040 2.24000 
32.22536 2.24100 
32.24033 2.24200 
32.25529 2.24300 
32.27025 2.24400 
32.28521 2.24500 
32.30017 2.24600 
32.31514 2.24700 
32.33010 2.24800 
32.34506 2.24900 
32.36002 2.25000 
32.37499 2.25100 
32.38995 2.25200 
32.40491 2.25300 
32.41987 2.25400 
32.43483 2.25500 
32.44980 2.25600 
32.46476 2.25700 
32.47972 2.25800 
32.49468 2.25900 
32.50964 2.26000 
32.52461 2.26100 
32.53957 2.26200 
32.55453 2.26300 
32.56949 2.26400 
32.58446 2.26500 
32.59942 2.26600 
32.61438 2.26700 
32.62934 2.26800 
32.64430 2.26900 
32.65927 2.27000 
32.67423 2.27100 
32.68919 2.27200 
32.70415 2.27300 
32.71911 2.27400 
32.73408 2.27500 
32.74904 2.27600 
32.76400 2.27700 
32.77896 2.27800 
32.79393 2.27900 
32.80889 2.28000 
32.82385 2.28100 
32.83881 2.28200 
32.85377 2.28300 
32.86874 2.28400 
32.88370 2.28500 
32.89866 2.28600 
32.91362 2.28700 
32.92859 2.28800 
32.94355 2.28900 
32.95851 2.29000 
32.97347 2.29100 
32.98843 2.29200 
33.00340 2.29300 
33.01836 2.29400 
33.03332 2.29500 
33.04828 2.29600 
33.06324 2.29700 
33.07821 2.29800 
33.09317 2.29900 
33.10813 2.30000 
33.12309 2.30100 
33.13806 2.30200 
33.15302 2.30300 
33.16798 2.30400 
33.18294 2.30500 
33.19790 2.30600 
33.21287 2.30700 
33.22783 2.30800 
33.24279 2.30900 
33.25775 2.31000 
33.27271 2.31100 
33.28768 2.31200 
33.30264 2.31300 
33.31760 2.31400 
33.33256 2.31500 
33.34753 2.31600 
33.36249 2.31700 
33.37745 2.31800 
33.39241 2.31900 
33.40737 2.32000 
33.42234 2.32100 
33.43730 2.32200 
33.45226 2.32300 
33.46722 2.32400 
33.48218 2.32500 
33.49715 2.32600 
33.51211 2.32700 
33.52707 2.32800 
33.54203 2.32900 
33.55700 2.33000 
33.57196 2.33100 
33.58692 2.33200 
33.60188 2.33300 
33.61684 2.33400 
33.63181 2.33500 
33.64677 2.33600 
33.66173 2.33700 
33.67669 2.33800 
33.69165 2.33900 
33.70662 2.34000 
33.72158 2.34100 
33.73654 2.34200 
33.75150 2.34300 
33.76647 2.34400 
33.78143 2.34500 
33.79639 2.34600 
33.81135 2.34700 
33.82631 2.34800 
33.84128 2.34900 
33.85624 2.35000 
33.87120 2.35100 
33.88616 2.35200 
33.90112 2.35300 
33.91609 2.35400 
33.93105 2.35500 
33.94601 2.35600 
33.96097 2.35700 
33.97594 2.35800 
33.99090 2.35900 
34.00586 2.36000 
34.02082 2.36100 
34.03578 2.36200 
34.05075 2.36300 
34.06571 2.36400 
34.08067 2.36500 
34.09563 2.36600 
34.11060 2.36700 
34.12556 2.36800 
34.14052 2.36900 
34.15548 2.37000 
34.17044 2.37100 
34.18541 2.37200 
34.20037 2.37300 
34.21533 2.37400 
34.23029 2.37500 
34.24525 2.37600 
34.26022 2.37700 
34.27518 2.37800 
34.29014 2.37900 
34.30510 2.38000 
34.32007 2.38100 
34.33503 2.38200 
34.34999 2.38300 
34.36495 2.38400 
34.37991 2.38500 
34.39488 2.38600 
34.40984 2.38700 
34.42480 2.38800 
34.43976 2.38900 
34.45472 2.39000 
34.46969 2.39100 
34.48465 2.39200 
34.49961 2.39300 
34.51457 2.39400 
34.52954 2.39500 
34.54450 2.39600 
34.55946 2.39700 
34.57442 2.39800 
34.58938 2.39900 
34.60435 2.40000 
34.61931 2.40100 
34.63427 2.40200 
34.64923 2.40300 
34.66419 2.40400 
34.67916 2.40500 
34.69412 2.40600 
34.70908 2.40700 
34.72404 2.40800 
34.73901 2.40900 
34.75397 2.41000 
34.76893 2.41100 
34.78389 2.41200 
34.79885 2.41300 
34.81382 2.41400 
34.82878 2.41500 
34.84374 2.41600 
34.85870 2.41700 
34.87366 2.41800 
34.88863 2.41900 
34.90359 2.42000 
34.91855 2.42100 
34.93351 2.42200 
34.94848 2.42300 
34.96344 2.42400 
34.97840 2.42500 
34.99336 2.42600 
35.00832 2.42700 
35.02329 2.42800 
35.03825 2.42900 
35.05321 2.43000 
35.06817 2.43100 
35.08313 2.43200 
35.09810 2.43300 
35.11306 2.43400 
35.12802 2.43500 
35.14298 2.43600 
35.15795 2.43700 
35.17291 2.43800 
35.18787 2.43900 
35.20283 2.44000 
35.21779 2.44100 
35.23276 2.44200 
35.24772 2.44300 
35.26268 2.44400 
35.27764 2.44500 
35.29261 2.44600 
35.30757 2.44700 
35.32253 2.44800 
35.33749 2.44900 
35.35245 2.45000 
35.36742 2.45100 
35.38238 2.45200 
35.39734 2.45300 
35.41230 2.45400 
35.42726 2.45500 
35.44223 2.45600 
35.45719 2.45700 
35.47215 2.45800 
35.48711 2.45900 
35.50208 2.46000 
35.51704 2.46100 
35.53200 2.46200 
35.54696 2.46300 
35.56192 2.46400 
35.57689 2.46500 
35.59185 2.46600 
35.60681 2.46700 
35.62177 2.46800 
35.63673 2.46900 
35.65170 2.47000 
35.66666 2.47100 
35.68162 2.47200 
35.69658 2.47300 
35.71155 2.47400 
35.72651 2.47500 
35.74147 2.47600 
35.75643 2.47700 
35.77139 2.47800 
35.78636 2.47900 
35.80132 2.48000 
35.81628 2.48100 
35.83124 2.48200 
35.84620 2.48300 
35.86117 2.48400 
35.87613 2.48500 
35.89109 2.48600 
35.90605 2.48700 
35.92102 2.48800 
35.93598 2.48900 
35.95094 2.49000 
35.96590 2.49100 
35.98086 2.49200 
35.99583 2.49300 
36.01079 2.49400 
36.02575 2.49500 
36.04071 2.49600 
36.05567 2.49700 
36.07064 2.49800 
36.08560 2.49900 
36.10056 2.50000 
36.11552 2.50100 
36.13049 2.50200 
36.14545 2.50300 
36.16041 2.50400 
36.17537 2.50500 
36.19033 2.50600 
36.20530 2.50700 
36.22026 2.50800 
36.23522 2.50900 
36.25018 2.51000 
36.26514 2.51100 
36.28011 2.51200 
36.29507 2.51300 
36.31003 2.51400 
36.32499 2.51500 
36.33996 2.51600 
36.35492 2.51700 
36.36988 2.51800 
36.38484 2.51900 
36.39980 2.52000 
36.41477 2.52100 
36.42973 2.52200 
36.44469 2.52300 
36.45965 2.52400 
36.47462 2.52500 
36.48958 2.52600 
36.50454 2.52700 
36.51950 2.52800 
36.53446 2.52900 
36.54943 2.53000 
36.56439 2.53100 
36.57935 2.53200 
36.59431 2.53300 
36.60927 2.53400 
36.62424 2.53500 
36.63920 2.53600 
36.65416 2.53700 
36.66912 2.53800 
36.68409 2.53900 
36.69905 2.54000 
36.71401 2.54100 
36.72897 2.54200 
36.74393 2.54300 
36.75890 2.54400 
36.77386 2.54500 
36.78882 2.54600 
36.80378 2.54700 
36.81874 2.54800 
36.83371 2.54900 
36.84867 2.55000 
36.86363 2.55100 
36.87859 2.55200 
36.89356 2.55300 
36.90852 2.55400 
36.92348 2.55500 
36.93844 2.55600 
36.95340 2.55700 
36.96837 2.55800 
36.98333 2.55900 
36.99829 2.56000 
37.01325 2.56100 
37.02821 2.56200 
37.04318 2.56300 
37.05814 2.56400 
37.07310 2.56500 
37.08806 2.56600 
37.10303 2.56700 
37.11799 2.56800 
37.13295 2.56900 
37.14791 2.57000 
37.16287 2.57100 
37.17784 2.57200 
37.19280 2.57300 
37.20776 2.57400 
37.22272 2.57500 
37.23768 2.57600 
37.25265 2.57700 
37.26761 2.57800 
37.28257 2.57900 
37.29753 2.58000 
37.31250 2.58100 
37.32746 2.58200 
37.34242 2.58300 
37.35738 2.58400 
37.37234 2.58500 
37.38731 2.58600 
37.40227 2.58700 
37.41723 2.58800 
37.43219 2.58900 
37.44716 2.59000 
37.46212 2.59100 
37.47708 2.59200 
37.49204 2.59300 
37.50700 2.59400 
37.52197 2.59500 
37.53693 2.59600 
37.55189 2.59700 
37.56685 2.59800 
37.58181 2.59900 
37.59678 2.60000 
37.61174 2.60100 
37.62670 2.60200 
37.64166 2.60300 
37.65663 2.60400 
37.67159 2.60500 
37.68655 2.60600 
37.70151 2.60700 
37.71647 2.60800 
37.73144 2.60900 
37.74640 2.61000 
37.76136 2.61100 
37.77632 2.61200 
37.79128 2.61300 
37.80625 2.61400 
37.82121 2.61500 
37.83617 2.61600 
37.85113 2.61700 
37.86610 2.61800 
37.88106 2.61900 
37.89602 2.62000 
37.91098 2.62100 
37.92594 2.62200 
37.94091 2.62300 
37.95587 2.62400 
37.97083 2.62500 
37.98579 2.62600 
38.00075 2.62700 
38.01572 2.62800 
38.03068 2.62900 
38.04564 2.63000 
38.06060 2.63100 
38.07557 2.63200 
38.09053 2.63300 
38.10549 2.63400 
38.12045 2.63500 
38.13541 2.63600 
38.15038 2.63700 
38.16534 2.63800 
38.18030 2.63900 
38.19526 2.64000 
38.21022 2.64100 
38.22519 2.64200 
38.24015 2.64300 
38.25511 2.64400 
38.27007 2.64500 
38.28504 2.64600 
38.30000 2.64700 
38.31496 2.64800 
38.32992 2.64900 
38.34488 2.65000 
38.35985 2.65100 
38.37481 2.65200 
38.38977 2.65300 
38.40473 2.65400 
38.41969 2.65500 
38.43466 2.65600 
38.44962 2.65700 
38.46458 2.65800 
38.47954 2.65900 
38.49451 2.66000 
38.50947 2.66100 
38.52443 2.66200 
38.53939 2.66300 
38.55435 2.66400 
38.56932 2.66500 
38.58428 2.66600 
38.59924 2.66700 
38.61420 2.66800 
38.62917 2.66900 
38.64413 2.67000 
38.65909 2.67100 
38.67405 2.67200 
38.68901 2.67300 
38.70398 2.67400 
38.71894 2.67500 
38.73390 2.67600 
38.74886 2.67700 
38.76382 2.67800 
38.77879 2.67900 
38.79375 2.68000 
38.80871 2.68100 
38.82367 2.68200 
38.83864 2.68300 
38.85360 2.68400 
38.86856 2.68500 
38.88352 2.68600 
38.89848 2.68700 
38.91345 2.68800 
38.92841 2.68900 
38.94337 2.69000 
38.95833 2.69100 
38.97329 2.69200 
38.98826 2.69300 
39.00322 2.69400 
39.01818 2.69500 
39.03314 2.69600 
39.04811 2.69700 
39.06307 2.69800 
39.07803 2.69900 
39.09299 2.70000 
39.10795 2.70100 
39.12292 2.70200 
39.13788 2.70300 
39.15284 2.70400 
39.16780 2.70500 
39.18276 2.70600 
39.19773 2.70700 
39.21269 2.70800 
39.22765 2.70900 
39.24261 2.71000 
39.25758 2.71100 
39.27254 2.71200 
39.28750 2.71300 
39.30246 2.71400 
39.31742 2.71500 
39.33239 2.71600 
39.34735 2.71700 
39.36231 2.71800 
39.37727 2.71900 
39.39223 2.72000 
39.40720 2.72100 
39.42216 2.72200 
39.43712 2.72300 
39.45208 2.72400 
39.46705 2.72500 
39.48201 2.72600 
39.49697 2.72700 
39.51193 2.72800 
39.52689 2.72900 
39.54186 2.73000 
39.55682 2.73100 
39.57178 2.73200 
39.58674 2.73300 
39.60170 2.73400 
39.61667 2.73500 
39.63163 2.73600 
39.64659 2.73700 
39.66155 2.73800 
39.67652 2.73900 
39.69148 2.74000 
39.70644 2.74100 
39.72140 2.74200 
39.73636 2.74300 
39.75133 2.74400 
39.76629 2.74500 
39.78125 2.74600 
39.79621 2.74700 
39.81118 2.74800 
39.82614 2.74900 
39.84110 2.75000 
39.85606 2.75100 
39.87102 2.75200 
39.88599 2.75300 
39.90095 2.75400 
39.91591 2.75500 
39.93087 2.75600 
39.94583 2.75700 
39.96080 2.75800 
39.97576 2.75900 
39.99072 2.76000 
40.00568 2.76100 
40.02065 2.76200 
40.03561 2.76300 
40.05057 2.76400 
40.06553 2.76500 
40.08049 2.76600 
40.09546 2.76700 
40.11042 2.76800 
40.12538 2.76900 
40.14034 2.77000 
40.15530 2.77100 
40.17027 2.77200 
40.18523 2.77300 
40.20019 2.77400 
40.21515 2.77500 
40.23012 2.77600 
40.24508 2.77700 
40.26004 2.77800 
40.27500 2.77900 
40.28996 2.78000 
40.30493 2.78100 
40.31989 2.78200 
40.33485 2.78300 
40.34981 2.78400 
40.36477 2.78500 
40.37974 2.78600 
40.39470 2.78700 
40.40966 2.78800 
40.42462 2.78900 
40.43959 2.79000 
40.45455 2.79100 
40.46951 2.79200 
40.48447 2.79300 
40.49943 2.79400 
40.51440 2.79500 
40.52936 2.79600 
40.54432 2.79700 
40.55928 2.79800 
40.57424 2.79900 
40.58921 2.80000 
40.60417 2.80100 
40.61913 2.80200 
40.63409 2.80300 
40.64906 2.80400 
40.66402 2.80500 
40.67898 2.80600 
40.69394 2.80700 
40.70890 2.80800 
40.72387 2.80900 
40.73883 2.81000 
40.75379 2.81100 
40.76875 2.81200 
40.78371 2.81300 
40.79868 2.81400 
40.81364 2.81500 
40.82860 2.81600 
40.84356 2.81700 
40.85853 2.81800 
40.87349 2.81900 
40.88845 2.82000 
40.90341 2.82100 
40.91837 2.82200 
40.93334 2.82300 
40.94830 2.82400 
40.96326 2.82500 
40.97822 2.82600 
40.99319 2.82700 
41.00815 2.82800 
41.02311 2.82900 
41.03807 2.83000 
41.05303 2.83100 
41.06800 2.83200 
41.08296 2.83300 
41.09792 2.83400 
41.11288 2.83500 
41.12784 2.83600 
41.14281 2.83700 
41.15777 2.83800 
41.17273 2.83900 
41.18769 2.84000 
41.20266 2.84100 
41.21762 2.84200 
41.23258 2.84300 
41.24754 2.84400 
41.26250 2.84500 
41.27747 2.84600 
41.29243 2.84700 
41.30739 2.84800 
41.32235 2.84900 
41.33731 2.85000 
41.35228 2.85100 
41.36724 2.85200 
41.38220 2.85300 
41.39716 2.85400 
41.41213 2.85500 
41.42709 2.85600 
41.44205 2.85700 
41.45701 2.85800 
41.47197 2.85900 
41.48694 2.86000 
41.50190 2.86100 
41.51686 2.86200 
41.53182 2.86300 
41.54678 2.86400 
41.56175 2.86500 
41.57671 2.86600 
41.59167 2.86700 
41.60663 2.86800 
41.62160 2.86900 
41.63656 2.87000 
41.65152 2.87100 
41.66648 2.87200 
41.68144 2.87300 
41.69641 2.87400 
41.71137 2.87500 
41.72633 2.87600 
41.74129 2.87700 
41.75625 2.87800 
41.77122 2.87900 
41.78618 2.88000 
41.80114 2.88100 
41.81610 2.88200 
41.83107 2.88300 
41.84603 2.88400 
41.86099 2.88500 
41.87595 2.88600 
41.89091 2.88700 
41.90588 2.88800 
41.92084 2.88900 
41.93580 2.89000 
41.95076 2.89100 
41.96572 2.89200 
41.98069 2.89300 
41.99565 2.89400 
42.01061 2.89500 
42.02557 2.89600 
42.04054 2.89700 
42.05550 2.89800 
42.07046 2.89900 
42.08542 2.90000 
42.10038 2.90100 
42.11535 2.90200 
42.13031 2.90300 
42.14527 2.90400 
42.16023 2.90500 
42.17520 2.90600 
42.19016 2.90700 
42.20512 2.90800 
42.22008 2.90900 
42.23504 2.91000 
42.25001 2.91100 
42.26497 2.91200 
42.27993 2.91300 
42.29489 2.91400 
42.30985 2.91500 
42.32482 2.91600 
42.33978 2.91700 
42.35474 2.91800 
42.36970 2.91900 
42.38467 2.92000 
42.39963 2.92100 
42.41459 2.92200 
42.42955 2.92300 
42.44451 2.92400 
42.45948 2.92500 
42.47444 2.92600 
42.48940 2.92700 
42.50436 2.92800 
42.51932 2.92900 
42.53429 2.93000 
42.54925 2.93100 
42.56421 2.93200 
42.57917 2.93300 
42.59414 2.93400 
42.60910 2.93500 
42.62406 2.93600 
42.63902 2.93700 
42.65398 2.93800 
42.66895 2.93900 
42.68391 2.94000 
42.69887 2.94100 
42.71383 2.94200 
42.72879 2.94300 
42.74376 2.94400 
42.75872 2.94500 
42.77368 2.94600 
42.78864 2.94700 
42.80361 2.94800 
42.81857 2.94900 
42.83353 2.95000 
42.84849 2.95100 
42.86345 2.95200 
42.87842 2.95300 
42.89338 2.95400 
42.90834 2.95500 
42.92330 2.95600 
42.93826 2.95700 
42.95323 2.95800 
42.96819 2.95900 
42.98315 2.96000 
42.99811 2.96100 
43.01308 2.96200 
43.02804 2.96300 
43.04300 2.96400 
43.05796 2.96500 
43.07292 2.96600 
43.08789 2.96700 
43.10285 2.96800 
43.11781 2.96900 
43.13277 2.97000 
43.14774 2.97100 
43.16270 2.97200 
43.17766 2.97300 
43.19262 2.97400 
43.20758 2.97500 
43.22255 2.97600 
43.23751 2.97700 
43.25247 2.97800 
43.26743 2.97900 
43.28239 2.98000 
43.29736 2.98100 
43.31232 2.98200 
43.32728 2.98300 
43.34224 2.98400 
43.35721 2.98500 
43.37217 2.98600 
43.38713 2.98700 
43.40209 2.98800 
43.41705 2.98900 
43.43202 2.99000 
43.44698 2.99100 
43.46194 2.99200 
43.47690 2.99300 
43.49186 2.99400 
43.50683 2.99500 
43.52179 2.99600 
43.53675 2.99700 
43.55171 2.99800 
43.56668 2.99900 
43.58164 3.00000 
43.59660 3.00100 
43.61156 3.00200 
43.62652 3.00300 
43.64149 3.00400 
43.65645 3.00500 
43.67141 3.00600 
43.68637 3.00700 
43.70133 3.00800 
43.71630 3.00900 
43.73126 3.01000 
43.74622 3.01100 
43.76118 3.01200 
43.77615 3.01300 
43.79111 3.01400 
43.80607 3.01500 
43.82103 3.01600 
43.83599 3.01700 
43.85096 3.01800 
43.86592 3.01900 
43.88088 3.02000 
43.89584 3.02100 
43.91080 3.02200 
43.92577 3.02300 
43.94073 3.02400 
43.95569 3.02500 
43.97065 3.02600 
43.98562 3.02700 
44.00058 3.02800 
44.01554 3.02900 
44.03050 3.03000 
44.04546 3.03100 
44.06043 3.03200 
44.07539 3.03300 
44.09035 3.03400 
44.10531 3.03500 
44.12027 3.03600 
44.13524 3.03700 
44.15020 3.03800 
44.16516 3.03900 
44.18012 3.04000 
44.19509 3.04100 
44.21005 3.04200 
44.22501 3.04300 
44.23997 3.04400 
44.25493 3.04500 
44.26990 3.04600 
44.28486 3.04700 
44.29982 3.04800 
44.31478 3.04900 
44.32975 3.05000 
44.34471 3.05100 
44.35967 3.05200 
44.37463 3.05300 
44.38959 3.05400 
44.40456 3.05500 
44.41952 3.05600 
44.43448 3.05700 
44.44944 3.05800 
44.46440 3.05900 
44.47937 3.06000 
44.49433 3.06100 
44.50929 3.06200 
44.52425 3.06300 
44.53922 3.06400 
44.55418 3.06500 
44.56914 3.06600 
44.58410 3.06700 
44.59906 3.06800 
44.61403 3.06900 
44.62899 3.07000 
44.64395 3.07100 
44.65891 3.07200 
44.67387 3.07300 
44.68884 3.07400 
44.70380 3.07500 
44.71876 3.07600 
44.73372 3.07700 
44.74869 3.07800 
44.76365 3.07900 
44.77861 3.08000 
44.79357 3.08100 
44.80853 3.08200 
44.82350 3.08300 
44.83846 3.08400 
44.85342 3.08500 
44.86838 3.08600 
44.88334 3.08700 
44.89831 3.08800 
44.91327 3.08900 
44.92823 3.09000 
44.94319 3.09100 
44.95816 3.09200 
44.97312 3.09300 
44.98808 3.09400 
45.00304 3.09500 
45.01800 3.09600 
45.03297 3.09700 
45.04793 3.09800 
45.06289 3.09900 
45.07785 3.10000 
45.09281 3.10100 
45.10778 3.10200 
45.12274 3.10300 
45.13770 3.10400 
45.15266 3.10500 
45.16763 3.10600 
45.18259 3.10700 
45.19755 3.10800 
45.21251 3.10900 
45.22747 3.11000 
45.24244 3.11100 
45.25740 3.11200 
45.27236 3.11300 
45.28732 3.11400 
45.30228 3.11500 
45.31725 3.11600 
45.33221 3.11700 
45.34717 3.11800 
45.36213 3.11900 
45.37710 3.12000 
45.39206 3.12100 
45.40702 3.12200 
45.42198 3.12300 
45.43694 3.12400 
45.45191 3.12500 
45.46687 3.12600 
45.48183 3.12700 
45.49679 3.12800 
45.51176 3.12900 
45.52672 3.13000 
45.54168 3.13100 
45.55664 3.13200 
45.57160 3.13300 
45.58657 3.13400 
45.60153 3.13500 
45.61649 3.13600 
45.63145 3.13700 
45.64641 3.13800 
45.66138 3.13900 
45.67634 3.14000 
45.69130 3.14100 
45.70626 3.14200 
45.72123 3.14300 
45.73619 3.14400 
45.75115 3.14500 
45.76611 3.14600 
45.78107 3.14700 
45.79604 3.14800 
45.81100 3.14900 
45.82596 3.15000 
45.84092 3.15100 
45.85588 3.15200 
45.87085 3.15300 
45.88581 3.15400 
45.90077 3.15500 
45.91573 3.15600 
45.93070 3.15700 
45.94566 3.15800 
45.96062 3.15900 
45.97558 3.16000 
45.99054 3.16100 
46.00551 3.16200 
46.02047 3.16300 
46.03543 3.16400 
46.05039 3.16500 
46.06535 3.16600 
46.08032 3.16700 
46.09528 3.16800 
46.11024 3.16900 
46.12520 3.17000 
46.14017 3.17100 
46.15513 3.17200 
46.17009 3.17300 
46.18505 3.17400 
46.20001 3.17500 
46.21498 3.17600 
46.22994 3.17700 
46.24490 3.17800 
46.25986 3.17900 
46.27482 3.18000 
46.28979 3.18100 
46.30475 3.18200 
46.31971 3.18300 
46.33467 3.18400 
46.34964 3.18500 
46.36460 3.18600 
46.37956 3.18700 
46.39452 3.18800 
46.40948 3.18900 
46.42445 3.19000 
46.43941 3.19100 
46.45437 3.19200 
46.46933 3.19300 
46.48429 3.19400 
46.49926 3.19500 
46.51422 3.19600 
46.52918 3.19700 
46.54414 3.19800 
46.55911 3.19900 
46.57407 3.20000 
46.58903 3.20100 
46.60399 3.20200 
46.61895 3.20300 
46.63392 3.20400 
46.64888 3.20500 
46.66384 3.20600 
46.67880 3.20700 
46.69377 3.20800 
46.70873 3.20900 
46.72369 3.21000 
46.73865 3.21100 
46.75361 3.21200 
46.76858 3.21300 
46.78354 3.21400 
46.79850 3.21500 
46.81346 3.21600 
46.82842 3.21700 
46.84339 3.21800 
46.85835 3.21900 
46.87331 3.22000 
46.88827 3.22100 
46.90324 3.22200 
46.91820 3.22300 
46.93316 3.22400 
46.94812 3.22500 
46.96308 3.22600 
46.97805 3.22700 
46.99301 3.22800 
47.00797 3.22900 
47.02293 3.23000 
47.03789 3.23100 
47.05286 3.23200 
47.06782 3.23300 
47.08278 3.23400 
47.09774 3.23500 
47.11271 3.23600 
47.12767 3.23700 
47.14263 3.23800 
47.15759 3.23900 
47.17255 3.24000 
47.18752 3.24100 
47.20248 3.24200 
47.21744 3.24300 
47.23240 3.24400 
47.24736 3.24500 
47.26233 3.24600 
47.27729 3.24700 
47.29225 3.24800 
47.30721 3.24900 
47.32218 3.25000 
47.33714 3.25100 
47.35210 3.25200 
47.36706 3.25300 
47.38202 3.25400 
47.39699 3.25500 
47.41195 3.25600 
47.42691 3.25700 
47.44187 3.25800 
47.45683 3.25900 
47.47180 3.26000 
47.48676 3.26100 
47.50172 3.26200 
47.51668 3.26300 
47.53165 3.26400 
47.54661 3.26500 
47.56157 3.26600 
47.57653 3.26700 
47.59149 3.26800 
47.60646 3.26900 
47.62142 3.27000 
47.63638 3.27100 
47.65134 3.27200 
47.66630 3.27300 
47.68127 3.27400 
47.69623 3.27500 
47.71119 3.27600 
47.72615 3.27700 
47.74112 3.27800 
47.75608 3.27900 
47.77104 3.28000 
47.78600 3.28100 
47.80096 3.28200 
47.81593 3.28300 
47.83089 3.28400 
47.84585 3.28500 
47.86081 3.28600 
47.87578 3.28700 
47.89074 3.28800 
47.90570 3.28900 
47.92066 3.29000 
47.93562 3.29100 
47.95059 3.29200 
47.96555 3.29300 
47.98051 3.29400 
47.99547 3.29500 
48.01043 3.29600 
48.02540 3.29700 
48.04036 3.29800 
48.05532 3.29900 
48.07028 3.30000 
48.08525 3.30100 
48.10021 3.30200 
48.11517 3.30300 
48.13013 3.30400 
48.14509 3.30500 
48.16006 3.30600 
48.17502 3.30700 
48.18998 3.30800 
48.20494 3.30900 
48.21990 3.31000 
48.23487 3.31100 
48.24983 3.31200 
48.26479 3.31300 
48.27975 3.31400 
48.29472 3.31500 
48.30968 3.31600 
48.32464 3.31700 
48.33960 3.31800 
48.35456 3.31900 
48.36953 3.32000 
48.38449 3.32100 
48.39945 3.32200 
48.41441 3.32300 
48.42937 3.32400 
48.44434 3.32500 
48.45930 3.32600 
48.47426 3.32700 
48.48922 3.32800 
48.50419 3.32900 
48.51915 3.33000 
48.53411 3.33100 
48.54907 3.33200 
48.56403 3.33300 
48.57900 3.33400 
48.59396 3.33500 
48.60892 3.33600 
48.62388 3.33700 
48.63884 3.33800 
48.65381 3.33900 
48.66877 3.34000 
48.68373 3.34100 
48.69869 3.34200 
48.71366 3.34300 
48.72862 3.34400 
48.74358 3.34500 
48.75854 3.34600 
48.77350 3.34700 
48.78847 3.34800 
48.80343 3.34900 
48.81839 3.35000 
48.83335 3.35100 
48.84832 3.35200 
48.86328 3.35300 
48.87824 3.35400 
48.89320 3.35500 
48.90816 3.35600 
48.92313 3.35700 
48.93809 3.35800 
48.95305 3.35900 
48.96801 3.36000 
48.98297 3.36100 
48.99794 3.36200 
49.01290 3.36300 
49.02786 3.36400 
49.04282 3.36500 
49.05779 3.36600 
49.07275 3.36700 
49.08771 3.36800 
49.10267 3.36900 
49.11763 3.37000 
49.13260 3.37100 
49.14756 3.37200 
49.16252 3.37300 
49.17748 3.37400 
49.19244 3.37500 
49.20741 3.37600 
49.22237 3.37700 
49.23733 3.37800 
49.25229 3.37900 
49.26726 3.38000 
49.28222 3.38100 
49.29718 3.38200 
49.31214 3.38300 
49.32710 3.38400 
49.34207 3.38500 
49.35703 3.38600 
49.37199 3.38700 
49.38695 3.38800 
49.40191 3.38900 
49.41688 3.39000 
49.43184 3.39100 
49.44680 3.39200 
49.46176 3.39300 
49.47673 3.39400 
49.49169 3.39500 
49.50665 3.39600 
49.52161 3.39700 
49.53657 3.39800 
49.55154 3.39900 
49.56650 3.40000 
49.58146 3.40100 
49.59642 3.40200 
49.61138 3.40300 
49.62635 3.40400 
49.64131 3.40500 
49.65627 3.40600 
49.67123 3.40700 
49.68620 3.40800 
49.70116 3.40900 
49.71612 3.41000 
49.73108 3.41100 
49.74604 3.41200 
49.76101 3.41300 
49.77597 3.41400 
49.79093 3.41500 
49.80589 3.41600 
49.82085 3.41700 
49.83582 3.41800 
49.85078 3.41900 
49.86574 3.42000 
49.88070 3.42100 
49.89567 3.42200 
49.91063 3.42300 
49.92559 3.42400 
49.94055 3.42500 
49.95551 3.42600 
49.97048 3.42700 
49.98544 3.42800 
50.00040 3.42900 
50.01536 3.43000 
50.03033 3.43100 
50.04529 3.43200 
50.06025 3.43300 
50.07521 3.43400 
50.09017 3.43500 
50.10514 3.43600 
50.12010 3.43700 
50.13506 3.43800 
50.15002 3.43900 
50.16498 3.44000 
50.17995 3.44100 
50.19491 3.44200 
50.20987 3.44300 
50.22483 3.44400 
50.23980 3.44500 
50.25476 3.44600 
50.26972 3.44700 
50.28468 3.44800 
50.29964 3.44900 
50.31461 3.45000 
50.32957 3.45100 
50.34453 3.45200 
50.35949 3.45300 
50.37445 3.45400 
50.38942 3.45500 
50.40438 3.45600 
50.41934 3.45700 
50.43430 3.45800 
50.44927 3.45900 
50.46423 3.46000 
50.47919 3.46100 
50.49415 3.46200 
50.50911 3.46300 
50.52408 3.46400 
50.53904 3.46500 
50.55400 3.46600 
50.56896 3.46700 
50.58392 3.46800 
50.59889 3.46900 
50.61385 3.47000 
50.62881 3.47100 
50.64377 3.47200 
50.65874 3.47300 
50.67370 3.47400 
50.68866 3.47500 
50.70362 3.47600 
50.71858 3.47700 
50.73355 3.47800 
50.74851 3.47900 
50.76347 3.48000 
50.77843 3.48100 
50.79339 3.48200 
50.80836 3.48300 
50.82332 3.48400 
50.83828 3.48500 
50.85324 3.48600 
50.86821 3.48700 
50.88317 3.48800 
50.89813 3.48900 
50.91309 3.49000 
50.92805 3.49100 
50.94302 3.49200 
50.95798 3.49300 
50.97294 3.49400 
50.98790 3.49500 
51.00286 3.49600 
51.01783 3.49700 
51.03279 3.49800 
51.04775 3.49900 
51.06271 3.50000 
51.07768 3.50100 
51.09264 3.50200 
51.10760 3.50300 
51.12256 3.50400 
51.13752 3.50500 
51.15249 3.50600 
51.16745 3.50700 
51.18241 3.50800 
51.19737 3.50900 
51.21234 3.51000 
51.22730 3.51100 
51.24226 3.51200 
51.25722 3.51300 
51.27218 3.51400 
51.28715 3.51500 
51.30211 3.51600 
51.31707 3.51700 
51.33203 3.51800 
51.34699 3.51900 
51.36196 3.52000 
51.37692 3.52100 
51.39188 3.52200 
51.40684 3.52300 
51.42181 3.52400 
51.43677 3.52500 
51.45173 3.52600 
51.46669 3.52700 
51.48165 3.52800 
51.49662 3.52900 
51.51158 3.53000 
51.52654 3.53100 
51.54150 3.53200 
51.55646 3.53300 
51.57143 3.53400 
51.58639 3.53500 
51.60135 3.53600 
51.61631 3.53700 
51.63128 3.53800 
51.64624 3.53900 
51.66120 3.54000 
51.67616 3.54100 
51.69112 3.54200 
51.70609 3.54300 
51.72105 3.54400 
51.73601 3.54500 
51.75097 3.54600 
51.76593 3.54700 
51.78090 3.54800 
51.79586 3.54900 
51.81082 3.55000 
51.82578 3.55100 
51.84075 3.55200 
51.85571 3.55300 
51.87067 3.55400 
51.88563 3.55500 
51.90059 3.55600 
51.91556 3.55700 
51.93052 3.55800 
51.94548 3.55900 
51.96044 3.56000 
51.97540 3.56100 
51.99037 3.56200 
52.00533 3.56300 
52.02029 3.56400 
52.03525 3.56500 
52.05022 3.56600 
52.06518 3.56700 
52.08014 3.56800 
52.09510 3.56900 
52.11006 3.57000 
52.12503 3.57100 
52.13999 3.57200 
52.15495 3.57300 
52.16991 3.57400 
52.18487 3.57500 
52.19984 3.57600 
52.21480 3.57700 
52.22976 3.57800 
52.24472 3.57900 
52.25969 3.58000 
52.27465 3.58100 
52.28961 3.58200 
52.30457 3.58300 
52.31953 3.58400 
52.33450 3.58500 
52.34946 3.58600 
52.36442 3.58700 
52.37938 3.58800 
52.39435 3.58900 
52.40931 3.59000 
52.42427 3.59100 
52.43923 3.59200 
52.45419 3.59300 
52.46916 3.59400 
52.48412 3.59500 
52.49908 3.59600 
52.51404 3.59700 
52.52900 3.59800 
52.54397 3.59900 
52.55893 3.60000 
52.57389 3.60100 
52.58885 3.60200 
52.60382 3.60300 
52.61878 3.60400 
52.63374 3.60500 
52.64870 3.60600 
52.66366 3.60700 
52.67863 3.60800 
52.69359 3.60900 
52.70855 3.61000 
52.72351 3.61100 
52.73847 3.61200 
52.75344 3.61300 
52.76840 3.61400 
52.78336 3.61500 
52.79832 3.61600 
52.81329 3.61700 
52.82825 3.61800 
52.84321 3.61900 
52.85817 3.62000 
52.87313 3.62100 
52.88810 3.62200 
52.90306 3.62300 
52.91802 3.62400 
52.93298 3.62500 
52.94794 3.62600 
52.96291 3.62700 
52.97787 3.62800 
52.99283 3.62900 
53.00779 3.63000 
53.02276 3.63100 
53.03772 3.63200 
53.05268 3.63300 
53.06764 3.63400 
53.08260 3.63500 
53.09757 3.63600 
53.11253 3.63700 
53.12749 3.63800 
53.14245 3.63900 
53.15741 3.64000 
53.17238 3.64100 
53.18734 3.64200 
53.20230 3.64300 
53.21726 3.64400 
53.23223 3.64500 
53.24719 3.64600 
53.26215 3.64700 
53.27711 3.64800 
53.29207 3.64900 
53.30704 3.65000 
53.32200 3.65100 
53.33696 3.65200 
53.35192 3.65300 
53.36688 3.65400 
53.38185 3.65500 
53.39681 3.65600 
53.41177 3.65700 
53.42673 3.65800 
53.44170 3.65900 
53.45666 3.66000 
53.47162 3.66100 
53.48658 3.66200 
53.50154 3.66300 
53.51651 3.66400 
53.53147 3.66500 
53.54643 3.66600 
53.56139 3.66700 
53.57636 3.66800 
53.59132 3.66900 
53.60628 3.67000 
53.62124 3.67100 
53.63620 3.67200 
53.65117 3.67300 
53.66613 3.67400 
53.68109 3.67500 
53.69605 3.67600 
53.71101 3.67700 
53.72598 3.67800 
53.74094 3.67900 
53.75590 3.68000 
53.77086 3.68100 
53.78583 3.68200 
53.80079 3.68300 
53.81575 3.68400 
53.83071 3.68500 
53.84567 3.68600 
53.86064 3.68700 
53.87560 3.68800 
53.89056 3.68900 
53.90552 3.69000 
53.92048 3.69100 
53.93545 3.69200 
53.95041 3.69300 
53.96537 3.69400 
53.98033 3.69500 
53.99530 3.69600 
54.01026 3.69700 
54.02522 3.69800 
54.04018 3.69900 
54.05514 3.70000 
54.07011 3.70100 
54.08507 3.70200 
54.10003 3.70300 
54.11499 3.70400 
54.12995 3.70500 
54.14492 3.70600 
54.15988 3.70700 
54.17484 3.70800 
54.18980 3.70900 
54.20477 3.71000 
54.21973 3.71100 
54.23469 3.71200 
54.24965 3.71300 
54.26461 3.71400 
54.27958 3.71500 
54.29454 3.71600 
54.30950 3.71700 
54.32446 3.71800 
54.33942 3.71900 
54.35439 3.72000 
54.36935 3.72100 
54.38431 3.72200 
54.39927 3.72300 
54.41424 3.72400 
54.42920 3.72500 
54.44416 3.72600 
54.45912 3.72700 
54.47408 3.72800 
54.48905 3.72900 
54.50401 3.73000 
54.51897 3.73100 
54.53393 3.73200 
54.54890 3.73300 
54.56386 3.73400 
54.57882 3.73500 
54.59378 3.73600 
54.60874 3.73700 
54.62371 3.73800 
54.63867 3.73900 
54.65363 3.74000 
54.66859 3.74100 
54.68355 3.74200 
54.69852 3.74300 
54.71348 3.74400 
54.72844 3.74500 
54.74340 3.74600 
54.75837 3.74700 
54.77333 3.74800 
54.78829 3.74900 
54.80325 3.75000 
54.81821 3.75100 
54.83318 3.75200 
54.84814 3.75300 
54.86310 3.75400 
54.87806 3.75500 
54.89302 3.75600 
54.90799 3.75700 
54.92295 3.75800 
54.93791 3.75900 
54.95287 3.76000 
54.96784 3.76100 
54.98280 3.76200 
54.99776 3.76300 
55.01272 3.76400 
55.02768 3.76500 
55.04265 3.76600 
55.05761 3.76700 
55.07257 3.76800 
55.08753 3.76900 
55.10249 3.77000 
55.11746 3.77100 
55.13242 3.77200 
55.14738 3.77300 
55.16234 3.77400 
55.17731 3.77500 
55.19227 3.77600 
55.20723 3.77700 
55.22219 3.77800 
55.23715 3.77900 
55.25212 3.78000 
55.26708 3.78100 
55.28204 3.78200 
55.29700 3.78300 
55.31196 3.78400 
55.32693 3.78500 
55.34189 3.78600 
55.35685 3.78700 
55.37181 3.78800 
55.38678 3.78900 
55.40174 3.79000 
55.41670 3.79100 
55.43166 3.79200 
55.44662 3.79300 
55.46159 3.79400 
55.47655 3.79500 
55.49151 3.79600 
55.50647 3.79700 
55.52143 3.79800 
55.53640 3.79900 
55.55136 3.80000 
55.56632 3.80100 
55.58128 3.80200 
55.59625 3.80300 
55.61121 3.80400 
55.62617 3.80500 
55.64113 3.80600 
55.65609 3.80700 
55.67106 3.80800 
55.68602 3.80900 
55.70098 3.81000 
55.71594 3.81100 
55.73091 3.81200 
55.74587 3.81300 
55.76083 3.81400 
55.77579 3.81500 
55.79075 3.81600 
55.80572 3.81700 
55.82068 3.81800 
55.83564 3.81900 
55.85060 3.82000 
55.86556 3.82100 
55.88053 3.82200 
55.89549 3.82300 
55.91045 3.82400 
55.92541 3.82500 
55.94038 3.82600 
55.95534 3.82700 
55.97030 3.82800 
55.98526 3.82900 
56.00022 3.83000 
56.01519 3.83100 
56.03015 3.83200 
56.04511 3.83300 
56.06007 3.83400 
56.07503 3.83500 
56.09000 3.83600 
56.10496 3.83700 
56.11992 3.83800 
56.13488 3.83900 
56.14985 3.84000 
56.16481 3.84100 
56.17977 3.84200 
56.19473 3.84300 
56.20969 3.84400 
56.22466 3.84500 
56.23962 3.84600 
56.25458 3.84700 
56.26954 3.84800 
56.28450 3.84900 
56.29947 3.85000 
56.31443 3.85100 
56.32939 3.85200 
56.34435 3.85300 
56.35932 3.85400 
56.37428 3.85500 
56.38924 3.85600 
56.40420 3.85700 
56.41916 3.85800 
56.43413 3.85900 
56.44909 3.86000 
56.46405 3.86100 
56.47901 3.86200 
56.49397 3.86300 
56.50894 3.86400 
56.52390 3.86500 
56.53886 3.86600 
56.55382 3.86700 
56.56879 3.86800 
56.58375 3.86900 
56.59871 3.87000 
56.61367 3.87100 
56.62863 3.87200 
56.64360 3.87300 
56.65856 3.87400 
56.67352 3.87500 
56.68848 3.87600 
56.70344 3.87700 
56.71841 3.87800 
56.73337 3.87900 
56.74833 3.88000 
56.76329 3.88100 
56.77826 3.88200 
56.79322 3.88300 
56.80818 3.88400 
56.82314 3.88500 
56.83810 3.88600 
56.85307 3.88700 
56.86803 3.88800 
56.88299 3.88900 
56.89795 3.89000 
56.91292 3.89100 
56.92788 3.89200 
56.94284 3.89300 
56.95780 3.89400 
56.97276 3.89500 
56.98773 3.89600 
57.00269 3.89700 
57.01765 3.89800 
57.03261 3.89900 
57.04757 3.90000 
57.06254 3.90100 
57.07750 3.90200 
57.09246 3.90300 
57.10742 3.90400 
57.12239 3.90500 
57.13735 3.90600 
57.15231 3.90700 
57.16727 3.90800 
57.18223 3.90900 
57.19720 3.91000 
57.21216 3.91100 
57.22712 3.91200 
57.24208 3.91300 
57.25704 3.91400 
57.27201 3.91500 
57.28697 3.91600 
57.30193 3.91700 
57.31689 3.91800 
57.33186 3.91900 
57.34682 3.92000 
57.36178 3.92100 
57.37674 3.92200 
57.39170 3.92300 
57.40667 3.92400 
57.42163 3.92500 
57.43659 3.92600 
57.45155 3.92700 
57.46651 3.92800 
57.48148 3.92900 
57.49644 3.93000 
57.51140 3.93100 
57.52636 3.93200 
57.54133 3.93300 
57.55629 3.93400 
57.57125 3.93500 
57.58621 3.93600 
57.60117 3.93700 
57.61614 3.93800 
57.63110 3.93900 
57.64606 3.94000 
57.66102 3.94100 
57.67598 3.94200 
57.69095 3.94300 
57.70591 3.94400 
57.72087 3.94500 
57.73583 3.94600 
57.75080 3.94700 
57.76576 3.94800 
57.78072 3.94900 
57.79568 3.95000 
57.81064 3.95100 
57.82561 3.95200 
57.84057 3.95300 
57.85553 3.95400 
57.87049 3.95500 
57.88545 3.95600 
57.90042 3.95700 
57.91538 3.95800 
57.93034 3.95900 
57.94530 3.96000 
57.96027 3.96100 
57.97523 3.96200 
57.99019 3.96300 
58.00515 3.96400 
58.02011 3.96500 
58.03508 3.96600 
58.05004 3.96700 
58.06500 3.96800 
58.07996 3.96900 
58.09493 3.97000 
58.10989 3.97100 
58.12485 3.97200 
58.13981 3.97300 
58.15477 3.97400 
58.16974 3.97500 
58.18470 3.97600 
58.19966 3.97700 
58.21462 3.97800 
58.22958 3.97900 
58.24455 3.98000 
58.25951 3.98100 
58.27447 3.98200 
58.28943 3.98300 
58.30440 3.98400 
58.31936 3.98500 
58.33432 3.98600 
58.34928 3.98700 
58.36424 3.98800 
58.37921 3.98900 
58.39417 3.99000 
58.40913 3.99100 
58.42409 3.99200 
58.43905 3.99300 
58.45402 3.99400 
58.46898 3.99500 
58.48394 3.99600 
58.49890 3.99700 
58.51387 3.99800 
58.52883 3.99900 
58.54379 4.00000 
58.55875 4.00100 
58.57371 4.00200 
58.58868 4.00300 
58.60364 4.00400 
58.61860 4.00500 
58.63356 4.00600 
58.64852 4.00700 
58.66349 4.00800 
58.67845 4.00900 
58.69341 4.01000 
58.70837 4.01100 
58.72334 4.01200 
58.73830 4.01300 
58.75326 4.01400 
58.76822 4.01500 
58.78318 4.01600 
58.79815 4.01700 
58.81311 4.01800 
58.82807 4.01900 
58.84303 4.02000 
58.85799 4.02100 
58.87296 4.02200 
58.88792 4.02300 
58.90288 4.02400 
58.91784 4.02500 
58.93281 4.02600 
58.94777 4.02700 
58.96273 4.02800 
58.97769 4.02900 
58.99265 4.03000 
59.00762 4.03100 
59.02258 4.03200 
59.03754 4.03300 
59.05250 4.03400 
59.06746 4.03500 
59.08243 4.03600 
59.09739 4.03700 
59.11235 4.03800 
59.12731 4.03900 
59.14228 4.04000 
59.15724 4.04100 
59.17220 4.04200 
59.18716 4.04300 
59.20212 4.04400 
59.21709 4.04500 
59.23205 4.04600 
59.24701 4.04700 
59.26197 4.04800 
59.27694 4.04900 
59.29190 4.05000 
59.30686 4.05100 
59.32182 4.05200 
59.33678 4.05300 
59.35175 4.05400 
59.36671 4.05500 
59.38167 4.05600 
59.39663 4.05700 
59.41159 4.05800 
59.42656 4.05900 
59.44152 4.06000 
59.45648 4.06100 
59.47144 4.06200 
59.48641 4.06300 
59.50137 4.06400 
59.51633 4.06500 
59.53129 4.06600 
59.54625 4.06700 
59.56122 4.06800 
59.57618 4.06900 
59.59114 4.07000 
59.60610 4.07100 
59.62106 4.07200 
59.63603 4.07300 
59.65099 4.07400 
59.66595 4.07500 
59.68091 4.07600 
59.69588 4.07700 
59.71084 4.07800 
59.72580 4.07900 
59.74076 4.08000 
59.75572 4.08100 
59.77069 4.08200 
59.78565 4.08300 
59.80061 4.08400 
59.81557 4.08500 
59.83053 4.08600 
59.84550 4.08700 
59.86046 4.08800 
59.87542 4.08900 
59.89038 4.09000 
59.90535 4.09100 
59.92031 4.09200 
59.93527 4.09300 
59.95023 4.09400 
59.96519 4.09500 
59.98016 4.09600 
59.99512 4.09700 
60.01008 4.09800 
60.02504 4.09900 
60.04000 4.10000 
60.05497 4.10100 
60.06993 4.10200 
60.08489 4.10300 
60.09985 4.10400 
60.11482 4.10500 
60.12978 4.10600 
60.14474 4.10700 
60.15970 4.10800 
60.17466 4.10900 
60.18963 4.11000 
60.20459 4.11100 
60.21955 4.11200 
60.23451 4.11300 
60.24948 4.11400 
60.26444 4.11500 
60.27940 4.11600 
60.29436 4.11700 
60.30932 4.11800 
60.32429 4.11900 
60.33925 4.12000 
60.35421 4.12100 
60.36917 4.12200 
60.38413 4.12300 
60.39910 4.12400 
60.41406 4.12500 
60.42902 4.12600 
60.44398 4.12700 
60.45895 4.12800 
60.47391 4.12900 
60.48887 4.13000 
60.50383 4.13100 
60.51879 4.13200 
60.53376 4.13300 
60.54872 4.13400 
60.56368 4.13500 
60.57864 4.13600 
60.59360 4.13700 
60.60857 4.13800 
60.62353 4.13900 
60.63849 4.14000 
60.65345 4.14100 
60.66842 4.14200 
60.68338 4.14300 
60.69834 4.14400 
60.71330 4.14500 
60.72826 4.14600 
60.74323 4.14700 
60.75819 4.14800 
60.77315 4.14900 
60.78811 4.15000 
60.80307 4.15100 
60.81804 4.15200 
60.83300 4.15300 
60.84796 4.15400 
60.86292 4.15500 
60.87789 4.15600 
60.89285 4.15700 
60.90781 4.15800 
60.92277 4.15900 
60.93773 4.16000 
60.95270 4.16100 
60.96766 4.16200 
60.98262 4.16300 
60.99758 4.16400 
61.01254 4.16500 
61.02751 4.16600 
61.04247 4.16700 
61.05743 4.16800 
61.07239 4.16900 
61.08736 4.17000 
61.10232 4.17100 
61.11728 4.17200 
61.13224 4.17300 
61.14720 4.17400 
61.16217 4.17500 
61.17713 4.17600 
61.19209 4.17700 
61.20705 4.17800 
61.22201 4.17900 
61.23698 4.18000 
61.25194 4.18100 
61.26690 4.18200 
61.28186 4.18300 
61.29683 4.18400 
61.31179 4.18500 
61.32675 4.18600 
61.34171 4.18700 
61.35667 4.18800 
61.37164 4.18900 
61.38660 4.19000 
61.40156 4.19100 
61.41652 4.19200 
61.43149 4.19300 
61.44645 4.19400 
61.46141 4.19500 
61.47637 4.19600 
61.49133 4.19700 
61.50630 4.19800 
61.52126 4.19900 
61.53622 4.20000 
61.55118 4.20100 
61.56614 4.20200 
61.58111 4.20300 
61.59607 4.20400 
61.61103 4.20500 
61.62599 4.20600 
61.64096 4.20700 
61.65592 4.20800 
61.67088 4.20900 
61.68584 4.21000 
61.70080 4.21100 
61.71577 4.21200 
61.73073 4.21300 
61.74569 4.21400 
61.76065 4.21500 
61.77561 4.21600 
61.79058 4.21700 
61.80554 4.21800 
61.82050 4.21900 
61.83546 4.22000 
61.85043 4.22100 
61.86539 4.22200 
61.88035 4.22300 
61.89531 4.22400 
61.91027 4.22500 
61.92524 4.22600 
61.94020 4.22700 
61.95516 4.22800 
61.97012 4.22900 
61.98508 4.23000 
62.00005 4.23100 
62.01501 4.23200 
62.02997 4.23300 
62.04493 4.23400 
62.05990 4.23500 
62.07486 4.23600 
62.08982 4.23700 
62.10478 4.23800 
62.11974 4.23900 
62.13471 4.24000 
62.14967 4.24100 
62.16463 4.24200 
62.17959 4.24300 
62.19455 4.24400 
62.20952 4.24500 
62.22448 4.24600 
62.23944 4.24700 
62.25440 4.24800 
62.26937 4.24900 
62.28433 4.25000 
62.29929 4.25100 
62.31425 4.25200 
62.32921 4.25300 
62.34418 4.25400 
62.35914 4.25500 
62.37410 4.25600 
62.38906 4.25700 
62.40402 4.25800 
62.41899 4.25900 
62.43395 4.26000 
62.44891 4.26100 
62.46387 4.26200 
62.47884 4.26300 
62.49380 4.26400 
62.50876 4.26500 
62.52372 4.26600 
62.53868 4.26700 
62.55365 4.26800 
62.56861 4.26900 
62.58357 4.27000 
62.59853 4.27100 
62.61350 4.27200 
62.62846 4.27300 
62.64342 4.27400 
62.65838 4.27500 
62.67334 4.27600 
62.68831 4.27700 
62.70327 4.27800 
62.71823 4.27900 
62.73319 4.28000 
62.74815 4.28100 
62.76312 4.28200 
62.77808 4.28300 
62.79304 4.28400 
62.80800 4.28500 
62.82297 4.28600 
62.83793 4.28700 
62.85289 4.28800 
62.86785 4.28900 
62.88281 4.29000 
62.89778 4.29100 
62.91274 4.29200 
62.92770 4.29300 
62.94266 4.29400 
62.95762 4.29500 
62.97259 4.29600 
62.98755 4.29700 
63.00251 4.29800 
63.01747 4.29900 
63.03244 4.30000 
63.04740 4.30100 
63.06236 4.30200 
63.07732 4.30300 
63.09228 4.30400 
63.10725 4.30500 
63.12221 4.30600 
63.13717 4.30700 
63.15213 4.30800 
63.16709 4.30900 
63.18206 4.31000 
63.19702 4.31100 
63.21198 4.31200 
63.22694 4.31300 
63.24191 4.31400 
63.25687 4.31500 
63.27183 4.31600 
63.28679 4.31700 
63.30175 4.31800 
63.31672 4.31900 
63.33168 4.32000 
63.34664 4.32100 
63.36160 4.32200 
63.37656 4.32300 
63.39153 4.32400 
63.40649 4.32500 
63.42145 4.32600 
63.43641 4.32700 
63.45138 4.32800 
63.46634 4.32900 
63.48130 4.33000 
63.49626 4.33100 
63.51122 4.33200 
63.52619 4.33300 
63.54115 4.33400 
63.55611 4.33500 
63.57107 4.33600 
63.58603 4.33700 
63.60100 4.33800 
63.61596 4.33900 
63.63092 4.34000 
63.64588 4.34100 
63.66085 4.34200 
63.67581 4.34300 
63.69077 4.34400 
63.70573 4.34500 
63.72069 4.34600 
63.73566 4.34700 
63.75062 4.34800 
63.76558 4.34900 
63.78054 4.35000 
63.79551 4.35100 
63.81047 4.35200 
63.82543 4.35300 
63.84039 4.35400 
63.85535 4.35500 
63.87032 4.35600 
63.88528 4.35700 
63.90024 4.35800 
63.91520 4.35900 
63.93016 4.36000 
63.94513 4.36100 
63.96009 4.36200 
63.97505 4.36300 
63.99001 4.36400 
64.00498 4.36500 
64.01994 4.36600 
64.03490 4.36700 
64.04986 4.36800 
64.06482 4.36900 
64.07979 4.37000 
64.09475 4.37100 
64.10971 4.37200 
64.12467 4.37300 
64.13963 4.37400 
64.15460 4.37500 
64.16956 4.37600 
64.18452 4.37700 
64.19948 4.37800 
64.21445 4.37900 
64.22941 4.38000 
64.24437 4.38100 
64.25933 4.38200 
64.27429 4.38300 
64.28926 4.38400 
64.30422 4.38500 
64.31918 4.38600 
64.33414 4.38700 
64.34910 4.38800 
64.36407 4.38900 
64.37903 4.39000 
64.39399 4.39100 
64.40895 4.39200 
64.42392 4.39300 
64.43888 4.39400 
64.45384 4.39500 
64.46880 4.39600 
64.48376 4.39700 
64.49873 4.39800 
64.51369 4.39900 
64.52865 4.40000 
64.54361 4.40100 
64.55857 4.40200 
64.57354 4.40300 
64.58850 4.40400 
64.60346 4.40500 
64.61842 4.40600 
64.63339 4.40700 
64.64835 4.40800 
64.66331 4.40900 
64.67827 4.41000 
64.69323 4.41100 
64.70820 4.41200 
64.72316 4.41300 
64.73812 4.41400 
64.75308 4.41500 
64.76804 4.41600 
64.78301 4.41700 
64.79797 4.41800 
64.81293 4.41900 
64.82789 4.42000 
64.84286 4.42100 
64.85782 4.42200 
64.87278 4.42300 
64.88774 4.42400 
64.90270 4.42500 
64.91767 4.42600 
64.93263 4.42700 
64.94759 4.42800 
64.96255 4.42900 
64.97752 4.43000 
64.99248 4.43100 
65.00744 4.43200 
65.02240 4.43300 
65.03736 4.43400 
65.05233 4.43500 
65.06729 4.43600 
65.08225 4.43700 
65.09721 4.43800 
65.11217 4.43900 
65.12714 4.44000 
65.14210 4.44100 
65.15706 4.44200 
65.17202 4.44300 
65.18699 4.44400 
65.20195 4.44500 
65.21691 4.44600 
65.23187 4.44700 
65.24683 4.44800 
65.26180 4.44900 
65.27676 4.45000 
65.29172 4.45100 
65.30668 4.45200 
65.32164 4.45300 
65.33661 4.45400 
65.35157 4.45500 
65.36653 4.45600 
65.38149 4.45700 
65.39646 4.45800 
65.41142 4.45900 
65.42638 4.46000 
65.44134 4.46100 
65.45630 4.46200 
65.47127 4.46300 
65.48623 4.46400 
65.50119 4.46500 
65.51615 4.46600 
65.53111 4.46700 
65.54608 4.46800 
65.56104 4.46900 
65.57600 4.47000 
65.59096 4.47100 
65.60593 4.47200 
65.62089 4.47300 
65.63585 4.47400 
65.65081 4.47500 
65.66577 4.47600 
65.68074 4.47700 
65.69570 4.47800 
65.71066 4.47900 
65.72562 4.48000 
65.74058 4.48100 
65.75555 4.48200 
65.77051 4.48300 
65.78547 4.48400 
65.80043 4.48500 
65.81540 4.48600 
65.83036 4.48700 
65.84532 4.48800 
65.86028 4.48900 
65.87524 4.49000 
65.89021 4.49100 
65.90517 4.49200 
65.92013 4.49300 
65.93509 4.49400 
65.95006 4.49500 
65.96502 4.49600 
65.97998 4.49700 
65.99494 4.49800 
66.00990 4.49900 
66.02487 4.50000 
66.03983 4.50100 
66.05479 4.50200 
66.06975 4.50300 
66.08471 4.50400 
66.09968 4.50500 
66.11464 4.50600 
66.12960 4.50700 
66.14456 4.50800 
66.15953 4.50900 
66.17449 4.51000 
66.18945 4.51100 
66.20441 4.51200 
66.21937 4.51300 
66.23434 4.51400 
66.24930 4.51500 
66.26426 4.51600 
66.27922 4.51700 
66.29418 4.51800 
66.30915 4.51900 
66.32411 4.52000 
66.33907 4.52100 
66.35403 4.52200 
66.36900 4.52300 
66.38396 4.52400 
66.39892 4.52500 
66.41388 4.52600 
66.42884 4.52700 
66.44381 4.52800 
66.45877 4.52900 
66.47373 4.53000 
66.48869 4.53100 
66.50365 4.53200 
66.51862 4.53300 
66.53358 4.53400 
66.54854 4.53500 
66.56350 4.53600 
66.57847 4.53700 
66.59343 4.53800 
66.60839 4.53900 
66.62335 4.54000 
66.63831 4.54100 
66.65328 4.54200 
66.66824 4.54300 
66.68320 4.54400 
66.69816 4.54500 
66.71312 4.54600 
66.72809 4.54700 
66.74305 4.54800 
66.75801 4.54900 
66.77297 4.55000 
66.78794 4.55100 
66.80290 4.55200 
66.81786 4.55300 
66.83282 4.55400 
66.84778 4.55500 
66.86275 4.55600 
66.87771 4.55700 
66.89267 4.55800 
66.90763 4.55900 
66.92259 4.56000 
66.93756 4.56100 
66.95252 4.56200 
66.96748 4.56300 
66.98244 4.56400 
66.99741 4.56500 
67.01237 4.56600 
67.02733 4.56700 
67.04229 4.56800 
67.05725 4.56900 
67.07222 4.57000 
67.08718 4.57100 
67.10214 4.57200 
67.11710 4.57300 
67.13207 4.57400 
67.14703 4.57500 
67.16199 4.57600 
67.17695 4.57700 
67.19191 4.57800 
67.20688 4.57900 
67.22184 4.58000 
67.23680 4.58100 
67.25176 4.58200 
67.26672 4.58300 
67.28169 4.58400 
67.29665 4.58500 
67.31161 4.58600 
67.32657 4.58700 
67.34154 4.58800 
67.35650 4.58900 
67.37146 4.59000 
67.38642 4.59100 
67.40138 4.59200 
67.41635 4.59300 
67.43131 4.59400 
67.44627 4.59500 
67.46123 4.59600 
67.47619 4.59700 
67.49116 4.59800 
67.50612 4.59900 
67.52108 4.60000 
67.53604 4.60100 
67.55101 4.60200 
67.56597 4.60300 
67.58093 4.60400 
67.59589 4.60500 
67.61085 4.60600 
67.62582 4.60700 
67.64078 4.60800 
67.65574 4.60900 
67.67070 4.61000 
67.68566 4.61100 
67.70063 4.61200 
67.71559 4.61300 
67.73055 4.61400 
67.74551 4.61500 
67.76048 4.61600 
67.77544 4.61700 
67.79040 4.61800 
67.80536 4.61900 
67.82032 4.62000 
67.83529 4.62100 
67.85025 4.62200 
67.86521 4.62300 
67.88017 4.62400 
67.89513 4.62500 
67.91010 4.62600 
67.92506 4.62700 
67.94002 4.62800 
67.95498 4.62900 
67.96995 4.63000 
67.98491 4.63100 
67.99987 4.63200 
68.01483 4.63300 
68.02979 4.63400 
68.04476 4.63500 
68.05972 4.63600 
68.07468 4.63700 
68.08964 4.63800 
68.10460 4.63900 
68.11957 4.64000 
68.13453 4.64100 
68.14949 4.64200 
68.16445 4.64300 
68.17942 4.64400 
68.19438 4.64500 
68.20934 4.64600 
68.22430 4.64700 
68.23926 4.64800 
68.25423 4.64900 
68.26919 4.65000 
68.28415 4.65100 
68.29911 4.65200 
68.31408 4.65300 
68.32904 4.65400 
68.34400 4.65500 
68.35896 4.65600 
68.37392 4.65700 
68.38889 4.65800 
68.40385 4.65900 
68.41881 4.66000 
68.43377 4.66100 
68.44873 4.66200 
68.46370 4.66300 
68.47866 4.66400 
68.49362 4.66500 
68.50858 4.66600 
68.52355 4.66700 
68.53851 4.66800 
68.55347 4.66900 
68.56843 4.67000 
68.58339 4.67100 
68.59836 4.67200 
68.61332 4.67300 
68.62828 4.67400 
68.64324 4.67500 
68.65820 4.67600 
68.67317 4.67700 
68.68813 4.67800 
68.70309 4.67900 
68.71805 4.68000 
68.73302 4.68100 
68.74798 4.68200 
68.76294 4.68300 
68.77790 4.68400 
68.79286 4.68500 
68.80783 4.68600 
68.82279 4.68700 
68.83775 4.68800 
68.85271 4.68900 
68.86767 4.69000 
68.88264 4.69100 
68.89760 4.69200 
68.91256 4.69300 
68.92752 4.69400 
68.94249 4.69500 
68.95745 4.69600 
68.97241 4.69700 
68.98737 4.69800 
69.00233 4.69900 
69.01730 4.70000 
69.03226 4.70100 
69.04722 4.70200 
69.06218 4.70300 
69.07714 4.70400 
69.09211 4.70500 
69.10707 4.70600 
69.12203 4.70700 
69.13699 4.70800 
69.15196 4.70900 
69.16692 4.71000 
69.18188 4.71100 
69.19684 4.71200 
69.21180 4.71300 
69.22677 4.71400 
69.24173 4.71500 
69.25669 4.71600 
69.27165 4.71700 
69.28661 4.71800 
69.30158 4.71900 
69.31654 4.72000 
69.33150 4.72100 
69.34646 4.72200 
69.36143 4.72300 
69.37639 4.72400 
69.39135 4.72500 
69.40631 4.72600 
69.42127 4.72700 
69.43624 4.72800 
69.45120 4.72900 
69.46616 4.73000 
69.48112 4.73100 
69.49609 4.73200 
69.51105 4.73300 
69.52601 4.73400 
69.54097 4.73500 
69.55593 4.73600 
69.57090 4.73700 
69.58586 4.73800 
69.60082 4.73900 
69.61578 4.74000 
69.63074 4.74100 
69.64571 4.74200 
69.66067 4.74300 
69.67563 4.74400 
69.69059 4.74500 
69.70556 4.74600 
69.72052 4.74700 
69.73548 4.74800 
69.75044 4.74900 
69.76540 4.75000 
69.78037 4.75100 
69.79533 4.75200 
69.81029 4.75300 
69.82525 4.75400 
69.84021 4.75500 
69.85518 4.75600 
69.87014 4.75700 
69.88510 4.75800 
69.90006 4.75900 
69.91503 4.76000 
69.92999 4.76100 
69.94495 4.76200 
69.95991 4.76300 
69.97487 4.76400 
69.98984 4.76500 
70.00480 4.76600 
70.01976 4.76700 
70.03472 4.76800 
70.04968 4.76900 
70.06465 4.77000 
70.07961 4.77100 
70.09457 4.77200 
70.10953 4.77300 
70.12450 4.77400 
70.13946 4.77500 
70.15442 4.77600 
70.16938 4.77700 
70.18434 4.77800 
70.19931 4.77900 
70.21427 4.78000 
70.22923 4.78100 
70.24419 4.78200 
70.25915 4.78300 
70.27412 4.78400 
70.28908 4.78500 
70.30404 4.78600 
70.31900 4.78700 
70.33397 4.78800 
70.34893 4.78900 
70.36389 4.79000 
70.37885 4.79100 
70.39381 4.79200 
70.40878 4.79300 
70.42374 4.79400 
70.43870 4.79500 
70.45366 4.79600 
70.46862 4.79700 
70.48359 4.79800 
70.49855 4.79900 
70.51351 4.80000 
70.52847 4.80100 
70.54344 4.80200 
70.55840 4.80300 
70.57336 4.80400 
70.58832 4.80500 
70.60328 4.80600 
70.61825 4.80700 
70.63321 4.80800 
70.64817 4.80900 
70.66313 4.81000 
70.67810 4.81100 
70.69306 4.81200 
70.70802 4.81300 
70.72298 4.81400 
70.73794 4.81500 
70.75291 4.81600 
70.76787 4.81700 
70.78283 4.81800 
70.79779 4.81900 
70.81275 4.82000 
70.82772 4.82100 
70.84268 4.82200 
70.85764 4.82300 
70.87260 4.82400 
70.88757 4.82500 
70.90253 4.82600 
70.91749 4.82700 
70.93245 4.82800 
70.94741 4.82900 
70.96238 4.83000 
70.97734 4.83100 
70.99230 4.83200 
71.00726 4.83300 
71.02222 4.83400 
71.03719 4.83500 
71.05215 4.83600 
71.06711 4.83700 
71.08207 4.83800 
71.09704 4.83900 
71.11200 4.84000 
71.12696 4.84100 
71.14192 4.84200 
71.15688 4.84300 
71.17185 4.84400 
71.18681 4.84500 
71.20177 4.84600 
71.21673 4.84700 
71.23169 4.84800 
71.24666 4.84900 
71.26162 4.85000 
71.27658 4.85100 
71.29154 4.85200 
71.30651 4.85300 
71.32147 4.85400 
71.33643 4.85500 
71.35139 4.85600 
71.36635 4.85700 
71.38132 4.85800 
71.39628 4.85900 
71.41124 4.86000 
71.42620 4.86100 
71.44116 4.86200 
71.45613 4.86300 
71.47109 4.86400 
71.48605 4.86500 
71.50101 4.86600 
71.51598 4.86700 
71.53094 4.86800 
71.54590 4.86900 
71.56086 4.87000 
71.57582 4.87100 
71.59079 4.87200 
71.60575 4.87300 
71.62071 4.87400 
71.63567 4.87500 
71.65063 4.87600 
71.66560 4.87700 
71.68056 4.87800 
71.69552 4.87900 
71.71048 4.88000 
71.72545 4.88100 
71.74041 4.88200 
71.75537 4.88300 
71.77033 4.88400 
71.78529 4.88500 
71.80026 4.88600 
71.81522 4.88700 
71.83018 4.88800 
71.84514 4.88900 
71.86011 4.89000 
71.87507 4.89100 
71.89003 4.89200 
71.90499 4.89300 
71.91995 4.89400 
71.93492 4.89500 
71.94988 4.89600 
71.96484 4.89700 
71.97980 4.89800 
71.99476 4.89900 
72.00973 4.90000 
72.02469 4.90100 
72.03965 4.90200 
72.05461 4.90300 
72.06958 4.90400 
72.08454 4.90500 
72.09950 4.90600 
72.11446 4.90700 
72.12942 4.90800 
72.14439 4.90900 
72.15935 4.91000 
72.17431 4.91100 
72.18927 4.91200 
72.20423 4.91300 
72.21920 4.91400 
72.23416 4.91500 
72.24912 4.91600 
72.26408 4.91700 
72.27905 4.91800 
72.29401 4.91900 
72.30897 4.92000 
72.32393 4.92100 
72.33889 4.92200 
72.35386 4.92300 
72.36882 4.92400 
72.38378 4.92500 
72.39874 4.92600 
72.41370 4.92700 
72.42867 4.92800 
72.44363 4.92900 
72.45859 4.93000 
72.47355 4.93100 
72.48852 4.93200 
72.50348 4.93300 
72.51844 4.93400 
72.53340 4.93500 
72.54836 4.93600 
72.56333 4.93700 
72.57829 4.93800 
72.59325 4.93900 
72.60821 4.94000 
72.62317 4.94100 
72.63814 4.94200 
72.65310 4.94300 
72.66806 4.94400 
72.68302 4.94500 
72.69799 4.94600 
72.71295 4.94700 
72.72791 4.94800 
72.74287 4.94900 
72.75783 4.95000 
72.77280 4.95100 
72.78776 4.95200 
72.80272 4.95300 
72.81768 4.95400 
72.83265 4.95500 
72.84761 4.95600 
72.86257 4.95700 
72.87753 4.95800 
72.89249 4.95900 
72.90746 4.96000 
72.92242 4.96100 
72.93738 4.96200 
72.95234 4.96300 
72.96730 4.96400 
72.98227 4.96500 
72.99723 4.96600 
73.01219 4.96700 
73.02715 4.96800 
73.04212 4.96900 
73.05708 4.97000 
73.07204 4.97100 
73.08700 4.97200 
73.10196 4.97300 
73.11693 4.97400 
73.13189 4.97500 
73.14685 4.97600 
73.16181 4.97700 
73.17677 4.97800 
73.19174 4.97900 
73.20670 4.98000 
73.22166 4.98100 
73.23662 4.98200 
73.25159 4.98300 
73.26655 4.98400 
73.28151 4.98500 
73.29647 4.98600 
73.31143 4.98700 
73.32640 4.98800 
73.34136 4.98900 
73.35632 4.99000 
73.37128 4.99100 
73.38624 4.99200 
73.40121 4.99300 
73.41617 4.99400 
73.43113 4.99500 
73.44609 4.99600 
73.46106 4.99700 
73.47602 4.99800 
73.49098 4.99900 
