0.00000 0.00000 
0.05368 0.00100 
0.14544 0.00200 
0.24258 0.00300 
0.33967 0.00400 
0.43582 0.00500 
0.53090 0.00600 
0.62489 0.00700 
0.71780 0.00800 
0.80965 0.00900 
0.90044 0.01000 
0.99019 0.01100 
1.07891 0.01200 
1.16661 0.01300 
1.25331 0.01400 
1.33901 0.01500 
1.42373 0.01600 
1.50747 0.01700 
1.59026 0.01800 
1.67209 0.01900 
1.75299 0.02000 
1.83295 0.02100 
1.91200 0.02200 
1.99015 0.02300 
2.06739 0.02400 
2.14376 0.02500 
2.21924 0.02600 
2.29386 0.02700 
2.36762 0.02800 
2.44053 0.02900 
2.51261 0.03000 
2.58386 0.03100 
2.65430 0.03200 
2.72392 0.03300 
2.79275 0.03400 
2.86079 0.03500 
2.92804 0.03600 
2.99453 0.03700 
3.06025 0.03800 
3.12521 0.03900 
3.18943 0.04000 
3.25292 0.04100 
3.31567 0.04200 
3.37771 0.04300 
3.43903 0.04400 
3.49965 0.04500 
3.55958 0.04600 
3.61882 0.04700 
3.67737 0.04800 
3.73526 0.04900 
3.79248 0.05000 
3.84904 0.05100 
3.90496 0.05200 
3.96023 0.05300 
4.01487 0.05400 
4.06888 0.05500 
4.12227 0.05600 
4.17505 0.05700 
4.22723 0.05800 
4.27880 0.05900 
4.32979 0.06000 
4.38018 0.06100 
4.43000 0.06200 
4.47925 0.06300 
4.52794 0.06400 
4.57606 0.06500 
4.62363 0.06600 
4.67066 0.06700 
4.71714 0.06800 
4.76310 0.06900 
4.80852 0.07000 
4.85343 0.07100 
4.89782 0.07200 
4.94170 0.07300 
4.98507 0.07400 
5.02795 0.07500 
5.07034 0.07600 
5.11224 0.07700 
5.15366 0.07800 
5.19460 0.07900 
5.23508 0.08000 
5.27509 0.08100 
5.31464 0.08200 
5.35373 0.08300 
5.39238 0.08400 
5.43059 0.08500 
5.46835 0.08600 
5.50569 0.08700 
5.54259 0.08800 
5.57907 0.08900 
5.61513 0.09000 
5.65078 0.09100 
5.68602 0.09200 
5.72086 0.09300 
5.75529 0.09400 
5.78933 0.09500 
5.82298 0.09600 
5.85625 0.09700 
5.88913 0.09800 
5.92163 0.09900 
5.95376 0.10000 
5.98553 0.10100 
6.01692 0.10200 
6.04796 0.10300 
6.07865 0.10400 
6.10898 0.10500 
6.13896 0.10600 
6.16860 0.10700 
6.19789 0.10800 
6.22686 0.10900 
6.25548 0.11000 
6.28379 0.11100 
6.31176 0.11200 
6.33942 0.11300 
6.36676 0.11400 
6.39378 0.11500 
6.42049 0.11600 
6.44690 0.11700 
6.47301 0.11800 
6.49881 0.11900 
6.52432 0.12000 
6.54954 0.12100 
6.57447 0.12200 
6.59911 0.12300 
6.62347 0.12400 
6.64754 0.12500 
6.67135 0.12600 
6.69488 0.12700 
6.71814 0.12800 
6.74113 0.12900 
6.76386 0.13000 
6.78633 0.13100 
6.80854 0.13200 
6.83049 0.13300 
6.85220 0.13400 
6.87365 0.13500 
6.89486 0.13600 
6.91583 0.13700 
6.93655 0.13800 
6.95704 0.13900 
6.97729 0.14000 
6.99731 0.14100 
7.01710 0.14200 
7.03666 0.14300 
7.05600 0.14400 
7.07512 0.14500 
7.09402 0.14600 
7.11270 0.14700 
7.13116 0.14800 
7.14942 0.14900 
7.16746 0.15000 
7.18530 0.15100 
7.20293 0.15200 
7.22036 0.15300 
7.23759 0.15400 
7.25463 0.15500 
7.27147 0.15600 
7.28811 0.15700 
7.30456 0.15800 
7.32083 0.15900 
7.33691 0.16000 
7.35280 0.16100 
7.36851 0.16200 
7.38404 0.16300 
7.39940 0.16400 
7.41457 0.16500 
7.42958 0.16600 
7.44441 0.16700 
7.45907 0.16800 
7.47356 0.16900 
7.48789 0.17000 
7.50205 0.17100 
7.51605 0.17200 
7.52988 0.17300 
7.54356 0.17400 
7.55709 0.17500 
7.57045 0.17600 
7.58367 0.17700 
7.59673 0.17800 
7.60964 0.17900 
7.62241 0.18000 
7.63503 0.18100 
7.64750 0.18200 
7.65983 0.18300 
7.67202 0.18400 
7.68407 0.18500 
7.69598 0.18600 
7.70775 0.18700 
7.71939 0.18800 
7.73090 0.18900 
7.74227 0.19000 
7.75352 0.19100 
7.76463 0.19200 
7.77562 0.19300 
7.78648 0.19400 
7.79721 0.19500 
7.80782 0.19600 
7.81830 0.19700 
7.82866 0.19800 
7.83891 0.19900 
7.84904 0.20000 
7.85905 0.20100 
7.86894 0.20200 
7.87873 0.20300 
7.88840 0.20400 
7.89796 0.20500 
7.90741 0.20600 
7.91675 0.20700 
7.92599 0.20800 
7.93512 0.20900 
7.94414 0.21000 
7.95306 0.21100 
7.96188 0.21200 
7.97060 0.21300 
7.97922 0.21400 
7.98774 0.21500 
7.99616 0.21600 
8.00448 0.21700 
8.01272 0.21800 
8.02085 0.21900 
8.02889 0.22000 
8.03684 0.22100 
8.04470 0.22200 
8.05247 0.22300 
8.06015 0.22400 
8.06775 0.22500 
8.07525 0.22600 
8.08267 0.22700 
8.09000 0.22800 
8.09726 0.22900 
8.10442 0.23000 
8.11151 0.23100 
8.11851 0.23200 
8.12544 0.23300 
8.13228 0.23400 
8.13905 0.23500 
8.14573 0.23600 
8.15235 0.23700 
8.15888 0.23800 
8.16534 0.23900 
8.17173 0.24000 
8.17804 0.24100 
8.18429 0.24200 
8.19046 0.24300 
8.19656 0.24400 
8.20258 0.24500 
8.20855 0.24600 
8.21444 0.24700 
8.22026 0.24800 
8.22602 0.24900 
8.23171 0.25000 
8.23734 0.25100 
8.24290 0.25200 
8.24840 0.25300 
8.25383 0.25400 
8.25921 0.25500 
8.26452 0.25600 
8.26977 0.25700 
8.27496 0.25800 
8.28009 0.25900 
8.28516 0.26000 
8.29018 0.26100 
8.29514 0.26200 
8.30004 0.26300 
8.30488 0.26400 
8.30967 0.26500 
8.31440 0.26600 
8.31908 0.26700 
8.32371 0.26800 
8.32828 0.26900 
8.33280 0.27000 
8.33727 0.27100 
8.34168 0.27200 
8.34605 0.27300 
8.35037 0.27400 
8.35463 0.27500 
8.35885 0.27600 
8.36302 0.27700 
8.36714 0.27800 
8.37122 0.27900 
8.37525 0.28000 
8.37923 0.28100 
8.38317 0.28200 
8.38706 0.28300 
8.39090 0.28400 
8.39471 0.28500 
8.39846 0.28600 
8.40218 0.28700 
8.40585 0.28800 
8.40949 0.28900 
8.41308 0.29000 
8.41662 0.29100 
8.42013 0.29200 
8.42360 0.29300 
8.42703 0.29400 
8.43042 0.29500 
8.43377 0.29600 
8.43708 0.29700 
8.44036 0.29800 
8.44359 0.29900 
8.44679 0.30000 
8.44996 0.30100 
8.45308 0.30200 
8.45617 0.30300 
8.45923 0.30400 
8.46225 0.30500 
8.46523 0.30600 
8.46819 0.30700 
8.47110 0.30800 
8.47399 0.30900 
8.47684 0.31000 
8.47966 0.31100 
8.48244 0.31200 
8.48520 0.31300 
8.48792 0.31400 
8.49061 0.31500 
8.49327 0.31600 
8.49590 0.31700 
8.49850 0.31800 
8.50107 0.31900 
8.50361 0.32000 
8.50612 0.32100 
8.50860 0.32200 
8.51105 0.32300 
8.51348 0.32400 
8.51588 0.32500 
8.51825 0.32600 
8.52059 0.32700 
8.52291 0.32800 
8.52520 0.32900 
8.52746 0.33000 
8.52970 0.33100 
8.53191 0.33200 
8.53409 0.33300 
8.53626 0.33400 
8.53839 0.33500 
8.54050 0.33600 
8.54259 0.33700 
8.54466 0.33800 
8.54670 0.33900 
8.54871 0.34000 
8.55071 0.34100 
8.55268 0.34200 
8.55462 0.34300 
8.55655 0.34400 
8.55845 0.34500 
8.56034 0.34600 
8.56220 0.34700 
8.56403 0.34800 
8.56585 0.34900 
8.56765 0.35000 
8.56943 0.35100 
8.57118 0.35200 
8.57292 0.35300 
8.57463 0.35400 
8.57633 0.35500 
8.57801 0.35600 
8.57967 0.35700 
8.58130 0.35800 
8.58292 0.35900 
8.58453 0.36000 
8.58611 0.36100 
8.58768 0.36200 
8.58922 0.36300 
8.59075 0.36400 
8.59226 0.36500 
8.59376 0.36600 
8.59524 0.36700 
8.59670 0.36800 
8.59814 0.36900 
8.59957 0.37000 
8.60098 0.37100 
8.60237 0.37200 
8.60375 0.37300 
8.60512 0.37400 
8.60646 0.37500 
8.60780 0.37600 
8.60911 0.37700 
8.61041 0.37800 
8.61170 0.37900 
8.61297 0.38000 
8.61423 0.38100 
8.61547 0.38200 
8.61670 0.38300 
8.61792 0.38400 
8.61912 0.38500 
8.62030 0.38600 
8.62148 0.38700 
8.62264 0.38800 
8.62378 0.38900 
8.62492 0.39000 
8.62604 0.39100 
8.62714 0.39200 
8.62824 0.39300 
8.62932 0.39400 
8.63039 0.39500 
8.63145 0.39600 
8.63249 0.39700 
8.63353 0.39800 
8.63455 0.39900 
8.63556 0.40000 
8.63656 0.40100 
8.63754 0.40200 
8.63852 0.40300 
8.63948 0.40400 
8.64044 0.40500 
8.64138 0.40600 
8.64231 0.40700 
8.64323 0.40800 
8.64414 0.40900 
8.64504 0.41000 
8.64593 0.41100 
8.64681 0.41200 
8.64768 0.41300 
8.64854 0.41400 
8.64939 0.41500 
8.65023 0.41600 
8.65106 0.41700 
8.65188 0.41800 
8.65269 0.41900 
8.65349 0.42000 
8.65429 0.42100 
8.65507 0.42200 
8.65584 0.42300 
8.65661 0.42400 
8.65737 0.42500 
8.65812 0.42600 
8.65885 0.42700 
8.65959 0.42800 
8.66031 0.42900 
8.66102 0.43000 
8.66173 0.43100 
8.66243 0.43200 
8.66312 0.43300 
8.66380 0.43400 
8.66447 0.43500 
8.66514 0.43600 
8.66580 0.43700 
8.66645 0.43800 
8.66710 0.43900 
8.66773 0.44000 
8.66836 0.44100 
8.66898 0.44200 
8.66960 0.44300 
8.67021 0.44400 
8.67081 0.44500 
8.67140 0.44600 
8.67199 0.44700 
8.67257 0.44800 
8.67314 0.44900 
8.67371 0.45000 
8.67427 0.45100 
8.67483 0.45200 
8.67537 0.45300 
8.67592 0.45400 
8.67645 0.45500 
8.67698 0.45600 
8.67750 0.45700 
8.67802 0.45800 
8.67853 0.45900 
8.67904 0.46000 
8.67954 0.46100 
8.68003 0.46200 
8.68052 0.46300 
8.68100 0.46400 
8.68148 0.46500 
8.68195 0.46600 
8.68242 0.46700 
8.68288 0.46800 
8.68333 0.46900 
8.68379 0.47000 
8.68423 0.47100 
8.68467 0.47200 
8.68511 0.47300 
8.68554 0.47400 
8.68596 0.47500 
8.68638 0.47600 
8.68680 0.47700 
8.68721 0.47800 
8.68761 0.47900 
8.68801 0.48000 
8.68841 0.48100 
8.68880 0.48200 
8.68919 0.48300 
8.68957 0.48400 
8.68995 0.48500 
8.69033 0.48600 
8.69070 0.48700 
8.69106 0.48800 
8.69143 0.48900 
8.69178 0.49000 
8.69214 0.49100 
8.69249 0.49200 
8.69283 0.49300 
8.69318 0.49400 
8.69351 0.49500 
8.69385 0.49600 
8.69418 0.49700 
8.69450 0.49800 
8.69483 0.49900 
8.69515 0.50000 
8.69546 0.50100 
8.69577 0.50200 
8.69608 0.50300 
8.69639 0.50400 
8.69669 0.50500 
8.69699 0.50600 
8.69728 0.50700 
8.69757 0.50800 
8.69786 0.50900 
8.69814 0.51000 
8.69842 0.51100 
8.69870 0.51200 
8.69898 0.51300 
8.69925 0.51400 
8.69952 0.51500 
8.69978 0.51600 
8.70005 0.51700 
8.70030 0.51800 
8.70056 0.51900 
8.70081 0.52000 
8.70107 0.52100 
8.70131 0.52200 
8.70156 0.52300 
8.70180 0.52400 
8.70204 0.52500 
8.70228 0.52600 
8.70251 0.52700 
8.70274 0.52800 
8.70297 0.52900 
8.70320 0.53000 
8.70342 0.53100 
8.70364 0.53200 
8.70386 0.53300 
8.70408 0.53400 
8.70429 0.53500 
8.70450 0.53600 
8.70471 0.53700 
8.70492 0.53800 
8.70512 0.53900 
8.70532 0.54000 
8.70552 0.54100 
8.70572 0.54200 
8.70591 0.54300 
8.70610 0.54400 
8.70630 0.54500 
8.70648 0.54600 
8.70667 0.54700 
8.70685 0.54800 
8.70704 0.54900 
8.70722 0.55000 
8.70739 0.55100 
8.70757 0.55200 
8.70774 0.55300 
8.70791 0.55400 
8.70808 0.55500 
8.70825 0.55600 
8.70842 0.55700 
8.70858 0.55800 
8.70874 0.55900 
8.70890 0.56000 
8.70906 0.56100 
8.70922 0.56200 
8.70937 0.56300 
8.70953 0.56400 
8.70968 0.56500 
8.70983 0.56600 
8.70998 0.56700 
8.71012 0.56800 
8.71027 0.56900 
8.71041 0.57000 
8.71055 0.57100 
8.71069 0.57200 
8.71083 0.57300 
8.71096 0.57400 
8.71110 0.57500 
8.71123 0.57600 
8.71136 0.57700 
8.71150 0.57800 
8.71162 0.57900 
8.71175 0.58000 
8.71188 0.58100 
8.71200 0.58200 
8.71212 0.58300 
8.71225 0.58400 
8.71237 0.58500 
8.71249 0.58600 
8.71260 0.58700 
8.71272 0.58800 
8.71283 0.58900 
8.71295 0.59000 
8.71306 0.59100 
8.71317 0.59200 
8.71328 0.59300 
8.71339 0.59400 
8.71350 0.59500 
8.71360 0.59600 
8.71371 0.59700 
8.71381 0.59800 
8.71391 0.59900 
8.71402 0.60000 
8.71412 0.60100 
8.71421 0.60200 
8.71431 0.60300 
8.71441 0.60400 
8.71450 0.60500 
8.71460 0.60600 
8.71469 0.60700 
8.71478 0.60800 
8.71488 0.60900 
8.71497 0.61000 
8.71506 0.61100 
8.71514 0.61200 
8.71523 0.61300 
8.71532 0.61400 
8.71540 0.61500 
8.71549 0.61600 
8.71557 0.61700 
8.71565 0.61800 
8.71573 0.61900 
8.71581 0.62000 
8.71589 0.62100 
8.71597 0.62200 
8.71605 0.62300 
8.71613 0.62400 
8.71620 0.62500 
8.71628 0.62600 
8.71635 0.62700 
8.71643 0.62800 
8.71650 0.62900 
8.71657 0.63000 
8.71664 0.63100 
8.71671 0.63200 
8.71678 0.63300 
8.71685 0.63400 
8.71692 0.63500 
8.71698 0.63600 
8.71705 0.63700 
8.71712 0.63800 
8.71718 0.63900 
8.71725 0.64000 
8.71731 0.64100 
8.71737 0.64200 
8.71743 0.64300 
8.71749 0.64400 
8.71755 0.64500 
8.71761 0.64600 
8.71767 0.64700 
8.71773 0.64800 
8.71779 0.64900 
8.71785 0.65000 
8.71790 0.65100 
8.71796 0.65200 
8.71801 0.65300 
8.71807 0.65400 
8.71812 0.65500 
8.71818 0.65600 
8.71823 0.65700 
8.71828 0.65800 
8.71833 0.65900 
8.71838 0.66000 
8.71843 0.66100 
8.71848 0.66200 
8.71853 0.66300 
8.71858 0.66400 
8.71863 0.66500 
8.71868 0.66600 
8.71872 0.66700 
8.71877 0.66800 
8.71882 0.66900 
8.71886 0.67000 
8.71891 0.67100 
8.71895 0.67200 
8.71899 0.67300 
8.71904 0.67400 
8.71908 0.67500 
8.71912 0.67600 
8.71916 0.67700 
8.71921 0.67800 
8.71925 0.67900 
8.71929 0.68000 
8.71933 0.68100 
8.71937 0.68200 
8.71941 0.68300 
8.71944 0.68400 
8.71948 0.68500 
8.71952 0.68600 
8.71956 0.68700 
8.71959 0.68800 
8.71963 0.68900 
8.71967 0.69000 
8.71970 0.69100 
8.71974 0.69200 
8.71977 0.69300 
8.71981 0.69400 
8.71984 0.69500 
8.71987 0.69600 
8.71991 0.69700 
8.71994 0.69800 
8.71997 0.69900 
8.72001 0.70000 
8.72004 0.70100 
8.72007 0.70200 
8.72010 0.70300 
8.72013 0.70400 
8.72016 0.70500 
8.72019 0.70600 
8.72022 0.70700 
8.72025 0.70800 
8.72028 0.70900 
8.72031 0.71000 
8.72034 0.71100 
8.72036 0.71200 
8.72039 0.71300 
8.72042 0.71400 
8.72045 0.71500 
8.72047 0.71600 
8.72050 0.71700 
8.72053 0.71800 
8.72055 0.71900 
8.72058 0.72000 
8.72060 0.72100 
8.72063 0.72200 
8.72065 0.72300 
8.72068 0.72400 
8.72070 0.72500 
8.72072 0.72600 
8.72075 0.72700 
8.72077 0.72800 
8.72079 0.72900 
8.72082 0.73000 
8.72084 0.73100 
8.72086 0.73200 
8.72088 0.73300 
8.72091 0.73400 
8.72093 0.73500 
8.72095 0.73600 
8.72097 0.73700 
8.72099 0.73800 
8.72101 0.73900 
8.72103 0.74000 
8.72105 0.74100 
8.72107 0.74200 
8.72109 0.74300 
8.72111 0.74400 
8.72113 0.74500 
8.72115 0.74600 
8.72117 0.74700 
8.72119 0.74800 
8.72120 0.74900 
8.72122 0.75000 
8.72124 0.75100 
8.72126 0.75200 
8.72127 0.75300 
8.72129 0.75400 
8.72131 0.75500 
8.72133 0.75600 
8.72134 0.75700 
8.72136 0.75800 
8.72138 0.75900 
8.72139 0.76000 
8.72141 0.76100 
8.72142 0.76200 
8.72144 0.76300 
8.72145 0.76400 
8.72147 0.76500 
8.72148 0.76600 
8.72150 0.76700 
8.72151 0.76800 
8.72153 0.76900 
8.72154 0.77000 
8.72156 0.77100 
8.72157 0.77200 
8.72159 0.77300 
8.72160 0.77400 
8.72161 0.77500 
8.72163 0.77600 
8.72164 0.77700 
8.72165 0.77800 
8.72167 0.77900 
8.72168 0.78000 
8.72169 0.78100 
8.72170 0.78200 
8.72172 0.78300 
8.72173 0.78400 
8.72174 0.78500 
8.72175 0.78600 
8.72176 0.78700 
8.72178 0.78800 
8.72179 0.78900 
8.72180 0.79000 
8.72181 0.79100 
8.72182 0.79200 
8.72183 0.79300 
8.72184 0.79400 
8.72185 0.79500 
8.72187 0.79600 
8.72188 0.79700 
8.72189 0.79800 
8.72190 0.79900 
8.72191 0.80000 
8.72192 0.80100 
8.72193 0.80200 
8.72194 0.80300 
8.72195 0.80400 
8.72196 0.80500 
8.72197 0.80600 
8.72197 0.80700 
8.72198 0.80800 
8.72199 0.80900 
8.72200 0.81000 
8.72201 0.81100 
8.72202 0.81200 
8.72203 0.81300 
8.72204 0.81400 
8.72205 0.81500 
8.72206 0.81600 
8.72206 0.81700 
8.72207 0.81800 
8.72208 0.81900 
8.72209 0.82000 
8.72210 0.82100 
8.72210 0.82200 
8.72211 0.82300 
8.72212 0.82400 
8.72213 0.82500 
8.72213 0.82600 
8.72214 0.82700 
8.72215 0.82800 
8.72216 0.82900 
8.72216 0.83000 
8.72217 0.83100 
8.72218 0.83200 
8.72219 0.83300 
8.72219 0.83400 
8.72220 0.83500 
8.72221 0.83600 
8.72221 0.83700 
8.72222 0.83800 
8.72223 0.83900 
8.72223 0.84000 
8.72224 0.84100 
8.72224 0.84200 
8.72225 0.84300 
8.72226 0.84400 
8.72226 0.84500 
8.72227 0.84600 
8.72228 0.84700 
8.72228 0.84800 
8.72229 0.84900 
8.72229 0.85000 
8.72230 0.85100 
8.72230 0.85200 
8.72231 0.85300 
8.72232 0.85400 
8.72232 0.85500 
8.72233 0.85600 
8.72233 0.85700 
8.72234 0.85800 
8.72234 0.85900 
8.72235 0.86000 
8.72235 0.86100 
8.72236 0.86200 
8.72236 0.86300 
8.72237 0.86400 
8.72237 0.86500 
8.72238 0.86600 
8.72238 0.86700 
8.72239 0.86800 
8.72239 0.86900 
8.72239 0.87000 
8.72240 0.87100 
8.72240 0.87200 
8.72241 0.87300 
8.72241 0.87400 
8.72242 0.87500 
8.72242 0.87600 
8.72243 0.87700 
8.72243 0.87800 
8.72243 0.87900 
8.72244 0.88000 
8.72244 0.88100 
8.72245 0.88200 
8.72245 0.88300 
8.72245 0.88400 
8.72246 0.88500 
8.72246 0.88600 
8.72247 0.88700 
8.72247 0.88800 
8.72247 0.88900 
8.72248 0.89000 
8.72248 0.89100 
8.72248 0.89200 
8.72249 0.89300 
8.72249 0.89400 
8.72249 0.89500 
8.72250 0.89600 
8.72250 0.89700 
8.72250 0.89800 
8.72251 0.89900 
8.72251 0.90000 
8.72251 0.90100 
8.72252 0.90200 
8.72252 0.90300 
8.72252 0.90400 
8.72253 0.90500 
8.72253 0.90600 
8.72253 0.90700 
8.72253 0.90800 
8.72254 0.90900 
8.72254 0.91000 
8.72254 0.91100 
8.72255 0.91200 
8.72255 0.91300 
8.72255 0.91400 
8.72255 0.91500 
8.72256 0.91600 
8.72256 0.91700 
8.72256 0.91800 
8.72257 0.91900 
8.72257 0.92000 
8.72257 0.92100 
8.72257 0.92200 
8.72258 0.92300 
8.72258 0.92400 
8.72258 0.92500 
8.72258 0.92600 
8.72259 0.92700 
8.72259 0.92800 
8.72259 0.92900 
8.72259 0.93000 
8.72259 0.93100 
8.72260 0.93200 
8.72260 0.93300 
8.72260 0.93400 
8.72260 0.93500 
8.72261 0.93600 
8.72261 0.93700 
8.72261 0.93800 
8.72261 0.93900 
8.72261 0.94000 
8.72262 0.94100 
8.72262 0.94200 
8.72262 0.94300 
8.72262 0.94400 
8.72262 0.94500 
8.72263 0.94600 
8.72263 0.94700 
8.72263 0.94800 
8.72263 0.94900 
8.72263 0.95000 
8.72263 0.95100 
8.72264 0.95200 
8.72264 0.95300 
8.72264 0.95400 
8.72264 0.95500 
8.72264 0.95600 
8.72265 0.95700 
8.72265 0.95800 
8.72265 0.95900 
8.72265 0.96000 
8.72265 0.96100 
8.72265 0.96200 
8.72265 0.96300 
8.72266 0.96400 
8.72266 0.96500 
8.72266 0.96600 
8.72266 0.96700 
8.72266 0.96800 
8.72266 0.96900 
8.72267 0.97000 
8.72267 0.97100 
8.72267 0.97200 
8.72267 0.97300 
8.72267 0.97400 
8.72267 0.97500 
8.72267 0.97600 
8.72268 0.97700 
8.72268 0.97800 
8.72268 0.97900 
8.72268 0.98000 
8.72268 0.98100 
8.72268 0.98200 
8.72268 0.98300 
8.72268 0.98400 
8.72269 0.98500 
8.72269 0.98600 
8.72269 0.98700 
8.72269 0.98800 
8.72269 0.98900 
8.72269 0.99000 
8.72269 0.99100 
8.72269 0.99200 
8.72269 0.99300 
8.72270 0.99400 
8.72270 0.99500 
8.72270 0.99600 
8.72270 0.99700 
8.72270 0.99800 
8.72270 0.99900 
8.72270 1.00000 
8.72270 1.00100 
8.72270 1.00200 
8.72270 1.00300 
8.72271 1.00400 
8.72271 1.00500 
8.72271 1.00600 
8.72271 1.00700 
8.72271 1.00800 
8.72271 1.00900 
8.72271 1.01000 
8.72271 1.01100 
8.72271 1.01200 
8.72271 1.01300 
8.72272 1.01400 
8.72272 1.01500 
8.72272 1.01600 
8.72272 1.01700 
8.72272 1.01800 
8.72272 1.01900 
8.72272 1.02000 
8.72272 1.02100 
8.72272 1.02200 
8.72272 1.02300 
8.72272 1.02400 
8.72272 1.02500 
8.72272 1.02600 
8.72273 1.02700 
8.72273 1.02800 
8.72273 1.02900 
8.72273 1.03000 
8.72273 1.03100 
8.72273 1.03200 
8.72273 1.03300 
8.72273 1.03400 
8.72273 1.03500 
8.72273 1.03600 
8.72273 1.03700 
8.72273 1.03800 
8.72273 1.03900 
8.72273 1.04000 
8.72274 1.04100 
8.72274 1.04200 
8.72274 1.04300 
8.72274 1.04400 
8.72274 1.04500 
8.72274 1.04600 
8.72274 1.04700 
8.72274 1.04800 
8.72274 1.04900 
8.72274 1.05000 
8.72274 1.05100 
8.72274 1.05200 
8.72274 1.05300 
8.72274 1.05400 
8.72274 1.05500 
8.72274 1.05600 
8.72274 1.05700 
8.72275 1.05800 
8.72275 1.05900 
8.72275 1.06000 
8.72275 1.06100 
8.72275 1.06200 
8.72275 1.06300 
8.72275 1.06400 
8.72275 1.06500 
8.72275 1.06600 
8.72275 1.06700 
8.72275 1.06800 
8.72275 1.06900 
8.72275 1.07000 
8.72275 1.07100 
8.72275 1.07200 
8.72275 1.07300 
8.72275 1.07400 
8.72275 1.07500 
8.72275 1.07600 
8.72275 1.07700 
8.72275 1.07800 
8.72276 1.07900 
8.72276 1.08000 
8.72276 1.08100 
8.72276 1.08200 
8.72276 1.08300 
8.72276 1.08400 
8.72276 1.08500 
8.72276 1.08600 
8.72276 1.08700 
8.72276 1.08800 
8.72276 1.08900 
8.72276 1.09000 
8.72276 1.09100 
8.72276 1.09200 
8.72276 1.09300 
8.72276 1.09400 
8.72276 1.09500 
8.72276 1.09600 
8.72276 1.09700 
8.72276 1.09800 
8.72276 1.09900 
8.72276 1.10000 
8.72276 1.10100 
8.72276 1.10200 
8.72276 1.10300 
8.72276 1.10400 
8.72276 1.10500 
8.72276 1.10600 
8.72276 1.10700 
8.72277 1.10800 
8.72277 1.10900 
8.72277 1.11000 
8.72277 1.11100 
8.72277 1.11200 
8.72277 1.11300 
8.72277 1.11400 
8.72277 1.11500 
8.72277 1.11600 
8.72277 1.11700 
8.72277 1.11800 
8.72277 1.11900 
8.72277 1.12000 
8.72277 1.12100 
8.72277 1.12200 
8.72277 1.12300 
8.72277 1.12400 
8.72277 1.12500 
8.72277 1.12600 
8.72277 1.12700 
8.72277 1.12800 
8.72277 1.12900 
8.72277 1.13000 
8.72277 1.13100 
8.72277 1.13200 
8.72277 1.13300 
8.72277 1.13400 
8.72277 1.13500 
8.72277 1.13600 
8.72277 1.13700 
8.72277 1.13800 
8.72277 1.13900 
8.72277 1.14000 
8.72277 1.14100 
8.72277 1.14200 
8.72277 1.14300 
8.72277 1.14400 
8.72277 1.14500 
8.72277 1.14600 
8.72277 1.14700 
8.72277 1.14800 
8.72277 1.14900 
8.72278 1.15000 
8.72278 1.15100 
8.72278 1.15200 
8.72278 1.15300 
8.72278 1.15400 
8.72278 1.15500 
8.72278 1.15600 
8.72278 1.15700 
8.72278 1.15800 
8.72278 1.15900 
8.72278 1.16000 
8.72278 1.16100 
8.72278 1.16200 
8.72278 1.16300 
8.72278 1.16400 
8.72278 1.16500 
8.72278 1.16600 
8.72278 1.16700 
8.72278 1.16800 
8.72278 1.16900 
8.72278 1.17000 
8.72278 1.17100 
8.72278 1.17200 
8.72278 1.17300 
8.72278 1.17400 
8.72278 1.17500 
8.72278 1.17600 
8.72278 1.17700 
8.72278 1.17800 
8.72278 1.17900 
8.72278 1.18000 
8.72278 1.18100 
8.72278 1.18200 
8.72278 1.18300 
8.72278 1.18400 
8.72278 1.18500 
8.72278 1.18600 
8.72278 1.18700 
8.72278 1.18800 
8.72278 1.18900 
8.72278 1.19000 
8.72278 1.19100 
8.72278 1.19200 
8.72278 1.19300 
8.72278 1.19400 
8.72278 1.19500 
8.72278 1.19600 
8.72278 1.19700 
8.72278 1.19800 
8.72278 1.19900 
8.72278 1.20000 
8.72278 1.20100 
8.72278 1.20200 
8.72278 1.20300 
8.72278 1.20400 
8.72278 1.20500 
8.72278 1.20600 
8.72278 1.20700 
8.72278 1.20800 
8.72278 1.20900 
8.72278 1.21000 
8.72278 1.21100 
8.72278 1.21200 
8.72278 1.21300 
8.72278 1.21400 
8.72278 1.21500 
8.72278 1.21600 
8.72278 1.21700 
8.72278 1.21800 
8.72278 1.21900 
8.72278 1.22000 
8.72278 1.22100 
8.72278 1.22200 
8.72278 1.22300 
8.72278 1.22400 
8.72278 1.22500 
8.72278 1.22600 
8.72278 1.22700 
8.72278 1.22800 
8.72278 1.22900 
8.72278 1.23000 
8.72278 1.23100 
8.72278 1.23200 
8.72278 1.23300 
8.72278 1.23400 
8.72279 1.23500 
8.72279 1.23600 
8.72279 1.23700 
8.72279 1.23800 
8.72279 1.23900 
8.72279 1.24000 
8.72279 1.24100 
8.72279 1.24200 
8.72279 1.24300 
8.72279 1.24400 
8.72279 1.24500 
8.72279 1.24600 
8.72279 1.24700 
8.72279 1.24800 
8.72279 1.24900 
8.72279 1.25000 
8.72279 1.25100 
8.72279 1.25200 
8.72279 1.25300 
8.72279 1.25400 
8.72279 1.25500 
8.72279 1.25600 
8.72279 1.25700 
8.72279 1.25800 
8.72279 1.25900 
8.72279 1.26000 
8.72279 1.26100 
8.72279 1.26200 
8.72279 1.26300 
8.72279 1.26400 
8.72279 1.26500 
8.72279 1.26600 
8.72279 1.26700 
8.72279 1.26800 
8.72279 1.26900 
8.72279 1.27000 
8.72279 1.27100 
8.72279 1.27200 
8.72279 1.27300 
8.72279 1.27400 
8.72279 1.27500 
8.72279 1.27600 
8.72279 1.27700 
8.72279 1.27800 
8.72279 1.27900 
8.72279 1.28000 
8.72279 1.28100 
8.72279 1.28200 
8.72279 1.28300 
8.72279 1.28400 
8.72279 1.28500 
8.72279 1.28600 
8.72279 1.28700 
8.72279 1.28800 
8.72279 1.28900 
8.72279 1.29000 
8.72279 1.29100 
8.72279 1.29200 
8.72279 1.29300 
8.72279 1.29400 
8.72279 1.29500 
8.72279 1.29600 
8.72279 1.29700 
8.72279 1.29800 
8.72279 1.29900 
8.72279 1.30000 
8.72279 1.30100 
8.72279 1.30200 
8.72279 1.30300 
8.72279 1.30400 
8.72279 1.30500 
8.72279 1.30600 
8.72279 1.30700 
8.72279 1.30800 
8.72279 1.30900 
8.72279 1.31000 
8.72279 1.31100 
8.72279 1.31200 
8.72279 1.31300 
8.72279 1.31400 
8.72279 1.31500 
8.72279 1.31600 
8.72279 1.31700 
8.72279 1.31800 
8.72279 1.31900 
8.72279 1.32000 
8.72279 1.32100 
8.72279 1.32200 
8.72279 1.32300 
8.72279 1.32400 
8.72279 1.32500 
8.72279 1.32600 
8.72279 1.32700 
8.72279 1.32800 
8.72279 1.32900 
8.72279 1.33000 
8.72279 1.33100 
8.72279 1.33200 
8.72279 1.33300 
8.72279 1.33400 
8.72279 1.33500 
8.72279 1.33600 
8.72279 1.33700 
8.72279 1.33800 
8.72279 1.33900 
8.72279 1.34000 
8.72279 1.34100 
8.72279 1.34200 
8.72279 1.34300 
8.72279 1.34400 
8.72279 1.34500 
8.72279 1.34600 
8.72279 1.34700 
8.72279 1.34800 
8.72279 1.34900 
8.72279 1.35000 
8.72279 1.35100 
8.72279 1.35200 
8.72279 1.35300 
8.72279 1.35400 
8.72279 1.35500 
8.72279 1.35600 
8.72279 1.35700 
8.72279 1.35800 
8.72279 1.35900 
8.72279 1.36000 
8.72279 1.36100 
8.72279 1.36200 
8.72279 1.36300 
8.72279 1.36400 
8.72279 1.36500 
8.72279 1.36600 
8.72279 1.36700 
8.72279 1.36800 
8.72279 1.36900 
8.72279 1.37000 
8.72279 1.37100 
8.72279 1.37200 
8.72279 1.37300 
8.72279 1.37400 
8.72279 1.37500 
8.72279 1.37600 
8.72279 1.37700 
8.72279 1.37800 
8.72279 1.37900 
8.72279 1.38000 
8.72279 1.38100 
8.72279 1.38200 
8.72279 1.38300 
8.72279 1.38400 
8.72279 1.38500 
8.72279 1.38600 
8.72279 1.38700 
8.72279 1.38800 
8.72279 1.38900 
8.72279 1.39000 
8.72279 1.39100 
8.72279 1.39200 
8.72279 1.39300 
8.72279 1.39400 
8.72279 1.39500 
8.72279 1.39600 
8.72279 1.39700 
8.72279 1.39800 
8.72279 1.39900 
8.72279 1.40000 
8.72279 1.40100 
8.72279 1.40200 
8.72279 1.40300 
8.72279 1.40400 
8.72279 1.40500 
8.72279 1.40600 
8.72279 1.40700 
8.72279 1.40800 
8.72279 1.40900 
8.72279 1.41000 
8.72279 1.41100 
8.72279 1.41200 
8.72279 1.41300 
8.72279 1.41400 
8.72279 1.41500 
8.72279 1.41600 
8.72279 1.41700 
8.72279 1.41800 
8.72279 1.41900 
8.72279 1.42000 
8.72279 1.42100 
8.72279 1.42200 
8.72279 1.42300 
8.72279 1.42400 
8.72279 1.42500 
8.72279 1.42600 
8.72279 1.42700 
8.72279 1.42800 
8.72279 1.42900 
8.72279 1.43000 
8.72279 1.43100 
8.72279 1.43200 
8.72279 1.43300 
8.72279 1.43400 
8.72279 1.43500 
8.72279 1.43600 
8.72279 1.43700 
8.72279 1.43800 
8.72279 1.43900 
8.72279 1.44000 
8.72279 1.44100 
8.72279 1.44200 
8.72279 1.44300 
8.72279 1.44400 
8.72279 1.44500 
8.72279 1.44600 
8.72279 1.44700 
8.72279 1.44800 
8.72279 1.44900 
8.72279 1.45000 
8.72279 1.45100 
8.72279 1.45200 
8.72279 1.45300 
8.72279 1.45400 
8.72279 1.45500 
8.72279 1.45600 
8.72279 1.45700 
8.72279 1.45800 
8.72279 1.45900 
8.72279 1.46000 
8.72279 1.46100 
8.72279 1.46200 
8.72279 1.46300 
8.72279 1.46400 
8.72279 1.46500 
8.72279 1.46600 
8.72279 1.46700 
8.72279 1.46800 
8.72279 1.46900 
8.72279 1.47000 
8.72279 1.47100 
8.72279 1.47200 
8.72279 1.47300 
8.72279 1.47400 
8.72279 1.47500 
8.72279 1.47600 
8.72279 1.47700 
8.72279 1.47800 
8.72279 1.47900 
8.72279 1.48000 
8.72279 1.48100 
8.72279 1.48200 
8.72279 1.48300 
8.72279 1.48400 
8.72279 1.48500 
8.72279 1.48600 
8.72279 1.48700 
8.72279 1.48800 
8.72279 1.48900 
8.72279 1.49000 
8.72279 1.49100 
8.72279 1.49200 
8.72279 1.49300 
8.72279 1.49400 
8.72279 1.49500 
8.72279 1.49600 
8.72279 1.49700 
8.72279 1.49800 
8.72279 1.49900 
8.72279 1.50000 
8.72279 1.50100 
8.72279 1.50200 
8.72279 1.50300 
8.72279 1.50400 
8.72279 1.50500 
8.72279 1.50600 
8.72279 1.50700 
8.72279 1.50800 
8.72279 1.50900 
8.72279 1.51000 
8.72279 1.51100 
8.72279 1.51200 
8.72279 1.51300 
8.72279 1.51400 
8.72279 1.51500 
8.72279 1.51600 
8.72279 1.51700 
8.72279 1.51800 
8.72279 1.51900 
8.72279 1.52000 
8.72279 1.52100 
8.72279 1.52200 
8.72279 1.52300 
8.72279 1.52400 
8.72279 1.52500 
8.72279 1.52600 
8.72279 1.52700 
8.72279 1.52800 
8.72279 1.52900 
8.72279 1.53000 
8.72279 1.53100 
8.72279 1.53200 
8.72279 1.53300 
8.72279 1.53400 
8.72279 1.53500 
8.72279 1.53600 
8.72279 1.53700 
8.72279 1.53800 
8.72279 1.53900 
8.72279 1.54000 
8.72279 1.54100 
8.72279 1.54200 
8.72279 1.54300 
8.72279 1.54400 
8.72279 1.54500 
8.72279 1.54600 
8.72279 1.54700 
8.72279 1.54800 
8.72279 1.54900 
8.72279 1.55000 
8.72279 1.55100 
8.72279 1.55200 
8.72279 1.55300 
8.72279 1.55400 
8.72279 1.55500 
8.72279 1.55600 
8.72279 1.55700 
8.72279 1.55800 
8.72279 1.55900 
8.72279 1.56000 
8.72279 1.56100 
8.72279 1.56200 
8.72279 1.56300 
8.72279 1.56400 
8.72279 1.56500 
8.72279 1.56600 
8.72279 1.56700 
8.72279 1.56800 
8.72279 1.56900 
8.72279 1.57000 
8.72279 1.57100 
8.72279 1.57200 
8.72279 1.57300 
8.72279 1.57400 
8.72279 1.57500 
8.72279 1.57600 
8.72279 1.57700 
8.72279 1.57800 
8.72279 1.57900 
8.72279 1.58000 
8.72279 1.58100 
8.72279 1.58200 
8.72279 1.58300 
8.72279 1.58400 
8.72279 1.58500 
8.72279 1.58600 
8.72279 1.58700 
8.72279 1.58800 
8.72279 1.58900 
8.72279 1.59000 
8.72279 1.59100 
8.72279 1.59200 
8.72279 1.59300 
8.72279 1.59400 
8.72279 1.59500 
8.72279 1.59600 
8.72279 1.59700 
8.72279 1.59800 
8.72279 1.59900 
8.72279 1.60000 
8.72279 1.60100 
8.72279 1.60200 
8.72279 1.60300 
8.72279 1.60400 
8.72279 1.60500 
8.72279 1.60600 
8.72279 1.60700 
8.72279 1.60800 
8.72279 1.60900 
8.72279 1.61000 
8.72279 1.61100 
8.72279 1.61200 
8.72279 1.61300 
8.72279 1.61400 
8.72279 1.61500 
8.72279 1.61600 
8.72279 1.61700 
8.72279 1.61800 
8.72279 1.61900 
8.72279 1.62000 
8.72279 1.62100 
8.72279 1.62200 
8.72279 1.62300 
8.72279 1.62400 
8.72279 1.62500 
8.72279 1.62600 
8.72279 1.62700 
8.72279 1.62800 
8.72279 1.62900 
8.72279 1.63000 
8.72279 1.63100 
8.72279 1.63200 
8.72279 1.63300 
8.72279 1.63400 
8.72279 1.63500 
8.72279 1.63600 
8.72279 1.63700 
8.72279 1.63800 
8.72279 1.63900 
8.72279 1.64000 
8.72279 1.64100 
8.72279 1.64200 
8.72279 1.64300 
8.72279 1.64400 
8.72279 1.64500 
8.72279 1.64600 
8.72279 1.64700 
8.72279 1.64800 
8.72279 1.64900 
8.72279 1.65000 
8.72279 1.65100 
8.72279 1.65200 
8.72279 1.65300 
8.72279 1.65400 
8.72279 1.65500 
8.72279 1.65600 
8.72279 1.65700 
8.72279 1.65800 
8.72279 1.65900 
8.72279 1.66000 
8.72279 1.66100 
8.72279 1.66200 
8.72279 1.66300 
8.72279 1.66400 
8.72279 1.66500 
8.72279 1.66600 
8.72279 1.66700 
8.72279 1.66800 
8.72279 1.66900 
8.72279 1.67000 
8.72279 1.67100 
8.72279 1.67200 
8.72279 1.67300 
8.72279 1.67400 
8.72279 1.67500 
8.72279 1.67600 
8.72279 1.67700 
8.72279 1.67800 
8.72279 1.67900 
8.72279 1.68000 
8.72279 1.68100 
8.72279 1.68200 
8.72279 1.68300 
8.72279 1.68400 
8.72279 1.68500 
8.72279 1.68600 
8.72279 1.68700 
8.72279 1.68800 
8.72279 1.68900 
8.72279 1.69000 
8.72279 1.69100 
8.72279 1.69200 
8.72279 1.69300 
8.72279 1.69400 
8.72279 1.69500 
8.72279 1.69600 
8.72279 1.69700 
8.72279 1.69800 
8.72279 1.69900 
8.72279 1.70000 
8.72279 1.70100 
8.72279 1.70200 
8.72279 1.70300 
8.72279 1.70400 
8.72279 1.70500 
8.72279 1.70600 
8.72279 1.70700 
8.72279 1.70800 
8.72279 1.70900 
8.72279 1.71000 
8.72279 1.71100 
8.72279 1.71200 
8.72279 1.71300 
8.72279 1.71400 
8.72279 1.71500 
8.72279 1.71600 
8.72279 1.71700 
8.72279 1.71800 
8.72279 1.71900 
8.72279 1.72000 
8.72279 1.72100 
8.72279 1.72200 
8.72279 1.72300 
8.72279 1.72400 
8.72279 1.72500 
8.72279 1.72600 
8.72279 1.72700 
8.72279 1.72800 
8.72279 1.72900 
8.72279 1.73000 
8.72279 1.73100 
8.72279 1.73200 
8.72279 1.73300 
8.72279 1.73400 
8.72279 1.73500 
8.72279 1.73600 
8.72279 1.73700 
8.72279 1.73800 
8.72279 1.73900 
8.72279 1.74000 
8.72279 1.74100 
8.72279 1.74200 
8.72279 1.74300 
8.72279 1.74400 
8.72279 1.74500 
8.72279 1.74600 
8.72279 1.74700 
8.72279 1.74800 
8.72279 1.74900 
8.72279 1.75000 
8.72279 1.75100 
8.72279 1.75200 
8.72279 1.75300 
8.72279 1.75400 
8.72279 1.75500 
8.72279 1.75600 
8.72279 1.75700 
8.72279 1.75800 
8.72279 1.75900 
8.72279 1.76000 
8.72279 1.76100 
8.72279 1.76200 
8.72279 1.76300 
8.72279 1.76400 
8.72279 1.76500 
8.72279 1.76600 
8.72279 1.76700 
8.72279 1.76800 
8.72279 1.76900 
8.72279 1.77000 
8.72279 1.77100 
8.72279 1.77200 
8.72279 1.77300 
8.72279 1.77400 
8.72279 1.77500 
8.72279 1.77600 
8.72279 1.77700 
8.72279 1.77800 
8.72279 1.77900 
8.72279 1.78000 
8.72279 1.78100 
8.72279 1.78200 
8.72279 1.78300 
8.72279 1.78400 
8.72279 1.78500 
8.72279 1.78600 
8.72279 1.78700 
8.72279 1.78800 
8.72279 1.78900 
8.72279 1.79000 
8.72279 1.79100 
8.72279 1.79200 
8.72279 1.79300 
8.72279 1.79400 
8.72279 1.79500 
8.72279 1.79600 
8.72279 1.79700 
8.72279 1.79800 
8.72279 1.79900 
8.72279 1.80000 
8.72279 1.80100 
8.72279 1.80200 
8.72279 1.80300 
8.72279 1.80400 
8.72279 1.80500 
8.72279 1.80600 
8.72279 1.80700 
8.72279 1.80800 
8.72279 1.80900 
8.72279 1.81000 
8.72279 1.81100 
8.72279 1.81200 
8.72279 1.81300 
8.72279 1.81400 
8.72279 1.81500 
8.72279 1.81600 
8.72279 1.81700 
8.72279 1.81800 
8.72279 1.81900 
8.72279 1.82000 
8.72279 1.82100 
8.72279 1.82200 
8.72279 1.82300 
8.72279 1.82400 
8.72279 1.82500 
8.72279 1.82600 
8.72279 1.82700 
8.72279 1.82800 
8.72279 1.82900 
8.72279 1.83000 
8.72279 1.83100 
8.72279 1.83200 
8.72279 1.83300 
8.72279 1.83400 
8.72279 1.83500 
8.72279 1.83600 
8.72279 1.83700 
8.72279 1.83800 
8.72279 1.83900 
8.72279 1.84000 
8.72279 1.84100 
8.72279 1.84200 
8.72279 1.84300 
8.72279 1.84400 
8.72279 1.84500 
8.72279 1.84600 
8.72279 1.84700 
8.72279 1.84800 
8.72279 1.84900 
8.72279 1.85000 
8.72279 1.85100 
8.72279 1.85200 
8.72279 1.85300 
8.72279 1.85400 
8.72279 1.85500 
8.72279 1.85600 
8.72279 1.85700 
8.72279 1.85800 
8.72279 1.85900 
8.72279 1.86000 
8.72279 1.86100 
8.72279 1.86200 
8.72279 1.86300 
8.72279 1.86400 
8.72279 1.86500 
8.72279 1.86600 
8.72279 1.86700 
8.72279 1.86800 
8.72279 1.86900 
8.72279 1.87000 
8.72279 1.87100 
8.72279 1.87200 
8.72279 1.87300 
8.72279 1.87400 
8.72279 1.87500 
8.72279 1.87600 
8.72279 1.87700 
8.72279 1.87800 
8.72279 1.87900 
8.72279 1.88000 
8.72279 1.88100 
8.72279 1.88200 
8.72279 1.88300 
8.72279 1.88400 
8.72279 1.88500 
8.72279 1.88600 
8.72279 1.88700 
8.72279 1.88800 
8.72279 1.88900 
8.72279 1.89000 
8.72279 1.89100 
8.72279 1.89200 
8.72279 1.89300 
8.72279 1.89400 
8.72279 1.89500 
8.72279 1.89600 
8.72279 1.89700 
8.72279 1.89800 
8.72279 1.89900 
8.72279 1.90000 
8.72279 1.90100 
8.72279 1.90200 
8.72279 1.90300 
8.72279 1.90400 
8.72279 1.90500 
8.72279 1.90600 
8.72279 1.90700 
8.72279 1.90800 
8.72279 1.90900 
8.72279 1.91000 
8.72279 1.91100 
8.72279 1.91200 
8.72279 1.91300 
8.72279 1.91400 
8.72279 1.91500 
8.72279 1.91600 
8.72279 1.91700 
8.72279 1.91800 
8.72279 1.91900 
8.72279 1.92000 
8.72279 1.92100 
8.72279 1.92200 
8.72279 1.92300 
8.72279 1.92400 
8.72279 1.92500 
8.72279 1.92600 
8.72279 1.92700 
8.72279 1.92800 
8.72279 1.92900 
8.72279 1.93000 
8.72279 1.93100 
8.72279 1.93200 
8.72279 1.93300 
8.72279 1.93400 
8.72279 1.93500 
8.72279 1.93600 
8.72279 1.93700 
8.72279 1.93800 
8.72279 1.93900 
8.72279 1.94000 
8.72279 1.94100 
8.72279 1.94200 
8.72279 1.94300 
8.72279 1.94400 
8.72279 1.94500 
8.72279 1.94600 
8.72279 1.94700 
8.72279 1.94800 
8.72279 1.94900 
8.72279 1.95000 
8.72279 1.95100 
8.72279 1.95200 
8.72279 1.95300 
8.72279 1.95400 
8.72279 1.95500 
8.72279 1.95600 
8.72279 1.95700 
8.72279 1.95800 
8.72279 1.95900 
8.72279 1.96000 
8.72279 1.96100 
8.72279 1.96200 
8.72279 1.96300 
8.72279 1.96400 
8.72279 1.96500 
8.72279 1.96600 
8.72279 1.96700 
8.72279 1.96800 
8.72279 1.96900 
8.72279 1.97000 
8.72279 1.97100 
8.72279 1.97200 
8.72279 1.97300 
8.72279 1.97400 
8.72279 1.97500 
8.72279 1.97600 
8.72279 1.97700 
8.72279 1.97800 
8.72279 1.97900 
8.72279 1.98000 
8.72279 1.98100 
8.72279 1.98200 
8.72279 1.98300 
8.72279 1.98400 
8.72279 1.98500 
8.72279 1.98600 
8.72279 1.98700 
8.72279 1.98800 
8.72279 1.98900 
8.72279 1.99000 
8.72279 1.99100 
8.72279 1.99200 
8.72279 1.99300 
8.72279 1.99400 
8.72279 1.99500 
8.72279 1.99600 
8.72279 1.99700 
8.72279 1.99800 
8.72279 1.99900 
8.72279 2.00000 
8.72279 2.00100 
8.72279 2.00200 
8.72279 2.00300 
8.72279 2.00400 
8.72279 2.00500 
8.72279 2.00600 
8.72279 2.00700 
8.72279 2.00800 
8.72279 2.00900 
8.72279 2.01000 
8.72279 2.01100 
8.72279 2.01200 
8.72279 2.01300 
8.72279 2.01400 
8.72279 2.01500 
8.72279 2.01600 
8.72279 2.01700 
8.72279 2.01800 
8.72279 2.01900 
8.72279 2.02000 
8.72279 2.02100 
8.72279 2.02200 
8.72279 2.02300 
8.72279 2.02400 
8.72279 2.02500 
8.72279 2.02600 
8.72279 2.02700 
8.72279 2.02800 
8.72279 2.02900 
8.72279 2.03000 
8.72279 2.03100 
8.72279 2.03200 
8.72279 2.03300 
8.72279 2.03400 
8.72279 2.03500 
8.72279 2.03600 
8.72279 2.03700 
8.72279 2.03800 
8.72279 2.03900 
8.72279 2.04000 
8.72279 2.04100 
8.72279 2.04200 
8.72279 2.04300 
8.72279 2.04400 
8.72279 2.04500 
8.72279 2.04600 
8.72279 2.04700 
8.72279 2.04800 
8.72279 2.04900 
8.72279 2.05000 
8.72279 2.05100 
8.72279 2.05200 
8.72279 2.05300 
8.72279 2.05400 
8.72279 2.05500 
8.72279 2.05600 
8.72279 2.05700 
8.72279 2.05800 
8.72279 2.05900 
8.72279 2.06000 
8.72279 2.06100 
8.72279 2.06200 
8.72279 2.06300 
8.72279 2.06400 
8.72279 2.06500 
8.72279 2.06600 
8.72279 2.06700 
8.72279 2.06800 
8.72279 2.06900 
8.72279 2.07000 
8.72279 2.07100 
8.72279 2.07200 
8.72279 2.07300 
8.72279 2.07400 
8.72279 2.07500 
8.72279 2.07600 
8.72279 2.07700 
8.72279 2.07800 
8.72279 2.07900 
8.72279 2.08000 
8.72279 2.08100 
8.72279 2.08200 
8.72279 2.08300 
8.72279 2.08400 
8.72279 2.08500 
8.72279 2.08600 
8.72279 2.08700 
8.72279 2.08800 
8.72279 2.08900 
8.72279 2.09000 
8.72279 2.09100 
8.72279 2.09200 
8.72279 2.09300 
8.72279 2.09400 
8.72279 2.09500 
8.72279 2.09600 
8.72279 2.09700 
8.72279 2.09800 
8.72279 2.09900 
8.72279 2.10000 
8.72279 2.10100 
8.72279 2.10200 
8.72279 2.10300 
8.72279 2.10400 
8.72279 2.10500 
8.72279 2.10600 
8.72279 2.10700 
8.72279 2.10800 
8.72279 2.10900 
8.72279 2.11000 
8.72279 2.11100 
8.72279 2.11200 
8.72279 2.11300 
8.72279 2.11400 
8.72279 2.11500 
8.72279 2.11600 
8.72279 2.11700 
8.72279 2.11800 
8.72279 2.11900 
8.72279 2.12000 
8.72279 2.12100 
8.72279 2.12200 
8.72279 2.12300 
8.72279 2.12400 
8.72279 2.12500 
8.72279 2.12600 
8.72279 2.12700 
8.72279 2.12800 
8.72279 2.12900 
8.72279 2.13000 
8.72279 2.13100 
8.72279 2.13200 
8.72279 2.13300 
8.72279 2.13400 
8.72279 2.13500 
8.72279 2.13600 
8.72279 2.13700 
8.72279 2.13800 
8.72279 2.13900 
8.72279 2.14000 
8.72279 2.14100 
8.72279 2.14200 
8.72279 2.14300 
8.72279 2.14400 
8.72279 2.14500 
8.72279 2.14600 
8.72279 2.14700 
8.72279 2.14800 
8.72279 2.14900 
8.72279 2.15000 
8.72279 2.15100 
8.72279 2.15200 
8.72279 2.15300 
8.72279 2.15400 
8.72279 2.15500 
8.72279 2.15600 
8.72279 2.15700 
8.72279 2.15800 
8.72279 2.15900 
8.72279 2.16000 
8.72279 2.16100 
8.72279 2.16200 
8.72279 2.16300 
8.72279 2.16400 
8.72279 2.16500 
8.72279 2.16600 
8.72279 2.16700 
8.72279 2.16800 
8.72279 2.16900 
8.72279 2.17000 
8.72279 2.17100 
8.72279 2.17200 
8.72279 2.17300 
8.72279 2.17400 
8.72279 2.17500 
8.72279 2.17600 
8.72279 2.17700 
8.72279 2.17800 
8.72279 2.17900 
8.72279 2.18000 
8.72279 2.18100 
8.72279 2.18200 
8.72279 2.18300 
8.72279 2.18400 
8.72279 2.18500 
8.72279 2.18600 
8.72279 2.18700 
8.72279 2.18800 
8.72279 2.18900 
8.72279 2.19000 
8.72279 2.19100 
8.72279 2.19200 
8.72279 2.19300 
8.72279 2.19400 
8.72279 2.19500 
8.72279 2.19600 
8.72279 2.19700 
8.72279 2.19800 
8.72279 2.19900 
8.72279 2.20000 
8.72279 2.20100 
8.72279 2.20200 
8.72279 2.20300 
8.72279 2.20400 
8.72279 2.20500 
8.72279 2.20600 
8.72279 2.20700 
8.72279 2.20800 
8.72279 2.20900 
8.72279 2.21000 
8.72279 2.21100 
8.72279 2.21200 
8.72279 2.21300 
8.72279 2.21400 
8.72279 2.21500 
8.72279 2.21600 
8.72279 2.21700 
8.72279 2.21800 
8.72279 2.21900 
8.72279 2.22000 
8.72279 2.22100 
8.72279 2.22200 
8.72279 2.22300 
8.72279 2.22400 
8.72279 2.22500 
8.72279 2.22600 
8.72279 2.22700 
8.72279 2.22800 
8.72279 2.22900 
8.72279 2.23000 
8.72279 2.23100 
8.72279 2.23200 
8.72279 2.23300 
8.72279 2.23400 
8.72279 2.23500 
8.72279 2.23600 
8.72279 2.23700 
8.72279 2.23800 
8.72279 2.23900 
8.72279 2.24000 
8.72279 2.24100 
8.72279 2.24200 
8.72279 2.24300 
8.72279 2.24400 
8.72279 2.24500 
8.72279 2.24600 
8.72279 2.24700 
8.72279 2.24800 
8.72279 2.24900 
8.72279 2.25000 
8.72279 2.25100 
8.72279 2.25200 
8.72279 2.25300 
8.72279 2.25400 
8.72279 2.25500 
8.72279 2.25600 
8.72279 2.25700 
8.72279 2.25800 
8.72279 2.25900 
8.72279 2.26000 
8.72279 2.26100 
8.72279 2.26200 
8.72279 2.26300 
8.72279 2.26400 
8.72279 2.26500 
8.72279 2.26600 
8.72279 2.26700 
8.72279 2.26800 
8.72279 2.26900 
8.72279 2.27000 
8.72279 2.27100 
8.72279 2.27200 
8.72279 2.27300 
8.72279 2.27400 
8.72279 2.27500 
8.72279 2.27600 
8.72279 2.27700 
8.72279 2.27800 
8.72279 2.27900 
8.72279 2.28000 
8.72279 2.28100 
8.72279 2.28200 
8.72279 2.28300 
8.72279 2.28400 
8.72279 2.28500 
8.72279 2.28600 
8.72279 2.28700 
8.72279 2.28800 
8.72279 2.28900 
8.72279 2.29000 
8.72279 2.29100 
8.72279 2.29200 
8.72279 2.29300 
8.72279 2.29400 
8.72279 2.29500 
8.72279 2.29600 
8.72279 2.29700 
8.72279 2.29800 
8.72279 2.29900 
8.72279 2.30000 
8.72279 2.30100 
8.72279 2.30200 
8.72279 2.30300 
8.72279 2.30400 
8.72279 2.30500 
8.72279 2.30600 
8.72279 2.30700 
8.72279 2.30800 
8.72279 2.30900 
8.72279 2.31000 
8.72279 2.31100 
8.72279 2.31200 
8.72279 2.31300 
8.72279 2.31400 
8.72279 2.31500 
8.72279 2.31600 
8.72279 2.31700 
8.72279 2.31800 
8.72279 2.31900 
8.72279 2.32000 
8.72279 2.32100 
8.72279 2.32200 
8.72279 2.32300 
8.72279 2.32400 
8.72279 2.32500 
8.72279 2.32600 
8.72279 2.32700 
8.72279 2.32800 
8.72279 2.32900 
8.72279 2.33000 
8.72279 2.33100 
8.72279 2.33200 
8.72279 2.33300 
8.72279 2.33400 
8.72279 2.33500 
8.72279 2.33600 
8.72279 2.33700 
8.72279 2.33800 
8.72279 2.33900 
8.72279 2.34000 
8.72279 2.34100 
8.72279 2.34200 
8.72279 2.34300 
8.72279 2.34400 
8.72279 2.34500 
8.72279 2.34600 
8.72279 2.34700 
8.72279 2.34800 
8.72279 2.34900 
8.72279 2.35000 
8.72279 2.35100 
8.72279 2.35200 
8.72279 2.35300 
8.72279 2.35400 
8.72279 2.35500 
8.72279 2.35600 
8.72279 2.35700 
8.72279 2.35800 
8.72279 2.35900 
8.72279 2.36000 
8.72279 2.36100 
8.72279 2.36200 
8.72279 2.36300 
8.72279 2.36400 
8.72279 2.36500 
8.72279 2.36600 
8.72279 2.36700 
8.72279 2.36800 
8.72279 2.36900 
8.72279 2.37000 
8.72279 2.37100 
8.72279 2.37200 
8.72279 2.37300 
8.72279 2.37400 
8.72279 2.37500 
8.72279 2.37600 
8.72279 2.37700 
8.72279 2.37800 
8.72279 2.37900 
8.72279 2.38000 
8.72279 2.38100 
8.72279 2.38200 
8.72279 2.38300 
8.72279 2.38400 
8.72279 2.38500 
8.72279 2.38600 
8.72279 2.38700 
8.72279 2.38800 
8.72279 2.38900 
8.72279 2.39000 
8.72279 2.39100 
8.72279 2.39200 
8.72279 2.39300 
8.72279 2.39400 
8.72279 2.39500 
8.72279 2.39600 
8.72279 2.39700 
8.72279 2.39800 
8.72279 2.39900 
8.72279 2.40000 
8.72279 2.40100 
8.72279 2.40200 
8.72279 2.40300 
8.72279 2.40400 
8.72279 2.40500 
8.72279 2.40600 
8.72279 2.40700 
8.72279 2.40800 
8.72279 2.40900 
8.72279 2.41000 
8.72279 2.41100 
8.72279 2.41200 
8.72279 2.41300 
8.72279 2.41400 
8.72279 2.41500 
8.72279 2.41600 
8.72279 2.41700 
8.72279 2.41800 
8.72279 2.41900 
8.72279 2.42000 
8.72279 2.42100 
8.72279 2.42200 
8.72279 2.42300 
8.72279 2.42400 
8.72279 2.42500 
8.72279 2.42600 
8.72279 2.42700 
8.72279 2.42800 
8.72279 2.42900 
8.72279 2.43000 
8.72279 2.43100 
8.72279 2.43200 
8.72279 2.43300 
8.72279 2.43400 
8.72279 2.43500 
8.72279 2.43600 
8.72279 2.43700 
8.72279 2.43800 
8.72279 2.43900 
8.72279 2.44000 
8.72279 2.44100 
8.72279 2.44200 
8.72279 2.44300 
8.72279 2.44400 
8.72279 2.44500 
8.72279 2.44600 
8.72279 2.44700 
8.72279 2.44800 
8.72279 2.44900 
8.72279 2.45000 
8.72279 2.45100 
8.72279 2.45200 
8.72279 2.45300 
8.72279 2.45400 
8.72279 2.45500 
8.72279 2.45600 
8.72279 2.45700 
8.72279 2.45800 
8.72279 2.45900 
8.72279 2.46000 
8.72279 2.46100 
8.72279 2.46200 
8.72279 2.46300 
8.72279 2.46400 
8.72279 2.46500 
8.72279 2.46600 
8.72279 2.46700 
8.72279 2.46800 
8.72279 2.46900 
8.72279 2.47000 
8.72279 2.47100 
8.72279 2.47200 
8.72279 2.47300 
8.72279 2.47400 
8.72279 2.47500 
8.72279 2.47600 
8.72279 2.47700 
8.72279 2.47800 
8.72279 2.47900 
8.72279 2.48000 
8.72279 2.48100 
8.72279 2.48200 
8.72279 2.48300 
8.72279 2.48400 
8.72279 2.48500 
8.72279 2.48600 
8.72279 2.48700 
8.72279 2.48800 
8.72279 2.48900 
8.72279 2.49000 
8.72279 2.49100 
8.72279 2.49200 
8.72279 2.49300 
8.72279 2.49400 
8.72279 2.49500 
8.72279 2.49600 
8.72279 2.49700 
8.72279 2.49800 
8.72279 2.49900 
8.72279 2.50000 
8.72279 2.50100 
8.72279 2.50200 
8.72279 2.50300 
8.72279 2.50400 
8.72279 2.50500 
8.72279 2.50600 
8.72279 2.50700 
8.72279 2.50800 
8.72279 2.50900 
8.72279 2.51000 
8.72279 2.51100 
8.72279 2.51200 
8.72279 2.51300 
8.72279 2.51400 
8.72279 2.51500 
8.72279 2.51600 
8.72279 2.51700 
8.72279 2.51800 
8.72279 2.51900 
8.72279 2.52000 
8.72279 2.52100 
8.72279 2.52200 
8.72279 2.52300 
8.72279 2.52400 
8.72279 2.52500 
8.72279 2.52600 
8.72279 2.52700 
8.72279 2.52800 
8.72279 2.52900 
8.72279 2.53000 
8.72279 2.53100 
8.72279 2.53200 
8.72279 2.53300 
8.72279 2.53400 
8.72279 2.53500 
8.72279 2.53600 
8.72279 2.53700 
8.72279 2.53800 
8.72279 2.53900 
8.72279 2.54000 
8.72279 2.54100 
8.72279 2.54200 
8.72279 2.54300 
8.72279 2.54400 
8.72279 2.54500 
8.72279 2.54600 
8.72279 2.54700 
8.72279 2.54800 
8.72279 2.54900 
8.72279 2.55000 
8.72279 2.55100 
8.72279 2.55200 
8.72279 2.55300 
8.72279 2.55400 
8.72279 2.55500 
8.72279 2.55600 
8.72279 2.55700 
8.72279 2.55800 
8.72279 2.55900 
8.72279 2.56000 
8.72279 2.56100 
8.72279 2.56200 
8.72279 2.56300 
8.72279 2.56400 
8.72279 2.56500 
8.72279 2.56600 
8.72279 2.56700 
8.72279 2.56800 
8.72279 2.56900 
8.72279 2.57000 
8.72279 2.57100 
8.72279 2.57200 
8.72279 2.57300 
8.72279 2.57400 
8.72279 2.57500 
8.72279 2.57600 
8.72279 2.57700 
8.72279 2.57800 
8.72279 2.57900 
8.72279 2.58000 
8.72279 2.58100 
8.72279 2.58200 
8.72279 2.58300 
8.72279 2.58400 
8.72279 2.58500 
8.72279 2.58600 
8.72279 2.58700 
8.72279 2.58800 
8.72279 2.58900 
8.72279 2.59000 
8.72279 2.59100 
8.72279 2.59200 
8.72279 2.59300 
8.72279 2.59400 
8.72279 2.59500 
8.72279 2.59600 
8.72279 2.59700 
8.72279 2.59800 
8.72279 2.59900 
8.72279 2.60000 
8.72279 2.60100 
8.72279 2.60200 
8.72279 2.60300 
8.72279 2.60400 
8.72279 2.60500 
8.72279 2.60600 
8.72279 2.60700 
8.72279 2.60800 
8.72279 2.60900 
8.72279 2.61000 
8.72279 2.61100 
8.72279 2.61200 
8.72279 2.61300 
8.72279 2.61400 
8.72279 2.61500 
8.72279 2.61600 
8.72279 2.61700 
8.72279 2.61800 
8.72279 2.61900 
8.72279 2.62000 
8.72279 2.62100 
8.72279 2.62200 
8.72279 2.62300 
8.72279 2.62400 
8.72279 2.62500 
8.72279 2.62600 
8.72279 2.62700 
8.72279 2.62800 
8.72279 2.62900 
8.72279 2.63000 
8.72279 2.63100 
8.72279 2.63200 
8.72279 2.63300 
8.72279 2.63400 
8.72279 2.63500 
8.72279 2.63600 
8.72279 2.63700 
8.72279 2.63800 
8.72279 2.63900 
8.72279 2.64000 
8.72279 2.64100 
8.72279 2.64200 
8.72279 2.64300 
8.72279 2.64400 
8.72279 2.64500 
8.72279 2.64600 
8.72279 2.64700 
8.72279 2.64800 
8.72279 2.64900 
8.72279 2.65000 
8.72279 2.65100 
8.72279 2.65200 
8.72279 2.65300 
8.72279 2.65400 
8.72279 2.65500 
8.72279 2.65600 
8.72279 2.65700 
8.72279 2.65800 
8.72279 2.65900 
8.72279 2.66000 
8.72279 2.66100 
8.72279 2.66200 
8.72279 2.66300 
8.72279 2.66400 
8.72279 2.66500 
8.72279 2.66600 
8.72279 2.66700 
8.72279 2.66800 
8.72279 2.66900 
8.72279 2.67000 
8.72279 2.67100 
8.72279 2.67200 
8.72279 2.67300 
8.72279 2.67400 
8.72279 2.67500 
8.72279 2.67600 
8.72279 2.67700 
8.72279 2.67800 
8.72279 2.67900 
8.72279 2.68000 
8.72279 2.68100 
8.72279 2.68200 
8.72279 2.68300 
8.72279 2.68400 
8.72279 2.68500 
8.72279 2.68600 
8.72279 2.68700 
8.72279 2.68800 
8.72279 2.68900 
8.72279 2.69000 
8.72279 2.69100 
8.72279 2.69200 
8.72279 2.69300 
8.72279 2.69400 
8.72279 2.69500 
8.72279 2.69600 
8.72279 2.69700 
8.72279 2.69800 
8.72279 2.69900 
8.72279 2.70000 
8.72279 2.70100 
8.72279 2.70200 
8.72279 2.70300 
8.72279 2.70400 
8.72279 2.70500 
8.72279 2.70600 
8.72279 2.70700 
8.72279 2.70800 
8.72279 2.70900 
8.72279 2.71000 
8.72279 2.71100 
8.72279 2.71200 
8.72279 2.71300 
8.72279 2.71400 
8.72279 2.71500 
8.72279 2.71600 
8.72279 2.71700 
8.72279 2.71800 
8.72279 2.71900 
8.72279 2.72000 
8.72279 2.72100 
8.72279 2.72200 
8.72279 2.72300 
8.72279 2.72400 
8.72279 2.72500 
8.72279 2.72600 
8.72279 2.72700 
8.72279 2.72800 
8.72279 2.72900 
8.72279 2.73000 
8.72279 2.73100 
8.72279 2.73200 
8.72279 2.73300 
8.72279 2.73400 
8.72279 2.73500 
8.72279 2.73600 
8.72279 2.73700 
8.72279 2.73800 
8.72279 2.73900 
8.72279 2.74000 
8.72279 2.74100 
8.72279 2.74200 
8.72279 2.74300 
8.72279 2.74400 
8.72279 2.74500 
8.72279 2.74600 
8.72279 2.74700 
8.72279 2.74800 
8.72279 2.74900 
8.72279 2.75000 
8.72279 2.75100 
8.72279 2.75200 
8.72279 2.75300 
8.72279 2.75400 
8.72279 2.75500 
8.72279 2.75600 
8.72279 2.75700 
8.72279 2.75800 
8.72279 2.75900 
8.72279 2.76000 
8.72279 2.76100 
8.72279 2.76200 
8.72279 2.76300 
8.72279 2.76400 
8.72279 2.76500 
8.72279 2.76600 
8.72279 2.76700 
8.72279 2.76800 
8.72279 2.76900 
8.72279 2.77000 
8.72279 2.77100 
8.72279 2.77200 
8.72279 2.77300 
8.72279 2.77400 
8.72279 2.77500 
8.72279 2.77600 
8.72279 2.77700 
8.72279 2.77800 
8.72279 2.77900 
8.72279 2.78000 
8.72279 2.78100 
8.72279 2.78200 
8.72279 2.78300 
8.72279 2.78400 
8.72279 2.78500 
8.72279 2.78600 
8.72279 2.78700 
8.72279 2.78800 
8.72279 2.78900 
8.72279 2.79000 
8.72279 2.79100 
8.72279 2.79200 
8.72279 2.79300 
8.72279 2.79400 
8.72279 2.79500 
8.72279 2.79600 
8.72279 2.79700 
8.72279 2.79800 
8.72279 2.79900 
8.72279 2.80000 
8.72279 2.80100 
8.72279 2.80200 
8.72279 2.80300 
8.72279 2.80400 
8.72279 2.80500 
8.72279 2.80600 
8.72279 2.80700 
8.72279 2.80800 
8.72279 2.80900 
8.72279 2.81000 
8.72279 2.81100 
8.72279 2.81200 
8.72279 2.81300 
8.72279 2.81400 
8.72279 2.81500 
8.72279 2.81600 
8.72279 2.81700 
8.72279 2.81800 
8.72279 2.81900 
8.72279 2.82000 
8.72279 2.82100 
8.72279 2.82200 
8.72279 2.82300 
8.72279 2.82400 
8.72279 2.82500 
8.72279 2.82600 
8.72279 2.82700 
8.72279 2.82800 
8.72279 2.82900 
8.72279 2.83000 
8.72279 2.83100 
8.72279 2.83200 
8.72279 2.83300 
8.72279 2.83400 
8.72279 2.83500 
8.72279 2.83600 
8.72279 2.83700 
8.72279 2.83800 
8.72279 2.83900 
8.72279 2.84000 
8.72279 2.84100 
8.72279 2.84200 
8.72279 2.84300 
8.72279 2.84400 
8.72279 2.84500 
8.72279 2.84600 
8.72279 2.84700 
8.72279 2.84800 
8.72279 2.84900 
8.72279 2.85000 
8.72279 2.85100 
8.72279 2.85200 
8.72279 2.85300 
8.72279 2.85400 
8.72279 2.85500 
8.72279 2.85600 
8.72279 2.85700 
8.72279 2.85800 
8.72279 2.85900 
8.72279 2.86000 
8.72279 2.86100 
8.72279 2.86200 
8.72279 2.86300 
8.72279 2.86400 
8.72279 2.86500 
8.72279 2.86600 
8.72279 2.86700 
8.72279 2.86800 
8.72279 2.86900 
8.72279 2.87000 
8.72279 2.87100 
8.72279 2.87200 
8.72279 2.87300 
8.72279 2.87400 
8.72279 2.87500 
8.72279 2.87600 
8.72279 2.87700 
8.72279 2.87800 
8.72279 2.87900 
8.72279 2.88000 
8.72279 2.88100 
8.72279 2.88200 
8.72279 2.88300 
8.72279 2.88400 
8.72279 2.88500 
8.72279 2.88600 
8.72279 2.88700 
8.72279 2.88800 
8.72279 2.88900 
8.72279 2.89000 
8.72279 2.89100 
8.72279 2.89200 
8.72279 2.89300 
8.72279 2.89400 
8.72279 2.89500 
8.72279 2.89600 
8.72279 2.89700 
8.72279 2.89800 
8.72279 2.89900 
8.72279 2.90000 
8.72279 2.90100 
8.72279 2.90200 
8.72279 2.90300 
8.72279 2.90400 
8.72279 2.90500 
8.72279 2.90600 
8.72279 2.90700 
8.72279 2.90800 
8.72279 2.90900 
8.72279 2.91000 
8.72279 2.91100 
8.72279 2.91200 
8.72279 2.91300 
8.72279 2.91400 
8.72279 2.91500 
8.72279 2.91600 
8.72279 2.91700 
8.72279 2.91800 
8.72279 2.91900 
8.72279 2.92000 
8.72279 2.92100 
8.72279 2.92200 
8.72279 2.92300 
8.72279 2.92400 
8.72279 2.92500 
8.72279 2.92600 
8.72279 2.92700 
8.72279 2.92800 
8.72279 2.92900 
8.72279 2.93000 
8.72279 2.93100 
8.72279 2.93200 
8.72279 2.93300 
8.72279 2.93400 
8.72279 2.93500 
8.72279 2.93600 
8.72279 2.93700 
8.72279 2.93800 
8.72279 2.93900 
8.72279 2.94000 
8.72279 2.94100 
8.72279 2.94200 
8.72279 2.94300 
8.72279 2.94400 
8.72279 2.94500 
8.72279 2.94600 
8.72279 2.94700 
8.72279 2.94800 
8.72279 2.94900 
8.72279 2.95000 
8.72279 2.95100 
8.72279 2.95200 
8.72279 2.95300 
8.72279 2.95400 
8.72279 2.95500 
8.72279 2.95600 
8.72279 2.95700 
8.72279 2.95800 
8.72279 2.95900 
8.72279 2.96000 
8.72279 2.96100 
8.72279 2.96200 
8.72279 2.96300 
8.72279 2.96400 
8.72279 2.96500 
8.72279 2.96600 
8.72279 2.96700 
8.72279 2.96800 
8.72279 2.96900 
8.72279 2.97000 
8.72279 2.97100 
8.72279 2.97200 
8.72279 2.97300 
8.72279 2.97400 
8.72279 2.97500 
8.72279 2.97600 
8.72279 2.97700 
8.72279 2.97800 
8.72279 2.97900 
8.72279 2.98000 
8.72279 2.98100 
8.72279 2.98200 
8.72279 2.98300 
8.72279 2.98400 
8.72279 2.98500 
8.72279 2.98600 
8.72279 2.98700 
8.72279 2.98800 
8.72279 2.98900 
8.72279 2.99000 
8.72279 2.99100 
8.72279 2.99200 
8.72279 2.99300 
8.72279 2.99400 
8.72279 2.99500 
8.72279 2.99600 
8.72279 2.99700 
8.72279 2.99800 
8.72279 2.99900 
8.72279 3.00000 
8.72279 3.00100 
8.72279 3.00200 
8.72279 3.00300 
8.72279 3.00400 
8.72279 3.00500 
8.72279 3.00600 
8.72279 3.00700 
8.72279 3.00800 
8.72279 3.00900 
8.72279 3.01000 
8.72279 3.01100 
8.72279 3.01200 
8.72279 3.01300 
8.72279 3.01400 
8.72279 3.01500 
8.72279 3.01600 
8.72279 3.01700 
8.72279 3.01800 
8.72279 3.01900 
8.72279 3.02000 
8.72279 3.02100 
8.72279 3.02200 
8.72279 3.02300 
8.72279 3.02400 
8.72279 3.02500 
8.72279 3.02600 
8.72279 3.02700 
8.72279 3.02800 
8.72279 3.02900 
8.72279 3.03000 
8.72279 3.03100 
8.72279 3.03200 
8.72279 3.03300 
8.72279 3.03400 
8.72279 3.03500 
8.72279 3.03600 
8.72279 3.03700 
8.72279 3.03800 
8.72279 3.03900 
8.72279 3.04000 
8.72279 3.04100 
8.72279 3.04200 
8.72279 3.04300 
8.72279 3.04400 
8.72279 3.04500 
8.72279 3.04600 
8.72279 3.04700 
8.72279 3.04800 
8.72279 3.04900 
8.72279 3.05000 
8.72279 3.05100 
8.72279 3.05200 
8.72279 3.05300 
8.72279 3.05400 
8.72279 3.05500 
8.72279 3.05600 
8.72279 3.05700 
8.72279 3.05800 
8.72279 3.05900 
8.72279 3.06000 
8.72279 3.06100 
8.72279 3.06200 
8.72279 3.06300 
8.72279 3.06400 
8.72279 3.06500 
8.72279 3.06600 
8.72279 3.06700 
8.72279 3.06800 
8.72279 3.06900 
8.72279 3.07000 
8.72279 3.07100 
8.72279 3.07200 
8.72279 3.07300 
8.72279 3.07400 
8.72279 3.07500 
8.72279 3.07600 
8.72279 3.07700 
8.72279 3.07800 
8.72279 3.07900 
8.72279 3.08000 
8.72279 3.08100 
8.72279 3.08200 
8.72279 3.08300 
8.72279 3.08400 
8.72279 3.08500 
8.72279 3.08600 
8.72279 3.08700 
8.72279 3.08800 
8.72279 3.08900 
8.72279 3.09000 
8.72279 3.09100 
8.72279 3.09200 
8.72279 3.09300 
8.72279 3.09400 
8.72279 3.09500 
8.72279 3.09600 
8.72279 3.09700 
8.72279 3.09800 
8.72279 3.09900 
8.72279 3.10000 
8.72279 3.10100 
8.72279 3.10200 
8.72279 3.10300 
8.72279 3.10400 
8.72279 3.10500 
8.72279 3.10600 
8.72279 3.10700 
8.72279 3.10800 
8.72279 3.10900 
8.72279 3.11000 
8.72279 3.11100 
8.72279 3.11200 
8.72279 3.11300 
8.72279 3.11400 
8.72279 3.11500 
8.72279 3.11600 
8.72279 3.11700 
8.72279 3.11800 
8.72279 3.11900 
8.72279 3.12000 
8.72279 3.12100 
8.72279 3.12200 
8.72279 3.12300 
8.72279 3.12400 
8.72279 3.12500 
8.72279 3.12600 
8.72279 3.12700 
8.72279 3.12800 
8.72279 3.12900 
8.72279 3.13000 
8.72279 3.13100 
8.72279 3.13200 
8.72279 3.13300 
8.72279 3.13400 
8.72279 3.13500 
8.72279 3.13600 
8.72279 3.13700 
8.72279 3.13800 
8.72279 3.13900 
8.72279 3.14000 
8.72279 3.14100 
8.72279 3.14200 
8.72279 3.14300 
8.72279 3.14400 
8.72279 3.14500 
8.72279 3.14600 
8.72279 3.14700 
8.72279 3.14800 
8.72279 3.14900 
8.72279 3.15000 
8.72279 3.15100 
8.72279 3.15200 
8.72279 3.15300 
8.72279 3.15400 
8.72279 3.15500 
8.72279 3.15600 
8.72279 3.15700 
8.72279 3.15800 
8.72279 3.15900 
8.72279 3.16000 
8.72279 3.16100 
8.72279 3.16200 
8.72279 3.16300 
8.72279 3.16400 
8.72279 3.16500 
8.72279 3.16600 
8.72279 3.16700 
8.72279 3.16800 
8.72279 3.16900 
8.72279 3.17000 
8.72279 3.17100 
8.72279 3.17200 
8.72279 3.17300 
8.72279 3.17400 
8.72279 3.17500 
8.72279 3.17600 
8.72279 3.17700 
8.72279 3.17800 
8.72279 3.17900 
8.72279 3.18000 
8.72279 3.18100 
8.72279 3.18200 
8.72279 3.18300 
8.72279 3.18400 
8.72279 3.18500 
8.72279 3.18600 
8.72279 3.18700 
8.72279 3.18800 
8.72279 3.18900 
8.72279 3.19000 
8.72279 3.19100 
8.72279 3.19200 
8.72279 3.19300 
8.72279 3.19400 
8.72279 3.19500 
8.72279 3.19600 
8.72279 3.19700 
8.72279 3.19800 
8.72279 3.19900 
8.72279 3.20000 
8.72279 3.20100 
8.72279 3.20200 
8.72279 3.20300 
8.72279 3.20400 
8.72279 3.20500 
8.72279 3.20600 
8.72279 3.20700 
8.72279 3.20800 
8.72279 3.20900 
8.72279 3.21000 
8.72279 3.21100 
8.72279 3.21200 
8.72279 3.21300 
8.72279 3.21400 
8.72279 3.21500 
8.72279 3.21600 
8.72279 3.21700 
8.72279 3.21800 
8.72279 3.21900 
8.72279 3.22000 
8.72279 3.22100 
8.72279 3.22200 
8.72279 3.22300 
8.72279 3.22400 
8.72279 3.22500 
8.72279 3.22600 
8.72279 3.22700 
8.72279 3.22800 
8.72279 3.22900 
8.72279 3.23000 
8.72279 3.23100 
8.72279 3.23200 
8.72279 3.23300 
8.72279 3.23400 
8.72279 3.23500 
8.72279 3.23600 
8.72279 3.23700 
8.72279 3.23800 
8.72279 3.23900 
8.72279 3.24000 
8.72279 3.24100 
8.72279 3.24200 
8.72279 3.24300 
8.72279 3.24400 
8.72279 3.24500 
8.72279 3.24600 
8.72279 3.24700 
8.72279 3.24800 
8.72279 3.24900 
8.72279 3.25000 
8.72279 3.25100 
8.72279 3.25200 
8.72279 3.25300 
8.72279 3.25400 
8.72279 3.25500 
8.72279 3.25600 
8.72279 3.25700 
8.72279 3.25800 
8.72279 3.25900 
8.72279 3.26000 
8.72279 3.26100 
8.72279 3.26200 
8.72279 3.26300 
8.72279 3.26400 
8.72279 3.26500 
8.72279 3.26600 
8.72279 3.26700 
8.72279 3.26800 
8.72279 3.26900 
8.72279 3.27000 
8.72279 3.27100 
8.72279 3.27200 
8.72279 3.27300 
8.72279 3.27400 
8.72279 3.27500 
8.72279 3.27600 
8.72279 3.27700 
8.72279 3.27800 
8.72279 3.27900 
8.72279 3.28000 
8.72279 3.28100 
8.72279 3.28200 
8.72279 3.28300 
8.72279 3.28400 
8.72279 3.28500 
8.72279 3.28600 
8.72279 3.28700 
8.72279 3.28800 
8.72279 3.28900 
8.72279 3.29000 
8.72279 3.29100 
8.72279 3.29200 
8.72279 3.29300 
8.72279 3.29400 
8.72279 3.29500 
8.72279 3.29600 
8.72279 3.29700 
8.72279 3.29800 
8.72279 3.29900 
8.72279 3.30000 
8.72279 3.30100 
8.72279 3.30200 
8.72279 3.30300 
8.72279 3.30400 
8.72279 3.30500 
8.72279 3.30600 
8.72279 3.30700 
8.72279 3.30800 
8.72279 3.30900 
8.72279 3.31000 
8.72279 3.31100 
8.72279 3.31200 
8.72279 3.31300 
8.72279 3.31400 
8.72279 3.31500 
8.72279 3.31600 
8.72279 3.31700 
8.72279 3.31800 
8.72279 3.31900 
8.72279 3.32000 
8.72279 3.32100 
8.72279 3.32200 
8.72279 3.32300 
8.72279 3.32400 
8.72279 3.32500 
8.72279 3.32600 
8.72279 3.32700 
8.72279 3.32800 
8.72279 3.32900 
8.72279 3.33000 
8.72279 3.33100 
8.72279 3.33200 
8.72279 3.33300 
8.72279 3.33400 
8.72279 3.33500 
8.72279 3.33600 
8.72279 3.33700 
8.72279 3.33800 
8.72279 3.33900 
8.72279 3.34000 
8.72279 3.34100 
8.72279 3.34200 
8.72279 3.34300 
8.72279 3.34400 
8.72279 3.34500 
8.72279 3.34600 
8.72279 3.34700 
8.72279 3.34800 
8.72279 3.34900 
8.72279 3.35000 
8.72279 3.35100 
8.72279 3.35200 
8.72279 3.35300 
8.72279 3.35400 
8.72279 3.35500 
8.72279 3.35600 
8.72279 3.35700 
8.72279 3.35800 
8.72279 3.35900 
8.72279 3.36000 
8.72279 3.36100 
8.72279 3.36200 
8.72279 3.36300 
8.72279 3.36400 
8.72279 3.36500 
8.72279 3.36600 
8.72279 3.36700 
8.72279 3.36800 
8.72279 3.36900 
8.72279 3.37000 
8.72279 3.37100 
8.72279 3.37200 
8.72279 3.37300 
8.72279 3.37400 
8.72279 3.37500 
8.72279 3.37600 
8.72279 3.37700 
8.72279 3.37800 
8.72279 3.37900 
8.72279 3.38000 
8.72279 3.38100 
8.72279 3.38200 
8.72279 3.38300 
8.72279 3.38400 
8.72279 3.38500 
8.72279 3.38600 
8.72279 3.38700 
8.72279 3.38800 
8.72279 3.38900 
8.72279 3.39000 
8.72279 3.39100 
8.72279 3.39200 
8.72279 3.39300 
8.72279 3.39400 
8.72279 3.39500 
8.72279 3.39600 
8.72279 3.39700 
8.72279 3.39800 
8.72279 3.39900 
8.72279 3.40000 
8.72279 3.40100 
8.72279 3.40200 
8.72279 3.40300 
8.72279 3.40400 
8.72279 3.40500 
8.72279 3.40600 
8.72279 3.40700 
8.72279 3.40800 
8.72279 3.40900 
8.72279 3.41000 
8.72279 3.41100 
8.72279 3.41200 
8.72279 3.41300 
8.72279 3.41400 
8.72279 3.41500 
8.72279 3.41600 
8.72279 3.41700 
8.72279 3.41800 
8.72279 3.41900 
8.72279 3.42000 
8.72279 3.42100 
8.72279 3.42200 
8.72279 3.42300 
8.72279 3.42400 
8.72279 3.42500 
8.72279 3.42600 
8.72279 3.42700 
8.72279 3.42800 
8.72279 3.42900 
8.72279 3.43000 
8.72279 3.43100 
8.72279 3.43200 
8.72279 3.43300 
8.72279 3.43400 
8.72279 3.43500 
8.72279 3.43600 
8.72279 3.43700 
8.72279 3.43800 
8.72279 3.43900 
8.72279 3.44000 
8.72279 3.44100 
8.72279 3.44200 
8.72279 3.44300 
8.72279 3.44400 
8.72279 3.44500 
8.72279 3.44600 
8.72279 3.44700 
8.72279 3.44800 
8.72279 3.44900 
8.72279 3.45000 
8.72279 3.45100 
8.72279 3.45200 
8.72279 3.45300 
8.72279 3.45400 
8.72279 3.45500 
8.72279 3.45600 
8.72279 3.45700 
8.72279 3.45800 
8.72279 3.45900 
8.72279 3.46000 
8.72279 3.46100 
8.72279 3.46200 
8.72279 3.46300 
8.72279 3.46400 
8.72279 3.46500 
8.72279 3.46600 
8.72279 3.46700 
8.72279 3.46800 
8.72279 3.46900 
8.72279 3.47000 
8.72279 3.47100 
8.72279 3.47200 
8.72279 3.47300 
8.72279 3.47400 
8.72279 3.47500 
8.72279 3.47600 
8.72279 3.47700 
8.72279 3.47800 
8.72279 3.47900 
8.72279 3.48000 
8.72279 3.48100 
8.72279 3.48200 
8.72279 3.48300 
8.72279 3.48400 
8.72279 3.48500 
8.72279 3.48600 
8.72279 3.48700 
8.72279 3.48800 
8.72279 3.48900 
8.72279 3.49000 
8.72279 3.49100 
8.72279 3.49200 
8.72279 3.49300 
8.72279 3.49400 
8.72279 3.49500 
8.72279 3.49600 
8.72279 3.49700 
8.72279 3.49800 
8.72279 3.49900 
8.72279 3.50000 
8.72279 3.50100 
8.72279 3.50200 
8.72279 3.50300 
8.72279 3.50400 
8.72279 3.50500 
8.72279 3.50600 
8.72279 3.50700 
8.72279 3.50800 
8.72279 3.50900 
8.72279 3.51000 
8.72279 3.51100 
8.72279 3.51200 
8.72279 3.51300 
8.72279 3.51400 
8.72279 3.51500 
8.72279 3.51600 
8.72279 3.51700 
8.72279 3.51800 
8.72279 3.51900 
8.72279 3.52000 
8.72279 3.52100 
8.72279 3.52200 
8.72279 3.52300 
8.72279 3.52400 
8.72279 3.52500 
8.72279 3.52600 
8.72279 3.52700 
8.72279 3.52800 
8.72279 3.52900 
8.72279 3.53000 
8.72279 3.53100 
8.72279 3.53200 
8.72279 3.53300 
8.72279 3.53400 
8.72279 3.53500 
8.72279 3.53600 
8.72279 3.53700 
8.72279 3.53800 
8.72279 3.53900 
8.72279 3.54000 
8.72279 3.54100 
8.72279 3.54200 
8.72279 3.54300 
8.72279 3.54400 
8.72279 3.54500 
8.72279 3.54600 
8.72279 3.54700 
8.72279 3.54800 
8.72279 3.54900 
8.72279 3.55000 
8.72279 3.55100 
8.72279 3.55200 
8.72279 3.55300 
8.72279 3.55400 
8.72279 3.55500 
8.72279 3.55600 
8.72279 3.55700 
8.72279 3.55800 
8.72279 3.55900 
8.72279 3.56000 
8.72279 3.56100 
8.72279 3.56200 
8.72279 3.56300 
8.72279 3.56400 
8.72279 3.56500 
8.72279 3.56600 
8.72279 3.56700 
8.72279 3.56800 
8.72279 3.56900 
8.72279 3.57000 
8.72279 3.57100 
8.72279 3.57200 
8.72279 3.57300 
8.72279 3.57400 
8.72279 3.57500 
8.72279 3.57600 
8.72279 3.57700 
8.72279 3.57800 
8.72279 3.57900 
8.72279 3.58000 
8.72279 3.58100 
8.72279 3.58200 
8.72279 3.58300 
8.72279 3.58400 
8.72279 3.58500 
8.72279 3.58600 
8.72279 3.58700 
8.72279 3.58800 
8.72279 3.58900 
8.72279 3.59000 
8.72279 3.59100 
8.72279 3.59200 
8.72279 3.59300 
8.72279 3.59400 
8.72279 3.59500 
8.72279 3.59600 
8.72279 3.59700 
8.72279 3.59800 
8.72279 3.59900 
8.72279 3.60000 
8.72279 3.60100 
8.72279 3.60200 
8.72279 3.60300 
8.72279 3.60400 
8.72279 3.60500 
8.72279 3.60600 
8.72279 3.60700 
8.72279 3.60800 
8.72279 3.60900 
8.72279 3.61000 
8.72279 3.61100 
8.72279 3.61200 
8.72279 3.61300 
8.72279 3.61400 
8.72279 3.61500 
8.72279 3.61600 
8.72279 3.61700 
8.72279 3.61800 
8.72279 3.61900 
8.72279 3.62000 
8.72279 3.62100 
8.72279 3.62200 
8.72279 3.62300 
8.72279 3.62400 
8.72279 3.62500 
8.72279 3.62600 
8.72279 3.62700 
8.72279 3.62800 
8.72279 3.62900 
8.72279 3.63000 
8.72279 3.63100 
8.72279 3.63200 
8.72279 3.63300 
8.72279 3.63400 
8.72279 3.63500 
8.72279 3.63600 
8.72279 3.63700 
8.72279 3.63800 
8.72279 3.63900 
8.72279 3.64000 
8.72279 3.64100 
8.72279 3.64200 
8.72279 3.64300 
8.72279 3.64400 
8.72279 3.64500 
8.72279 3.64600 
8.72279 3.64700 
8.72279 3.64800 
8.72279 3.64900 
8.72279 3.65000 
8.72279 3.65100 
8.72279 3.65200 
8.72279 3.65300 
8.72279 3.65400 
8.72279 3.65500 
8.72279 3.65600 
8.72279 3.65700 
8.72279 3.65800 
8.72279 3.65900 
8.72279 3.66000 
8.72279 3.66100 
8.72279 3.66200 
8.72279 3.66300 
8.72279 3.66400 
8.72279 3.66500 
8.72279 3.66600 
8.72279 3.66700 
8.72279 3.66800 
8.72279 3.66900 
8.72279 3.67000 
8.72279 3.67100 
8.72279 3.67200 
8.72279 3.67300 
8.72279 3.67400 
8.72279 3.67500 
8.72279 3.67600 
8.72279 3.67700 
8.72279 3.67800 
8.72279 3.67900 
8.72279 3.68000 
8.72279 3.68100 
8.72279 3.68200 
8.72279 3.68300 
8.72279 3.68400 
8.72279 3.68500 
8.72279 3.68600 
8.72279 3.68700 
8.72279 3.68800 
8.72279 3.68900 
8.72279 3.69000 
8.72279 3.69100 
8.72279 3.69200 
8.72279 3.69300 
8.72279 3.69400 
8.72279 3.69500 
8.72279 3.69600 
8.72279 3.69700 
8.72279 3.69800 
8.72279 3.69900 
8.72279 3.70000 
8.72279 3.70100 
8.72279 3.70200 
8.72279 3.70300 
8.72279 3.70400 
8.72279 3.70500 
8.72279 3.70600 
8.72279 3.70700 
8.72279 3.70800 
8.72279 3.70900 
8.72279 3.71000 
8.72279 3.71100 
8.72279 3.71200 
8.72279 3.71300 
8.72279 3.71400 
8.72279 3.71500 
8.72279 3.71600 
8.72279 3.71700 
8.72279 3.71800 
8.72279 3.71900 
8.72279 3.72000 
8.72279 3.72100 
8.72279 3.72200 
8.72279 3.72300 
8.72279 3.72400 
8.72279 3.72500 
8.72279 3.72600 
8.72279 3.72700 
8.72279 3.72800 
8.72279 3.72900 
8.72279 3.73000 
8.72279 3.73100 
8.72279 3.73200 
8.72279 3.73300 
8.72279 3.73400 
8.72279 3.73500 
8.72279 3.73600 
8.72279 3.73700 
8.72279 3.73800 
8.72279 3.73900 
8.72279 3.74000 
8.72279 3.74100 
8.72279 3.74200 
8.72279 3.74300 
8.72279 3.74400 
8.72279 3.74500 
8.72279 3.74600 
8.72279 3.74700 
8.72279 3.74800 
8.72279 3.74900 
8.72279 3.75000 
8.72279 3.75100 
8.72279 3.75200 
8.72279 3.75300 
8.72279 3.75400 
8.72279 3.75500 
8.72279 3.75600 
8.72279 3.75700 
8.72279 3.75800 
8.72279 3.75900 
8.72279 3.76000 
8.72279 3.76100 
8.72279 3.76200 
8.72279 3.76300 
8.72279 3.76400 
8.72279 3.76500 
8.72279 3.76600 
8.72279 3.76700 
8.72279 3.76800 
8.72279 3.76900 
8.72279 3.77000 
8.72279 3.77100 
8.72279 3.77200 
8.72279 3.77300 
8.72279 3.77400 
8.72279 3.77500 
8.72279 3.77600 
8.72279 3.77700 
8.72279 3.77800 
8.72279 3.77900 
8.72279 3.78000 
8.72279 3.78100 
8.72279 3.78200 
8.72279 3.78300 
8.72279 3.78400 
8.72279 3.78500 
8.72279 3.78600 
8.72279 3.78700 
8.72279 3.78800 
8.72279 3.78900 
8.72279 3.79000 
8.72279 3.79100 
8.72279 3.79200 
8.72279 3.79300 
8.72279 3.79400 
8.72279 3.79500 
8.72279 3.79600 
8.72279 3.79700 
8.72279 3.79800 
8.72279 3.79900 
8.72279 3.80000 
8.72279 3.80100 
8.72279 3.80200 
8.72279 3.80300 
8.72279 3.80400 
8.72279 3.80500 
8.72279 3.80600 
8.72279 3.80700 
8.72279 3.80800 
8.72279 3.80900 
8.72279 3.81000 
8.72279 3.81100 
8.72279 3.81200 
8.72279 3.81300 
8.72279 3.81400 
8.72279 3.81500 
8.72279 3.81600 
8.72279 3.81700 
8.72279 3.81800 
8.72279 3.81900 
8.72279 3.82000 
8.72279 3.82100 
8.72279 3.82200 
8.72279 3.82300 
8.72279 3.82400 
8.72279 3.82500 
8.72279 3.82600 
8.72279 3.82700 
8.72279 3.82800 
8.72279 3.82900 
8.72279 3.83000 
8.72279 3.83100 
8.72279 3.83200 
8.72279 3.83300 
8.72279 3.83400 
8.72279 3.83500 
8.72279 3.83600 
8.72279 3.83700 
8.72279 3.83800 
8.72279 3.83900 
8.72279 3.84000 
8.72279 3.84100 
8.72279 3.84200 
8.72279 3.84300 
8.72279 3.84400 
8.72279 3.84500 
8.72279 3.84600 
8.72279 3.84700 
8.72279 3.84800 
8.72279 3.84900 
8.72279 3.85000 
8.72279 3.85100 
8.72279 3.85200 
8.72279 3.85300 
8.72279 3.85400 
8.72279 3.85500 
8.72279 3.85600 
8.72279 3.85700 
8.72279 3.85800 
8.72279 3.85900 
8.72279 3.86000 
8.72279 3.86100 
8.72279 3.86200 
8.72279 3.86300 
8.72279 3.86400 
8.72279 3.86500 
8.72279 3.86600 
8.72279 3.86700 
8.72279 3.86800 
8.72279 3.86900 
8.72279 3.87000 
8.72279 3.87100 
8.72279 3.87200 
8.72279 3.87300 
8.72279 3.87400 
8.72279 3.87500 
8.72279 3.87600 
8.72279 3.87700 
8.72279 3.87800 
8.72279 3.87900 
8.72279 3.88000 
8.72279 3.88100 
8.72279 3.88200 
8.72279 3.88300 
8.72279 3.88400 
8.72279 3.88500 
8.72279 3.88600 
8.72279 3.88700 
8.72279 3.88800 
8.72279 3.88900 
8.72279 3.89000 
8.72279 3.89100 
8.72279 3.89200 
8.72279 3.89300 
8.72279 3.89400 
8.72279 3.89500 
8.72279 3.89600 
8.72279 3.89700 
8.72279 3.89800 
8.72279 3.89900 
8.72279 3.90000 
8.72279 3.90100 
8.72279 3.90200 
8.72279 3.90300 
8.72279 3.90400 
8.72279 3.90500 
8.72279 3.90600 
8.72279 3.90700 
8.72279 3.90800 
8.72279 3.90900 
8.72279 3.91000 
8.72279 3.91100 
8.72279 3.91200 
8.72279 3.91300 
8.72279 3.91400 
8.72279 3.91500 
8.72279 3.91600 
8.72279 3.91700 
8.72279 3.91800 
8.72279 3.91900 
8.72279 3.92000 
8.72279 3.92100 
8.72279 3.92200 
8.72279 3.92300 
8.72279 3.92400 
8.72279 3.92500 
8.72279 3.92600 
8.72279 3.92700 
8.72279 3.92800 
8.72279 3.92900 
8.72279 3.93000 
8.72279 3.93100 
8.72279 3.93200 
8.72279 3.93300 
8.72279 3.93400 
8.72279 3.93500 
8.72279 3.93600 
8.72279 3.93700 
8.72279 3.93800 
8.72279 3.93900 
8.72279 3.94000 
8.72279 3.94100 
8.72279 3.94200 
8.72279 3.94300 
8.72279 3.94400 
8.72279 3.94500 
8.72279 3.94600 
8.72279 3.94700 
8.72279 3.94800 
8.72279 3.94900 
8.72279 3.95000 
8.72279 3.95100 
8.72279 3.95200 
8.72279 3.95300 
8.72279 3.95400 
8.72279 3.95500 
8.72279 3.95600 
8.72279 3.95700 
8.72279 3.95800 
8.72279 3.95900 
8.72279 3.96000 
8.72279 3.96100 
8.72279 3.96200 
8.72279 3.96300 
8.72279 3.96400 
8.72279 3.96500 
8.72279 3.96600 
8.72279 3.96700 
8.72279 3.96800 
8.72279 3.96900 
8.72279 3.97000 
8.72279 3.97100 
8.72279 3.97200 
8.72279 3.97300 
8.72279 3.97400 
8.72279 3.97500 
8.72279 3.97600 
8.72279 3.97700 
8.72279 3.97800 
8.72279 3.97900 
8.72279 3.98000 
8.72279 3.98100 
8.72279 3.98200 
8.72279 3.98300 
8.72279 3.98400 
8.72279 3.98500 
8.72279 3.98600 
8.72279 3.98700 
8.72279 3.98800 
8.72279 3.98900 
8.72279 3.99000 
8.72279 3.99100 
8.72279 3.99200 
8.72279 3.99300 
8.72279 3.99400 
8.72279 3.99500 
8.72279 3.99600 
8.72279 3.99700 
8.72279 3.99800 
8.72279 3.99900 
8.72279 4.00000 
8.72279 4.00100 
8.72279 4.00200 
8.72279 4.00300 
8.72279 4.00400 
8.72279 4.00500 
8.72279 4.00600 
8.72279 4.00700 
8.72279 4.00800 
8.72279 4.00900 
8.72279 4.01000 
8.72279 4.01100 
8.72279 4.01200 
8.72279 4.01300 
8.72279 4.01400 
8.72279 4.01500 
8.72279 4.01600 
8.72279 4.01700 
8.72279 4.01800 
8.72279 4.01900 
8.72279 4.02000 
8.72279 4.02100 
8.72279 4.02200 
8.72279 4.02300 
8.72279 4.02400 
8.72279 4.02500 
8.72279 4.02600 
8.72279 4.02700 
8.72279 4.02800 
8.72279 4.02900 
8.72279 4.03000 
8.72279 4.03100 
8.72279 4.03200 
8.72279 4.03300 
8.72279 4.03400 
8.72279 4.03500 
8.72279 4.03600 
8.72279 4.03700 
8.72279 4.03800 
8.72279 4.03900 
8.72279 4.04000 
8.72279 4.04100 
8.72279 4.04200 
8.72279 4.04300 
8.72279 4.04400 
8.72279 4.04500 
8.72279 4.04600 
8.72279 4.04700 
8.72279 4.04800 
8.72279 4.04900 
8.72279 4.05000 
8.72279 4.05100 
8.72279 4.05200 
8.72279 4.05300 
8.72279 4.05400 
8.72279 4.05500 
8.72279 4.05600 
8.72279 4.05700 
8.72279 4.05800 
8.72279 4.05900 
8.72279 4.06000 
8.72279 4.06100 
8.72279 4.06200 
8.72279 4.06300 
8.72279 4.06400 
8.72279 4.06500 
8.72279 4.06600 
8.72279 4.06700 
8.72279 4.06800 
8.72279 4.06900 
8.72279 4.07000 
8.72279 4.07100 
8.72279 4.07200 
8.72279 4.07300 
8.72279 4.07400 
8.72279 4.07500 
8.72279 4.07600 
8.72279 4.07700 
8.72279 4.07800 
8.72279 4.07900 
8.72279 4.08000 
8.72279 4.08100 
8.72279 4.08200 
8.72279 4.08300 
8.72279 4.08400 
8.72279 4.08500 
8.72279 4.08600 
8.72279 4.08700 
8.72279 4.08800 
8.72279 4.08900 
8.72279 4.09000 
8.72279 4.09100 
8.72279 4.09200 
8.72279 4.09300 
8.72279 4.09400 
8.72279 4.09500 
8.72279 4.09600 
8.72279 4.09700 
8.72279 4.09800 
8.72279 4.09900 
8.72279 4.10000 
8.72279 4.10100 
8.72279 4.10200 
8.72279 4.10300 
8.72279 4.10400 
8.72279 4.10500 
8.72279 4.10600 
8.72279 4.10700 
8.72279 4.10800 
8.72279 4.10900 
8.72279 4.11000 
8.72279 4.11100 
8.72279 4.11200 
8.72279 4.11300 
8.72279 4.11400 
8.72279 4.11500 
8.72279 4.11600 
8.72279 4.11700 
8.72279 4.11800 
8.72279 4.11900 
8.72279 4.12000 
8.72279 4.12100 
8.72279 4.12200 
8.72279 4.12300 
8.72279 4.12400 
8.72279 4.12500 
8.72279 4.12600 
8.72279 4.12700 
8.72279 4.12800 
8.72279 4.12900 
8.72279 4.13000 
8.72279 4.13100 
8.72279 4.13200 
8.72279 4.13300 
8.72279 4.13400 
8.72279 4.13500 
8.72279 4.13600 
8.72279 4.13700 
8.72279 4.13800 
8.72279 4.13900 
8.72279 4.14000 
8.72279 4.14100 
8.72279 4.14200 
8.72279 4.14300 
8.72279 4.14400 
8.72279 4.14500 
8.72279 4.14600 
8.72279 4.14700 
8.72279 4.14800 
8.72279 4.14900 
8.72279 4.15000 
8.72279 4.15100 
8.72279 4.15200 
8.72279 4.15300 
8.72279 4.15400 
8.72279 4.15500 
8.72279 4.15600 
8.72279 4.15700 
8.72279 4.15800 
8.72279 4.15900 
8.72279 4.16000 
8.72279 4.16100 
8.72279 4.16200 
8.72279 4.16300 
8.72279 4.16400 
8.72279 4.16500 
8.72279 4.16600 
8.72279 4.16700 
8.72279 4.16800 
8.72279 4.16900 
8.72279 4.17000 
8.72279 4.17100 
8.72279 4.17200 
8.72279 4.17300 
8.72279 4.17400 
8.72279 4.17500 
8.72279 4.17600 
8.72279 4.17700 
8.72279 4.17800 
8.72279 4.17900 
8.72279 4.18000 
8.72279 4.18100 
8.72279 4.18200 
8.72279 4.18300 
8.72279 4.18400 
8.72279 4.18500 
8.72279 4.18600 
8.72279 4.18700 
8.72279 4.18800 
8.72279 4.18900 
8.72279 4.19000 
8.72279 4.19100 
8.72279 4.19200 
8.72279 4.19300 
8.72279 4.19400 
8.72279 4.19500 
8.72279 4.19600 
8.72279 4.19700 
8.72279 4.19800 
8.72279 4.19900 
8.72279 4.20000 
8.72279 4.20100 
8.72279 4.20200 
8.72279 4.20300 
8.72279 4.20400 
8.72279 4.20500 
8.72279 4.20600 
8.72279 4.20700 
8.72279 4.20800 
8.72279 4.20900 
8.72279 4.21000 
8.72279 4.21100 
8.72279 4.21200 
8.72279 4.21300 
8.72279 4.21400 
8.72279 4.21500 
8.72279 4.21600 
8.72279 4.21700 
8.72279 4.21800 
8.72279 4.21900 
8.72279 4.22000 
8.72279 4.22100 
8.72279 4.22200 
8.72279 4.22300 
8.72279 4.22400 
8.72279 4.22500 
8.72279 4.22600 
8.72279 4.22700 
8.72279 4.22800 
8.72279 4.22900 
8.72279 4.23000 
8.72279 4.23100 
8.72279 4.23200 
8.72279 4.23300 
8.72279 4.23400 
8.72279 4.23500 
8.72279 4.23600 
8.72279 4.23700 
8.72279 4.23800 
8.72279 4.23900 
8.72279 4.24000 
8.72279 4.24100 
8.72279 4.24200 
8.72279 4.24300 
8.72279 4.24400 
8.72279 4.24500 
8.72279 4.24600 
8.72279 4.24700 
8.72279 4.24800 
8.72279 4.24900 
8.72279 4.25000 
8.72279 4.25100 
8.72279 4.25200 
8.72279 4.25300 
8.72279 4.25400 
8.72279 4.25500 
8.72279 4.25600 
8.72279 4.25700 
8.72279 4.25800 
8.72279 4.25900 
8.72279 4.26000 
8.72279 4.26100 
8.72279 4.26200 
8.72279 4.26300 
8.72279 4.26400 
8.72279 4.26500 
8.72279 4.26600 
8.72279 4.26700 
8.72279 4.26800 
8.72279 4.26900 
8.72279 4.27000 
8.72279 4.27100 
8.72279 4.27200 
8.72279 4.27300 
8.72279 4.27400 
8.72279 4.27500 
8.72279 4.27600 
8.72279 4.27700 
8.72279 4.27800 
8.72279 4.27900 
8.72279 4.28000 
8.72279 4.28100 
8.72279 4.28200 
8.72279 4.28300 
8.72279 4.28400 
8.72279 4.28500 
8.72279 4.28600 
8.72279 4.28700 
8.72279 4.28800 
8.72279 4.28900 
8.72279 4.29000 
8.72279 4.29100 
8.72279 4.29200 
8.72279 4.29300 
8.72279 4.29400 
8.72279 4.29500 
8.72279 4.29600 
8.72279 4.29700 
8.72279 4.29800 
8.72279 4.29900 
8.72279 4.30000 
8.72279 4.30100 
8.72279 4.30200 
8.72279 4.30300 
8.72279 4.30400 
8.72279 4.30500 
8.72279 4.30600 
8.72279 4.30700 
8.72279 4.30800 
8.72279 4.30900 
8.72279 4.31000 
8.72279 4.31100 
8.72279 4.31200 
8.72279 4.31300 
8.72279 4.31400 
8.72279 4.31500 
8.72279 4.31600 
8.72279 4.31700 
8.72279 4.31800 
8.72279 4.31900 
8.72279 4.32000 
8.72279 4.32100 
8.72279 4.32200 
8.72279 4.32300 
8.72279 4.32400 
8.72279 4.32500 
8.72279 4.32600 
8.72279 4.32700 
8.72279 4.32800 
8.72279 4.32900 
8.72279 4.33000 
8.72279 4.33100 
8.72279 4.33200 
8.72279 4.33300 
8.72279 4.33400 
8.72279 4.33500 
8.72279 4.33600 
8.72279 4.33700 
8.72279 4.33800 
8.72279 4.33900 
8.72279 4.34000 
8.72279 4.34100 
8.72279 4.34200 
8.72279 4.34300 
8.72279 4.34400 
8.72279 4.34500 
8.72279 4.34600 
8.72279 4.34700 
8.72279 4.34800 
8.72279 4.34900 
8.72279 4.35000 
8.72279 4.35100 
8.72279 4.35200 
8.72279 4.35300 
8.72279 4.35400 
8.72279 4.35500 
8.72279 4.35600 
8.72279 4.35700 
8.72279 4.35800 
8.72279 4.35900 
8.72279 4.36000 
8.72279 4.36100 
8.72279 4.36200 
8.72279 4.36300 
8.72279 4.36400 
8.72279 4.36500 
8.72279 4.36600 
8.72279 4.36700 
8.72279 4.36800 
8.72279 4.36900 
8.72279 4.37000 
8.72279 4.37100 
8.72279 4.37200 
8.72279 4.37300 
8.72279 4.37400 
8.72279 4.37500 
8.72279 4.37600 
8.72279 4.37700 
8.72279 4.37800 
8.72279 4.37900 
8.72279 4.38000 
8.72279 4.38100 
8.72279 4.38200 
8.72279 4.38300 
8.72279 4.38400 
8.72279 4.38500 
8.72279 4.38600 
8.72279 4.38700 
8.72279 4.38800 
8.72279 4.38900 
8.72279 4.39000 
8.72279 4.39100 
8.72279 4.39200 
8.72279 4.39300 
8.72279 4.39400 
8.72279 4.39500 
8.72279 4.39600 
8.72279 4.39700 
8.72279 4.39800 
8.72279 4.39900 
8.72279 4.40000 
8.72279 4.40100 
8.72279 4.40200 
8.72279 4.40300 
8.72279 4.40400 
8.72279 4.40500 
8.72279 4.40600 
8.72279 4.40700 
8.72279 4.40800 
8.72279 4.40900 
8.72279 4.41000 
8.72279 4.41100 
8.72279 4.41200 
8.72279 4.41300 
8.72279 4.41400 
8.72279 4.41500 
8.72279 4.41600 
8.72279 4.41700 
8.72279 4.41800 
8.72279 4.41900 
8.72279 4.42000 
8.72279 4.42100 
8.72279 4.42200 
8.72279 4.42300 
8.72279 4.42400 
8.72279 4.42500 
8.72279 4.42600 
8.72279 4.42700 
8.72279 4.42800 
8.72279 4.42900 
8.72279 4.43000 
8.72279 4.43100 
8.72279 4.43200 
8.72279 4.43300 
8.72279 4.43400 
8.72279 4.43500 
8.72279 4.43600 
8.72279 4.43700 
8.72279 4.43800 
8.72279 4.43900 
8.72279 4.44000 
8.72279 4.44100 
8.72279 4.44200 
8.72279 4.44300 
8.72279 4.44400 
8.72279 4.44500 
8.72279 4.44600 
8.72279 4.44700 
8.72279 4.44800 
8.72279 4.44900 
8.72279 4.45000 
8.72279 4.45100 
8.72279 4.45200 
8.72279 4.45300 
8.72279 4.45400 
8.72279 4.45500 
8.72279 4.45600 
8.72279 4.45700 
8.72279 4.45800 
8.72279 4.45900 
8.72279 4.46000 
8.72279 4.46100 
8.72279 4.46200 
8.72279 4.46300 
8.72279 4.46400 
8.72279 4.46500 
8.72279 4.46600 
8.72279 4.46700 
8.72279 4.46800 
8.72279 4.46900 
8.72279 4.47000 
8.72279 4.47100 
8.72279 4.47200 
8.72279 4.47300 
8.72279 4.47400 
8.72279 4.47500 
8.72279 4.47600 
8.72279 4.47700 
8.72279 4.47800 
8.72279 4.47900 
8.72279 4.48000 
8.72279 4.48100 
8.72279 4.48200 
8.72279 4.48300 
8.72279 4.48400 
8.72279 4.48500 
8.72279 4.48600 
8.72279 4.48700 
8.72279 4.48800 
8.72279 4.48900 
8.72279 4.49000 
8.72279 4.49100 
8.72279 4.49200 
8.72279 4.49300 
8.72279 4.49400 
8.72279 4.49500 
8.72279 4.49600 
8.72279 4.49700 
8.72279 4.49800 
8.72279 4.49900 
8.72279 4.50000 
8.72279 4.50100 
8.72279 4.50200 
8.72279 4.50300 
8.72279 4.50400 
8.72279 4.50500 
8.72279 4.50600 
8.72279 4.50700 
8.72279 4.50800 
8.72279 4.50900 
8.72279 4.51000 
8.72279 4.51100 
8.72279 4.51200 
8.72279 4.51300 
8.72279 4.51400 
8.72279 4.51500 
8.72279 4.51600 
8.72279 4.51700 
8.72279 4.51800 
8.72279 4.51900 
8.72279 4.52000 
8.72279 4.52100 
8.72279 4.52200 
8.72279 4.52300 
8.72279 4.52400 
8.72279 4.52500 
8.72279 4.52600 
8.72279 4.52700 
8.72279 4.52800 
8.72279 4.52900 
8.72279 4.53000 
8.72279 4.53100 
8.72279 4.53200 
8.72279 4.53300 
8.72279 4.53400 
8.72279 4.53500 
8.72279 4.53600 
8.72279 4.53700 
8.72279 4.53800 
8.72279 4.53900 
8.72279 4.54000 
8.72279 4.54100 
8.72279 4.54200 
8.72279 4.54300 
8.72279 4.54400 
8.72279 4.54500 
8.72279 4.54600 
8.72279 4.54700 
8.72279 4.54800 
8.72279 4.54900 
8.72279 4.55000 
8.72279 4.55100 
8.72279 4.55200 
8.72279 4.55300 
8.72279 4.55400 
8.72279 4.55500 
8.72279 4.55600 
8.72279 4.55700 
8.72279 4.55800 
8.72279 4.55900 
8.72279 4.56000 
8.72279 4.56100 
8.72279 4.56200 
8.72279 4.56300 
8.72279 4.56400 
8.72279 4.56500 
8.72279 4.56600 
8.72279 4.56700 
8.72279 4.56800 
8.72279 4.56900 
8.72279 4.57000 
8.72279 4.57100 
8.72279 4.57200 
8.72279 4.57300 
8.72279 4.57400 
8.72279 4.57500 
8.72279 4.57600 
8.72279 4.57700 
8.72279 4.57800 
8.72279 4.57900 
8.72279 4.58000 
8.72279 4.58100 
8.72279 4.58200 
8.72279 4.58300 
8.72279 4.58400 
8.72279 4.58500 
8.72279 4.58600 
8.72279 4.58700 
8.72279 4.58800 
8.72279 4.58900 
8.72279 4.59000 
8.72279 4.59100 
8.72279 4.59200 
8.72279 4.59300 
8.72279 4.59400 
8.72279 4.59500 
8.72279 4.59600 
8.72279 4.59700 
8.72279 4.59800 
8.72279 4.59900 
8.72279 4.60000 
8.72279 4.60100 
8.72279 4.60200 
8.72279 4.60300 
8.72279 4.60400 
8.72279 4.60500 
8.72279 4.60600 
8.72279 4.60700 
8.72279 4.60800 
8.72279 4.60900 
8.72279 4.61000 
8.72279 4.61100 
8.72279 4.61200 
8.72279 4.61300 
8.72279 4.61400 
8.72279 4.61500 
8.72279 4.61600 
8.72279 4.61700 
8.72279 4.61800 
8.72279 4.61900 
8.72279 4.62000 
8.72279 4.62100 
8.72279 4.62200 
8.72279 4.62300 
8.72279 4.62400 
8.72279 4.62500 
8.72279 4.62600 
8.72279 4.62700 
8.72279 4.62800 
8.72279 4.62900 
8.72279 4.63000 
8.72279 4.63100 
8.72279 4.63200 
8.72279 4.63300 
8.72279 4.63400 
8.72279 4.63500 
8.72279 4.63600 
8.72279 4.63700 
8.72279 4.63800 
8.72279 4.63900 
8.72279 4.64000 
8.72279 4.64100 
8.72279 4.64200 
8.72279 4.64300 
8.72279 4.64400 
8.72279 4.64500 
8.72279 4.64600 
8.72279 4.64700 
8.72279 4.64800 
8.72279 4.64900 
8.72279 4.65000 
8.72279 4.65100 
8.72279 4.65200 
8.72279 4.65300 
8.72279 4.65400 
8.72279 4.65500 
8.72279 4.65600 
8.72279 4.65700 
8.72279 4.65800 
8.72279 4.65900 
8.72279 4.66000 
8.72279 4.66100 
8.72279 4.66200 
8.72279 4.66300 
8.72279 4.66400 
8.72279 4.66500 
8.72279 4.66600 
8.72279 4.66700 
8.72279 4.66800 
8.72279 4.66900 
8.72279 4.67000 
8.72279 4.67100 
8.72279 4.67200 
8.72279 4.67300 
8.72279 4.67400 
8.72279 4.67500 
8.72279 4.67600 
8.72279 4.67700 
8.72279 4.67800 
8.72279 4.67900 
8.72279 4.68000 
8.72279 4.68100 
8.72279 4.68200 
8.72279 4.68300 
8.72279 4.68400 
8.72279 4.68500 
8.72279 4.68600 
8.72279 4.68700 
8.72279 4.68800 
8.72279 4.68900 
8.72279 4.69000 
8.72279 4.69100 
8.72279 4.69200 
8.72279 4.69300 
8.72279 4.69400 
8.72279 4.69500 
8.72279 4.69600 
8.72279 4.69700 
8.72279 4.69800 
8.72279 4.69900 
8.72279 4.70000 
8.72279 4.70100 
8.72279 4.70200 
8.72279 4.70300 
8.72279 4.70400 
8.72279 4.70500 
8.72279 4.70600 
8.72279 4.70700 
8.72279 4.70800 
8.72279 4.70900 
8.72279 4.71000 
8.72279 4.71100 
8.72279 4.71200 
8.72279 4.71300 
8.72279 4.71400 
8.72279 4.71500 
8.72279 4.71600 
8.72279 4.71700 
8.72279 4.71800 
8.72279 4.71900 
8.72279 4.72000 
8.72279 4.72100 
8.72279 4.72200 
8.72279 4.72300 
8.72279 4.72400 
8.72279 4.72500 
8.72279 4.72600 
8.72279 4.72700 
8.72279 4.72800 
8.72279 4.72900 
8.72279 4.73000 
8.72279 4.73100 
8.72279 4.73200 
8.72279 4.73300 
8.72279 4.73400 
8.72279 4.73500 
8.72279 4.73600 
8.72279 4.73700 
8.72279 4.73800 
8.72279 4.73900 
8.72279 4.74000 
8.72279 4.74100 
8.72279 4.74200 
8.72279 4.74300 
8.72279 4.74400 
8.72279 4.74500 
8.72279 4.74600 
8.72279 4.74700 
8.72279 4.74800 
8.72279 4.74900 
8.72279 4.75000 
8.72279 4.75100 
8.72279 4.75200 
8.72279 4.75300 
8.72279 4.75400 
8.72279 4.75500 
8.72279 4.75600 
8.72279 4.75700 
8.72279 4.75800 
8.72279 4.75900 
8.72279 4.76000 
8.72279 4.76100 
8.72279 4.76200 
8.72279 4.76300 
8.72279 4.76400 
8.72279 4.76500 
8.72279 4.76600 
8.72279 4.76700 
8.72279 4.76800 
8.72279 4.76900 
8.72279 4.77000 
8.72279 4.77100 
8.72279 4.77200 
8.72279 4.77300 
8.72279 4.77400 
8.72279 4.77500 
8.72279 4.77600 
8.72279 4.77700 
8.72279 4.77800 
8.72279 4.77900 
8.72279 4.78000 
8.72279 4.78100 
8.72279 4.78200 
8.72279 4.78300 
8.72279 4.78400 
8.72279 4.78500 
8.72279 4.78600 
8.72279 4.78700 
8.72279 4.78800 
8.72279 4.78900 
8.72279 4.79000 
8.72279 4.79100 
8.72279 4.79200 
8.72279 4.79300 
8.72279 4.79400 
8.72279 4.79500 
8.72279 4.79600 
8.72279 4.79700 
8.72279 4.79800 
8.72279 4.79900 
8.72279 4.80000 
8.72279 4.80100 
8.72279 4.80200 
8.72279 4.80300 
8.72279 4.80400 
8.72279 4.80500 
8.72279 4.80600 
8.72279 4.80700 
8.72279 4.80800 
8.72279 4.80900 
8.72279 4.81000 
8.72279 4.81100 
8.72279 4.81200 
8.72279 4.81300 
8.72279 4.81400 
8.72279 4.81500 
8.72279 4.81600 
8.72279 4.81700 
8.72279 4.81800 
8.72279 4.81900 
8.72279 4.82000 
8.72279 4.82100 
8.72279 4.82200 
8.72279 4.82300 
8.72279 4.82400 
8.72279 4.82500 
8.72279 4.82600 
8.72279 4.82700 
8.72279 4.82800 
8.72279 4.82900 
8.72279 4.83000 
8.72279 4.83100 
8.72279 4.83200 
8.72279 4.83300 
8.72279 4.83400 
8.72279 4.83500 
8.72279 4.83600 
8.72279 4.83700 
8.72279 4.83800 
8.72279 4.83900 
8.72279 4.84000 
8.72279 4.84100 
8.72279 4.84200 
8.72279 4.84300 
8.72279 4.84400 
8.72279 4.84500 
8.72279 4.84600 
8.72279 4.84700 
8.72279 4.84800 
8.72279 4.84900 
8.72279 4.85000 
8.72279 4.85100 
8.72279 4.85200 
8.72279 4.85300 
8.72279 4.85400 
8.72279 4.85500 
8.72279 4.85600 
8.72279 4.85700 
8.72279 4.85800 
8.72279 4.85900 
8.72279 4.86000 
8.72279 4.86100 
8.72279 4.86200 
8.72279 4.86300 
8.72279 4.86400 
8.72279 4.86500 
8.72279 4.86600 
8.72279 4.86700 
8.72279 4.86800 
8.72279 4.86900 
8.72279 4.87000 
8.72279 4.87100 
8.72279 4.87200 
8.72279 4.87300 
8.72279 4.87400 
8.72279 4.87500 
8.72279 4.87600 
8.72279 4.87700 
8.72279 4.87800 
8.72279 4.87900 
8.72279 4.88000 
8.72279 4.88100 
8.72279 4.88200 
8.72279 4.88300 
8.72279 4.88400 
8.72279 4.88500 
8.72279 4.88600 
8.72279 4.88700 
8.72279 4.88800 
8.72279 4.88900 
8.72279 4.89000 
8.72279 4.89100 
8.72279 4.89200 
8.72279 4.89300 
8.72279 4.89400 
8.72279 4.89500 
8.72279 4.89600 
8.72279 4.89700 
8.72279 4.89800 
8.72279 4.89900 
8.72279 4.90000 
8.72279 4.90100 
8.72279 4.90200 
8.72279 4.90300 
8.72279 4.90400 
8.72279 4.90500 
8.72279 4.90600 
8.72279 4.90700 
8.72279 4.90800 
8.72279 4.90900 
8.72279 4.91000 
8.72279 4.91100 
8.72279 4.91200 
8.72279 4.91300 
8.72279 4.91400 
8.72279 4.91500 
8.72279 4.91600 
8.72279 4.91700 
8.72279 4.91800 
8.72279 4.91900 
8.72279 4.92000 
8.72279 4.92100 
8.72279 4.92200 
8.72279 4.92300 
8.72279 4.92400 
8.72279 4.92500 
8.72279 4.92600 
8.72279 4.92700 
8.72279 4.92800 
8.72279 4.92900 
8.72279 4.93000 
8.72279 4.93100 
8.72279 4.93200 
8.72279 4.93300 
8.72279 4.93400 
8.72279 4.93500 
8.72279 4.93600 
8.72279 4.93700 
8.72279 4.93800 
8.72279 4.93900 
8.72279 4.94000 
8.72279 4.94100 
8.72279 4.94200 
8.72279 4.94300 
8.72279 4.94400 
8.72279 4.94500 
8.72279 4.94600 
8.72279 4.94700 
8.72279 4.94800 
8.72279 4.94900 
8.72279 4.95000 
8.72279 4.95100 
8.72279 4.95200 
8.72279 4.95300 
8.72279 4.95400 
8.72279 4.95500 
8.72279 4.95600 
8.72279 4.95700 
8.72279 4.95800 
8.72279 4.95900 
8.72279 4.96000 
8.72279 4.96100 
8.72279 4.96200 
8.72279 4.96300 
8.72279 4.96400 
8.72279 4.96500 
8.72279 4.96600 
8.72279 4.96700 
8.72279 4.96800 
8.72279 4.96900 
8.72279 4.97000 
8.72279 4.97100 
8.72279 4.97200 
8.72279 4.97300 
8.72279 4.97400 
8.72279 4.97500 
8.72279 4.97600 
8.72279 4.97700 
8.72279 4.97800 
8.72279 4.97900 
8.72279 4.98000 
8.72279 4.98100 
8.72279 4.98200 
8.72279 4.98300 
8.72279 4.98400 
8.72279 4.98500 
8.72279 4.98600 
8.72279 4.98700 
8.72279 4.98800 
8.72279 4.98900 
8.72279 4.99000 
8.72279 4.99100 
8.72279 4.99200 
8.72279 4.99300 
8.72279 4.99400 
8.72279 4.99500 
8.72279 4.99600 
8.72279 4.99700 
8.72279 4.99800 
8.72279 4.99900 
