0.00000 0.00000 
-0.07224 0.00100 
-0.19574 0.00200 
-0.32648 0.00300 
-0.45715 0.00400 
-0.58656 0.00500 
-0.71453 0.00600 
-0.84103 0.00700 
-0.96608 0.00800 
-1.08970 0.00900 
-1.21189 0.01000 
-1.33269 0.01100 
-1.45210 0.01200 
-1.57013 0.01300 
-1.68682 0.01400 
-1.80216 0.01500 
-1.91618 0.01600 
-2.02889 0.01700 
-2.14031 0.01800 
-2.25045 0.01900 
-2.35933 0.02000 
-2.46695 0.02100 
-2.57334 0.02200 
-2.67851 0.02300 
-2.78248 0.02400 
-2.88525 0.02500 
-2.98684 0.02600 
-3.08727 0.02700 
-3.18655 0.02800 
-3.28468 0.02900 
-3.38169 0.03000 
-3.47759 0.03100 
-3.57238 0.03200 
-3.66609 0.03300 
-3.75872 0.03400 
-3.85029 0.03500 
-3.94081 0.03600 
-4.03029 0.03700 
-4.11875 0.03800 
-4.20618 0.03900 
-4.29262 0.04000 
-4.37806 0.04100 
-4.46253 0.04200 
-4.54602 0.04300 
-4.62855 0.04400 
-4.71014 0.04500 
-4.79079 0.04600 
-4.87052 0.04700 
-4.94933 0.04800 
-5.02724 0.04900 
-5.10425 0.05000 
-5.18038 0.05100 
-5.25564 0.05200 
-5.33003 0.05300 
-5.40357 0.05400 
-5.47626 0.05500 
-5.54812 0.05600 
-5.61916 0.05700 
-5.68938 0.05800 
-5.75879 0.05900 
-5.82741 0.06000 
-5.89524 0.06100 
-5.96229 0.06200 
-6.02858 0.06300 
-6.09410 0.06400 
-6.15887 0.06500 
-6.22290 0.06600 
-6.28619 0.06700 
-6.34876 0.06800 
-6.41060 0.06900 
-6.47174 0.07000 
-6.53218 0.07100 
-6.59192 0.07200 
-6.65098 0.07300 
-6.70936 0.07400 
-6.76707 0.07500 
-6.82412 0.07600 
-6.88051 0.07700 
-6.93626 0.07800 
-6.99136 0.07900 
-7.04584 0.08000 
-7.09969 0.08100 
-7.15292 0.08200 
-7.20554 0.08300 
-7.25755 0.08400 
-7.30897 0.08500 
-7.35980 0.08600 
-7.41005 0.08700 
-7.45972 0.08800 
-7.50882 0.08900 
-7.55735 0.09000 
-7.60533 0.09100 
-7.65276 0.09200 
-7.69965 0.09300 
-7.74599 0.09400 
-7.79181 0.09500 
-7.83710 0.09600 
-7.88187 0.09700 
-7.92612 0.09800 
-7.96987 0.09900 
-8.01311 0.10000 
-8.05586 0.10100 
-8.09812 0.10200 
-8.13990 0.10300 
-8.18119 0.10400 
-8.22201 0.10500 
-8.26236 0.10600 
-8.30225 0.10700 
-8.34169 0.10800 
-8.38067 0.10900 
-8.41920 0.11000 
-8.45729 0.11100 
-8.49494 0.11200 
-8.53216 0.11300 
-8.56896 0.11400 
-8.60533 0.11500 
-8.64128 0.11600 
-8.67682 0.11700 
-8.71196 0.11800 
-8.74669 0.11900 
-8.78102 0.12000 
-8.81496 0.12100 
-8.84851 0.12200 
-8.88167 0.12300 
-8.91446 0.12400 
-8.94686 0.12500 
-8.97890 0.12600 
-9.01057 0.12700 
-9.04187 0.12800 
-9.07282 0.12900 
-9.10341 0.13000 
-9.13365 0.13100 
-9.16354 0.13200 
-9.19309 0.13300 
-9.22230 0.13400 
-9.25118 0.13500 
-9.27972 0.13600 
-9.30794 0.13700 
-9.33584 0.13800 
-9.36341 0.13900 
-9.39067 0.14000 
-9.41761 0.14100 
-9.44424 0.14200 
-9.47057 0.14300 
-9.49660 0.14400 
-9.52233 0.14500 
-9.54776 0.14600 
-9.57291 0.14700 
-9.59776 0.14800 
-9.62233 0.14900 
-9.64661 0.15000 
-9.67062 0.15100 
-9.69435 0.15200 
-9.71781 0.15300 
-9.74100 0.15400 
-9.76393 0.15500 
-9.78659 0.15600 
-9.80899 0.15700 
-9.83114 0.15800 
-9.85303 0.15900 
-9.87467 0.16000 
-9.89606 0.16100 
-9.91720 0.16200 
-9.93811 0.16300 
-9.95877 0.16400 
-9.97920 0.16500 
-9.99939 0.16600 
-10.01935 0.16700 
-10.03908 0.16800 
-10.05859 0.16900 
-10.07787 0.17000 
-10.09693 0.17100 
-10.11577 0.17200 
-10.13439 0.17300 
-10.15280 0.17400 
-10.17100 0.17500 
-10.18900 0.17600 
-10.20678 0.17700 
-10.22436 0.17800 
-10.24174 0.17900 
-10.25892 0.18000 
-10.27590 0.18100 
-10.29269 0.18200 
-10.30929 0.18300 
-10.32569 0.18400 
-10.34191 0.18500 
-10.35794 0.18600 
-10.37378 0.18700 
-10.38945 0.18800 
-10.40493 0.18900 
-10.42024 0.19000 
-10.43537 0.19100 
-10.45033 0.19200 
-10.46512 0.19300 
-10.47974 0.19400 
-10.49419 0.19500 
-10.50847 0.19600 
-10.52259 0.19700 
-10.53655 0.19800 
-10.55034 0.19900 
-10.56398 0.20000 
-10.57747 0.20100 
-10.59079 0.20200 
-10.60397 0.20300 
-10.61698 0.20400 
-10.62985 0.20500 
-10.64257 0.20600 
-10.65514 0.20700 
-10.66757 0.20800 
-10.67985 0.20900 
-10.69200 0.21000 
-10.70400 0.21100 
-10.71587 0.21200 
-10.72760 0.21300 
-10.73920 0.21400 
-10.75067 0.21500 
-10.76200 0.21600 
-10.77321 0.21700 
-10.78428 0.21800 
-10.79523 0.21900 
-10.80605 0.22000 
-10.81675 0.22100 
-10.82733 0.22200 
-10.83778 0.22300 
-10.84812 0.22400 
-10.85834 0.22500 
-10.86844 0.22600 
-10.87842 0.22700 
-10.88829 0.22800 
-10.89805 0.22900 
-10.90769 0.23000 
-10.91723 0.23100 
-10.92665 0.23200 
-10.93597 0.23300 
-10.94518 0.23400 
-10.95429 0.23500 
-10.96329 0.23600 
-10.97219 0.23700 
-10.98098 0.23800 
-10.98968 0.23900 
-10.99827 0.24000 
-11.00677 0.24100 
-11.01517 0.24200 
-11.02347 0.24300 
-11.03168 0.24400 
-11.03979 0.24500 
-11.04781 0.24600 
-11.05574 0.24700 
-11.06358 0.24800 
-11.07133 0.24900 
-11.07899 0.25000 
-11.08656 0.25100 
-11.09405 0.25200 
-11.10145 0.25300 
-11.10876 0.25400 
-11.11599 0.25500 
-11.12314 0.25600 
-11.13021 0.25700 
-11.13719 0.25800 
-11.14410 0.25900 
-11.15092 0.26000 
-11.15767 0.26100 
-11.16434 0.26200 
-11.17094 0.26300 
-11.17745 0.26400 
-11.18390 0.26500 
-11.19027 0.26600 
-11.19657 0.26700 
-11.20279 0.26800 
-11.20894 0.26900 
-11.21503 0.27000 
-11.22104 0.27100 
-11.22698 0.27200 
-11.23286 0.27300 
-11.23867 0.27400 
-11.24441 0.27500 
-11.25009 0.27600 
-11.25570 0.27700 
-11.26125 0.27800 
-11.26673 0.27900 
-11.27215 0.28000 
-11.27751 0.28100 
-11.28281 0.28200 
-11.28804 0.28300 
-11.29322 0.28400 
-11.29834 0.28500 
-11.30340 0.28600 
-11.30840 0.28700 
-11.31334 0.28800 
-11.31823 0.28900 
-11.32306 0.29000 
-11.32783 0.29100 
-11.33255 0.29200 
-11.33722 0.29300 
-11.34183 0.29400 
-11.34639 0.29500 
-11.35090 0.29600 
-11.35536 0.29700 
-11.35976 0.29800 
-11.36412 0.29900 
-11.36842 0.30000 
-11.37268 0.30100 
-11.37689 0.30200 
-11.38105 0.30300 
-11.38516 0.30400 
-11.38922 0.30500 
-11.39324 0.30600 
-11.39722 0.30700 
-11.40114 0.30800 
-11.40502 0.30900 
-11.40886 0.31000 
-11.41265 0.31100 
-11.41640 0.31200 
-11.42011 0.31300 
-11.42377 0.31400 
-11.42740 0.31500 
-11.43098 0.31600 
-11.43452 0.31700 
-11.43801 0.31800 
-11.44147 0.31900 
-11.44489 0.32000 
-11.44827 0.32100 
-11.45161 0.32200 
-11.45491 0.32300 
-11.45818 0.32400 
-11.46141 0.32500 
-11.46460 0.32600 
-11.46775 0.32700 
-11.47087 0.32800 
-11.47395 0.32900 
-11.47699 0.33000 
-11.48001 0.33100 
-11.48298 0.33200 
-11.48592 0.33300 
-11.48883 0.33400 
-11.49171 0.33500 
-11.49455 0.33600 
-11.49736 0.33700 
-11.50014 0.33800 
-11.50288 0.33900 
-11.50560 0.34000 
-11.50828 0.34100 
-11.51093 0.34200 
-11.51356 0.34300 
-11.51615 0.34400 
-11.51871 0.34500 
-11.52124 0.34600 
-11.52375 0.34700 
-11.52622 0.34800 
-11.52867 0.34900 
-11.53108 0.35000 
-11.53348 0.35100 
-11.53584 0.35200 
-11.53817 0.35300 
-11.54048 0.35400 
-11.54277 0.35500 
-11.54502 0.35600 
-11.54725 0.35700 
-11.54946 0.35800 
-11.55164 0.35900 
-11.55379 0.36000 
-11.55592 0.36100 
-11.55803 0.36200 
-11.56011 0.36300 
-11.56217 0.36400 
-11.56421 0.36500 
-11.56622 0.36600 
-11.56821 0.36700 
-11.57017 0.36800 
-11.57211 0.36900 
-11.57404 0.37000 
-11.57593 0.37100 
-11.57781 0.37200 
-11.57967 0.37300 
-11.58150 0.37400 
-11.58331 0.37500 
-11.58511 0.37600 
-11.58688 0.37700 
-11.58863 0.37800 
-11.59036 0.37900 
-11.59207 0.38000 
-11.59377 0.38100 
-11.59544 0.38200 
-11.59709 0.38300 
-11.59873 0.38400 
-11.60034 0.38500 
-11.60194 0.38600 
-11.60352 0.38700 
-11.60508 0.38800 
-11.60662 0.38900 
-11.60815 0.39000 
-11.60966 0.39100 
-11.61115 0.39200 
-11.61262 0.39300 
-11.61408 0.39400 
-11.61552 0.39500 
-11.61694 0.39600 
-11.61835 0.39700 
-11.61974 0.39800 
-11.62111 0.39900 
-11.62247 0.40000 
-11.62382 0.40100 
-11.62514 0.40200 
-11.62646 0.40300 
-11.62775 0.40400 
-11.62904 0.40500 
-11.63031 0.40600 
-11.63156 0.40700 
-11.63280 0.40800 
-11.63402 0.40900 
-11.63524 0.41000 
-11.63643 0.41100 
-11.63762 0.41200 
-11.63879 0.41300 
-11.63994 0.41400 
-11.64109 0.41500 
-11.64222 0.41600 
-11.64333 0.41700 
-11.64444 0.41800 
-11.64553 0.41900 
-11.64661 0.42000 
-11.64768 0.42100 
-11.64873 0.42200 
-11.64977 0.42300 
-11.65080 0.42400 
-11.65182 0.42500 
-11.65283 0.42600 
-11.65382 0.42700 
-11.65481 0.42800 
-11.65578 0.42900 
-11.65674 0.43000 
-11.65769 0.43100 
-11.65863 0.43200 
-11.65956 0.43300 
-11.66048 0.43400 
-11.66139 0.43500 
-11.66229 0.43600 
-11.66317 0.43700 
-11.66405 0.43800 
-11.66492 0.43900 
-11.66577 0.44000 
-11.66662 0.44100 
-11.66746 0.44200 
-11.66829 0.44300 
-11.66910 0.44400 
-11.66991 0.44500 
-11.67071 0.44600 
-11.67150 0.44700 
-11.67228 0.44800 
-11.67306 0.44900 
-11.67382 0.45000 
-11.67457 0.45100 
-11.67532 0.45200 
-11.67606 0.45300 
-11.67679 0.45400 
-11.67751 0.45500 
-11.67822 0.45600 
-11.67892 0.45700 
-11.67962 0.45800 
-11.68031 0.45900 
-11.68099 0.46000 
-11.68166 0.46100 
-11.68233 0.46200 
-11.68298 0.46300 
-11.68363 0.46400 
-11.68428 0.46500 
-11.68491 0.46600 
-11.68554 0.46700 
-11.68616 0.46800 
-11.68677 0.46900 
-11.68738 0.47000 
-11.68798 0.47100 
-11.68857 0.47200 
-11.68916 0.47300 
-11.68973 0.47400 
-11.69031 0.47500 
-11.69087 0.47600 
-11.69143 0.47700 
-11.69198 0.47800 
-11.69253 0.47900 
-11.69307 0.48000 
-11.69360 0.48100 
-11.69413 0.48200 
-11.69465 0.48300 
-11.69517 0.48400 
-11.69568 0.48500 
-11.69618 0.48600 
-11.69668 0.48700 
-11.69717 0.48800 
-11.69766 0.48900 
-11.69814 0.49000 
-11.69862 0.49100 
-11.69909 0.49200 
-11.69955 0.49300 
-11.70001 0.49400 
-11.70047 0.49500 
-11.70092 0.49600 
-11.70136 0.49700 
-11.70180 0.49800 
-11.70223 0.49900 
-11.70266 0.50000 
-11.70309 0.50100 
-11.70351 0.50200 
-11.70392 0.50300 
-11.70433 0.50400 
-11.70474 0.50500 
-11.70514 0.50600 
-11.70553 0.50700 
-11.70593 0.50800 
-11.70631 0.50900 
-11.70670 0.51000 
-11.70707 0.51100 
-11.70745 0.51200 
-11.70782 0.51300 
-11.70818 0.51400 
-11.70854 0.51500 
-11.70890 0.51600 
-11.70925 0.51700 
-11.70960 0.51800 
-11.70995 0.51900 
-11.71029 0.52000 
-11.71063 0.52100 
-11.71096 0.52200 
-11.71129 0.52300 
-11.71162 0.52400 
-11.71194 0.52500 
-11.71226 0.52600 
-11.71257 0.52700 
-11.71288 0.52800 
-11.71319 0.52900 
-11.71349 0.53000 
-11.71379 0.53100 
-11.71409 0.53200 
-11.71439 0.53300 
-11.71468 0.53400 
-11.71496 0.53500 
-11.71525 0.53600 
-11.71553 0.53700 
-11.71581 0.53800 
-11.71608 0.53900 
-11.71635 0.54000 
-11.71662 0.54100 
-11.71688 0.54200 
-11.71715 0.54300 
-11.71741 0.54400 
-11.71766 0.54500 
-11.71791 0.54600 
-11.71816 0.54700 
-11.71841 0.54800 
-11.71866 0.54900 
-11.71890 0.55000 
-11.71914 0.55100 
-11.71937 0.55200 
-11.71961 0.55300 
-11.71984 0.55400 
-11.72007 0.55500 
-11.72029 0.55600 
-11.72052 0.55700 
-11.72074 0.55800 
-11.72095 0.55900 
-11.72117 0.56000 
-11.72138 0.56100 
-11.72159 0.56200 
-11.72180 0.56300 
-11.72201 0.56400 
-11.72221 0.56500 
-11.72241 0.56600 
-11.72261 0.56700 
-11.72281 0.56800 
-11.72300 0.56900 
-11.72320 0.57000 
-11.72339 0.57100 
-11.72357 0.57200 
-11.72376 0.57300 
-11.72394 0.57400 
-11.72412 0.57500 
-11.72430 0.57600 
-11.72448 0.57700 
-11.72466 0.57800 
-11.72483 0.57900 
-11.72500 0.58000 
-11.72517 0.58100 
-11.72534 0.58200 
-11.72550 0.58300 
-11.72567 0.58400 
-11.72583 0.58500 
-11.72599 0.58600 
-11.72615 0.58700 
-11.72630 0.58800 
-11.72646 0.58900 
-11.72661 0.59000 
-11.72676 0.59100 
-11.72691 0.59200 
-11.72706 0.59300 
-11.72720 0.59400 
-11.72735 0.59500 
-11.72749 0.59600 
-11.72763 0.59700 
-11.72777 0.59800 
-11.72791 0.59900 
-11.72805 0.60000 
-11.72818 0.60100 
-11.72831 0.60200 
-11.72845 0.60300 
-11.72858 0.60400 
-11.72870 0.60500 
-11.72883 0.60600 
-11.72896 0.60700 
-11.72908 0.60800 
-11.72920 0.60900 
-11.72933 0.61000 
-11.72945 0.61100 
-11.72956 0.61200 
-11.72968 0.61300 
-11.72980 0.61400 
-11.72991 0.61500 
-11.73003 0.61600 
-11.73014 0.61700 
-11.73025 0.61800 
-11.73036 0.61900 
-11.73047 0.62000 
-11.73057 0.62100 
-11.73068 0.62200 
-11.73078 0.62300 
-11.73089 0.62400 
-11.73099 0.62500 
-11.73109 0.62600 
-11.73119 0.62700 
-11.73129 0.62800 
-11.73139 0.62900 
-11.73148 0.63000 
-11.73158 0.63100 
-11.73167 0.63200 
-11.73177 0.63300 
-11.73186 0.63400 
-11.73195 0.63500 
-11.73204 0.63600 
-11.73213 0.63700 
-11.73222 0.63800 
-11.73230 0.63900 
-11.73239 0.64000 
-11.73248 0.64100 
-11.73256 0.64200 
-11.73264 0.64300 
-11.73273 0.64400 
-11.73281 0.64500 
-11.73289 0.64600 
-11.73297 0.64700 
-11.73305 0.64800 
-11.73312 0.64900 
-11.73320 0.65000 
-11.73328 0.65100 
-11.73335 0.65200 
-11.73342 0.65300 
-11.73350 0.65400 
-11.73357 0.65500 
-11.73364 0.65600 
-11.73371 0.65700 
-11.73378 0.65800 
-11.73385 0.65900 
-11.73392 0.66000 
-11.73399 0.66100 
-11.73406 0.66200 
-11.73412 0.66300 
-11.73419 0.66400 
-11.73425 0.66500 
-11.73432 0.66600 
-11.73438 0.66700 
-11.73444 0.66800 
-11.73450 0.66900 
-11.73456 0.67000 
-11.73462 0.67100 
-11.73468 0.67200 
-11.73474 0.67300 
-11.73480 0.67400 
-11.73486 0.67500 
-11.73492 0.67600 
-11.73497 0.67700 
-11.73503 0.67800 
-11.73508 0.67900 
-11.73514 0.68000 
-11.73519 0.68100 
-11.73524 0.68200 
-11.73530 0.68300 
-11.73535 0.68400 
-11.73540 0.68500 
-11.73545 0.68600 
-11.73550 0.68700 
-11.73555 0.68800 
-11.73560 0.68900 
-11.73565 0.69000 
-11.73570 0.69100 
-11.73574 0.69200 
-11.73579 0.69300 
-11.73584 0.69400 
-11.73588 0.69500 
-11.73593 0.69600 
-11.73597 0.69700 
-11.73602 0.69800 
-11.73606 0.69900 
-11.73610 0.70000 
-11.73615 0.70100 
-11.73619 0.70200 
-11.73623 0.70300 
-11.73627 0.70400 
-11.73631 0.70500 
-11.73635 0.70600 
-11.73639 0.70700 
-11.73643 0.70800 
-11.73647 0.70900 
-11.73651 0.71000 
-11.73655 0.71100 
-11.73659 0.71200 
-11.73662 0.71300 
-11.73666 0.71400 
-11.73670 0.71500 
-11.73673 0.71600 
-11.73677 0.71700 
-11.73680 0.71800 
-11.73684 0.71900 
-11.73687 0.72000 
-11.73691 0.72100 
-11.73694 0.72200 
-11.73697 0.72300 
-11.73701 0.72400 
-11.73704 0.72500 
-11.73707 0.72600 
-11.73710 0.72700 
-11.73713 0.72800 
-11.73716 0.72900 
-11.73719 0.73000 
-11.73722 0.73100 
-11.73725 0.73200 
-11.73728 0.73300 
-11.73731 0.73400 
-11.73734 0.73500 
-11.73737 0.73600 
-11.73740 0.73700 
-11.73743 0.73800 
-11.73746 0.73900 
-11.73748 0.74000 
-11.73751 0.74100 
-11.73754 0.74200 
-11.73756 0.74300 
-11.73759 0.74400 
-11.73761 0.74500 
-11.73764 0.74600 
-11.73767 0.74700 
-11.73769 0.74800 
-11.73771 0.74900 
-11.73774 0.75000 
-11.73776 0.75100 
-11.73779 0.75200 
-11.73781 0.75300 
-11.73783 0.75400 
-11.73786 0.75500 
-11.73788 0.75600 
-11.73790 0.75700 
-11.73792 0.75800 
-11.73795 0.75900 
-11.73797 0.76000 
-11.73799 0.76100 
-11.73801 0.76200 
-11.73803 0.76300 
-11.73805 0.76400 
-11.73807 0.76500 
-11.73809 0.76600 
-11.73811 0.76700 
-11.73813 0.76800 
-11.73815 0.76900 
-11.73817 0.77000 
-11.73819 0.77100 
-11.73821 0.77200 
-11.73823 0.77300 
-11.73825 0.77400 
-11.73827 0.77500 
-11.73828 0.77600 
-11.73830 0.77700 
-11.73832 0.77800 
-11.73834 0.77900 
-11.73835 0.78000 
-11.73837 0.78100 
-11.73839 0.78200 
-11.73840 0.78300 
-11.73842 0.78400 
-11.73844 0.78500 
-11.73845 0.78600 
-11.73847 0.78700 
-11.73849 0.78800 
-11.73850 0.78900 
-11.73852 0.79000 
-11.73853 0.79100 
-11.73855 0.79200 
-11.73856 0.79300 
-11.73858 0.79400 
-11.73859 0.79500 
-11.73861 0.79600 
-11.73862 0.79700 
-11.73863 0.79800 
-11.73865 0.79900 
-11.73866 0.80000 
-11.73867 0.80100 
-11.73869 0.80200 
-11.73870 0.80300 
-11.73871 0.80400 
-11.73873 0.80500 
-11.73874 0.80600 
-11.73875 0.80700 
-11.73877 0.80800 
-11.73878 0.80900 
-11.73879 0.81000 
-11.73880 0.81100 
-11.73881 0.81200 
-11.73883 0.81300 
-11.73884 0.81400 
-11.73885 0.81500 
-11.73886 0.81600 
-11.73887 0.81700 
-11.73888 0.81800 
-11.73889 0.81900 
-11.73890 0.82000 
-11.73892 0.82100 
-11.73893 0.82200 
-11.73894 0.82300 
-11.73895 0.82400 
-11.73896 0.82500 
-11.73897 0.82600 
-11.73898 0.82700 
-11.73899 0.82800 
-11.73900 0.82900 
-11.73901 0.83000 
-11.73902 0.83100 
-11.73903 0.83200 
-11.73904 0.83300 
-11.73905 0.83400 
-11.73905 0.83500 
-11.73906 0.83600 
-11.73907 0.83700 
-11.73908 0.83800 
-11.73909 0.83900 
-11.73910 0.84000 
-11.73911 0.84100 
-11.73912 0.84200 
-11.73912 0.84300 
-11.73913 0.84400 
-11.73914 0.84500 
-11.73915 0.84600 
-11.73916 0.84700 
-11.73916 0.84800 
-11.73917 0.84900 
-11.73918 0.85000 
-11.73919 0.85100 
-11.73920 0.85200 
-11.73920 0.85300 
-11.73921 0.85400 
-11.73922 0.85500 
-11.73922 0.85600 
-11.73923 0.85700 
-11.73924 0.85800 
-11.73925 0.85900 
-11.73925 0.86000 
-11.73926 0.86100 
-11.73927 0.86200 
-11.73927 0.86300 
-11.73928 0.86400 
-11.73929 0.86500 
-11.73929 0.86600 
-11.73930 0.86700 
-11.73931 0.86800 
-11.73931 0.86900 
-11.73932 0.87000 
-11.73932 0.87100 
-11.73933 0.87200 
-11.73934 0.87300 
-11.73934 0.87400 
-11.73935 0.87500 
-11.73935 0.87600 
-11.73936 0.87700 
-11.73936 0.87800 
-11.73937 0.87900 
-11.73938 0.88000 
-11.73938 0.88100 
-11.73939 0.88200 
-11.73939 0.88300 
-11.73940 0.88400 
-11.73940 0.88500 
-11.73941 0.88600 
-11.73941 0.88700 
-11.73942 0.88800 
-11.73942 0.88900 
-11.73943 0.89000 
-11.73943 0.89100 
-11.73944 0.89200 
-11.73944 0.89300 
-11.73945 0.89400 
-11.73945 0.89500 
-11.73946 0.89600 
-11.73946 0.89700 
-11.73946 0.89800 
-11.73947 0.89900 
-11.73947 0.90000 
-11.73948 0.90100 
-11.73948 0.90200 
-11.73949 0.90300 
-11.73949 0.90400 
-11.73949 0.90500 
-11.73950 0.90600 
-11.73950 0.90700 
-11.73951 0.90800 
-11.73951 0.90900 
-11.73951 0.91000 
-11.73952 0.91100 
-11.73952 0.91200 
-11.73953 0.91300 
-11.73953 0.91400 
-11.73953 0.91500 
-11.73954 0.91600 
-11.73954 0.91700 
-11.73954 0.91800 
-11.73955 0.91900 
-11.73955 0.92000 
-11.73955 0.92100 
-11.73956 0.92200 
-11.73956 0.92300 
-11.73956 0.92400 
-11.73957 0.92500 
-11.73957 0.92600 
-11.73957 0.92700 
-11.73958 0.92800 
-11.73958 0.92900 
-11.73958 0.93000 
-11.73959 0.93100 
-11.73959 0.93200 
-11.73959 0.93300 
-11.73959 0.93400 
-11.73960 0.93500 
-11.73960 0.93600 
-11.73960 0.93700 
-11.73961 0.93800 
-11.73961 0.93900 
-11.73961 0.94000 
-11.73961 0.94100 
-11.73962 0.94200 
-11.73962 0.94300 
-11.73962 0.94400 
-11.73963 0.94500 
-11.73963 0.94600 
-11.73963 0.94700 
-11.73963 0.94800 
-11.73964 0.94900 
-11.73964 0.95000 
-11.73964 0.95100 
-11.73964 0.95200 
-11.73965 0.95300 
-11.73965 0.95400 
-11.73965 0.95500 
-11.73965 0.95600 
-11.73965 0.95700 
-11.73966 0.95800 
-11.73966 0.95900 
-11.73966 0.96000 
-11.73966 0.96100 
-11.73967 0.96200 
-11.73967 0.96300 
-11.73967 0.96400 
-11.73967 0.96500 
-11.73967 0.96600 
-11.73968 0.96700 
-11.73968 0.96800 
-11.73968 0.96900 
-11.73968 0.97000 
-11.73968 0.97100 
-11.73969 0.97200 
-11.73969 0.97300 
-11.73969 0.97400 
-11.73969 0.97500 
-11.73969 0.97600 
-11.73969 0.97700 
-11.73970 0.97800 
-11.73970 0.97900 
-11.73970 0.98000 
-11.73970 0.98100 
-11.73970 0.98200 
-11.73970 0.98300 
-11.73971 0.98400 
-11.73971 0.98500 
-11.73971 0.98600 
-11.73971 0.98700 
-11.73971 0.98800 
-11.73971 0.98900 
-11.73972 0.99000 
-11.73972 0.99100 
-11.73972 0.99200 
-11.73972 0.99300 
-11.73972 0.99400 
-11.73972 0.99500 
-11.73973 0.99600 
-11.73973 0.99700 
-11.73973 0.99800 
-11.73973 0.99900 
-11.73973 1.00000 
-11.73973 1.00100 
-11.73973 1.00200 
-11.73973 1.00300 
-11.73974 1.00400 
-11.73974 1.00500 
-11.73974 1.00600 
-11.73974 1.00700 
-11.73974 1.00800 
-11.73974 1.00900 
-11.73974 1.01000 
-11.73974 1.01100 
-11.73975 1.01200 
-11.73975 1.01300 
-11.73975 1.01400 
-11.73975 1.01500 
-11.73975 1.01600 
-11.73975 1.01700 
-11.73975 1.01800 
-11.73975 1.01900 
-11.73976 1.02000 
-11.73976 1.02100 
-11.73976 1.02200 
-11.73976 1.02300 
-11.73976 1.02400 
-11.73976 1.02500 
-11.73976 1.02600 
-11.73976 1.02700 
-11.73976 1.02800 
-11.73976 1.02900 
-11.73977 1.03000 
-11.73977 1.03100 
-11.73977 1.03200 
-11.73977 1.03300 
-11.73977 1.03400 
-11.73977 1.03500 
-11.73977 1.03600 
-11.73977 1.03700 
-11.73977 1.03800 
-11.73977 1.03900 
-11.73977 1.04000 
-11.73978 1.04100 
-11.73978 1.04200 
-11.73978 1.04300 
-11.73978 1.04400 
-11.73978 1.04500 
-11.73978 1.04600 
-11.73978 1.04700 
-11.73978 1.04800 
-11.73978 1.04900 
-11.73978 1.05000 
-11.73978 1.05100 
-11.73978 1.05200 
-11.73979 1.05300 
-11.73979 1.05400 
-11.73979 1.05500 
-11.73979 1.05600 
-11.73979 1.05700 
-11.73979 1.05800 
-11.73979 1.05900 
-11.73979 1.06000 
-11.73979 1.06100 
-11.73979 1.06200 
-11.73979 1.06300 
-11.73979 1.06400 
-11.73979 1.06500 
-11.73979 1.06600 
-11.73980 1.06700 
-11.73980 1.06800 
-11.73980 1.06900 
-11.73980 1.07000 
-11.73980 1.07100 
-11.73980 1.07200 
-11.73980 1.07300 
-11.73980 1.07400 
-11.73980 1.07500 
-11.73980 1.07600 
-11.73980 1.07700 
-11.73980 1.07800 
-11.73980 1.07900 
-11.73980 1.08000 
-11.73980 1.08100 
-11.73980 1.08200 
-11.73980 1.08300 
-11.73980 1.08400 
-11.73981 1.08500 
-11.73981 1.08600 
-11.73981 1.08700 
-11.73981 1.08800 
-11.73981 1.08900 
-11.73981 1.09000 
-11.73981 1.09100 
-11.73981 1.09200 
-11.73981 1.09300 
-11.73981 1.09400 
-11.73981 1.09500 
-11.73981 1.09600 
-11.73981 1.09700 
-11.73981 1.09800 
-11.73981 1.09900 
-11.73981 1.10000 
-11.73981 1.10100 
-11.73981 1.10200 
-11.73981 1.10300 
-11.73981 1.10400 
-11.73981 1.10500 
-11.73982 1.10600 
-11.73982 1.10700 
-11.73982 1.10800 
-11.73982 1.10900 
-11.73982 1.11000 
-11.73982 1.11100 
-11.73982 1.11200 
-11.73982 1.11300 
-11.73982 1.11400 
-11.73982 1.11500 
-11.73982 1.11600 
-11.73982 1.11700 
-11.73982 1.11800 
-11.73982 1.11900 
-11.73982 1.12000 
-11.73982 1.12100 
-11.73982 1.12200 
-11.73982 1.12300 
-11.73982 1.12400 
-11.73982 1.12500 
-11.73982 1.12600 
-11.73982 1.12700 
-11.73982 1.12800 
-11.73982 1.12900 
-11.73982 1.13000 
-11.73982 1.13100 
-11.73982 1.13200 
-11.73982 1.13300 
-11.73982 1.13400 
-11.73983 1.13500 
-11.73983 1.13600 
-11.73983 1.13700 
-11.73983 1.13800 
-11.73983 1.13900 
-11.73983 1.14000 
-11.73983 1.14100 
-11.73983 1.14200 
-11.73983 1.14300 
-11.73983 1.14400 
-11.73983 1.14500 
-11.73983 1.14600 
-11.73983 1.14700 
-11.73983 1.14800 
-11.73983 1.14900 
-11.73983 1.15000 
-11.73983 1.15100 
-11.73983 1.15200 
-11.73983 1.15300 
-11.73983 1.15400 
-11.73983 1.15500 
-11.73983 1.15600 
-11.73983 1.15700 
-11.73983 1.15800 
-11.73983 1.15900 
-11.73983 1.16000 
-11.73983 1.16100 
-11.73983 1.16200 
-11.73983 1.16300 
-11.73983 1.16400 
-11.73983 1.16500 
-11.73983 1.16600 
-11.73983 1.16700 
-11.73983 1.16800 
-11.73983 1.16900 
-11.73983 1.17000 
-11.73983 1.17100 
-11.73983 1.17200 
-11.73983 1.17300 
-11.73983 1.17400 
-11.73983 1.17500 
-11.73983 1.17600 
-11.73983 1.17700 
-11.73984 1.17800 
-11.73984 1.17900 
-11.73984 1.18000 
-11.73984 1.18100 
-11.73984 1.18200 
-11.73984 1.18300 
-11.73984 1.18400 
-11.73984 1.18500 
-11.73984 1.18600 
-11.73984 1.18700 
-11.73984 1.18800 
-11.73984 1.18900 
-11.73984 1.19000 
-11.73984 1.19100 
-11.73984 1.19200 
-11.73984 1.19300 
-11.73984 1.19400 
-11.73984 1.19500 
-11.73984 1.19600 
-11.73984 1.19700 
-11.73984 1.19800 
-11.73984 1.19900 
-11.73984 1.20000 
-11.73984 1.20100 
-11.73984 1.20200 
-11.73984 1.20300 
-11.73984 1.20400 
-11.73984 1.20500 
-11.73984 1.20600 
-11.73984 1.20700 
-11.73984 1.20800 
-11.73984 1.20900 
-11.73984 1.21000 
-11.73984 1.21100 
-11.73984 1.21200 
-11.73984 1.21300 
-11.73984 1.21400 
-11.73984 1.21500 
-11.73984 1.21600 
-11.73984 1.21700 
-11.73984 1.21800 
-11.73984 1.21900 
-11.73984 1.22000 
-11.73984 1.22100 
-11.73984 1.22200 
-11.73984 1.22300 
-11.73984 1.22400 
-11.73984 1.22500 
-11.73984 1.22600 
-11.73984 1.22700 
-11.73984 1.22800 
-11.73984 1.22900 
-11.73984 1.23000 
-11.73984 1.23100 
-11.73984 1.23200 
-11.73984 1.23300 
-11.73984 1.23400 
-11.73984 1.23500 
-11.73984 1.23600 
-11.73984 1.23700 
-11.73984 1.23800 
-11.73984 1.23900 
-11.73984 1.24000 
-11.73984 1.24100 
-11.73984 1.24200 
-11.73984 1.24300 
-11.73984 1.24400 
-11.73984 1.24500 
-11.73984 1.24600 
-11.73984 1.24700 
-11.73984 1.24800 
-11.73984 1.24900 
-11.73984 1.25000 
-11.73984 1.25100 
-11.73984 1.25200 
-11.73984 1.25300 
-11.73984 1.25400 
-11.73984 1.25500 
-11.73984 1.25600 
-11.73984 1.25700 
-11.73984 1.25800 
-11.73984 1.25900 
-11.73984 1.26000 
-11.73984 1.26100 
-11.73984 1.26200 
-11.73984 1.26300 
-11.73984 1.26400 
-11.73984 1.26500 
-11.73984 1.26600 
-11.73984 1.26700 
-11.73985 1.26800 
-11.73985 1.26900 
-11.73985 1.27000 
-11.73985 1.27100 
-11.73985 1.27200 
-11.73985 1.27300 
-11.73985 1.27400 
-11.73985 1.27500 
-11.73985 1.27600 
-11.73985 1.27700 
-11.73985 1.27800 
-11.73985 1.27900 
-11.73985 1.28000 
-11.73985 1.28100 
-11.73985 1.28200 
-11.73985 1.28300 
-11.73985 1.28400 
-11.73985 1.28500 
-11.73985 1.28600 
-11.73985 1.28700 
-11.73985 1.28800 
-11.73985 1.28900 
-11.73985 1.29000 
-11.73985 1.29100 
-11.73985 1.29200 
-11.73985 1.29300 
-11.73985 1.29400 
-11.73985 1.29500 
-11.73985 1.29600 
-11.73985 1.29700 
-11.73985 1.29800 
-11.73985 1.29900 
-11.73985 1.30000 
-11.73985 1.30100 
-11.73985 1.30200 
-11.73985 1.30300 
-11.73985 1.30400 
-11.73985 1.30500 
-11.73985 1.30600 
-11.73985 1.30700 
-11.73985 1.30800 
-11.73985 1.30900 
-11.73985 1.31000 
-11.73985 1.31100 
-11.73985 1.31200 
-11.73985 1.31300 
-11.73985 1.31400 
-11.73985 1.31500 
-11.73985 1.31600 
-11.73985 1.31700 
-11.73985 1.31800 
-11.73985 1.31900 
-11.73985 1.32000 
-11.73985 1.32100 
-11.73985 1.32200 
-11.73985 1.32300 
-11.73985 1.32400 
-11.73985 1.32500 
-11.73985 1.32600 
-11.73985 1.32700 
-11.73985 1.32800 
-11.73985 1.32900 
-11.73985 1.33000 
-11.73985 1.33100 
-11.73985 1.33200 
-11.73985 1.33300 
-11.73985 1.33400 
-11.73985 1.33500 
-11.73985 1.33600 
-11.73985 1.33700 
-11.73985 1.33800 
-11.73985 1.33900 
-11.73985 1.34000 
-11.73985 1.34100 
-11.73985 1.34200 
-11.73985 1.34300 
-11.73985 1.34400 
-11.73985 1.34500 
-11.73985 1.34600 
-11.73985 1.34700 
-11.73985 1.34800 
-11.73985 1.34900 
-11.73985 1.35000 
-11.73985 1.35100 
-11.73985 1.35200 
-11.73985 1.35300 
-11.73985 1.35400 
-11.73985 1.35500 
-11.73985 1.35600 
-11.73985 1.35700 
-11.73985 1.35800 
-11.73985 1.35900 
-11.73985 1.36000 
-11.73985 1.36100 
-11.73985 1.36200 
-11.73985 1.36300 
-11.73985 1.36400 
-11.73985 1.36500 
-11.73985 1.36600 
-11.73985 1.36700 
-11.73985 1.36800 
-11.73985 1.36900 
-11.73985 1.37000 
-11.73985 1.37100 
-11.73985 1.37200 
-11.73985 1.37300 
-11.73985 1.37400 
-11.73985 1.37500 
-11.73985 1.37600 
-11.73985 1.37700 
-11.73985 1.37800 
-11.73985 1.37900 
-11.73985 1.38000 
-11.73985 1.38100 
-11.73985 1.38200 
-11.73985 1.38300 
-11.73985 1.38400 
-11.73985 1.38500 
-11.73985 1.38600 
-11.73985 1.38700 
-11.73985 1.38800 
-11.73985 1.38900 
-11.73985 1.39000 
-11.73985 1.39100 
-11.73985 1.39200 
-11.73985 1.39300 
-11.73985 1.39400 
-11.73985 1.39500 
-11.73985 1.39600 
-11.73985 1.39700 
-11.73985 1.39800 
-11.73985 1.39900 
-11.73985 1.40000 
-11.73985 1.40100 
-11.73985 1.40200 
-11.73985 1.40300 
-11.73985 1.40400 
-11.73985 1.40500 
-11.73985 1.40600 
-11.73985 1.40700 
-11.73985 1.40800 
-11.73985 1.40900 
-11.73985 1.41000 
-11.73985 1.41100 
-11.73985 1.41200 
-11.73985 1.41300 
-11.73985 1.41400 
-11.73985 1.41500 
-11.73985 1.41600 
-11.73985 1.41700 
-11.73985 1.41800 
-11.73985 1.41900 
-11.73985 1.42000 
-11.73985 1.42100 
-11.73985 1.42200 
-11.73985 1.42300 
-11.73985 1.42400 
-11.73985 1.42500 
-11.73985 1.42600 
-11.73985 1.42700 
-11.73985 1.42800 
-11.73985 1.42900 
-11.73985 1.43000 
-11.73985 1.43100 
-11.73985 1.43200 
-11.73985 1.43300 
-11.73985 1.43400 
-11.73985 1.43500 
-11.73985 1.43600 
-11.73985 1.43700 
-11.73985 1.43800 
-11.73985 1.43900 
-11.73985 1.44000 
-11.73985 1.44100 
-11.73985 1.44200 
-11.73985 1.44300 
-11.73985 1.44400 
-11.73985 1.44500 
-11.73985 1.44600 
-11.73985 1.44700 
-11.73985 1.44800 
-11.73985 1.44900 
-11.73985 1.45000 
-11.73985 1.45100 
-11.73985 1.45200 
-11.73985 1.45300 
-11.73985 1.45400 
-11.73985 1.45500 
-11.73985 1.45600 
-11.73985 1.45700 
-11.73985 1.45800 
-11.73985 1.45900 
-11.73985 1.46000 
-11.73985 1.46100 
-11.73985 1.46200 
-11.73985 1.46300 
-11.73985 1.46400 
-11.73985 1.46500 
-11.73985 1.46600 
-11.73985 1.46700 
-11.73985 1.46800 
-11.73985 1.46900 
-11.73985 1.47000 
-11.73985 1.47100 
-11.73985 1.47200 
-11.73985 1.47300 
-11.73985 1.47400 
-11.73985 1.47500 
-11.73985 1.47600 
-11.73985 1.47700 
-11.73985 1.47800 
-11.73985 1.47900 
-11.73985 1.48000 
-11.73985 1.48100 
-11.73985 1.48200 
-11.73985 1.48300 
-11.73985 1.48400 
-11.73985 1.48500 
-11.73985 1.48600 
-11.73985 1.48700 
-11.73985 1.48800 
-11.73985 1.48900 
-11.73985 1.49000 
-11.73985 1.49100 
-11.73985 1.49200 
-11.73985 1.49300 
-11.73985 1.49400 
-11.73985 1.49500 
-11.73985 1.49600 
-11.73985 1.49700 
-11.73985 1.49800 
-11.73985 1.49900 
-11.73985 1.50000 
-11.73985 1.50100 
-11.73985 1.50200 
-11.73985 1.50300 
-11.73985 1.50400 
-11.73985 1.50500 
-11.73985 1.50600 
-11.73985 1.50700 
-11.73985 1.50800 
-11.73985 1.50900 
-11.73985 1.51000 
-11.73985 1.51100 
-11.73985 1.51200 
-11.73985 1.51300 
-11.73985 1.51400 
-11.73985 1.51500 
-11.73985 1.51600 
-11.73985 1.51700 
-11.73985 1.51800 
-11.73985 1.51900 
-11.73985 1.52000 
-11.73985 1.52100 
-11.73985 1.52200 
-11.73985 1.52300 
-11.73985 1.52400 
-11.73985 1.52500 
-11.73985 1.52600 
-11.73985 1.52700 
-11.73985 1.52800 
-11.73985 1.52900 
-11.73985 1.53000 
-11.73985 1.53100 
-11.73985 1.53200 
-11.73985 1.53300 
-11.73985 1.53400 
-11.73985 1.53500 
-11.73985 1.53600 
-11.73985 1.53700 
-11.73985 1.53800 
-11.73985 1.53900 
-11.73985 1.54000 
-11.73985 1.54100 
-11.73985 1.54200 
-11.73985 1.54300 
-11.73985 1.54400 
-11.73985 1.54500 
-11.73985 1.54600 
-11.73985 1.54700 
-11.73985 1.54800 
-11.73985 1.54900 
-11.73985 1.55000 
-11.73985 1.55100 
-11.73985 1.55200 
-11.73985 1.55300 
-11.73985 1.55400 
-11.73985 1.55500 
-11.73985 1.55600 
-11.73985 1.55700 
-11.73985 1.55800 
-11.73985 1.55900 
-11.73985 1.56000 
-11.73985 1.56100 
-11.73985 1.56200 
-11.73985 1.56300 
-11.73985 1.56400 
-11.73985 1.56500 
-11.73985 1.56600 
-11.73985 1.56700 
-11.73985 1.56800 
-11.73985 1.56900 
-11.73985 1.57000 
-11.73985 1.57100 
-11.73985 1.57200 
-11.73985 1.57300 
-11.73985 1.57400 
-11.73985 1.57500 
-11.73985 1.57600 
-11.73985 1.57700 
-11.73985 1.57800 
-11.73985 1.57900 
-11.73985 1.58000 
-11.73985 1.58100 
-11.73985 1.58200 
-11.73985 1.58300 
-11.73985 1.58400 
-11.73985 1.58500 
-11.73985 1.58600 
-11.73985 1.58700 
-11.73985 1.58800 
-11.73985 1.58900 
-11.73985 1.59000 
-11.73985 1.59100 
-11.73985 1.59200 
-11.73985 1.59300 
-11.73985 1.59400 
-11.73985 1.59500 
-11.73985 1.59600 
-11.73985 1.59700 
-11.73985 1.59800 
-11.73985 1.59900 
-11.73985 1.60000 
-11.73985 1.60100 
-11.73985 1.60200 
-11.73985 1.60300 
-11.73985 1.60400 
-11.73985 1.60500 
-11.73985 1.60600 
-11.73985 1.60700 
-11.73985 1.60800 
-11.73985 1.60900 
-11.73985 1.61000 
-11.73985 1.61100 
-11.73985 1.61200 
-11.73985 1.61300 
-11.73985 1.61400 
-11.73985 1.61500 
-11.73985 1.61600 
-11.73985 1.61700 
-11.73985 1.61800 
-11.73985 1.61900 
-11.73985 1.62000 
-11.73985 1.62100 
-11.73985 1.62200 
-11.73985 1.62300 
-11.73985 1.62400 
-11.73985 1.62500 
-11.73985 1.62600 
-11.73985 1.62700 
-11.73985 1.62800 
-11.73985 1.62900 
-11.73985 1.63000 
-11.73985 1.63100 
-11.73985 1.63200 
-11.73985 1.63300 
-11.73985 1.63400 
-11.73985 1.63500 
-11.73985 1.63600 
-11.73985 1.63700 
-11.73985 1.63800 
-11.73985 1.63900 
-11.73985 1.64000 
-11.73985 1.64100 
-11.73985 1.64200 
-11.73985 1.64300 
-11.73985 1.64400 
-11.73985 1.64500 
-11.73985 1.64600 
-11.73985 1.64700 
-11.73985 1.64800 
-11.73985 1.64900 
-11.73985 1.65000 
-11.73985 1.65100 
-11.73985 1.65200 
-11.73985 1.65300 
-11.73985 1.65400 
-11.73985 1.65500 
-11.73985 1.65600 
-11.73985 1.65700 
-11.73985 1.65800 
-11.73985 1.65900 
-11.73985 1.66000 
-11.73985 1.66100 
-11.73985 1.66200 
-11.73985 1.66300 
-11.73985 1.66400 
-11.73985 1.66500 
-11.73985 1.66600 
-11.73985 1.66700 
-11.73985 1.66800 
-11.73985 1.66900 
-11.73985 1.67000 
-11.73985 1.67100 
-11.73985 1.67200 
-11.73985 1.67300 
-11.73985 1.67400 
-11.73985 1.67500 
-11.73985 1.67600 
-11.73985 1.67700 
-11.73985 1.67800 
-11.73985 1.67900 
-11.73985 1.68000 
-11.73985 1.68100 
-11.73985 1.68200 
-11.73985 1.68300 
-11.73985 1.68400 
-11.73985 1.68500 
-11.73985 1.68600 
-11.73985 1.68700 
-11.73985 1.68800 
-11.73985 1.68900 
-11.73985 1.69000 
-11.73985 1.69100 
-11.73985 1.69200 
-11.73985 1.69300 
-11.73985 1.69400 
-11.73985 1.69500 
-11.73985 1.69600 
-11.73985 1.69700 
-11.73985 1.69800 
-11.73985 1.69900 
-11.73985 1.70000 
-11.73985 1.70100 
-11.73985 1.70200 
-11.73985 1.70300 
-11.73985 1.70400 
-11.73985 1.70500 
-11.73985 1.70600 
-11.73985 1.70700 
-11.73985 1.70800 
-11.73985 1.70900 
-11.73985 1.71000 
-11.73985 1.71100 
-11.73985 1.71200 
-11.73985 1.71300 
-11.73985 1.71400 
-11.73985 1.71500 
-11.73985 1.71600 
-11.73985 1.71700 
-11.73985 1.71800 
-11.73985 1.71900 
-11.73985 1.72000 
-11.73985 1.72100 
-11.73985 1.72200 
-11.73985 1.72300 
-11.73985 1.72400 
-11.73985 1.72500 
-11.73985 1.72600 
-11.73985 1.72700 
-11.73985 1.72800 
-11.73985 1.72900 
-11.73985 1.73000 
-11.73985 1.73100 
-11.73985 1.73200 
-11.73985 1.73300 
-11.73985 1.73400 
-11.73985 1.73500 
-11.73985 1.73600 
-11.73985 1.73700 
-11.73985 1.73800 
-11.73985 1.73900 
-11.73985 1.74000 
-11.73985 1.74100 
-11.73985 1.74200 
-11.73985 1.74300 
-11.73985 1.74400 
-11.73985 1.74500 
-11.73985 1.74600 
-11.73985 1.74700 
-11.73985 1.74800 
-11.73985 1.74900 
-11.73985 1.75000 
-11.73985 1.75100 
-11.73985 1.75200 
-11.73985 1.75300 
-11.73985 1.75400 
-11.73985 1.75500 
-11.73985 1.75600 
-11.73985 1.75700 
-11.73985 1.75800 
-11.73985 1.75900 
-11.73985 1.76000 
-11.73985 1.76100 
-11.73985 1.76200 
-11.73985 1.76300 
-11.73985 1.76400 
-11.73985 1.76500 
-11.73985 1.76600 
-11.73985 1.76700 
-11.73985 1.76800 
-11.73985 1.76900 
-11.73985 1.77000 
-11.73985 1.77100 
-11.73985 1.77200 
-11.73985 1.77300 
-11.73985 1.77400 
-11.73985 1.77500 
-11.73985 1.77600 
-11.73985 1.77700 
-11.73985 1.77800 
-11.73985 1.77900 
-11.73985 1.78000 
-11.73985 1.78100 
-11.73985 1.78200 
-11.73985 1.78300 
-11.73985 1.78400 
-11.73985 1.78500 
-11.73985 1.78600 
-11.73985 1.78700 
-11.73985 1.78800 
-11.73985 1.78900 
-11.73985 1.79000 
-11.73985 1.79100 
-11.73985 1.79200 
-11.73985 1.79300 
-11.73985 1.79400 
-11.73985 1.79500 
-11.73985 1.79600 
-11.73985 1.79700 
-11.73985 1.79800 
-11.73985 1.79900 
-11.73985 1.80000 
-11.73985 1.80100 
-11.73985 1.80200 
-11.73985 1.80300 
-11.73985 1.80400 
-11.73985 1.80500 
-11.73985 1.80600 
-11.73985 1.80700 
-11.73985 1.80800 
-11.73985 1.80900 
-11.73985 1.81000 
-11.73985 1.81100 
-11.73985 1.81200 
-11.73985 1.81300 
-11.73985 1.81400 
-11.73985 1.81500 
-11.73985 1.81600 
-11.73985 1.81700 
-11.73985 1.81800 
-11.73985 1.81900 
-11.73985 1.82000 
-11.73985 1.82100 
-11.73985 1.82200 
-11.73985 1.82300 
-11.73985 1.82400 
-11.73985 1.82500 
-11.73985 1.82600 
-11.73985 1.82700 
-11.73985 1.82800 
-11.73985 1.82900 
-11.73985 1.83000 
-11.73985 1.83100 
-11.73985 1.83200 
-11.73985 1.83300 
-11.73985 1.83400 
-11.73985 1.83500 
-11.73985 1.83600 
-11.73985 1.83700 
-11.73985 1.83800 
-11.73985 1.83900 
-11.73985 1.84000 
-11.73985 1.84100 
-11.73985 1.84200 
-11.73985 1.84300 
-11.73985 1.84400 
-11.73985 1.84500 
-11.73985 1.84600 
-11.73985 1.84700 
-11.73985 1.84800 
-11.73985 1.84900 
-11.73985 1.85000 
-11.73985 1.85100 
-11.73985 1.85200 
-11.73985 1.85300 
-11.73985 1.85400 
-11.73985 1.85500 
-11.73985 1.85600 
-11.73985 1.85700 
-11.73985 1.85800 
-11.73985 1.85900 
-11.73985 1.86000 
-11.73985 1.86100 
-11.73985 1.86200 
-11.73985 1.86300 
-11.73985 1.86400 
-11.73985 1.86500 
-11.73985 1.86600 
-11.73985 1.86700 
-11.73985 1.86800 
-11.73985 1.86900 
-11.73985 1.87000 
-11.73985 1.87100 
-11.73985 1.87200 
-11.73985 1.87300 
-11.73985 1.87400 
-11.73985 1.87500 
-11.73985 1.87600 
-11.73985 1.87700 
-11.73985 1.87800 
-11.73985 1.87900 
-11.73985 1.88000 
-11.73985 1.88100 
-11.73985 1.88200 
-11.73985 1.88300 
-11.73985 1.88400 
-11.73985 1.88500 
-11.73985 1.88600 
-11.73985 1.88700 
-11.73985 1.88800 
-11.73985 1.88900 
-11.73985 1.89000 
-11.73985 1.89100 
-11.73985 1.89200 
-11.73985 1.89300 
-11.73985 1.89400 
-11.73985 1.89500 
-11.73985 1.89600 
-11.73985 1.89700 
-11.73985 1.89800 
-11.73985 1.89900 
-11.73985 1.90000 
-11.73985 1.90100 
-11.73985 1.90200 
-11.73985 1.90300 
-11.73985 1.90400 
-11.73985 1.90500 
-11.73985 1.90600 
-11.73985 1.90700 
-11.73985 1.90800 
-11.73985 1.90900 
-11.73985 1.91000 
-11.73985 1.91100 
-11.73985 1.91200 
-11.73985 1.91300 
-11.73985 1.91400 
-11.73985 1.91500 
-11.73985 1.91600 
-11.73985 1.91700 
-11.73985 1.91800 
-11.73985 1.91900 
-11.73985 1.92000 
-11.73985 1.92100 
-11.73985 1.92200 
-11.73985 1.92300 
-11.73985 1.92400 
-11.73985 1.92500 
-11.73985 1.92600 
-11.73985 1.92700 
-11.73985 1.92800 
-11.73985 1.92900 
-11.73985 1.93000 
-11.73985 1.93100 
-11.73985 1.93200 
-11.73985 1.93300 
-11.73985 1.93400 
-11.73985 1.93500 
-11.73985 1.93600 
-11.73985 1.93700 
-11.73985 1.93800 
-11.73985 1.93900 
-11.73985 1.94000 
-11.73985 1.94100 
-11.73985 1.94200 
-11.73985 1.94300 
-11.73985 1.94400 
-11.73985 1.94500 
-11.73985 1.94600 
-11.73985 1.94700 
-11.73985 1.94800 
-11.73985 1.94900 
-11.73985 1.95000 
-11.73985 1.95100 
-11.73985 1.95200 
-11.73985 1.95300 
-11.73985 1.95400 
-11.73985 1.95500 
-11.73985 1.95600 
-11.73985 1.95700 
-11.73985 1.95800 
-11.73985 1.95900 
-11.73985 1.96000 
-11.73985 1.96100 
-11.73985 1.96200 
-11.73985 1.96300 
-11.73985 1.96400 
-11.73985 1.96500 
-11.73985 1.96600 
-11.73985 1.96700 
-11.73985 1.96800 
-11.73985 1.96900 
-11.73985 1.97000 
-11.73985 1.97100 
-11.73985 1.97200 
-11.73985 1.97300 
-11.73985 1.97400 
-11.73985 1.97500 
-11.73985 1.97600 
-11.73985 1.97700 
-11.73985 1.97800 
-11.73985 1.97900 
-11.73985 1.98000 
-11.73985 1.98100 
-11.73985 1.98200 
-11.73985 1.98300 
-11.73985 1.98400 
-11.73985 1.98500 
-11.73985 1.98600 
-11.73985 1.98700 
-11.73985 1.98800 
-11.73985 1.98900 
-11.73985 1.99000 
-11.73985 1.99100 
-11.73985 1.99200 
-11.73985 1.99300 
-11.73985 1.99400 
-11.73985 1.99500 
-11.73985 1.99600 
-11.73985 1.99700 
-11.73985 1.99800 
-11.73985 1.99900 
-11.73985 2.00000 
-11.73985 2.00100 
-11.73985 2.00200 
-11.73985 2.00300 
-11.73985 2.00400 
-11.73985 2.00500 
-11.73985 2.00600 
-11.73985 2.00700 
-11.73985 2.00800 
-11.73985 2.00900 
-11.73985 2.01000 
-11.73985 2.01100 
-11.73985 2.01200 
-11.73985 2.01300 
-11.73985 2.01400 
-11.73985 2.01500 
-11.73985 2.01600 
-11.73985 2.01700 
-11.73985 2.01800 
-11.73985 2.01900 
-11.73985 2.02000 
-11.73985 2.02100 
-11.73985 2.02200 
-11.73985 2.02300 
-11.73985 2.02400 
-11.73985 2.02500 
-11.73985 2.02600 
-11.73985 2.02700 
-11.73985 2.02800 
-11.73985 2.02900 
-11.73985 2.03000 
-11.73985 2.03100 
-11.73985 2.03200 
-11.73985 2.03300 
-11.73985 2.03400 
-11.73985 2.03500 
-11.73985 2.03600 
-11.73985 2.03700 
-11.73985 2.03800 
-11.73985 2.03900 
-11.73985 2.04000 
-11.73985 2.04100 
-11.73985 2.04200 
-11.73985 2.04300 
-11.73985 2.04400 
-11.73985 2.04500 
-11.73985 2.04600 
-11.73985 2.04700 
-11.73985 2.04800 
-11.73985 2.04900 
-11.73985 2.05000 
-11.73985 2.05100 
-11.73985 2.05200 
-11.73985 2.05300 
-11.73985 2.05400 
-11.73985 2.05500 
-11.73985 2.05600 
-11.73985 2.05700 
-11.73985 2.05800 
-11.73985 2.05900 
-11.73985 2.06000 
-11.73985 2.06100 
-11.73985 2.06200 
-11.73985 2.06300 
-11.73985 2.06400 
-11.73985 2.06500 
-11.73985 2.06600 
-11.73985 2.06700 
-11.73985 2.06800 
-11.73985 2.06900 
-11.73985 2.07000 
-11.73985 2.07100 
-11.73985 2.07200 
-11.73985 2.07300 
-11.73985 2.07400 
-11.73985 2.07500 
-11.73985 2.07600 
-11.73985 2.07700 
-11.73985 2.07800 
-11.73985 2.07900 
-11.73985 2.08000 
-11.73985 2.08100 
-11.73985 2.08200 
-11.73985 2.08300 
-11.73985 2.08400 
-11.73985 2.08500 
-11.73985 2.08600 
-11.73985 2.08700 
-11.73985 2.08800 
-11.73985 2.08900 
-11.73985 2.09000 
-11.73985 2.09100 
-11.73985 2.09200 
-11.73985 2.09300 
-11.73985 2.09400 
-11.73985 2.09500 
-11.73985 2.09600 
-11.73985 2.09700 
-11.73985 2.09800 
-11.73985 2.09900 
-11.73985 2.10000 
-11.73985 2.10100 
-11.73985 2.10200 
-11.73985 2.10300 
-11.73985 2.10400 
-11.73985 2.10500 
-11.73985 2.10600 
-11.73985 2.10700 
-11.73985 2.10800 
-11.73985 2.10900 
-11.73985 2.11000 
-11.73985 2.11100 
-11.73985 2.11200 
-11.73985 2.11300 
-11.73985 2.11400 
-11.73985 2.11500 
-11.73985 2.11600 
-11.73985 2.11700 
-11.73985 2.11800 
-11.73985 2.11900 
-11.73985 2.12000 
-11.73985 2.12100 
-11.73985 2.12200 
-11.73985 2.12300 
-11.73985 2.12400 
-11.73985 2.12500 
-11.73985 2.12600 
-11.73985 2.12700 
-11.73985 2.12800 
-11.73985 2.12900 
-11.73985 2.13000 
-11.73985 2.13100 
-11.73985 2.13200 
-11.73985 2.13300 
-11.73985 2.13400 
-11.73985 2.13500 
-11.73985 2.13600 
-11.73985 2.13700 
-11.73985 2.13800 
-11.73985 2.13900 
-11.73985 2.14000 
-11.73985 2.14100 
-11.73985 2.14200 
-11.73985 2.14300 
-11.73985 2.14400 
-11.73985 2.14500 
-11.73985 2.14600 
-11.73985 2.14700 
-11.73985 2.14800 
-11.73985 2.14900 
-11.73985 2.15000 
-11.73985 2.15100 
-11.73985 2.15200 
-11.73985 2.15300 
-11.73985 2.15400 
-11.73985 2.15500 
-11.73985 2.15600 
-11.73985 2.15700 
-11.73985 2.15800 
-11.73985 2.15900 
-11.73985 2.16000 
-11.73985 2.16100 
-11.73985 2.16200 
-11.73985 2.16300 
-11.73985 2.16400 
-11.73985 2.16500 
-11.73985 2.16600 
-11.73985 2.16700 
-11.73985 2.16800 
-11.73985 2.16900 
-11.73985 2.17000 
-11.73985 2.17100 
-11.73985 2.17200 
-11.73985 2.17300 
-11.73985 2.17400 
-11.73985 2.17500 
-11.73985 2.17600 
-11.73985 2.17700 
-11.73985 2.17800 
-11.73985 2.17900 
-11.73985 2.18000 
-11.73985 2.18100 
-11.73985 2.18200 
-11.73985 2.18300 
-11.73985 2.18400 
-11.73985 2.18500 
-11.73985 2.18600 
-11.73985 2.18700 
-11.73985 2.18800 
-11.73985 2.18900 
-11.73985 2.19000 
-11.73985 2.19100 
-11.73985 2.19200 
-11.73985 2.19300 
-11.73985 2.19400 
-11.73985 2.19500 
-11.73985 2.19600 
-11.73985 2.19700 
-11.73985 2.19800 
-11.73985 2.19900 
-11.73985 2.20000 
-11.73985 2.20100 
-11.73985 2.20200 
-11.73985 2.20300 
-11.73985 2.20400 
-11.73985 2.20500 
-11.73985 2.20600 
-11.73985 2.20700 
-11.73985 2.20800 
-11.73985 2.20900 
-11.73985 2.21000 
-11.73985 2.21100 
-11.73985 2.21200 
-11.73985 2.21300 
-11.73985 2.21400 
-11.73985 2.21500 
-11.73985 2.21600 
-11.73985 2.21700 
-11.73985 2.21800 
-11.73985 2.21900 
-11.73985 2.22000 
-11.73985 2.22100 
-11.73985 2.22200 
-11.73985 2.22300 
-11.73985 2.22400 
-11.73985 2.22500 
-11.73985 2.22600 
-11.73985 2.22700 
-11.73985 2.22800 
-11.73985 2.22900 
-11.73985 2.23000 
-11.73985 2.23100 
-11.73985 2.23200 
-11.73985 2.23300 
-11.73985 2.23400 
-11.73985 2.23500 
-11.73985 2.23600 
-11.73985 2.23700 
-11.73985 2.23800 
-11.73985 2.23900 
-11.73985 2.24000 
-11.73985 2.24100 
-11.73985 2.24200 
-11.73985 2.24300 
-11.73985 2.24400 
-11.73985 2.24500 
-11.73985 2.24600 
-11.73985 2.24700 
-11.73985 2.24800 
-11.73985 2.24900 
-11.73985 2.25000 
-11.73985 2.25100 
-11.73985 2.25200 
-11.73985 2.25300 
-11.73985 2.25400 
-11.73985 2.25500 
-11.73985 2.25600 
-11.73985 2.25700 
-11.73985 2.25800 
-11.73985 2.25900 
-11.73985 2.26000 
-11.73985 2.26100 
-11.73985 2.26200 
-11.73985 2.26300 
-11.73985 2.26400 
-11.73985 2.26500 
-11.73985 2.26600 
-11.73985 2.26700 
-11.73985 2.26800 
-11.73985 2.26900 
-11.73985 2.27000 
-11.73985 2.27100 
-11.73985 2.27200 
-11.73985 2.27300 
-11.73985 2.27400 
-11.73985 2.27500 
-11.73985 2.27600 
-11.73985 2.27700 
-11.73985 2.27800 
-11.73985 2.27900 
-11.73985 2.28000 
-11.73985 2.28100 
-11.73985 2.28200 
-11.73985 2.28300 
-11.73985 2.28400 
-11.73985 2.28500 
-11.73985 2.28600 
-11.73985 2.28700 
-11.73985 2.28800 
-11.73985 2.28900 
-11.73985 2.29000 
-11.73985 2.29100 
-11.73985 2.29200 
-11.73985 2.29300 
-11.73985 2.29400 
-11.73985 2.29500 
-11.73985 2.29600 
-11.73985 2.29700 
-11.73985 2.29800 
-11.73985 2.29900 
-11.73985 2.30000 
-11.73985 2.30100 
-11.73985 2.30200 
-11.73985 2.30300 
-11.73985 2.30400 
-11.73985 2.30500 
-11.73985 2.30600 
-11.73985 2.30700 
-11.73985 2.30800 
-11.73985 2.30900 
-11.73985 2.31000 
-11.73985 2.31100 
-11.73985 2.31200 
-11.73985 2.31300 
-11.73985 2.31400 
-11.73985 2.31500 
-11.73985 2.31600 
-11.73985 2.31700 
-11.73985 2.31800 
-11.73985 2.31900 
-11.73985 2.32000 
-11.73985 2.32100 
-11.73985 2.32200 
-11.73985 2.32300 
-11.73985 2.32400 
-11.73985 2.32500 
-11.73985 2.32600 
-11.73985 2.32700 
-11.73985 2.32800 
-11.73985 2.32900 
-11.73985 2.33000 
-11.73985 2.33100 
-11.73985 2.33200 
-11.73985 2.33300 
-11.73985 2.33400 
-11.73985 2.33500 
-11.73985 2.33600 
-11.73985 2.33700 
-11.73985 2.33800 
-11.73985 2.33900 
-11.73985 2.34000 
-11.73985 2.34100 
-11.73985 2.34200 
-11.73985 2.34300 
-11.73985 2.34400 
-11.73985 2.34500 
-11.73985 2.34600 
-11.73985 2.34700 
-11.73985 2.34800 
-11.73985 2.34900 
-11.73985 2.35000 
-11.73985 2.35100 
-11.73985 2.35200 
-11.73985 2.35300 
-11.73985 2.35400 
-11.73985 2.35500 
-11.73985 2.35600 
-11.73985 2.35700 
-11.73985 2.35800 
-11.73985 2.35900 
-11.73985 2.36000 
-11.73985 2.36100 
-11.73985 2.36200 
-11.73985 2.36300 
-11.73985 2.36400 
-11.73985 2.36500 
-11.73985 2.36600 
-11.73985 2.36700 
-11.73985 2.36800 
-11.73985 2.36900 
-11.73985 2.37000 
-11.73985 2.37100 
-11.73985 2.37200 
-11.73985 2.37300 
-11.73985 2.37400 
-11.73985 2.37500 
-11.73985 2.37600 
-11.73985 2.37700 
-11.73985 2.37800 
-11.73985 2.37900 
-11.73985 2.38000 
-11.73985 2.38100 
-11.73985 2.38200 
-11.73985 2.38300 
-11.73985 2.38400 
-11.73985 2.38500 
-11.73985 2.38600 
-11.73985 2.38700 
-11.73985 2.38800 
-11.73985 2.38900 
-11.73985 2.39000 
-11.73985 2.39100 
-11.73985 2.39200 
-11.73985 2.39300 
-11.73985 2.39400 
-11.73985 2.39500 
-11.73985 2.39600 
-11.73985 2.39700 
-11.73985 2.39800 
-11.73985 2.39900 
-11.73985 2.40000 
-11.73985 2.40100 
-11.73985 2.40200 
-11.73985 2.40300 
-11.73985 2.40400 
-11.73985 2.40500 
-11.73985 2.40600 
-11.73985 2.40700 
-11.73985 2.40800 
-11.73985 2.40900 
-11.73985 2.41000 
-11.73985 2.41100 
-11.73985 2.41200 
-11.73985 2.41300 
-11.73985 2.41400 
-11.73985 2.41500 
-11.73985 2.41600 
-11.73985 2.41700 
-11.73985 2.41800 
-11.73985 2.41900 
-11.73985 2.42000 
-11.73985 2.42100 
-11.73985 2.42200 
-11.73985 2.42300 
-11.73985 2.42400 
-11.73985 2.42500 
-11.73985 2.42600 
-11.73985 2.42700 
-11.73985 2.42800 
-11.73985 2.42900 
-11.73985 2.43000 
-11.73985 2.43100 
-11.73985 2.43200 
-11.73985 2.43300 
-11.73985 2.43400 
-11.73985 2.43500 
-11.73985 2.43600 
-11.73985 2.43700 
-11.73985 2.43800 
-11.73985 2.43900 
-11.73985 2.44000 
-11.73985 2.44100 
-11.73985 2.44200 
-11.73985 2.44300 
-11.73985 2.44400 
-11.73985 2.44500 
-11.73985 2.44600 
-11.73985 2.44700 
-11.73985 2.44800 
-11.73985 2.44900 
-11.73985 2.45000 
-11.73985 2.45100 
-11.73985 2.45200 
-11.73985 2.45300 
-11.73985 2.45400 
-11.73985 2.45500 
-11.73985 2.45600 
-11.73985 2.45700 
-11.73985 2.45800 
-11.73985 2.45900 
-11.73985 2.46000 
-11.73985 2.46100 
-11.73985 2.46200 
-11.73985 2.46300 
-11.73985 2.46400 
-11.73985 2.46500 
-11.73985 2.46600 
-11.73985 2.46700 
-11.73985 2.46800 
-11.73985 2.46900 
-11.73985 2.47000 
-11.73985 2.47100 
-11.73985 2.47200 
-11.73985 2.47300 
-11.73985 2.47400 
-11.73985 2.47500 
-11.73985 2.47600 
-11.73985 2.47700 
-11.73985 2.47800 
-11.73985 2.47900 
-11.73985 2.48000 
-11.73985 2.48100 
-11.73985 2.48200 
-11.73985 2.48300 
-11.73985 2.48400 
-11.73985 2.48500 
-11.73985 2.48600 
-11.73985 2.48700 
-11.73985 2.48800 
-11.73985 2.48900 
-11.73985 2.49000 
-11.73985 2.49100 
-11.73985 2.49200 
-11.73985 2.49300 
-11.73985 2.49400 
-11.73985 2.49500 
-11.73985 2.49600 
-11.73985 2.49700 
-11.73985 2.49800 
-11.73985 2.49900 
-11.73985 2.50000 
-11.73985 2.50100 
-11.73985 2.50200 
-11.73985 2.50300 
-11.73985 2.50400 
-11.73985 2.50500 
-11.73985 2.50600 
-11.73985 2.50700 
-11.73985 2.50800 
-11.73985 2.50900 
-11.73985 2.51000 
-11.73985 2.51100 
-11.73985 2.51200 
-11.73985 2.51300 
-11.73985 2.51400 
-11.73985 2.51500 
-11.73985 2.51600 
-11.73985 2.51700 
-11.73985 2.51800 
-11.73985 2.51900 
-11.73985 2.52000 
-11.73985 2.52100 
-11.73985 2.52200 
-11.73985 2.52300 
-11.73985 2.52400 
-11.73985 2.52500 
-11.73985 2.52600 
-11.73985 2.52700 
-11.73985 2.52800 
-11.73985 2.52900 
-11.73985 2.53000 
-11.73985 2.53100 
-11.73985 2.53200 
-11.73985 2.53300 
-11.73985 2.53400 
-11.73985 2.53500 
-11.73985 2.53600 
-11.73985 2.53700 
-11.73985 2.53800 
-11.73985 2.53900 
-11.73985 2.54000 
-11.73985 2.54100 
-11.73985 2.54200 
-11.73985 2.54300 
-11.73985 2.54400 
-11.73985 2.54500 
-11.73985 2.54600 
-11.73985 2.54700 
-11.73985 2.54800 
-11.73985 2.54900 
-11.73985 2.55000 
-11.73985 2.55100 
-11.73985 2.55200 
-11.73985 2.55300 
-11.73985 2.55400 
-11.73985 2.55500 
-11.73985 2.55600 
-11.73985 2.55700 
-11.73985 2.55800 
-11.73985 2.55900 
-11.73985 2.56000 
-11.73985 2.56100 
-11.73985 2.56200 
-11.73985 2.56300 
-11.73985 2.56400 
-11.73985 2.56500 
-11.73985 2.56600 
-11.73985 2.56700 
-11.73985 2.56800 
-11.73985 2.56900 
-11.73985 2.57000 
-11.73985 2.57100 
-11.73985 2.57200 
-11.73985 2.57300 
-11.73985 2.57400 
-11.73985 2.57500 
-11.73985 2.57600 
-11.73985 2.57700 
-11.73985 2.57800 
-11.73985 2.57900 
-11.73985 2.58000 
-11.73985 2.58100 
-11.73985 2.58200 
-11.73985 2.58300 
-11.73985 2.58400 
-11.73985 2.58500 
-11.73985 2.58600 
-11.73985 2.58700 
-11.73985 2.58800 
-11.73985 2.58900 
-11.73985 2.59000 
-11.73985 2.59100 
-11.73985 2.59200 
-11.73985 2.59300 
-11.73985 2.59400 
-11.73985 2.59500 
-11.73985 2.59600 
-11.73985 2.59700 
-11.73985 2.59800 
-11.73985 2.59900 
-11.73985 2.60000 
-11.73985 2.60100 
-11.73985 2.60200 
-11.73985 2.60300 
-11.73985 2.60400 
-11.73985 2.60500 
-11.73985 2.60600 
-11.73985 2.60700 
-11.73985 2.60800 
-11.73985 2.60900 
-11.73985 2.61000 
-11.73985 2.61100 
-11.73985 2.61200 
-11.73985 2.61300 
-11.73985 2.61400 
-11.73985 2.61500 
-11.73985 2.61600 
-11.73985 2.61700 
-11.73985 2.61800 
-11.73985 2.61900 
-11.73985 2.62000 
-11.73985 2.62100 
-11.73985 2.62200 
-11.73985 2.62300 
-11.73985 2.62400 
-11.73985 2.62500 
-11.73985 2.62600 
-11.73985 2.62700 
-11.73985 2.62800 
-11.73985 2.62900 
-11.73985 2.63000 
-11.73985 2.63100 
-11.73985 2.63200 
-11.73985 2.63300 
-11.73985 2.63400 
-11.73985 2.63500 
-11.73985 2.63600 
-11.73985 2.63700 
-11.73985 2.63800 
-11.73985 2.63900 
-11.73985 2.64000 
-11.73985 2.64100 
-11.73985 2.64200 
-11.73985 2.64300 
-11.73985 2.64400 
-11.73985 2.64500 
-11.73985 2.64600 
-11.73985 2.64700 
-11.73985 2.64800 
-11.73985 2.64900 
-11.73985 2.65000 
-11.73985 2.65100 
-11.73985 2.65200 
-11.73985 2.65300 
-11.73985 2.65400 
-11.73985 2.65500 
-11.73985 2.65600 
-11.73985 2.65700 
-11.73985 2.65800 
-11.73985 2.65900 
-11.73985 2.66000 
-11.73985 2.66100 
-11.73985 2.66200 
-11.73985 2.66300 
-11.73985 2.66400 
-11.73985 2.66500 
-11.73985 2.66600 
-11.73985 2.66700 
-11.73985 2.66800 
-11.73985 2.66900 
-11.73985 2.67000 
-11.73985 2.67100 
-11.73985 2.67200 
-11.73985 2.67300 
-11.73985 2.67400 
-11.73985 2.67500 
-11.73985 2.67600 
-11.73985 2.67700 
-11.73985 2.67800 
-11.73985 2.67900 
-11.73985 2.68000 
-11.73985 2.68100 
-11.73985 2.68200 
-11.73985 2.68300 
-11.73985 2.68400 
-11.73985 2.68500 
-11.73985 2.68600 
-11.73985 2.68700 
-11.73985 2.68800 
-11.73985 2.68900 
-11.73985 2.69000 
-11.73985 2.69100 
-11.73985 2.69200 
-11.73985 2.69300 
-11.73985 2.69400 
-11.73985 2.69500 
-11.73985 2.69600 
-11.73985 2.69700 
-11.73985 2.69800 
-11.73985 2.69900 
-11.73985 2.70000 
-11.73985 2.70100 
-11.73985 2.70200 
-11.73985 2.70300 
-11.73985 2.70400 
-11.73985 2.70500 
-11.73985 2.70600 
-11.73985 2.70700 
-11.73985 2.70800 
-11.73985 2.70900 
-11.73985 2.71000 
-11.73985 2.71100 
-11.73985 2.71200 
-11.73985 2.71300 
-11.73985 2.71400 
-11.73985 2.71500 
-11.73985 2.71600 
-11.73985 2.71700 
-11.73985 2.71800 
-11.73985 2.71900 
-11.73985 2.72000 
-11.73985 2.72100 
-11.73985 2.72200 
-11.73985 2.72300 
-11.73985 2.72400 
-11.73985 2.72500 
-11.73985 2.72600 
-11.73985 2.72700 
-11.73985 2.72800 
-11.73985 2.72900 
-11.73985 2.73000 
-11.73985 2.73100 
-11.73985 2.73200 
-11.73985 2.73300 
-11.73985 2.73400 
-11.73985 2.73500 
-11.73985 2.73600 
-11.73985 2.73700 
-11.73985 2.73800 
-11.73985 2.73900 
-11.73985 2.74000 
-11.73985 2.74100 
-11.73985 2.74200 
-11.73985 2.74300 
-11.73985 2.74400 
-11.73985 2.74500 
-11.73985 2.74600 
-11.73985 2.74700 
-11.73985 2.74800 
-11.73985 2.74900 
-11.73985 2.75000 
-11.73985 2.75100 
-11.73985 2.75200 
-11.73985 2.75300 
-11.73985 2.75400 
-11.73985 2.75500 
-11.73985 2.75600 
-11.73985 2.75700 
-11.73985 2.75800 
-11.73985 2.75900 
-11.73985 2.76000 
-11.73985 2.76100 
-11.73985 2.76200 
-11.73985 2.76300 
-11.73985 2.76400 
-11.73985 2.76500 
-11.73985 2.76600 
-11.73985 2.76700 
-11.73985 2.76800 
-11.73985 2.76900 
-11.73985 2.77000 
-11.73985 2.77100 
-11.73985 2.77200 
-11.73985 2.77300 
-11.73985 2.77400 
-11.73985 2.77500 
-11.73985 2.77600 
-11.73985 2.77700 
-11.73985 2.77800 
-11.73985 2.77900 
-11.73985 2.78000 
-11.73985 2.78100 
-11.73985 2.78200 
-11.73985 2.78300 
-11.73985 2.78400 
-11.73985 2.78500 
-11.73985 2.78600 
-11.73985 2.78700 
-11.73985 2.78800 
-11.73985 2.78900 
-11.73985 2.79000 
-11.73985 2.79100 
-11.73985 2.79200 
-11.73985 2.79300 
-11.73985 2.79400 
-11.73985 2.79500 
-11.73985 2.79600 
-11.73985 2.79700 
-11.73985 2.79800 
-11.73985 2.79900 
-11.73985 2.80000 
-11.73985 2.80100 
-11.73985 2.80200 
-11.73985 2.80300 
-11.73985 2.80400 
-11.73985 2.80500 
-11.73985 2.80600 
-11.73985 2.80700 
-11.73985 2.80800 
-11.73985 2.80900 
-11.73985 2.81000 
-11.73985 2.81100 
-11.73985 2.81200 
-11.73985 2.81300 
-11.73985 2.81400 
-11.73985 2.81500 
-11.73985 2.81600 
-11.73985 2.81700 
-11.73985 2.81800 
-11.73985 2.81900 
-11.73985 2.82000 
-11.73985 2.82100 
-11.73985 2.82200 
-11.73985 2.82300 
-11.73985 2.82400 
-11.73985 2.82500 
-11.73985 2.82600 
-11.73985 2.82700 
-11.73985 2.82800 
-11.73985 2.82900 
-11.73985 2.83000 
-11.73985 2.83100 
-11.73985 2.83200 
-11.73985 2.83300 
-11.73985 2.83400 
-11.73985 2.83500 
-11.73985 2.83600 
-11.73985 2.83700 
-11.73985 2.83800 
-11.73985 2.83900 
-11.73985 2.84000 
-11.73985 2.84100 
-11.73985 2.84200 
-11.73985 2.84300 
-11.73985 2.84400 
-11.73985 2.84500 
-11.73985 2.84600 
-11.73985 2.84700 
-11.73985 2.84800 
-11.73985 2.84900 
-11.73985 2.85000 
-11.73985 2.85100 
-11.73985 2.85200 
-11.73985 2.85300 
-11.73985 2.85400 
-11.73985 2.85500 
-11.73985 2.85600 
-11.73985 2.85700 
-11.73985 2.85800 
-11.73985 2.85900 
-11.73985 2.86000 
-11.73985 2.86100 
-11.73985 2.86200 
-11.73985 2.86300 
-11.73985 2.86400 
-11.73985 2.86500 
-11.73985 2.86600 
-11.73985 2.86700 
-11.73985 2.86800 
-11.73985 2.86900 
-11.73985 2.87000 
-11.73985 2.87100 
-11.73985 2.87200 
-11.73985 2.87300 
-11.73985 2.87400 
-11.73985 2.87500 
-11.73985 2.87600 
-11.73985 2.87700 
-11.73985 2.87800 
-11.73985 2.87900 
-11.73985 2.88000 
-11.73985 2.88100 
-11.73985 2.88200 
-11.73985 2.88300 
-11.73985 2.88400 
-11.73985 2.88500 
-11.73985 2.88600 
-11.73985 2.88700 
-11.73985 2.88800 
-11.73985 2.88900 
-11.73985 2.89000 
-11.73985 2.89100 
-11.73985 2.89200 
-11.73985 2.89300 
-11.73985 2.89400 
-11.73985 2.89500 
-11.73985 2.89600 
-11.73985 2.89700 
-11.73985 2.89800 
-11.73985 2.89900 
-11.73985 2.90000 
-11.73985 2.90100 
-11.73985 2.90200 
-11.73985 2.90300 
-11.73985 2.90400 
-11.73985 2.90500 
-11.73985 2.90600 
-11.73985 2.90700 
-11.73985 2.90800 
-11.73985 2.90900 
-11.73985 2.91000 
-11.73985 2.91100 
-11.73985 2.91200 
-11.73985 2.91300 
-11.73985 2.91400 
-11.73985 2.91500 
-11.73985 2.91600 
-11.73985 2.91700 
-11.73985 2.91800 
-11.73985 2.91900 
-11.73985 2.92000 
-11.73985 2.92100 
-11.73985 2.92200 
-11.73985 2.92300 
-11.73985 2.92400 
-11.73985 2.92500 
-11.73985 2.92600 
-11.73985 2.92700 
-11.73985 2.92800 
-11.73985 2.92900 
-11.73985 2.93000 
-11.73985 2.93100 
-11.73985 2.93200 
-11.73985 2.93300 
-11.73985 2.93400 
-11.73985 2.93500 
-11.73985 2.93600 
-11.73985 2.93700 
-11.73985 2.93800 
-11.73985 2.93900 
-11.73985 2.94000 
-11.73985 2.94100 
-11.73985 2.94200 
-11.73985 2.94300 
-11.73985 2.94400 
-11.73985 2.94500 
-11.73985 2.94600 
-11.73985 2.94700 
-11.73985 2.94800 
-11.73985 2.94900 
-11.73985 2.95000 
-11.73985 2.95100 
-11.73985 2.95200 
-11.73985 2.95300 
-11.73985 2.95400 
-11.73985 2.95500 
-11.73985 2.95600 
-11.73985 2.95700 
-11.73985 2.95800 
-11.73985 2.95900 
-11.73985 2.96000 
-11.73985 2.96100 
-11.73985 2.96200 
-11.73985 2.96300 
-11.73985 2.96400 
-11.73985 2.96500 
-11.73985 2.96600 
-11.73985 2.96700 
-11.73985 2.96800 
-11.73985 2.96900 
-11.73985 2.97000 
-11.73985 2.97100 
-11.73985 2.97200 
-11.73985 2.97300 
-11.73985 2.97400 
-11.73985 2.97500 
-11.73985 2.97600 
-11.73985 2.97700 
-11.73985 2.97800 
-11.73985 2.97900 
-11.73985 2.98000 
-11.73985 2.98100 
-11.73985 2.98200 
-11.73985 2.98300 
-11.73985 2.98400 
-11.73985 2.98500 
-11.73985 2.98600 
-11.73985 2.98700 
-11.73985 2.98800 
-11.73985 2.98900 
-11.73985 2.99000 
-11.73985 2.99100 
-11.73985 2.99200 
-11.73985 2.99300 
-11.73985 2.99400 
-11.73985 2.99500 
-11.73985 2.99600 
-11.73985 2.99700 
-11.73985 2.99800 
-11.73985 2.99900 
-11.73985 3.00000 
-11.73985 3.00100 
-11.73985 3.00200 
-11.73985 3.00300 
-11.73985 3.00400 
-11.73985 3.00500 
-11.73985 3.00600 
-11.73985 3.00700 
-11.73985 3.00800 
-11.73985 3.00900 
-11.73985 3.01000 
-11.73985 3.01100 
-11.73985 3.01200 
-11.73985 3.01300 
-11.73985 3.01400 
-11.73985 3.01500 
-11.73985 3.01600 
-11.73985 3.01700 
-11.73985 3.01800 
-11.73985 3.01900 
-11.73985 3.02000 
-11.73985 3.02100 
-11.73985 3.02200 
-11.73985 3.02300 
-11.73985 3.02400 
-11.73985 3.02500 
-11.73985 3.02600 
-11.73985 3.02700 
-11.73985 3.02800 
-11.73985 3.02900 
-11.73985 3.03000 
-11.73985 3.03100 
-11.73985 3.03200 
-11.73985 3.03300 
-11.73985 3.03400 
-11.73985 3.03500 
-11.73985 3.03600 
-11.73985 3.03700 
-11.73985 3.03800 
-11.73985 3.03900 
-11.73985 3.04000 
-11.73985 3.04100 
-11.73985 3.04200 
-11.73985 3.04300 
-11.73985 3.04400 
-11.73985 3.04500 
-11.73985 3.04600 
-11.73985 3.04700 
-11.73985 3.04800 
-11.73985 3.04900 
-11.73985 3.05000 
-11.73985 3.05100 
-11.73985 3.05200 
-11.73985 3.05300 
-11.73985 3.05400 
-11.73985 3.05500 
-11.73985 3.05600 
-11.73985 3.05700 
-11.73985 3.05800 
-11.73985 3.05900 
-11.73985 3.06000 
-11.73985 3.06100 
-11.73985 3.06200 
-11.73985 3.06300 
-11.73985 3.06400 
-11.73985 3.06500 
-11.73985 3.06600 
-11.73985 3.06700 
-11.73985 3.06800 
-11.73985 3.06900 
-11.73985 3.07000 
-11.73985 3.07100 
-11.73985 3.07200 
-11.73985 3.07300 
-11.73985 3.07400 
-11.73985 3.07500 
-11.73985 3.07600 
-11.73985 3.07700 
-11.73985 3.07800 
-11.73985 3.07900 
-11.73985 3.08000 
-11.73985 3.08100 
-11.73985 3.08200 
-11.73985 3.08300 
-11.73985 3.08400 
-11.73985 3.08500 
-11.73985 3.08600 
-11.73985 3.08700 
-11.73985 3.08800 
-11.73985 3.08900 
-11.73985 3.09000 
-11.73985 3.09100 
-11.73985 3.09200 
-11.73985 3.09300 
-11.73985 3.09400 
-11.73985 3.09500 
-11.73985 3.09600 
-11.73985 3.09700 
-11.73985 3.09800 
-11.73985 3.09900 
-11.73985 3.10000 
-11.73985 3.10100 
-11.73985 3.10200 
-11.73985 3.10300 
-11.73985 3.10400 
-11.73985 3.10500 
-11.73985 3.10600 
-11.73985 3.10700 
-11.73985 3.10800 
-11.73985 3.10900 
-11.73985 3.11000 
-11.73985 3.11100 
-11.73985 3.11200 
-11.73985 3.11300 
-11.73985 3.11400 
-11.73985 3.11500 
-11.73985 3.11600 
-11.73985 3.11700 
-11.73985 3.11800 
-11.73985 3.11900 
-11.73985 3.12000 
-11.73985 3.12100 
-11.73985 3.12200 
-11.73985 3.12300 
-11.73985 3.12400 
-11.73985 3.12500 
-11.73985 3.12600 
-11.73985 3.12700 
-11.73985 3.12800 
-11.73985 3.12900 
-11.73985 3.13000 
-11.73985 3.13100 
-11.73985 3.13200 
-11.73985 3.13300 
-11.73985 3.13400 
-11.73985 3.13500 
-11.73985 3.13600 
-11.73985 3.13700 
-11.73985 3.13800 
-11.73985 3.13900 
-11.73985 3.14000 
-11.73985 3.14100 
-11.73985 3.14200 
-11.73985 3.14300 
-11.73985 3.14400 
-11.73985 3.14500 
-11.73985 3.14600 
-11.73985 3.14700 
-11.73985 3.14800 
-11.73985 3.14900 
-11.73985 3.15000 
-11.73985 3.15100 
-11.73985 3.15200 
-11.73985 3.15300 
-11.73985 3.15400 
-11.73985 3.15500 
-11.73985 3.15600 
-11.73985 3.15700 
-11.73985 3.15800 
-11.73985 3.15900 
-11.73985 3.16000 
-11.73985 3.16100 
-11.73985 3.16200 
-11.73985 3.16300 
-11.73985 3.16400 
-11.73985 3.16500 
-11.73985 3.16600 
-11.73985 3.16700 
-11.73985 3.16800 
-11.73985 3.16900 
-11.73985 3.17000 
-11.73985 3.17100 
-11.73985 3.17200 
-11.73985 3.17300 
-11.73985 3.17400 
-11.73985 3.17500 
-11.73985 3.17600 
-11.73985 3.17700 
-11.73985 3.17800 
-11.73985 3.17900 
-11.73985 3.18000 
-11.73985 3.18100 
-11.73985 3.18200 
-11.73985 3.18300 
-11.73985 3.18400 
-11.73985 3.18500 
-11.73985 3.18600 
-11.73985 3.18700 
-11.73985 3.18800 
-11.73985 3.18900 
-11.73985 3.19000 
-11.73985 3.19100 
-11.73985 3.19200 
-11.73985 3.19300 
-11.73985 3.19400 
-11.73985 3.19500 
-11.73985 3.19600 
-11.73985 3.19700 
-11.73985 3.19800 
-11.73985 3.19900 
-11.73985 3.20000 
-11.73985 3.20100 
-11.73985 3.20200 
-11.73985 3.20300 
-11.73985 3.20400 
-11.73985 3.20500 
-11.73985 3.20600 
-11.73985 3.20700 
-11.73985 3.20800 
-11.73985 3.20900 
-11.73985 3.21000 
-11.73985 3.21100 
-11.73985 3.21200 
-11.73985 3.21300 
-11.73985 3.21400 
-11.73985 3.21500 
-11.73985 3.21600 
-11.73985 3.21700 
-11.73985 3.21800 
-11.73985 3.21900 
-11.73985 3.22000 
-11.73985 3.22100 
-11.73985 3.22200 
-11.73985 3.22300 
-11.73985 3.22400 
-11.73985 3.22500 
-11.73985 3.22600 
-11.73985 3.22700 
-11.73985 3.22800 
-11.73985 3.22900 
-11.73985 3.23000 
-11.73985 3.23100 
-11.73985 3.23200 
-11.73985 3.23300 
-11.73985 3.23400 
-11.73985 3.23500 
-11.73985 3.23600 
-11.73985 3.23700 
-11.73985 3.23800 
-11.73985 3.23900 
-11.73985 3.24000 
-11.73985 3.24100 
-11.73985 3.24200 
-11.73985 3.24300 
-11.73985 3.24400 
-11.73985 3.24500 
-11.73985 3.24600 
-11.73985 3.24700 
-11.73985 3.24800 
-11.73985 3.24900 
-11.73985 3.25000 
-11.73985 3.25100 
-11.73985 3.25200 
-11.73985 3.25300 
-11.73985 3.25400 
-11.73985 3.25500 
-11.73985 3.25600 
-11.73985 3.25700 
-11.73985 3.25800 
-11.73985 3.25900 
-11.73985 3.26000 
-11.73985 3.26100 
-11.73985 3.26200 
-11.73985 3.26300 
-11.73985 3.26400 
-11.73985 3.26500 
-11.73985 3.26600 
-11.73985 3.26700 
-11.73985 3.26800 
-11.73985 3.26900 
-11.73985 3.27000 
-11.73985 3.27100 
-11.73985 3.27200 
-11.73985 3.27300 
-11.73985 3.27400 
-11.73985 3.27500 
-11.73985 3.27600 
-11.73985 3.27700 
-11.73985 3.27800 
-11.73985 3.27900 
-11.73985 3.28000 
-11.73985 3.28100 
-11.73985 3.28200 
-11.73985 3.28300 
-11.73985 3.28400 
-11.73985 3.28500 
-11.73985 3.28600 
-11.73985 3.28700 
-11.73985 3.28800 
-11.73985 3.28900 
-11.73985 3.29000 
-11.73985 3.29100 
-11.73985 3.29200 
-11.73985 3.29300 
-11.73985 3.29400 
-11.73985 3.29500 
-11.73985 3.29600 
-11.73985 3.29700 
-11.73985 3.29800 
-11.73985 3.29900 
-11.73985 3.30000 
-11.73985 3.30100 
-11.73985 3.30200 
-11.73985 3.30300 
-11.73985 3.30400 
-11.73985 3.30500 
-11.73985 3.30600 
-11.73985 3.30700 
-11.73985 3.30800 
-11.73985 3.30900 
-11.73985 3.31000 
-11.73985 3.31100 
-11.73985 3.31200 
-11.73985 3.31300 
-11.73985 3.31400 
-11.73985 3.31500 
-11.73985 3.31600 
-11.73985 3.31700 
-11.73985 3.31800 
-11.73985 3.31900 
-11.73985 3.32000 
-11.73985 3.32100 
-11.73985 3.32200 
-11.73985 3.32300 
-11.73985 3.32400 
-11.73985 3.32500 
-11.73985 3.32600 
-11.73985 3.32700 
-11.73985 3.32800 
-11.73985 3.32900 
-11.73985 3.33000 
-11.73985 3.33100 
-11.73985 3.33200 
-11.73985 3.33300 
-11.73985 3.33400 
-11.73985 3.33500 
-11.73985 3.33600 
-11.73985 3.33700 
-11.73985 3.33800 
-11.73985 3.33900 
-11.73985 3.34000 
-11.73985 3.34100 
-11.73985 3.34200 
-11.73985 3.34300 
-11.73985 3.34400 
-11.73985 3.34500 
-11.73985 3.34600 
-11.73985 3.34700 
-11.73985 3.34800 
-11.73985 3.34900 
-11.73985 3.35000 
-11.73985 3.35100 
-11.73985 3.35200 
-11.73985 3.35300 
-11.73985 3.35400 
-11.73985 3.35500 
-11.73985 3.35600 
-11.73985 3.35700 
-11.73985 3.35800 
-11.73985 3.35900 
-11.73985 3.36000 
-11.73985 3.36100 
-11.73985 3.36200 
-11.73985 3.36300 
-11.73985 3.36400 
-11.73985 3.36500 
-11.73985 3.36600 
-11.73985 3.36700 
-11.73985 3.36800 
-11.73985 3.36900 
-11.73985 3.37000 
-11.73985 3.37100 
-11.73985 3.37200 
-11.73985 3.37300 
-11.73985 3.37400 
-11.73985 3.37500 
-11.73985 3.37600 
-11.73985 3.37700 
-11.73985 3.37800 
-11.73985 3.37900 
-11.73985 3.38000 
-11.73985 3.38100 
-11.73985 3.38200 
-11.73985 3.38300 
-11.73985 3.38400 
-11.73985 3.38500 
-11.73985 3.38600 
-11.73985 3.38700 
-11.73985 3.38800 
-11.73985 3.38900 
-11.73985 3.39000 
-11.73985 3.39100 
-11.73985 3.39200 
-11.73985 3.39300 
-11.73985 3.39400 
-11.73985 3.39500 
-11.73985 3.39600 
-11.73985 3.39700 
-11.73985 3.39800 
-11.73985 3.39900 
-11.73985 3.40000 
-11.73985 3.40100 
-11.73985 3.40200 
-11.73985 3.40300 
-11.73985 3.40400 
-11.73985 3.40500 
-11.73985 3.40600 
-11.73985 3.40700 
-11.73985 3.40800 
-11.73985 3.40900 
-11.73985 3.41000 
-11.73985 3.41100 
-11.73985 3.41200 
-11.73985 3.41300 
-11.73985 3.41400 
-11.73985 3.41500 
-11.73985 3.41600 
-11.73985 3.41700 
-11.73985 3.41800 
-11.73985 3.41900 
-11.73985 3.42000 
-11.73985 3.42100 
-11.73985 3.42200 
-11.73985 3.42300 
-11.73985 3.42400 
-11.73985 3.42500 
-11.73985 3.42600 
-11.73985 3.42700 
-11.73985 3.42800 
-11.73985 3.42900 
-11.73985 3.43000 
-11.73985 3.43100 
-11.73985 3.43200 
-11.73985 3.43300 
-11.73985 3.43400 
-11.73985 3.43500 
-11.73985 3.43600 
-11.73985 3.43700 
-11.73985 3.43800 
-11.73985 3.43900 
-11.73985 3.44000 
-11.73985 3.44100 
-11.73985 3.44200 
-11.73985 3.44300 
-11.73985 3.44400 
-11.73985 3.44500 
-11.73985 3.44600 
-11.73985 3.44700 
-11.73985 3.44800 
-11.73985 3.44900 
-11.73985 3.45000 
-11.73985 3.45100 
-11.73985 3.45200 
-11.73985 3.45300 
-11.73985 3.45400 
-11.73985 3.45500 
-11.73985 3.45600 
-11.73985 3.45700 
-11.73985 3.45800 
-11.73985 3.45900 
-11.73985 3.46000 
-11.73985 3.46100 
-11.73985 3.46200 
-11.73985 3.46300 
-11.73985 3.46400 
-11.73985 3.46500 
-11.73985 3.46600 
-11.73985 3.46700 
-11.73985 3.46800 
-11.73985 3.46900 
-11.73985 3.47000 
-11.73985 3.47100 
-11.73985 3.47200 
-11.73985 3.47300 
-11.73985 3.47400 
-11.73985 3.47500 
-11.73985 3.47600 
-11.73985 3.47700 
-11.73985 3.47800 
-11.73985 3.47900 
-11.73985 3.48000 
-11.73985 3.48100 
-11.73985 3.48200 
-11.73985 3.48300 
-11.73985 3.48400 
-11.73985 3.48500 
-11.73985 3.48600 
-11.73985 3.48700 
-11.73985 3.48800 
-11.73985 3.48900 
-11.73985 3.49000 
-11.73985 3.49100 
-11.73985 3.49200 
-11.73985 3.49300 
-11.73985 3.49400 
-11.73985 3.49500 
-11.73985 3.49600 
-11.73985 3.49700 
-11.73985 3.49800 
-11.73985 3.49900 
-11.73985 3.50000 
-11.73985 3.50100 
-11.73985 3.50200 
-11.73985 3.50300 
-11.73985 3.50400 
-11.73985 3.50500 
-11.73985 3.50600 
-11.73985 3.50700 
-11.73985 3.50800 
-11.73985 3.50900 
-11.73985 3.51000 
-11.73985 3.51100 
-11.73985 3.51200 
-11.73985 3.51300 
-11.73985 3.51400 
-11.73985 3.51500 
-11.73985 3.51600 
-11.73985 3.51700 
-11.73985 3.51800 
-11.73985 3.51900 
-11.73985 3.52000 
-11.73985 3.52100 
-11.73985 3.52200 
-11.73985 3.52300 
-11.73985 3.52400 
-11.73985 3.52500 
-11.73985 3.52600 
-11.73985 3.52700 
-11.73985 3.52800 
-11.73985 3.52900 
-11.73985 3.53000 
-11.73985 3.53100 
-11.73985 3.53200 
-11.73985 3.53300 
-11.73985 3.53400 
-11.73985 3.53500 
-11.73985 3.53600 
-11.73985 3.53700 
-11.73985 3.53800 
-11.73985 3.53900 
-11.73985 3.54000 
-11.73985 3.54100 
-11.73985 3.54200 
-11.73985 3.54300 
-11.73985 3.54400 
-11.73985 3.54500 
-11.73985 3.54600 
-11.73985 3.54700 
-11.73985 3.54800 
-11.73985 3.54900 
-11.73985 3.55000 
-11.73985 3.55100 
-11.73985 3.55200 
-11.73985 3.55300 
-11.73985 3.55400 
-11.73985 3.55500 
-11.73985 3.55600 
-11.73985 3.55700 
-11.73985 3.55800 
-11.73985 3.55900 
-11.73985 3.56000 
-11.73985 3.56100 
-11.73985 3.56200 
-11.73985 3.56300 
-11.73985 3.56400 
-11.73985 3.56500 
-11.73985 3.56600 
-11.73985 3.56700 
-11.73985 3.56800 
-11.73985 3.56900 
-11.73985 3.57000 
-11.73985 3.57100 
-11.73985 3.57200 
-11.73985 3.57300 
-11.73985 3.57400 
-11.73985 3.57500 
-11.73985 3.57600 
-11.73985 3.57700 
-11.73985 3.57800 
-11.73985 3.57900 
-11.73985 3.58000 
-11.73985 3.58100 
-11.73985 3.58200 
-11.73985 3.58300 
-11.73985 3.58400 
-11.73985 3.58500 
-11.73985 3.58600 
-11.73985 3.58700 
-11.73985 3.58800 
-11.73985 3.58900 
-11.73985 3.59000 
-11.73985 3.59100 
-11.73985 3.59200 
-11.73985 3.59300 
-11.73985 3.59400 
-11.73985 3.59500 
-11.73985 3.59600 
-11.73985 3.59700 
-11.73985 3.59800 
-11.73985 3.59900 
-11.73985 3.60000 
-11.73985 3.60100 
-11.73985 3.60200 
-11.73985 3.60300 
-11.73985 3.60400 
-11.73985 3.60500 
-11.73985 3.60600 
-11.73985 3.60700 
-11.73985 3.60800 
-11.73985 3.60900 
-11.73985 3.61000 
-11.73985 3.61100 
-11.73985 3.61200 
-11.73985 3.61300 
-11.73985 3.61400 
-11.73985 3.61500 
-11.73985 3.61600 
-11.73985 3.61700 
-11.73985 3.61800 
-11.73985 3.61900 
-11.73985 3.62000 
-11.73985 3.62100 
-11.73985 3.62200 
-11.73985 3.62300 
-11.73985 3.62400 
-11.73985 3.62500 
-11.73985 3.62600 
-11.73985 3.62700 
-11.73985 3.62800 
-11.73985 3.62900 
-11.73985 3.63000 
-11.73985 3.63100 
-11.73985 3.63200 
-11.73985 3.63300 
-11.73985 3.63400 
-11.73985 3.63500 
-11.73985 3.63600 
-11.73985 3.63700 
-11.73985 3.63800 
-11.73985 3.63900 
-11.73985 3.64000 
-11.73985 3.64100 
-11.73985 3.64200 
-11.73985 3.64300 
-11.73985 3.64400 
-11.73985 3.64500 
-11.73985 3.64600 
-11.73985 3.64700 
-11.73985 3.64800 
-11.73985 3.64900 
-11.73985 3.65000 
-11.73985 3.65100 
-11.73985 3.65200 
-11.73985 3.65300 
-11.73985 3.65400 
-11.73985 3.65500 
-11.73985 3.65600 
-11.73985 3.65700 
-11.73985 3.65800 
-11.73985 3.65900 
-11.73985 3.66000 
-11.73985 3.66100 
-11.73985 3.66200 
-11.73985 3.66300 
-11.73985 3.66400 
-11.73985 3.66500 
-11.73985 3.66600 
-11.73985 3.66700 
-11.73985 3.66800 
-11.73985 3.66900 
-11.73985 3.67000 
-11.73985 3.67100 
-11.73985 3.67200 
-11.73985 3.67300 
-11.73985 3.67400 
-11.73985 3.67500 
-11.73985 3.67600 
-11.73985 3.67700 
-11.73985 3.67800 
-11.73985 3.67900 
-11.73985 3.68000 
-11.73985 3.68100 
-11.73985 3.68200 
-11.73985 3.68300 
-11.73985 3.68400 
-11.73985 3.68500 
-11.73985 3.68600 
-11.73985 3.68700 
-11.73985 3.68800 
-11.73985 3.68900 
-11.73985 3.69000 
-11.73985 3.69100 
-11.73985 3.69200 
-11.73985 3.69300 
-11.73985 3.69400 
-11.73985 3.69500 
-11.73985 3.69600 
-11.73985 3.69700 
-11.73985 3.69800 
-11.73985 3.69900 
-11.73985 3.70000 
-11.73985 3.70100 
-11.73985 3.70200 
-11.73985 3.70300 
-11.73985 3.70400 
-11.73985 3.70500 
-11.73985 3.70600 
-11.73985 3.70700 
-11.73985 3.70800 
-11.73985 3.70900 
-11.73985 3.71000 
-11.73985 3.71100 
-11.73985 3.71200 
-11.73985 3.71300 
-11.73985 3.71400 
-11.73985 3.71500 
-11.73985 3.71600 
-11.73985 3.71700 
-11.73985 3.71800 
-11.73985 3.71900 
-11.73985 3.72000 
-11.73985 3.72100 
-11.73985 3.72200 
-11.73985 3.72300 
-11.73985 3.72400 
-11.73985 3.72500 
-11.73985 3.72600 
-11.73985 3.72700 
-11.73985 3.72800 
-11.73985 3.72900 
-11.73985 3.73000 
-11.73985 3.73100 
-11.73985 3.73200 
-11.73985 3.73300 
-11.73985 3.73400 
-11.73985 3.73500 
-11.73985 3.73600 
-11.73985 3.73700 
-11.73985 3.73800 
-11.73985 3.73900 
-11.73985 3.74000 
-11.73985 3.74100 
-11.73985 3.74200 
-11.73985 3.74300 
-11.73985 3.74400 
-11.73985 3.74500 
-11.73985 3.74600 
-11.73985 3.74700 
-11.73985 3.74800 
-11.73985 3.74900 
-11.73985 3.75000 
-11.73985 3.75100 
-11.73985 3.75200 
-11.73985 3.75300 
-11.73985 3.75400 
-11.73985 3.75500 
-11.73985 3.75600 
-11.73985 3.75700 
-11.73985 3.75800 
-11.73985 3.75900 
-11.73985 3.76000 
-11.73985 3.76100 
-11.73985 3.76200 
-11.73985 3.76300 
-11.73985 3.76400 
-11.73985 3.76500 
-11.73985 3.76600 
-11.73985 3.76700 
-11.73985 3.76800 
-11.73985 3.76900 
-11.73985 3.77000 
-11.73985 3.77100 
-11.73985 3.77200 
-11.73985 3.77300 
-11.73985 3.77400 
-11.73985 3.77500 
-11.73985 3.77600 
-11.73985 3.77700 
-11.73985 3.77800 
-11.73985 3.77900 
-11.73985 3.78000 
-11.73985 3.78100 
-11.73985 3.78200 
-11.73985 3.78300 
-11.73985 3.78400 
-11.73985 3.78500 
-11.73985 3.78600 
-11.73985 3.78700 
-11.73985 3.78800 
-11.73985 3.78900 
-11.73985 3.79000 
-11.73985 3.79100 
-11.73985 3.79200 
-11.73985 3.79300 
-11.73985 3.79400 
-11.73985 3.79500 
-11.73985 3.79600 
-11.73985 3.79700 
-11.73985 3.79800 
-11.73985 3.79900 
-11.73985 3.80000 
-11.73985 3.80100 
-11.73985 3.80200 
-11.73985 3.80300 
-11.73985 3.80400 
-11.73985 3.80500 
-11.73985 3.80600 
-11.73985 3.80700 
-11.73985 3.80800 
-11.73985 3.80900 
-11.73985 3.81000 
-11.73985 3.81100 
-11.73985 3.81200 
-11.73985 3.81300 
-11.73985 3.81400 
-11.73985 3.81500 
-11.73985 3.81600 
-11.73985 3.81700 
-11.73985 3.81800 
-11.73985 3.81900 
-11.73985 3.82000 
-11.73985 3.82100 
-11.73985 3.82200 
-11.73985 3.82300 
-11.73985 3.82400 
-11.73985 3.82500 
-11.73985 3.82600 
-11.73985 3.82700 
-11.73985 3.82800 
-11.73985 3.82900 
-11.73985 3.83000 
-11.73985 3.83100 
-11.73985 3.83200 
-11.73985 3.83300 
-11.73985 3.83400 
-11.73985 3.83500 
-11.73985 3.83600 
-11.73985 3.83700 
-11.73985 3.83800 
-11.73985 3.83900 
-11.73985 3.84000 
-11.73985 3.84100 
-11.73985 3.84200 
-11.73985 3.84300 
-11.73985 3.84400 
-11.73985 3.84500 
-11.73985 3.84600 
-11.73985 3.84700 
-11.73985 3.84800 
-11.73985 3.84900 
-11.73985 3.85000 
-11.73985 3.85100 
-11.73985 3.85200 
-11.73985 3.85300 
-11.73985 3.85400 
-11.73985 3.85500 
-11.73985 3.85600 
-11.73985 3.85700 
-11.73985 3.85800 
-11.73985 3.85900 
-11.73985 3.86000 
-11.73985 3.86100 
-11.73985 3.86200 
-11.73985 3.86300 
-11.73985 3.86400 
-11.73985 3.86500 
-11.73985 3.86600 
-11.73985 3.86700 
-11.73985 3.86800 
-11.73985 3.86900 
-11.73985 3.87000 
-11.73985 3.87100 
-11.73985 3.87200 
-11.73985 3.87300 
-11.73985 3.87400 
-11.73985 3.87500 
-11.73985 3.87600 
-11.73985 3.87700 
-11.73985 3.87800 
-11.73985 3.87900 
-11.73985 3.88000 
-11.73985 3.88100 
-11.73985 3.88200 
-11.73985 3.88300 
-11.73985 3.88400 
-11.73985 3.88500 
-11.73985 3.88600 
-11.73985 3.88700 
-11.73985 3.88800 
-11.73985 3.88900 
-11.73985 3.89000 
-11.73985 3.89100 
-11.73985 3.89200 
-11.73985 3.89300 
-11.73985 3.89400 
-11.73985 3.89500 
-11.73985 3.89600 
-11.73985 3.89700 
-11.73985 3.89800 
-11.73985 3.89900 
-11.73985 3.90000 
-11.73985 3.90100 
-11.73985 3.90200 
-11.73985 3.90300 
-11.73985 3.90400 
-11.73985 3.90500 
-11.73985 3.90600 
-11.73985 3.90700 
-11.73985 3.90800 
-11.73985 3.90900 
-11.73985 3.91000 
-11.73985 3.91100 
-11.73985 3.91200 
-11.73985 3.91300 
-11.73985 3.91400 
-11.73985 3.91500 
-11.73985 3.91600 
-11.73985 3.91700 
-11.73985 3.91800 
-11.73985 3.91900 
-11.73985 3.92000 
-11.73985 3.92100 
-11.73985 3.92200 
-11.73985 3.92300 
-11.73985 3.92400 
-11.73985 3.92500 
-11.73985 3.92600 
-11.73985 3.92700 
-11.73985 3.92800 
-11.73985 3.92900 
-11.73985 3.93000 
-11.73985 3.93100 
-11.73985 3.93200 
-11.73985 3.93300 
-11.73985 3.93400 
-11.73985 3.93500 
-11.73985 3.93600 
-11.73985 3.93700 
-11.73985 3.93800 
-11.73985 3.93900 
-11.73985 3.94000 
-11.73985 3.94100 
-11.73985 3.94200 
-11.73985 3.94300 
-11.73985 3.94400 
-11.73985 3.94500 
-11.73985 3.94600 
-11.73985 3.94700 
-11.73985 3.94800 
-11.73985 3.94900 
-11.73985 3.95000 
-11.73985 3.95100 
-11.73985 3.95200 
-11.73985 3.95300 
-11.73985 3.95400 
-11.73985 3.95500 
-11.73985 3.95600 
-11.73985 3.95700 
-11.73985 3.95800 
-11.73985 3.95900 
-11.73985 3.96000 
-11.73985 3.96100 
-11.73985 3.96200 
-11.73985 3.96300 
-11.73985 3.96400 
-11.73985 3.96500 
-11.73985 3.96600 
-11.73985 3.96700 
-11.73985 3.96800 
-11.73985 3.96900 
-11.73985 3.97000 
-11.73985 3.97100 
-11.73985 3.97200 
-11.73985 3.97300 
-11.73985 3.97400 
-11.73985 3.97500 
-11.73985 3.97600 
-11.73985 3.97700 
-11.73985 3.97800 
-11.73985 3.97900 
-11.73985 3.98000 
-11.73985 3.98100 
-11.73985 3.98200 
-11.73985 3.98300 
-11.73985 3.98400 
-11.73985 3.98500 
-11.73985 3.98600 
-11.73985 3.98700 
-11.73985 3.98800 
-11.73985 3.98900 
-11.73985 3.99000 
-11.73985 3.99100 
-11.73985 3.99200 
-11.73985 3.99300 
-11.73985 3.99400 
-11.73985 3.99500 
-11.73985 3.99600 
-11.73985 3.99700 
-11.73985 3.99800 
-11.73985 3.99900 
-11.73985 4.00000 
-11.73985 4.00100 
-11.73985 4.00200 
-11.73985 4.00300 
-11.73985 4.00400 
-11.73985 4.00500 
-11.73985 4.00600 
-11.73985 4.00700 
-11.73985 4.00800 
-11.73985 4.00900 
-11.73985 4.01000 
-11.73985 4.01100 
-11.73985 4.01200 
-11.73985 4.01300 
-11.73985 4.01400 
-11.73985 4.01500 
-11.73985 4.01600 
-11.73985 4.01700 
-11.73985 4.01800 
-11.73985 4.01900 
-11.73985 4.02000 
-11.73985 4.02100 
-11.73985 4.02200 
-11.73985 4.02300 
-11.73985 4.02400 
-11.73985 4.02500 
-11.73985 4.02600 
-11.73985 4.02700 
-11.73985 4.02800 
-11.73985 4.02900 
-11.73985 4.03000 
-11.73985 4.03100 
-11.73985 4.03200 
-11.73985 4.03300 
-11.73985 4.03400 
-11.73985 4.03500 
-11.73985 4.03600 
-11.73985 4.03700 
-11.73985 4.03800 
-11.73985 4.03900 
-11.73985 4.04000 
-11.73985 4.04100 
-11.73985 4.04200 
-11.73985 4.04300 
-11.73985 4.04400 
-11.73985 4.04500 
-11.73985 4.04600 
-11.73985 4.04700 
-11.73985 4.04800 
-11.73985 4.04900 
-11.73985 4.05000 
-11.73985 4.05100 
-11.73985 4.05200 
-11.73985 4.05300 
-11.73985 4.05400 
-11.73985 4.05500 
-11.73985 4.05600 
-11.73985 4.05700 
-11.73985 4.05800 
-11.73985 4.05900 
-11.73985 4.06000 
-11.73985 4.06100 
-11.73985 4.06200 
-11.73985 4.06300 
-11.73985 4.06400 
-11.73985 4.06500 
-11.73985 4.06600 
-11.73985 4.06700 
-11.73985 4.06800 
-11.73985 4.06900 
-11.73985 4.07000 
-11.73985 4.07100 
-11.73985 4.07200 
-11.73985 4.07300 
-11.73985 4.07400 
-11.73985 4.07500 
-11.73985 4.07600 
-11.73985 4.07700 
-11.73985 4.07800 
-11.73985 4.07900 
-11.73985 4.08000 
-11.73985 4.08100 
-11.73985 4.08200 
-11.73985 4.08300 
-11.73985 4.08400 
-11.73985 4.08500 
-11.73985 4.08600 
-11.73985 4.08700 
-11.73985 4.08800 
-11.73985 4.08900 
-11.73985 4.09000 
-11.73985 4.09100 
-11.73985 4.09200 
-11.73985 4.09300 
-11.73985 4.09400 
-11.73985 4.09500 
-11.73985 4.09600 
-11.73985 4.09700 
-11.73985 4.09800 
-11.73985 4.09900 
-11.73985 4.10000 
-11.73985 4.10100 
-11.73985 4.10200 
-11.73985 4.10300 
-11.73985 4.10400 
-11.73985 4.10500 
-11.73985 4.10600 
-11.73985 4.10700 
-11.73985 4.10800 
-11.73985 4.10900 
-11.73985 4.11000 
-11.73985 4.11100 
-11.73985 4.11200 
-11.73985 4.11300 
-11.73985 4.11400 
-11.73985 4.11500 
-11.73985 4.11600 
-11.73985 4.11700 
-11.73985 4.11800 
-11.73985 4.11900 
-11.73985 4.12000 
-11.73985 4.12100 
-11.73985 4.12200 
-11.73985 4.12300 
-11.73985 4.12400 
-11.73985 4.12500 
-11.73985 4.12600 
-11.73985 4.12700 
-11.73985 4.12800 
-11.73985 4.12900 
-11.73985 4.13000 
-11.73985 4.13100 
-11.73985 4.13200 
-11.73985 4.13300 
-11.73985 4.13400 
-11.73985 4.13500 
-11.73985 4.13600 
-11.73985 4.13700 
-11.73985 4.13800 
-11.73985 4.13900 
-11.73985 4.14000 
-11.73985 4.14100 
-11.73985 4.14200 
-11.73985 4.14300 
-11.73985 4.14400 
-11.73985 4.14500 
-11.73985 4.14600 
-11.73985 4.14700 
-11.73985 4.14800 
-11.73985 4.14900 
-11.73985 4.15000 
-11.73985 4.15100 
-11.73985 4.15200 
-11.73985 4.15300 
-11.73985 4.15400 
-11.73985 4.15500 
-11.73985 4.15600 
-11.73985 4.15700 
-11.73985 4.15800 
-11.73985 4.15900 
-11.73985 4.16000 
-11.73985 4.16100 
-11.73985 4.16200 
-11.73985 4.16300 
-11.73985 4.16400 
-11.73985 4.16500 
-11.73985 4.16600 
-11.73985 4.16700 
-11.73985 4.16800 
-11.73985 4.16900 
-11.73985 4.17000 
-11.73985 4.17100 
-11.73985 4.17200 
-11.73985 4.17300 
-11.73985 4.17400 
-11.73985 4.17500 
-11.73985 4.17600 
-11.73985 4.17700 
-11.73985 4.17800 
-11.73985 4.17900 
-11.73985 4.18000 
-11.73985 4.18100 
-11.73985 4.18200 
-11.73985 4.18300 
-11.73985 4.18400 
-11.73985 4.18500 
-11.73985 4.18600 
-11.73985 4.18700 
-11.73985 4.18800 
-11.73985 4.18900 
-11.73985 4.19000 
-11.73985 4.19100 
-11.73985 4.19200 
-11.73985 4.19300 
-11.73985 4.19400 
-11.73985 4.19500 
-11.73985 4.19600 
-11.73985 4.19700 
-11.73985 4.19800 
-11.73985 4.19900 
-11.73985 4.20000 
-11.73985 4.20100 
-11.73985 4.20200 
-11.73985 4.20300 
-11.73985 4.20400 
-11.73985 4.20500 
-11.73985 4.20600 
-11.73985 4.20700 
-11.73985 4.20800 
-11.73985 4.20900 
-11.73985 4.21000 
-11.73985 4.21100 
-11.73985 4.21200 
-11.73985 4.21300 
-11.73985 4.21400 
-11.73985 4.21500 
-11.73985 4.21600 
-11.73985 4.21700 
-11.73985 4.21800 
-11.73985 4.21900 
-11.73985 4.22000 
-11.73985 4.22100 
-11.73985 4.22200 
-11.73985 4.22300 
-11.73985 4.22400 
-11.73985 4.22500 
-11.73985 4.22600 
-11.73985 4.22700 
-11.73985 4.22800 
-11.73985 4.22900 
-11.73985 4.23000 
-11.73985 4.23100 
-11.73985 4.23200 
-11.73985 4.23300 
-11.73985 4.23400 
-11.73985 4.23500 
-11.73985 4.23600 
-11.73985 4.23700 
-11.73985 4.23800 
-11.73985 4.23900 
-11.73985 4.24000 
-11.73985 4.24100 
-11.73985 4.24200 
-11.73985 4.24300 
-11.73985 4.24400 
-11.73985 4.24500 
-11.73985 4.24600 
-11.73985 4.24700 
-11.73985 4.24800 
-11.73985 4.24900 
-11.73985 4.25000 
-11.73985 4.25100 
-11.73985 4.25200 
-11.73985 4.25300 
-11.73985 4.25400 
-11.73985 4.25500 
-11.73985 4.25600 
-11.73985 4.25700 
-11.73985 4.25800 
-11.73985 4.25900 
-11.73985 4.26000 
-11.73985 4.26100 
-11.73985 4.26200 
-11.73985 4.26300 
-11.73985 4.26400 
-11.73985 4.26500 
-11.73985 4.26600 
-11.73985 4.26700 
-11.73985 4.26800 
-11.73985 4.26900 
-11.73985 4.27000 
-11.73985 4.27100 
-11.73985 4.27200 
-11.73985 4.27300 
-11.73985 4.27400 
-11.73985 4.27500 
-11.73985 4.27600 
-11.73985 4.27700 
-11.73985 4.27800 
-11.73985 4.27900 
-11.73985 4.28000 
-11.73985 4.28100 
-11.73985 4.28200 
-11.73985 4.28300 
-11.73985 4.28400 
-11.73985 4.28500 
-11.73985 4.28600 
-11.73985 4.28700 
-11.73985 4.28800 
-11.73985 4.28900 
-11.73985 4.29000 
-11.73985 4.29100 
-11.73985 4.29200 
-11.73985 4.29300 
-11.73985 4.29400 
-11.73985 4.29500 
-11.73985 4.29600 
-11.73985 4.29700 
-11.73985 4.29800 
-11.73985 4.29900 
-11.73985 4.30000 
-11.73985 4.30100 
-11.73985 4.30200 
-11.73985 4.30300 
-11.73985 4.30400 
-11.73985 4.30500 
-11.73985 4.30600 
-11.73985 4.30700 
-11.73985 4.30800 
-11.73985 4.30900 
-11.73985 4.31000 
-11.73985 4.31100 
-11.73985 4.31200 
-11.73985 4.31300 
-11.73985 4.31400 
-11.73985 4.31500 
-11.73985 4.31600 
-11.73985 4.31700 
-11.73985 4.31800 
-11.73985 4.31900 
-11.73985 4.32000 
-11.73985 4.32100 
-11.73985 4.32200 
-11.73985 4.32300 
-11.73985 4.32400 
-11.73985 4.32500 
-11.73985 4.32600 
-11.73985 4.32700 
-11.73985 4.32800 
-11.73985 4.32900 
-11.73985 4.33000 
-11.73985 4.33100 
-11.73985 4.33200 
-11.73985 4.33300 
-11.73985 4.33400 
-11.73985 4.33500 
-11.73985 4.33600 
-11.73985 4.33700 
-11.73985 4.33800 
-11.73985 4.33900 
-11.73985 4.34000 
-11.73985 4.34100 
-11.73985 4.34200 
-11.73985 4.34300 
-11.73985 4.34400 
-11.73985 4.34500 
-11.73985 4.34600 
-11.73985 4.34700 
-11.73985 4.34800 
-11.73985 4.34900 
-11.73985 4.35000 
-11.73985 4.35100 
-11.73985 4.35200 
-11.73985 4.35300 
-11.73985 4.35400 
-11.73985 4.35500 
-11.73985 4.35600 
-11.73985 4.35700 
-11.73985 4.35800 
-11.73985 4.35900 
-11.73985 4.36000 
-11.73985 4.36100 
-11.73985 4.36200 
-11.73985 4.36300 
-11.73985 4.36400 
-11.73985 4.36500 
-11.73985 4.36600 
-11.73985 4.36700 
-11.73985 4.36800 
-11.73985 4.36900 
-11.73985 4.37000 
-11.73985 4.37100 
-11.73985 4.37200 
-11.73985 4.37300 
-11.73985 4.37400 
-11.73985 4.37500 
-11.73985 4.37600 
-11.73985 4.37700 
-11.73985 4.37800 
-11.73985 4.37900 
-11.73985 4.38000 
-11.73985 4.38100 
-11.73985 4.38200 
-11.73985 4.38300 
-11.73985 4.38400 
-11.73985 4.38500 
-11.73985 4.38600 
-11.73985 4.38700 
-11.73985 4.38800 
-11.73985 4.38900 
-11.73985 4.39000 
-11.73985 4.39100 
-11.73985 4.39200 
-11.73985 4.39300 
-11.73985 4.39400 
-11.73985 4.39500 
-11.73985 4.39600 
-11.73985 4.39700 
-11.73985 4.39800 
-11.73985 4.39900 
-11.73985 4.40000 
-11.73985 4.40100 
-11.73985 4.40200 
-11.73985 4.40300 
-11.73985 4.40400 
-11.73985 4.40500 
-11.73985 4.40600 
-11.73985 4.40700 
-11.73985 4.40800 
-11.73985 4.40900 
-11.73985 4.41000 
-11.73985 4.41100 
-11.73985 4.41200 
-11.73985 4.41300 
-11.73985 4.41400 
-11.73985 4.41500 
-11.73985 4.41600 
-11.73985 4.41700 
-11.73985 4.41800 
-11.73985 4.41900 
-11.73985 4.42000 
-11.73985 4.42100 
-11.73985 4.42200 
-11.73985 4.42300 
-11.73985 4.42400 
-11.73985 4.42500 
-11.73985 4.42600 
-11.73985 4.42700 
-11.73985 4.42800 
-11.73985 4.42900 
-11.73985 4.43000 
-11.73985 4.43100 
-11.73985 4.43200 
-11.73985 4.43300 
-11.73985 4.43400 
-11.73985 4.43500 
-11.73985 4.43600 
-11.73985 4.43700 
-11.73985 4.43800 
-11.73985 4.43900 
-11.73985 4.44000 
-11.73985 4.44100 
-11.73985 4.44200 
-11.73985 4.44300 
-11.73985 4.44400 
-11.73985 4.44500 
-11.73985 4.44600 
-11.73985 4.44700 
-11.73985 4.44800 
-11.73985 4.44900 
-11.73985 4.45000 
-11.73985 4.45100 
-11.73985 4.45200 
-11.73985 4.45300 
-11.73985 4.45400 
-11.73985 4.45500 
-11.73985 4.45600 
-11.73985 4.45700 
-11.73985 4.45800 
-11.73985 4.45900 
-11.73985 4.46000 
-11.73985 4.46100 
-11.73985 4.46200 
-11.73985 4.46300 
-11.73985 4.46400 
-11.73985 4.46500 
-11.73985 4.46600 
-11.73985 4.46700 
-11.73985 4.46800 
-11.73985 4.46900 
-11.73985 4.47000 
-11.73985 4.47100 
-11.73985 4.47200 
-11.73985 4.47300 
-11.73985 4.47400 
-11.73985 4.47500 
-11.73985 4.47600 
-11.73985 4.47700 
-11.73985 4.47800 
-11.73985 4.47900 
-11.73985 4.48000 
-11.73985 4.48100 
-11.73985 4.48200 
-11.73985 4.48300 
-11.73985 4.48400 
-11.73985 4.48500 
-11.73985 4.48600 
-11.73985 4.48700 
-11.73985 4.48800 
-11.73985 4.48900 
-11.73985 4.49000 
-11.73985 4.49100 
-11.73985 4.49200 
-11.73985 4.49300 
-11.73985 4.49400 
-11.73985 4.49500 
-11.73985 4.49600 
-11.73985 4.49700 
-11.73985 4.49800 
-11.73985 4.49900 
-11.73985 4.50000 
-11.73985 4.50100 
-11.73985 4.50200 
-11.73985 4.50300 
-11.73985 4.50400 
-11.73985 4.50500 
-11.73985 4.50600 
-11.73985 4.50700 
-11.73985 4.50800 
-11.73985 4.50900 
-11.73985 4.51000 
-11.73985 4.51100 
-11.73985 4.51200 
-11.73985 4.51300 
-11.73985 4.51400 
-11.73985 4.51500 
-11.73985 4.51600 
-11.73985 4.51700 
-11.73985 4.51800 
-11.73985 4.51900 
-11.73985 4.52000 
-11.73985 4.52100 
-11.73985 4.52200 
-11.73985 4.52300 
-11.73985 4.52400 
-11.73985 4.52500 
-11.73985 4.52600 
-11.73985 4.52700 
-11.73985 4.52800 
-11.73985 4.52900 
-11.73985 4.53000 
-11.73985 4.53100 
-11.73985 4.53200 
-11.73985 4.53300 
-11.73985 4.53400 
-11.73985 4.53500 
-11.73985 4.53600 
-11.73985 4.53700 
-11.73985 4.53800 
-11.73985 4.53900 
-11.73985 4.54000 
-11.73985 4.54100 
-11.73985 4.54200 
-11.73985 4.54300 
-11.73985 4.54400 
-11.73985 4.54500 
-11.73985 4.54600 
-11.73985 4.54700 
-11.73985 4.54800 
-11.73985 4.54900 
-11.73985 4.55000 
-11.73985 4.55100 
-11.73985 4.55200 
-11.73985 4.55300 
-11.73985 4.55400 
-11.73985 4.55500 
-11.73985 4.55600 
-11.73985 4.55700 
-11.73985 4.55800 
-11.73985 4.55900 
-11.73985 4.56000 
-11.73985 4.56100 
-11.73985 4.56200 
-11.73985 4.56300 
-11.73985 4.56400 
-11.73985 4.56500 
-11.73985 4.56600 
-11.73985 4.56700 
-11.73985 4.56800 
-11.73985 4.56900 
-11.73985 4.57000 
-11.73985 4.57100 
-11.73985 4.57200 
-11.73985 4.57300 
-11.73985 4.57400 
-11.73985 4.57500 
-11.73985 4.57600 
-11.73985 4.57700 
-11.73985 4.57800 
-11.73985 4.57900 
-11.73985 4.58000 
-11.73985 4.58100 
-11.73985 4.58200 
-11.73985 4.58300 
-11.73985 4.58400 
-11.73985 4.58500 
-11.73985 4.58600 
-11.73985 4.58700 
-11.73985 4.58800 
-11.73985 4.58900 
-11.73985 4.59000 
-11.73985 4.59100 
-11.73985 4.59200 
-11.73985 4.59300 
-11.73985 4.59400 
-11.73985 4.59500 
-11.73985 4.59600 
-11.73985 4.59700 
-11.73985 4.59800 
-11.73985 4.59900 
-11.73985 4.60000 
-11.73985 4.60100 
-11.73985 4.60200 
-11.73985 4.60300 
-11.73985 4.60400 
-11.73985 4.60500 
-11.73985 4.60600 
-11.73985 4.60700 
-11.73985 4.60800 
-11.73985 4.60900 
-11.73985 4.61000 
-11.73985 4.61100 
-11.73985 4.61200 
-11.73985 4.61300 
-11.73985 4.61400 
-11.73985 4.61500 
-11.73985 4.61600 
-11.73985 4.61700 
-11.73985 4.61800 
-11.73985 4.61900 
-11.73985 4.62000 
-11.73985 4.62100 
-11.73985 4.62200 
-11.73985 4.62300 
-11.73985 4.62400 
-11.73985 4.62500 
-11.73985 4.62600 
-11.73985 4.62700 
-11.73985 4.62800 
-11.73985 4.62900 
-11.73985 4.63000 
-11.73985 4.63100 
-11.73985 4.63200 
-11.73985 4.63300 
-11.73985 4.63400 
-11.73985 4.63500 
-11.73985 4.63600 
-11.73985 4.63700 
-11.73985 4.63800 
-11.73985 4.63900 
-11.73985 4.64000 
-11.73985 4.64100 
-11.73985 4.64200 
-11.73985 4.64300 
-11.73985 4.64400 
-11.73985 4.64500 
-11.73985 4.64600 
-11.73985 4.64700 
-11.73985 4.64800 
-11.73985 4.64900 
-11.73985 4.65000 
-11.73985 4.65100 
-11.73985 4.65200 
-11.73985 4.65300 
-11.73985 4.65400 
-11.73985 4.65500 
-11.73985 4.65600 
-11.73985 4.65700 
-11.73985 4.65800 
-11.73985 4.65900 
-11.73985 4.66000 
-11.73985 4.66100 
-11.73985 4.66200 
-11.73985 4.66300 
-11.73985 4.66400 
-11.73985 4.66500 
-11.73985 4.66600 
-11.73985 4.66700 
-11.73985 4.66800 
-11.73985 4.66900 
-11.73985 4.67000 
-11.73985 4.67100 
-11.73985 4.67200 
-11.73985 4.67300 
-11.73985 4.67400 
-11.73985 4.67500 
-11.73985 4.67600 
-11.73985 4.67700 
-11.73985 4.67800 
-11.73985 4.67900 
-11.73985 4.68000 
-11.73985 4.68100 
-11.73985 4.68200 
-11.73985 4.68300 
-11.73985 4.68400 
-11.73985 4.68500 
-11.73985 4.68600 
-11.73985 4.68700 
-11.73985 4.68800 
-11.73985 4.68900 
-11.73985 4.69000 
-11.73985 4.69100 
-11.73985 4.69200 
-11.73985 4.69300 
-11.73985 4.69400 
-11.73985 4.69500 
-11.73985 4.69600 
-11.73985 4.69700 
-11.73985 4.69800 
-11.73985 4.69900 
-11.73985 4.70000 
-11.73985 4.70100 
-11.73985 4.70200 
-11.73985 4.70300 
-11.73985 4.70400 
-11.73985 4.70500 
-11.73985 4.70600 
-11.73985 4.70700 
-11.73985 4.70800 
-11.73985 4.70900 
-11.73985 4.71000 
-11.73985 4.71100 
-11.73985 4.71200 
-11.73985 4.71300 
-11.73985 4.71400 
-11.73985 4.71500 
-11.73985 4.71600 
-11.73985 4.71700 
-11.73985 4.71800 
-11.73985 4.71900 
-11.73985 4.72000 
-11.73985 4.72100 
-11.73985 4.72200 
-11.73985 4.72300 
-11.73985 4.72400 
-11.73985 4.72500 
-11.73985 4.72600 
-11.73985 4.72700 
-11.73985 4.72800 
-11.73985 4.72900 
-11.73985 4.73000 
-11.73985 4.73100 
-11.73985 4.73200 
-11.73985 4.73300 
-11.73985 4.73400 
-11.73985 4.73500 
-11.73985 4.73600 
-11.73985 4.73700 
-11.73985 4.73800 
-11.73985 4.73900 
-11.73985 4.74000 
-11.73985 4.74100 
-11.73985 4.74200 
-11.73985 4.74300 
-11.73985 4.74400 
-11.73985 4.74500 
-11.73985 4.74600 
-11.73985 4.74700 
-11.73985 4.74800 
-11.73985 4.74900 
-11.73985 4.75000 
-11.73985 4.75100 
-11.73985 4.75200 
-11.73985 4.75300 
-11.73985 4.75400 
-11.73985 4.75500 
-11.73985 4.75600 
-11.73985 4.75700 
-11.73985 4.75800 
-11.73985 4.75900 
-11.73985 4.76000 
-11.73985 4.76100 
-11.73985 4.76200 
-11.73985 4.76300 
-11.73985 4.76400 
-11.73985 4.76500 
-11.73985 4.76600 
-11.73985 4.76700 
-11.73985 4.76800 
-11.73985 4.76900 
-11.73985 4.77000 
-11.73985 4.77100 
-11.73985 4.77200 
-11.73985 4.77300 
-11.73985 4.77400 
-11.73985 4.77500 
-11.73985 4.77600 
-11.73985 4.77700 
-11.73985 4.77800 
-11.73985 4.77900 
-11.73985 4.78000 
-11.73985 4.78100 
-11.73985 4.78200 
-11.73985 4.78300 
-11.73985 4.78400 
-11.73985 4.78500 
-11.73985 4.78600 
-11.73985 4.78700 
-11.73985 4.78800 
-11.73985 4.78900 
-11.73985 4.79000 
-11.73985 4.79100 
-11.73985 4.79200 
-11.73985 4.79300 
-11.73985 4.79400 
-11.73985 4.79500 
-11.73985 4.79600 
-11.73985 4.79700 
-11.73985 4.79800 
-11.73985 4.79900 
-11.73985 4.80000 
-11.73985 4.80100 
-11.73985 4.80200 
-11.73985 4.80300 
-11.73985 4.80400 
-11.73985 4.80500 
-11.73985 4.80600 
-11.73985 4.80700 
-11.73985 4.80800 
-11.73985 4.80900 
-11.73985 4.81000 
-11.73985 4.81100 
-11.73985 4.81200 
-11.73985 4.81300 
-11.73985 4.81400 
-11.73985 4.81500 
-11.73985 4.81600 
-11.73985 4.81700 
-11.73985 4.81800 
-11.73985 4.81900 
-11.73985 4.82000 
-11.73985 4.82100 
-11.73985 4.82200 
-11.73985 4.82300 
-11.73985 4.82400 
-11.73985 4.82500 
-11.73985 4.82600 
-11.73985 4.82700 
-11.73985 4.82800 
-11.73985 4.82900 
-11.73985 4.83000 
-11.73985 4.83100 
-11.73985 4.83200 
-11.73985 4.83300 
-11.73985 4.83400 
-11.73985 4.83500 
-11.73985 4.83600 
-11.73985 4.83700 
-11.73985 4.83800 
-11.73985 4.83900 
-11.73985 4.84000 
-11.73985 4.84100 
-11.73985 4.84200 
-11.73985 4.84300 
-11.73985 4.84400 
-11.73985 4.84500 
-11.73985 4.84600 
-11.73985 4.84700 
-11.73985 4.84800 
-11.73985 4.84900 
-11.73985 4.85000 
-11.73985 4.85100 
-11.73985 4.85200 
-11.73985 4.85300 
-11.73985 4.85400 
-11.73985 4.85500 
-11.73985 4.85600 
-11.73985 4.85700 
-11.73985 4.85800 
-11.73985 4.85900 
-11.73985 4.86000 
-11.73985 4.86100 
-11.73985 4.86200 
-11.73985 4.86300 
-11.73985 4.86400 
-11.73985 4.86500 
-11.73985 4.86600 
-11.73985 4.86700 
-11.73985 4.86800 
-11.73985 4.86900 
-11.73985 4.87000 
-11.73985 4.87100 
-11.73985 4.87200 
-11.73985 4.87300 
-11.73985 4.87400 
-11.73985 4.87500 
-11.73985 4.87600 
-11.73985 4.87700 
-11.73985 4.87800 
-11.73985 4.87900 
-11.73985 4.88000 
-11.73985 4.88100 
-11.73985 4.88200 
-11.73985 4.88300 
-11.73985 4.88400 
-11.73985 4.88500 
-11.73985 4.88600 
-11.73985 4.88700 
-11.73985 4.88800 
-11.73985 4.88900 
-11.73985 4.89000 
-11.73985 4.89100 
-11.73985 4.89200 
-11.73985 4.89300 
-11.73985 4.89400 
-11.73985 4.89500 
-11.73985 4.89600 
-11.73985 4.89700 
-11.73985 4.89800 
-11.73985 4.89900 
-11.73985 4.90000 
-11.73985 4.90100 
-11.73985 4.90200 
-11.73985 4.90300 
-11.73985 4.90400 
-11.73985 4.90500 
-11.73985 4.90600 
-11.73985 4.90700 
-11.73985 4.90800 
-11.73985 4.90900 
-11.73985 4.91000 
-11.73985 4.91100 
-11.73985 4.91200 
-11.73985 4.91300 
-11.73985 4.91400 
-11.73985 4.91500 
-11.73985 4.91600 
-11.73985 4.91700 
-11.73985 4.91800 
-11.73985 4.91900 
-11.73985 4.92000 
-11.73985 4.92100 
-11.73985 4.92200 
-11.73985 4.92300 
-11.73985 4.92400 
-11.73985 4.92500 
-11.73985 4.92600 
-11.73985 4.92700 
-11.73985 4.92800 
-11.73985 4.92900 
-11.73985 4.93000 
-11.73985 4.93100 
-11.73985 4.93200 
-11.73985 4.93300 
-11.73985 4.93400 
-11.73985 4.93500 
-11.73985 4.93600 
-11.73985 4.93700 
-11.73985 4.93800 
-11.73985 4.93900 
-11.73985 4.94000 
-11.73985 4.94100 
-11.73985 4.94200 
-11.73985 4.94300 
-11.73985 4.94400 
-11.73985 4.94500 
-11.73985 4.94600 
-11.73985 4.94700 
-11.73985 4.94800 
-11.73985 4.94900 
-11.73985 4.95000 
-11.73985 4.95100 
-11.73985 4.95200 
-11.73985 4.95300 
-11.73985 4.95400 
-11.73985 4.95500 
-11.73985 4.95600 
-11.73985 4.95700 
-11.73985 4.95800 
-11.73985 4.95900 
-11.73985 4.96000 
-11.73985 4.96100 
-11.73985 4.96200 
-11.73985 4.96300 
-11.73985 4.96400 
-11.73985 4.96500 
-11.73985 4.96600 
-11.73985 4.96700 
-11.73985 4.96800 
-11.73985 4.96900 
-11.73985 4.97000 
-11.73985 4.97100 
-11.73985 4.97200 
-11.73985 4.97300 
-11.73985 4.97400 
-11.73985 4.97500 
-11.73985 4.97600 
-11.73985 4.97700 
-11.73985 4.97800 
-11.73985 4.97900 
-11.73985 4.98000 
-11.73985 4.98100 
-11.73985 4.98200 
-11.73985 4.98300 
-11.73985 4.98400 
-11.73985 4.98500 
-11.73985 4.98600 
-11.73985 4.98700 
-11.73985 4.98800 
-11.73985 4.98900 
-11.73985 4.99000 
-11.73985 4.99100 
-11.73985 4.99200 
-11.73985 4.99300 
-11.73985 4.99400 
-11.73985 4.99500 
-11.73985 4.99600 
-11.73985 4.99700 
-11.73985 4.99800 
-11.73985 4.99900 
