0.00000 0.00000 
0.06505 0.00100 
0.12936 0.00200 
0.19294 0.00300 
0.25579 0.00400 
0.31792 0.00500 
0.37935 0.00600 
0.44007 0.00700 
0.50011 0.00800 
0.55945 0.00900 
0.61813 0.01000 
0.67613 0.01100 
0.73347 0.01200 
0.79016 0.01300 
0.84620 0.01400 
0.90160 0.01500 
0.95637 0.01600 
1.01051 0.01700 
1.06404 0.01800 
1.11696 0.01900 
1.16927 0.02000 
1.22099 0.02100 
1.27212 0.02200 
1.32267 0.02300 
1.37264 0.02400 
1.42204 0.02500 
1.47087 0.02600 
1.51915 0.02700 
1.56688 0.02800 
1.61407 0.02900 
1.66071 0.03000 
1.70683 0.03100 
1.75242 0.03200 
1.79749 0.03300 
1.84204 0.03400 
1.88609 0.03500 
1.92964 0.03600 
1.97268 0.03700 
2.01524 0.03800 
2.05731 0.03900 
2.09891 0.04000 
2.14003 0.04100 
2.18068 0.04200 
2.22086 0.04300 
2.26059 0.04400 
2.29986 0.04500 
2.33869 0.04600 
2.37708 0.04700 
2.41502 0.04800 
2.45254 0.04900 
2.48962 0.05000 
2.52629 0.05100 
2.56253 0.05200 
2.59836 0.05300 
2.63379 0.05400 
2.66881 0.05500 
2.70343 0.05600 
2.73765 0.05700 
2.77149 0.05800 
2.80494 0.05900 
2.83801 0.06000 
2.87070 0.06100 
2.90302 0.06200 
2.93496 0.06300 
2.96655 0.06400 
2.99778 0.06500 
3.02864 0.06600 
3.05916 0.06700 
3.08933 0.06800 
3.11916 0.06900 
3.14864 0.07000 
3.17779 0.07100 
3.20661 0.07200 
3.23509 0.07300 
3.26326 0.07400 
3.29110 0.07500 
3.31862 0.07600 
3.34584 0.07700 
3.37274 0.07800 
3.39933 0.07900 
3.42562 0.08000 
3.45161 0.08100 
3.47731 0.08200 
3.50271 0.08300 
3.52782 0.08400 
3.55264 0.08500 
3.57719 0.08600 
3.60145 0.08700 
3.62543 0.08800 
3.64915 0.08900 
3.67259 0.09000 
3.69576 0.09100 
3.71867 0.09200 
3.74132 0.09300 
3.76371 0.09400 
3.78585 0.09500 
3.80773 0.09600 
3.82937 0.09700 
3.85075 0.09800 
3.87190 0.09900 
3.89280 0.10000 
3.91346 0.10100 
3.93389 0.10200 
3.95409 0.10300 
3.97405 0.10400 
3.99379 0.10500 
4.01330 0.10600 
4.03259 0.10700 
4.05166 0.10800 
4.07052 0.10900 
4.08915 0.11000 
4.10758 0.11100 
4.12579 0.11200 
4.14380 0.11300 
4.16160 0.11400 
4.17920 0.11500 
4.19660 0.11600 
4.21380 0.11700 
4.23081 0.11800 
4.24762 0.11900 
4.26423 0.12000 
4.28066 0.12100 
4.29691 0.12200 
4.31296 0.12300 
4.32884 0.12400 
4.34453 0.12500 
4.36004 0.12600 
4.37538 0.12700 
4.39054 0.12800 
4.40553 0.12900 
4.42035 0.13000 
4.43500 0.13100 
4.44948 0.13200 
4.46380 0.13300 
4.47795 0.13400 
4.49195 0.13500 
4.50578 0.13600 
4.51946 0.13700 
4.53298 0.13800 
4.54634 0.13900 
4.55955 0.14000 
4.57262 0.14100 
4.58553 0.14200 
4.59830 0.14300 
4.61092 0.14400 
4.62339 0.14500 
4.63573 0.14600 
4.64792 0.14700 
4.65998 0.14800 
4.67190 0.14900 
4.68368 0.15000 
4.69533 0.15100 
4.70684 0.15200 
4.71822 0.15300 
4.72948 0.15400 
4.74060 0.15500 
4.75160 0.15600 
4.76247 0.15700 
4.77322 0.15800 
4.78385 0.15900 
4.79436 0.16000 
4.80474 0.16100 
4.81501 0.16200 
4.82516 0.16300 
4.83519 0.16400 
4.84511 0.16500 
4.85492 0.16600 
4.86462 0.16700 
4.87420 0.16800 
4.88368 0.16900 
4.89304 0.17000 
4.90230 0.17100 
4.91146 0.17200 
4.92051 0.17300 
4.92946 0.17400 
4.93830 0.17500 
4.94705 0.17600 
4.95569 0.17700 
4.96424 0.17800 
4.97269 0.17900 
4.98104 0.18000 
4.98930 0.18100 
4.99746 0.18200 
5.00553 0.18300 
5.01351 0.18400 
5.02140 0.18500 
5.02920 0.18600 
5.03690 0.18700 
5.04452 0.18800 
5.05206 0.18900 
5.05951 0.19000 
5.06687 0.19100 
5.07415 0.19200 
5.08134 0.19300 
5.08846 0.19400 
5.09549 0.19500 
5.10244 0.19600 
5.10932 0.19700 
5.11611 0.19800 
5.12283 0.19900 
5.12946 0.20000 
5.13602 0.20100 
5.14251 0.20200 
5.14892 0.20300 
5.15526 0.20400 
5.16153 0.20500 
5.16772 0.20600 
5.17385 0.20700 
5.17990 0.20800 
5.18589 0.20900 
5.19181 0.21000 
5.19766 0.21100 
5.20344 0.21200 
5.20916 0.21300 
5.21482 0.21400 
5.22041 0.21500 
5.22593 0.21600 
5.23139 0.21700 
5.23679 0.21800 
5.24213 0.21900 
5.24741 0.22000 
5.25263 0.22100 
5.25779 0.22200 
5.26289 0.22300 
5.26793 0.22400 
5.27291 0.22500 
5.27784 0.22600 
5.28271 0.22700 
5.28753 0.22800 
5.29229 0.22900 
5.29700 0.23000 
5.30165 0.23100 
5.30625 0.23200 
5.31080 0.23300 
5.31530 0.23400 
5.31974 0.23500 
5.32414 0.23600 
5.32848 0.23700 
5.33278 0.23800 
5.33702 0.23900 
5.34122 0.24000 
5.34537 0.24100 
5.34947 0.24200 
5.35353 0.24300 
5.35754 0.24400 
5.36150 0.24500 
5.36542 0.24600 
5.36930 0.24700 
5.37313 0.24800 
5.37691 0.24900 
5.38066 0.25000 
5.38436 0.25100 
5.38802 0.25200 
5.39163 0.25300 
5.39521 0.25400 
5.39875 0.25500 
5.40224 0.25600 
5.40570 0.25700 
5.40911 0.25800 
5.41249 0.25900 
5.41583 0.26000 
5.41913 0.26100 
5.42239 0.26200 
5.42562 0.26300 
5.42881 0.26400 
5.43196 0.26500 
5.43508 0.26600 
5.43816 0.26700 
5.44120 0.26800 
5.44421 0.26900 
5.44719 0.27000 
5.45014 0.27100 
5.45305 0.27200 
5.45592 0.27300 
5.45877 0.27400 
5.46158 0.27500 
5.46436 0.27600 
5.46711 0.27700 
5.46982 0.27800 
5.47251 0.27900 
5.47516 0.28000 
5.47779 0.28100 
5.48038 0.28200 
5.48295 0.28300 
5.48549 0.28400 
5.48799 0.28500 
5.49047 0.28600 
5.49292 0.28700 
5.49535 0.28800 
5.49774 0.28900 
5.50011 0.29000 
5.50245 0.29100 
5.50476 0.29200 
5.50705 0.29300 
5.50931 0.29400 
5.51155 0.29500 
5.51376 0.29600 
5.51595 0.29700 
5.51811 0.29800 
5.52025 0.29900 
5.52236 0.30000 
5.52445 0.30100 
5.52651 0.30200 
5.52855 0.30300 
5.53057 0.30400 
5.53256 0.30500 
5.53454 0.30600 
5.53649 0.30700 
5.53841 0.30800 
5.54032 0.30900 
5.54220 0.31000 
5.54406 0.31100 
5.54590 0.31200 
5.54772 0.31300 
5.54952 0.31400 
5.55130 0.31500 
5.55306 0.31600 
5.55480 0.31700 
5.55652 0.31800 
5.55821 0.31900 
5.55989 0.32000 
5.56155 0.32100 
5.56319 0.32200 
5.56482 0.32300 
5.56642 0.32400 
5.56801 0.32500 
5.56957 0.32600 
5.57112 0.32700 
5.57266 0.32800 
5.57417 0.32900 
5.57567 0.33000 
5.57715 0.33100 
5.57861 0.33200 
5.58006 0.33300 
5.58149 0.33400 
5.58290 0.33500 
5.58430 0.33600 
5.58568 0.33700 
5.58705 0.33800 
5.58840 0.33900 
5.58974 0.34000 
5.59106 0.34100 
5.59236 0.34200 
5.59365 0.34300 
5.59493 0.34400 
5.59619 0.34500 
5.59743 0.34600 
5.59867 0.34700 
5.59988 0.34800 
5.60109 0.34900 
5.60228 0.35000 
5.60346 0.35100 
5.60462 0.35200 
5.60577 0.35300 
5.60691 0.35400 
5.60803 0.35500 
5.60914 0.35600 
5.61024 0.35700 
5.61133 0.35800 
5.61240 0.35900 
5.61346 0.36000 
5.61451 0.36100 
5.61555 0.36200 
5.61658 0.36300 
5.61759 0.36400 
5.61860 0.36500 
5.61959 0.36600 
5.62057 0.36700 
5.62154 0.36800 
5.62249 0.36900 
5.62344 0.37000 
5.62438 0.37100 
5.62530 0.37200 
5.62622 0.37300 
5.62712 0.37400 
5.62802 0.37500 
5.62890 0.37600 
5.62978 0.37700 
5.63064 0.37800 
5.63149 0.37900 
5.63234 0.38000 
5.63317 0.38100 
5.63400 0.38200 
5.63482 0.38300 
5.63562 0.38400 
5.63642 0.38500 
5.63721 0.38600 
5.63799 0.38700 
5.63876 0.38800 
5.63952 0.38900 
5.64027 0.39000 
5.64102 0.39100 
5.64175 0.39200 
5.64248 0.39300 
5.64320 0.39400 
5.64391 0.39500 
5.64462 0.39600 
5.64531 0.39700 
5.64600 0.39800 
5.64668 0.39900 
5.64735 0.40000 
5.64801 0.40100 
5.64867 0.40200 
5.64932 0.40300 
5.64996 0.40400 
5.65059 0.40500 
5.65122 0.40600 
5.65184 0.40700 
5.65245 0.40800 
5.65306 0.40900 
5.65366 0.41000 
5.65425 0.41100 
5.65484 0.41200 
5.65541 0.41300 
5.65599 0.41400 
5.65655 0.41500 
5.65711 0.41600 
5.65766 0.41700 
5.65821 0.41800 
5.65875 0.41900 
5.65928 0.42000 
5.65981 0.42100 
5.66033 0.42200 
5.66085 0.42300 
5.66136 0.42400 
5.66187 0.42500 
5.66236 0.42600 
5.66286 0.42700 
5.66334 0.42800 
5.66383 0.42900 
5.66430 0.43000 
5.66477 0.43100 
5.66524 0.43200 
5.66570 0.43300 
5.66615 0.43400 
5.66660 0.43500 
5.66705 0.43600 
5.66749 0.43700 
5.66792 0.43800 
5.66835 0.43900 
5.66878 0.44000 
5.66920 0.44100 
5.66961 0.44200 
5.67002 0.44300 
5.67043 0.44400 
5.67083 0.44500 
5.67122 0.44600 
5.67162 0.44700 
5.67200 0.44800 
5.67239 0.44900 
5.67276 0.45000 
5.67314 0.45100 
5.67351 0.45200 
5.67388 0.45300 
5.67424 0.45400 
5.67459 0.45500 
5.67495 0.45600 
5.67530 0.45700 
5.67564 0.45800 
5.67598 0.45900 
5.67632 0.46000 
5.67666 0.46100 
5.67699 0.46200 
5.67731 0.46300 
5.67763 0.46400 
5.67795 0.46500 
5.67827 0.46600 
5.67858 0.46700 
5.67889 0.46800 
5.67919 0.46900 
5.67949 0.47000 
5.67979 0.47100 
5.68009 0.47200 
5.68038 0.47300 
5.68066 0.47400 
5.68095 0.47500 
5.68123 0.47600 
5.68151 0.47700 
5.68178 0.47800 
5.68205 0.47900 
5.68232 0.48000 
5.68259 0.48100 
5.68285 0.48200 
5.68311 0.48300 
5.68337 0.48400 
5.68362 0.48500 
5.68387 0.48600 
5.68412 0.48700 
5.68436 0.48800 
5.68461 0.48900 
5.68484 0.49000 
5.68508 0.49100 
5.68532 0.49200 
5.68555 0.49300 
5.68578 0.49400 
5.68600 0.49500 
5.68623 0.49600 
5.68645 0.49700 
5.68667 0.49800 
5.68688 0.49900 
5.68710 0.50000 
5.68731 0.50100 
5.68752 0.50200 
5.68772 0.50300 
5.68793 0.50400 
5.68813 0.50500 
5.68833 0.50600 
5.68852 0.50700 
5.68872 0.50800 
5.68891 0.50900 
5.68910 0.51000 
5.68929 0.51100 
5.68948 0.51200 
5.68966 0.51300 
5.68984 0.51400 
5.69002 0.51500 
5.69020 0.51600 
5.69038 0.51700 
5.69055 0.51800 
5.69073 0.51900 
5.69090 0.52000 
5.69106 0.52100 
5.69123 0.52200 
5.69139 0.52300 
5.69156 0.52400 
5.69172 0.52500 
5.69188 0.52600 
5.69203 0.52700 
5.69219 0.52800 
5.69234 0.52900 
5.69249 0.53000 
5.69264 0.53100 
5.69279 0.53200 
5.69294 0.53300 
5.69308 0.53400 
5.69323 0.53500 
5.69337 0.53600 
5.69351 0.53700 
5.69365 0.53800 
5.69379 0.53900 
5.69392 0.54000 
5.69405 0.54100 
5.69419 0.54200 
5.69432 0.54300 
5.69445 0.54400 
5.69457 0.54500 
5.69470 0.54600 
5.69483 0.54700 
5.69495 0.54800 
5.69507 0.54900 
5.69519 0.55000 
5.69531 0.55100 
5.69543 0.55200 
5.69555 0.55300 
5.69566 0.55400 
5.69578 0.55500 
5.69589 0.55600 
5.69600 0.55700 
5.69611 0.55800 
5.69622 0.55900 
5.69633 0.56000 
5.69644 0.56100 
5.69654 0.56200 
5.69664 0.56300 
5.69675 0.56400 
5.69685 0.56500 
5.69695 0.56600 
5.69705 0.56700 
5.69715 0.56800 
5.69725 0.56900 
5.69734 0.57000 
5.69744 0.57100 
5.69753 0.57200 
5.69762 0.57300 
5.69772 0.57400 
5.69781 0.57500 
5.69790 0.57600 
5.69799 0.57700 
5.69807 0.57800 
5.69816 0.57900 
5.69825 0.58000 
5.69833 0.58100 
5.69841 0.58200 
5.69850 0.58300 
5.69858 0.58400 
5.69866 0.58500 
5.69874 0.58600 
5.69882 0.58700 
5.69890 0.58800 
5.69898 0.58900 
5.69905 0.59000 
5.69913 0.59100 
5.69920 0.59200 
5.69928 0.59300 
5.69935 0.59400 
5.69942 0.59500 
5.69949 0.59600 
5.69956 0.59700 
5.69963 0.59800 
5.69970 0.59900 
5.69977 0.60000 
5.69984 0.60100 
5.69991 0.60200 
5.69997 0.60300 
5.70004 0.60400 
5.70010 0.60500 
5.70017 0.60600 
5.70023 0.60700 
5.70029 0.60800 
5.70035 0.60900 
5.70041 0.61000 
5.70047 0.61100 
5.70053 0.61200 
5.70059 0.61300 
5.70065 0.61400 
5.70071 0.61500 
5.70077 0.61600 
5.70082 0.61700 
5.70088 0.61800 
5.70093 0.61900 
5.70099 0.62000 
5.70104 0.62100 
5.70109 0.62200 
5.70115 0.62300 
5.70120 0.62400 
5.70125 0.62500 
5.70130 0.62600 
5.70135 0.62700 
5.70140 0.62800 
5.70145 0.62900 
5.70150 0.63000 
5.70155 0.63100 
5.70159 0.63200 
5.70164 0.63300 
5.70169 0.63400 
5.70173 0.63500 
5.70178 0.63600 
5.70182 0.63700 
5.70187 0.63800 
5.70191 0.63900 
5.70195 0.64000 
5.70200 0.64100 
5.70204 0.64200 
5.70208 0.64300 
5.70212 0.64400 
5.70216 0.64500 
5.70220 0.64600 
5.70224 0.64700 
5.70228 0.64800 
5.70232 0.64900 
5.70236 0.65000 
5.70240 0.65100 
5.70244 0.65200 
5.70248 0.65300 
5.70251 0.65400 
5.70255 0.65500 
5.70258 0.65600 
5.70262 0.65700 
5.70266 0.65800 
5.70269 0.65900 
5.70272 0.66000 
5.70276 0.66100 
5.70279 0.66200 
5.70283 0.66300 
5.70286 0.66400 
5.70289 0.66500 
5.70292 0.66600 
5.70296 0.66700 
5.70299 0.66800 
5.70302 0.66900 
5.70305 0.67000 
5.70308 0.67100 
5.70311 0.67200 
5.70314 0.67300 
5.70317 0.67400 
5.70320 0.67500 
5.70323 0.67600 
5.70325 0.67700 
5.70328 0.67800 
5.70331 0.67900 
5.70334 0.68000 
5.70337 0.68100 
5.70339 0.68200 
5.70342 0.68300 
5.70344 0.68400 
5.70347 0.68500 
5.70350 0.68600 
5.70352 0.68700 
5.70355 0.68800 
5.70357 0.68900 
5.70360 0.69000 
5.70362 0.69100 
5.70364 0.69200 
5.70367 0.69300 
5.70369 0.69400 
5.70371 0.69500 
5.70374 0.69600 
5.70376 0.69700 
5.70378 0.69800 
5.70380 0.69900 
5.70383 0.70000 
5.70385 0.70100 
5.70387 0.70200 
5.70389 0.70300 
5.70391 0.70400 
5.70393 0.70500 
5.70395 0.70600 
5.70397 0.70700 
5.70399 0.70800 
5.70401 0.70900 
5.70403 0.71000 
5.70405 0.71100 
5.70407 0.71200 
5.70409 0.71300 
5.70411 0.71400 
5.70413 0.71500 
5.70414 0.71600 
5.70416 0.71700 
5.70418 0.71800 
5.70420 0.71900 
5.70421 0.72000 
5.70423 0.72100 
5.70425 0.72200 
5.70427 0.72300 
5.70428 0.72400 
5.70430 0.72500 
5.70431 0.72600 
5.70433 0.72700 
5.70435 0.72800 
5.70436 0.72900 
5.70438 0.73000 
5.70439 0.73100 
5.70441 0.73200 
5.70442 0.73300 
5.70444 0.73400 
5.70445 0.73500 
5.70447 0.73600 
5.70448 0.73700 
5.70450 0.73800 
5.70451 0.73900 
5.70452 0.74000 
5.70454 0.74100 
5.70455 0.74200 
5.70456 0.74300 
5.70458 0.74400 
5.70459 0.74500 
5.70460 0.74600 
5.70462 0.74700 
5.70463 0.74800 
5.70464 0.74900 
5.70465 0.75000 
5.70467 0.75100 
5.70468 0.75200 
5.70469 0.75300 
5.70470 0.75400 
5.70471 0.75500 
5.70473 0.75600 
5.70474 0.75700 
5.70475 0.75800 
5.70476 0.75900 
5.70477 0.76000 
5.70478 0.76100 
5.70479 0.76200 
5.70480 0.76300 
5.70481 0.76400 
5.70482 0.76500 
5.70483 0.76600 
5.70484 0.76700 
5.70485 0.76800 
5.70486 0.76900 
5.70487 0.77000 
5.70488 0.77100 
5.70489 0.77200 
5.70490 0.77300 
5.70491 0.77400 
5.70492 0.77500 
5.70493 0.77600 
5.70494 0.77700 
5.70495 0.77800 
5.70496 0.77900 
5.70497 0.78000 
5.70497 0.78100 
5.70498 0.78200 
5.70499 0.78300 
5.70500 0.78400 
5.70501 0.78500 
5.70502 0.78600 
5.70502 0.78700 
5.70503 0.78800 
5.70504 0.78900 
5.70505 0.79000 
5.70506 0.79100 
5.70506 0.79200 
5.70507 0.79300 
5.70508 0.79400 
5.70509 0.79500 
5.70509 0.79600 
5.70510 0.79700 
5.70511 0.79800 
5.70512 0.79900 
5.70512 0.80000 
5.70513 0.80100 
5.70514 0.80200 
5.70514 0.80300 
5.70515 0.80400 
5.70516 0.80500 
5.70516 0.80600 
5.70517 0.80700 
5.70518 0.80800 
5.70518 0.80900 
5.70519 0.81000 
5.70519 0.81100 
5.70520 0.81200 
5.70521 0.81300 
5.70521 0.81400 
5.70522 0.81500 
5.70522 0.81600 
5.70523 0.81700 
5.70524 0.81800 
5.70524 0.81900 
5.70525 0.82000 
5.70525 0.82100 
5.70526 0.82200 
5.70526 0.82300 
5.70527 0.82400 
5.70527 0.82500 
5.70528 0.82600 
5.70528 0.82700 
5.70529 0.82800 
5.70529 0.82900 
5.70530 0.83000 
5.70530 0.83100 
5.70531 0.83200 
5.70531 0.83300 
5.70532 0.83400 
5.70532 0.83500 
5.70533 0.83600 
5.70533 0.83700 
5.70534 0.83800 
5.70534 0.83900 
5.70535 0.84000 
5.70535 0.84100 
5.70535 0.84200 
5.70536 0.84300 
5.70536 0.84400 
5.70537 0.84500 
5.70537 0.84600 
5.70538 0.84700 
5.70538 0.84800 
5.70538 0.84900 
5.70539 0.85000 
5.70539 0.85100 
5.70539 0.85200 
5.70540 0.85300 
5.70540 0.85400 
5.70541 0.85500 
5.70541 0.85600 
5.70541 0.85700 
5.70542 0.85800 
5.70542 0.85900 
5.70542 0.86000 
5.70543 0.86100 
5.70543 0.86200 
5.70543 0.86300 
5.70544 0.86400 
5.70544 0.86500 
5.70544 0.86600 
5.70545 0.86700 
5.70545 0.86800 
5.70545 0.86900 
5.70546 0.87000 
5.70546 0.87100 
5.70546 0.87200 
5.70547 0.87300 
5.70547 0.87400 
5.70547 0.87500 
5.70548 0.87600 
5.70548 0.87700 
5.70548 0.87800 
5.70548 0.87900 
5.70549 0.88000 
5.70549 0.88100 
5.70549 0.88200 
5.70550 0.88300 
5.70550 0.88400 
5.70550 0.88500 
5.70550 0.88600 
5.70551 0.88700 
5.70551 0.88800 
5.70551 0.88900 
5.70551 0.89000 
5.70552 0.89100 
5.70552 0.89200 
5.70552 0.89300 
5.70552 0.89400 
5.70553 0.89500 
5.70553 0.89600 
5.70553 0.89700 
5.70553 0.89800 
5.70553 0.89900 
5.70554 0.90000 
5.70554 0.90100 
5.70554 0.90200 
5.70554 0.90300 
5.70555 0.90400 
5.70555 0.90500 
5.70555 0.90600 
5.70555 0.90700 
5.70555 0.90800 
5.70556 0.90900 
5.70556 0.91000 
5.70556 0.91100 
5.70556 0.91200 
5.70556 0.91300 
5.70557 0.91400 
5.70557 0.91500 
5.70557 0.91600 
5.70557 0.91700 
5.70557 0.91800 
5.70557 0.91900 
5.70558 0.92000 
5.70558 0.92100 
5.70558 0.92200 
5.70558 0.92300 
5.70558 0.92400 
5.70559 0.92500 
5.70559 0.92600 
5.70559 0.92700 
5.70559 0.92800 
5.70559 0.92900 
5.70559 0.93000 
5.70559 0.93100 
5.70560 0.93200 
5.70560 0.93300 
5.70560 0.93400 
5.70560 0.93500 
5.70560 0.93600 
5.70560 0.93700 
5.70561 0.93800 
5.70561 0.93900 
5.70561 0.94000 
5.70561 0.94100 
5.70561 0.94200 
5.70561 0.94300 
5.70561 0.94400 
5.70561 0.94500 
5.70562 0.94600 
5.70562 0.94700 
5.70562 0.94800 
5.70562 0.94900 
5.70562 0.95000 
5.70562 0.95100 
5.70562 0.95200 
5.70563 0.95300 
5.70563 0.95400 
5.70563 0.95500 
5.70563 0.95600 
5.70563 0.95700 
5.70563 0.95800 
5.70563 0.95900 
5.70563 0.96000 
5.70563 0.96100 
5.70564 0.96200 
5.70564 0.96300 
5.70564 0.96400 
5.70564 0.96500 
5.70564 0.96600 
5.70564 0.96700 
5.70564 0.96800 
5.70564 0.96900 
5.70564 0.97000 
5.70564 0.97100 
5.70565 0.97200 
5.70565 0.97300 
5.70565 0.97400 
5.70565 0.97500 
5.70565 0.97600 
5.70565 0.97700 
5.70565 0.97800 
5.70565 0.97900 
5.70565 0.98000 
5.70565 0.98100 
5.70566 0.98200 
5.70566 0.98300 
5.70566 0.98400 
5.70566 0.98500 
5.70566 0.98600 
5.70566 0.98700 
5.70566 0.98800 
5.70566 0.98900 
5.70566 0.99000 
5.70566 0.99100 
5.70566 0.99200 
5.70566 0.99300 
5.70566 0.99400 
5.70567 0.99500 
5.70567 0.99600 
5.70567 0.99700 
5.70567 0.99800 
5.70567 0.99900 
