-13.25819 0.90000 
-13.25820 0.90100 
-13.25820 0.90200 
-13.25821 0.90300 
-13.25821 0.90400 
-13.25821 0.90500 
-13.25822 0.90600 
-13.25822 0.90700 
-13.25823 0.90800 
-13.25823 0.90900 
-13.25824 0.91000 
-13.25824 0.91100 
-13.25825 0.91200 
-13.25825 0.91300 
-13.25826 0.91400 
-13.25826 0.91500 
-13.25827 0.91600 
-13.25827 0.91700 
-13.25827 0.91800 
-13.25828 0.91900 
-13.25828 0.92000 
-13.25829 0.92100 
-13.25829 0.92200 
-13.25829 0.92300 
-13.25830 0.92400 
-13.25830 0.92500 
-13.25831 0.92600 
-13.25831 0.92700 
-13.25831 0.92800 
-13.25832 0.92900 
-13.25832 0.93000 
-13.25832 0.93100 
-13.25833 0.93200 
-13.25833 0.93300 
-13.25834 0.93400 
-13.25834 0.93500 
-13.25834 0.93600 
-13.25835 0.93700 
-13.25835 0.93800 
-13.25835 0.93900 
-13.25836 0.94000 
-13.25836 0.94100 
-13.25836 0.94200 
-13.25837 0.94300 
-13.25837 0.94400 
-13.25837 0.94500 
-13.25837 0.94600 
-13.25838 0.94700 
-13.25838 0.94800 
-13.25838 0.94900 
-13.25839 0.95000 
-13.25839 0.95100 
-13.25839 0.95200 
-13.25840 0.95300 
-13.25840 0.95400 
-13.25840 0.95500 
-13.25840 0.95600 
-13.25841 0.95700 
-13.25841 0.95800 
-13.25841 0.95900 
-13.25841 0.96000 
-13.25842 0.96100 
-13.25842 0.96200 
-13.25842 0.96300 
-13.25842 0.96400 
-13.25843 0.96500 
-13.25843 0.96600 
-13.25843 0.96700 
-13.25843 0.96800 
-13.25844 0.96900 
-13.25844 0.97000 
-13.25844 0.97100 
-13.25844 0.97200 
-13.25845 0.97300 
-13.25845 0.97400 
-13.25845 0.97500 
-13.25845 0.97600 
-13.25845 0.97700 
-13.25846 0.97800 
-13.25846 0.97900 
-13.25846 0.98000 
-13.25846 0.98100 
-13.25846 0.98200 
-13.25847 0.98300 
-13.25847 0.98400 
-13.25847 0.98500 
-13.25847 0.98600 
-13.25847 0.98700 
-13.25848 0.98800 
-13.25848 0.98900 
-13.25848 0.99000 
-13.25848 0.99100 
-13.25848 0.99200 
-13.25849 0.99300 
-13.25849 0.99400 
-13.25849 0.99500 
-13.25849 0.99600 
-13.25849 0.99700 
-13.25849 0.99800 
-13.25850 0.99900 
