0.00000 0.00000 
-0.06529 0.00100 
-0.12983 0.00200 
-0.19363 0.00300 
-0.25671 0.00400 
-0.31907 0.00500 
-0.38071 0.00600 
-0.44166 0.00700 
-0.50191 0.00800 
-0.56147 0.00900 
-0.62035 0.01000 
-0.67856 0.01100 
-0.73611 0.01200 
-0.79300 0.01300 
-0.84924 0.01400 
-0.90484 0.01500 
-0.95981 0.01600 
-1.01415 0.01700 
-1.06787 0.01800 
-1.12098 0.01900 
-1.17348 0.02000 
-1.22538 0.02100 
-1.27670 0.02200 
-1.32742 0.02300 
-1.37757 0.02400 
-1.42715 0.02500 
-1.47616 0.02600 
-1.52462 0.02700 
-1.57252 0.02800 
-1.61987 0.02900 
-1.66669 0.03000 
-1.71297 0.03100 
-1.75872 0.03200 
-1.80395 0.03300 
-1.84867 0.03400 
-1.89288 0.03500 
-1.93658 0.03600 
-1.97978 0.03700 
-2.02249 0.03800 
-2.06472 0.03900 
-2.10646 0.04000 
-2.14772 0.04100 
-2.18852 0.04200 
-2.22885 0.04300 
-2.26872 0.04400 
-2.30814 0.04500 
-2.34710 0.04600 
-2.38563 0.04700 
-2.42371 0.04800 
-2.46136 0.04900 
-2.49858 0.05000 
-2.53537 0.05100 
-2.57175 0.05200 
-2.60771 0.05300 
-2.64326 0.05400 
-2.67841 0.05500 
-2.71315 0.05600 
-2.74750 0.05700 
-2.78146 0.05800 
-2.81503 0.05900 
-2.84821 0.06000 
-2.88102 0.06100 
-2.91346 0.06200 
-2.94552 0.06300 
-2.97722 0.06400 
-3.00856 0.06500 
-3.03954 0.06600 
-3.07017 0.06700 
-3.10044 0.06800 
-3.13038 0.06900 
-3.15997 0.07000 
-3.18922 0.07100 
-3.21814 0.07200 
-3.24673 0.07300 
-3.27500 0.07400 
-3.30294 0.07500 
-3.33056 0.07600 
-3.35787 0.07700 
-3.38487 0.07800 
-3.41156 0.07900 
-3.43794 0.08000 
-3.46403 0.08100 
-3.48981 0.08200 
-3.51531 0.08300 
-3.54051 0.08400 
-3.56542 0.08500 
-3.59005 0.08600 
-3.61440 0.08700 
-3.63848 0.08800 
-3.66227 0.08900 
-3.68580 0.09000 
-3.70906 0.09100 
-3.73205 0.09200 
-3.75478 0.09300 
-3.77725 0.09400 
-3.79947 0.09500 
-3.82143 0.09600 
-3.84314 0.09700 
-3.86461 0.09800 
-3.88583 0.09900 
-3.90680 0.10000 
-3.92754 0.10100 
-3.94804 0.10200 
-3.96831 0.10300 
-3.98835 0.10400 
-4.00816 0.10500 
-4.02774 0.10600 
-4.04710 0.10700 
-4.06624 0.10800 
-4.08516 0.10900 
-4.10386 0.11000 
-4.12235 0.11100 
-4.14063 0.11200 
-4.15871 0.11300 
-4.17657 0.11400 
-4.19424 0.11500 
-4.21170 0.11600 
-4.22896 0.11700 
-4.24602 0.11800 
-4.26290 0.11900 
-4.27957 0.12000 
-4.29606 0.12100 
-4.31236 0.12200 
-4.32848 0.12300 
-4.34441 0.12400 
-4.36016 0.12500 
-4.37573 0.12600 
-4.39112 0.12700 
-4.40634 0.12800 
-4.42138 0.12900 
-4.43625 0.13000 
-4.45095 0.13100 
-4.46549 0.13200 
-4.47986 0.13300 
-4.49406 0.13400 
-4.50810 0.13500 
-4.52199 0.13600 
-4.53571 0.13700 
-4.54928 0.13800 
-4.56269 0.13900 
-4.57596 0.14000 
-4.58906 0.14100 
-4.60202 0.14200 
-4.61484 0.14300 
-4.62750 0.14400 
-4.64003 0.14500 
-4.65240 0.14600 
-4.66464 0.14700 
-4.67674 0.14800 
-4.68870 0.14900 
-4.70053 0.15000 
-4.71222 0.15100 
-4.72377 0.15200 
-4.73520 0.15300 
-4.74649 0.15400 
-4.75766 0.15500 
-4.76869 0.15600 
-4.77961 0.15700 
-4.79039 0.15800 
-4.80106 0.15900 
-4.81160 0.16000 
-4.82202 0.16100 
-4.83233 0.16200 
-4.84252 0.16300 
-4.85259 0.16400 
-4.86254 0.16500 
-4.87238 0.16600 
-4.88211 0.16700 
-4.89173 0.16800 
-4.90124 0.16900 
-4.91064 0.17000 
-4.91994 0.17100 
-4.92913 0.17200 
-4.93821 0.17300 
-4.94719 0.17400 
-4.95607 0.17500 
-4.96484 0.17600 
-4.97352 0.17700 
-4.98210 0.17800 
-4.99058 0.17900 
-4.99896 0.18000 
-5.00725 0.18100 
-5.01544 0.18200 
-5.02354 0.18300 
-5.03155 0.18400 
-5.03946 0.18500 
-5.04729 0.18600 
-5.05502 0.18700 
-5.06267 0.18800 
-5.07023 0.18900 
-5.07771 0.19000 
-5.08510 0.19100 
-5.09240 0.19200 
-5.09962 0.19300 
-5.10676 0.19400 
-5.11382 0.19500 
-5.12080 0.19600 
-5.12770 0.19700 
-5.13452 0.19800 
-5.14125 0.19900 
-5.14791 0.20000 
-5.15450 0.20100 
-5.16101 0.20200 
-5.16744 0.20300 
-5.17380 0.20400 
-5.18009 0.20500 
-5.18631 0.20600 
-5.19246 0.20700 
-5.19854 0.20800 
-5.20454 0.20900 
-5.21048 0.21000 
-5.21636 0.21100 
-5.22216 0.21200 
-5.22790 0.21300 
-5.23357 0.21400 
-5.23918 0.21500 
-5.24473 0.21600 
-5.25021 0.21700 
-5.25563 0.21800 
-5.26099 0.21900 
-5.26629 0.22000 
-5.27152 0.22100 
-5.27670 0.22200 
-5.28182 0.22300 
-5.28688 0.22400 
-5.29188 0.22500 
-5.29683 0.22600 
-5.30172 0.22700 
-5.30655 0.22800 
-5.31133 0.22900 
-5.31605 0.23000 
-5.32072 0.23100 
-5.32534 0.23200 
-5.32990 0.23300 
-5.33442 0.23400 
-5.33888 0.23500 
-5.34329 0.23600 
-5.34765 0.23700 
-5.35196 0.23800 
-5.35622 0.23900 
-5.36043 0.24000 
-5.36460 0.24100 
-5.36871 0.24200 
-5.37279 0.24300 
-5.37681 0.24400 
-5.38079 0.24500 
-5.38472 0.24600 
-5.38861 0.24700 
-5.39245 0.24800 
-5.39625 0.24900 
-5.40001 0.25000 
-5.40373 0.25100 
-5.40740 0.25200 
-5.41103 0.25300 
-5.41462 0.25400 
-5.41817 0.25500 
-5.42167 0.25600 
-5.42514 0.25700 
-5.42857 0.25800 
-5.43196 0.25900 
-5.43531 0.26000 
-5.43862 0.26100 
-5.44190 0.26200 
-5.44513 0.26300 
-5.44833 0.26400 
-5.45150 0.26500 
-5.45463 0.26600 
-5.45772 0.26700 
-5.46078 0.26800 
-5.46380 0.26900 
-5.46679 0.27000 
-5.46974 0.27100 
-5.47266 0.27200 
-5.47555 0.27300 
-5.47840 0.27400 
-5.48122 0.27500 
-5.48401 0.27600 
-5.48677 0.27700 
-5.48950 0.27800 
-5.49219 0.27900 
-5.49486 0.28000 
-5.49749 0.28100 
-5.50010 0.28200 
-5.50267 0.28300 
-5.50522 0.28400 
-5.50773 0.28500 
-5.51022 0.28600 
-5.51268 0.28700 
-5.51511 0.28800 
-5.51752 0.28900 
-5.51989 0.29000 
-5.52224 0.29100 
-5.52457 0.29200 
-5.52686 0.29300 
-5.52913 0.29400 
-5.53138 0.29500 
-5.53360 0.29600 
-5.53579 0.29700 
-5.53796 0.29800 
-5.54010 0.29900 
-5.54222 0.30000 
-5.54432 0.30100 
-5.54639 0.30200 
-5.54844 0.30300 
-5.55046 0.30400 
-5.55247 0.30500 
-5.55444 0.30600 
-5.55640 0.30700 
-5.55833 0.30800 
-5.56025 0.30900 
-5.56214 0.31000 
-5.56401 0.31100 
-5.56585 0.31200 
-5.56768 0.31300 
-5.56948 0.31400 
-5.57127 0.31500 
-5.57303 0.31600 
-5.57478 0.31700 
-5.57650 0.31800 
-5.57821 0.31900 
-5.57989 0.32000 
-5.58156 0.32100 
-5.58321 0.32200 
-5.58483 0.32300 
-5.58644 0.32400 
-5.58804 0.32500 
-5.58961 0.32600 
-5.59116 0.32700 
-5.59270 0.32800 
-5.59422 0.32900 
-5.59573 0.33000 
-5.59721 0.33100 
-5.59868 0.33200 
-5.60013 0.33300 
-5.60157 0.33400 
-5.60299 0.33500 
-5.60439 0.33600 
-5.60578 0.33700 
-5.60715 0.33800 
-5.60850 0.33900 
-5.60984 0.34000 
-5.61117 0.34100 
-5.61248 0.34200 
-5.61377 0.34300 
-5.61505 0.34400 
-5.61632 0.34500 
-5.61757 0.34600 
-5.61880 0.34700 
-5.62003 0.34800 
-5.62124 0.34900 
-5.62243 0.35000 
-5.62361 0.35100 
-5.62478 0.35200 
-5.62593 0.35300 
-5.62708 0.35400 
-5.62820 0.35500 
-5.62932 0.35600 
-5.63042 0.35700 
-5.63151 0.35800 
-5.63259 0.35900 
-5.63366 0.36000 
-5.63471 0.36100 
-5.63575 0.36200 
-5.63678 0.36300 
-5.63780 0.36400 
-5.63881 0.36500 
-5.63980 0.36600 
-5.64079 0.36700 
-5.64176 0.36800 
-5.64272 0.36900 
-5.64367 0.37000 
-5.64461 0.37100 
-5.64554 0.37200 
-5.64646 0.37300 
-5.64737 0.37400 
-5.64826 0.37500 
-5.64915 0.37600 
-5.65003 0.37700 
-5.65089 0.37800 
-5.65175 0.37900 
-5.65260 0.38000 
-5.65344 0.38100 
-5.65427 0.38200 
-5.65509 0.38300 
-5.65589 0.38400 
-5.65670 0.38500 
-5.65749 0.38600 
-5.65827 0.38700 
-5.65904 0.38800 
-5.65981 0.38900 
-5.66056 0.39000 
-5.66131 0.39100 
-5.66205 0.39200 
-5.66278 0.39300 
-5.66350 0.39400 
-5.66421 0.39500 
-5.66492 0.39600 
-5.66562 0.39700 
-5.66631 0.39800 
-5.66699 0.39900 
-5.66766 0.40000 
-5.66833 0.40100 
-5.66899 0.40200 
-5.66964 0.40300 
-5.67028 0.40400 
-5.67092 0.40500 
-5.67155 0.40600 
-5.67217 0.40700 
-5.67279 0.40800 
-5.67339 0.40900 
-5.67400 0.41000 
-5.67459 0.41100 
-5.67518 0.41200 
-5.67576 0.41300 
-5.67633 0.41400 
-5.67690 0.41500 
-5.67746 0.41600 
-5.67802 0.41700 
-5.67856 0.41800 
-5.67911 0.41900 
-5.67964 0.42000 
-5.68017 0.42100 
-5.68070 0.42200 
-5.68121 0.42300 
-5.68173 0.42400 
-5.68223 0.42500 
-5.68273 0.42600 
-5.68323 0.42700 
-5.68372 0.42800 
-5.68420 0.42900 
-5.68468 0.43000 
-5.68515 0.43100 
-5.68562 0.43200 
-5.68608 0.43300 
-5.68654 0.43400 
-5.68699 0.43500 
-5.68743 0.43600 
-5.68787 0.43700 
-5.68831 0.43800 
-5.68874 0.43900 
-5.68917 0.44000 
-5.68959 0.44100 
-5.69000 0.44200 
-5.69042 0.44300 
-5.69082 0.44400 
-5.69123 0.44500 
-5.69162 0.44600 
-5.69202 0.44700 
-5.69241 0.44800 
-5.69279 0.44900 
-5.69317 0.45000 
-5.69355 0.45100 
-5.69392 0.45200 
-5.69428 0.45300 
-5.69465 0.45400 
-5.69501 0.45500 
-5.69536 0.45600 
-5.69571 0.45700 
-5.69606 0.45800 
-5.69640 0.45900 
-5.69674 0.46000 
-5.69708 0.46100 
-5.69741 0.46200 
-5.69773 0.46300 
-5.69806 0.46400 
-5.69838 0.46500 
-5.69869 0.46600 
-5.69901 0.46700 
-5.69932 0.46800 
-5.69962 0.46900 
-5.69992 0.47000 
-5.70022 0.47100 
-5.70052 0.47200 
-5.70081 0.47300 
-5.70110 0.47400 
-5.70138 0.47500 
-5.70167 0.47600 
-5.70194 0.47700 
-5.70222 0.47800 
-5.70249 0.47900 
-5.70276 0.48000 
-5.70303 0.48100 
-5.70329 0.48200 
-5.70355 0.48300 
-5.70381 0.48400 
-5.70406 0.48500 
-5.70432 0.48600 
-5.70456 0.48700 
-5.70481 0.48800 
-5.70505 0.48900 
-5.70529 0.49000 
-5.70553 0.49100 
-5.70577 0.49200 
-5.70600 0.49300 
-5.70623 0.49400 
-5.70646 0.49500 
-5.70668 0.49600 
-5.70690 0.49700 
-5.70712 0.49800 
-5.70734 0.49900 
-5.70755 0.50000 
-5.70776 0.50100 
-5.70797 0.50200 
-5.70818 0.50300 
-5.70839 0.50400 
-5.70859 0.50500 
-5.70879 0.50600 
-5.70899 0.50700 
-5.70918 0.50800 
-5.70938 0.50900 
-5.70957 0.51000 
-5.70976 0.51100 
-5.70994 0.51200 
-5.71013 0.51300 
-5.71031 0.51400 
-5.71049 0.51500 
-5.71067 0.51600 
-5.71085 0.51700 
-5.71102 0.51800 
-5.71120 0.51900 
-5.71137 0.52000 
-5.71154 0.52100 
-5.71170 0.52200 
-5.71187 0.52300 
-5.71203 0.52400 
-5.71219 0.52500 
-5.71235 0.52600 
-5.71251 0.52700 
-5.71266 0.52800 
-5.71282 0.52900 
-5.71297 0.53000 
-5.71312 0.53100 
-5.71327 0.53200 
-5.71342 0.53300 
-5.71356 0.53400 
-5.71371 0.53500 
-5.71385 0.53600 
-5.71399 0.53700 
-5.71413 0.53800 
-5.71427 0.53900 
-5.71440 0.54000 
-5.71454 0.54100 
-5.71467 0.54200 
-5.71480 0.54300 
-5.71493 0.54400 
-5.71506 0.54500 
-5.71519 0.54600 
-5.71531 0.54700 
-5.71544 0.54800 
-5.71556 0.54900 
-5.71568 0.55000 
-5.71580 0.55100 
-5.71592 0.55200 
-5.71604 0.55300 
-5.71615 0.55400 
-5.71627 0.55500 
-5.71638 0.55600 
-5.71649 0.55700 
-5.71660 0.55800 
-5.71671 0.55900 
-5.71682 0.56000 
-5.71693 0.56100 
-5.71703 0.56200 
-5.71714 0.56300 
-5.71724 0.56400 
-5.71734 0.56500 
-5.71744 0.56600 
-5.71754 0.56700 
-5.71764 0.56800 
-5.71774 0.56900 
-5.71784 0.57000 
-5.71793 0.57100 
-5.71803 0.57200 
-5.71812 0.57300 
-5.71821 0.57400 
-5.71830 0.57500 
-5.71839 0.57600 
-5.71848 0.57700 
-5.71857 0.57800 
-5.71866 0.57900 
-5.71874 0.58000 
-5.71883 0.58100 
-5.71891 0.58200 
-5.71900 0.58300 
-5.71908 0.58400 
-5.71916 0.58500 
-5.71924 0.58600 
-5.71932 0.58700 
-5.71940 0.58800 
-5.71948 0.58900 
-5.71955 0.59000 
-5.71963 0.59100 
-5.71970 0.59200 
-5.71978 0.59300 
-5.71985 0.59400 
-5.71992 0.59500 
-5.72000 0.59600 
-5.72007 0.59700 
-5.72014 0.59800 
-5.72021 0.59900 
-5.72028 0.60000 
-5.72034 0.60100 
-5.72041 0.60200 
-5.72048 0.60300 
-5.72054 0.60400 
-5.72061 0.60500 
-5.72067 0.60600 
-5.72073 0.60700 
-5.72080 0.60800 
-5.72086 0.60900 
-5.72092 0.61000 
-5.72098 0.61100 
-5.72104 0.61200 
-5.72110 0.61300 
-5.72116 0.61400 
-5.72122 0.61500 
-5.72127 0.61600 
-5.72133 0.61700 
-5.72138 0.61800 
-5.72144 0.61900 
-5.72149 0.62000 
-5.72155 0.62100 
-5.72160 0.62200 
-5.72165 0.62300 
-5.72171 0.62400 
-5.72176 0.62500 
-5.72181 0.62600 
-5.72186 0.62700 
-5.72191 0.62800 
-5.72196 0.62900 
-5.72201 0.63000 
-5.72206 0.63100 
-5.72210 0.63200 
-5.72215 0.63300 
-5.72220 0.63400 
-5.72224 0.63500 
-5.72229 0.63600 
-5.72233 0.63700 
-5.72238 0.63800 
-5.72242 0.63900 
-5.72247 0.64000 
-5.72251 0.64100 
-5.72255 0.64200 
-5.72259 0.64300 
-5.72263 0.64400 
-5.72268 0.64500 
-5.72272 0.64600 
-5.72276 0.64700 
-5.72280 0.64800 
-5.72284 0.64900 
-5.72287 0.65000 
-5.72291 0.65100 
-5.72295 0.65200 
-5.72299 0.65300 
-5.72302 0.65400 
-5.72306 0.65500 
-5.72310 0.65600 
-5.72313 0.65700 
-5.72317 0.65800 
-5.72320 0.65900 
-5.72324 0.66000 
-5.72327 0.66100 
-5.72331 0.66200 
-5.72334 0.66300 
-5.72337 0.66400 
-5.72341 0.66500 
-5.72344 0.66600 
-5.72347 0.66700 
-5.72350 0.66800 
-5.72353 0.66900 
-5.72356 0.67000 
-5.72359 0.67100 
-5.72362 0.67200 
-5.72365 0.67300 
-5.72368 0.67400 
-5.72371 0.67500 
-5.72374 0.67600 
-5.72377 0.67700 
-5.72380 0.67800 
-5.72383 0.67900 
-5.72385 0.68000 
-5.72388 0.68100 
-5.72391 0.68200 
-5.72393 0.68300 
-5.72396 0.68400 
-5.72399 0.68500 
-5.72401 0.68600 
-5.72404 0.68700 
-5.72406 0.68800 
-5.72409 0.68900 
-5.72411 0.69000 
-5.72414 0.69100 
-5.72416 0.69200 
-5.72418 0.69300 
-5.72421 0.69400 
-5.72423 0.69500 
-5.72425 0.69600 
-5.72428 0.69700 
-5.72430 0.69800 
-5.72432 0.69900 
-5.72434 0.70000 
-5.72437 0.70100 
-5.72439 0.70200 
-5.72441 0.70300 
-5.72443 0.70400 
-5.72445 0.70500 
-5.72447 0.70600 
-5.72449 0.70700 
-5.72451 0.70800 
-5.72453 0.70900 
-5.72455 0.71000 
-5.72457 0.71100 
-5.72459 0.71200 
-5.72461 0.71300 
-5.72463 0.71400 
-5.72464 0.71500 
-5.72466 0.71600 
-5.72468 0.71700 
-5.72470 0.71800 
-5.72472 0.71900 
-5.72473 0.72000 
-5.72475 0.72100 
-5.72477 0.72200 
-5.72478 0.72300 
-5.72480 0.72400 
-5.72482 0.72500 
-5.72483 0.72600 
-5.72485 0.72700 
-5.72487 0.72800 
-5.72488 0.72900 
-5.72490 0.73000 
-5.72491 0.73100 
-5.72493 0.73200 
-5.72494 0.73300 
-5.72496 0.73400 
-5.72497 0.73500 
-5.72499 0.73600 
-5.72500 0.73700 
-5.72502 0.73800 
-5.72503 0.73900 
-5.72504 0.74000 
-5.72506 0.74100 
-5.72507 0.74200 
-5.72508 0.74300 
-5.72510 0.74400 
-5.72511 0.74500 
-5.72512 0.74600 
-5.72514 0.74700 
-5.72515 0.74800 
-5.72516 0.74900 
-5.72517 0.75000 
-5.72519 0.75100 
-5.72520 0.75200 
-5.72521 0.75300 
-5.72522 0.75400 
-5.72523 0.75500 
-5.72525 0.75600 
-5.72526 0.75700 
-5.72527 0.75800 
-5.72528 0.75900 
-5.72529 0.76000 
-5.72530 0.76100 
-5.72531 0.76200 
-5.72532 0.76300 
-5.72533 0.76400 
-5.72534 0.76500 
-5.72535 0.76600 
-5.72536 0.76700 
-5.72538 0.76800 
-5.72538 0.76900 
-5.72539 0.77000 
-5.72540 0.77100 
-5.72541 0.77200 
-5.72542 0.77300 
-5.72543 0.77400 
-5.72544 0.77500 
-5.72545 0.77600 
-5.72546 0.77700 
-5.72547 0.77800 
-5.72548 0.77900 
-5.72549 0.78000 
-5.72550 0.78100 
-5.72550 0.78200 
-5.72551 0.78300 
-5.72552 0.78400 
-5.72553 0.78500 
-5.72554 0.78600 
-5.72555 0.78700 
-5.72555 0.78800 
-5.72556 0.78900 
-5.72557 0.79000 
-5.72558 0.79100 
-5.72559 0.79200 
-5.72559 0.79300 
-5.72560 0.79400 
-5.72561 0.79500 
-5.72562 0.79600 
-5.72562 0.79700 
-5.72563 0.79800 
-5.72564 0.79900 
-5.72564 0.80000 
-5.72565 0.80100 
-5.72566 0.80200 
-5.72566 0.80300 
-5.72567 0.80400 
-5.72568 0.80500 
-5.72568 0.80600 
-5.72569 0.80700 
-5.72570 0.80800 
-5.72570 0.80900 
-5.72571 0.81000 
-5.72572 0.81100 
-5.72572 0.81200 
-5.72573 0.81300 
-5.72573 0.81400 
-5.72574 0.81500 
-5.72575 0.81600 
-5.72575 0.81700 
-5.72576 0.81800 
-5.72576 0.81900 
-5.72577 0.82000 
-5.72577 0.82100 
-5.72578 0.82200 
-5.72579 0.82300 
-5.72579 0.82400 
-5.72580 0.82500 
-5.72580 0.82600 
-5.72581 0.82700 
-5.72581 0.82800 
-5.72582 0.82900 
-5.72582 0.83000 
-5.72583 0.83100 
-5.72583 0.83200 
-5.72584 0.83300 
-5.72584 0.83400 
-5.72585 0.83500 
-5.72585 0.83600 
-5.72585 0.83700 
-5.72586 0.83800 
-5.72586 0.83900 
-5.72587 0.84000 
-5.72587 0.84100 
-5.72588 0.84200 
-5.72588 0.84300 
-5.72589 0.84400 
-5.72589 0.84500 
-5.72589 0.84600 
-5.72590 0.84700 
-5.72590 0.84800 
-5.72591 0.84900 
-5.72591 0.85000 
-5.72591 0.85100 
-5.72592 0.85200 
-5.72592 0.85300 
-5.72593 0.85400 
-5.72593 0.85500 
-5.72593 0.85600 
-5.72594 0.85700 
-5.72594 0.85800 
-5.72594 0.85900 
-5.72595 0.86000 
-5.72595 0.86100 
-5.72595 0.86200 
-5.72596 0.86300 
-5.72596 0.86400 
-5.72596 0.86500 
-5.72597 0.86600 
-5.72597 0.86700 
-5.72597 0.86800 
-5.72598 0.86900 
-5.72598 0.87000 
-5.72598 0.87100 
-5.72599 0.87200 
-5.72599 0.87300 
-5.72599 0.87400 
-5.72600 0.87500 
-5.72600 0.87600 
-5.72600 0.87700 
-5.72600 0.87800 
-5.72601 0.87900 
-5.72601 0.88000 
-5.72601 0.88100 
-5.72602 0.88200 
-5.72602 0.88300 
-5.72602 0.88400 
-5.72602 0.88500 
-5.72603 0.88600 
-5.72603 0.88700 
-5.72603 0.88800 
-5.72603 0.88900 
-5.72604 0.89000 
-5.72604 0.89100 
-5.72604 0.89200 
-5.72604 0.89300 
-5.72605 0.89400 
-5.72605 0.89500 
-5.72605 0.89600 
-5.72605 0.89700 
-5.72606 0.89800 
-5.72606 0.89900 
-5.72606 0.90000 
-5.72606 0.90100 
-5.72606 0.90200 
-5.72607 0.90300 
-5.72607 0.90400 
-5.72607 0.90500 
-5.72607 0.90600 
-5.72608 0.90700 
-5.72608 0.90800 
-5.72608 0.90900 
-5.72608 0.91000 
-5.72608 0.91100 
-5.72609 0.91200 
-5.72609 0.91300 
-5.72609 0.91400 
-5.72609 0.91500 
-5.72609 0.91600 
-5.72609 0.91700 
-5.72610 0.91800 
-5.72610 0.91900 
-5.72610 0.92000 
-5.72610 0.92100 
-5.72610 0.92200 
-5.72611 0.92300 
-5.72611 0.92400 
-5.72611 0.92500 
-5.72611 0.92600 
-5.72611 0.92700 
-5.72611 0.92800 
-5.72612 0.92900 
-5.72612 0.93000 
-5.72612 0.93100 
-5.72612 0.93200 
-5.72612 0.93300 
-5.72612 0.93400 
-5.72612 0.93500 
-5.72613 0.93600 
-5.72613 0.93700 
-5.72613 0.93800 
-5.72613 0.93900 
-5.72613 0.94000 
-5.72613 0.94100 
-5.72613 0.94200 
-5.72614 0.94300 
-5.72614 0.94400 
-5.72614 0.94500 
-5.72614 0.94600 
-5.72614 0.94700 
-5.72614 0.94800 
-5.72614 0.94900 
-5.72615 0.95000 
-5.72615 0.95100 
-5.72615 0.95200 
-5.72615 0.95300 
-5.72615 0.95400 
-5.72615 0.95500 
-5.72615 0.95600 
-5.72615 0.95700 
-5.72615 0.95800 
-5.72616 0.95900 
-5.72616 0.96000 
-5.72616 0.96100 
-5.72616 0.96200 
-5.72616 0.96300 
-5.72616 0.96400 
-5.72616 0.96500 
-5.72616 0.96600 
-5.72616 0.96700 
-5.72617 0.96800 
-5.72617 0.96900 
-5.72617 0.97000 
-5.72617 0.97100 
-5.72617 0.97200 
-5.72617 0.97300 
-5.72617 0.97400 
-5.72617 0.97500 
-5.72617 0.97600 
-5.72617 0.97700 
-5.72618 0.97800 
-5.72618 0.97900 
-5.72618 0.98000 
-5.72618 0.98100 
-5.72618 0.98200 
-5.72618 0.98300 
-5.72618 0.98400 
-5.72618 0.98500 
-5.72618 0.98600 
-5.72618 0.98700 
-5.72618 0.98800 
-5.72618 0.98900 
-5.72619 0.99000 
-5.72619 0.99100 
-5.72619 0.99200 
-5.72619 0.99300 
-5.72619 0.99400 
-5.72619 0.99500 
-5.72619 0.99600 
-5.72619 0.99700 
-5.72619 0.99800 
-5.72619 0.99900 
