0.00000 0.00000 
0.01381 0.00100 
0.02745 0.00200 
0.04095 0.00300 
0.05428 0.00400 
0.06747 0.00500 
0.08050 0.00600 
0.09339 0.00700 
0.10613 0.00800 
0.11873 0.00900 
0.13118 0.01000 
0.14349 0.01100 
0.15566 0.01200 
0.16769 0.01300 
0.17958 0.01400 
0.19134 0.01500 
0.20296 0.01600 
0.21445 0.01700 
0.22581 0.01800 
0.23704 0.01900 
0.24814 0.02000 
0.25912 0.02100 
0.26997 0.02200 
0.28069 0.02300 
0.29130 0.02400 
0.30178 0.02500 
0.31214 0.02600 
0.32239 0.02700 
0.33252 0.02800 
0.34253 0.02900 
0.35243 0.03000 
0.36222 0.03100 
0.37189 0.03200 
0.38146 0.03300 
0.39091 0.03400 
0.40026 0.03500 
0.40950 0.03600 
0.41863 0.03700 
0.42767 0.03800 
0.43659 0.03900 
0.44542 0.04000 
0.45415 0.04100 
0.46277 0.04200 
0.47130 0.04300 
0.47973 0.04400 
0.48807 0.04500 
0.49631 0.04600 
0.50445 0.04700 
0.51251 0.04800 
0.52047 0.04900 
0.52834 0.05000 
0.53612 0.05100 
0.54381 0.05200 
0.55141 0.05300 
0.55893 0.05400 
0.56636 0.05500 
0.57371 0.05600 
0.58097 0.05700 
0.58815 0.05800 
0.59525 0.05900 
0.60227 0.06000 
0.60921 0.06100 
0.61606 0.06200 
0.62284 0.06300 
0.62955 0.06400 
0.63617 0.06500 
0.64272 0.06600 
0.64920 0.06700 
0.65560 0.06800 
0.66193 0.06900 
0.66819 0.07000 
0.67438 0.07100 
0.68049 0.07200 
0.68654 0.07300 
0.69251 0.07400 
0.69842 0.07500 
0.70426 0.07600 
0.71004 0.07700 
0.71575 0.07800 
0.72139 0.07900 
0.72697 0.08000 
0.73249 0.08100 
0.73794 0.08200 
0.74333 0.08300 
0.74866 0.08400 
0.75393 0.08500 
0.75914 0.08600 
0.76429 0.08700 
0.76938 0.08800 
0.77441 0.08900 
0.77938 0.09000 
0.78430 0.09100 
0.78916 0.09200 
0.79397 0.09300 
0.79872 0.09400 
0.80342 0.09500 
0.80806 0.09600 
0.81266 0.09700 
0.81719 0.09800 
0.82168 0.09900 
0.82612 0.10000 
0.83050 0.10100 
0.83484 0.10200 
0.83913 0.10300 
0.84336 0.10400 
0.84755 0.10500 
0.85169 0.10600 
0.85579 0.10700 
0.85983 0.10800 
0.86384 0.10900 
0.86779 0.11000 
0.87170 0.11100 
0.87557 0.11200 
0.87939 0.11300 
0.88317 0.11400 
0.88690 0.11500 
0.89059 0.11600 
0.89424 0.11700 
0.89785 0.11800 
0.90142 0.11900 
0.90495 0.12000 
0.90844 0.12100 
0.91188 0.12200 
0.91529 0.12300 
0.91866 0.12400 
0.92199 0.12500 
0.92528 0.12600 
0.92854 0.12700 
0.93176 0.12800 
0.93494 0.12900 
0.93808 0.13000 
0.94119 0.13100 
0.94426 0.13200 
0.94730 0.13300 
0.95031 0.13400 
0.95328 0.13500 
0.95621 0.13600 
0.95911 0.13700 
0.96198 0.13800 
0.96482 0.13900 
0.96762 0.14000 
0.97040 0.14100 
0.97314 0.14200 
0.97585 0.14300 
0.97853 0.14400 
0.98117 0.14500 
0.98379 0.14600 
0.98638 0.14700 
0.98894 0.14800 
0.99147 0.14900 
0.99397 0.15000 
0.99644 0.15100 
0.99888 0.15200 
1.00130 0.15300 
1.00369 0.15400 
1.00605 0.15500 
1.00838 0.15600 
1.01069 0.15700 
1.01297 0.15800 
1.01522 0.15900 
1.01745 0.16000 
1.01966 0.16100 
1.02183 0.16200 
1.02399 0.16300 
1.02611 0.16400 
1.02822 0.16500 
1.03030 0.16600 
1.03236 0.16700 
1.03439 0.16800 
1.03640 0.16900 
1.03839 0.17000 
1.04035 0.17100 
1.04229 0.17200 
1.04421 0.17300 
1.04611 0.17400 
1.04799 0.17500 
1.04984 0.17600 
1.05168 0.17700 
1.05349 0.17800 
1.05528 0.17900 
1.05705 0.18000 
1.05880 0.18100 
1.06054 0.18200 
1.06225 0.18300 
1.06394 0.18400 
1.06562 0.18500 
1.06727 0.18600 
1.06891 0.18700 
1.07052 0.18800 
1.07212 0.18900 
1.07370 0.19000 
1.07526 0.19100 
1.07681 0.19200 
1.07833 0.19300 
1.07984 0.19400 
1.08134 0.19500 
1.08281 0.19600 
1.08427 0.19700 
1.08571 0.19800 
1.08714 0.19900 
1.08855 0.20000 
1.08994 0.20100 
1.09132 0.20200 
1.09268 0.20300 
1.09403 0.20400 
1.09536 0.20500 
1.09667 0.20600 
1.09797 0.20700 
1.09926 0.20800 
1.10053 0.20900 
1.10179 0.21000 
1.10303 0.21100 
1.10426 0.21200 
1.10547 0.21300 
1.10667 0.21400 
1.10786 0.21500 
1.10904 0.21600 
1.11020 0.21700 
1.11134 0.21800 
1.11248 0.21900 
1.11360 0.22000 
1.11470 0.22100 
1.11580 0.22200 
1.11688 0.22300 
1.11795 0.22400 
1.11901 0.22500 
1.12006 0.22600 
1.12109 0.22700 
1.12212 0.22800 
1.12313 0.22900 
1.12413 0.23000 
1.12512 0.23100 
1.12609 0.23200 
1.12706 0.23300 
1.12801 0.23400 
1.12896 0.23500 
1.12989 0.23600 
1.13081 0.23700 
1.13173 0.23800 
1.13263 0.23900 
1.13352 0.24000 
1.13440 0.24100 
1.13527 0.24200 
1.13613 0.24300 
1.13698 0.24400 
1.13783 0.24500 
1.13866 0.24600 
1.13948 0.24700 
1.14029 0.24800 
1.14110 0.24900 
1.14189 0.25000 
1.14268 0.25100 
1.14346 0.25200 
1.14422 0.25300 
1.14498 0.25400 
1.14573 0.25500 
1.14648 0.25600 
1.14721 0.25700 
1.14794 0.25800 
1.14865 0.25900 
1.14936 0.26000 
1.15006 0.26100 
1.15076 0.26200 
1.15144 0.26300 
1.15212 0.26400 
1.15279 0.26500 
1.15345 0.26600 
1.15411 0.26700 
1.15475 0.26800 
1.15539 0.26900 
1.15603 0.27000 
1.15665 0.27100 
1.15727 0.27200 
1.15788 0.27300 
1.15848 0.27400 
1.15908 0.27500 
1.15967 0.27600 
1.16025 0.27700 
1.16083 0.27800 
1.16140 0.27900 
1.16197 0.28000 
1.16252 0.28100 
1.16307 0.28200 
1.16362 0.28300 
1.16416 0.28400 
1.16469 0.28500 
1.16522 0.28600 
1.16574 0.28700 
1.16625 0.28800 
1.16676 0.28900 
1.16726 0.29000 
1.16776 0.29100 
1.16825 0.29200 
1.16874 0.29300 
1.16922 0.29400 
1.16969 0.29500 
1.17016 0.29600 
1.17062 0.29700 
1.17108 0.29800 
1.17154 0.29900 
1.17198 0.30000 
1.17243 0.30100 
1.17287 0.30200 
1.17330 0.30300 
1.17373 0.30400 
1.17415 0.30500 
1.17457 0.30600 
1.17498 0.30700 
1.17539 0.30800 
1.17580 0.30900 
1.17620 0.31000 
1.17659 0.31100 
1.17698 0.31200 
1.17737 0.31300 
1.17775 0.31400 
1.17813 0.31500 
1.17850 0.31600 
1.17887 0.31700 
1.17923 0.31800 
1.17959 0.31900 
1.17995 0.32000 
1.18030 0.32100 
1.18065 0.32200 
1.18100 0.32300 
1.18134 0.32400 
1.18167 0.32500 
1.18201 0.32600 
1.18234 0.32700 
1.18266 0.32800 
1.18298 0.32900 
1.18330 0.33000 
1.18362 0.33100 
1.18393 0.33200 
1.18423 0.33300 
1.18454 0.33400 
1.18484 0.33500 
1.18513 0.33600 
1.18543 0.33700 
1.18572 0.33800 
1.18600 0.33900 
1.18629 0.34000 
1.18657 0.34100 
1.18685 0.34200 
1.18712 0.34300 
1.18739 0.34400 
1.18766 0.34500 
1.18792 0.34600 
1.18818 0.34700 
1.18844 0.34800 
1.18870 0.34900 
1.18895 0.35000 
1.18920 0.35100 
1.18945 0.35200 
1.18969 0.35300 
1.18994 0.35400 
1.19017 0.35500 
1.19041 0.35600 
1.19064 0.35700 
1.19087 0.35800 
1.19110 0.35900 
1.19133 0.36000 
1.19155 0.36100 
1.19177 0.36200 
1.19199 0.36300 
1.19220 0.36400 
1.19242 0.36500 
1.19263 0.36600 
1.19284 0.36700 
1.19304 0.36800 
1.19324 0.36900 
1.19345 0.37000 
1.19364 0.37100 
1.19384 0.37200 
1.19404 0.37300 
1.19423 0.37400 
1.19442 0.37500 
1.19461 0.37600 
1.19479 0.37700 
1.19497 0.37800 
1.19516 0.37900 
1.19533 0.38000 
1.19551 0.38100 
1.19569 0.38200 
1.19586 0.38300 
1.19603 0.38400 
1.19620 0.38500 
1.19637 0.38600 
1.19653 0.38700 
1.19670 0.38800 
1.19686 0.38900 
1.19702 0.39000 
1.19718 0.39100 
1.19733 0.39200 
1.19749 0.39300 
1.19764 0.39400 
1.19779 0.39500 
1.19794 0.39600 
1.19809 0.39700 
1.19823 0.39800 
1.19838 0.39900 
1.19852 0.40000 
1.19866 0.40100 
1.19880 0.40200 
1.19894 0.40300 
1.19908 0.40400 
1.19921 0.40500 
1.19934 0.40600 
1.19947 0.40700 
1.19960 0.40800 
1.19973 0.40900 
1.19986 0.41000 
1.19999 0.41100 
1.20011 0.41200 
1.20023 0.41300 
1.20035 0.41400 
1.20047 0.41500 
1.20059 0.41600 
1.20071 0.41700 
1.20083 0.41800 
1.20094 0.41900 
1.20105 0.42000 
1.20117 0.42100 
1.20128 0.42200 
1.20139 0.42300 
1.20150 0.42400 
1.20160 0.42500 
1.20171 0.42600 
1.20181 0.42700 
1.20192 0.42800 
1.20202 0.42900 
1.20212 0.43000 
1.20222 0.43100 
1.20232 0.43200 
1.20242 0.43300 
1.20251 0.43400 
1.20261 0.43500 
1.20270 0.43600 
1.20280 0.43700 
1.20289 0.43800 
1.20298 0.43900 
1.20307 0.44000 
1.20316 0.44100 
1.20325 0.44200 
1.20333 0.44300 
1.20342 0.44400 
1.20351 0.44500 
1.20359 0.44600 
1.20367 0.44700 
1.20375 0.44800 
1.20384 0.44900 
1.20392 0.45000 
1.20400 0.45100 
1.20407 0.45200 
1.20415 0.45300 
1.20423 0.45400 
1.20430 0.45500 
1.20438 0.45600 
1.20445 0.45700 
1.20453 0.45800 
1.20460 0.45900 
1.20467 0.46000 
1.20474 0.46100 
1.20481 0.46200 
1.20488 0.46300 
1.20495 0.46400 
1.20502 0.46500 
1.20509 0.46600 
1.20515 0.46700 
1.20522 0.46800 
1.20528 0.46900 
1.20535 0.47000 
1.20541 0.47100 
1.20547 0.47200 
1.20553 0.47300 
1.20560 0.47400 
1.20566 0.47500 
1.20572 0.47600 
1.20577 0.47700 
1.20583 0.47800 
1.20589 0.47900 
1.20595 0.48000 
1.20600 0.48100 
1.20606 0.48200 
1.20612 0.48300 
1.20617 0.48400 
1.20622 0.48500 
1.20628 0.48600 
1.20633 0.48700 
1.20638 0.48800 
1.20643 0.48900 
1.20648 0.49000 
1.20653 0.49100 
1.20658 0.49200 
1.20663 0.49300 
1.20668 0.49400 
1.20673 0.49500 
1.20678 0.49600 
1.20683 0.49700 
1.20687 0.49800 
1.20692 0.49900 
1.20696 0.50000 
1.20701 0.50100 
1.20705 0.50200 
1.20710 0.50300 
1.20714 0.50400 
1.20718 0.50500 
1.20723 0.50600 
1.20727 0.50700 
1.20731 0.50800 
1.20735 0.50900 
1.20739 0.51000 
1.20743 0.51100 
1.20747 0.51200 
1.20751 0.51300 
1.20755 0.51400 
1.20759 0.51500 
1.20762 0.51600 
1.20766 0.51700 
1.20770 0.51800 
1.20774 0.51900 
1.20777 0.52000 
1.20781 0.52100 
1.20784 0.52200 
1.20788 0.52300 
1.20791 0.52400 
1.20795 0.52500 
1.20798 0.52600 
1.20801 0.52700 
1.20805 0.52800 
1.20808 0.52900 
1.20811 0.53000 
1.20814 0.53100 
1.20818 0.53200 
1.20821 0.53300 
1.20824 0.53400 
1.20827 0.53500 
1.20830 0.53600 
1.20833 0.53700 
1.20836 0.53800 
1.20839 0.53900 
1.20842 0.54000 
1.20844 0.54100 
1.20847 0.54200 
1.20850 0.54300 
1.20853 0.54400 
1.20855 0.54500 
1.20858 0.54600 
1.20861 0.54700 
1.20863 0.54800 
1.20866 0.54900 
1.20869 0.55000 
1.20871 0.55100 
1.20874 0.55200 
1.20876 0.55300 
1.20879 0.55400 
1.20881 0.55500 
1.20883 0.55600 
1.20886 0.55700 
1.20888 0.55800 
1.20891 0.55900 
1.20893 0.56000 
1.20895 0.56100 
1.20897 0.56200 
1.20900 0.56300 
1.20902 0.56400 
1.20904 0.56500 
1.20906 0.56600 
1.20908 0.56700 
1.20910 0.56800 
1.20912 0.56900 
1.20914 0.57000 
1.20916 0.57100 
1.20918 0.57200 
1.20920 0.57300 
1.20922 0.57400 
1.20924 0.57500 
1.20926 0.57600 
1.20928 0.57700 
1.20930 0.57800 
1.20932 0.57900 
1.20934 0.58000 
1.20935 0.58100 
1.20937 0.58200 
1.20939 0.58300 
1.20941 0.58400 
1.20942 0.58500 
1.20944 0.58600 
1.20946 0.58700 
1.20947 0.58800 
1.20949 0.58900 
1.20951 0.59000 
1.20952 0.59100 
1.20954 0.59200 
1.20956 0.59300 
1.20957 0.59400 
1.20959 0.59500 
1.20960 0.59600 
1.20962 0.59700 
1.20963 0.59800 
1.20965 0.59900 
1.20966 0.60000 
1.20968 0.60100 
1.20969 0.60200 
1.20970 0.60300 
1.20972 0.60400 
1.20973 0.60500 
1.20974 0.60600 
1.20976 0.60700 
1.20977 0.60800 
1.20978 0.60900 
1.20980 0.61000 
1.20981 0.61100 
1.20982 0.61200 
1.20984 0.61300 
1.20985 0.61400 
1.20986 0.61500 
1.20987 0.61600 
1.20988 0.61700 
1.20990 0.61800 
1.20991 0.61900 
1.20992 0.62000 
1.20993 0.62100 
1.20994 0.62200 
1.20995 0.62300 
1.20996 0.62400 
1.20998 0.62500 
1.20999 0.62600 
1.21000 0.62700 
1.21001 0.62800 
1.21002 0.62900 
1.21003 0.63000 
1.21004 0.63100 
1.21005 0.63200 
1.21006 0.63300 
1.21007 0.63400 
1.21008 0.63500 
1.21009 0.63600 
1.21010 0.63700 
1.21011 0.63800 
1.21012 0.63900 
1.21013 0.64000 
1.21013 0.64100 
1.21014 0.64200 
1.21015 0.64300 
1.21016 0.64400 
1.21017 0.64500 
1.21018 0.64600 
1.21019 0.64700 
1.21020 0.64800 
1.21020 0.64900 
1.21021 0.65000 
1.21022 0.65100 
1.21023 0.65200 
1.21024 0.65300 
1.21024 0.65400 
1.21025 0.65500 
1.21026 0.65600 
1.21027 0.65700 
1.21027 0.65800 
1.21028 0.65900 
1.21029 0.66000 
1.21030 0.66100 
1.21030 0.66200 
1.21031 0.66300 
1.21032 0.66400 
1.21032 0.66500 
1.21033 0.66600 
1.21034 0.66700 
1.21034 0.66800 
1.21035 0.66900 
1.21036 0.67000 
1.21036 0.67100 
1.21037 0.67200 
1.21038 0.67300 
1.21038 0.67400 
1.21039 0.67500 
1.21040 0.67600 
1.21040 0.67700 
1.21041 0.67800 
1.21041 0.67900 
1.21042 0.68000 
1.21043 0.68100 
1.21043 0.68200 
1.21044 0.68300 
1.21044 0.68400 
1.21045 0.68500 
1.21045 0.68600 
1.21046 0.68700 
1.21046 0.68800 
1.21047 0.68900 
1.21047 0.69000 
1.21048 0.69100 
1.21048 0.69200 
1.21049 0.69300 
1.21049 0.69400 
1.21050 0.69500 
1.21050 0.69600 
1.21051 0.69700 
1.21051 0.69800 
1.21052 0.69900 
1.21052 0.70000 
1.21053 0.70100 
1.21053 0.70200 
1.21054 0.70300 
1.21054 0.70400 
1.21055 0.70500 
1.21055 0.70600 
1.21055 0.70700 
1.21056 0.70800 
1.21056 0.70900 
1.21057 0.71000 
1.21057 0.71100 
1.21058 0.71200 
1.21058 0.71300 
1.21058 0.71400 
1.21059 0.71500 
1.21059 0.71600 
1.21059 0.71700 
1.21060 0.71800 
1.21060 0.71900 
1.21061 0.72000 
1.21061 0.72100 
1.21061 0.72200 
1.21062 0.72300 
1.21062 0.72400 
1.21062 0.72500 
1.21063 0.72600 
1.21063 0.72700 
1.21063 0.72800 
1.21064 0.72900 
1.21064 0.73000 
1.21064 0.73100 
1.21065 0.73200 
1.21065 0.73300 
1.21065 0.73400 
1.21066 0.73500 
1.21066 0.73600 
1.21066 0.73700 
1.21067 0.73800 
1.21067 0.73900 
1.21067 0.74000 
1.21067 0.74100 
1.21068 0.74200 
1.21068 0.74300 
1.21068 0.74400 
1.21069 0.74500 
1.21069 0.74600 
1.21069 0.74700 
1.21069 0.74800 
1.21070 0.74900 
1.21070 0.75000 
1.21070 0.75100 
1.21070 0.75200 
1.21071 0.75300 
1.21071 0.75400 
1.21071 0.75500 
1.21071 0.75600 
1.21072 0.75700 
1.21072 0.75800 
1.21072 0.75900 
1.21072 0.76000 
1.21073 0.76100 
1.21073 0.76200 
1.21073 0.76300 
1.21073 0.76400 
1.21074 0.76500 
1.21074 0.76600 
1.21074 0.76700 
1.21074 0.76800 
1.21074 0.76900 
1.21075 0.77000 
1.21075 0.77100 
1.21075 0.77200 
1.21075 0.77300 
1.21075 0.77400 
1.21076 0.77500 
1.21076 0.77600 
1.21076 0.77700 
1.21076 0.77800 
1.21076 0.77900 
1.21077 0.78000 
1.21077 0.78100 
1.21077 0.78200 
1.21077 0.78300 
1.21077 0.78400 
1.21077 0.78500 
1.21078 0.78600 
1.21078 0.78700 
1.21078 0.78800 
1.21078 0.78900 
1.21078 0.79000 
1.21078 0.79100 
1.21079 0.79200 
1.21079 0.79300 
1.21079 0.79400 
1.21079 0.79500 
1.21079 0.79600 
1.21079 0.79700 
1.21080 0.79800 
1.21080 0.79900 
1.21080 0.80000 
1.21080 0.80100 
1.21080 0.80200 
1.21080 0.80300 
1.21080 0.80400 
1.21081 0.80500 
1.21081 0.80600 
1.21081 0.80700 
1.21081 0.80800 
1.21081 0.80900 
1.21081 0.81000 
1.21081 0.81100 
1.21082 0.81200 
1.21082 0.81300 
1.21082 0.81400 
1.21082 0.81500 
1.21082 0.81600 
1.21082 0.81700 
1.21082 0.81800 
1.21082 0.81900 
1.21083 0.82000 
1.21083 0.82100 
1.21083 0.82200 
1.21083 0.82300 
1.21083 0.82400 
1.21083 0.82500 
1.21083 0.82600 
1.21083 0.82700 
1.21083 0.82800 
1.21084 0.82900 
1.21084 0.83000 
1.21084 0.83100 
1.21084 0.83200 
1.21084 0.83300 
1.21084 0.83400 
1.21084 0.83500 
1.21084 0.83600 
1.21084 0.83700 
1.21084 0.83800 
1.21085 0.83900 
1.21085 0.84000 
1.21085 0.84100 
1.21085 0.84200 
1.21085 0.84300 
1.21085 0.84400 
1.21085 0.84500 
1.21085 0.84600 
1.21085 0.84700 
1.21085 0.84800 
1.21085 0.84900 
1.21086 0.85000 
1.21086 0.85100 
1.21086 0.85200 
1.21086 0.85300 
1.21086 0.85400 
1.21086 0.85500 
1.21086 0.85600 
1.21086 0.85700 
1.21086 0.85800 
1.21086 0.85900 
1.21086 0.86000 
1.21086 0.86100 
1.21086 0.86200 
1.21087 0.86300 
1.21087 0.86400 
1.21087 0.86500 
1.21087 0.86600 
1.21087 0.86700 
1.21087 0.86800 
1.21087 0.86900 
1.21087 0.87000 
1.21087 0.87100 
1.21087 0.87200 
1.21087 0.87300 
1.21087 0.87400 
1.21087 0.87500 
1.21087 0.87600 
1.21087 0.87700 
1.21088 0.87800 
1.21088 0.87900 
1.21088 0.88000 
1.21088 0.88100 
1.21088 0.88200 
1.21088 0.88300 
1.21088 0.88400 
1.21088 0.88500 
1.21088 0.88600 
1.21088 0.88700 
1.21088 0.88800 
1.21088 0.88900 
1.21088 0.89000 
1.21088 0.89100 
1.21088 0.89200 
1.21088 0.89300 
1.21088 0.89400 
1.21088 0.89500 
1.21089 0.89600 
1.21089 0.89700 
1.21089 0.89800 
1.21089 0.89900 
1.21089 0.90000 
1.21089 0.90100 
1.21089 0.90200 
1.21089 0.90300 
1.21089 0.90400 
1.21089 0.90500 
1.21089 0.90600 
1.21089 0.90700 
1.21089 0.90800 
1.21089 0.90900 
1.21089 0.91000 
1.21089 0.91100 
1.21089 0.91200 
1.21089 0.91300 
1.21089 0.91400 
1.21089 0.91500 
1.21089 0.91600 
1.21089 0.91700 
1.21089 0.91800 
1.21090 0.91900 
1.21090 0.92000 
1.21090 0.92100 
1.21090 0.92200 
1.21090 0.92300 
1.21090 0.92400 
1.21090 0.92500 
1.21090 0.92600 
1.21090 0.92700 
1.21090 0.92800 
1.21090 0.92900 
1.21090 0.93000 
1.21090 0.93100 
1.21090 0.93200 
1.21090 0.93300 
1.21090 0.93400 
1.21090 0.93500 
1.21090 0.93600 
1.21090 0.93700 
1.21090 0.93800 
1.21090 0.93900 
1.21090 0.94000 
1.21090 0.94100 
1.21090 0.94200 
1.21090 0.94300 
1.21090 0.94400 
1.21090 0.94500 
1.21090 0.94600 
1.21090 0.94700 
1.21090 0.94800 
1.21090 0.94900 
1.21091 0.95000 
1.21091 0.95100 
1.21091 0.95200 
1.21091 0.95300 
1.21091 0.95400 
1.21091 0.95500 
1.21091 0.95600 
1.21091 0.95700 
1.21091 0.95800 
1.21091 0.95900 
1.21091 0.96000 
1.21091 0.96100 
1.21091 0.96200 
1.21091 0.96300 
1.21091 0.96400 
1.21091 0.96500 
1.21091 0.96600 
1.21091 0.96700 
1.21091 0.96800 
1.21091 0.96900 
1.21091 0.97000 
1.21091 0.97100 
1.21091 0.97200 
1.21091 0.97300 
1.21091 0.97400 
1.21091 0.97500 
1.21091 0.97600 
1.21091 0.97700 
1.21091 0.97800 
1.21091 0.97900 
1.21091 0.98000 
1.21091 0.98100 
1.21091 0.98200 
1.21091 0.98300 
1.21091 0.98400 
1.21091 0.98500 
1.21091 0.98600 
1.21091 0.98700 
1.21091 0.98800 
1.21091 0.98900 
1.21091 0.99000 
1.21091 0.99100 
1.21091 0.99200 
1.21091 0.99300 
1.21091 0.99400 
1.21091 0.99500 
1.21091 0.99600 
1.21091 0.99700 
1.21092 0.99800 
1.21092 0.99900 
