0.00000 0.00000 
-0.00745 0.00100 
-0.02019 0.00200 
-0.03368 0.00300 
-0.04715 0.00400 
-0.06050 0.00500 
-0.07370 0.00600 
-0.08675 0.00700 
-0.09964 0.00800 
-0.11239 0.00900 
-0.12500 0.01000 
-0.13745 0.01100 
-0.14977 0.01200 
-0.16194 0.01300 
-0.17398 0.01400 
-0.18587 0.01500 
-0.19763 0.01600 
-0.20926 0.01700 
-0.22075 0.01800 
-0.23211 0.01900 
-0.24334 0.02000 
-0.25444 0.02100 
-0.26541 0.02200 
-0.27626 0.02300 
-0.28698 0.02400 
-0.29758 0.02500 
-0.30806 0.02600 
-0.31842 0.02700 
-0.32865 0.02800 
-0.33878 0.02900 
-0.34878 0.03000 
-0.35867 0.03100 
-0.36845 0.03200 
-0.37811 0.03300 
-0.38767 0.03400 
-0.39711 0.03500 
-0.40645 0.03600 
-0.41567 0.03700 
-0.42480 0.03800 
-0.43382 0.03900 
-0.44273 0.04000 
-0.45154 0.04100 
-0.46025 0.04200 
-0.46886 0.04300 
-0.47738 0.04400 
-0.48579 0.04500 
-0.49411 0.04600 
-0.50233 0.04700 
-0.51046 0.04800 
-0.51849 0.04900 
-0.52644 0.05000 
-0.53429 0.05100 
-0.54205 0.05200 
-0.54972 0.05300 
-0.55731 0.05400 
-0.56481 0.05500 
-0.57222 0.05600 
-0.57954 0.05700 
-0.58679 0.05800 
-0.59394 0.05900 
-0.60102 0.06000 
-0.60802 0.06100 
-0.61493 0.06200 
-0.62177 0.06300 
-0.62853 0.06400 
-0.63521 0.06500 
-0.64181 0.06600 
-0.64834 0.06700 
-0.65479 0.06800 
-0.66117 0.06900 
-0.66748 0.07000 
-0.67371 0.07100 
-0.67987 0.07200 
-0.68596 0.07300 
-0.69198 0.07400 
-0.69794 0.07500 
-0.70382 0.07600 
-0.70964 0.07700 
-0.71539 0.07800 
-0.72107 0.07900 
-0.72669 0.08000 
-0.73224 0.08100 
-0.73773 0.08200 
-0.74316 0.08300 
-0.74853 0.08400 
-0.75383 0.08500 
-0.75907 0.08600 
-0.76425 0.08700 
-0.76938 0.08800 
-0.77444 0.08900 
-0.77945 0.09000 
-0.78440 0.09100 
-0.78929 0.09200 
-0.79412 0.09300 
-0.79890 0.09400 
-0.80363 0.09500 
-0.80830 0.09600 
-0.81292 0.09700 
-0.81748 0.09800 
-0.82200 0.09900 
-0.82646 0.10000 
-0.83087 0.10100 
-0.83523 0.10200 
-0.83953 0.10300 
-0.84379 0.10400 
-0.84800 0.10500 
-0.85217 0.10600 
-0.85628 0.10700 
-0.86035 0.10800 
-0.86437 0.10900 
-0.86834 0.11000 
-0.87227 0.11100 
-0.87616 0.11200 
-0.87999 0.11300 
-0.88379 0.11400 
-0.88754 0.11500 
-0.89125 0.11600 
-0.89492 0.11700 
-0.89854 0.11800 
-0.90212 0.11900 
-0.90566 0.12000 
-0.90916 0.12100 
-0.91262 0.12200 
-0.91605 0.12300 
-0.91943 0.12400 
-0.92277 0.12500 
-0.92607 0.12600 
-0.92934 0.12700 
-0.93257 0.12800 
-0.93576 0.12900 
-0.93892 0.13000 
-0.94204 0.13100 
-0.94512 0.13200 
-0.94817 0.13300 
-0.95118 0.13400 
-0.95416 0.13500 
-0.95710 0.13600 
-0.96001 0.13700 
-0.96289 0.13800 
-0.96573 0.13900 
-0.96855 0.14000 
-0.97133 0.14100 
-0.97407 0.14200 
-0.97679 0.14300 
-0.97947 0.14400 
-0.98212 0.14500 
-0.98474 0.14600 
-0.98733 0.14700 
-0.98990 0.14800 
-0.99243 0.14900 
-0.99493 0.15000 
-0.99741 0.15100 
-0.99985 0.15200 
-1.00227 0.15300 
-1.00466 0.15400 
-1.00703 0.15500 
-1.00936 0.15600 
-1.01167 0.15700 
-1.01395 0.15800 
-1.01621 0.15900 
-1.01844 0.16000 
-1.02065 0.16100 
-1.02283 0.16200 
-1.02498 0.16300 
-1.02711 0.16400 
-1.02922 0.16500 
-1.03130 0.16600 
-1.03336 0.16700 
-1.03539 0.16800 
-1.03741 0.16900 
-1.03939 0.17000 
-1.04136 0.17100 
-1.04330 0.17200 
-1.04522 0.17300 
-1.04712 0.17400 
-1.04900 0.17500 
-1.05085 0.17600 
-1.05269 0.17700 
-1.05450 0.17800 
-1.05629 0.17900 
-1.05806 0.18000 
-1.05982 0.18100 
-1.06155 0.18200 
-1.06326 0.18300 
-1.06495 0.18400 
-1.06662 0.18500 
-1.06828 0.18600 
-1.06991 0.18700 
-1.07153 0.18800 
-1.07312 0.18900 
-1.07470 0.19000 
-1.07626 0.19100 
-1.07781 0.19200 
-1.07933 0.19300 
-1.08084 0.19400 
-1.08233 0.19500 
-1.08380 0.19600 
-1.08526 0.19700 
-1.08670 0.19800 
-1.08812 0.19900 
-1.08953 0.20000 
-1.09092 0.20100 
-1.09230 0.20200 
-1.09366 0.20300 
-1.09500 0.20400 
-1.09633 0.20500 
-1.09764 0.20600 
-1.09894 0.20700 
-1.10022 0.20800 
-1.10149 0.20900 
-1.10275 0.21000 
-1.10398 0.21100 
-1.10521 0.21200 
-1.10642 0.21300 
-1.10762 0.21400 
-1.10880 0.21500 
-1.10997 0.21600 
-1.11113 0.21700 
-1.11227 0.21800 
-1.11340 0.21900 
-1.11452 0.22000 
-1.11563 0.22100 
-1.11672 0.22200 
-1.11780 0.22300 
-1.11886 0.22400 
-1.11992 0.22500 
-1.12096 0.22600 
-1.12199 0.22700 
-1.12301 0.22800 
-1.12402 0.22900 
-1.12501 0.23000 
-1.12600 0.23100 
-1.12697 0.23200 
-1.12793 0.23300 
-1.12888 0.23400 
-1.12982 0.23500 
-1.13075 0.23600 
-1.13167 0.23700 
-1.13258 0.23800 
-1.13348 0.23900 
-1.13437 0.24000 
-1.13524 0.24100 
-1.13611 0.24200 
-1.13697 0.24300 
-1.13782 0.24400 
-1.13865 0.24500 
-1.13948 0.24600 
-1.14030 0.24700 
-1.14111 0.24800 
-1.14191 0.24900 
-1.14270 0.25000 
-1.14348 0.25100 
-1.14426 0.25200 
-1.14502 0.25300 
-1.14578 0.25400 
-1.14652 0.25500 
-1.14726 0.25600 
-1.14799 0.25700 
-1.14871 0.25800 
-1.14942 0.25900 
-1.15013 0.26000 
-1.15082 0.26100 
-1.15151 0.26200 
-1.15219 0.26300 
-1.15287 0.26400 
-1.15353 0.26500 
-1.15419 0.26600 
-1.15484 0.26700 
-1.15548 0.26800 
-1.15612 0.26900 
-1.15675 0.27000 
-1.15737 0.27100 
-1.15798 0.27200 
-1.15859 0.27300 
-1.15919 0.27400 
-1.15978 0.27500 
-1.16036 0.27600 
-1.16094 0.27700 
-1.16152 0.27800 
-1.16208 0.27900 
-1.16264 0.28000 
-1.16319 0.28100 
-1.16374 0.28200 
-1.16428 0.28300 
-1.16482 0.28400 
-1.16534 0.28500 
-1.16587 0.28600 
-1.16638 0.28700 
-1.16689 0.28800 
-1.16740 0.28900 
-1.16789 0.29000 
-1.16839 0.29100 
-1.16887 0.29200 
-1.16936 0.29300 
-1.16983 0.29400 
-1.17030 0.29500 
-1.17077 0.29600 
-1.17123 0.29700 
-1.17168 0.29800 
-1.17213 0.29900 
-1.17258 0.30000 
-1.17301 0.30100 
-1.17345 0.30200 
-1.17388 0.30300 
-1.17430 0.30400 
-1.17472 0.30500 
-1.17514 0.30600 
-1.17555 0.30700 
-1.17595 0.30800 
-1.17635 0.30900 
-1.17675 0.31000 
-1.17714 0.31100 
-1.17753 0.31200 
-1.17791 0.31300 
-1.17829 0.31400 
-1.17866 0.31500 
-1.17903 0.31600 
-1.17940 0.31700 
-1.17976 0.31800 
-1.18011 0.31900 
-1.18047 0.32000 
-1.18082 0.32100 
-1.18116 0.32200 
-1.18150 0.32300 
-1.18184 0.32400 
-1.18217 0.32500 
-1.18250 0.32600 
-1.18283 0.32700 
-1.18315 0.32800 
-1.18347 0.32900 
-1.18378 0.33000 
-1.18409 0.33100 
-1.18440 0.33200 
-1.18470 0.33300 
-1.18500 0.33400 
-1.18530 0.33500 
-1.18559 0.33600 
-1.18588 0.33700 
-1.18617 0.33800 
-1.18645 0.33900 
-1.18673 0.34000 
-1.18701 0.34100 
-1.18728 0.34200 
-1.18755 0.34300 
-1.18782 0.34400 
-1.18809 0.34500 
-1.18835 0.34600 
-1.18861 0.34700 
-1.18886 0.34800 
-1.18911 0.34900 
-1.18936 0.35000 
-1.18961 0.35100 
-1.18985 0.35200 
-1.19010 0.35300 
-1.19033 0.35400 
-1.19057 0.35500 
-1.19080 0.35600 
-1.19103 0.35700 
-1.19126 0.35800 
-1.19149 0.35900 
-1.19171 0.36000 
-1.19193 0.36100 
-1.19214 0.36200 
-1.19236 0.36300 
-1.19257 0.36400 
-1.19278 0.36500 
-1.19299 0.36600 
-1.19319 0.36700 
-1.19340 0.36800 
-1.19360 0.36900 
-1.19380 0.37000 
-1.19399 0.37100 
-1.19419 0.37200 
-1.19438 0.37300 
-1.19457 0.37400 
-1.19475 0.37500 
-1.19494 0.37600 
-1.19512 0.37700 
-1.19530 0.37800 
-1.19548 0.37900 
-1.19566 0.38000 
-1.19583 0.38100 
-1.19601 0.38200 
-1.19618 0.38300 
-1.19634 0.38400 
-1.19651 0.38500 
-1.19668 0.38600 
-1.19684 0.38700 
-1.19700 0.38800 
-1.19716 0.38900 
-1.19732 0.39000 
-1.19747 0.39100 
-1.19763 0.39200 
-1.19778 0.39300 
-1.19793 0.39400 
-1.19808 0.39500 
-1.19822 0.39600 
-1.19837 0.39700 
-1.19851 0.39800 
-1.19865 0.39900 
-1.19879 0.40000 
-1.19893 0.40100 
-1.19907 0.40200 
-1.19921 0.40300 
-1.19934 0.40400 
-1.19947 0.40500 
-1.19960 0.40600 
-1.19973 0.40700 
-1.19986 0.40800 
-1.19999 0.40900 
-1.20011 0.41000 
-1.20023 0.41100 
-1.20036 0.41200 
-1.20048 0.41300 
-1.20060 0.41400 
-1.20071 0.41500 
-1.20083 0.41600 
-1.20095 0.41700 
-1.20106 0.41800 
-1.20117 0.41900 
-1.20128 0.42000 
-1.20139 0.42100 
-1.20150 0.42200 
-1.20161 0.42300 
-1.20172 0.42400 
-1.20182 0.42500 
-1.20193 0.42600 
-1.20203 0.42700 
-1.20213 0.42800 
-1.20223 0.42900 
-1.20233 0.43000 
-1.20243 0.43100 
-1.20253 0.43200 
-1.20262 0.43300 
-1.20272 0.43400 
-1.20281 0.43500 
-1.20290 0.43600 
-1.20299 0.43700 
-1.20308 0.43800 
-1.20317 0.43900 
-1.20326 0.44000 
-1.20335 0.44100 
-1.20344 0.44200 
-1.20352 0.44300 
-1.20361 0.44400 
-1.20369 0.44500 
-1.20377 0.44600 
-1.20385 0.44700 
-1.20393 0.44800 
-1.20401 0.44900 
-1.20409 0.45000 
-1.20417 0.45100 
-1.20425 0.45200 
-1.20432 0.45300 
-1.20440 0.45400 
-1.20447 0.45500 
-1.20455 0.45600 
-1.20462 0.45700 
-1.20469 0.45800 
-1.20476 0.45900 
-1.20483 0.46000 
-1.20490 0.46100 
-1.20497 0.46200 
-1.20504 0.46300 
-1.20511 0.46400 
-1.20517 0.46500 
-1.20524 0.46600 
-1.20530 0.46700 
-1.20537 0.46800 
-1.20543 0.46900 
-1.20549 0.47000 
-1.20556 0.47100 
-1.20562 0.47200 
-1.20568 0.47300 
-1.20574 0.47400 
-1.20580 0.47500 
-1.20586 0.47600 
-1.20591 0.47700 
-1.20597 0.47800 
-1.20603 0.47900 
-1.20608 0.48000 
-1.20614 0.48100 
-1.20619 0.48200 
-1.20625 0.48300 
-1.20630 0.48400 
-1.20635 0.48500 
-1.20641 0.48600 
-1.20646 0.48700 
-1.20651 0.48800 
-1.20656 0.48900 
-1.20661 0.49000 
-1.20666 0.49100 
-1.20671 0.49200 
-1.20676 0.49300 
-1.20680 0.49400 
-1.20685 0.49500 
-1.20690 0.49600 
-1.20694 0.49700 
-1.20699 0.49800 
-1.20703 0.49900 
-1.20708 0.50000 
-1.20712 0.50100 
-1.20716 0.50200 
-1.20721 0.50300 
-1.20725 0.50400 
-1.20729 0.50500 
-1.20733 0.50600 
-1.20737 0.50700 
-1.20742 0.50800 
-1.20746 0.50900 
-1.20749 0.51000 
-1.20753 0.51100 
-1.20757 0.51200 
-1.20761 0.51300 
-1.20765 0.51400 
-1.20769 0.51500 
-1.20772 0.51600 
-1.20776 0.51700 
-1.20780 0.51800 
-1.20783 0.51900 
-1.20787 0.52000 
-1.20790 0.52100 
-1.20794 0.52200 
-1.20797 0.52300 
-1.20800 0.52400 
-1.20804 0.52500 
-1.20807 0.52600 
-1.20810 0.52700 
-1.20814 0.52800 
-1.20817 0.52900 
-1.20820 0.53000 
-1.20823 0.53100 
-1.20826 0.53200 
-1.20829 0.53300 
-1.20832 0.53400 
-1.20835 0.53500 
-1.20838 0.53600 
-1.20841 0.53700 
-1.20844 0.53800 
-1.20847 0.53900 
-1.20849 0.54000 
-1.20852 0.54100 
-1.20855 0.54200 
-1.20858 0.54300 
-1.20860 0.54400 
-1.20863 0.54500 
-1.20866 0.54600 
-1.20868 0.54700 
-1.20871 0.54800 
-1.20873 0.54900 
-1.20876 0.55000 
-1.20878 0.55100 
-1.20881 0.55200 
-1.20883 0.55300 
-1.20886 0.55400 
-1.20888 0.55500 
-1.20890 0.55600 
-1.20893 0.55700 
-1.20895 0.55800 
-1.20897 0.55900 
-1.20899 0.56000 
-1.20902 0.56100 
-1.20904 0.56200 
-1.20906 0.56300 
-1.20908 0.56400 
-1.20910 0.56500 
-1.20912 0.56600 
-1.20914 0.56700 
-1.20916 0.56800 
-1.20918 0.56900 
-1.20920 0.57000 
-1.20922 0.57100 
-1.20924 0.57200 
-1.20926 0.57300 
-1.20928 0.57400 
-1.20930 0.57500 
-1.20932 0.57600 
-1.20934 0.57700 
-1.20936 0.57800 
-1.20937 0.57900 
-1.20939 0.58000 
-1.20941 0.58100 
-1.20943 0.58200 
-1.20944 0.58300 
-1.20946 0.58400 
-1.20948 0.58500 
-1.20949 0.58600 
-1.20951 0.58700 
-1.20953 0.58800 
-1.20954 0.58900 
-1.20956 0.59000 
-1.20957 0.59100 
-1.20959 0.59200 
-1.20960 0.59300 
-1.20962 0.59400 
-1.20963 0.59500 
-1.20965 0.59600 
-1.20966 0.59700 
-1.20968 0.59800 
-1.20969 0.59900 
-1.20971 0.60000 
-1.20972 0.60100 
-1.20973 0.60200 
-1.20975 0.60300 
-1.20976 0.60400 
-1.20977 0.60500 
-1.20979 0.60600 
-1.20980 0.60700 
-1.20981 0.60800 
-1.20983 0.60900 
-1.20984 0.61000 
-1.20985 0.61100 
-1.20986 0.61200 
-1.20988 0.61300 
-1.20989 0.61400 
-1.20990 0.61500 
-1.20991 0.61600 
-1.20992 0.61700 
-1.20993 0.61800 
-1.20995 0.61900 
-1.20996 0.62000 
-1.20997 0.62100 
-1.20998 0.62200 
-1.20999 0.62300 
-1.21000 0.62400 
-1.21001 0.62500 
-1.21002 0.62600 
-1.21003 0.62700 
-1.21004 0.62800 
-1.21005 0.62900 
-1.21006 0.63000 
-1.21007 0.63100 
-1.21008 0.63200 
-1.21009 0.63300 
-1.21010 0.63400 
-1.21011 0.63500 
-1.21012 0.63600 
-1.21013 0.63700 
-1.21014 0.63800 
-1.21015 0.63900 
-1.21016 0.64000 
-1.21016 0.64100 
-1.21017 0.64200 
-1.21018 0.64300 
-1.21019 0.64400 
-1.21020 0.64500 
-1.21021 0.64600 
-1.21022 0.64700 
-1.21022 0.64800 
-1.21023 0.64900 
-1.21024 0.65000 
-1.21025 0.65100 
-1.21026 0.65200 
-1.21026 0.65300 
-1.21027 0.65400 
-1.21028 0.65500 
-1.21029 0.65600 
-1.21029 0.65700 
-1.21030 0.65800 
-1.21031 0.65900 
-1.21031 0.66000 
-1.21032 0.66100 
-1.21033 0.66200 
-1.21034 0.66300 
-1.21034 0.66400 
-1.21035 0.66500 
-1.21036 0.66600 
-1.21036 0.66700 
-1.21037 0.66800 
-1.21037 0.66900 
-1.21038 0.67000 
-1.21039 0.67100 
-1.21039 0.67200 
-1.21040 0.67300 
-1.21041 0.67400 
-1.21041 0.67500 
-1.21042 0.67600 
-1.21042 0.67700 
-1.21043 0.67800 
-1.21043 0.67900 
-1.21044 0.68000 
-1.21045 0.68100 
-1.21045 0.68200 
-1.21046 0.68300 
-1.21046 0.68400 
-1.21047 0.68500 
-1.21047 0.68600 
-1.21048 0.68700 
-1.21048 0.68800 
-1.21049 0.68900 
-1.21049 0.69000 
-1.21050 0.69100 
-1.21050 0.69200 
-1.21051 0.69300 
-1.21051 0.69400 
-1.21052 0.69500 
-1.21052 0.69600 
-1.21053 0.69700 
-1.21053 0.69800 
-1.21054 0.69900 
-1.21054 0.70000 
-1.21054 0.70100 
-1.21055 0.70200 
-1.21055 0.70300 
-1.21056 0.70400 
-1.21056 0.70500 
-1.21057 0.70600 
-1.21057 0.70700 
-1.21057 0.70800 
-1.21058 0.70900 
-1.21058 0.71000 
-1.21059 0.71100 
-1.21059 0.71200 
-1.21059 0.71300 
-1.21060 0.71400 
-1.21060 0.71500 
-1.21061 0.71600 
-1.21061 0.71700 
-1.21061 0.71800 
-1.21062 0.71900 
-1.21062 0.72000 
-1.21062 0.72100 
-1.21063 0.72200 
-1.21063 0.72300 
-1.21063 0.72400 
-1.21064 0.72500 
-1.21064 0.72600 
-1.21064 0.72700 
-1.21065 0.72800 
-1.21065 0.72900 
-1.21065 0.73000 
-1.21066 0.73100 
-1.21066 0.73200 
-1.21066 0.73300 
-1.21067 0.73400 
-1.21067 0.73500 
-1.21067 0.73600 
-1.21067 0.73700 
-1.21068 0.73800 
-1.21068 0.73900 
-1.21068 0.74000 
-1.21069 0.74100 
-1.21069 0.74200 
-1.21069 0.74300 
-1.21069 0.74400 
-1.21070 0.74500 
-1.21070 0.74600 
-1.21070 0.74700 
-1.21070 0.74800 
-1.21071 0.74900 
-1.21071 0.75000 
-1.21071 0.75100 
-1.21071 0.75200 
-1.21072 0.75300 
-1.21072 0.75400 
-1.21072 0.75500 
-1.21072 0.75600 
-1.21073 0.75700 
-1.21073 0.75800 
-1.21073 0.75900 
-1.21073 0.76000 
-1.21074 0.76100 
-1.21074 0.76200 
-1.21074 0.76300 
-1.21074 0.76400 
-1.21074 0.76500 
-1.21075 0.76600 
-1.21075 0.76700 
-1.21075 0.76800 
-1.21075 0.76900 
-1.21075 0.77000 
-1.21076 0.77100 
-1.21076 0.77200 
-1.21076 0.77300 
-1.21076 0.77400 
-1.21076 0.77500 
-1.21077 0.77600 
-1.21077 0.77700 
-1.21077 0.77800 
-1.21077 0.77900 
-1.21077 0.78000 
-1.21078 0.78100 
-1.21078 0.78200 
-1.21078 0.78300 
-1.21078 0.78400 
-1.21078 0.78500 
-1.21078 0.78600 
-1.21079 0.78700 
-1.21079 0.78800 
-1.21079 0.78900 
-1.21079 0.79000 
-1.21079 0.79100 
-1.21079 0.79200 
-1.21080 0.79300 
-1.21080 0.79400 
-1.21080 0.79500 
-1.21080 0.79600 
-1.21080 0.79700 
-1.21080 0.79800 
-1.21080 0.79900 
-1.21081 0.80000 
-1.21081 0.80100 
-1.21081 0.80200 
-1.21081 0.80300 
-1.21081 0.80400 
-1.21081 0.80500 
-1.21081 0.80600 
-1.21081 0.80700 
-1.21082 0.80800 
-1.21082 0.80900 
-1.21082 0.81000 
-1.21082 0.81100 
-1.21082 0.81200 
-1.21082 0.81300 
-1.21082 0.81400 
-1.21082 0.81500 
-1.21083 0.81600 
-1.21083 0.81700 
-1.21083 0.81800 
-1.21083 0.81900 
-1.21083 0.82000 
-1.21083 0.82100 
-1.21083 0.82200 
-1.21083 0.82300 
-1.21084 0.82400 
-1.21084 0.82500 
-1.21084 0.82600 
-1.21084 0.82700 
-1.21084 0.82800 
-1.21084 0.82900 
-1.21084 0.83000 
-1.21084 0.83100 
-1.21084 0.83200 
-1.21084 0.83300 
-1.21085 0.83400 
-1.21085 0.83500 
-1.21085 0.83600 
-1.21085 0.83700 
-1.21085 0.83800 
-1.21085 0.83900 
-1.21085 0.84000 
-1.21085 0.84100 
-1.21085 0.84200 
-1.21085 0.84300 
-1.21085 0.84400 
-1.21086 0.84500 
-1.21086 0.84600 
-1.21086 0.84700 
-1.21086 0.84800 
-1.21086 0.84900 
-1.21086 0.85000 
-1.21086 0.85100 
-1.21086 0.85200 
-1.21086 0.85300 
-1.21086 0.85400 
-1.21086 0.85500 
-1.21086 0.85600 
-1.21086 0.85700 
-1.21087 0.85800 
-1.21087 0.85900 
-1.21087 0.86000 
-1.21087 0.86100 
-1.21087 0.86200 
-1.21087 0.86300 
-1.21087 0.86400 
-1.21087 0.86500 
-1.21087 0.86600 
-1.21087 0.86700 
-1.21087 0.86800 
-1.21087 0.86900 
-1.21087 0.87000 
-1.21087 0.87100 
-1.21087 0.87200 
-1.21088 0.87300 
-1.21088 0.87400 
-1.21088 0.87500 
-1.21088 0.87600 
-1.21088 0.87700 
-1.21088 0.87800 
-1.21088 0.87900 
-1.21088 0.88000 
-1.21088 0.88100 
-1.21088 0.88200 
-1.21088 0.88300 
-1.21088 0.88400 
-1.21088 0.88500 
-1.21088 0.88600 
-1.21088 0.88700 
-1.21088 0.88800 
-1.21088 0.88900 
-1.21088 0.89000 
-1.21089 0.89100 
-1.21089 0.89200 
-1.21089 0.89300 
-1.21089 0.89400 
-1.21089 0.89500 
-1.21089 0.89600 
-1.21089 0.89700 
-1.21089 0.89800 
-1.21089 0.89900 
-1.21089 0.90000 
-1.21089 0.90100 
-1.21089 0.90200 
-1.21089 0.90300 
-1.21089 0.90400 
-1.21089 0.90500 
-1.21089 0.90600 
-1.21089 0.90700 
-1.21089 0.90800 
-1.21089 0.90900 
-1.21089 0.91000 
-1.21089 0.91100 
-1.21089 0.91200 
-1.21089 0.91300 
-1.21090 0.91400 
-1.21090 0.91500 
-1.21090 0.91600 
-1.21090 0.91700 
-1.21090 0.91800 
-1.21090 0.91900 
-1.21090 0.92000 
-1.21090 0.92100 
-1.21090 0.92200 
-1.21090 0.92300 
-1.21090 0.92400 
-1.21090 0.92500 
-1.21090 0.92600 
-1.21090 0.92700 
-1.21090 0.92800 
-1.21090 0.92900 
-1.21090 0.93000 
-1.21090 0.93100 
-1.21090 0.93200 
-1.21090 0.93300 
-1.21090 0.93400 
-1.21090 0.93500 
-1.21090 0.93600 
-1.21090 0.93700 
-1.21090 0.93800 
-1.21090 0.93900 
-1.21090 0.94000 
-1.21090 0.94100 
-1.21090 0.94200 
-1.21090 0.94300 
-1.21091 0.94400 
-1.21091 0.94500 
-1.21091 0.94600 
-1.21091 0.94700 
-1.21091 0.94800 
-1.21091 0.94900 
-1.21091 0.95000 
-1.21091 0.95100 
-1.21091 0.95200 
-1.21091 0.95300 
-1.21091 0.95400 
-1.21091 0.95500 
-1.21091 0.95600 
-1.21091 0.95700 
-1.21091 0.95800 
-1.21091 0.95900 
-1.21091 0.96000 
-1.21091 0.96100 
-1.21091 0.96200 
-1.21091 0.96300 
-1.21091 0.96400 
-1.21091 0.96500 
-1.21091 0.96600 
-1.21091 0.96700 
-1.21091 0.96800 
-1.21091 0.96900 
-1.21091 0.97000 
-1.21091 0.97100 
-1.21091 0.97200 
-1.21091 0.97300 
-1.21091 0.97400 
-1.21091 0.97500 
-1.21091 0.97600 
-1.21091 0.97700 
-1.21091 0.97800 
-1.21091 0.97900 
-1.21091 0.98000 
-1.21091 0.98100 
-1.21091 0.98200 
-1.21091 0.98300 
-1.21091 0.98400 
-1.21091 0.98500 
-1.21091 0.98600 
-1.21091 0.98700 
-1.21091 0.98800 
-1.21091 0.98900 
-1.21091 0.99000 
-1.21091 0.99100 
-1.21092 0.99200 
-1.21092 0.99300 
-1.21092 0.99400 
-1.21092 0.99500 
-1.21092 0.99600 
-1.21092 0.99700 
-1.21092 0.99800 
-1.21092 0.99900 
-1.21092 1.00000 
-1.21092 1.00100 
-1.21092 1.00200 
-1.21092 1.00300 
-1.21092 1.00400 
-1.21092 1.00500 
-1.21092 1.00600 
-1.21092 1.00700 
-1.21092 1.00800 
-1.21092 1.00900 
-1.21092 1.01000 
-1.21092 1.01100 
-1.21092 1.01200 
-1.21092 1.01300 
-1.21092 1.01400 
-1.21092 1.01500 
-1.21092 1.01600 
-1.21092 1.01700 
-1.21092 1.01800 
-1.21092 1.01900 
-1.21092 1.02000 
-1.21092 1.02100 
-1.21092 1.02200 
-1.21092 1.02300 
-1.21092 1.02400 
-1.21092 1.02500 
-1.21092 1.02600 
-1.21092 1.02700 
-1.21092 1.02800 
-1.21092 1.02900 
-1.21092 1.03000 
-1.21092 1.03100 
-1.21092 1.03200 
-1.21092 1.03300 
-1.21092 1.03400 
-1.21092 1.03500 
-1.21092 1.03600 
-1.21092 1.03700 
-1.21092 1.03800 
-1.21092 1.03900 
-1.21092 1.04000 
-1.21092 1.04100 
-1.21092 1.04200 
-1.21092 1.04300 
-1.21092 1.04400 
-1.21092 1.04500 
-1.21092 1.04600 
-1.21092 1.04700 
-1.21092 1.04800 
-1.21092 1.04900 
-1.21092 1.05000 
-1.21092 1.05100 
-1.21092 1.05200 
-1.21092 1.05300 
-1.21092 1.05400 
-1.21092 1.05500 
-1.21092 1.05600 
-1.21092 1.05700 
-1.21092 1.05800 
-1.21092 1.05900 
-1.21092 1.06000 
-1.21092 1.06100 
-1.21092 1.06200 
-1.21092 1.06300 
-1.21092 1.06400 
-1.21092 1.06500 
-1.21092 1.06600 
-1.21092 1.06700 
-1.21092 1.06800 
-1.21092 1.06900 
-1.21092 1.07000 
-1.21092 1.07100 
-1.21092 1.07200 
-1.21092 1.07300 
-1.21092 1.07400 
-1.21092 1.07500 
-1.21092 1.07600 
-1.21092 1.07700 
-1.21092 1.07800 
-1.21092 1.07900 
-1.21092 1.08000 
-1.21092 1.08100 
-1.21092 1.08200 
-1.21092 1.08300 
-1.21092 1.08400 
-1.21092 1.08500 
-1.21092 1.08600 
-1.21092 1.08700 
-1.21092 1.08800 
-1.21092 1.08900 
-1.21092 1.09000 
-1.21092 1.09100 
-1.21092 1.09200 
-1.21092 1.09300 
-1.21092 1.09400 
-1.21092 1.09500 
-1.21092 1.09600 
-1.21092 1.09700 
-1.21092 1.09800 
-1.21092 1.09900 
-1.21092 1.10000 
-1.21092 1.10100 
-1.21092 1.10200 
-1.21092 1.10300 
-1.21092 1.10400 
-1.21092 1.10500 
-1.21092 1.10600 
-1.21093 1.10700 
-1.21093 1.10800 
-1.21093 1.10900 
-1.21093 1.11000 
-1.21093 1.11100 
-1.21093 1.11200 
-1.21093 1.11300 
-1.21093 1.11400 
-1.21093 1.11500 
-1.21093 1.11600 
-1.21093 1.11700 
-1.21093 1.11800 
-1.21093 1.11900 
-1.21093 1.12000 
-1.21093 1.12100 
-1.21093 1.12200 
-1.21093 1.12300 
-1.21093 1.12400 
-1.21093 1.12500 
-1.21093 1.12600 
-1.21093 1.12700 
-1.21093 1.12800 
-1.21093 1.12900 
-1.21093 1.13000 
-1.21093 1.13100 
-1.21093 1.13200 
-1.21093 1.13300 
-1.21093 1.13400 
-1.21093 1.13500 
-1.21093 1.13600 
-1.21093 1.13700 
-1.21093 1.13800 
-1.21093 1.13900 
-1.21093 1.14000 
-1.21093 1.14100 
-1.21093 1.14200 
-1.21093 1.14300 
-1.21093 1.14400 
-1.21093 1.14500 
-1.21093 1.14600 
-1.21093 1.14700 
-1.21093 1.14800 
-1.21093 1.14900 
-1.21093 1.15000 
-1.21093 1.15100 
-1.21093 1.15200 
-1.21093 1.15300 
-1.21093 1.15400 
-1.21093 1.15500 
-1.21093 1.15600 
-1.21093 1.15700 
-1.21093 1.15800 
-1.21093 1.15900 
-1.21093 1.16000 
-1.21093 1.16100 
-1.21093 1.16200 
-1.21093 1.16300 
-1.21093 1.16400 
-1.21093 1.16500 
-1.21093 1.16600 
-1.21093 1.16700 
-1.21093 1.16800 
-1.21093 1.16900 
-1.21093 1.17000 
-1.21093 1.17100 
-1.21093 1.17200 
-1.21093 1.17300 
-1.21093 1.17400 
-1.21093 1.17500 
-1.21093 1.17600 
-1.21093 1.17700 
-1.21093 1.17800 
-1.21093 1.17900 
-1.21093 1.18000 
-1.21093 1.18100 
-1.21093 1.18200 
-1.21093 1.18300 
-1.21093 1.18400 
-1.21093 1.18500 
-1.21093 1.18600 
-1.21093 1.18700 
-1.21093 1.18800 
-1.21093 1.18900 
-1.21093 1.19000 
-1.21093 1.19100 
-1.21093 1.19200 
-1.21093 1.19300 
-1.21093 1.19400 
-1.21093 1.19500 
-1.21093 1.19600 
-1.21093 1.19700 
-1.21093 1.19800 
-1.21093 1.19900 
-1.21093 1.20000 
-1.21093 1.20100 
-1.21093 1.20200 
-1.21093 1.20300 
-1.21093 1.20400 
-1.21093 1.20500 
-1.21093 1.20600 
-1.21093 1.20700 
-1.21093 1.20800 
-1.21093 1.20900 
-1.21093 1.21000 
-1.21093 1.21100 
-1.21093 1.21200 
-1.21093 1.21300 
-1.21093 1.21400 
-1.21093 1.21500 
-1.21093 1.21600 
-1.21093 1.21700 
-1.21093 1.21800 
-1.21093 1.21900 
-1.21093 1.22000 
-1.21093 1.22100 
-1.21093 1.22200 
-1.21093 1.22300 
-1.21093 1.22400 
-1.21093 1.22500 
-1.21093 1.22600 
-1.21093 1.22700 
-1.21093 1.22800 
-1.21093 1.22900 
-1.21093 1.23000 
-1.21093 1.23100 
-1.21093 1.23200 
-1.21093 1.23300 
-1.21093 1.23400 
-1.21093 1.23500 
-1.21093 1.23600 
-1.21093 1.23700 
-1.21093 1.23800 
-1.21093 1.23900 
-1.21093 1.24000 
-1.21093 1.24100 
-1.21093 1.24200 
-1.21093 1.24300 
-1.21093 1.24400 
-1.21093 1.24500 
-1.21093 1.24600 
-1.21093 1.24700 
-1.21093 1.24800 
-1.21093 1.24900 
-1.21093 1.25000 
-1.21093 1.25100 
-1.21093 1.25200 
-1.21093 1.25300 
-1.21093 1.25400 
-1.21093 1.25500 
-1.21093 1.25600 
-1.21093 1.25700 
-1.21093 1.25800 
-1.21093 1.25900 
-1.21093 1.26000 
-1.21093 1.26100 
-1.21093 1.26200 
-1.21093 1.26300 
-1.21093 1.26400 
-1.21093 1.26500 
-1.21093 1.26600 
-1.21093 1.26700 
-1.21093 1.26800 
-1.21093 1.26900 
-1.21093 1.27000 
-1.21093 1.27100 
-1.21093 1.27200 
-1.21093 1.27300 
-1.21093 1.27400 
-1.21093 1.27500 
-1.21093 1.27600 
-1.21093 1.27700 
-1.21093 1.27800 
-1.21093 1.27900 
-1.21093 1.28000 
-1.21093 1.28100 
-1.21093 1.28200 
-1.21093 1.28300 
-1.21093 1.28400 
-1.21093 1.28500 
-1.21093 1.28600 
-1.21093 1.28700 
-1.21093 1.28800 
-1.21093 1.28900 
-1.21093 1.29000 
-1.21093 1.29100 
-1.21093 1.29200 
-1.21093 1.29300 
-1.21093 1.29400 
-1.21093 1.29500 
-1.21093 1.29600 
-1.21093 1.29700 
-1.21093 1.29800 
-1.21093 1.29900 
-1.21093 1.30000 
-1.21093 1.30100 
-1.21093 1.30200 
-1.21093 1.30300 
-1.21093 1.30400 
-1.21093 1.30500 
-1.21093 1.30600 
-1.21093 1.30700 
-1.21093 1.30800 
-1.21093 1.30900 
-1.21093 1.31000 
-1.21093 1.31100 
-1.21093 1.31200 
-1.21093 1.31300 
-1.21093 1.31400 
-1.21093 1.31500 
-1.21093 1.31600 
-1.21093 1.31700 
-1.21093 1.31800 
-1.21093 1.31900 
-1.21093 1.32000 
-1.21093 1.32100 
-1.21093 1.32200 
-1.21093 1.32300 
-1.21093 1.32400 
-1.21093 1.32500 
-1.21093 1.32600 
-1.21093 1.32700 
-1.21093 1.32800 
-1.21093 1.32900 
-1.21093 1.33000 
-1.21093 1.33100 
-1.21093 1.33200 
-1.21093 1.33300 
-1.21093 1.33400 
-1.21093 1.33500 
-1.21093 1.33600 
-1.21093 1.33700 
-1.21093 1.33800 
-1.21093 1.33900 
-1.21093 1.34000 
-1.21093 1.34100 
-1.21093 1.34200 
-1.21093 1.34300 
-1.21093 1.34400 
-1.21093 1.34500 
-1.21093 1.34600 
-1.21093 1.34700 
-1.21093 1.34800 
-1.21093 1.34900 
-1.21093 1.35000 
-1.21093 1.35100 
-1.21093 1.35200 
-1.21093 1.35300 
-1.21093 1.35400 
-1.21093 1.35500 
-1.21093 1.35600 
-1.21093 1.35700 
-1.21093 1.35800 
-1.21093 1.35900 
-1.21093 1.36000 
-1.21093 1.36100 
-1.21093 1.36200 
-1.21093 1.36300 
-1.21093 1.36400 
-1.21093 1.36500 
-1.21093 1.36600 
-1.21093 1.36700 
-1.21093 1.36800 
-1.21093 1.36900 
-1.21093 1.37000 
-1.21093 1.37100 
-1.21093 1.37200 
-1.21093 1.37300 
-1.21093 1.37400 
-1.21093 1.37500 
-1.21093 1.37600 
-1.21093 1.37700 
-1.21093 1.37800 
-1.21093 1.37900 
-1.21093 1.38000 
-1.21093 1.38100 
-1.21093 1.38200 
-1.21093 1.38300 
-1.21093 1.38400 
-1.21093 1.38500 
-1.21093 1.38600 
-1.21093 1.38700 
-1.21093 1.38800 
-1.21093 1.38900 
-1.21093 1.39000 
-1.21093 1.39100 
-1.21093 1.39200 
-1.21093 1.39300 
-1.21093 1.39400 
-1.21093 1.39500 
-1.21093 1.39600 
-1.21093 1.39700 
-1.21093 1.39800 
-1.21093 1.39900 
-1.21093 1.40000 
-1.21093 1.40100 
-1.21093 1.40200 
-1.21093 1.40300 
-1.21093 1.40400 
-1.21093 1.40500 
-1.21093 1.40600 
-1.21093 1.40700 
-1.21093 1.40800 
-1.21093 1.40900 
-1.21093 1.41000 
-1.21093 1.41100 
-1.21093 1.41200 
-1.21093 1.41300 
-1.21093 1.41400 
-1.21093 1.41500 
-1.21093 1.41600 
-1.21093 1.41700 
-1.21093 1.41800 
-1.21093 1.41900 
-1.21093 1.42000 
-1.21093 1.42100 
-1.21093 1.42200 
-1.21093 1.42300 
-1.21093 1.42400 
-1.21093 1.42500 
-1.21093 1.42600 
-1.21093 1.42700 
-1.21093 1.42800 
-1.21093 1.42900 
-1.21093 1.43000 
-1.21093 1.43100 
-1.21093 1.43200 
-1.21093 1.43300 
-1.21093 1.43400 
-1.21093 1.43500 
-1.21093 1.43600 
-1.21093 1.43700 
-1.21093 1.43800 
-1.21093 1.43900 
-1.21093 1.44000 
-1.21093 1.44100 
-1.21093 1.44200 
-1.21093 1.44300 
-1.21093 1.44400 
-1.21093 1.44500 
-1.21093 1.44600 
-1.21093 1.44700 
-1.21093 1.44800 
-1.21093 1.44900 
-1.21093 1.45000 
-1.21093 1.45100 
-1.21093 1.45200 
-1.21093 1.45300 
-1.21093 1.45400 
-1.21093 1.45500 
-1.21093 1.45600 
-1.21093 1.45700 
-1.21093 1.45800 
-1.21093 1.45900 
-1.21093 1.46000 
-1.21093 1.46100 
-1.21093 1.46200 
-1.21093 1.46300 
-1.21093 1.46400 
-1.21093 1.46500 
-1.21093 1.46600 
-1.21093 1.46700 
-1.21093 1.46800 
-1.21093 1.46900 
-1.21093 1.47000 
-1.21093 1.47100 
-1.21093 1.47200 
-1.21093 1.47300 
-1.21093 1.47400 
-1.21093 1.47500 
-1.21093 1.47600 
-1.21093 1.47700 
-1.21093 1.47800 
-1.21093 1.47900 
-1.21093 1.48000 
-1.21093 1.48100 
-1.21093 1.48200 
-1.21093 1.48300 
-1.21093 1.48400 
-1.21093 1.48500 
-1.21093 1.48600 
-1.21093 1.48700 
-1.21093 1.48800 
-1.21093 1.48900 
-1.21093 1.49000 
-1.21093 1.49100 
-1.21093 1.49200 
-1.21093 1.49300 
-1.21093 1.49400 
-1.21093 1.49500 
-1.21093 1.49600 
-1.21093 1.49700 
-1.21093 1.49800 
-1.21093 1.49900 
-1.21093 1.50000 
-1.21093 1.50100 
-1.21093 1.50200 
-1.21093 1.50300 
-1.21093 1.50400 
-1.21093 1.50500 
-1.21093 1.50600 
-1.21093 1.50700 
-1.21093 1.50800 
-1.21093 1.50900 
-1.21093 1.51000 
-1.21093 1.51100 
-1.21093 1.51200 
-1.21093 1.51300 
-1.21093 1.51400 
-1.21093 1.51500 
-1.21093 1.51600 
-1.21093 1.51700 
-1.21093 1.51800 
-1.21093 1.51900 
-1.21093 1.52000 
-1.21093 1.52100 
-1.21093 1.52200 
-1.21093 1.52300 
-1.21093 1.52400 
-1.21093 1.52500 
-1.21093 1.52600 
-1.21093 1.52700 
-1.21093 1.52800 
-1.21093 1.52900 
-1.21093 1.53000 
-1.21093 1.53100 
-1.21093 1.53200 
-1.21093 1.53300 
-1.21093 1.53400 
-1.21093 1.53500 
-1.21093 1.53600 
-1.21093 1.53700 
-1.21093 1.53800 
-1.21093 1.53900 
-1.21093 1.54000 
-1.21093 1.54100 
-1.21093 1.54200 
-1.21093 1.54300 
-1.21093 1.54400 
-1.21093 1.54500 
-1.21093 1.54600 
-1.21093 1.54700 
-1.21093 1.54800 
-1.21093 1.54900 
-1.21093 1.55000 
-1.21093 1.55100 
-1.21093 1.55200 
-1.21093 1.55300 
-1.21093 1.55400 
-1.21093 1.55500 
-1.21093 1.55600 
-1.21093 1.55700 
-1.21093 1.55800 
-1.21093 1.55900 
-1.21093 1.56000 
-1.21093 1.56100 
-1.21093 1.56200 
-1.21093 1.56300 
-1.21093 1.56400 
-1.21093 1.56500 
-1.21093 1.56600 
-1.21093 1.56700 
-1.21093 1.56800 
-1.21093 1.56900 
-1.21093 1.57000 
-1.21093 1.57100 
-1.21093 1.57200 
-1.21093 1.57300 
-1.21093 1.57400 
-1.21093 1.57500 
-1.21093 1.57600 
-1.21093 1.57700 
-1.21093 1.57800 
-1.21093 1.57900 
-1.21093 1.58000 
-1.21093 1.58100 
-1.21093 1.58200 
-1.21093 1.58300 
-1.21093 1.58400 
-1.21093 1.58500 
-1.21093 1.58600 
-1.21093 1.58700 
-1.21093 1.58800 
-1.21093 1.58900 
-1.21093 1.59000 
-1.21093 1.59100 
-1.21093 1.59200 
-1.21093 1.59300 
-1.21093 1.59400 
-1.21093 1.59500 
-1.21093 1.59600 
-1.21093 1.59700 
-1.21093 1.59800 
-1.21093 1.59900 
-1.21093 1.60000 
-1.21093 1.60100 
-1.21093 1.60200 
-1.21093 1.60300 
-1.21093 1.60400 
-1.21093 1.60500 
-1.21093 1.60600 
-1.21093 1.60700 
-1.21093 1.60800 
-1.21093 1.60900 
-1.21093 1.61000 
-1.21093 1.61100 
-1.21093 1.61200 
-1.21093 1.61300 
-1.21093 1.61400 
-1.21093 1.61500 
-1.21093 1.61600 
-1.21093 1.61700 
-1.21093 1.61800 
-1.21093 1.61900 
-1.21093 1.62000 
-1.21093 1.62100 
-1.21093 1.62200 
-1.21093 1.62300 
-1.21093 1.62400 
-1.21093 1.62500 
-1.21093 1.62600 
-1.21093 1.62700 
-1.21093 1.62800 
-1.21093 1.62900 
-1.21093 1.63000 
-1.21093 1.63100 
-1.21093 1.63200 
-1.21093 1.63300 
-1.21093 1.63400 
-1.21093 1.63500 
-1.21093 1.63600 
-1.21093 1.63700 
-1.21093 1.63800 
-1.21093 1.63900 
-1.21093 1.64000 
-1.21093 1.64100 
-1.21093 1.64200 
-1.21093 1.64300 
-1.21093 1.64400 
-1.21093 1.64500 
-1.21093 1.64600 
-1.21093 1.64700 
-1.21093 1.64800 
-1.21093 1.64900 
-1.21093 1.65000 
-1.21093 1.65100 
-1.21093 1.65200 
-1.21093 1.65300 
-1.21093 1.65400 
-1.21093 1.65500 
-1.21093 1.65600 
-1.21093 1.65700 
-1.21093 1.65800 
-1.21093 1.65900 
-1.21093 1.66000 
-1.21093 1.66100 
-1.21093 1.66200 
-1.21093 1.66300 
-1.21093 1.66400 
-1.21093 1.66500 
-1.21093 1.66600 
-1.21093 1.66700 
-1.21093 1.66800 
-1.21093 1.66900 
-1.21093 1.67000 
-1.21093 1.67100 
-1.21093 1.67200 
-1.21093 1.67300 
-1.21093 1.67400 
-1.21093 1.67500 
-1.21093 1.67600 
-1.21093 1.67700 
-1.21093 1.67800 
-1.21093 1.67900 
-1.21093 1.68000 
-1.21093 1.68100 
-1.21093 1.68200 
-1.21093 1.68300 
-1.21093 1.68400 
-1.21093 1.68500 
-1.21093 1.68600 
-1.21093 1.68700 
-1.21093 1.68800 
-1.21093 1.68900 
-1.21093 1.69000 
-1.21093 1.69100 
-1.21093 1.69200 
-1.21093 1.69300 
-1.21093 1.69400 
-1.21093 1.69500 
-1.21093 1.69600 
-1.21093 1.69700 
-1.21093 1.69800 
-1.21093 1.69900 
-1.21093 1.70000 
-1.21093 1.70100 
-1.21093 1.70200 
-1.21093 1.70300 
-1.21093 1.70400 
-1.21093 1.70500 
-1.21093 1.70600 
-1.21093 1.70700 
-1.21093 1.70800 
-1.21093 1.70900 
-1.21093 1.71000 
-1.21093 1.71100 
-1.21093 1.71200 
-1.21093 1.71300 
-1.21093 1.71400 
-1.21093 1.71500 
-1.21093 1.71600 
-1.21093 1.71700 
-1.21093 1.71800 
-1.21093 1.71900 
-1.21093 1.72000 
-1.21093 1.72100 
-1.21093 1.72200 
-1.21093 1.72300 
-1.21093 1.72400 
-1.21093 1.72500 
-1.21093 1.72600 
-1.21093 1.72700 
-1.21093 1.72800 
-1.21093 1.72900 
-1.21093 1.73000 
-1.21093 1.73100 
-1.21093 1.73200 
-1.21093 1.73300 
-1.21093 1.73400 
-1.21093 1.73500 
-1.21093 1.73600 
-1.21093 1.73700 
-1.21093 1.73800 
-1.21093 1.73900 
-1.21093 1.74000 
-1.21093 1.74100 
-1.21093 1.74200 
-1.21093 1.74300 
-1.21093 1.74400 
-1.21093 1.74500 
-1.21093 1.74600 
-1.21093 1.74700 
-1.21093 1.74800 
-1.21093 1.74900 
-1.21093 1.75000 
-1.21093 1.75100 
-1.21093 1.75200 
-1.21093 1.75300 
-1.21093 1.75400 
-1.21093 1.75500 
-1.21093 1.75600 
-1.21093 1.75700 
-1.21093 1.75800 
-1.21093 1.75900 
-1.21093 1.76000 
-1.21093 1.76100 
-1.21093 1.76200 
-1.21093 1.76300 
-1.21093 1.76400 
-1.21093 1.76500 
-1.21093 1.76600 
-1.21093 1.76700 
-1.21093 1.76800 
-1.21093 1.76900 
-1.21093 1.77000 
-1.21093 1.77100 
-1.21093 1.77200 
-1.21093 1.77300 
-1.21093 1.77400 
-1.21093 1.77500 
-1.21093 1.77600 
-1.21093 1.77700 
-1.21093 1.77800 
-1.21093 1.77900 
-1.21093 1.78000 
-1.21093 1.78100 
-1.21093 1.78200 
-1.21093 1.78300 
-1.21093 1.78400 
-1.21093 1.78500 
-1.21093 1.78600 
-1.21093 1.78700 
-1.21093 1.78800 
-1.21093 1.78900 
-1.21093 1.79000 
-1.21093 1.79100 
-1.21093 1.79200 
-1.21093 1.79300 
-1.21093 1.79400 
-1.21093 1.79500 
-1.21093 1.79600 
-1.21093 1.79700 
-1.21093 1.79800 
-1.21093 1.79900 
-1.21093 1.80000 
-1.21093 1.80100 
-1.21093 1.80200 
-1.21093 1.80300 
-1.21093 1.80400 
-1.21093 1.80500 
-1.21093 1.80600 
-1.21093 1.80700 
-1.21093 1.80800 
-1.21093 1.80900 
-1.21093 1.81000 
-1.21093 1.81100 
-1.21093 1.81200 
-1.21093 1.81300 
-1.21093 1.81400 
-1.21093 1.81500 
-1.21093 1.81600 
-1.21093 1.81700 
-1.21093 1.81800 
-1.21093 1.81900 
-1.21093 1.82000 
-1.21093 1.82100 
-1.21093 1.82200 
-1.21093 1.82300 
-1.21093 1.82400 
-1.21093 1.82500 
-1.21093 1.82600 
-1.21093 1.82700 
-1.21093 1.82800 
-1.21093 1.82900 
-1.21093 1.83000 
-1.21093 1.83100 
-1.21093 1.83200 
-1.21093 1.83300 
-1.21093 1.83400 
-1.21093 1.83500 
-1.21093 1.83600 
-1.21093 1.83700 
-1.21093 1.83800 
-1.21093 1.83900 
-1.21093 1.84000 
-1.21093 1.84100 
-1.21093 1.84200 
-1.21093 1.84300 
-1.21093 1.84400 
-1.21093 1.84500 
-1.21093 1.84600 
-1.21093 1.84700 
-1.21093 1.84800 
-1.21093 1.84900 
-1.21093 1.85000 
-1.21093 1.85100 
-1.21093 1.85200 
-1.21093 1.85300 
-1.21093 1.85400 
-1.21093 1.85500 
-1.21093 1.85600 
-1.21093 1.85700 
-1.21093 1.85800 
-1.21093 1.85900 
-1.21093 1.86000 
-1.21093 1.86100 
-1.21093 1.86200 
-1.21093 1.86300 
-1.21093 1.86400 
-1.21093 1.86500 
-1.21093 1.86600 
-1.21093 1.86700 
-1.21093 1.86800 
-1.21093 1.86900 
-1.21093 1.87000 
-1.21093 1.87100 
-1.21093 1.87200 
-1.21093 1.87300 
-1.21093 1.87400 
-1.21093 1.87500 
-1.21093 1.87600 
-1.21093 1.87700 
-1.21093 1.87800 
-1.21093 1.87900 
-1.21093 1.88000 
-1.21093 1.88100 
-1.21093 1.88200 
-1.21093 1.88300 
-1.21093 1.88400 
-1.21093 1.88500 
-1.21093 1.88600 
-1.21093 1.88700 
-1.21093 1.88800 
-1.21093 1.88900 
-1.21093 1.89000 
-1.21093 1.89100 
-1.21093 1.89200 
-1.21093 1.89300 
-1.21093 1.89400 
-1.21093 1.89500 
-1.21093 1.89600 
-1.21093 1.89700 
-1.21093 1.89800 
-1.21093 1.89900 
-1.21093 1.90000 
-1.21093 1.90100 
-1.21093 1.90200 
-1.21093 1.90300 
-1.21093 1.90400 
-1.21093 1.90500 
-1.21093 1.90600 
-1.21093 1.90700 
-1.21093 1.90800 
-1.21093 1.90900 
-1.21093 1.91000 
-1.21093 1.91100 
-1.21093 1.91200 
-1.21093 1.91300 
-1.21093 1.91400 
-1.21093 1.91500 
-1.21093 1.91600 
-1.21093 1.91700 
-1.21093 1.91800 
-1.21093 1.91900 
-1.21093 1.92000 
-1.21093 1.92100 
-1.21093 1.92200 
-1.21093 1.92300 
-1.21093 1.92400 
-1.21093 1.92500 
-1.21093 1.92600 
-1.21093 1.92700 
-1.21093 1.92800 
-1.21093 1.92900 
-1.21093 1.93000 
-1.21093 1.93100 
-1.21093 1.93200 
-1.21093 1.93300 
-1.21093 1.93400 
-1.21093 1.93500 
-1.21093 1.93600 
-1.21093 1.93700 
-1.21093 1.93800 
-1.21093 1.93900 
-1.21093 1.94000 
-1.21093 1.94100 
-1.21093 1.94200 
-1.21093 1.94300 
-1.21093 1.94400 
-1.21093 1.94500 
-1.21093 1.94600 
-1.21093 1.94700 
-1.21093 1.94800 
-1.21093 1.94900 
-1.21093 1.95000 
-1.21093 1.95100 
-1.21093 1.95200 
-1.21093 1.95300 
-1.21093 1.95400 
-1.21093 1.95500 
-1.21093 1.95600 
-1.21093 1.95700 
-1.21093 1.95800 
-1.21093 1.95900 
-1.21093 1.96000 
-1.21093 1.96100 
-1.21093 1.96200 
-1.21093 1.96300 
-1.21093 1.96400 
-1.21093 1.96500 
-1.21093 1.96600 
-1.21093 1.96700 
-1.21093 1.96800 
-1.21093 1.96900 
-1.21093 1.97000 
-1.21093 1.97100 
-1.21093 1.97200 
-1.21093 1.97300 
-1.21093 1.97400 
-1.21093 1.97500 
-1.21093 1.97600 
-1.21093 1.97700 
-1.21093 1.97800 
-1.21093 1.97900 
-1.21093 1.98000 
-1.21093 1.98100 
-1.21093 1.98200 
-1.21093 1.98300 
-1.21093 1.98400 
-1.21093 1.98500 
-1.21093 1.98600 
-1.21093 1.98700 
-1.21093 1.98800 
-1.21093 1.98900 
-1.21093 1.99000 
-1.21093 1.99100 
-1.21093 1.99200 
-1.21093 1.99300 
-1.21093 1.99400 
-1.21093 1.99500 
-1.21093 1.99600 
-1.21093 1.99700 
-1.21093 1.99800 
-1.21093 1.99900 
-1.21093 2.00000 
-1.21093 2.00100 
-1.21093 2.00200 
-1.21093 2.00300 
-1.21093 2.00400 
-1.21093 2.00500 
-1.21093 2.00600 
-1.21093 2.00700 
-1.21093 2.00800 
-1.21093 2.00900 
-1.21093 2.01000 
-1.21093 2.01100 
-1.21093 2.01200 
-1.21093 2.01300 
-1.21093 2.01400 
-1.21093 2.01500 
-1.21093 2.01600 
-1.21093 2.01700 
-1.21093 2.01800 
-1.21093 2.01900 
-1.21093 2.02000 
-1.21093 2.02100 
-1.21093 2.02200 
-1.21093 2.02300 
-1.21093 2.02400 
-1.21093 2.02500 
-1.21093 2.02600 
-1.21093 2.02700 
-1.21093 2.02800 
-1.21093 2.02900 
-1.21093 2.03000 
-1.21093 2.03100 
-1.21093 2.03200 
-1.21093 2.03300 
-1.21093 2.03400 
-1.21093 2.03500 
-1.21093 2.03600 
-1.21093 2.03700 
-1.21093 2.03800 
-1.21093 2.03900 
-1.21093 2.04000 
-1.21093 2.04100 
-1.21093 2.04200 
-1.21093 2.04300 
-1.21093 2.04400 
-1.21093 2.04500 
-1.21093 2.04600 
-1.21093 2.04700 
-1.21093 2.04800 
-1.21093 2.04900 
-1.21093 2.05000 
-1.21093 2.05100 
-1.21093 2.05200 
-1.21093 2.05300 
-1.21093 2.05400 
-1.21093 2.05500 
-1.21093 2.05600 
-1.21093 2.05700 
-1.21093 2.05800 
-1.21093 2.05900 
-1.21093 2.06000 
-1.21093 2.06100 
-1.21093 2.06200 
-1.21093 2.06300 
-1.21093 2.06400 
-1.21093 2.06500 
-1.21093 2.06600 
-1.21093 2.06700 
-1.21093 2.06800 
-1.21093 2.06900 
-1.21093 2.07000 
-1.21093 2.07100 
-1.21093 2.07200 
-1.21093 2.07300 
-1.21093 2.07400 
-1.21093 2.07500 
-1.21093 2.07600 
-1.21093 2.07700 
-1.21093 2.07800 
-1.21093 2.07900 
-1.21093 2.08000 
-1.21093 2.08100 
-1.21093 2.08200 
-1.21093 2.08300 
-1.21093 2.08400 
-1.21093 2.08500 
-1.21093 2.08600 
-1.21093 2.08700 
-1.21093 2.08800 
-1.21093 2.08900 
-1.21093 2.09000 
-1.21093 2.09100 
-1.21093 2.09200 
-1.21093 2.09300 
-1.21093 2.09400 
-1.21093 2.09500 
-1.21093 2.09600 
-1.21093 2.09700 
-1.21093 2.09800 
-1.21093 2.09900 
-1.21093 2.10000 
-1.21093 2.10100 
-1.21093 2.10200 
-1.21093 2.10300 
-1.21093 2.10400 
-1.21093 2.10500 
-1.21093 2.10600 
-1.21093 2.10700 
-1.21093 2.10800 
-1.21093 2.10900 
-1.21093 2.11000 
-1.21093 2.11100 
-1.21093 2.11200 
-1.21093 2.11300 
-1.21093 2.11400 
-1.21093 2.11500 
-1.21093 2.11600 
-1.21093 2.11700 
-1.21093 2.11800 
-1.21093 2.11900 
-1.21093 2.12000 
-1.21093 2.12100 
-1.21093 2.12200 
-1.21093 2.12300 
-1.21093 2.12400 
-1.21093 2.12500 
-1.21093 2.12600 
-1.21093 2.12700 
-1.21093 2.12800 
-1.21093 2.12900 
-1.21093 2.13000 
-1.21093 2.13100 
-1.21093 2.13200 
-1.21093 2.13300 
-1.21093 2.13400 
-1.21093 2.13500 
-1.21093 2.13600 
-1.21093 2.13700 
-1.21093 2.13800 
-1.21093 2.13900 
-1.21093 2.14000 
-1.21093 2.14100 
-1.21093 2.14200 
-1.21093 2.14300 
-1.21093 2.14400 
-1.21093 2.14500 
-1.21093 2.14600 
-1.21093 2.14700 
-1.21093 2.14800 
-1.21093 2.14900 
-1.21093 2.15000 
-1.21093 2.15100 
-1.21093 2.15200 
-1.21093 2.15300 
-1.21093 2.15400 
-1.21093 2.15500 
-1.21093 2.15600 
-1.21093 2.15700 
-1.21093 2.15800 
-1.21093 2.15900 
-1.21093 2.16000 
-1.21093 2.16100 
-1.21093 2.16200 
-1.21093 2.16300 
-1.21093 2.16400 
-1.21093 2.16500 
-1.21093 2.16600 
-1.21093 2.16700 
-1.21093 2.16800 
-1.21093 2.16900 
-1.21093 2.17000 
-1.21093 2.17100 
-1.21093 2.17200 
-1.21093 2.17300 
-1.21093 2.17400 
-1.21093 2.17500 
-1.21093 2.17600 
-1.21093 2.17700 
-1.21093 2.17800 
-1.21093 2.17900 
-1.21093 2.18000 
-1.21093 2.18100 
-1.21093 2.18200 
-1.21093 2.18300 
-1.21093 2.18400 
-1.21093 2.18500 
-1.21093 2.18600 
-1.21093 2.18700 
-1.21093 2.18800 
-1.21093 2.18900 
-1.21093 2.19000 
-1.21093 2.19100 
-1.21093 2.19200 
-1.21093 2.19300 
-1.21093 2.19400 
-1.21093 2.19500 
-1.21093 2.19600 
-1.21093 2.19700 
-1.21093 2.19800 
-1.21093 2.19900 
-1.21093 2.20000 
-1.21093 2.20100 
-1.21093 2.20200 
-1.21093 2.20300 
-1.21093 2.20400 
-1.21093 2.20500 
-1.21093 2.20600 
-1.21093 2.20700 
-1.21093 2.20800 
-1.21093 2.20900 
-1.21093 2.21000 
-1.21093 2.21100 
-1.21093 2.21200 
-1.21093 2.21300 
-1.21093 2.21400 
-1.21093 2.21500 
-1.21093 2.21600 
-1.21093 2.21700 
-1.21093 2.21800 
-1.21093 2.21900 
-1.21093 2.22000 
-1.21093 2.22100 
-1.21093 2.22200 
-1.21093 2.22300 
-1.21093 2.22400 
-1.21093 2.22500 
-1.21093 2.22600 
-1.21093 2.22700 
-1.21093 2.22800 
-1.21093 2.22900 
-1.21093 2.23000 
-1.21093 2.23100 
-1.21093 2.23200 
-1.21093 2.23300 
-1.21093 2.23400 
-1.21093 2.23500 
-1.21093 2.23600 
-1.21093 2.23700 
-1.21093 2.23800 
-1.21093 2.23900 
-1.21093 2.24000 
-1.21093 2.24100 
-1.21093 2.24200 
-1.21093 2.24300 
-1.21093 2.24400 
-1.21093 2.24500 
-1.21093 2.24600 
-1.21093 2.24700 
-1.21093 2.24800 
-1.21093 2.24900 
-1.21093 2.25000 
-1.21093 2.25100 
-1.21093 2.25200 
-1.21093 2.25300 
-1.21093 2.25400 
-1.21093 2.25500 
-1.21093 2.25600 
-1.21093 2.25700 
-1.21093 2.25800 
-1.21093 2.25900 
-1.21093 2.26000 
-1.21093 2.26100 
-1.21093 2.26200 
-1.21093 2.26300 
-1.21093 2.26400 
-1.21093 2.26500 
-1.21093 2.26600 
-1.21093 2.26700 
-1.21093 2.26800 
-1.21093 2.26900 
-1.21093 2.27000 
-1.21093 2.27100 
-1.21093 2.27200 
-1.21093 2.27300 
-1.21093 2.27400 
-1.21093 2.27500 
-1.21093 2.27600 
-1.21093 2.27700 
-1.21093 2.27800 
-1.21093 2.27900 
-1.21093 2.28000 
-1.21093 2.28100 
-1.21093 2.28200 
-1.21093 2.28300 
-1.21093 2.28400 
-1.21093 2.28500 
-1.21093 2.28600 
-1.21093 2.28700 
-1.21093 2.28800 
-1.21093 2.28900 
-1.21093 2.29000 
-1.21093 2.29100 
-1.21093 2.29200 
-1.21093 2.29300 
-1.21093 2.29400 
-1.21093 2.29500 
-1.21093 2.29600 
-1.21093 2.29700 
-1.21093 2.29800 
-1.21093 2.29900 
-1.21093 2.30000 
-1.21093 2.30100 
-1.21093 2.30200 
-1.21093 2.30300 
-1.21093 2.30400 
-1.21093 2.30500 
-1.21093 2.30600 
-1.21093 2.30700 
-1.21093 2.30800 
-1.21093 2.30900 
-1.21093 2.31000 
-1.21093 2.31100 
-1.21093 2.31200 
-1.21093 2.31300 
-1.21093 2.31400 
-1.21093 2.31500 
-1.21093 2.31600 
-1.21093 2.31700 
-1.21093 2.31800 
-1.21093 2.31900 
-1.21093 2.32000 
-1.21093 2.32100 
-1.21093 2.32200 
-1.21093 2.32300 
-1.21093 2.32400 
-1.21093 2.32500 
-1.21093 2.32600 
-1.21093 2.32700 
-1.21093 2.32800 
-1.21093 2.32900 
-1.21093 2.33000 
-1.21093 2.33100 
-1.21093 2.33200 
-1.21093 2.33300 
-1.21093 2.33400 
-1.21093 2.33500 
-1.21093 2.33600 
-1.21093 2.33700 
-1.21093 2.33800 
-1.21093 2.33900 
-1.21093 2.34000 
-1.21093 2.34100 
-1.21093 2.34200 
-1.21093 2.34300 
-1.21093 2.34400 
-1.21093 2.34500 
-1.21093 2.34600 
-1.21093 2.34700 
-1.21093 2.34800 
-1.21093 2.34900 
-1.21093 2.35000 
-1.21093 2.35100 
-1.21093 2.35200 
-1.21093 2.35300 
-1.21093 2.35400 
-1.21093 2.35500 
-1.21093 2.35600 
-1.21093 2.35700 
-1.21093 2.35800 
-1.21093 2.35900 
-1.21093 2.36000 
-1.21093 2.36100 
-1.21093 2.36200 
-1.21093 2.36300 
-1.21093 2.36400 
-1.21093 2.36500 
-1.21093 2.36600 
-1.21093 2.36700 
-1.21093 2.36800 
-1.21093 2.36900 
-1.21093 2.37000 
-1.21093 2.37100 
-1.21093 2.37200 
-1.21093 2.37300 
-1.21093 2.37400 
-1.21093 2.37500 
-1.21093 2.37600 
-1.21093 2.37700 
-1.21093 2.37800 
-1.21093 2.37900 
-1.21093 2.38000 
-1.21093 2.38100 
-1.21093 2.38200 
-1.21093 2.38300 
-1.21093 2.38400 
-1.21093 2.38500 
-1.21093 2.38600 
-1.21093 2.38700 
-1.21093 2.38800 
-1.21093 2.38900 
-1.21093 2.39000 
-1.21093 2.39100 
-1.21093 2.39200 
-1.21093 2.39300 
-1.21093 2.39400 
-1.21093 2.39500 
-1.21093 2.39600 
-1.21093 2.39700 
-1.21093 2.39800 
-1.21093 2.39900 
-1.21093 2.40000 
-1.21093 2.40100 
-1.21093 2.40200 
-1.21093 2.40300 
-1.21093 2.40400 
-1.21093 2.40500 
-1.21093 2.40600 
-1.21093 2.40700 
-1.21093 2.40800 
-1.21093 2.40900 
-1.21093 2.41000 
-1.21093 2.41100 
-1.21093 2.41200 
-1.21093 2.41300 
-1.21093 2.41400 
-1.21093 2.41500 
-1.21093 2.41600 
-1.21093 2.41700 
-1.21093 2.41800 
-1.21093 2.41900 
-1.21093 2.42000 
-1.21093 2.42100 
-1.21093 2.42200 
-1.21093 2.42300 
-1.21093 2.42400 
-1.21093 2.42500 
-1.21093 2.42600 
-1.21093 2.42700 
-1.21093 2.42800 
-1.21093 2.42900 
-1.21093 2.43000 
-1.21093 2.43100 
-1.21093 2.43200 
-1.21093 2.43300 
-1.21093 2.43400 
-1.21093 2.43500 
-1.21093 2.43600 
-1.21093 2.43700 
-1.21093 2.43800 
-1.21093 2.43900 
-1.21093 2.44000 
-1.21093 2.44100 
-1.21093 2.44200 
-1.21093 2.44300 
-1.21093 2.44400 
-1.21093 2.44500 
-1.21093 2.44600 
-1.21093 2.44700 
-1.21093 2.44800 
-1.21093 2.44900 
-1.21093 2.45000 
-1.21093 2.45100 
-1.21093 2.45200 
-1.21093 2.45300 
-1.21093 2.45400 
-1.21093 2.45500 
-1.21093 2.45600 
-1.21093 2.45700 
-1.21093 2.45800 
-1.21093 2.45900 
-1.21093 2.46000 
-1.21093 2.46100 
-1.21093 2.46200 
-1.21093 2.46300 
-1.21093 2.46400 
-1.21093 2.46500 
-1.21093 2.46600 
-1.21093 2.46700 
-1.21093 2.46800 
-1.21093 2.46900 
-1.21093 2.47000 
-1.21093 2.47100 
-1.21093 2.47200 
-1.21093 2.47300 
-1.21093 2.47400 
-1.21093 2.47500 
-1.21093 2.47600 
-1.21093 2.47700 
-1.21093 2.47800 
-1.21093 2.47900 
-1.21093 2.48000 
-1.21093 2.48100 
-1.21093 2.48200 
-1.21093 2.48300 
-1.21093 2.48400 
-1.21093 2.48500 
-1.21093 2.48600 
-1.21093 2.48700 
-1.21093 2.48800 
-1.21093 2.48900 
-1.21093 2.49000 
-1.21093 2.49100 
-1.21093 2.49200 
-1.21093 2.49300 
-1.21093 2.49400 
-1.21093 2.49500 
-1.21093 2.49600 
-1.21093 2.49700 
-1.21093 2.49800 
-1.21093 2.49900 
-1.21093 2.50000 
-1.21093 2.50100 
-1.21093 2.50200 
-1.21093 2.50300 
-1.21093 2.50400 
-1.21093 2.50500 
-1.21093 2.50600 
-1.21093 2.50700 
-1.21093 2.50800 
-1.21093 2.50900 
-1.21093 2.51000 
-1.21093 2.51100 
-1.21093 2.51200 
-1.21093 2.51300 
-1.21093 2.51400 
-1.21093 2.51500 
-1.21093 2.51600 
-1.21093 2.51700 
-1.21093 2.51800 
-1.21093 2.51900 
-1.21093 2.52000 
-1.21093 2.52100 
-1.21093 2.52200 
-1.21093 2.52300 
-1.21093 2.52400 
-1.21093 2.52500 
-1.21093 2.52600 
-1.21093 2.52700 
-1.21093 2.52800 
-1.21093 2.52900 
-1.21093 2.53000 
-1.21093 2.53100 
-1.21093 2.53200 
-1.21093 2.53300 
-1.21093 2.53400 
-1.21093 2.53500 
-1.21093 2.53600 
-1.21093 2.53700 
-1.21093 2.53800 
-1.21093 2.53900 
-1.21093 2.54000 
-1.21093 2.54100 
-1.21093 2.54200 
-1.21093 2.54300 
-1.21093 2.54400 
-1.21093 2.54500 
-1.21093 2.54600 
-1.21093 2.54700 
-1.21093 2.54800 
-1.21093 2.54900 
-1.21093 2.55000 
-1.21093 2.55100 
-1.21093 2.55200 
-1.21093 2.55300 
-1.21093 2.55400 
-1.21093 2.55500 
-1.21093 2.55600 
-1.21093 2.55700 
-1.21093 2.55800 
-1.21093 2.55900 
-1.21093 2.56000 
-1.21093 2.56100 
-1.21093 2.56200 
-1.21093 2.56300 
-1.21093 2.56400 
-1.21093 2.56500 
-1.21093 2.56600 
-1.21093 2.56700 
-1.21093 2.56800 
-1.21093 2.56900 
-1.21093 2.57000 
-1.21093 2.57100 
-1.21093 2.57200 
-1.21093 2.57300 
-1.21093 2.57400 
-1.21093 2.57500 
-1.21093 2.57600 
-1.21093 2.57700 
-1.21093 2.57800 
-1.21093 2.57900 
-1.21093 2.58000 
-1.21093 2.58100 
-1.21093 2.58200 
-1.21093 2.58300 
-1.21093 2.58400 
-1.21093 2.58500 
-1.21093 2.58600 
-1.21093 2.58700 
-1.21093 2.58800 
-1.21093 2.58900 
-1.21093 2.59000 
-1.21093 2.59100 
-1.21093 2.59200 
-1.21093 2.59300 
-1.21093 2.59400 
-1.21093 2.59500 
-1.21093 2.59600 
-1.21093 2.59700 
-1.21093 2.59800 
-1.21093 2.59900 
-1.21093 2.60000 
-1.21093 2.60100 
-1.21093 2.60200 
-1.21093 2.60300 
-1.21093 2.60400 
-1.21093 2.60500 
-1.21093 2.60600 
-1.21093 2.60700 
-1.21093 2.60800 
-1.21093 2.60900 
-1.21093 2.61000 
-1.21093 2.61100 
-1.21093 2.61200 
-1.21093 2.61300 
-1.21093 2.61400 
-1.21093 2.61500 
-1.21093 2.61600 
-1.21093 2.61700 
-1.21093 2.61800 
-1.21093 2.61900 
-1.21093 2.62000 
-1.21093 2.62100 
-1.21093 2.62200 
-1.21093 2.62300 
-1.21093 2.62400 
-1.21093 2.62500 
-1.21093 2.62600 
-1.21093 2.62700 
-1.21093 2.62800 
-1.21093 2.62900 
-1.21093 2.63000 
-1.21093 2.63100 
-1.21093 2.63200 
-1.21093 2.63300 
-1.21093 2.63400 
-1.21093 2.63500 
-1.21093 2.63600 
-1.21093 2.63700 
-1.21093 2.63800 
-1.21093 2.63900 
-1.21093 2.64000 
-1.21093 2.64100 
-1.21093 2.64200 
-1.21093 2.64300 
-1.21093 2.64400 
-1.21093 2.64500 
-1.21093 2.64600 
-1.21093 2.64700 
-1.21093 2.64800 
-1.21093 2.64900 
-1.21093 2.65000 
-1.21093 2.65100 
-1.21093 2.65200 
-1.21093 2.65300 
-1.21093 2.65400 
-1.21093 2.65500 
-1.21093 2.65600 
-1.21093 2.65700 
-1.21093 2.65800 
-1.21093 2.65900 
-1.21093 2.66000 
-1.21093 2.66100 
-1.21093 2.66200 
-1.21093 2.66300 
-1.21093 2.66400 
-1.21093 2.66500 
-1.21093 2.66600 
-1.21093 2.66700 
-1.21093 2.66800 
-1.21093 2.66900 
-1.21093 2.67000 
-1.21093 2.67100 
-1.21093 2.67200 
-1.21093 2.67300 
-1.21093 2.67400 
-1.21093 2.67500 
-1.21093 2.67600 
-1.21093 2.67700 
-1.21093 2.67800 
-1.21093 2.67900 
-1.21093 2.68000 
-1.21093 2.68100 
-1.21093 2.68200 
-1.21093 2.68300 
-1.21093 2.68400 
-1.21093 2.68500 
-1.21093 2.68600 
-1.21093 2.68700 
-1.21093 2.68800 
-1.21093 2.68900 
-1.21093 2.69000 
-1.21093 2.69100 
-1.21093 2.69200 
-1.21093 2.69300 
-1.21093 2.69400 
-1.21093 2.69500 
-1.21093 2.69600 
-1.21093 2.69700 
-1.21093 2.69800 
-1.21093 2.69900 
-1.21093 2.70000 
-1.21093 2.70100 
-1.21093 2.70200 
-1.21093 2.70300 
-1.21093 2.70400 
-1.21093 2.70500 
-1.21093 2.70600 
-1.21093 2.70700 
-1.21093 2.70800 
-1.21093 2.70900 
-1.21093 2.71000 
-1.21093 2.71100 
-1.21093 2.71200 
-1.21093 2.71300 
-1.21093 2.71400 
-1.21093 2.71500 
-1.21093 2.71600 
-1.21093 2.71700 
-1.21093 2.71800 
-1.21093 2.71900 
-1.21093 2.72000 
-1.21093 2.72100 
-1.21093 2.72200 
-1.21093 2.72300 
-1.21093 2.72400 
-1.21093 2.72500 
-1.21093 2.72600 
-1.21093 2.72700 
-1.21093 2.72800 
-1.21093 2.72900 
-1.21093 2.73000 
-1.21093 2.73100 
-1.21093 2.73200 
-1.21093 2.73300 
-1.21093 2.73400 
-1.21093 2.73500 
-1.21093 2.73600 
-1.21093 2.73700 
-1.21093 2.73800 
-1.21093 2.73900 
-1.21093 2.74000 
-1.21093 2.74100 
-1.21093 2.74200 
-1.21093 2.74300 
-1.21093 2.74400 
-1.21093 2.74500 
-1.21093 2.74600 
-1.21093 2.74700 
-1.21093 2.74800 
-1.21093 2.74900 
-1.21093 2.75000 
-1.21093 2.75100 
-1.21093 2.75200 
-1.21093 2.75300 
-1.21093 2.75400 
-1.21093 2.75500 
-1.21093 2.75600 
-1.21093 2.75700 
-1.21093 2.75800 
-1.21093 2.75900 
-1.21093 2.76000 
-1.21093 2.76100 
-1.21093 2.76200 
-1.21093 2.76300 
-1.21093 2.76400 
-1.21093 2.76500 
-1.21093 2.76600 
-1.21093 2.76700 
-1.21093 2.76800 
-1.21093 2.76900 
-1.21093 2.77000 
-1.21093 2.77100 
-1.21093 2.77200 
-1.21093 2.77300 
-1.21093 2.77400 
-1.21093 2.77500 
-1.21093 2.77600 
-1.21093 2.77700 
-1.21093 2.77800 
-1.21093 2.77900 
-1.21093 2.78000 
-1.21093 2.78100 
-1.21093 2.78200 
-1.21093 2.78300 
-1.21093 2.78400 
-1.21093 2.78500 
-1.21093 2.78600 
-1.21093 2.78700 
-1.21093 2.78800 
-1.21093 2.78900 
-1.21093 2.79000 
-1.21093 2.79100 
-1.21093 2.79200 
-1.21093 2.79300 
-1.21093 2.79400 
-1.21093 2.79500 
-1.21093 2.79600 
-1.21093 2.79700 
-1.21093 2.79800 
-1.21093 2.79900 
-1.21093 2.80000 
-1.21093 2.80100 
-1.21093 2.80200 
-1.21093 2.80300 
-1.21093 2.80400 
-1.21093 2.80500 
-1.21093 2.80600 
-1.21093 2.80700 
-1.21093 2.80800 
-1.21093 2.80900 
-1.21093 2.81000 
-1.21093 2.81100 
-1.21093 2.81200 
-1.21093 2.81300 
-1.21093 2.81400 
-1.21093 2.81500 
-1.21093 2.81600 
-1.21093 2.81700 
-1.21093 2.81800 
-1.21093 2.81900 
-1.21093 2.82000 
-1.21093 2.82100 
-1.21093 2.82200 
-1.21093 2.82300 
-1.21093 2.82400 
-1.21093 2.82500 
-1.21093 2.82600 
-1.21093 2.82700 
-1.21093 2.82800 
-1.21093 2.82900 
-1.21093 2.83000 
-1.21093 2.83100 
-1.21093 2.83200 
-1.21093 2.83300 
-1.21093 2.83400 
-1.21093 2.83500 
-1.21093 2.83600 
-1.21093 2.83700 
-1.21093 2.83800 
-1.21093 2.83900 
-1.21093 2.84000 
-1.21093 2.84100 
-1.21093 2.84200 
-1.21093 2.84300 
-1.21093 2.84400 
-1.21093 2.84500 
-1.21093 2.84600 
-1.21093 2.84700 
-1.21093 2.84800 
-1.21093 2.84900 
-1.21093 2.85000 
-1.21093 2.85100 
-1.21093 2.85200 
-1.21093 2.85300 
-1.21093 2.85400 
-1.21093 2.85500 
-1.21093 2.85600 
-1.21093 2.85700 
-1.21093 2.85800 
-1.21093 2.85900 
-1.21093 2.86000 
-1.21093 2.86100 
-1.21093 2.86200 
-1.21093 2.86300 
-1.21093 2.86400 
-1.21093 2.86500 
-1.21093 2.86600 
-1.21093 2.86700 
-1.21093 2.86800 
-1.21093 2.86900 
-1.21093 2.87000 
-1.21093 2.87100 
-1.21093 2.87200 
-1.21093 2.87300 
-1.21093 2.87400 
-1.21093 2.87500 
-1.21093 2.87600 
-1.21093 2.87700 
-1.21093 2.87800 
-1.21093 2.87900 
-1.21093 2.88000 
-1.21093 2.88100 
-1.21093 2.88200 
-1.21093 2.88300 
-1.21093 2.88400 
-1.21093 2.88500 
-1.21093 2.88600 
-1.21093 2.88700 
-1.21093 2.88800 
-1.21093 2.88900 
-1.21093 2.89000 
-1.21093 2.89100 
-1.21093 2.89200 
-1.21093 2.89300 
-1.21093 2.89400 
-1.21093 2.89500 
-1.21093 2.89600 
-1.21093 2.89700 
-1.21093 2.89800 
-1.21093 2.89900 
-1.21093 2.90000 
-1.21093 2.90100 
-1.21093 2.90200 
-1.21093 2.90300 
-1.21093 2.90400 
-1.21093 2.90500 
-1.21093 2.90600 
-1.21093 2.90700 
-1.21093 2.90800 
-1.21093 2.90900 
-1.21093 2.91000 
-1.21093 2.91100 
-1.21093 2.91200 
-1.21093 2.91300 
-1.21093 2.91400 
-1.21093 2.91500 
-1.21093 2.91600 
-1.21093 2.91700 
-1.21093 2.91800 
-1.21093 2.91900 
-1.21093 2.92000 
-1.21093 2.92100 
-1.21093 2.92200 
-1.21093 2.92300 
-1.21093 2.92400 
-1.21093 2.92500 
-1.21093 2.92600 
-1.21093 2.92700 
-1.21093 2.92800 
-1.21093 2.92900 
-1.21093 2.93000 
-1.21093 2.93100 
-1.21093 2.93200 
-1.21093 2.93300 
-1.21093 2.93400 
-1.21093 2.93500 
-1.21093 2.93600 
-1.21093 2.93700 
-1.21093 2.93800 
-1.21093 2.93900 
-1.21093 2.94000 
-1.21093 2.94100 
-1.21093 2.94200 
-1.21093 2.94300 
-1.21093 2.94400 
-1.21093 2.94500 
-1.21093 2.94600 
-1.21093 2.94700 
-1.21093 2.94800 
-1.21093 2.94900 
-1.21093 2.95000 
-1.21093 2.95100 
-1.21093 2.95200 
-1.21093 2.95300 
-1.21093 2.95400 
-1.21093 2.95500 
-1.21093 2.95600 
-1.21093 2.95700 
-1.21093 2.95800 
-1.21093 2.95900 
-1.21093 2.96000 
-1.21093 2.96100 
-1.21093 2.96200 
-1.21093 2.96300 
-1.21093 2.96400 
-1.21093 2.96500 
-1.21093 2.96600 
-1.21093 2.96700 
-1.21093 2.96800 
-1.21093 2.96900 
-1.21093 2.97000 
-1.21093 2.97100 
-1.21093 2.97200 
-1.21093 2.97300 
-1.21093 2.97400 
-1.21093 2.97500 
-1.21093 2.97600 
-1.21093 2.97700 
-1.21093 2.97800 
-1.21093 2.97900 
-1.21093 2.98000 
-1.21093 2.98100 
-1.21093 2.98200 
-1.21093 2.98300 
-1.21093 2.98400 
-1.21093 2.98500 
-1.21093 2.98600 
-1.21093 2.98700 
-1.21093 2.98800 
-1.21093 2.98900 
-1.21093 2.99000 
-1.21093 2.99100 
-1.21093 2.99200 
-1.21093 2.99300 
-1.21093 2.99400 
-1.21093 2.99500 
-1.21093 2.99600 
-1.21093 2.99700 
-1.21093 2.99800 
-1.21093 2.99900 
-1.21093 3.00000 
-1.21093 3.00100 
-1.21093 3.00200 
-1.21093 3.00300 
-1.21093 3.00400 
-1.21093 3.00500 
-1.21093 3.00600 
-1.21093 3.00700 
-1.21093 3.00800 
-1.21093 3.00900 
-1.21093 3.01000 
-1.21093 3.01100 
-1.21093 3.01200 
-1.21093 3.01300 
-1.21093 3.01400 
-1.21093 3.01500 
-1.21093 3.01600 
-1.21093 3.01700 
-1.21093 3.01800 
-1.21093 3.01900 
-1.21093 3.02000 
-1.21093 3.02100 
-1.21093 3.02200 
-1.21093 3.02300 
-1.21093 3.02400 
-1.21093 3.02500 
-1.21093 3.02600 
-1.21093 3.02700 
-1.21093 3.02800 
-1.21093 3.02900 
-1.21093 3.03000 
-1.21093 3.03100 
-1.21093 3.03200 
-1.21093 3.03300 
-1.21093 3.03400 
-1.21093 3.03500 
-1.21093 3.03600 
-1.21093 3.03700 
-1.21093 3.03800 
-1.21093 3.03900 
-1.21093 3.04000 
-1.21093 3.04100 
-1.21093 3.04200 
-1.21093 3.04300 
-1.21093 3.04400 
-1.21093 3.04500 
-1.21093 3.04600 
-1.21093 3.04700 
-1.21093 3.04800 
-1.21093 3.04900 
-1.21093 3.05000 
-1.21093 3.05100 
-1.21093 3.05200 
-1.21093 3.05300 
-1.21093 3.05400 
-1.21093 3.05500 
-1.21093 3.05600 
-1.21093 3.05700 
-1.21093 3.05800 
-1.21093 3.05900 
-1.21093 3.06000 
-1.21093 3.06100 
-1.21093 3.06200 
-1.21093 3.06300 
-1.21093 3.06400 
-1.21093 3.06500 
-1.21093 3.06600 
-1.21093 3.06700 
-1.21093 3.06800 
-1.21093 3.06900 
-1.21093 3.07000 
-1.21093 3.07100 
-1.21093 3.07200 
-1.21093 3.07300 
-1.21093 3.07400 
-1.21093 3.07500 
-1.21093 3.07600 
-1.21093 3.07700 
-1.21093 3.07800 
-1.21093 3.07900 
-1.21093 3.08000 
-1.21093 3.08100 
-1.21093 3.08200 
-1.21093 3.08300 
-1.21093 3.08400 
-1.21093 3.08500 
-1.21093 3.08600 
-1.21093 3.08700 
-1.21093 3.08800 
-1.21093 3.08900 
-1.21093 3.09000 
-1.21093 3.09100 
-1.21093 3.09200 
-1.21093 3.09300 
-1.21093 3.09400 
-1.21093 3.09500 
-1.21093 3.09600 
-1.21093 3.09700 
-1.21093 3.09800 
-1.21093 3.09900 
-1.21093 3.10000 
-1.21093 3.10100 
-1.21093 3.10200 
-1.21093 3.10300 
-1.21093 3.10400 
-1.21093 3.10500 
-1.21093 3.10600 
-1.21093 3.10700 
-1.21093 3.10800 
-1.21093 3.10900 
-1.21093 3.11000 
-1.21093 3.11100 
-1.21093 3.11200 
-1.21093 3.11300 
-1.21093 3.11400 
-1.21093 3.11500 
-1.21093 3.11600 
-1.21093 3.11700 
-1.21093 3.11800 
-1.21093 3.11900 
-1.21093 3.12000 
-1.21093 3.12100 
-1.21093 3.12200 
-1.21093 3.12300 
-1.21093 3.12400 
-1.21093 3.12500 
-1.21093 3.12600 
-1.21093 3.12700 
-1.21093 3.12800 
-1.21093 3.12900 
-1.21093 3.13000 
-1.21093 3.13100 
-1.21093 3.13200 
-1.21093 3.13300 
-1.21093 3.13400 
-1.21093 3.13500 
-1.21093 3.13600 
-1.21093 3.13700 
-1.21093 3.13800 
-1.21093 3.13900 
-1.21093 3.14000 
-1.21093 3.14100 
-1.21093 3.14200 
-1.21093 3.14300 
-1.21093 3.14400 
-1.21093 3.14500 
-1.21093 3.14600 
-1.21093 3.14700 
-1.21093 3.14800 
-1.21093 3.14900 
-1.21093 3.15000 
-1.21093 3.15100 
-1.21093 3.15200 
-1.21093 3.15300 
-1.21093 3.15400 
-1.21093 3.15500 
-1.21093 3.15600 
-1.21093 3.15700 
-1.21093 3.15800 
-1.21093 3.15900 
-1.21093 3.16000 
-1.21093 3.16100 
-1.21093 3.16200 
-1.21093 3.16300 
-1.21093 3.16400 
-1.21093 3.16500 
-1.21093 3.16600 
-1.21093 3.16700 
-1.21093 3.16800 
-1.21093 3.16900 
-1.21093 3.17000 
-1.21093 3.17100 
-1.21093 3.17200 
-1.21093 3.17300 
-1.21093 3.17400 
-1.21093 3.17500 
-1.21093 3.17600 
-1.21093 3.17700 
-1.21093 3.17800 
-1.21093 3.17900 
-1.21093 3.18000 
-1.21093 3.18100 
-1.21093 3.18200 
-1.21093 3.18300 
-1.21093 3.18400 
-1.21093 3.18500 
-1.21093 3.18600 
-1.21093 3.18700 
-1.21093 3.18800 
-1.21093 3.18900 
-1.21093 3.19000 
-1.21093 3.19100 
-1.21093 3.19200 
-1.21093 3.19300 
-1.21093 3.19400 
-1.21093 3.19500 
-1.21093 3.19600 
-1.21093 3.19700 
-1.21093 3.19800 
-1.21093 3.19900 
-1.21093 3.20000 
-1.21093 3.20100 
-1.21093 3.20200 
-1.21093 3.20300 
-1.21093 3.20400 
-1.21093 3.20500 
-1.21093 3.20600 
-1.21093 3.20700 
-1.21093 3.20800 
-1.21093 3.20900 
-1.21093 3.21000 
-1.21093 3.21100 
-1.21093 3.21200 
-1.21093 3.21300 
-1.21093 3.21400 
-1.21093 3.21500 
-1.21093 3.21600 
-1.21093 3.21700 
-1.21093 3.21800 
-1.21093 3.21900 
-1.21093 3.22000 
-1.21093 3.22100 
-1.21093 3.22200 
-1.21093 3.22300 
-1.21093 3.22400 
-1.21093 3.22500 
-1.21093 3.22600 
-1.21093 3.22700 
-1.21093 3.22800 
-1.21093 3.22900 
-1.21093 3.23000 
-1.21093 3.23100 
-1.21093 3.23200 
-1.21093 3.23300 
-1.21093 3.23400 
-1.21093 3.23500 
-1.21093 3.23600 
-1.21093 3.23700 
-1.21093 3.23800 
-1.21093 3.23900 
-1.21093 3.24000 
-1.21093 3.24100 
-1.21093 3.24200 
-1.21093 3.24300 
-1.21093 3.24400 
-1.21093 3.24500 
-1.21093 3.24600 
-1.21093 3.24700 
-1.21093 3.24800 
-1.21093 3.24900 
-1.21093 3.25000 
-1.21093 3.25100 
-1.21093 3.25200 
-1.21093 3.25300 
-1.21093 3.25400 
-1.21093 3.25500 
-1.21093 3.25600 
-1.21093 3.25700 
-1.21093 3.25800 
-1.21093 3.25900 
-1.21093 3.26000 
-1.21093 3.26100 
-1.21093 3.26200 
-1.21093 3.26300 
-1.21093 3.26400 
-1.21093 3.26500 
-1.21093 3.26600 
-1.21093 3.26700 
-1.21093 3.26800 
-1.21093 3.26900 
-1.21093 3.27000 
-1.21093 3.27100 
-1.21093 3.27200 
-1.21093 3.27300 
-1.21093 3.27400 
-1.21093 3.27500 
-1.21093 3.27600 
-1.21093 3.27700 
-1.21093 3.27800 
-1.21093 3.27900 
-1.21093 3.28000 
-1.21093 3.28100 
-1.21093 3.28200 
-1.21093 3.28300 
-1.21093 3.28400 
-1.21093 3.28500 
-1.21093 3.28600 
-1.21093 3.28700 
-1.21093 3.28800 
-1.21093 3.28900 
-1.21093 3.29000 
-1.21093 3.29100 
-1.21093 3.29200 
-1.21093 3.29300 
-1.21093 3.29400 
-1.21093 3.29500 
-1.21093 3.29600 
-1.21093 3.29700 
-1.21093 3.29800 
-1.21093 3.29900 
-1.21093 3.30000 
-1.21093 3.30100 
-1.21093 3.30200 
-1.21093 3.30300 
-1.21093 3.30400 
-1.21093 3.30500 
-1.21093 3.30600 
-1.21093 3.30700 
-1.21093 3.30800 
-1.21093 3.30900 
-1.21093 3.31000 
-1.21093 3.31100 
-1.21093 3.31200 
-1.21093 3.31300 
-1.21093 3.31400 
-1.21093 3.31500 
-1.21093 3.31600 
-1.21093 3.31700 
-1.21093 3.31800 
-1.21093 3.31900 
-1.21093 3.32000 
-1.21093 3.32100 
-1.21093 3.32200 
-1.21093 3.32300 
-1.21093 3.32400 
-1.21093 3.32500 
-1.21093 3.32600 
-1.21093 3.32700 
-1.21093 3.32800 
-1.21093 3.32900 
-1.21093 3.33000 
-1.21093 3.33100 
-1.21093 3.33200 
-1.21093 3.33300 
-1.21093 3.33400 
-1.21093 3.33500 
-1.21093 3.33600 
-1.21093 3.33700 
-1.21093 3.33800 
-1.21093 3.33900 
-1.21093 3.34000 
-1.21093 3.34100 
-1.21093 3.34200 
-1.21093 3.34300 
-1.21093 3.34400 
-1.21093 3.34500 
-1.21093 3.34600 
-1.21093 3.34700 
-1.21093 3.34800 
-1.21093 3.34900 
-1.21093 3.35000 
-1.21093 3.35100 
-1.21093 3.35200 
-1.21093 3.35300 
-1.21093 3.35400 
-1.21093 3.35500 
-1.21093 3.35600 
-1.21093 3.35700 
-1.21093 3.35800 
-1.21093 3.35900 
-1.21093 3.36000 
-1.21093 3.36100 
-1.21093 3.36200 
-1.21093 3.36300 
-1.21093 3.36400 
-1.21093 3.36500 
-1.21093 3.36600 
-1.21093 3.36700 
-1.21093 3.36800 
-1.21093 3.36900 
-1.21093 3.37000 
-1.21093 3.37100 
-1.21093 3.37200 
-1.21093 3.37300 
-1.21093 3.37400 
-1.21093 3.37500 
-1.21093 3.37600 
-1.21093 3.37700 
-1.21093 3.37800 
-1.21093 3.37900 
-1.21093 3.38000 
-1.21093 3.38100 
-1.21093 3.38200 
-1.21093 3.38300 
-1.21093 3.38400 
-1.21093 3.38500 
-1.21093 3.38600 
-1.21093 3.38700 
-1.21093 3.38800 
-1.21093 3.38900 
-1.21093 3.39000 
-1.21093 3.39100 
-1.21093 3.39200 
-1.21093 3.39300 
-1.21093 3.39400 
-1.21093 3.39500 
-1.21093 3.39600 
-1.21093 3.39700 
-1.21093 3.39800 
-1.21093 3.39900 
-1.21093 3.40000 
-1.21093 3.40100 
-1.21093 3.40200 
-1.21093 3.40300 
-1.21093 3.40400 
-1.21093 3.40500 
-1.21093 3.40600 
-1.21093 3.40700 
-1.21093 3.40800 
-1.21093 3.40900 
-1.21093 3.41000 
-1.21093 3.41100 
-1.21093 3.41200 
-1.21093 3.41300 
-1.21093 3.41400 
-1.21093 3.41500 
-1.21093 3.41600 
-1.21093 3.41700 
-1.21093 3.41800 
-1.21093 3.41900 
-1.21093 3.42000 
-1.21093 3.42100 
-1.21093 3.42200 
-1.21093 3.42300 
-1.21093 3.42400 
-1.21093 3.42500 
-1.21093 3.42600 
-1.21093 3.42700 
-1.21093 3.42800 
-1.21093 3.42900 
-1.21093 3.43000 
-1.21093 3.43100 
-1.21093 3.43200 
-1.21093 3.43300 
-1.21093 3.43400 
-1.21093 3.43500 
-1.21093 3.43600 
-1.21093 3.43700 
-1.21093 3.43800 
-1.21093 3.43900 
-1.21093 3.44000 
-1.21093 3.44100 
-1.21093 3.44200 
-1.21093 3.44300 
-1.21093 3.44400 
-1.21093 3.44500 
-1.21093 3.44600 
-1.21093 3.44700 
-1.21093 3.44800 
-1.21093 3.44900 
-1.21093 3.45000 
-1.21093 3.45100 
-1.21093 3.45200 
-1.21093 3.45300 
-1.21093 3.45400 
-1.21093 3.45500 
-1.21093 3.45600 
-1.21093 3.45700 
-1.21093 3.45800 
-1.21093 3.45900 
-1.21093 3.46000 
-1.21093 3.46100 
-1.21093 3.46200 
-1.21093 3.46300 
-1.21093 3.46400 
-1.21093 3.46500 
-1.21093 3.46600 
-1.21093 3.46700 
-1.21093 3.46800 
-1.21093 3.46900 
-1.21093 3.47000 
-1.21093 3.47100 
-1.21093 3.47200 
-1.21093 3.47300 
-1.21093 3.47400 
-1.21093 3.47500 
-1.21093 3.47600 
-1.21093 3.47700 
-1.21093 3.47800 
-1.21093 3.47900 
-1.21093 3.48000 
-1.21093 3.48100 
-1.21093 3.48200 
-1.21093 3.48300 
-1.21093 3.48400 
-1.21093 3.48500 
-1.21093 3.48600 
-1.21093 3.48700 
-1.21093 3.48800 
-1.21093 3.48900 
-1.21093 3.49000 
-1.21093 3.49100 
-1.21093 3.49200 
-1.21093 3.49300 
-1.21093 3.49400 
-1.21093 3.49500 
-1.21093 3.49600 
-1.21093 3.49700 
-1.21093 3.49800 
-1.21093 3.49900 
-1.21093 3.50000 
-1.21093 3.50100 
-1.21093 3.50200 
-1.21093 3.50300 
-1.21093 3.50400 
-1.21093 3.50500 
-1.21093 3.50600 
-1.21093 3.50700 
-1.21093 3.50800 
-1.21093 3.50900 
-1.21093 3.51000 
-1.21093 3.51100 
-1.21093 3.51200 
-1.21093 3.51300 
-1.21093 3.51400 
-1.21093 3.51500 
-1.21093 3.51600 
-1.21093 3.51700 
-1.21093 3.51800 
-1.21093 3.51900 
-1.21093 3.52000 
-1.21093 3.52100 
-1.21093 3.52200 
-1.21093 3.52300 
-1.21093 3.52400 
-1.21093 3.52500 
-1.21093 3.52600 
-1.21093 3.52700 
-1.21093 3.52800 
-1.21093 3.52900 
-1.21093 3.53000 
-1.21093 3.53100 
-1.21093 3.53200 
-1.21093 3.53300 
-1.21093 3.53400 
-1.21093 3.53500 
-1.21093 3.53600 
-1.21093 3.53700 
-1.21093 3.53800 
-1.21093 3.53900 
-1.21093 3.54000 
-1.21093 3.54100 
-1.21093 3.54200 
-1.21093 3.54300 
-1.21093 3.54400 
-1.21093 3.54500 
-1.21093 3.54600 
-1.21093 3.54700 
-1.21093 3.54800 
-1.21093 3.54900 
-1.21093 3.55000 
-1.21093 3.55100 
-1.21093 3.55200 
-1.21093 3.55300 
-1.21093 3.55400 
-1.21093 3.55500 
-1.21093 3.55600 
-1.21093 3.55700 
-1.21093 3.55800 
-1.21093 3.55900 
-1.21093 3.56000 
-1.21093 3.56100 
-1.21093 3.56200 
-1.21093 3.56300 
-1.21093 3.56400 
-1.21093 3.56500 
-1.21093 3.56600 
-1.21093 3.56700 
-1.21093 3.56800 
-1.21093 3.56900 
-1.21093 3.57000 
-1.21093 3.57100 
-1.21093 3.57200 
-1.21093 3.57300 
-1.21093 3.57400 
-1.21093 3.57500 
-1.21093 3.57600 
-1.21093 3.57700 
-1.21093 3.57800 
-1.21093 3.57900 
-1.21093 3.58000 
-1.21093 3.58100 
-1.21093 3.58200 
-1.21093 3.58300 
-1.21093 3.58400 
-1.21093 3.58500 
-1.21093 3.58600 
-1.21093 3.58700 
-1.21093 3.58800 
-1.21093 3.58900 
-1.21093 3.59000 
-1.21093 3.59100 
-1.21093 3.59200 
-1.21093 3.59300 
-1.21093 3.59400 
-1.21093 3.59500 
-1.21093 3.59600 
-1.21093 3.59700 
-1.21093 3.59800 
-1.21093 3.59900 
-1.21093 3.60000 
-1.21093 3.60100 
-1.21093 3.60200 
-1.21093 3.60300 
-1.21093 3.60400 
-1.21093 3.60500 
-1.21093 3.60600 
-1.21093 3.60700 
-1.21093 3.60800 
-1.21093 3.60900 
-1.21093 3.61000 
-1.21093 3.61100 
-1.21093 3.61200 
-1.21093 3.61300 
-1.21093 3.61400 
-1.21093 3.61500 
-1.21093 3.61600 
-1.21093 3.61700 
-1.21093 3.61800 
-1.21093 3.61900 
-1.21093 3.62000 
-1.21093 3.62100 
-1.21093 3.62200 
-1.21093 3.62300 
-1.21093 3.62400 
-1.21093 3.62500 
-1.21093 3.62600 
-1.21093 3.62700 
-1.21093 3.62800 
-1.21093 3.62900 
-1.21093 3.63000 
-1.21093 3.63100 
-1.21093 3.63200 
-1.21093 3.63300 
-1.21093 3.63400 
-1.21093 3.63500 
-1.21093 3.63600 
-1.21093 3.63700 
-1.21093 3.63800 
-1.21093 3.63900 
-1.21093 3.64000 
-1.21093 3.64100 
-1.21093 3.64200 
-1.21093 3.64300 
-1.21093 3.64400 
-1.21093 3.64500 
-1.21093 3.64600 
-1.21093 3.64700 
-1.21093 3.64800 
-1.21093 3.64900 
-1.21093 3.65000 
-1.21093 3.65100 
-1.21093 3.65200 
-1.21093 3.65300 
-1.21093 3.65400 
-1.21093 3.65500 
-1.21093 3.65600 
-1.21093 3.65700 
-1.21093 3.65800 
-1.21093 3.65900 
-1.21093 3.66000 
-1.21093 3.66100 
-1.21093 3.66200 
-1.21093 3.66300 
-1.21093 3.66400 
-1.21093 3.66500 
-1.21093 3.66600 
-1.21093 3.66700 
-1.21093 3.66800 
-1.21093 3.66900 
-1.21093 3.67000 
-1.21093 3.67100 
-1.21093 3.67200 
-1.21093 3.67300 
-1.21093 3.67400 
-1.21093 3.67500 
-1.21093 3.67600 
-1.21093 3.67700 
-1.21093 3.67800 
-1.21093 3.67900 
-1.21093 3.68000 
-1.21093 3.68100 
-1.21093 3.68200 
-1.21093 3.68300 
-1.21093 3.68400 
-1.21093 3.68500 
-1.21093 3.68600 
-1.21093 3.68700 
-1.21093 3.68800 
-1.21093 3.68900 
-1.21093 3.69000 
-1.21093 3.69100 
-1.21093 3.69200 
-1.21093 3.69300 
-1.21093 3.69400 
-1.21093 3.69500 
-1.21093 3.69600 
-1.21093 3.69700 
-1.21093 3.69800 
-1.21093 3.69900 
-1.21093 3.70000 
-1.21093 3.70100 
-1.21093 3.70200 
-1.21093 3.70300 
-1.21093 3.70400 
-1.21093 3.70500 
-1.21093 3.70600 
-1.21093 3.70700 
-1.21093 3.70800 
-1.21093 3.70900 
-1.21093 3.71000 
-1.21093 3.71100 
-1.21093 3.71200 
-1.21093 3.71300 
-1.21093 3.71400 
-1.21093 3.71500 
-1.21093 3.71600 
-1.21093 3.71700 
-1.21093 3.71800 
-1.21093 3.71900 
-1.21093 3.72000 
-1.21093 3.72100 
-1.21093 3.72200 
-1.21093 3.72300 
-1.21093 3.72400 
-1.21093 3.72500 
-1.21093 3.72600 
-1.21093 3.72700 
-1.21093 3.72800 
-1.21093 3.72900 
-1.21093 3.73000 
-1.21093 3.73100 
-1.21093 3.73200 
-1.21093 3.73300 
-1.21093 3.73400 
-1.21093 3.73500 
-1.21093 3.73600 
-1.21093 3.73700 
-1.21093 3.73800 
-1.21093 3.73900 
-1.21093 3.74000 
-1.21093 3.74100 
-1.21093 3.74200 
-1.21093 3.74300 
-1.21093 3.74400 
-1.21093 3.74500 
-1.21093 3.74600 
-1.21093 3.74700 
-1.21093 3.74800 
-1.21093 3.74900 
-1.21093 3.75000 
-1.21093 3.75100 
-1.21093 3.75200 
-1.21093 3.75300 
-1.21093 3.75400 
-1.21093 3.75500 
-1.21093 3.75600 
-1.21093 3.75700 
-1.21093 3.75800 
-1.21093 3.75900 
-1.21093 3.76000 
-1.21093 3.76100 
-1.21093 3.76200 
-1.21093 3.76300 
-1.21093 3.76400 
-1.21093 3.76500 
-1.21093 3.76600 
-1.21093 3.76700 
-1.21093 3.76800 
-1.21093 3.76900 
-1.21093 3.77000 
-1.21093 3.77100 
-1.21093 3.77200 
-1.21093 3.77300 
-1.21093 3.77400 
-1.21093 3.77500 
-1.21093 3.77600 
-1.21093 3.77700 
-1.21093 3.77800 
-1.21093 3.77900 
-1.21093 3.78000 
-1.21093 3.78100 
-1.21093 3.78200 
-1.21093 3.78300 
-1.21093 3.78400 
-1.21093 3.78500 
-1.21093 3.78600 
-1.21093 3.78700 
-1.21093 3.78800 
-1.21093 3.78900 
-1.21093 3.79000 
-1.21093 3.79100 
-1.21093 3.79200 
-1.21093 3.79300 
-1.21093 3.79400 
-1.21093 3.79500 
-1.21093 3.79600 
-1.21093 3.79700 
-1.21093 3.79800 
-1.21093 3.79900 
-1.21093 3.80000 
-1.21093 3.80100 
-1.21093 3.80200 
-1.21093 3.80300 
-1.21093 3.80400 
-1.21093 3.80500 
-1.21093 3.80600 
-1.21093 3.80700 
-1.21093 3.80800 
-1.21093 3.80900 
-1.21093 3.81000 
-1.21093 3.81100 
-1.21093 3.81200 
-1.21093 3.81300 
-1.21093 3.81400 
-1.21093 3.81500 
-1.21093 3.81600 
-1.21093 3.81700 
-1.21093 3.81800 
-1.21093 3.81900 
-1.21093 3.82000 
-1.21093 3.82100 
-1.21093 3.82200 
-1.21093 3.82300 
-1.21093 3.82400 
-1.21093 3.82500 
-1.21093 3.82600 
-1.21093 3.82700 
-1.21093 3.82800 
-1.21093 3.82900 
-1.21093 3.83000 
-1.21093 3.83100 
-1.21093 3.83200 
-1.21093 3.83300 
-1.21093 3.83400 
-1.21093 3.83500 
-1.21093 3.83600 
-1.21093 3.83700 
-1.21093 3.83800 
-1.21093 3.83900 
-1.21093 3.84000 
-1.21093 3.84100 
-1.21093 3.84200 
-1.21093 3.84300 
-1.21093 3.84400 
-1.21093 3.84500 
-1.21093 3.84600 
-1.21093 3.84700 
-1.21093 3.84800 
-1.21093 3.84900 
-1.21093 3.85000 
-1.21093 3.85100 
-1.21093 3.85200 
-1.21093 3.85300 
-1.21093 3.85400 
-1.21093 3.85500 
-1.21093 3.85600 
-1.21093 3.85700 
-1.21093 3.85800 
-1.21093 3.85900 
-1.21093 3.86000 
-1.21093 3.86100 
-1.21093 3.86200 
-1.21093 3.86300 
-1.21093 3.86400 
-1.21093 3.86500 
-1.21093 3.86600 
-1.21093 3.86700 
-1.21093 3.86800 
-1.21093 3.86900 
-1.21093 3.87000 
-1.21093 3.87100 
-1.21093 3.87200 
-1.21093 3.87300 
-1.21093 3.87400 
-1.21093 3.87500 
-1.21093 3.87600 
-1.21093 3.87700 
-1.21093 3.87800 
-1.21093 3.87900 
-1.21093 3.88000 
-1.21093 3.88100 
-1.21093 3.88200 
-1.21093 3.88300 
-1.21093 3.88400 
-1.21093 3.88500 
-1.21093 3.88600 
-1.21093 3.88700 
-1.21093 3.88800 
-1.21093 3.88900 
-1.21093 3.89000 
-1.21093 3.89100 
-1.21093 3.89200 
-1.21093 3.89300 
-1.21093 3.89400 
-1.21093 3.89500 
-1.21093 3.89600 
-1.21093 3.89700 
-1.21093 3.89800 
-1.21093 3.89900 
-1.21093 3.90000 
-1.21093 3.90100 
-1.21093 3.90200 
-1.21093 3.90300 
-1.21093 3.90400 
-1.21093 3.90500 
-1.21093 3.90600 
-1.21093 3.90700 
-1.21093 3.90800 
-1.21093 3.90900 
-1.21093 3.91000 
-1.21093 3.91100 
-1.21093 3.91200 
-1.21093 3.91300 
-1.21093 3.91400 
-1.21093 3.91500 
-1.21093 3.91600 
-1.21093 3.91700 
-1.21093 3.91800 
-1.21093 3.91900 
-1.21093 3.92000 
-1.21093 3.92100 
-1.21093 3.92200 
-1.21093 3.92300 
-1.21093 3.92400 
-1.21093 3.92500 
-1.21093 3.92600 
-1.21093 3.92700 
-1.21093 3.92800 
-1.21093 3.92900 
-1.21093 3.93000 
-1.21093 3.93100 
-1.21093 3.93200 
-1.21093 3.93300 
-1.21093 3.93400 
-1.21093 3.93500 
-1.21093 3.93600 
-1.21093 3.93700 
-1.21093 3.93800 
-1.21093 3.93900 
-1.21093 3.94000 
-1.21093 3.94100 
-1.21093 3.94200 
-1.21093 3.94300 
-1.21093 3.94400 
-1.21093 3.94500 
-1.21093 3.94600 
-1.21093 3.94700 
-1.21093 3.94800 
-1.21093 3.94900 
-1.21093 3.95000 
-1.21093 3.95100 
-1.21093 3.95200 
-1.21093 3.95300 
-1.21093 3.95400 
-1.21093 3.95500 
-1.21093 3.95600 
-1.21093 3.95700 
-1.21093 3.95800 
-1.21093 3.95900 
-1.21093 3.96000 
-1.21093 3.96100 
-1.21093 3.96200 
-1.21093 3.96300 
-1.21093 3.96400 
-1.21093 3.96500 
-1.21093 3.96600 
-1.21093 3.96700 
-1.21093 3.96800 
-1.21093 3.96900 
-1.21093 3.97000 
-1.21093 3.97100 
-1.21093 3.97200 
-1.21093 3.97300 
-1.21093 3.97400 
-1.21093 3.97500 
-1.21093 3.97600 
-1.21093 3.97700 
-1.21093 3.97800 
-1.21093 3.97900 
-1.21093 3.98000 
-1.21093 3.98100 
-1.21093 3.98200 
-1.21093 3.98300 
-1.21093 3.98400 
-1.21093 3.98500 
-1.21093 3.98600 
-1.21093 3.98700 
-1.21093 3.98800 
-1.21093 3.98900 
-1.21093 3.99000 
-1.21093 3.99100 
-1.21093 3.99200 
-1.21093 3.99300 
-1.21093 3.99400 
-1.21093 3.99500 
-1.21093 3.99600 
-1.21093 3.99700 
-1.21093 3.99800 
-1.21093 3.99900 
-1.21093 4.00000 
-1.21093 4.00100 
-1.21093 4.00200 
-1.21093 4.00300 
-1.21093 4.00400 
-1.21093 4.00500 
-1.21093 4.00600 
-1.21093 4.00700 
-1.21093 4.00800 
-1.21093 4.00900 
-1.21093 4.01000 
-1.21093 4.01100 
-1.21093 4.01200 
-1.21093 4.01300 
-1.21093 4.01400 
-1.21093 4.01500 
-1.21093 4.01600 
-1.21093 4.01700 
-1.21093 4.01800 
-1.21093 4.01900 
-1.21093 4.02000 
-1.21093 4.02100 
-1.21093 4.02200 
-1.21093 4.02300 
-1.21093 4.02400 
-1.21093 4.02500 
-1.21093 4.02600 
-1.21093 4.02700 
-1.21093 4.02800 
-1.21093 4.02900 
-1.21093 4.03000 
-1.21093 4.03100 
-1.21093 4.03200 
-1.21093 4.03300 
-1.21093 4.03400 
-1.21093 4.03500 
-1.21093 4.03600 
-1.21093 4.03700 
-1.21093 4.03800 
-1.21093 4.03900 
-1.21093 4.04000 
-1.21093 4.04100 
-1.21093 4.04200 
-1.21093 4.04300 
-1.21093 4.04400 
-1.21093 4.04500 
-1.21093 4.04600 
-1.21093 4.04700 
-1.21093 4.04800 
-1.21093 4.04900 
-1.21093 4.05000 
-1.21093 4.05100 
-1.21093 4.05200 
-1.21093 4.05300 
-1.21093 4.05400 
-1.21093 4.05500 
-1.21093 4.05600 
-1.21093 4.05700 
-1.21093 4.05800 
-1.21093 4.05900 
-1.21093 4.06000 
-1.21093 4.06100 
-1.21093 4.06200 
-1.21093 4.06300 
-1.21093 4.06400 
-1.21093 4.06500 
-1.21093 4.06600 
-1.21093 4.06700 
-1.21093 4.06800 
-1.21093 4.06900 
-1.21093 4.07000 
-1.21093 4.07100 
-1.21093 4.07200 
-1.21093 4.07300 
-1.21093 4.07400 
-1.21093 4.07500 
-1.21093 4.07600 
-1.21093 4.07700 
-1.21093 4.07800 
-1.21093 4.07900 
-1.21093 4.08000 
-1.21093 4.08100 
-1.21093 4.08200 
-1.21093 4.08300 
-1.21093 4.08400 
-1.21093 4.08500 
-1.21093 4.08600 
-1.21093 4.08700 
-1.21093 4.08800 
-1.21093 4.08900 
-1.21093 4.09000 
-1.21093 4.09100 
-1.21093 4.09200 
-1.21093 4.09300 
-1.21093 4.09400 
-1.21093 4.09500 
-1.21093 4.09600 
-1.21093 4.09700 
-1.21093 4.09800 
-1.21093 4.09900 
-1.21093 4.10000 
-1.21093 4.10100 
-1.21093 4.10200 
-1.21093 4.10300 
-1.21093 4.10400 
-1.21093 4.10500 
-1.21093 4.10600 
-1.21093 4.10700 
-1.21093 4.10800 
-1.21093 4.10900 
-1.21093 4.11000 
-1.21093 4.11100 
-1.21093 4.11200 
-1.21093 4.11300 
-1.21093 4.11400 
-1.21093 4.11500 
-1.21093 4.11600 
-1.21093 4.11700 
-1.21093 4.11800 
-1.21093 4.11900 
-1.21093 4.12000 
-1.21093 4.12100 
-1.21093 4.12200 
-1.21093 4.12300 
-1.21093 4.12400 
-1.21093 4.12500 
-1.21093 4.12600 
-1.21093 4.12700 
-1.21093 4.12800 
-1.21093 4.12900 
-1.21093 4.13000 
-1.21093 4.13100 
-1.21093 4.13200 
-1.21093 4.13300 
-1.21093 4.13400 
-1.21093 4.13500 
-1.21093 4.13600 
-1.21093 4.13700 
-1.21093 4.13800 
-1.21093 4.13900 
-1.21093 4.14000 
-1.21093 4.14100 
-1.21093 4.14200 
-1.21093 4.14300 
-1.21093 4.14400 
-1.21093 4.14500 
-1.21093 4.14600 
-1.21093 4.14700 
-1.21093 4.14800 
-1.21093 4.14900 
-1.21093 4.15000 
-1.21093 4.15100 
-1.21093 4.15200 
-1.21093 4.15300 
-1.21093 4.15400 
-1.21093 4.15500 
-1.21093 4.15600 
-1.21093 4.15700 
-1.21093 4.15800 
-1.21093 4.15900 
-1.21093 4.16000 
-1.21093 4.16100 
-1.21093 4.16200 
-1.21093 4.16300 
-1.21093 4.16400 
-1.21093 4.16500 
-1.21093 4.16600 
-1.21093 4.16700 
-1.21093 4.16800 
-1.21093 4.16900 
-1.21093 4.17000 
-1.21093 4.17100 
-1.21093 4.17200 
-1.21093 4.17300 
-1.21093 4.17400 
-1.21093 4.17500 
-1.21093 4.17600 
-1.21093 4.17700 
-1.21093 4.17800 
-1.21093 4.17900 
-1.21093 4.18000 
-1.21093 4.18100 
-1.21093 4.18200 
-1.21093 4.18300 
-1.21093 4.18400 
-1.21093 4.18500 
-1.21093 4.18600 
-1.21093 4.18700 
-1.21093 4.18800 
-1.21093 4.18900 
-1.21093 4.19000 
-1.21093 4.19100 
-1.21093 4.19200 
-1.21093 4.19300 
-1.21093 4.19400 
-1.21093 4.19500 
-1.21093 4.19600 
-1.21093 4.19700 
-1.21093 4.19800 
-1.21093 4.19900 
-1.21093 4.20000 
-1.21093 4.20100 
-1.21093 4.20200 
-1.21093 4.20300 
-1.21093 4.20400 
-1.21093 4.20500 
-1.21093 4.20600 
-1.21093 4.20700 
-1.21093 4.20800 
-1.21093 4.20900 
-1.21093 4.21000 
-1.21093 4.21100 
-1.21093 4.21200 
-1.21093 4.21300 
-1.21093 4.21400 
-1.21093 4.21500 
-1.21093 4.21600 
-1.21093 4.21700 
-1.21093 4.21800 
-1.21093 4.21900 
-1.21093 4.22000 
-1.21093 4.22100 
-1.21093 4.22200 
-1.21093 4.22300 
-1.21093 4.22400 
-1.21093 4.22500 
-1.21093 4.22600 
-1.21093 4.22700 
-1.21093 4.22800 
-1.21093 4.22900 
-1.21093 4.23000 
-1.21093 4.23100 
-1.21093 4.23200 
-1.21093 4.23300 
-1.21093 4.23400 
-1.21093 4.23500 
-1.21093 4.23600 
-1.21093 4.23700 
-1.21093 4.23800 
-1.21093 4.23900 
-1.21093 4.24000 
-1.21093 4.24100 
-1.21093 4.24200 
-1.21093 4.24300 
-1.21093 4.24400 
-1.21093 4.24500 
-1.21093 4.24600 
-1.21093 4.24700 
-1.21093 4.24800 
-1.21093 4.24900 
-1.21093 4.25000 
-1.21093 4.25100 
-1.21093 4.25200 
-1.21093 4.25300 
-1.21093 4.25400 
-1.21093 4.25500 
-1.21093 4.25600 
-1.21093 4.25700 
-1.21093 4.25800 
-1.21093 4.25900 
-1.21093 4.26000 
-1.21093 4.26100 
-1.21093 4.26200 
-1.21093 4.26300 
-1.21093 4.26400 
-1.21093 4.26500 
-1.21093 4.26600 
-1.21093 4.26700 
-1.21093 4.26800 
-1.21093 4.26900 
-1.21093 4.27000 
-1.21093 4.27100 
-1.21093 4.27200 
-1.21093 4.27300 
-1.21093 4.27400 
-1.21093 4.27500 
-1.21093 4.27600 
-1.21093 4.27700 
-1.21093 4.27800 
-1.21093 4.27900 
-1.21093 4.28000 
-1.21093 4.28100 
-1.21093 4.28200 
-1.21093 4.28300 
-1.21093 4.28400 
-1.21093 4.28500 
-1.21093 4.28600 
-1.21093 4.28700 
-1.21093 4.28800 
-1.21093 4.28900 
-1.21093 4.29000 
-1.21093 4.29100 
-1.21093 4.29200 
-1.21093 4.29300 
-1.21093 4.29400 
-1.21093 4.29500 
-1.21093 4.29600 
-1.21093 4.29700 
-1.21093 4.29800 
-1.21093 4.29900 
-1.21093 4.30000 
-1.21093 4.30100 
-1.21093 4.30200 
-1.21093 4.30300 
-1.21093 4.30400 
-1.21093 4.30500 
-1.21093 4.30600 
-1.21093 4.30700 
-1.21093 4.30800 
-1.21093 4.30900 
-1.21093 4.31000 
-1.21093 4.31100 
-1.21093 4.31200 
-1.21093 4.31300 
-1.21093 4.31400 
-1.21093 4.31500 
-1.21093 4.31600 
-1.21093 4.31700 
-1.21093 4.31800 
-1.21093 4.31900 
-1.21093 4.32000 
-1.21093 4.32100 
-1.21093 4.32200 
-1.21093 4.32300 
-1.21093 4.32400 
-1.21093 4.32500 
-1.21093 4.32600 
-1.21093 4.32700 
-1.21093 4.32800 
-1.21093 4.32900 
-1.21093 4.33000 
-1.21093 4.33100 
-1.21093 4.33200 
-1.21093 4.33300 
-1.21093 4.33400 
-1.21093 4.33500 
-1.21093 4.33600 
-1.21093 4.33700 
-1.21093 4.33800 
-1.21093 4.33900 
-1.21093 4.34000 
-1.21093 4.34100 
-1.21093 4.34200 
-1.21093 4.34300 
-1.21093 4.34400 
-1.21093 4.34500 
-1.21093 4.34600 
-1.21093 4.34700 
-1.21093 4.34800 
-1.21093 4.34900 
-1.21093 4.35000 
-1.21093 4.35100 
-1.21093 4.35200 
-1.21093 4.35300 
-1.21093 4.35400 
-1.21093 4.35500 
-1.21093 4.35600 
-1.21093 4.35700 
-1.21093 4.35800 
-1.21093 4.35900 
-1.21093 4.36000 
-1.21093 4.36100 
-1.21093 4.36200 
-1.21093 4.36300 
-1.21093 4.36400 
-1.21093 4.36500 
-1.21093 4.36600 
-1.21093 4.36700 
-1.21093 4.36800 
-1.21093 4.36900 
-1.21093 4.37000 
-1.21093 4.37100 
-1.21093 4.37200 
-1.21093 4.37300 
-1.21093 4.37400 
-1.21093 4.37500 
-1.21093 4.37600 
-1.21093 4.37700 
-1.21093 4.37800 
-1.21093 4.37900 
-1.21093 4.38000 
-1.21093 4.38100 
-1.21093 4.38200 
-1.21093 4.38300 
-1.21093 4.38400 
-1.21093 4.38500 
-1.21093 4.38600 
-1.21093 4.38700 
-1.21093 4.38800 
-1.21093 4.38900 
-1.21093 4.39000 
-1.21093 4.39100 
-1.21093 4.39200 
-1.21093 4.39300 
-1.21093 4.39400 
-1.21093 4.39500 
-1.21093 4.39600 
-1.21093 4.39700 
-1.21093 4.39800 
-1.21093 4.39900 
-1.21093 4.40000 
-1.21093 4.40100 
-1.21093 4.40200 
-1.21093 4.40300 
-1.21093 4.40400 
-1.21093 4.40500 
-1.21093 4.40600 
-1.21093 4.40700 
-1.21093 4.40800 
-1.21093 4.40900 
-1.21093 4.41000 
-1.21093 4.41100 
-1.21093 4.41200 
-1.21093 4.41300 
-1.21093 4.41400 
-1.21093 4.41500 
-1.21093 4.41600 
-1.21093 4.41700 
-1.21093 4.41800 
-1.21093 4.41900 
-1.21093 4.42000 
-1.21093 4.42100 
-1.21093 4.42200 
-1.21093 4.42300 
-1.21093 4.42400 
-1.21093 4.42500 
-1.21093 4.42600 
-1.21093 4.42700 
-1.21093 4.42800 
-1.21093 4.42900 
-1.21093 4.43000 
-1.21093 4.43100 
-1.21093 4.43200 
-1.21093 4.43300 
-1.21093 4.43400 
-1.21093 4.43500 
-1.21093 4.43600 
-1.21093 4.43700 
-1.21093 4.43800 
-1.21093 4.43900 
-1.21093 4.44000 
-1.21093 4.44100 
-1.21093 4.44200 
-1.21093 4.44300 
-1.21093 4.44400 
-1.21093 4.44500 
-1.21093 4.44600 
-1.21093 4.44700 
-1.21093 4.44800 
-1.21093 4.44900 
-1.21093 4.45000 
-1.21093 4.45100 
-1.21093 4.45200 
-1.21093 4.45300 
-1.21093 4.45400 
-1.21093 4.45500 
-1.21093 4.45600 
-1.21093 4.45700 
-1.21093 4.45800 
-1.21093 4.45900 
-1.21093 4.46000 
-1.21093 4.46100 
-1.21093 4.46200 
-1.21093 4.46300 
-1.21093 4.46400 
-1.21093 4.46500 
-1.21093 4.46600 
-1.21093 4.46700 
-1.21093 4.46800 
-1.21093 4.46900 
-1.21093 4.47000 
-1.21093 4.47100 
-1.21093 4.47200 
-1.21093 4.47300 
-1.21093 4.47400 
-1.21093 4.47500 
-1.21093 4.47600 
-1.21093 4.47700 
-1.21093 4.47800 
-1.21093 4.47900 
-1.21093 4.48000 
-1.21093 4.48100 
-1.21093 4.48200 
-1.21093 4.48300 
-1.21093 4.48400 
-1.21093 4.48500 
-1.21093 4.48600 
-1.21093 4.48700 
-1.21093 4.48800 
-1.21093 4.48900 
-1.21093 4.49000 
-1.21093 4.49100 
-1.21093 4.49200 
-1.21093 4.49300 
-1.21093 4.49400 
-1.21093 4.49500 
-1.21093 4.49600 
-1.21093 4.49700 
-1.21093 4.49800 
-1.21093 4.49900 
-1.21093 4.50000 
-1.21093 4.50100 
-1.21093 4.50200 
-1.21093 4.50300 
-1.21093 4.50400 
-1.21093 4.50500 
-1.21093 4.50600 
-1.21093 4.50700 
-1.21093 4.50800 
-1.21093 4.50900 
-1.21093 4.51000 
-1.21093 4.51100 
-1.21093 4.51200 
-1.21093 4.51300 
-1.21093 4.51400 
-1.21093 4.51500 
-1.21093 4.51600 
-1.21093 4.51700 
-1.21093 4.51800 
-1.21093 4.51900 
-1.21093 4.52000 
-1.21093 4.52100 
-1.21093 4.52200 
-1.21093 4.52300 
-1.21093 4.52400 
-1.21093 4.52500 
-1.21093 4.52600 
-1.21093 4.52700 
-1.21093 4.52800 
-1.21093 4.52900 
-1.21093 4.53000 
-1.21093 4.53100 
-1.21093 4.53200 
-1.21093 4.53300 
-1.21093 4.53400 
-1.21093 4.53500 
-1.21093 4.53600 
-1.21093 4.53700 
-1.21093 4.53800 
-1.21093 4.53900 
-1.21093 4.54000 
-1.21093 4.54100 
-1.21093 4.54200 
-1.21093 4.54300 
-1.21093 4.54400 
-1.21093 4.54500 
-1.21093 4.54600 
-1.21093 4.54700 
-1.21093 4.54800 
-1.21093 4.54900 
-1.21093 4.55000 
-1.21093 4.55100 
-1.21093 4.55200 
-1.21093 4.55300 
-1.21093 4.55400 
-1.21093 4.55500 
-1.21093 4.55600 
-1.21093 4.55700 
-1.21093 4.55800 
-1.21093 4.55900 
-1.21093 4.56000 
-1.21093 4.56100 
-1.21093 4.56200 
-1.21093 4.56300 
-1.21093 4.56400 
-1.21093 4.56500 
-1.21093 4.56600 
-1.21093 4.56700 
-1.21093 4.56800 
-1.21093 4.56900 
-1.21093 4.57000 
-1.21093 4.57100 
-1.21093 4.57200 
-1.21093 4.57300 
-1.21093 4.57400 
-1.21093 4.57500 
-1.21093 4.57600 
-1.21093 4.57700 
-1.21093 4.57800 
-1.21093 4.57900 
-1.21093 4.58000 
-1.21093 4.58100 
-1.21093 4.58200 
-1.21093 4.58300 
-1.21093 4.58400 
-1.21093 4.58500 
-1.21093 4.58600 
-1.21093 4.58700 
-1.21093 4.58800 
-1.21093 4.58900 
-1.21093 4.59000 
-1.21093 4.59100 
-1.21093 4.59200 
-1.21093 4.59300 
-1.21093 4.59400 
-1.21093 4.59500 
-1.21093 4.59600 
-1.21093 4.59700 
-1.21093 4.59800 
-1.21093 4.59900 
-1.21093 4.60000 
-1.21093 4.60100 
-1.21093 4.60200 
-1.21093 4.60300 
-1.21093 4.60400 
-1.21093 4.60500 
-1.21093 4.60600 
-1.21093 4.60700 
-1.21093 4.60800 
-1.21093 4.60900 
-1.21093 4.61000 
-1.21093 4.61100 
-1.21093 4.61200 
-1.21093 4.61300 
-1.21093 4.61400 
-1.21093 4.61500 
-1.21093 4.61600 
-1.21093 4.61700 
-1.21093 4.61800 
-1.21093 4.61900 
-1.21093 4.62000 
-1.21093 4.62100 
-1.21093 4.62200 
-1.21093 4.62300 
-1.21093 4.62400 
-1.21093 4.62500 
-1.21093 4.62600 
-1.21093 4.62700 
-1.21093 4.62800 
-1.21093 4.62900 
-1.21093 4.63000 
-1.21093 4.63100 
-1.21093 4.63200 
-1.21093 4.63300 
-1.21093 4.63400 
-1.21093 4.63500 
-1.21093 4.63600 
-1.21093 4.63700 
-1.21093 4.63800 
-1.21093 4.63900 
-1.21093 4.64000 
-1.21093 4.64100 
-1.21093 4.64200 
-1.21093 4.64300 
-1.21093 4.64400 
-1.21093 4.64500 
-1.21093 4.64600 
-1.21093 4.64700 
-1.21093 4.64800 
-1.21093 4.64900 
-1.21093 4.65000 
-1.21093 4.65100 
-1.21093 4.65200 
-1.21093 4.65300 
-1.21093 4.65400 
-1.21093 4.65500 
-1.21093 4.65600 
-1.21093 4.65700 
-1.21093 4.65800 
-1.21093 4.65900 
-1.21093 4.66000 
-1.21093 4.66100 
-1.21093 4.66200 
-1.21093 4.66300 
-1.21093 4.66400 
-1.21093 4.66500 
-1.21093 4.66600 
-1.21093 4.66700 
-1.21093 4.66800 
-1.21093 4.66900 
-1.21093 4.67000 
-1.21093 4.67100 
-1.21093 4.67200 
-1.21093 4.67300 
-1.21093 4.67400 
-1.21093 4.67500 
-1.21093 4.67600 
-1.21093 4.67700 
-1.21093 4.67800 
-1.21093 4.67900 
-1.21093 4.68000 
-1.21093 4.68100 
-1.21093 4.68200 
-1.21093 4.68300 
-1.21093 4.68400 
-1.21093 4.68500 
-1.21093 4.68600 
-1.21093 4.68700 
-1.21093 4.68800 
-1.21093 4.68900 
-1.21093 4.69000 
-1.21093 4.69100 
-1.21093 4.69200 
-1.21093 4.69300 
-1.21093 4.69400 
-1.21093 4.69500 
-1.21093 4.69600 
-1.21093 4.69700 
-1.21093 4.69800 
-1.21093 4.69900 
-1.21093 4.70000 
-1.21093 4.70100 
-1.21093 4.70200 
-1.21093 4.70300 
-1.21093 4.70400 
-1.21093 4.70500 
-1.21093 4.70600 
-1.21093 4.70700 
-1.21093 4.70800 
-1.21093 4.70900 
-1.21093 4.71000 
-1.21093 4.71100 
-1.21093 4.71200 
-1.21093 4.71300 
-1.21093 4.71400 
-1.21093 4.71500 
-1.21093 4.71600 
-1.21093 4.71700 
-1.21093 4.71800 
-1.21093 4.71900 
-1.21093 4.72000 
-1.21093 4.72100 
-1.21093 4.72200 
-1.21093 4.72300 
-1.21093 4.72400 
-1.21093 4.72500 
-1.21093 4.72600 
-1.21093 4.72700 
-1.21093 4.72800 
-1.21093 4.72900 
-1.21093 4.73000 
-1.21093 4.73100 
-1.21093 4.73200 
-1.21093 4.73300 
-1.21093 4.73400 
-1.21093 4.73500 
-1.21093 4.73600 
-1.21093 4.73700 
-1.21093 4.73800 
-1.21093 4.73900 
-1.21093 4.74000 
-1.21093 4.74100 
-1.21093 4.74200 
-1.21093 4.74300 
-1.21093 4.74400 
-1.21093 4.74500 
-1.21093 4.74600 
-1.21093 4.74700 
-1.21093 4.74800 
-1.21093 4.74900 
-1.21093 4.75000 
-1.21093 4.75100 
-1.21093 4.75200 
-1.21093 4.75300 
-1.21093 4.75400 
-1.21093 4.75500 
-1.21093 4.75600 
-1.21093 4.75700 
-1.21093 4.75800 
-1.21093 4.75900 
-1.21093 4.76000 
-1.21093 4.76100 
-1.21093 4.76200 
-1.21093 4.76300 
-1.21093 4.76400 
-1.21093 4.76500 
-1.21093 4.76600 
-1.21093 4.76700 
-1.21093 4.76800 
-1.21093 4.76900 
-1.21093 4.77000 
-1.21093 4.77100 
-1.21093 4.77200 
-1.21093 4.77300 
-1.21093 4.77400 
-1.21093 4.77500 
-1.21093 4.77600 
-1.21093 4.77700 
-1.21093 4.77800 
-1.21093 4.77900 
-1.21093 4.78000 
-1.21093 4.78100 
-1.21093 4.78200 
-1.21093 4.78300 
-1.21093 4.78400 
-1.21093 4.78500 
-1.21093 4.78600 
-1.21093 4.78700 
-1.21093 4.78800 
-1.21093 4.78900 
-1.21093 4.79000 
-1.21093 4.79100 
-1.21093 4.79200 
-1.21093 4.79300 
-1.21093 4.79400 
-1.21093 4.79500 
-1.21093 4.79600 
-1.21093 4.79700 
-1.21093 4.79800 
-1.21093 4.79900 
-1.21093 4.80000 
-1.21093 4.80100 
-1.21093 4.80200 
-1.21093 4.80300 
-1.21093 4.80400 
-1.21093 4.80500 
-1.21093 4.80600 
-1.21093 4.80700 
-1.21093 4.80800 
-1.21093 4.80900 
-1.21093 4.81000 
-1.21093 4.81100 
-1.21093 4.81200 
-1.21093 4.81300 
-1.21093 4.81400 
-1.21093 4.81500 
-1.21093 4.81600 
-1.21093 4.81700 
-1.21093 4.81800 
-1.21093 4.81900 
-1.21093 4.82000 
-1.21093 4.82100 
-1.21093 4.82200 
-1.21093 4.82300 
-1.21093 4.82400 
-1.21093 4.82500 
-1.21093 4.82600 
-1.21093 4.82700 
-1.21093 4.82800 
-1.21093 4.82900 
-1.21093 4.83000 
-1.21093 4.83100 
-1.21093 4.83200 
-1.21093 4.83300 
-1.21093 4.83400 
-1.21093 4.83500 
-1.21093 4.83600 
-1.21093 4.83700 
-1.21093 4.83800 
-1.21093 4.83900 
-1.21093 4.84000 
-1.21093 4.84100 
-1.21093 4.84200 
-1.21093 4.84300 
-1.21093 4.84400 
-1.21093 4.84500 
-1.21093 4.84600 
-1.21093 4.84700 
-1.21093 4.84800 
-1.21093 4.84900 
-1.21093 4.85000 
-1.21093 4.85100 
-1.21093 4.85200 
-1.21093 4.85300 
-1.21093 4.85400 
-1.21093 4.85500 
-1.21093 4.85600 
-1.21093 4.85700 
-1.21093 4.85800 
-1.21093 4.85900 
-1.21093 4.86000 
-1.21093 4.86100 
-1.21093 4.86200 
-1.21093 4.86300 
-1.21093 4.86400 
-1.21093 4.86500 
-1.21093 4.86600 
-1.21093 4.86700 
-1.21093 4.86800 
-1.21093 4.86900 
-1.21093 4.87000 
-1.21093 4.87100 
-1.21093 4.87200 
-1.21093 4.87300 
-1.21093 4.87400 
-1.21093 4.87500 
-1.21093 4.87600 
-1.21093 4.87700 
-1.21093 4.87800 
-1.21093 4.87900 
-1.21093 4.88000 
-1.21093 4.88100 
-1.21093 4.88200 
-1.21093 4.88300 
-1.21093 4.88400 
-1.21093 4.88500 
-1.21093 4.88600 
-1.21093 4.88700 
-1.21093 4.88800 
-1.21093 4.88900 
-1.21093 4.89000 
-1.21093 4.89100 
-1.21093 4.89200 
-1.21093 4.89300 
-1.21093 4.89400 
-1.21093 4.89500 
-1.21093 4.89600 
-1.21093 4.89700 
-1.21093 4.89800 
-1.21093 4.89900 
-1.21093 4.90000 
-1.21093 4.90100 
-1.21093 4.90200 
-1.21093 4.90300 
-1.21093 4.90400 
-1.21093 4.90500 
-1.21093 4.90600 
-1.21093 4.90700 
-1.21093 4.90800 
-1.21093 4.90900 
-1.21093 4.91000 
-1.21093 4.91100 
-1.21093 4.91200 
-1.21093 4.91300 
-1.21093 4.91400 
-1.21093 4.91500 
-1.21093 4.91600 
-1.21093 4.91700 
-1.21093 4.91800 
-1.21093 4.91900 
-1.21093 4.92000 
-1.21093 4.92100 
-1.21093 4.92200 
-1.21093 4.92300 
-1.21093 4.92400 
-1.21093 4.92500 
-1.21093 4.92600 
-1.21093 4.92700 
-1.21093 4.92800 
-1.21093 4.92900 
-1.21093 4.93000 
-1.21093 4.93100 
-1.21093 4.93200 
-1.21093 4.93300 
-1.21093 4.93400 
-1.21093 4.93500 
-1.21093 4.93600 
-1.21093 4.93700 
-1.21093 4.93800 
-1.21093 4.93900 
-1.21093 4.94000 
-1.21093 4.94100 
-1.21093 4.94200 
-1.21093 4.94300 
-1.21093 4.94400 
-1.21093 4.94500 
-1.21093 4.94600 
-1.21093 4.94700 
-1.21093 4.94800 
-1.21093 4.94900 
-1.21093 4.95000 
-1.21093 4.95100 
-1.21093 4.95200 
-1.21093 4.95300 
-1.21093 4.95400 
-1.21093 4.95500 
-1.21093 4.95600 
-1.21093 4.95700 
-1.21093 4.95800 
-1.21093 4.95900 
-1.21093 4.96000 
-1.21093 4.96100 
-1.21093 4.96200 
-1.21093 4.96300 
-1.21093 4.96400 
-1.21093 4.96500 
-1.21093 4.96600 
-1.21093 4.96700 
-1.21093 4.96800 
-1.21093 4.96900 
-1.21093 4.97000 
-1.21093 4.97100 
-1.21093 4.97200 
-1.21093 4.97300 
-1.21093 4.97400 
-1.21093 4.97500 
-1.21093 4.97600 
-1.21093 4.97700 
-1.21093 4.97800 
-1.21093 4.97900 
-1.21093 4.98000 
-1.21093 4.98100 
-1.21093 4.98200 
-1.21093 4.98300 
-1.21093 4.98400 
-1.21093 4.98500 
-1.21093 4.98600 
-1.21093 4.98700 
-1.21093 4.98800 
-1.21093 4.98900 
-1.21093 4.99000 
-1.21093 4.99100 
-1.21093 4.99200 
-1.21093 4.99300 
-1.21093 4.99400 
-1.21093 4.99500 
-1.21093 4.99600 
-1.21093 4.99700 
-1.21093 4.99800 
-1.21093 4.99900 
