0.00000 0.00000 
0.00002 0.00100 
0.00014 0.00200 
0.00037 0.00300 
0.00071 0.00400 
0.00116 0.00500 
0.00173 0.00600 
0.00241 0.00700 
0.00319 0.00800 
0.00409 0.00900 
0.00509 0.01000 
0.00620 0.01100 
0.00741 0.01200 
0.00873 0.01300 
0.01015 0.01400 
0.01167 0.01500 
0.01329 0.01600 
0.01500 0.01700 
0.01682 0.01800 
0.01873 0.01900 
0.02074 0.02000 
0.02284 0.02100 
0.02504 0.02200 
0.02732 0.02300 
0.02970 0.02400 
0.03217 0.02500 
0.03472 0.02600 
0.03737 0.02700 
0.04010 0.02800 
0.04292 0.02900 
0.04582 0.03000 
0.04881 0.03100 
0.05188 0.03200 
0.05503 0.03300 
0.05826 0.03400 
0.06157 0.03500 
0.06497 0.03600 
0.06844 0.03700 
0.07199 0.03800 
0.07561 0.03900 
0.07931 0.04000 
0.08309 0.04100 
0.08694 0.04200 
0.09086 0.04300 
0.09485 0.04400 
0.09892 0.04500 
0.10305 0.04600 
0.10726 0.04700 
0.11154 0.04800 
0.11588 0.04900 
0.12029 0.05000 
0.12477 0.05100 
0.12931 0.05200 
0.13392 0.05300 
0.13860 0.05400 
0.14333 0.05500 
0.14813 0.05600 
0.15299 0.05700 
0.15792 0.05800 
0.16290 0.05900 
0.16795 0.06000 
0.17305 0.06100 
0.17821 0.06200 
0.18343 0.06300 
0.18871 0.06400 
0.19405 0.06500 
0.19944 0.06600 
0.20488 0.06700 
0.21038 0.06800 
0.21594 0.06900 
0.22155 0.07000 
0.22721 0.07100 
0.23292 0.07200 
0.23869 0.07300 
0.24451 0.07400 
0.25037 0.07500 
0.25629 0.07600 
0.26226 0.07700 
0.26827 0.07800 
0.27434 0.07900 
0.28045 0.08000 
0.28661 0.08100 
0.29281 0.08200 
0.29906 0.08300 
0.30536 0.08400 
0.31170 0.08500 
0.31809 0.08600 
0.32452 0.08700 
0.33099 0.08800 
0.33751 0.08900 
0.34407 0.09000 
0.35067 0.09100 
0.35731 0.09200 
0.36400 0.09300 
0.37072 0.09400 
0.37749 0.09500 
0.38429 0.09600 
0.39114 0.09700 
0.39802 0.09800 
0.40494 0.09900 
0.41190 0.10000 
0.41889 0.10100 
0.42593 0.10200 
0.43300 0.10300 
0.44010 0.10400 
0.44724 0.10500 
0.45442 0.10600 
0.46163 0.10700 
0.46888 0.10800 
0.47616 0.10900 
0.48347 0.11000 
0.49082 0.11100 
0.49820 0.11200 
0.50561 0.11300 
0.51306 0.11400 
0.52054 0.11500 
0.52805 0.11600 
0.53559 0.11700 
0.54316 0.11800 
0.55076 0.11900 
0.55839 0.12000 
0.56605 0.12100 
0.57374 0.12200 
0.58146 0.12300 
0.58921 0.12400 
0.59698 0.12500 
0.60479 0.12600 
0.61262 0.12700 
0.62048 0.12800 
0.62836 0.12900 
0.63628 0.13000 
0.64422 0.13100 
0.65218 0.13200 
0.66017 0.13300 
0.66819 0.13400 
0.67623 0.13500 
0.68430 0.13600 
0.69239 0.13700 
0.70051 0.13800 
0.70865 0.13900 
0.71682 0.14000 
0.72501 0.14100 
0.73322 0.14200 
0.74145 0.14300 
0.74971 0.14400 
0.75799 0.14500 
0.76629 0.14600 
0.77462 0.14700 
0.78296 0.14800 
0.79133 0.14900 
0.79972 0.15000 
0.80813 0.15100 
0.81656 0.15200 
0.82501 0.15300 
0.83348 0.15400 
0.84197 0.15500 
0.85048 0.15600 
0.85902 0.15700 
0.86757 0.15800 
0.87614 0.15900 
0.88472 0.16000 
0.89333 0.16100 
0.90196 0.16200 
0.91060 0.16300 
0.91926 0.16400 
0.92794 0.16500 
0.93664 0.16600 
0.94536 0.16700 
0.95409 0.16800 
0.96284 0.16900 
0.97161 0.17000 
0.98039 0.17100 
0.98919 0.17200 
0.99800 0.17300 
1.00684 0.17400 
1.01568 0.17500 
1.02455 0.17600 
1.03343 0.17700 
1.04232 0.17800 
1.05123 0.17900 
1.06016 0.18000 
1.06910 0.18100 
1.07805 0.18200 
1.08702 0.18300 
1.09600 0.18400 
1.10500 0.18500 
1.11401 0.18600 
1.12304 0.18700 
1.13208 0.18800 
1.14113 0.18900 
1.15020 0.19000 
1.15928 0.19100 
1.16837 0.19200 
1.17748 0.19300 
1.18659 0.19400 
1.19572 0.19500 
1.20487 0.19600 
1.21402 0.19700 
1.22319 0.19800 
1.23237 0.19900 
1.24156 0.20000 
1.25077 0.20100 
1.25999 0.20200 
1.26921 0.20300 
1.27845 0.20400 
1.28770 0.20500 
1.29696 0.20600 
1.30624 0.20700 
1.31552 0.20800 
1.32481 0.20900 
1.33412 0.21000 
1.34343 0.21100 
1.35276 0.21200 
1.36210 0.21300 
1.37144 0.21400 
1.38080 0.21500 
1.39016 0.21600 
1.39954 0.21700 
1.40893 0.21800 
1.41832 0.21900 
1.42773 0.22000 
1.43714 0.22100 
1.44656 0.22200 
1.45599 0.22300 
1.46544 0.22400 
1.47489 0.22500 
1.48435 0.22600 
1.49381 0.22700 
1.50329 0.22800 
1.51277 0.22900 
1.52227 0.23000 
1.53177 0.23100 
1.54128 0.23200 
1.55080 0.23300 
1.56032 0.23400 
1.56986 0.23500 
1.57940 0.23600 
1.58895 0.23700 
1.59851 0.23800 
1.60807 0.23900 
1.61764 0.24000 
1.62722 0.24100 
1.63681 0.24200 
1.64641 0.24300 
1.65601 0.24400 
1.66562 0.24500 
1.67523 0.24600 
1.68486 0.24700 
1.69449 0.24800 
1.70412 0.24900 
1.71377 0.25000 
1.72342 0.25100 
1.73307 0.25200 
1.74273 0.25300 
1.75240 0.25400 
1.76208 0.25500 
1.77176 0.25600 
1.78145 0.25700 
1.79114 0.25800 
1.80084 0.25900 
1.81055 0.26000 
1.82026 0.26100 
1.82998 0.26200 
1.83970 0.26300 
1.84943 0.26400 
1.85917 0.26500 
1.86891 0.26600 
1.87865 0.26700 
1.88840 0.26800 
1.89816 0.26900 
1.90792 0.27000 
1.91769 0.27100 
1.92746 0.27200 
1.93724 0.27300 
1.94702 0.27400 
1.95681 0.27500 
1.96660 0.27600 
1.97640 0.27700 
1.98620 0.27800 
1.99601 0.27900 
2.00582 0.28000 
2.01564 0.28100 
2.02546 0.28200 
2.03529 0.28300 
2.04512 0.28400 
2.05495 0.28500 
2.06479 0.28600 
2.07464 0.28700 
2.08448 0.28800 
2.09434 0.28900 
2.10419 0.29000 
2.11405 0.29100 
2.12392 0.29200 
2.13379 0.29300 
2.14366 0.29400 
2.15354 0.29500 
2.16342 0.29600 
2.17330 0.29700 
2.18319 0.29800 
2.19309 0.29900 
2.20298 0.30000 
2.21288 0.30100 
2.22279 0.30200 
2.23269 0.30300 
2.24260 0.30400 
2.25252 0.30500 
2.26244 0.30600 
2.27236 0.30700 
2.28228 0.30800 
2.29221 0.30900 
2.30214 0.31000 
2.31208 0.31100 
2.32201 0.31200 
2.33196 0.31300 
2.34190 0.31400 
2.35185 0.31500 
2.36180 0.31600 
2.37175 0.31700 
2.38171 0.31800 
2.39167 0.31900 
2.40163 0.32000 
2.41160 0.32100 
2.42157 0.32200 
2.43154 0.32300 
2.44152 0.32400 
2.45149 0.32500 
2.46147 0.32600 
2.47146 0.32700 
2.48144 0.32800 
2.49143 0.32900 
2.50142 0.33000 
2.51142 0.33100 
2.52141 0.33200 
2.53141 0.33300 
2.54141 0.33400 
2.55142 0.33500 
2.56142 0.33600 
2.57143 0.33700 
2.58145 0.33800 
2.59146 0.33900 
2.60148 0.34000 
2.61149 0.34100 
2.62152 0.34200 
2.63154 0.34300 
2.64156 0.34400 
2.65159 0.34500 
2.66162 0.34600 
2.67165 0.34700 
2.68169 0.34800 
2.69172 0.34900 
2.70176 0.35000 
2.71180 0.35100 
2.72185 0.35200 
2.73189 0.35300 
2.74194 0.35400 
2.75199 0.35500 
2.76204 0.35600 
2.77209 0.35700 
2.78215 0.35800 
2.79220 0.35900 
2.80226 0.36000 
2.81232 0.36100 
2.82238 0.36200 
2.83245 0.36300 
2.84251 0.36400 
2.85258 0.36500 
2.86265 0.36600 
2.87272 0.36700 
2.88279 0.36800 
2.89287 0.36900 
2.90294 0.37000 
2.91302 0.37100 
2.92310 0.37200 
2.93318 0.37300 
2.94326 0.37400 
2.95335 0.37500 
2.96343 0.37600 
2.97352 0.37700 
2.98361 0.37800 
2.99370 0.37900 
3.00379 0.38000 
3.01389 0.38100 
3.02398 0.38200 
3.03408 0.38300 
3.04418 0.38400 
3.05428 0.38500 
3.06438 0.38600 
3.07448 0.38700 
3.08458 0.38800 
3.09469 0.38900 
3.10479 0.39000 
3.11490 0.39100 
3.12501 0.39200 
3.13512 0.39300 
3.14523 0.39400 
3.15534 0.39500 
3.16545 0.39600 
3.17557 0.39700 
3.18569 0.39800 
3.19580 0.39900 
3.20592 0.40000 
3.21604 0.40100 
3.22616 0.40200 
3.23628 0.40300 
3.24641 0.40400 
3.25653 0.40500 
3.26666 0.40600 
3.27678 0.40700 
3.28691 0.40800 
3.29704 0.40900 
3.30717 0.41000 
3.31730 0.41100 
3.32743 0.41200 
3.33756 0.41300 
3.34770 0.41400 
3.35783 0.41500 
3.36797 0.41600 
3.37811 0.41700 
3.38824 0.41800 
3.39838 0.41900 
3.40852 0.42000 
3.41866 0.42100 
3.42880 0.42200 
3.43895 0.42300 
3.44909 0.42400 
3.45923 0.42500 
3.46938 0.42600 
3.47952 0.42700 
3.48967 0.42800 
3.49982 0.42900 
3.50997 0.43000 
3.52012 0.43100 
3.53027 0.43200 
3.54042 0.43300 
3.55057 0.43400 
3.56072 0.43500 
3.57088 0.43600 
3.58103 0.43700 
3.59119 0.43800 
3.60134 0.43900 
3.61150 0.44000 
3.62165 0.44100 
3.63181 0.44200 
3.64197 0.44300 
3.65213 0.44400 
3.66229 0.44500 
3.67245 0.44600 
3.68261 0.44700 
3.69277 0.44800 
3.70294 0.44900 
3.71310 0.45000 
3.72326 0.45100 
3.73343 0.45200 
3.74359 0.45300 
3.75376 0.45400 
3.76393 0.45500 
3.77410 0.45600 
3.78426 0.45700 
3.79443 0.45800 
3.80460 0.45900 
3.81477 0.46000 
3.82494 0.46100 
3.83511 0.46200 
3.84528 0.46300 
3.85546 0.46400 
3.86563 0.46500 
3.87580 0.46600 
3.88597 0.46700 
3.89615 0.46800 
3.90632 0.46900 
3.91650 0.47000 
3.92667 0.47100 
3.93685 0.47200 
3.94703 0.47300 
3.95721 0.47400 
3.96738 0.47500 
3.97756 0.47600 
3.98774 0.47700 
3.99792 0.47800 
4.00810 0.47900 
4.01828 0.48000 
4.02846 0.48100 
4.03864 0.48200 
4.04882 0.48300 
4.05901 0.48400 
4.06919 0.48500 
4.07937 0.48600 
4.08956 0.48700 
4.09974 0.48800 
4.10992 0.48900 
4.12011 0.49000 
4.13029 0.49100 
4.14048 0.49200 
4.15066 0.49300 
4.16085 0.49400 
4.17104 0.49500 
4.18123 0.49600 
4.19141 0.49700 
4.20160 0.49800 
4.21179 0.49900 
4.22198 0.50000 
4.23217 0.50100 
4.24236 0.50200 
4.25255 0.50300 
4.26274 0.50400 
4.27293 0.50500 
4.28312 0.50600 
4.29331 0.50700 
4.30350 0.50800 
4.31369 0.50900 
4.32388 0.51000 
4.33408 0.51100 
4.34427 0.51200 
4.35446 0.51300 
4.36466 0.51400 
4.37485 0.51500 
4.38504 0.51600 
4.39524 0.51700 
4.40543 0.51800 
4.41563 0.51900 
4.42582 0.52000 
4.43602 0.52100 
4.44621 0.52200 
4.45641 0.52300 
4.46661 0.52400 
4.47680 0.52500 
4.48700 0.52600 
4.49720 0.52700 
4.50740 0.52800 
4.51759 0.52900 
4.52779 0.53000 
4.53799 0.53100 
4.54819 0.53200 
4.55839 0.53300 
4.56859 0.53400 
4.57879 0.53500 
4.58899 0.53600 
4.59919 0.53700 
4.60939 0.53800 
4.61959 0.53900 
4.62979 0.54000 
4.63999 0.54100 
4.65019 0.54200 
4.66039 0.54300 
4.67059 0.54400 
4.68079 0.54500 
4.69100 0.54600 
4.70120 0.54700 
4.71140 0.54800 
4.72160 0.54900 
4.73181 0.55000 
4.74201 0.55100 
4.75221 0.55200 
4.76241 0.55300 
4.77262 0.55400 
4.78282 0.55500 
4.79303 0.55600 
4.80323 0.55700 
4.81344 0.55800 
4.82364 0.55900 
4.83384 0.56000 
4.84405 0.56100 
4.85425 0.56200 
4.86446 0.56300 
4.87467 0.56400 
4.88487 0.56500 
4.89508 0.56600 
4.90528 0.56700 
4.91549 0.56800 
4.92570 0.56900 
4.93590 0.57000 
4.94611 0.57100 
4.95632 0.57200 
4.96652 0.57300 
4.97673 0.57400 
4.98694 0.57500 
4.99714 0.57600 
5.00735 0.57700 
5.01756 0.57800 
5.02777 0.57900 
5.03798 0.58000 
5.04818 0.58100 
5.05839 0.58200 
5.06860 0.58300 
5.07881 0.58400 
5.08902 0.58500 
5.09923 0.58600 
5.10944 0.58700 
5.11965 0.58800 
5.12986 0.58900 
5.14007 0.59000 
5.15028 0.59100 
5.16049 0.59200 
5.17070 0.59300 
5.18091 0.59400 
5.19112 0.59500 
5.20133 0.59600 
5.21154 0.59700 
5.22175 0.59800 
5.23196 0.59900 
5.24217 0.60000 
5.25238 0.60100 
5.26259 0.60200 
5.27280 0.60300 
5.28301 0.60400 
5.29322 0.60500 
5.30344 0.60600 
5.31365 0.60700 
5.32386 0.60800 
5.33407 0.60900 
5.34428 0.61000 
5.35449 0.61100 
5.36471 0.61200 
5.37492 0.61300 
5.38513 0.61400 
5.39534 0.61500 
5.40556 0.61600 
5.41577 0.61700 
5.42598 0.61800 
5.43619 0.61900 
5.44641 0.62000 
5.45662 0.62100 
5.46683 0.62200 
5.47705 0.62300 
5.48726 0.62400 
5.49747 0.62500 
5.50769 0.62600 
5.51790 0.62700 
5.52811 0.62800 
5.53833 0.62900 
5.54854 0.63000 
5.55875 0.63100 
5.56897 0.63200 
5.57918 0.63300 
5.58940 0.63400 
5.59961 0.63500 
5.60982 0.63600 
5.62004 0.63700 
5.63025 0.63800 
5.64047 0.63900 
5.65068 0.64000 
5.66090 0.64100 
5.67111 0.64200 
5.68133 0.64300 
5.69154 0.64400 
5.70176 0.64500 
5.71197 0.64600 
5.72219 0.64700 
5.73240 0.64800 
5.74262 0.64900 
5.75283 0.65000 
5.76305 0.65100 
5.77326 0.65200 
5.78348 0.65300 
5.79369 0.65400 
5.80391 0.65500 
5.81412 0.65600 
5.82434 0.65700 
5.83456 0.65800 
5.84477 0.65900 
5.85499 0.66000 
5.86520 0.66100 
5.87542 0.66200 
5.88564 0.66300 
5.89585 0.66400 
5.90607 0.66500 
5.91628 0.66600 
5.92650 0.66700 
5.93672 0.66800 
5.94693 0.66900 
5.95715 0.67000 
5.96737 0.67100 
5.97758 0.67200 
5.98780 0.67300 
5.99802 0.67400 
6.00823 0.67500 
6.01845 0.67600 
6.02867 0.67700 
6.03888 0.67800 
6.04910 0.67900 
6.05932 0.68000 
6.06953 0.68100 
6.07975 0.68200 
6.08997 0.68300 
6.10019 0.68400 
6.11040 0.68500 
6.12062 0.68600 
6.13084 0.68700 
6.14105 0.68800 
6.15127 0.68900 
6.16149 0.69000 
6.17171 0.69100 
6.18192 0.69200 
6.19214 0.69300 
6.20236 0.69400 
6.21258 0.69500 
6.22279 0.69600 
6.23301 0.69700 
6.24323 0.69800 
6.25345 0.69900 
6.26367 0.70000 
6.27388 0.70100 
6.28410 0.70200 
6.29432 0.70300 
6.30454 0.70400 
6.31476 0.70500 
6.32497 0.70600 
6.33519 0.70700 
6.34541 0.70800 
6.35563 0.70900 
6.36585 0.71000 
6.37606 0.71100 
6.38628 0.71200 
6.39650 0.71300 
6.40672 0.71400 
6.41694 0.71500 
6.42716 0.71600 
6.43737 0.71700 
6.44759 0.71800 
6.45781 0.71900 
6.46803 0.72000 
6.47825 0.72100 
6.48847 0.72200 
6.49868 0.72300 
6.50890 0.72400 
6.51912 0.72500 
6.52934 0.72600 
6.53956 0.72700 
6.54978 0.72800 
6.56000 0.72900 
6.57022 0.73000 
6.58043 0.73100 
6.59065 0.73200 
6.60087 0.73300 
6.61109 0.73400 
6.62131 0.73500 
6.63153 0.73600 
6.64175 0.73700 
6.65197 0.73800 
6.66219 0.73900 
6.67240 0.74000 
6.68262 0.74100 
6.69284 0.74200 
6.70306 0.74300 
6.71328 0.74400 
6.72350 0.74500 
6.73372 0.74600 
6.74394 0.74700 
6.75416 0.74800 
6.76438 0.74900 
6.77460 0.75000 
6.78481 0.75100 
6.79503 0.75200 
6.80525 0.75300 
6.81547 0.75400 
6.82569 0.75500 
6.83591 0.75600 
6.84613 0.75700 
6.85635 0.75800 
6.86657 0.75900 
6.87679 0.76000 
6.88701 0.76100 
6.89723 0.76200 
6.90745 0.76300 
6.91767 0.76400 
6.92789 0.76500 
6.93811 0.76600 
6.94833 0.76700 
6.95854 0.76800 
6.96876 0.76900 
6.97898 0.77000 
6.98920 0.77100 
6.99942 0.77200 
7.00964 0.77300 
7.01986 0.77400 
7.03008 0.77500 
7.04030 0.77600 
7.05052 0.77700 
7.06074 0.77800 
7.07096 0.77900 
7.08118 0.78000 
7.09140 0.78100 
7.10162 0.78200 
7.11184 0.78300 
7.12206 0.78400 
7.13228 0.78500 
7.14250 0.78600 
7.15272 0.78700 
7.16294 0.78800 
7.17316 0.78900 
7.18338 0.79000 
7.19360 0.79100 
7.20382 0.79200 
7.21404 0.79300 
7.22426 0.79400 
7.23448 0.79500 
7.24470 0.79600 
7.25492 0.79700 
7.26514 0.79800 
7.27536 0.79900 
7.28558 0.80000 
7.29580 0.80100 
7.30602 0.80200 
7.31624 0.80300 
7.32646 0.80400 
7.33668 0.80500 
7.34690 0.80600 
7.35712 0.80700 
7.36734 0.80800 
7.37756 0.80900 
7.38778 0.81000 
7.39800 0.81100 
7.40822 0.81200 
7.41844 0.81300 
7.42866 0.81400 
7.43888 0.81500 
7.44910 0.81600 
7.45932 0.81700 
7.46954 0.81800 
7.47976 0.81900 
7.48998 0.82000 
7.50020 0.82100 
7.51042 0.82200 
7.52064 0.82300 
7.53086 0.82400 
7.54108 0.82500 
7.55130 0.82600 
7.56152 0.82700 
7.57174 0.82800 
7.58196 0.82900 
7.59218 0.83000 
7.60240 0.83100 
7.61262 0.83200 
7.62285 0.83300 
7.63307 0.83400 
7.64329 0.83500 
7.65351 0.83600 
7.66373 0.83700 
7.67395 0.83800 
7.68417 0.83900 
7.69439 0.84000 
7.70461 0.84100 
7.71483 0.84200 
7.72505 0.84300 
7.73527 0.84400 
7.74549 0.84500 
7.75571 0.84600 
7.76593 0.84700 
7.77615 0.84800 
7.78637 0.84900 
7.79659 0.85000 
7.80681 0.85100 
7.81703 0.85200 
7.82725 0.85300 
7.83747 0.85400 
7.84769 0.85500 
7.85792 0.85600 
7.86814 0.85700 
7.87836 0.85800 
7.88858 0.85900 
7.89880 0.86000 
7.90902 0.86100 
7.91924 0.86200 
7.92946 0.86300 
7.93968 0.86400 
7.94990 0.86500 
7.96012 0.86600 
7.97034 0.86700 
7.98056 0.86800 
7.99078 0.86900 
8.00100 0.87000 
8.01122 0.87100 
8.02144 0.87200 
8.03167 0.87300 
8.04189 0.87400 
8.05211 0.87500 
8.06233 0.87600 
8.07255 0.87700 
8.08277 0.87800 
8.09299 0.87900 
8.10321 0.88000 
8.11343 0.88100 
8.12365 0.88200 
8.13387 0.88300 
8.14409 0.88400 
8.15431 0.88500 
8.16453 0.88600 
8.17475 0.88700 
8.18497 0.88800 
8.19520 0.88900 
8.20542 0.89000 
8.21564 0.89100 
8.22586 0.89200 
8.23608 0.89300 
8.24630 0.89400 
8.25652 0.89500 
8.26674 0.89600 
8.27696 0.89700 
8.28718 0.89800 
8.29740 0.89900 
8.30762 0.90000 
8.31784 0.90100 
8.32806 0.90200 
8.33829 0.90300 
8.34851 0.90400 
8.35873 0.90500 
8.36895 0.90600 
8.37917 0.90700 
8.38939 0.90800 
8.39961 0.90900 
8.40983 0.91000 
8.42005 0.91100 
8.43027 0.91200 
8.44049 0.91300 
8.45071 0.91400 
8.46093 0.91500 
8.47116 0.91600 
8.48138 0.91700 
8.49160 0.91800 
8.50182 0.91900 
8.51204 0.92000 
8.52226 0.92100 
8.53248 0.92200 
8.54270 0.92300 
8.55292 0.92400 
8.56314 0.92500 
8.57336 0.92600 
8.58358 0.92700 
8.59381 0.92800 
8.60403 0.92900 
8.61425 0.93000 
8.62447 0.93100 
8.63469 0.93200 
8.64491 0.93300 
8.65513 0.93400 
8.66535 0.93500 
8.67557 0.93600 
8.68579 0.93700 
8.69601 0.93800 
8.70623 0.93900 
8.71646 0.94000 
8.72668 0.94100 
8.73690 0.94200 
8.74712 0.94300 
8.75734 0.94400 
8.76756 0.94500 
8.77778 0.94600 
8.78800 0.94700 
8.79822 0.94800 
8.80844 0.94900 
8.81866 0.95000 
8.82888 0.95100 
8.83911 0.95200 
8.84933 0.95300 
8.85955 0.95400 
8.86977 0.95500 
8.87999 0.95600 
8.89021 0.95700 
8.90043 0.95800 
8.91065 0.95900 
8.92087 0.96000 
8.93109 0.96100 
8.94131 0.96200 
8.95154 0.96300 
8.96176 0.96400 
8.97198 0.96500 
8.98220 0.96600 
8.99242 0.96700 
9.00264 0.96800 
9.01286 0.96900 
9.02308 0.97000 
9.03330 0.97100 
9.04352 0.97200 
9.05374 0.97300 
9.06397 0.97400 
9.07419 0.97500 
9.08441 0.97600 
9.09463 0.97700 
9.10485 0.97800 
9.11507 0.97900 
9.12529 0.98000 
9.13551 0.98100 
9.14573 0.98200 
9.15595 0.98300 
9.16617 0.98400 
9.17640 0.98500 
9.18662 0.98600 
9.19684 0.98700 
9.20706 0.98800 
9.21728 0.98900 
9.22750 0.99000 
9.23772 0.99100 
9.24794 0.99200 
9.25816 0.99300 
9.26838 0.99400 
9.27860 0.99500 
9.28883 0.99600 
9.29905 0.99700 
9.30927 0.99800 
9.31949 0.99900 
9.32971 1.00000 
9.33993 1.00100 
9.35015 1.00200 
9.36037 1.00300 
9.37059 1.00400 
9.38081 1.00500 
9.39104 1.00600 
9.40126 1.00700 
9.41148 1.00800 
9.42170 1.00900 
9.43192 1.01000 
9.44214 1.01100 
9.45236 1.01200 
9.46258 1.01300 
9.47280 1.01400 
9.48302 1.01500 
9.49325 1.01600 
9.50347 1.01700 
9.51369 1.01800 
9.52391 1.01900 
9.53413 1.02000 
9.54435 1.02100 
9.55457 1.02200 
9.56479 1.02300 
9.57501 1.02400 
9.58523 1.02500 
9.59545 1.02600 
9.60568 1.02700 
9.61590 1.02800 
9.62612 1.02900 
9.63634 1.03000 
9.64656 1.03100 
9.65678 1.03200 
9.66700 1.03300 
9.67722 1.03400 
9.68744 1.03500 
9.69766 1.03600 
9.70789 1.03700 
9.71811 1.03800 
9.72833 1.03900 
9.73855 1.04000 
9.74877 1.04100 
9.75899 1.04200 
9.76921 1.04300 
9.77943 1.04400 
9.78965 1.04500 
9.79987 1.04600 
9.81010 1.04700 
9.82032 1.04800 
9.83054 1.04900 
9.84076 1.05000 
9.85098 1.05100 
9.86120 1.05200 
9.87142 1.05300 
9.88164 1.05400 
9.89186 1.05500 
9.90208 1.05600 
9.91231 1.05700 
9.92253 1.05800 
9.93275 1.05900 
9.94297 1.06000 
9.95319 1.06100 
9.96341 1.06200 
9.97363 1.06300 
9.98385 1.06400 
9.99407 1.06500 
10.00429 1.06600 
10.01452 1.06700 
10.02474 1.06800 
10.03496 1.06900 
10.04518 1.07000 
10.05540 1.07100 
10.06562 1.07200 
10.07584 1.07300 
10.08606 1.07400 
10.09628 1.07500 
10.10650 1.07600 
10.11673 1.07700 
10.12695 1.07800 
10.13717 1.07900 
10.14739 1.08000 
10.15761 1.08100 
10.16783 1.08200 
10.17805 1.08300 
10.18827 1.08400 
10.19849 1.08500 
10.20872 1.08600 
10.21894 1.08700 
10.22916 1.08800 
10.23938 1.08900 
10.24960 1.09000 
10.25982 1.09100 
10.27004 1.09200 
10.28026 1.09300 
10.29048 1.09400 
10.30070 1.09500 
10.31093 1.09600 
10.32115 1.09700 
10.33137 1.09800 
10.34159 1.09900 
10.35181 1.10000 
10.36203 1.10100 
10.37225 1.10200 
10.38247 1.10300 
10.39269 1.10400 
10.40291 1.10500 
10.41314 1.10600 
10.42336 1.10700 
10.43358 1.10800 
10.44380 1.10900 
10.45402 1.11000 
10.46424 1.11100 
10.47446 1.11200 
10.48468 1.11300 
10.49490 1.11400 
10.50512 1.11500 
10.51535 1.11600 
10.52557 1.11700 
10.53579 1.11800 
10.54601 1.11900 
10.55623 1.12000 
10.56645 1.12100 
10.57667 1.12200 
10.58689 1.12300 
10.59711 1.12400 
10.60734 1.12500 
10.61756 1.12600 
10.62778 1.12700 
10.63800 1.12800 
10.64822 1.12900 
10.65844 1.13000 
10.66866 1.13100 
10.67888 1.13200 
10.68910 1.13300 
10.69932 1.13400 
10.70955 1.13500 
10.71977 1.13600 
10.72999 1.13700 
10.74021 1.13800 
10.75043 1.13900 
10.76065 1.14000 
10.77087 1.14100 
10.78109 1.14200 
10.79131 1.14300 
10.80153 1.14400 
10.81176 1.14500 
10.82198 1.14600 
10.83220 1.14700 
10.84242 1.14800 
10.85264 1.14900 
10.86286 1.15000 
10.87308 1.15100 
10.88330 1.15200 
10.89352 1.15300 
10.90375 1.15400 
10.91397 1.15500 
10.92419 1.15600 
10.93441 1.15700 
10.94463 1.15800 
10.95485 1.15900 
10.96507 1.16000 
10.97529 1.16100 
10.98551 1.16200 
10.99573 1.16300 
11.00596 1.16400 
11.01618 1.16500 
11.02640 1.16600 
11.03662 1.16700 
11.04684 1.16800 
11.05706 1.16900 
11.06728 1.17000 
11.07750 1.17100 
11.08772 1.17200 
11.09795 1.17300 
11.10817 1.17400 
11.11839 1.17500 
11.12861 1.17600 
11.13883 1.17700 
11.14905 1.17800 
11.15927 1.17900 
11.16949 1.18000 
11.17971 1.18100 
11.18993 1.18200 
11.20016 1.18300 
11.21038 1.18400 
11.22060 1.18500 
11.23082 1.18600 
11.24104 1.18700 
11.25126 1.18800 
11.26148 1.18900 
11.27170 1.19000 
11.28192 1.19100 
11.29214 1.19200 
11.30237 1.19300 
11.31259 1.19400 
11.32281 1.19500 
11.33303 1.19600 
11.34325 1.19700 
11.35347 1.19800 
11.36369 1.19900 
11.37391 1.20000 
11.38413 1.20100 
11.39436 1.20200 
11.40458 1.20300 
11.41480 1.20400 
11.42502 1.20500 
11.43524 1.20600 
11.44546 1.20700 
11.45568 1.20800 
11.46590 1.20900 
11.47612 1.21000 
11.48634 1.21100 
11.49657 1.21200 
11.50679 1.21300 
11.51701 1.21400 
11.52723 1.21500 
11.53745 1.21600 
11.54767 1.21700 
11.55789 1.21800 
11.56811 1.21900 
11.57833 1.22000 
11.58856 1.22100 
11.59878 1.22200 
11.60900 1.22300 
11.61922 1.22400 
11.62944 1.22500 
11.63966 1.22600 
11.64988 1.22700 
11.66010 1.22800 
11.67032 1.22900 
11.68054 1.23000 
11.69077 1.23100 
11.70099 1.23200 
11.71121 1.23300 
11.72143 1.23400 
11.73165 1.23500 
11.74187 1.23600 
11.75209 1.23700 
11.76231 1.23800 
11.77253 1.23900 
11.78276 1.24000 
11.79298 1.24100 
11.80320 1.24200 
11.81342 1.24300 
11.82364 1.24400 
11.83386 1.24500 
11.84408 1.24600 
11.85430 1.24700 
11.86452 1.24800 
11.87474 1.24900 
11.88497 1.25000 
11.89519 1.25100 
11.90541 1.25200 
11.91563 1.25300 
11.92585 1.25400 
11.93607 1.25500 
11.94629 1.25600 
11.95651 1.25700 
11.96673 1.25800 
11.97696 1.25900 
11.98718 1.26000 
11.99740 1.26100 
12.00762 1.26200 
12.01784 1.26300 
12.02806 1.26400 
12.03828 1.26500 
12.04850 1.26600 
12.05872 1.26700 
12.06894 1.26800 
12.07917 1.26900 
12.08939 1.27000 
12.09961 1.27100 
12.10983 1.27200 
12.12005 1.27300 
12.13027 1.27400 
12.14049 1.27500 
12.15071 1.27600 
12.16093 1.27700 
12.17116 1.27800 
12.18138 1.27900 
12.19160 1.28000 
12.20182 1.28100 
12.21204 1.28200 
12.22226 1.28300 
12.23248 1.28400 
12.24270 1.28500 
12.25292 1.28600 
12.26314 1.28700 
12.27337 1.28800 
12.28359 1.28900 
12.29381 1.29000 
12.30403 1.29100 
12.31425 1.29200 
12.32447 1.29300 
12.33469 1.29400 
12.34491 1.29500 
12.35513 1.29600 
12.36536 1.29700 
12.37558 1.29800 
12.38580 1.29900 
12.39602 1.30000 
12.40624 1.30100 
12.41646 1.30200 
12.42668 1.30300 
12.43690 1.30400 
12.44712 1.30500 
12.45734 1.30600 
12.46757 1.30700 
12.47779 1.30800 
12.48801 1.30900 
12.49823 1.31000 
12.50845 1.31100 
12.51867 1.31200 
12.52889 1.31300 
12.53911 1.31400 
12.54933 1.31500 
12.55956 1.31600 
12.56978 1.31700 
12.58000 1.31800 
12.59022 1.31900 
12.60044 1.32000 
12.61066 1.32100 
12.62088 1.32200 
12.63110 1.32300 
12.64132 1.32400 
12.65154 1.32500 
12.66177 1.32600 
12.67199 1.32700 
12.68221 1.32800 
12.69243 1.32900 
12.70265 1.33000 
12.71287 1.33100 
12.72309 1.33200 
12.73331 1.33300 
12.74353 1.33400 
12.75376 1.33500 
12.76398 1.33600 
12.77420 1.33700 
12.78442 1.33800 
12.79464 1.33900 
12.80486 1.34000 
12.81508 1.34100 
12.82530 1.34200 
12.83552 1.34300 
12.84575 1.34400 
12.85597 1.34500 
12.86619 1.34600 
12.87641 1.34700 
12.88663 1.34800 
12.89685 1.34900 
12.90707 1.35000 
12.91729 1.35100 
12.92751 1.35200 
12.93773 1.35300 
12.94796 1.35400 
12.95818 1.35500 
12.96840 1.35600 
12.97862 1.35700 
12.98884 1.35800 
12.99906 1.35900 
13.00928 1.36000 
13.01950 1.36100 
13.02972 1.36200 
13.03995 1.36300 
13.05017 1.36400 
13.06039 1.36500 
13.07061 1.36600 
13.08083 1.36700 
13.09105 1.36800 
13.10127 1.36900 
13.11149 1.37000 
13.12171 1.37100 
13.13193 1.37200 
13.14216 1.37300 
13.15238 1.37400 
13.16260 1.37500 
13.17282 1.37600 
13.18304 1.37700 
13.19326 1.37800 
13.20348 1.37900 
13.21370 1.38000 
13.22392 1.38100 
13.23415 1.38200 
13.24437 1.38300 
13.25459 1.38400 
13.26481 1.38500 
13.27503 1.38600 
13.28525 1.38700 
13.29547 1.38800 
13.30569 1.38900 
13.31591 1.39000 
13.32613 1.39100 
13.33636 1.39200 
13.34658 1.39300 
13.35680 1.39400 
13.36702 1.39500 
13.37724 1.39600 
13.38746 1.39700 
13.39768 1.39800 
13.40790 1.39900 
13.41812 1.40000 
13.42835 1.40100 
13.43857 1.40200 
13.44879 1.40300 
13.45901 1.40400 
13.46923 1.40500 
13.47945 1.40600 
13.48967 1.40700 
13.49989 1.40800 
13.51011 1.40900 
13.52033 1.41000 
13.53056 1.41100 
13.54078 1.41200 
13.55100 1.41300 
13.56122 1.41400 
13.57144 1.41500 
13.58166 1.41600 
13.59188 1.41700 
13.60210 1.41800 
13.61232 1.41900 
13.62255 1.42000 
13.63277 1.42100 
13.64299 1.42200 
13.65321 1.42300 
13.66343 1.42400 
13.67365 1.42500 
13.68387 1.42600 
13.69409 1.42700 
13.70431 1.42800 
13.71453 1.42900 
13.72476 1.43000 
13.73498 1.43100 
13.74520 1.43200 
13.75542 1.43300 
13.76564 1.43400 
13.77586 1.43500 
13.78608 1.43600 
13.79630 1.43700 
13.80652 1.43800 
13.81675 1.43900 
13.82697 1.44000 
13.83719 1.44100 
13.84741 1.44200 
13.85763 1.44300 
13.86785 1.44400 
13.87807 1.44500 
13.88829 1.44600 
13.89851 1.44700 
13.90874 1.44800 
13.91896 1.44900 
13.92918 1.45000 
13.93940 1.45100 
13.94962 1.45200 
13.95984 1.45300 
13.97006 1.45400 
13.98028 1.45500 
13.99050 1.45600 
14.00072 1.45700 
14.01095 1.45800 
14.02117 1.45900 
14.03139 1.46000 
14.04161 1.46100 
14.05183 1.46200 
14.06205 1.46300 
14.07227 1.46400 
14.08249 1.46500 
14.09271 1.46600 
14.10294 1.46700 
14.11316 1.46800 
14.12338 1.46900 
14.13360 1.47000 
14.14382 1.47100 
14.15404 1.47200 
14.16426 1.47300 
14.17448 1.47400 
14.18470 1.47500 
14.19492 1.47600 
14.20515 1.47700 
14.21537 1.47800 
14.22559 1.47900 
14.23581 1.48000 
14.24603 1.48100 
14.25625 1.48200 
14.26647 1.48300 
14.27669 1.48400 
14.28691 1.48500 
14.29714 1.48600 
14.30736 1.48700 
14.31758 1.48800 
14.32780 1.48900 
14.33802 1.49000 
14.34824 1.49100 
14.35846 1.49200 
14.36868 1.49300 
14.37890 1.49400 
14.38912 1.49500 
14.39935 1.49600 
14.40957 1.49700 
14.41979 1.49800 
14.43001 1.49900 
14.44023 1.50000 
14.45045 1.50100 
14.46067 1.50200 
14.47089 1.50300 
14.48111 1.50400 
14.49134 1.50500 
14.50156 1.50600 
14.51178 1.50700 
14.52200 1.50800 
14.53222 1.50900 
14.54244 1.51000 
14.55266 1.51100 
14.56288 1.51200 
14.57310 1.51300 
14.58332 1.51400 
14.59355 1.51500 
14.60377 1.51600 
14.61399 1.51700 
14.62421 1.51800 
14.63443 1.51900 
14.64465 1.52000 
14.65487 1.52100 
14.66509 1.52200 
14.67531 1.52300 
14.68554 1.52400 
14.69576 1.52500 
14.70598 1.52600 
14.71620 1.52700 
14.72642 1.52800 
14.73664 1.52900 
14.74686 1.53000 
14.75708 1.53100 
14.76730 1.53200 
14.77752 1.53300 
14.78775 1.53400 
14.79797 1.53500 
14.80819 1.53600 
14.81841 1.53700 
14.82863 1.53800 
14.83885 1.53900 
14.84907 1.54000 
14.85929 1.54100 
14.86951 1.54200 
14.87974 1.54300 
14.88996 1.54400 
14.90018 1.54500 
14.91040 1.54600 
14.92062 1.54700 
14.93084 1.54800 
14.94106 1.54900 
14.95128 1.55000 
14.96150 1.55100 
14.97173 1.55200 
14.98195 1.55300 
14.99217 1.55400 
15.00239 1.55500 
15.01261 1.55600 
15.02283 1.55700 
15.03305 1.55800 
15.04327 1.55900 
15.05349 1.56000 
15.06371 1.56100 
15.07394 1.56200 
15.08416 1.56300 
15.09438 1.56400 
15.10460 1.56500 
15.11482 1.56600 
15.12504 1.56700 
15.13526 1.56800 
15.14548 1.56900 
15.15570 1.57000 
15.16593 1.57100 
15.17615 1.57200 
15.18637 1.57300 
15.19659 1.57400 
15.20681 1.57500 
15.21703 1.57600 
15.22725 1.57700 
15.23747 1.57800 
15.24769 1.57900 
15.25791 1.58000 
15.26814 1.58100 
15.27836 1.58200 
15.28858 1.58300 
15.29880 1.58400 
15.30902 1.58500 
15.31924 1.58600 
15.32946 1.58700 
15.33968 1.58800 
15.34990 1.58900 
15.36013 1.59000 
15.37035 1.59100 
15.38057 1.59200 
15.39079 1.59300 
15.40101 1.59400 
15.41123 1.59500 
15.42145 1.59600 
15.43167 1.59700 
15.44189 1.59800 
15.45211 1.59900 
15.46234 1.60000 
15.47256 1.60100 
15.48278 1.60200 
15.49300 1.60300 
15.50322 1.60400 
15.51344 1.60500 
15.52366 1.60600 
15.53388 1.60700 
15.54410 1.60800 
15.55433 1.60900 
15.56455 1.61000 
15.57477 1.61100 
15.58499 1.61200 
15.59521 1.61300 
15.60543 1.61400 
15.61565 1.61500 
15.62587 1.61600 
15.63609 1.61700 
15.64631 1.61800 
15.65654 1.61900 
15.66676 1.62000 
15.67698 1.62100 
15.68720 1.62200 
15.69742 1.62300 
15.70764 1.62400 
15.71786 1.62500 
15.72808 1.62600 
15.73830 1.62700 
15.74853 1.62800 
15.75875 1.62900 
15.76897 1.63000 
15.77919 1.63100 
15.78941 1.63200 
15.79963 1.63300 
15.80985 1.63400 
15.82007 1.63500 
15.83029 1.63600 
15.84052 1.63700 
15.85074 1.63800 
15.86096 1.63900 
15.87118 1.64000 
15.88140 1.64100 
15.89162 1.64200 
15.90184 1.64300 
15.91206 1.64400 
15.92228 1.64500 
15.93250 1.64600 
15.94273 1.64700 
15.95295 1.64800 
15.96317 1.64900 
15.97339 1.65000 
15.98361 1.65100 
15.99383 1.65200 
16.00405 1.65300 
16.01427 1.65400 
16.02449 1.65500 
16.03472 1.65600 
16.04494 1.65700 
16.05516 1.65800 
16.06538 1.65900 
16.07560 1.66000 
16.08582 1.66100 
16.09604 1.66200 
16.10626 1.66300 
16.11648 1.66400 
16.12670 1.66500 
16.13693 1.66600 
16.14715 1.66700 
16.15737 1.66800 
16.16759 1.66900 
16.17781 1.67000 
16.18803 1.67100 
16.19825 1.67200 
16.20847 1.67300 
16.21869 1.67400 
16.22892 1.67500 
16.23914 1.67600 
16.24936 1.67700 
16.25958 1.67800 
16.26980 1.67900 
16.28002 1.68000 
16.29024 1.68100 
16.30046 1.68200 
16.31068 1.68300 
16.32090 1.68400 
16.33113 1.68500 
16.34135 1.68600 
16.35157 1.68700 
16.36179 1.68800 
16.37201 1.68900 
16.38223 1.69000 
16.39245 1.69100 
16.40267 1.69200 
16.41289 1.69300 
16.42312 1.69400 
16.43334 1.69500 
16.44356 1.69600 
16.45378 1.69700 
16.46400 1.69800 
16.47422 1.69900 
16.48444 1.70000 
16.49466 1.70100 
16.50488 1.70200 
16.51510 1.70300 
16.52533 1.70400 
16.53555 1.70500 
16.54577 1.70600 
16.55599 1.70700 
16.56621 1.70800 
16.57643 1.70900 
16.58665 1.71000 
16.59687 1.71100 
16.60709 1.71200 
16.61732 1.71300 
16.62754 1.71400 
16.63776 1.71500 
16.64798 1.71600 
16.65820 1.71700 
16.66842 1.71800 
16.67864 1.71900 
16.68886 1.72000 
16.69908 1.72100 
16.70931 1.72200 
16.71953 1.72300 
16.72975 1.72400 
16.73997 1.72500 
16.75019 1.72600 
16.76041 1.72700 
16.77063 1.72800 
16.78085 1.72900 
16.79107 1.73000 
16.80129 1.73100 
16.81152 1.73200 
16.82174 1.73300 
16.83196 1.73400 
16.84218 1.73500 
16.85240 1.73600 
16.86262 1.73700 
16.87284 1.73800 
16.88306 1.73900 
16.89328 1.74000 
16.90351 1.74100 
16.91373 1.74200 
16.92395 1.74300 
16.93417 1.74400 
16.94439 1.74500 
16.95461 1.74600 
16.96483 1.74700 
16.97505 1.74800 
16.98527 1.74900 
16.99549 1.75000 
17.00572 1.75100 
17.01594 1.75200 
17.02616 1.75300 
17.03638 1.75400 
17.04660 1.75500 
17.05682 1.75600 
17.06704 1.75700 
17.07726 1.75800 
17.08748 1.75900 
17.09771 1.76000 
17.10793 1.76100 
17.11815 1.76200 
17.12837 1.76300 
17.13859 1.76400 
17.14881 1.76500 
17.15903 1.76600 
17.16925 1.76700 
17.17947 1.76800 
17.18969 1.76900 
17.19992 1.77000 
17.21014 1.77100 
17.22036 1.77200 
17.23058 1.77300 
17.24080 1.77400 
17.25102 1.77500 
17.26124 1.77600 
17.27146 1.77700 
17.28168 1.77800 
17.29191 1.77900 
17.30213 1.78000 
17.31235 1.78100 
17.32257 1.78200 
17.33279 1.78300 
17.34301 1.78400 
17.35323 1.78500 
17.36345 1.78600 
17.37367 1.78700 
17.38389 1.78800 
17.39412 1.78900 
17.40434 1.79000 
17.41456 1.79100 
17.42478 1.79200 
17.43500 1.79300 
17.44522 1.79400 
17.45544 1.79500 
17.46566 1.79600 
17.47588 1.79700 
17.48611 1.79800 
17.49633 1.79900 
17.50655 1.80000 
17.51677 1.80100 
17.52699 1.80200 
17.53721 1.80300 
17.54743 1.80400 
17.55765 1.80500 
17.56787 1.80600 
17.57810 1.80700 
17.58832 1.80800 
17.59854 1.80900 
17.60876 1.81000 
17.61898 1.81100 
17.62920 1.81200 
17.63942 1.81300 
17.64964 1.81400 
17.65986 1.81500 
17.67008 1.81600 
17.68031 1.81700 
17.69053 1.81800 
17.70075 1.81900 
17.71097 1.82000 
17.72119 1.82100 
17.73141 1.82200 
17.74163 1.82300 
17.75185 1.82400 
17.76207 1.82500 
17.77230 1.82600 
17.78252 1.82700 
17.79274 1.82800 
17.80296 1.82900 
17.81318 1.83000 
17.82340 1.83100 
17.83362 1.83200 
17.84384 1.83300 
17.85406 1.83400 
17.86428 1.83500 
17.87451 1.83600 
17.88473 1.83700 
17.89495 1.83800 
17.90517 1.83900 
17.91539 1.84000 
17.92561 1.84100 
17.93583 1.84200 
17.94605 1.84300 
17.95627 1.84400 
17.96650 1.84500 
17.97672 1.84600 
17.98694 1.84700 
17.99716 1.84800 
18.00738 1.84900 
18.01760 1.85000 
18.02782 1.85100 
18.03804 1.85200 
18.04826 1.85300 
18.05848 1.85400 
18.06871 1.85500 
18.07893 1.85600 
18.08915 1.85700 
18.09937 1.85800 
18.10959 1.85900 
18.11981 1.86000 
18.13003 1.86100 
18.14025 1.86200 
18.15047 1.86300 
18.16070 1.86400 
18.17092 1.86500 
18.18114 1.86600 
18.19136 1.86700 
18.20158 1.86800 
18.21180 1.86900 
18.22202 1.87000 
18.23224 1.87100 
18.24246 1.87200 
18.25268 1.87300 
18.26291 1.87400 
18.27313 1.87500 
18.28335 1.87600 
18.29357 1.87700 
18.30379 1.87800 
18.31401 1.87900 
18.32423 1.88000 
18.33445 1.88100 
18.34467 1.88200 
18.35490 1.88300 
18.36512 1.88400 
18.37534 1.88500 
18.38556 1.88600 
18.39578 1.88700 
18.40600 1.88800 
18.41622 1.88900 
18.42644 1.89000 
18.43666 1.89100 
18.44689 1.89200 
18.45711 1.89300 
18.46733 1.89400 
18.47755 1.89500 
18.48777 1.89600 
18.49799 1.89700 
18.50821 1.89800 
18.51843 1.89900 
18.52865 1.90000 
18.53887 1.90100 
18.54910 1.90200 
18.55932 1.90300 
18.56954 1.90400 
18.57976 1.90500 
18.58998 1.90600 
18.60020 1.90700 
18.61042 1.90800 
18.62064 1.90900 
18.63086 1.91000 
18.64109 1.91100 
18.65131 1.91200 
18.66153 1.91300 
18.67175 1.91400 
18.68197 1.91500 
18.69219 1.91600 
18.70241 1.91700 
18.71263 1.91800 
18.72285 1.91900 
18.73307 1.92000 
18.74330 1.92100 
18.75352 1.92200 
18.76374 1.92300 
18.77396 1.92400 
18.78418 1.92500 
18.79440 1.92600 
18.80462 1.92700 
18.81484 1.92800 
18.82506 1.92900 
18.83529 1.93000 
18.84551 1.93100 
18.85573 1.93200 
18.86595 1.93300 
18.87617 1.93400 
18.88639 1.93500 
18.89661 1.93600 
18.90683 1.93700 
18.91705 1.93800 
18.92727 1.93900 
18.93750 1.94000 
18.94772 1.94100 
18.95794 1.94200 
18.96816 1.94300 
18.97838 1.94400 
18.98860 1.94500 
18.99882 1.94600 
19.00904 1.94700 
19.01926 1.94800 
19.02949 1.94900 
19.03971 1.95000 
19.04993 1.95100 
19.06015 1.95200 
19.07037 1.95300 
19.08059 1.95400 
19.09081 1.95500 
19.10103 1.95600 
19.11125 1.95700 
19.12147 1.95800 
19.13170 1.95900 
19.14192 1.96000 
19.15214 1.96100 
19.16236 1.96200 
19.17258 1.96300 
19.18280 1.96400 
19.19302 1.96500 
19.20324 1.96600 
19.21346 1.96700 
19.22369 1.96800 
19.23391 1.96900 
19.24413 1.97000 
19.25435 1.97100 
19.26457 1.97200 
19.27479 1.97300 
19.28501 1.97400 
19.29523 1.97500 
19.30545 1.97600 
19.31568 1.97700 
19.32590 1.97800 
19.33612 1.97900 
19.34634 1.98000 
19.35656 1.98100 
19.36678 1.98200 
19.37700 1.98300 
19.38722 1.98400 
19.39744 1.98500 
19.40766 1.98600 
19.41789 1.98700 
19.42811 1.98800 
19.43833 1.98900 
19.44855 1.99000 
19.45877 1.99100 
19.46899 1.99200 
19.47921 1.99300 
19.48943 1.99400 
19.49965 1.99500 
19.50988 1.99600 
19.52010 1.99700 
19.53032 1.99800 
19.54054 1.99900 
19.55076 2.00000 
19.56098 2.00100 
19.57120 2.00200 
19.58142 2.00300 
19.59164 2.00400 
19.60186 2.00500 
19.61209 2.00600 
19.62231 2.00700 
19.63253 2.00800 
19.64275 2.00900 
19.65297 2.01000 
19.66319 2.01100 
19.67341 2.01200 
19.68363 2.01300 
19.69385 2.01400 
19.70408 2.01500 
19.71430 2.01600 
19.72452 2.01700 
19.73474 2.01800 
19.74496 2.01900 
19.75518 2.02000 
19.76540 2.02100 
19.77562 2.02200 
19.78584 2.02300 
19.79606 2.02400 
19.80629 2.02500 
19.81651 2.02600 
19.82673 2.02700 
19.83695 2.02800 
19.84717 2.02900 
19.85739 2.03000 
19.86761 2.03100 
19.87783 2.03200 
19.88805 2.03300 
19.89828 2.03400 
19.90850 2.03500 
19.91872 2.03600 
19.92894 2.03700 
19.93916 2.03800 
19.94938 2.03900 
19.95960 2.04000 
19.96982 2.04100 
19.98004 2.04200 
19.99026 2.04300 
20.00049 2.04400 
20.01071 2.04500 
20.02093 2.04600 
20.03115 2.04700 
20.04137 2.04800 
20.05159 2.04900 
20.06181 2.05000 
20.07203 2.05100 
20.08225 2.05200 
20.09248 2.05300 
20.10270 2.05400 
20.11292 2.05500 
20.12314 2.05600 
20.13336 2.05700 
20.14358 2.05800 
20.15380 2.05900 
20.16402 2.06000 
20.17424 2.06100 
20.18447 2.06200 
20.19469 2.06300 
20.20491 2.06400 
20.21513 2.06500 
20.22535 2.06600 
20.23557 2.06700 
20.24579 2.06800 
20.25601 2.06900 
20.26623 2.07000 
20.27645 2.07100 
20.28668 2.07200 
20.29690 2.07300 
20.30712 2.07400 
20.31734 2.07500 
20.32756 2.07600 
20.33778 2.07700 
20.34800 2.07800 
20.35822 2.07900 
20.36844 2.08000 
20.37867 2.08100 
20.38889 2.08200 
20.39911 2.08300 
20.40933 2.08400 
20.41955 2.08500 
20.42977 2.08600 
20.43999 2.08700 
20.45021 2.08800 
20.46043 2.08900 
20.47065 2.09000 
20.48088 2.09100 
20.49110 2.09200 
20.50132 2.09300 
20.51154 2.09400 
20.52176 2.09500 
20.53198 2.09600 
20.54220 2.09700 
20.55242 2.09800 
20.56264 2.09900 
20.57287 2.10000 
20.58309 2.10100 
20.59331 2.10200 
20.60353 2.10300 
20.61375 2.10400 
20.62397 2.10500 
20.63419 2.10600 
20.64441 2.10700 
20.65463 2.10800 
20.66485 2.10900 
20.67508 2.11000 
20.68530 2.11100 
20.69552 2.11200 
20.70574 2.11300 
20.71596 2.11400 
20.72618 2.11500 
20.73640 2.11600 
20.74662 2.11700 
20.75684 2.11800 
20.76707 2.11900 
20.77729 2.12000 
20.78751 2.12100 
20.79773 2.12200 
20.80795 2.12300 
20.81817 2.12400 
20.82839 2.12500 
20.83861 2.12600 
20.84883 2.12700 
20.85905 2.12800 
20.86928 2.12900 
20.87950 2.13000 
20.88972 2.13100 
20.89994 2.13200 
20.91016 2.13300 
20.92038 2.13400 
20.93060 2.13500 
20.94082 2.13600 
20.95104 2.13700 
20.96127 2.13800 
20.97149 2.13900 
20.98171 2.14000 
20.99193 2.14100 
21.00215 2.14200 
21.01237 2.14300 
21.02259 2.14400 
21.03281 2.14500 
21.04303 2.14600 
21.05325 2.14700 
21.06348 2.14800 
21.07370 2.14900 
21.08392 2.15000 
21.09414 2.15100 
21.10436 2.15200 
21.11458 2.15300 
21.12480 2.15400 
21.13502 2.15500 
21.14524 2.15600 
21.15547 2.15700 
21.16569 2.15800 
21.17591 2.15900 
21.18613 2.16000 
21.19635 2.16100 
21.20657 2.16200 
21.21679 2.16300 
21.22701 2.16400 
21.23723 2.16500 
21.24746 2.16600 
21.25768 2.16700 
21.26790 2.16800 
21.27812 2.16900 
21.28834 2.17000 
21.29856 2.17100 
21.30878 2.17200 
21.31900 2.17300 
21.32922 2.17400 
21.33944 2.17500 
21.34967 2.17600 
21.35989 2.17700 
21.37011 2.17800 
21.38033 2.17900 
21.39055 2.18000 
21.40077 2.18100 
21.41099 2.18200 
21.42121 2.18300 
21.43143 2.18400 
21.44166 2.18500 
21.45188 2.18600 
21.46210 2.18700 
21.47232 2.18800 
21.48254 2.18900 
21.49276 2.19000 
21.50298 2.19100 
21.51320 2.19200 
21.52342 2.19300 
21.53364 2.19400 
21.54387 2.19500 
21.55409 2.19600 
21.56431 2.19700 
21.57453 2.19800 
21.58475 2.19900 
21.59497 2.20000 
21.60519 2.20100 
21.61541 2.20200 
21.62563 2.20300 
21.63586 2.20400 
21.64608 2.20500 
21.65630 2.20600 
21.66652 2.20700 
21.67674 2.20800 
21.68696 2.20900 
21.69718 2.21000 
21.70740 2.21100 
21.71762 2.21200 
21.72784 2.21300 
21.73807 2.21400 
21.74829 2.21500 
21.75851 2.21600 
21.76873 2.21700 
21.77895 2.21800 
21.78917 2.21900 
21.79939 2.22000 
21.80961 2.22100 
21.81983 2.22200 
21.83006 2.22300 
21.84028 2.22400 
21.85050 2.22500 
21.86072 2.22600 
21.87094 2.22700 
21.88116 2.22800 
21.89138 2.22900 
21.90160 2.23000 
21.91182 2.23100 
21.92204 2.23200 
21.93227 2.23300 
21.94249 2.23400 
21.95271 2.23500 
21.96293 2.23600 
21.97315 2.23700 
21.98337 2.23800 
21.99359 2.23900 
22.00381 2.24000 
22.01403 2.24100 
22.02426 2.24200 
22.03448 2.24300 
22.04470 2.24400 
22.05492 2.24500 
22.06514 2.24600 
22.07536 2.24700 
22.08558 2.24800 
22.09580 2.24900 
22.10602 2.25000 
22.11625 2.25100 
22.12647 2.25200 
22.13669 2.25300 
22.14691 2.25400 
22.15713 2.25500 
22.16735 2.25600 
22.17757 2.25700 
22.18779 2.25800 
22.19801 2.25900 
22.20823 2.26000 
22.21846 2.26100 
22.22868 2.26200 
22.23890 2.26300 
22.24912 2.26400 
22.25934 2.26500 
22.26956 2.26600 
22.27978 2.26700 
22.29000 2.26800 
22.30022 2.26900 
22.31045 2.27000 
22.32067 2.27100 
22.33089 2.27200 
22.34111 2.27300 
22.35133 2.27400 
22.36155 2.27500 
22.37177 2.27600 
22.38199 2.27700 
22.39221 2.27800 
22.40243 2.27900 
22.41266 2.28000 
22.42288 2.28100 
22.43310 2.28200 
22.44332 2.28300 
22.45354 2.28400 
22.46376 2.28500 
22.47398 2.28600 
22.48420 2.28700 
22.49442 2.28800 
22.50465 2.28900 
22.51487 2.29000 
22.52509 2.29100 
22.53531 2.29200 
22.54553 2.29300 
22.55575 2.29400 
22.56597 2.29500 
22.57619 2.29600 
22.58641 2.29700 
22.59663 2.29800 
22.60686 2.29900 
22.61708 2.30000 
22.62730 2.30100 
22.63752 2.30200 
22.64774 2.30300 
22.65796 2.30400 
22.66818 2.30500 
22.67840 2.30600 
22.68862 2.30700 
22.69885 2.30800 
22.70907 2.30900 
22.71929 2.31000 
22.72951 2.31100 
22.73973 2.31200 
22.74995 2.31300 
22.76017 2.31400 
22.77039 2.31500 
22.78061 2.31600 
22.79083 2.31700 
22.80106 2.31800 
22.81128 2.31900 
22.82150 2.32000 
22.83172 2.32100 
22.84194 2.32200 
22.85216 2.32300 
22.86238 2.32400 
22.87260 2.32500 
22.88282 2.32600 
22.89305 2.32700 
22.90327 2.32800 
22.91349 2.32900 
22.92371 2.33000 
22.93393 2.33100 
22.94415 2.33200 
22.95437 2.33300 
22.96459 2.33400 
22.97481 2.33500 
22.98504 2.33600 
22.99526 2.33700 
23.00548 2.33800 
23.01570 2.33900 
23.02592 2.34000 
23.03614 2.34100 
23.04636 2.34200 
23.05658 2.34300 
23.06680 2.34400 
23.07702 2.34500 
23.08725 2.34600 
23.09747 2.34700 
23.10769 2.34800 
23.11791 2.34900 
23.12813 2.35000 
23.13835 2.35100 
23.14857 2.35200 
23.15879 2.35300 
23.16901 2.35400 
23.17924 2.35500 
23.18946 2.35600 
23.19968 2.35700 
23.20990 2.35800 
23.22012 2.35900 
23.23034 2.36000 
23.24056 2.36100 
23.25078 2.36200 
23.26100 2.36300 
23.27122 2.36400 
23.28145 2.36500 
23.29167 2.36600 
23.30189 2.36700 
23.31211 2.36800 
23.32233 2.36900 
23.33255 2.37000 
23.34277 2.37100 
23.35299 2.37200 
23.36321 2.37300 
23.37344 2.37400 
23.38366 2.37500 
23.39388 2.37600 
23.40410 2.37700 
23.41432 2.37800 
23.42454 2.37900 
23.43476 2.38000 
23.44498 2.38100 
23.45520 2.38200 
23.46542 2.38300 
23.47565 2.38400 
23.48587 2.38500 
23.49609 2.38600 
23.50631 2.38700 
23.51653 2.38800 
23.52675 2.38900 
23.53697 2.39000 
23.54719 2.39100 
23.55741 2.39200 
23.56764 2.39300 
23.57786 2.39400 
23.58808 2.39500 
23.59830 2.39600 
23.60852 2.39700 
23.61874 2.39800 
23.62896 2.39900 
23.63918 2.40000 
23.64940 2.40100 
23.65962 2.40200 
23.66985 2.40300 
23.68007 2.40400 
23.69029 2.40500 
23.70051 2.40600 
23.71073 2.40700 
23.72095 2.40800 
23.73117 2.40900 
23.74139 2.41000 
23.75161 2.41100 
23.76184 2.41200 
23.77206 2.41300 
23.78228 2.41400 
23.79250 2.41500 
23.80272 2.41600 
23.81294 2.41700 
23.82316 2.41800 
23.83338 2.41900 
23.84360 2.42000 
23.85383 2.42100 
23.86405 2.42200 
23.87427 2.42300 
23.88449 2.42400 
23.89471 2.42500 
23.90493 2.42600 
23.91515 2.42700 
23.92537 2.42800 
23.93559 2.42900 
23.94581 2.43000 
23.95604 2.43100 
23.96626 2.43200 
23.97648 2.43300 
23.98670 2.43400 
23.99692 2.43500 
24.00714 2.43600 
24.01736 2.43700 
24.02758 2.43800 
24.03780 2.43900 
24.04803 2.44000 
24.05825 2.44100 
24.06847 2.44200 
24.07869 2.44300 
24.08891 2.44400 
24.09913 2.44500 
24.10935 2.44600 
24.11957 2.44700 
24.12979 2.44800 
24.14001 2.44900 
24.15024 2.45000 
24.16046 2.45100 
24.17068 2.45200 
24.18090 2.45300 
24.19112 2.45400 
24.20134 2.45500 
24.21156 2.45600 
24.22178 2.45700 
24.23200 2.45800 
24.24223 2.45900 
24.25245 2.46000 
24.26267 2.46100 
24.27289 2.46200 
24.28311 2.46300 
24.29333 2.46400 
24.30355 2.46500 
24.31377 2.46600 
24.32399 2.46700 
24.33421 2.46800 
24.34444 2.46900 
24.35466 2.47000 
24.36488 2.47100 
24.37510 2.47200 
24.38532 2.47300 
24.39554 2.47400 
24.40576 2.47500 
24.41598 2.47600 
24.42620 2.47700 
24.43643 2.47800 
24.44665 2.47900 
24.45687 2.48000 
24.46709 2.48100 
24.47731 2.48200 
24.48753 2.48300 
24.49775 2.48400 
24.50797 2.48500 
24.51819 2.48600 
24.52841 2.48700 
24.53864 2.48800 
24.54886 2.48900 
24.55908 2.49000 
24.56930 2.49100 
24.57952 2.49200 
24.58974 2.49300 
24.59996 2.49400 
24.61018 2.49500 
24.62040 2.49600 
24.63063 2.49700 
24.64085 2.49800 
24.65107 2.49900 
24.66129 2.50000 
24.67151 2.50100 
24.68173 2.50200 
24.69195 2.50300 
24.70217 2.50400 
24.71239 2.50500 
24.72262 2.50600 
24.73284 2.50700 
24.74306 2.50800 
24.75328 2.50900 
24.76350 2.51000 
24.77372 2.51100 
24.78394 2.51200 
24.79416 2.51300 
24.80438 2.51400 
24.81460 2.51500 
24.82483 2.51600 
24.83505 2.51700 
24.84527 2.51800 
24.85549 2.51900 
24.86571 2.52000 
24.87593 2.52100 
24.88615 2.52200 
24.89637 2.52300 
24.90659 2.52400 
24.91682 2.52500 
24.92704 2.52600 
24.93726 2.52700 
24.94748 2.52800 
24.95770 2.52900 
24.96792 2.53000 
24.97814 2.53100 
24.98836 2.53200 
24.99858 2.53300 
25.00880 2.53400 
25.01903 2.53500 
25.02925 2.53600 
25.03947 2.53700 
25.04969 2.53800 
25.05991 2.53900 
25.07013 2.54000 
25.08035 2.54100 
25.09057 2.54200 
25.10079 2.54300 
25.11102 2.54400 
25.12124 2.54500 
25.13146 2.54600 
25.14168 2.54700 
25.15190 2.54800 
25.16212 2.54900 
25.17234 2.55000 
25.18256 2.55100 
25.19278 2.55200 
25.20300 2.55300 
25.21323 2.55400 
25.22345 2.55500 
25.23367 2.55600 
25.24389 2.55700 
25.25411 2.55800 
25.26433 2.55900 
25.27455 2.56000 
25.28477 2.56100 
25.29499 2.56200 
25.30522 2.56300 
25.31544 2.56400 
25.32566 2.56500 
25.33588 2.56600 
25.34610 2.56700 
25.35632 2.56800 
25.36654 2.56900 
25.37676 2.57000 
25.38698 2.57100 
25.39720 2.57200 
25.40743 2.57300 
25.41765 2.57400 
25.42787 2.57500 
25.43809 2.57600 
25.44831 2.57700 
25.45853 2.57800 
25.46875 2.57900 
25.47897 2.58000 
25.48919 2.58100 
25.49942 2.58200 
25.50964 2.58300 
25.51986 2.58400 
25.53008 2.58500 
25.54030 2.58600 
25.55052 2.58700 
25.56074 2.58800 
25.57096 2.58900 
25.58118 2.59000 
25.59141 2.59100 
25.60163 2.59200 
25.61185 2.59300 
25.62207 2.59400 
25.63229 2.59500 
25.64251 2.59600 
25.65273 2.59700 
25.66295 2.59800 
25.67317 2.59900 
25.68339 2.60000 
25.69362 2.60100 
25.70384 2.60200 
25.71406 2.60300 
25.72428 2.60400 
25.73450 2.60500 
25.74472 2.60600 
25.75494 2.60700 
25.76516 2.60800 
25.77538 2.60900 
25.78561 2.61000 
25.79583 2.61100 
25.80605 2.61200 
25.81627 2.61300 
25.82649 2.61400 
25.83671 2.61500 
25.84693 2.61600 
25.85715 2.61700 
25.86737 2.61800 
25.87759 2.61900 
25.88782 2.62000 
25.89804 2.62100 
25.90826 2.62200 
25.91848 2.62300 
25.92870 2.62400 
25.93892 2.62500 
25.94914 2.62600 
25.95936 2.62700 
25.96958 2.62800 
25.97981 2.62900 
25.99003 2.63000 
26.00025 2.63100 
26.01047 2.63200 
26.02069 2.63300 
26.03091 2.63400 
26.04113 2.63500 
26.05135 2.63600 
26.06157 2.63700 
26.07179 2.63800 
26.08202 2.63900 
26.09224 2.64000 
26.10246 2.64100 
26.11268 2.64200 
26.12290 2.64300 
26.13312 2.64400 
26.14334 2.64500 
26.15356 2.64600 
26.16378 2.64700 
26.17401 2.64800 
26.18423 2.64900 
26.19445 2.65000 
26.20467 2.65100 
26.21489 2.65200 
26.22511 2.65300 
26.23533 2.65400 
26.24555 2.65500 
26.25577 2.65600 
26.26599 2.65700 
26.27622 2.65800 
26.28644 2.65900 
26.29666 2.66000 
26.30688 2.66100 
26.31710 2.66200 
26.32732 2.66300 
26.33754 2.66400 
26.34776 2.66500 
26.35798 2.66600 
26.36821 2.66700 
26.37843 2.66800 
26.38865 2.66900 
26.39887 2.67000 
26.40909 2.67100 
26.41931 2.67200 
26.42953 2.67300 
26.43975 2.67400 
26.44997 2.67500 
26.46020 2.67600 
26.47042 2.67700 
26.48064 2.67800 
26.49086 2.67900 
26.50108 2.68000 
26.51130 2.68100 
26.52152 2.68200 
26.53174 2.68300 
26.54196 2.68400 
26.55218 2.68500 
26.56241 2.68600 
26.57263 2.68700 
26.58285 2.68800 
26.59307 2.68900 
26.60329 2.69000 
26.61351 2.69100 
26.62373 2.69200 
26.63395 2.69300 
26.64417 2.69400 
26.65440 2.69500 
26.66462 2.69600 
26.67484 2.69700 
26.68506 2.69800 
26.69528 2.69900 
26.70550 2.70000 
26.71572 2.70100 
26.72594 2.70200 
26.73616 2.70300 
26.74638 2.70400 
26.75661 2.70500 
26.76683 2.70600 
26.77705 2.70700 
26.78727 2.70800 
26.79749 2.70900 
26.80771 2.71000 
26.81793 2.71100 
26.82815 2.71200 
26.83837 2.71300 
26.84860 2.71400 
26.85882 2.71500 
26.86904 2.71600 
26.87926 2.71700 
26.88948 2.71800 
26.89970 2.71900 
26.90992 2.72000 
26.92014 2.72100 
26.93036 2.72200 
26.94058 2.72300 
26.95081 2.72400 
26.96103 2.72500 
26.97125 2.72600 
26.98147 2.72700 
26.99169 2.72800 
27.00191 2.72900 
27.01213 2.73000 
27.02235 2.73100 
27.03257 2.73200 
27.04280 2.73300 
27.05302 2.73400 
27.06324 2.73500 
27.07346 2.73600 
27.08368 2.73700 
27.09390 2.73800 
27.10412 2.73900 
27.11434 2.74000 
27.12456 2.74100 
27.13478 2.74200 
27.14501 2.74300 
27.15523 2.74400 
27.16545 2.74500 
27.17567 2.74600 
27.18589 2.74700 
27.19611 2.74800 
27.20633 2.74900 
27.21655 2.75000 
27.22677 2.75100 
27.23700 2.75200 
27.24722 2.75300 
27.25744 2.75400 
27.26766 2.75500 
27.27788 2.75600 
27.28810 2.75700 
27.29832 2.75800 
27.30854 2.75900 
27.31876 2.76000 
27.32899 2.76100 
27.33921 2.76200 
27.34943 2.76300 
27.35965 2.76400 
27.36987 2.76500 
27.38009 2.76600 
27.39031 2.76700 
27.40053 2.76800 
27.41075 2.76900 
27.42097 2.77000 
27.43120 2.77100 
27.44142 2.77200 
27.45164 2.77300 
27.46186 2.77400 
27.47208 2.77500 
27.48230 2.77600 
27.49252 2.77700 
27.50274 2.77800 
27.51296 2.77900 
27.52319 2.78000 
27.53341 2.78100 
27.54363 2.78200 
27.55385 2.78300 
27.56407 2.78400 
27.57429 2.78500 
27.58451 2.78600 
27.59473 2.78700 
27.60495 2.78800 
27.61517 2.78900 
27.62540 2.79000 
27.63562 2.79100 
27.64584 2.79200 
27.65606 2.79300 
27.66628 2.79400 
27.67650 2.79500 
27.68672 2.79600 
27.69694 2.79700 
27.70716 2.79800 
27.71739 2.79900 
27.72761 2.80000 
27.73783 2.80100 
27.74805 2.80200 
27.75827 2.80300 
27.76849 2.80400 
27.77871 2.80500 
27.78893 2.80600 
27.79915 2.80700 
27.80937 2.80800 
27.81960 2.80900 
27.82982 2.81000 
27.84004 2.81100 
27.85026 2.81200 
27.86048 2.81300 
27.87070 2.81400 
27.88092 2.81500 
27.89114 2.81600 
27.90136 2.81700 
27.91159 2.81800 
27.92181 2.81900 
27.93203 2.82000 
27.94225 2.82100 
27.95247 2.82200 
27.96269 2.82300 
27.97291 2.82400 
27.98313 2.82500 
27.99335 2.82600 
28.00357 2.82700 
28.01380 2.82800 
28.02402 2.82900 
28.03424 2.83000 
28.04446 2.83100 
28.05468 2.83200 
28.06490 2.83300 
28.07512 2.83400 
28.08534 2.83500 
28.09556 2.83600 
28.10579 2.83700 
28.11601 2.83800 
28.12623 2.83900 
28.13645 2.84000 
28.14667 2.84100 
28.15689 2.84200 
28.16711 2.84300 
28.17733 2.84400 
28.18755 2.84500 
28.19778 2.84600 
28.20800 2.84700 
28.21822 2.84800 
28.22844 2.84900 
28.23866 2.85000 
28.24888 2.85100 
28.25910 2.85200 
28.26932 2.85300 
28.27954 2.85400 
28.28976 2.85500 
28.29999 2.85600 
28.31021 2.85700 
28.32043 2.85800 
28.33065 2.85900 
28.34087 2.86000 
28.35109 2.86100 
28.36131 2.86200 
28.37153 2.86300 
28.38175 2.86400 
28.39198 2.86500 
28.40220 2.86600 
28.41242 2.86700 
28.42264 2.86800 
28.43286 2.86900 
28.44308 2.87000 
28.45330 2.87100 
28.46352 2.87200 
28.47374 2.87300 
28.48396 2.87400 
28.49419 2.87500 
28.50441 2.87600 
28.51463 2.87700 
28.52485 2.87800 
28.53507 2.87900 
28.54529 2.88000 
28.55551 2.88100 
28.56573 2.88200 
28.57595 2.88300 
28.58618 2.88400 
28.59640 2.88500 
28.60662 2.88600 
28.61684 2.88700 
28.62706 2.88800 
28.63728 2.88900 
28.64750 2.89000 
28.65772 2.89100 
28.66794 2.89200 
28.67816 2.89300 
28.68839 2.89400 
28.69861 2.89500 
28.70883 2.89600 
28.71905 2.89700 
28.72927 2.89800 
28.73949 2.89900 
28.74971 2.90000 
28.75993 2.90100 
28.77015 2.90200 
28.78038 2.90300 
28.79060 2.90400 
28.80082 2.90500 
28.81104 2.90600 
28.82126 2.90700 
28.83148 2.90800 
28.84170 2.90900 
28.85192 2.91000 
28.86214 2.91100 
28.87236 2.91200 
28.88259 2.91300 
28.89281 2.91400 
28.90303 2.91500 
28.91325 2.91600 
28.92347 2.91700 
28.93369 2.91800 
28.94391 2.91900 
28.95413 2.92000 
28.96435 2.92100 
28.97458 2.92200 
28.98480 2.92300 
28.99502 2.92400 
29.00524 2.92500 
29.01546 2.92600 
29.02568 2.92700 
29.03590 2.92800 
29.04612 2.92900 
29.05634 2.93000 
29.06657 2.93100 
29.07679 2.93200 
29.08701 2.93300 
29.09723 2.93400 
29.10745 2.93500 
29.11767 2.93600 
29.12789 2.93700 
29.13811 2.93800 
29.14833 2.93900 
29.15855 2.94000 
29.16878 2.94100 
29.17900 2.94200 
29.18922 2.94300 
29.19944 2.94400 
29.20966 2.94500 
29.21988 2.94600 
29.23010 2.94700 
29.24032 2.94800 
29.25054 2.94900 
29.26077 2.95000 
29.27099 2.95100 
29.28121 2.95200 
29.29143 2.95300 
29.30165 2.95400 
29.31187 2.95500 
29.32209 2.95600 
29.33231 2.95700 
29.34253 2.95800 
29.35275 2.95900 
29.36298 2.96000 
29.37320 2.96100 
29.38342 2.96200 
29.39364 2.96300 
29.40386 2.96400 
29.41408 2.96500 
29.42430 2.96600 
29.43452 2.96700 
29.44474 2.96800 
29.45497 2.96900 
29.46519 2.97000 
29.47541 2.97100 
29.48563 2.97200 
29.49585 2.97300 
29.50607 2.97400 
29.51629 2.97500 
29.52651 2.97600 
29.53673 2.97700 
29.54695 2.97800 
29.55718 2.97900 
29.56740 2.98000 
29.57762 2.98100 
29.58784 2.98200 
29.59806 2.98300 
29.60828 2.98400 
29.61850 2.98500 
29.62872 2.98600 
29.63894 2.98700 
29.64917 2.98800 
29.65939 2.98900 
29.66961 2.99000 
29.67983 2.99100 
29.69005 2.99200 
29.70027 2.99300 
29.71049 2.99400 
29.72071 2.99500 
29.73093 2.99600 
29.74115 2.99700 
29.75138 2.99800 
29.76160 2.99900 
29.77182 3.00000 
29.78204 3.00100 
29.79226 3.00200 
29.80248 3.00300 
29.81270 3.00400 
29.82292 3.00500 
29.83314 3.00600 
29.84337 3.00700 
29.85359 3.00800 
29.86381 3.00900 
29.87403 3.01000 
29.88425 3.01100 
29.89447 3.01200 
29.90469 3.01300 
29.91491 3.01400 
29.92513 3.01500 
29.93536 3.01600 
29.94558 3.01700 
29.95580 3.01800 
29.96602 3.01900 
29.97624 3.02000 
29.98646 3.02100 
29.99668 3.02200 
30.00690 3.02300 
30.01712 3.02400 
30.02734 3.02500 
30.03757 3.02600 
30.04779 3.02700 
30.05801 3.02800 
30.06823 3.02900 
30.07845 3.03000 
30.08867 3.03100 
30.09889 3.03200 
30.10911 3.03300 
30.11933 3.03400 
30.12956 3.03500 
30.13978 3.03600 
30.15000 3.03700 
30.16022 3.03800 
30.17044 3.03900 
30.18066 3.04000 
30.19088 3.04100 
30.20110 3.04200 
30.21132 3.04300 
30.22154 3.04400 
30.23177 3.04500 
30.24199 3.04600 
30.25221 3.04700 
30.26243 3.04800 
30.27265 3.04900 
30.28287 3.05000 
30.29309 3.05100 
30.30331 3.05200 
30.31353 3.05300 
30.32376 3.05400 
30.33398 3.05500 
30.34420 3.05600 
30.35442 3.05700 
30.36464 3.05800 
30.37486 3.05900 
30.38508 3.06000 
30.39530 3.06100 
30.40552 3.06200 
30.41574 3.06300 
30.42597 3.06400 
30.43619 3.06500 
30.44641 3.06600 
30.45663 3.06700 
30.46685 3.06800 
30.47707 3.06900 
30.48729 3.07000 
30.49751 3.07100 
30.50773 3.07200 
30.51796 3.07300 
30.52818 3.07400 
30.53840 3.07500 
30.54862 3.07600 
30.55884 3.07700 
30.56906 3.07800 
30.57928 3.07900 
30.58950 3.08000 
30.59972 3.08100 
30.60994 3.08200 
30.62017 3.08300 
30.63039 3.08400 
30.64061 3.08500 
30.65083 3.08600 
30.66105 3.08700 
30.67127 3.08800 
30.68149 3.08900 
30.69171 3.09000 
30.70193 3.09100 
30.71216 3.09200 
30.72238 3.09300 
30.73260 3.09400 
30.74282 3.09500 
30.75304 3.09600 
30.76326 3.09700 
30.77348 3.09800 
30.78370 3.09900 
30.79392 3.10000 
30.80415 3.10100 
30.81437 3.10200 
30.82459 3.10300 
30.83481 3.10400 
30.84503 3.10500 
30.85525 3.10600 
30.86547 3.10700 
30.87569 3.10800 
30.88591 3.10900 
30.89613 3.11000 
30.90636 3.11100 
30.91658 3.11200 
30.92680 3.11300 
30.93702 3.11400 
30.94724 3.11500 
30.95746 3.11600 
30.96768 3.11700 
30.97790 3.11800 
30.98812 3.11900 
30.99835 3.12000 
31.00857 3.12100 
31.01879 3.12200 
31.02901 3.12300 
31.03923 3.12400 
31.04945 3.12500 
31.05967 3.12600 
31.06989 3.12700 
31.08011 3.12800 
31.09033 3.12900 
31.10056 3.13000 
31.11078 3.13100 
31.12100 3.13200 
31.13122 3.13300 
31.14144 3.13400 
31.15166 3.13500 
31.16188 3.13600 
31.17210 3.13700 
31.18232 3.13800 
31.19255 3.13900 
31.20277 3.14000 
31.21299 3.14100 
31.22321 3.14200 
31.23343 3.14300 
31.24365 3.14400 
31.25387 3.14500 
31.26409 3.14600 
31.27431 3.14700 
31.28453 3.14800 
31.29476 3.14900 
31.30498 3.15000 
31.31520 3.15100 
31.32542 3.15200 
31.33564 3.15300 
31.34586 3.15400 
31.35608 3.15500 
31.36630 3.15600 
31.37652 3.15700 
31.38675 3.15800 
31.39697 3.15900 
31.40719 3.16000 
31.41741 3.16100 
31.42763 3.16200 
31.43785 3.16300 
31.44807 3.16400 
31.45829 3.16500 
31.46851 3.16600 
31.47873 3.16700 
31.48896 3.16800 
31.49918 3.16900 
31.50940 3.17000 
31.51962 3.17100 
31.52984 3.17200 
31.54006 3.17300 
31.55028 3.17400 
31.56050 3.17500 
31.57072 3.17600 
31.58095 3.17700 
31.59117 3.17800 
31.60139 3.17900 
31.61161 3.18000 
31.62183 3.18100 
31.63205 3.18200 
31.64227 3.18300 
31.65249 3.18400 
31.66271 3.18500 
31.67294 3.18600 
31.68316 3.18700 
31.69338 3.18800 
31.70360 3.18900 
31.71382 3.19000 
31.72404 3.19100 
31.73426 3.19200 
31.74448 3.19300 
31.75470 3.19400 
31.76492 3.19500 
31.77515 3.19600 
31.78537 3.19700 
31.79559 3.19800 
31.80581 3.19900 
31.81603 3.20000 
31.82625 3.20100 
31.83647 3.20200 
31.84669 3.20300 
31.85691 3.20400 
31.86714 3.20500 
31.87736 3.20600 
31.88758 3.20700 
31.89780 3.20800 
31.90802 3.20900 
31.91824 3.21000 
31.92846 3.21100 
31.93868 3.21200 
31.94890 3.21300 
31.95912 3.21400 
31.96935 3.21500 
31.97957 3.21600 
31.98979 3.21700 
32.00001 3.21800 
32.01023 3.21900 
32.02045 3.22000 
32.03067 3.22100 
32.04089 3.22200 
32.05111 3.22300 
32.06134 3.22400 
32.07156 3.22500 
32.08178 3.22600 
32.09200 3.22700 
32.10222 3.22800 
32.11244 3.22900 
32.12266 3.23000 
32.13288 3.23100 
32.14310 3.23200 
32.15332 3.23300 
32.16355 3.23400 
32.17377 3.23500 
32.18399 3.23600 
32.19421 3.23700 
32.20443 3.23800 
32.21465 3.23900 
32.22487 3.24000 
32.23509 3.24100 
32.24531 3.24200 
32.25554 3.24300 
32.26576 3.24400 
32.27598 3.24500 
32.28620 3.24600 
32.29642 3.24700 
32.30664 3.24800 
32.31686 3.24900 
32.32708 3.25000 
32.33730 3.25100 
32.34752 3.25200 
32.35775 3.25300 
32.36797 3.25400 
32.37819 3.25500 
32.38841 3.25600 
32.39863 3.25700 
32.40885 3.25800 
32.41907 3.25900 
32.42929 3.26000 
32.43951 3.26100 
32.44974 3.26200 
32.45996 3.26300 
32.47018 3.26400 
32.48040 3.26500 
32.49062 3.26600 
32.50084 3.26700 
32.51106 3.26800 
32.52128 3.26900 
32.53150 3.27000 
32.54172 3.27100 
32.55195 3.27200 
32.56217 3.27300 
32.57239 3.27400 
32.58261 3.27500 
32.59283 3.27600 
32.60305 3.27700 
32.61327 3.27800 
32.62349 3.27900 
32.63371 3.28000 
32.64394 3.28100 
32.65416 3.28200 
32.66438 3.28300 
32.67460 3.28400 
32.68482 3.28500 
32.69504 3.28600 
32.70526 3.28700 
32.71548 3.28800 
32.72570 3.28900 
32.73593 3.29000 
32.74615 3.29100 
32.75637 3.29200 
32.76659 3.29300 
32.77681 3.29400 
32.78703 3.29500 
32.79725 3.29600 
32.80747 3.29700 
32.81769 3.29800 
32.82791 3.29900 
32.83814 3.30000 
32.84836 3.30100 
32.85858 3.30200 
32.86880 3.30300 
32.87902 3.30400 
32.88924 3.30500 
32.89946 3.30600 
32.90968 3.30700 
32.91990 3.30800 
32.93013 3.30900 
32.94035 3.31000 
32.95057 3.31100 
32.96079 3.31200 
32.97101 3.31300 
32.98123 3.31400 
32.99145 3.31500 
33.00167 3.31600 
33.01189 3.31700 
33.02211 3.31800 
33.03234 3.31900 
33.04256 3.32000 
33.05278 3.32100 
33.06300 3.32200 
33.07322 3.32300 
33.08344 3.32400 
33.09366 3.32500 
33.10388 3.32600 
33.11410 3.32700 
33.12433 3.32800 
33.13455 3.32900 
33.14477 3.33000 
33.15499 3.33100 
33.16521 3.33200 
33.17543 3.33300 
33.18565 3.33400 
33.19587 3.33500 
33.20609 3.33600 
33.21631 3.33700 
33.22654 3.33800 
33.23676 3.33900 
33.24698 3.34000 
33.25720 3.34100 
33.26742 3.34200 
33.27764 3.34300 
33.28786 3.34400 
33.29808 3.34500 
33.30830 3.34600 
33.31853 3.34700 
33.32875 3.34800 
33.33897 3.34900 
33.34919 3.35000 
33.35941 3.35100 
33.36963 3.35200 
33.37985 3.35300 
33.39007 3.35400 
33.40029 3.35500 
33.41051 3.35600 
33.42074 3.35700 
33.43096 3.35800 
33.44118 3.35900 
33.45140 3.36000 
33.46162 3.36100 
33.47184 3.36200 
33.48206 3.36300 
33.49228 3.36400 
33.50250 3.36500 
33.51273 3.36600 
33.52295 3.36700 
33.53317 3.36800 
33.54339 3.36900 
33.55361 3.37000 
33.56383 3.37100 
33.57405 3.37200 
33.58427 3.37300 
33.59449 3.37400 
33.60472 3.37500 
33.61494 3.37600 
33.62516 3.37700 
33.63538 3.37800 
33.64560 3.37900 
33.65582 3.38000 
33.66604 3.38100 
33.67626 3.38200 
33.68648 3.38300 
33.69670 3.38400 
33.70693 3.38500 
33.71715 3.38600 
33.72737 3.38700 
33.73759 3.38800 
33.74781 3.38900 
33.75803 3.39000 
33.76825 3.39100 
33.77847 3.39200 
33.78869 3.39300 
33.79892 3.39400 
33.80914 3.39500 
33.81936 3.39600 
33.82958 3.39700 
33.83980 3.39800 
33.85002 3.39900 
33.86024 3.40000 
33.87046 3.40100 
33.88068 3.40200 
33.89090 3.40300 
33.90113 3.40400 
33.91135 3.40500 
33.92157 3.40600 
33.93179 3.40700 
33.94201 3.40800 
33.95223 3.40900 
33.96245 3.41000 
33.97267 3.41100 
33.98289 3.41200 
33.99312 3.41300 
34.00334 3.41400 
34.01356 3.41500 
34.02378 3.41600 
34.03400 3.41700 
34.04422 3.41800 
34.05444 3.41900 
34.06466 3.42000 
34.07488 3.42100 
34.08510 3.42200 
34.09533 3.42300 
34.10555 3.42400 
34.11577 3.42500 
34.12599 3.42600 
34.13621 3.42700 
34.14643 3.42800 
34.15665 3.42900 
34.16687 3.43000 
34.17709 3.43100 
34.18732 3.43200 
34.19754 3.43300 
34.20776 3.43400 
34.21798 3.43500 
34.22820 3.43600 
34.23842 3.43700 
34.24864 3.43800 
34.25886 3.43900 
34.26908 3.44000 
34.27930 3.44100 
34.28953 3.44200 
34.29975 3.44300 
34.30997 3.44400 
34.32019 3.44500 
34.33041 3.44600 
34.34063 3.44700 
34.35085 3.44800 
34.36107 3.44900 
34.37129 3.45000 
34.38152 3.45100 
34.39174 3.45200 
34.40196 3.45300 
34.41218 3.45400 
34.42240 3.45500 
34.43262 3.45600 
34.44284 3.45700 
34.45306 3.45800 
34.46328 3.45900 
34.47351 3.46000 
34.48373 3.46100 
34.49395 3.46200 
34.50417 3.46300 
34.51439 3.46400 
34.52461 3.46500 
34.53483 3.46600 
34.54505 3.46700 
34.55527 3.46800 
34.56549 3.46900 
34.57572 3.47000 
34.58594 3.47100 
34.59616 3.47200 
34.60638 3.47300 
34.61660 3.47400 
34.62682 3.47500 
34.63704 3.47600 
34.64726 3.47700 
34.65748 3.47800 
34.66771 3.47900 
34.67793 3.48000 
34.68815 3.48100 
34.69837 3.48200 
34.70859 3.48300 
34.71881 3.48400 
34.72903 3.48500 
34.73925 3.48600 
34.74947 3.48700 
34.75969 3.48800 
34.76992 3.48900 
34.78014 3.49000 
34.79036 3.49100 
34.80058 3.49200 
34.81080 3.49300 
34.82102 3.49400 
34.83124 3.49500 
34.84146 3.49600 
34.85168 3.49700 
34.86191 3.49800 
34.87213 3.49900 
34.88235 3.50000 
34.89257 3.50100 
34.90279 3.50200 
34.91301 3.50300 
34.92323 3.50400 
34.93345 3.50500 
34.94367 3.50600 
34.95389 3.50700 
34.96412 3.50800 
34.97434 3.50900 
34.98456 3.51000 
34.99478 3.51100 
35.00500 3.51200 
35.01522 3.51300 
35.02544 3.51400 
35.03566 3.51500 
35.04588 3.51600 
35.05611 3.51700 
35.06633 3.51800 
35.07655 3.51900 
35.08677 3.52000 
35.09699 3.52100 
35.10721 3.52200 
35.11743 3.52300 
35.12765 3.52400 
35.13787 3.52500 
35.14809 3.52600 
35.15832 3.52700 
35.16854 3.52800 
35.17876 3.52900 
35.18898 3.53000 
35.19920 3.53100 
35.20942 3.53200 
35.21964 3.53300 
35.22986 3.53400 
35.24008 3.53500 
35.25031 3.53600 
35.26053 3.53700 
35.27075 3.53800 
35.28097 3.53900 
35.29119 3.54000 
35.30141 3.54100 
35.31163 3.54200 
35.32185 3.54300 
35.33207 3.54400 
35.34230 3.54500 
35.35252 3.54600 
35.36274 3.54700 
35.37296 3.54800 
35.38318 3.54900 
35.39340 3.55000 
35.40362 3.55100 
35.41384 3.55200 
35.42406 3.55300 
35.43428 3.55400 
35.44451 3.55500 
35.45473 3.55600 
35.46495 3.55700 
35.47517 3.55800 
35.48539 3.55900 
35.49561 3.56000 
35.50583 3.56100 
35.51605 3.56200 
35.52627 3.56300 
35.53650 3.56400 
35.54672 3.56500 
35.55694 3.56600 
35.56716 3.56700 
35.57738 3.56800 
35.58760 3.56900 
35.59782 3.57000 
35.60804 3.57100 
35.61826 3.57200 
35.62848 3.57300 
35.63871 3.57400 
35.64893 3.57500 
35.65915 3.57600 
35.66937 3.57700 
35.67959 3.57800 
35.68981 3.57900 
35.70003 3.58000 
35.71025 3.58100 
35.72047 3.58200 
35.73070 3.58300 
35.74092 3.58400 
35.75114 3.58500 
35.76136 3.58600 
35.77158 3.58700 
35.78180 3.58800 
35.79202 3.58900 
35.80224 3.59000 
35.81246 3.59100 
35.82268 3.59200 
35.83291 3.59300 
35.84313 3.59400 
35.85335 3.59500 
35.86357 3.59600 
35.87379 3.59700 
35.88401 3.59800 
35.89423 3.59900 
35.90445 3.60000 
35.91467 3.60100 
35.92490 3.60200 
35.93512 3.60300 
35.94534 3.60400 
35.95556 3.60500 
35.96578 3.60600 
35.97600 3.60700 
35.98622 3.60800 
35.99644 3.60900 
36.00666 3.61000 
36.01688 3.61100 
36.02711 3.61200 
36.03733 3.61300 
36.04755 3.61400 
36.05777 3.61500 
36.06799 3.61600 
36.07821 3.61700 
36.08843 3.61800 
36.09865 3.61900 
36.10887 3.62000 
36.11910 3.62100 
36.12932 3.62200 
36.13954 3.62300 
36.14976 3.62400 
36.15998 3.62500 
36.17020 3.62600 
36.18042 3.62700 
36.19064 3.62800 
36.20086 3.62900 
36.21109 3.63000 
36.22131 3.63100 
36.23153 3.63200 
36.24175 3.63300 
36.25197 3.63400 
36.26219 3.63500 
36.27241 3.63600 
36.28263 3.63700 
36.29285 3.63800 
36.30307 3.63900 
36.31330 3.64000 
36.32352 3.64100 
36.33374 3.64200 
36.34396 3.64300 
36.35418 3.64400 
36.36440 3.64500 
36.37462 3.64600 
36.38484 3.64700 
36.39506 3.64800 
36.40529 3.64900 
36.41551 3.65000 
36.42573 3.65100 
36.43595 3.65200 
36.44617 3.65300 
36.45639 3.65400 
36.46661 3.65500 
36.47683 3.65600 
36.48705 3.65700 
36.49727 3.65800 
36.50750 3.65900 
36.51772 3.66000 
36.52794 3.66100 
36.53816 3.66200 
36.54838 3.66300 
36.55860 3.66400 
36.56882 3.66500 
36.57904 3.66600 
36.58926 3.66700 
36.59949 3.66800 
36.60971 3.66900 
36.61993 3.67000 
36.63015 3.67100 
36.64037 3.67200 
36.65059 3.67300 
36.66081 3.67400 
36.67103 3.67500 
36.68125 3.67600 
36.69147 3.67700 
36.70170 3.67800 
36.71192 3.67900 
36.72214 3.68000 
36.73236 3.68100 
36.74258 3.68200 
36.75280 3.68300 
36.76302 3.68400 
36.77324 3.68500 
36.78346 3.68600 
36.79369 3.68700 
36.80391 3.68800 
36.81413 3.68900 
36.82435 3.69000 
36.83457 3.69100 
36.84479 3.69200 
36.85501 3.69300 
36.86523 3.69400 
36.87545 3.69500 
36.88567 3.69600 
36.89590 3.69700 
36.90612 3.69800 
36.91634 3.69900 
36.92656 3.70000 
36.93678 3.70100 
36.94700 3.70200 
36.95722 3.70300 
36.96744 3.70400 
36.97766 3.70500 
36.98789 3.70600 
36.99811 3.70700 
37.00833 3.70800 
37.01855 3.70900 
37.02877 3.71000 
37.03899 3.71100 
37.04921 3.71200 
37.05943 3.71300 
37.06965 3.71400 
37.07988 3.71500 
37.09010 3.71600 
37.10032 3.71700 
37.11054 3.71800 
37.12076 3.71900 
37.13098 3.72000 
37.14120 3.72100 
37.15142 3.72200 
37.16164 3.72300 
37.17186 3.72400 
37.18209 3.72500 
37.19231 3.72600 
37.20253 3.72700 
37.21275 3.72800 
37.22297 3.72900 
37.23319 3.73000 
37.24341 3.73100 
37.25363 3.73200 
37.26385 3.73300 
37.27408 3.73400 
37.28430 3.73500 
37.29452 3.73600 
37.30474 3.73700 
37.31496 3.73800 
37.32518 3.73900 
37.33540 3.74000 
37.34562 3.74100 
37.35584 3.74200 
37.36606 3.74300 
37.37629 3.74400 
37.38651 3.74500 
37.39673 3.74600 
37.40695 3.74700 
37.41717 3.74800 
37.42739 3.74900 
37.43761 3.75000 
37.44783 3.75100 
37.45805 3.75200 
37.46828 3.75300 
37.47850 3.75400 
37.48872 3.75500 
37.49894 3.75600 
37.50916 3.75700 
37.51938 3.75800 
37.52960 3.75900 
37.53982 3.76000 
37.55004 3.76100 
37.56026 3.76200 
37.57049 3.76300 
37.58071 3.76400 
37.59093 3.76500 
37.60115 3.76600 
37.61137 3.76700 
37.62159 3.76800 
37.63181 3.76900 
37.64203 3.77000 
37.65225 3.77100 
37.66248 3.77200 
37.67270 3.77300 
37.68292 3.77400 
37.69314 3.77500 
37.70336 3.77600 
37.71358 3.77700 
37.72380 3.77800 
37.73402 3.77900 
37.74424 3.78000 
37.75446 3.78100 
37.76469 3.78200 
37.77491 3.78300 
37.78513 3.78400 
37.79535 3.78500 
37.80557 3.78600 
37.81579 3.78700 
37.82601 3.78800 
37.83623 3.78900 
37.84645 3.79000 
37.85668 3.79100 
37.86690 3.79200 
37.87712 3.79300 
37.88734 3.79400 
37.89756 3.79500 
37.90778 3.79600 
37.91800 3.79700 
37.92822 3.79800 
37.93844 3.79900 
37.94867 3.80000 
37.95889 3.80100 
37.96911 3.80200 
37.97933 3.80300 
37.98955 3.80400 
37.99977 3.80500 
38.00999 3.80600 
38.02021 3.80700 
38.03043 3.80800 
38.04065 3.80900 
38.05088 3.81000 
38.06110 3.81100 
38.07132 3.81200 
38.08154 3.81300 
38.09176 3.81400 
38.10198 3.81500 
38.11220 3.81600 
38.12242 3.81700 
38.13264 3.81800 
38.14287 3.81900 
38.15309 3.82000 
38.16331 3.82100 
38.17353 3.82200 
38.18375 3.82300 
38.19397 3.82400 
38.20419 3.82500 
38.21441 3.82600 
38.22463 3.82700 
38.23485 3.82800 
38.24508 3.82900 
38.25530 3.83000 
38.26552 3.83100 
38.27574 3.83200 
38.28596 3.83300 
38.29618 3.83400 
38.30640 3.83500 
38.31662 3.83600 
38.32684 3.83700 
38.33707 3.83800 
38.34729 3.83900 
38.35751 3.84000 
38.36773 3.84100 
38.37795 3.84200 
38.38817 3.84300 
38.39839 3.84400 
38.40861 3.84500 
38.41883 3.84600 
38.42905 3.84700 
38.43928 3.84800 
38.44950 3.84900 
38.45972 3.85000 
38.46994 3.85100 
38.48016 3.85200 
38.49038 3.85300 
38.50060 3.85400 
38.51082 3.85500 
38.52104 3.85600 
38.53127 3.85700 
38.54149 3.85800 
38.55171 3.85900 
38.56193 3.86000 
38.57215 3.86100 
38.58237 3.86200 
38.59259 3.86300 
38.60281 3.86400 
38.61303 3.86500 
38.62325 3.86600 
38.63348 3.86700 
38.64370 3.86800 
38.65392 3.86900 
38.66414 3.87000 
38.67436 3.87100 
38.68458 3.87200 
38.69480 3.87300 
38.70502 3.87400 
38.71524 3.87500 
38.72547 3.87600 
38.73569 3.87700 
38.74591 3.87800 
38.75613 3.87900 
38.76635 3.88000 
38.77657 3.88100 
38.78679 3.88200 
38.79701 3.88300 
38.80723 3.88400 
38.81746 3.88500 
38.82768 3.88600 
38.83790 3.88700 
38.84812 3.88800 
38.85834 3.88900 
38.86856 3.89000 
38.87878 3.89100 
38.88900 3.89200 
38.89922 3.89300 
38.90944 3.89400 
38.91967 3.89500 
38.92989 3.89600 
38.94011 3.89700 
38.95033 3.89800 
38.96055 3.89900 
38.97077 3.90000 
38.98099 3.90100 
38.99121 3.90200 
39.00143 3.90300 
39.01166 3.90400 
39.02188 3.90500 
39.03210 3.90600 
39.04232 3.90700 
39.05254 3.90800 
39.06276 3.90900 
39.07298 3.91000 
39.08320 3.91100 
39.09342 3.91200 
39.10364 3.91300 
39.11387 3.91400 
39.12409 3.91500 
39.13431 3.91600 
39.14453 3.91700 
39.15475 3.91800 
39.16497 3.91900 
39.17519 3.92000 
39.18541 3.92100 
39.19563 3.92200 
39.20586 3.92300 
39.21608 3.92400 
39.22630 3.92500 
39.23652 3.92600 
39.24674 3.92700 
39.25696 3.92800 
39.26718 3.92900 
39.27740 3.93000 
39.28762 3.93100 
39.29784 3.93200 
39.30807 3.93300 
39.31829 3.93400 
39.32851 3.93500 
39.33873 3.93600 
39.34895 3.93700 
39.35917 3.93800 
39.36939 3.93900 
39.37961 3.94000 
39.38983 3.94100 
39.40006 3.94200 
39.41028 3.94300 
39.42050 3.94400 
39.43072 3.94500 
39.44094 3.94600 
39.45116 3.94700 
39.46138 3.94800 
39.47160 3.94900 
39.48182 3.95000 
39.49204 3.95100 
39.50227 3.95200 
39.51249 3.95300 
39.52271 3.95400 
39.53293 3.95500 
39.54315 3.95600 
39.55337 3.95700 
39.56359 3.95800 
39.57381 3.95900 
39.58403 3.96000 
39.59426 3.96100 
39.60448 3.96200 
39.61470 3.96300 
39.62492 3.96400 
39.63514 3.96500 
39.64536 3.96600 
39.65558 3.96700 
39.66580 3.96800 
39.67602 3.96900 
39.68625 3.97000 
39.69647 3.97100 
39.70669 3.97200 
39.71691 3.97300 
39.72713 3.97400 
39.73735 3.97500 
39.74757 3.97600 
39.75779 3.97700 
39.76801 3.97800 
39.77823 3.97900 
39.78846 3.98000 
39.79868 3.98100 
39.80890 3.98200 
39.81912 3.98300 
39.82934 3.98400 
39.83956 3.98500 
39.84978 3.98600 
39.86000 3.98700 
39.87022 3.98800 
39.88045 3.98900 
39.89067 3.99000 
39.90089 3.99100 
39.91111 3.99200 
39.92133 3.99300 
39.93155 3.99400 
39.94177 3.99500 
39.95199 3.99600 
39.96221 3.99700 
39.97243 3.99800 
39.98266 3.99900 
39.99288 4.00000 
40.00310 4.00100 
40.01332 4.00200 
40.02354 4.00300 
40.03376 4.00400 
40.04398 4.00500 
40.05420 4.00600 
40.06442 4.00700 
40.07465 4.00800 
40.08487 4.00900 
40.09509 4.01000 
40.10531 4.01100 
40.11553 4.01200 
40.12575 4.01300 
40.13597 4.01400 
40.14619 4.01500 
40.15641 4.01600 
40.16663 4.01700 
40.17686 4.01800 
40.18708 4.01900 
40.19730 4.02000 
40.20752 4.02100 
40.21774 4.02200 
40.22796 4.02300 
40.23818 4.02400 
40.24840 4.02500 
40.25862 4.02600 
40.26885 4.02700 
40.27907 4.02800 
40.28929 4.02900 
40.29951 4.03000 
40.30973 4.03100 
40.31995 4.03200 
40.33017 4.03300 
40.34039 4.03400 
40.35061 4.03500 
40.36083 4.03600 
40.37106 4.03700 
40.38128 4.03800 
40.39150 4.03900 
40.40172 4.04000 
40.41194 4.04100 
40.42216 4.04200 
40.43238 4.04300 
40.44260 4.04400 
40.45282 4.04500 
40.46305 4.04600 
40.47327 4.04700 
40.48349 4.04800 
40.49371 4.04900 
40.50393 4.05000 
40.51415 4.05100 
40.52437 4.05200 
40.53459 4.05300 
40.54481 4.05400 
40.55504 4.05500 
40.56526 4.05600 
40.57548 4.05700 
40.58570 4.05800 
40.59592 4.05900 
40.60614 4.06000 
40.61636 4.06100 
40.62658 4.06200 
40.63680 4.06300 
40.64702 4.06400 
40.65725 4.06500 
40.66747 4.06600 
40.67769 4.06700 
40.68791 4.06800 
40.69813 4.06900 
40.70835 4.07000 
40.71857 4.07100 
40.72879 4.07200 
40.73901 4.07300 
40.74924 4.07400 
40.75946 4.07500 
40.76968 4.07600 
40.77990 4.07700 
40.79012 4.07800 
40.80034 4.07900 
40.81056 4.08000 
40.82078 4.08100 
40.83100 4.08200 
40.84122 4.08300 
40.85145 4.08400 
40.86167 4.08500 
40.87189 4.08600 
40.88211 4.08700 
40.89233 4.08800 
40.90255 4.08900 
40.91277 4.09000 
40.92299 4.09100 
40.93321 4.09200 
40.94344 4.09300 
40.95366 4.09400 
40.96388 4.09500 
40.97410 4.09600 
40.98432 4.09700 
40.99454 4.09800 
41.00476 4.09900 
41.01498 4.10000 
41.02520 4.10100 
41.03542 4.10200 
41.04565 4.10300 
41.05587 4.10400 
41.06609 4.10500 
41.07631 4.10600 
41.08653 4.10700 
41.09675 4.10800 
41.10697 4.10900 
41.11719 4.11000 
41.12741 4.11100 
41.13764 4.11200 
41.14786 4.11300 
41.15808 4.11400 
41.16830 4.11500 
41.17852 4.11600 
41.18874 4.11700 
41.19896 4.11800 
41.20918 4.11900 
41.21940 4.12000 
41.22962 4.12100 
41.23985 4.12200 
41.25007 4.12300 
41.26029 4.12400 
41.27051 4.12500 
41.28073 4.12600 
41.29095 4.12700 
41.30117 4.12800 
41.31139 4.12900 
41.32161 4.13000 
41.33184 4.13100 
41.34206 4.13200 
41.35228 4.13300 
41.36250 4.13400 
41.37272 4.13500 
41.38294 4.13600 
41.39316 4.13700 
41.40338 4.13800 
41.41360 4.13900 
41.42383 4.14000 
41.43405 4.14100 
41.44427 4.14200 
41.45449 4.14300 
41.46471 4.14400 
41.47493 4.14500 
41.48515 4.14600 
41.49537 4.14700 
41.50559 4.14800 
41.51581 4.14900 
41.52604 4.15000 
41.53626 4.15100 
41.54648 4.15200 
41.55670 4.15300 
41.56692 4.15400 
41.57714 4.15500 
41.58736 4.15600 
41.59758 4.15700 
41.60780 4.15800 
41.61803 4.15900 
41.62825 4.16000 
41.63847 4.16100 
41.64869 4.16200 
41.65891 4.16300 
41.66913 4.16400 
41.67935 4.16500 
41.68957 4.16600 
41.69979 4.16700 
41.71001 4.16800 
41.72024 4.16900 
41.73046 4.17000 
41.74068 4.17100 
41.75090 4.17200 
41.76112 4.17300 
41.77134 4.17400 
41.78156 4.17500 
41.79178 4.17600 
41.80200 4.17700 
41.81223 4.17800 
41.82245 4.17900 
41.83267 4.18000 
41.84289 4.18100 
41.85311 4.18200 
41.86333 4.18300 
41.87355 4.18400 
41.88377 4.18500 
41.89399 4.18600 
41.90421 4.18700 
41.91444 4.18800 
41.92466 4.18900 
41.93488 4.19000 
41.94510 4.19100 
41.95532 4.19200 
41.96554 4.19300 
41.97576 4.19400 
41.98598 4.19500 
41.99620 4.19600 
42.00643 4.19700 
42.01665 4.19800 
42.02687 4.19900 
42.03709 4.20000 
42.04731 4.20100 
42.05753 4.20200 
42.06775 4.20300 
42.07797 4.20400 
42.08819 4.20500 
42.09841 4.20600 
42.10864 4.20700 
42.11886 4.20800 
42.12908 4.20900 
42.13930 4.21000 
42.14952 4.21100 
42.15974 4.21200 
42.16996 4.21300 
42.18018 4.21400 
42.19040 4.21500 
42.20063 4.21600 
42.21085 4.21700 
42.22107 4.21800 
42.23129 4.21900 
42.24151 4.22000 
42.25173 4.22100 
42.26195 4.22200 
42.27217 4.22300 
42.28239 4.22400 
42.29262 4.22500 
42.30284 4.22600 
42.31306 4.22700 
42.32328 4.22800 
42.33350 4.22900 
42.34372 4.23000 
42.35394 4.23100 
42.36416 4.23200 
42.37438 4.23300 
42.38460 4.23400 
42.39483 4.23500 
42.40505 4.23600 
42.41527 4.23700 
42.42549 4.23800 
42.43571 4.23900 
42.44593 4.24000 
42.45615 4.24100 
42.46637 4.24200 
42.47659 4.24300 
42.48682 4.24400 
42.49704 4.24500 
42.50726 4.24600 
42.51748 4.24700 
42.52770 4.24800 
42.53792 4.24900 
42.54814 4.25000 
42.55836 4.25100 
42.56858 4.25200 
42.57880 4.25300 
42.58903 4.25400 
42.59925 4.25500 
42.60947 4.25600 
42.61969 4.25700 
42.62991 4.25800 
42.64013 4.25900 
42.65035 4.26000 
42.66057 4.26100 
42.67079 4.26200 
42.68102 4.26300 
42.69124 4.26400 
42.70146 4.26500 
42.71168 4.26600 
42.72190 4.26700 
42.73212 4.26800 
42.74234 4.26900 
42.75256 4.27000 
42.76278 4.27100 
42.77300 4.27200 
42.78323 4.27300 
42.79345 4.27400 
42.80367 4.27500 
42.81389 4.27600 
42.82411 4.27700 
42.83433 4.27800 
42.84455 4.27900 
42.85477 4.28000 
42.86499 4.28100 
42.87522 4.28200 
42.88544 4.28300 
42.89566 4.28400 
42.90588 4.28500 
42.91610 4.28600 
42.92632 4.28700 
42.93654 4.28800 
42.94676 4.28900 
42.95698 4.29000 
42.96720 4.29100 
42.97743 4.29200 
42.98765 4.29300 
42.99787 4.29400 
43.00809 4.29500 
43.01831 4.29600 
43.02853 4.29700 
43.03875 4.29800 
43.04897 4.29900 
43.05919 4.30000 
43.06942 4.30100 
43.07964 4.30200 
43.08986 4.30300 
43.10008 4.30400 
43.11030 4.30500 
43.12052 4.30600 
43.13074 4.30700 
43.14096 4.30800 
43.15118 4.30900 
43.16141 4.31000 
43.17163 4.31100 
43.18185 4.31200 
43.19207 4.31300 
43.20229 4.31400 
43.21251 4.31500 
43.22273 4.31600 
43.23295 4.31700 
43.24317 4.31800 
43.25339 4.31900 
43.26362 4.32000 
43.27384 4.32100 
43.28406 4.32200 
43.29428 4.32300 
43.30450 4.32400 
43.31472 4.32500 
43.32494 4.32600 
43.33516 4.32700 
43.34538 4.32800 
43.35561 4.32900 
43.36583 4.33000 
43.37605 4.33100 
43.38627 4.33200 
43.39649 4.33300 
43.40671 4.33400 
43.41693 4.33500 
43.42715 4.33600 
43.43737 4.33700 
43.44759 4.33800 
43.45782 4.33900 
43.46804 4.34000 
43.47826 4.34100 
43.48848 4.34200 
43.49870 4.34300 
43.50892 4.34400 
43.51914 4.34500 
43.52936 4.34600 
43.53958 4.34700 
43.54981 4.34800 
43.56003 4.34900 
43.57025 4.35000 
43.58047 4.35100 
43.59069 4.35200 
43.60091 4.35300 
43.61113 4.35400 
43.62135 4.35500 
43.63157 4.35600 
43.64179 4.35700 
43.65202 4.35800 
43.66224 4.35900 
43.67246 4.36000 
43.68268 4.36100 
43.69290 4.36200 
43.70312 4.36300 
43.71334 4.36400 
43.72356 4.36500 
43.73378 4.36600 
43.74401 4.36700 
43.75423 4.36800 
43.76445 4.36900 
43.77467 4.37000 
43.78489 4.37100 
43.79511 4.37200 
43.80533 4.37300 
43.81555 4.37400 
43.82577 4.37500 
43.83599 4.37600 
43.84622 4.37700 
43.85644 4.37800 
43.86666 4.37900 
43.87688 4.38000 
43.88710 4.38100 
43.89732 4.38200 
43.90754 4.38300 
43.91776 4.38400 
43.92798 4.38500 
43.93821 4.38600 
43.94843 4.38700 
43.95865 4.38800 
43.96887 4.38900 
43.97909 4.39000 
43.98931 4.39100 
43.99953 4.39200 
44.00975 4.39300 
44.01997 4.39400 
44.03019 4.39500 
44.04042 4.39600 
44.05064 4.39700 
44.06086 4.39800 
44.07108 4.39900 
44.08130 4.40000 
44.09152 4.40100 
44.10174 4.40200 
44.11196 4.40300 
44.12218 4.40400 
44.13241 4.40500 
44.14263 4.40600 
44.15285 4.40700 
44.16307 4.40800 
44.17329 4.40900 
44.18351 4.41000 
44.19373 4.41100 
44.20395 4.41200 
44.21417 4.41300 
44.22440 4.41400 
44.23462 4.41500 
44.24484 4.41600 
44.25506 4.41700 
44.26528 4.41800 
44.27550 4.41900 
44.28572 4.42000 
44.29594 4.42100 
44.30616 4.42200 
44.31638 4.42300 
44.32661 4.42400 
44.33683 4.42500 
44.34705 4.42600 
44.35727 4.42700 
44.36749 4.42800 
44.37771 4.42900 
44.38793 4.43000 
44.39815 4.43100 
44.40837 4.43200 
44.41860 4.43300 
44.42882 4.43400 
44.43904 4.43500 
44.44926 4.43600 
44.45948 4.43700 
44.46970 4.43800 
44.47992 4.43900 
44.49014 4.44000 
44.50036 4.44100 
44.51058 4.44200 
44.52081 4.44300 
44.53103 4.44400 
44.54125 4.44500 
44.55147 4.44600 
44.56169 4.44700 
44.57191 4.44800 
44.58213 4.44900 
44.59235 4.45000 
44.60257 4.45100 
44.61280 4.45200 
44.62302 4.45300 
44.63324 4.45400 
44.64346 4.45500 
44.65368 4.45600 
44.66390 4.45700 
44.67412 4.45800 
44.68434 4.45900 
44.69456 4.46000 
44.70478 4.46100 
44.71501 4.46200 
44.72523 4.46300 
44.73545 4.46400 
44.74567 4.46500 
44.75589 4.46600 
44.76611 4.46700 
44.77633 4.46800 
44.78655 4.46900 
44.79677 4.47000 
44.80700 4.47100 
44.81722 4.47200 
44.82744 4.47300 
44.83766 4.47400 
44.84788 4.47500 
44.85810 4.47600 
44.86832 4.47700 
44.87854 4.47800 
44.88876 4.47900 
44.89898 4.48000 
44.90921 4.48100 
44.91943 4.48200 
44.92965 4.48300 
44.93987 4.48400 
44.95009 4.48500 
44.96031 4.48600 
44.97053 4.48700 
44.98075 4.48800 
44.99097 4.48900 
45.00120 4.49000 
45.01142 4.49100 
45.02164 4.49200 
45.03186 4.49300 
45.04208 4.49400 
45.05230 4.49500 
45.06252 4.49600 
45.07274 4.49700 
45.08296 4.49800 
45.09319 4.49900 
45.10341 4.50000 
45.11363 4.50100 
45.12385 4.50200 
45.13407 4.50300 
45.14429 4.50400 
45.15451 4.50500 
45.16473 4.50600 
45.17495 4.50700 
45.18517 4.50800 
45.19540 4.50900 
45.20562 4.51000 
45.21584 4.51100 
45.22606 4.51200 
45.23628 4.51300 
45.24650 4.51400 
45.25672 4.51500 
45.26694 4.51600 
45.27716 4.51700 
45.28739 4.51800 
45.29761 4.51900 
45.30783 4.52000 
45.31805 4.52100 
45.32827 4.52200 
45.33849 4.52300 
45.34871 4.52400 
45.35893 4.52500 
45.36915 4.52600 
45.37937 4.52700 
45.38960 4.52800 
45.39982 4.52900 
45.41004 4.53000 
45.42026 4.53100 
45.43048 4.53200 
45.44070 4.53300 
45.45092 4.53400 
45.46114 4.53500 
45.47136 4.53600 
45.48159 4.53700 
45.49181 4.53800 
45.50203 4.53900 
45.51225 4.54000 
45.52247 4.54100 
45.53269 4.54200 
45.54291 4.54300 
45.55313 4.54400 
45.56335 4.54500 
45.57357 4.54600 
45.58380 4.54700 
45.59402 4.54800 
45.60424 4.54900 
45.61446 4.55000 
45.62468 4.55100 
45.63490 4.55200 
45.64512 4.55300 
45.65534 4.55400 
45.66556 4.55500 
45.67579 4.55600 
45.68601 4.55700 
45.69623 4.55800 
45.70645 4.55900 
45.71667 4.56000 
45.72689 4.56100 
45.73711 4.56200 
45.74733 4.56300 
45.75755 4.56400 
45.76777 4.56500 
45.77800 4.56600 
45.78822 4.56700 
45.79844 4.56800 
45.80866 4.56900 
45.81888 4.57000 
45.82910 4.57100 
45.83932 4.57200 
45.84954 4.57300 
45.85976 4.57400 
45.86999 4.57500 
45.88021 4.57600 
45.89043 4.57700 
45.90065 4.57800 
45.91087 4.57900 
45.92109 4.58000 
45.93131 4.58100 
45.94153 4.58200 
45.95175 4.58300 
45.96198 4.58400 
45.97220 4.58500 
45.98242 4.58600 
45.99264 4.58700 
46.00286 4.58800 
46.01308 4.58900 
46.02330 4.59000 
46.03352 4.59100 
46.04374 4.59200 
46.05396 4.59300 
46.06419 4.59400 
46.07441 4.59500 
46.08463 4.59600 
46.09485 4.59700 
46.10507 4.59800 
46.11529 4.59900 
46.12551 4.60000 
46.13573 4.60100 
46.14595 4.60200 
46.15618 4.60300 
46.16640 4.60400 
46.17662 4.60500 
46.18684 4.60600 
46.19706 4.60700 
46.20728 4.60800 
46.21750 4.60900 
46.22772 4.61000 
46.23794 4.61100 
46.24816 4.61200 
46.25839 4.61300 
46.26861 4.61400 
46.27883 4.61500 
46.28905 4.61600 
46.29927 4.61700 
46.30949 4.61800 
46.31971 4.61900 
46.32993 4.62000 
46.34015 4.62100 
46.35038 4.62200 
46.36060 4.62300 
46.37082 4.62400 
46.38104 4.62500 
46.39126 4.62600 
46.40148 4.62700 
46.41170 4.62800 
46.42192 4.62900 
46.43214 4.63000 
46.44236 4.63100 
46.45259 4.63200 
46.46281 4.63300 
46.47303 4.63400 
46.48325 4.63500 
46.49347 4.63600 
46.50369 4.63700 
46.51391 4.63800 
46.52413 4.63900 
46.53435 4.64000 
46.54458 4.64100 
46.55480 4.64200 
46.56502 4.64300 
46.57524 4.64400 
46.58546 4.64500 
46.59568 4.64600 
46.60590 4.64700 
46.61612 4.64800 
46.62634 4.64900 
46.63656 4.65000 
46.64679 4.65100 
46.65701 4.65200 
46.66723 4.65300 
46.67745 4.65400 
46.68767 4.65500 
46.69789 4.65600 
46.70811 4.65700 
46.71833 4.65800 
46.72855 4.65900 
46.73878 4.66000 
46.74900 4.66100 
46.75922 4.66200 
46.76944 4.66300 
46.77966 4.66400 
46.78988 4.66500 
46.80010 4.66600 
46.81032 4.66700 
46.82054 4.66800 
46.83077 4.66900 
46.84099 4.67000 
46.85121 4.67100 
46.86143 4.67200 
46.87165 4.67300 
46.88187 4.67400 
46.89209 4.67500 
46.90231 4.67600 
46.91253 4.67700 
46.92275 4.67800 
46.93298 4.67900 
46.94320 4.68000 
46.95342 4.68100 
46.96364 4.68200 
46.97386 4.68300 
46.98408 4.68400 
46.99430 4.68500 
47.00452 4.68600 
47.01474 4.68700 
47.02497 4.68800 
47.03519 4.68900 
47.04541 4.69000 
47.05563 4.69100 
47.06585 4.69200 
47.07607 4.69300 
47.08629 4.69400 
47.09651 4.69500 
47.10673 4.69600 
47.11695 4.69700 
47.12718 4.69800 
47.13740 4.69900 
47.14762 4.70000 
47.15784 4.70100 
47.16806 4.70200 
47.17828 4.70300 
47.18850 4.70400 
47.19872 4.70500 
47.20894 4.70600 
47.21917 4.70700 
47.22939 4.70800 
47.23961 4.70900 
47.24983 4.71000 
47.26005 4.71100 
47.27027 4.71200 
47.28049 4.71300 
47.29071 4.71400 
47.30093 4.71500 
47.31115 4.71600 
47.32138 4.71700 
47.33160 4.71800 
47.34182 4.71900 
47.35204 4.72000 
47.36226 4.72100 
47.37248 4.72200 
47.38270 4.72300 
47.39292 4.72400 
47.40314 4.72500 
47.41337 4.72600 
47.42359 4.72700 
47.43381 4.72800 
47.44403 4.72900 
47.45425 4.73000 
47.46447 4.73100 
47.47469 4.73200 
47.48491 4.73300 
47.49513 4.73400 
47.50535 4.73500 
47.51558 4.73600 
47.52580 4.73700 
47.53602 4.73800 
47.54624 4.73900 
47.55646 4.74000 
47.56668 4.74100 
47.57690 4.74200 
47.58712 4.74300 
47.59734 4.74400 
47.60757 4.74500 
47.61779 4.74600 
47.62801 4.74700 
47.63823 4.74800 
47.64845 4.74900 
47.65867 4.75000 
47.66889 4.75100 
47.67911 4.75200 
47.68933 4.75300 
47.69956 4.75400 
47.70978 4.75500 
47.72000 4.75600 
47.73022 4.75700 
47.74044 4.75800 
47.75066 4.75900 
47.76088 4.76000 
47.77110 4.76100 
47.78132 4.76200 
47.79154 4.76300 
47.80177 4.76400 
47.81199 4.76500 
47.82221 4.76600 
47.83243 4.76700 
47.84265 4.76800 
47.85287 4.76900 
47.86309 4.77000 
47.87331 4.77100 
47.88353 4.77200 
47.89376 4.77300 
47.90398 4.77400 
47.91420 4.77500 
47.92442 4.77600 
47.93464 4.77700 
47.94486 4.77800 
47.95508 4.77900 
47.96530 4.78000 
47.97552 4.78100 
47.98574 4.78200 
47.99597 4.78300 
48.00619 4.78400 
48.01641 4.78500 
48.02663 4.78600 
48.03685 4.78700 
48.04707 4.78800 
48.05729 4.78900 
48.06751 4.79000 
48.07773 4.79100 
48.08796 4.79200 
48.09818 4.79300 
48.10840 4.79400 
48.11862 4.79500 
48.12884 4.79600 
48.13906 4.79700 
48.14928 4.79800 
48.15950 4.79900 
48.16972 4.80000 
48.17994 4.80100 
48.19017 4.80200 
48.20039 4.80300 
48.21061 4.80400 
48.22083 4.80500 
48.23105 4.80600 
48.24127 4.80700 
48.25149 4.80800 
48.26171 4.80900 
48.27193 4.81000 
48.28216 4.81100 
48.29238 4.81200 
48.30260 4.81300 
48.31282 4.81400 
48.32304 4.81500 
48.33326 4.81600 
48.34348 4.81700 
48.35370 4.81800 
48.36392 4.81900 
48.37414 4.82000 
48.38437 4.82100 
48.39459 4.82200 
48.40481 4.82300 
48.41503 4.82400 
48.42525 4.82500 
48.43547 4.82600 
48.44569 4.82700 
48.45591 4.82800 
48.46613 4.82900 
48.47636 4.83000 
48.48658 4.83100 
48.49680 4.83200 
48.50702 4.83300 
48.51724 4.83400 
48.52746 4.83500 
48.53768 4.83600 
48.54790 4.83700 
48.55812 4.83800 
48.56835 4.83900 
48.57857 4.84000 
48.58879 4.84100 
48.59901 4.84200 
48.60923 4.84300 
48.61945 4.84400 
48.62967 4.84500 
48.63989 4.84600 
48.65011 4.84700 
48.66033 4.84800 
48.67056 4.84900 
48.68078 4.85000 
48.69100 4.85100 
48.70122 4.85200 
48.71144 4.85300 
48.72166 4.85400 
48.73188 4.85500 
48.74210 4.85600 
48.75232 4.85700 
48.76255 4.85800 
48.77277 4.85900 
48.78299 4.86000 
48.79321 4.86100 
48.80343 4.86200 
48.81365 4.86300 
48.82387 4.86400 
48.83409 4.86500 
48.84431 4.86600 
48.85453 4.86700 
48.86476 4.86800 
48.87498 4.86900 
48.88520 4.87000 
48.89542 4.87100 
48.90564 4.87200 
48.91586 4.87300 
48.92608 4.87400 
48.93630 4.87500 
48.94652 4.87600 
48.95675 4.87700 
48.96697 4.87800 
48.97719 4.87900 
48.98741 4.88000 
48.99763 4.88100 
49.00785 4.88200 
49.01807 4.88300 
49.02829 4.88400 
49.03851 4.88500 
49.04873 4.88600 
49.05896 4.88700 
49.06918 4.88800 
49.07940 4.88900 
49.08962 4.89000 
49.09984 4.89100 
49.11006 4.89200 
49.12028 4.89300 
49.13050 4.89400 
49.14072 4.89500 
49.15095 4.89600 
49.16117 4.89700 
49.17139 4.89800 
49.18161 4.89900 
49.19183 4.90000 
49.20205 4.90100 
49.21227 4.90200 
49.22249 4.90300 
49.23271 4.90400 
49.24293 4.90500 
49.25316 4.90600 
49.26338 4.90700 
49.27360 4.90800 
49.28382 4.90900 
49.29404 4.91000 
49.30426 4.91100 
49.31448 4.91200 
49.32470 4.91300 
49.33492 4.91400 
49.34515 4.91500 
49.35537 4.91600 
49.36559 4.91700 
49.37581 4.91800 
49.38603 4.91900 
49.39625 4.92000 
49.40647 4.92100 
49.41669 4.92200 
49.42691 4.92300 
49.43714 4.92400 
49.44736 4.92500 
49.45758 4.92600 
49.46780 4.92700 
49.47802 4.92800 
49.48824 4.92900 
49.49846 4.93000 
49.50868 4.93100 
49.51890 4.93200 
49.52912 4.93300 
49.53935 4.93400 
49.54957 4.93500 
49.55979 4.93600 
49.57001 4.93700 
49.58023 4.93800 
49.59045 4.93900 
49.60067 4.94000 
49.61089 4.94100 
49.62111 4.94200 
49.63134 4.94300 
49.64156 4.94400 
49.65178 4.94500 
49.66200 4.94600 
49.67222 4.94700 
49.68244 4.94800 
49.69266 4.94900 
49.70288 4.95000 
49.71310 4.95100 
49.72332 4.95200 
49.73355 4.95300 
49.74377 4.95400 
49.75399 4.95500 
49.76421 4.95600 
49.77443 4.95700 
49.78465 4.95800 
49.79487 4.95900 
49.80509 4.96000 
49.81531 4.96100 
49.82554 4.96200 
49.83576 4.96300 
49.84598 4.96400 
49.85620 4.96500 
49.86642 4.96600 
49.87664 4.96700 
49.88686 4.96800 
49.89708 4.96900 
49.90730 4.97000 
49.91752 4.97100 
49.92775 4.97200 
49.93797 4.97300 
49.94819 4.97400 
49.95841 4.97500 
49.96863 4.97600 
49.97885 4.97700 
49.98907 4.97800 
49.99929 4.97900 
50.00951 4.98000 
50.01974 4.98100 
50.02996 4.98200 
50.04018 4.98300 
50.05040 4.98400 
50.06062 4.98500 
50.07084 4.98600 
50.08106 4.98700 
50.09128 4.98800 
50.10150 4.98900 
50.11172 4.99000 
50.12195 4.99100 
50.13217 4.99200 
50.14239 4.99300 
50.15261 4.99400 
50.16283 4.99500 
50.17305 4.99600 
50.18327 4.99700 
50.19349 4.99800 
50.20371 4.99900 
