0.00000 0.00000 
0.15070 0.00100 
0.29968 0.00200 
0.44696 0.00300 
0.59256 0.00400 
0.73649 0.00500 
0.87879 0.00600 
1.01947 0.00700 
1.15854 0.00800 
1.29602 0.00900 
1.43194 0.01000 
1.56631 0.01100 
1.69914 0.01200 
1.83047 0.01300 
1.96029 0.01400 
2.08863 0.01500 
2.21551 0.01600 
2.34094 0.01700 
2.46494 0.01800 
2.58753 0.01900 
2.70872 0.02000 
2.82853 0.02100 
2.94697 0.02200 
3.06406 0.02300 
3.17982 0.02400 
3.29426 0.02500 
3.40739 0.02600 
3.51923 0.02700 
3.62979 0.02800 
3.73910 0.02900 
3.84716 0.03000 
3.95399 0.03100 
4.05960 0.03200 
4.16401 0.03300 
4.26723 0.03400 
4.36926 0.03500 
4.47014 0.03600 
4.56987 0.03700 
4.66846 0.03800 
4.76592 0.03900 
4.86227 0.04000 
4.95753 0.04100 
5.05170 0.04200 
5.14479 0.04300 
5.23682 0.04400 
5.32781 0.04500 
5.41775 0.04600 
5.50667 0.04700 
5.59458 0.04800 
5.68149 0.04900 
5.76740 0.05000 
5.85233 0.05100 
5.93630 0.05200 
6.01931 0.05300 
6.10137 0.05400 
6.18250 0.05500 
6.26270 0.05600 
6.34198 0.05700 
6.42037 0.05800 
6.49785 0.05900 
6.57446 0.06000 
6.65019 0.06100 
6.72506 0.06200 
6.79907 0.06300 
6.87224 0.06400 
6.94458 0.06500 
7.01609 0.06600 
7.08679 0.06700 
7.15668 0.06800 
7.22577 0.06900 
7.29408 0.07000 
7.36160 0.07100 
7.42836 0.07200 
7.49435 0.07300 
7.55960 0.07400 
7.62409 0.07500 
7.68786 0.07600 
7.75089 0.07700 
7.81321 0.07800 
7.87482 0.07900 
7.93572 0.08000 
7.99593 0.08100 
8.05546 0.08200 
8.11430 0.08300 
8.17247 0.08400 
8.22998 0.08500 
8.28684 0.08600 
8.34305 0.08700 
8.39861 0.08800 
8.45354 0.08900 
8.50785 0.09000 
8.56154 0.09100 
8.61461 0.09200 
8.66708 0.09300 
8.71895 0.09400 
8.77023 0.09500 
8.82092 0.09600 
8.87104 0.09700 
8.92058 0.09800 
8.96957 0.09900 
9.01799 0.10000 
9.06586 0.10100 
9.11318 0.10200 
9.15996 0.10300 
9.20622 0.10400 
9.25194 0.10500 
9.29714 0.10600 
9.34183 0.10700 
9.38600 0.10800 
9.42968 0.10900 
9.47285 0.11000 
9.51554 0.11100 
9.55773 0.11200 
9.59945 0.11300 
9.64069 0.11400 
9.68146 0.11500 
9.72176 0.11600 
9.76161 0.11700 
9.80100 0.11800 
9.83994 0.11900 
9.87844 0.12000 
9.91650 0.12100 
9.95412 0.12200 
9.99132 0.12300 
10.02809 0.12400 
10.06444 0.12500 
10.10038 0.12600 
10.13591 0.12700 
10.17103 0.12800 
10.20576 0.12900 
10.24008 0.13000 
10.27402 0.13100 
10.30757 0.13200 
10.34074 0.13300 
10.37352 0.13400 
10.40594 0.13500 
10.43798 0.13600 
10.46966 0.13700 
10.50098 0.13800 
10.53194 0.13900 
10.56255 0.14000 
10.59281 0.14100 
10.62273 0.14200 
10.65230 0.14300 
10.68154 0.14400 
10.71044 0.14500 
10.73902 0.14600 
10.76726 0.14700 
10.79519 0.14800 
10.82280 0.14900 
10.85009 0.15000 
10.87707 0.15100 
10.90375 0.15200 
10.93012 0.15300 
10.95619 0.15400 
10.98196 0.15500 
11.00744 0.15600 
11.03262 0.15700 
11.05752 0.15800 
11.08214 0.15900 
11.10648 0.16000 
11.13054 0.16100 
11.15432 0.16200 
11.17783 0.16300 
11.20108 0.16400 
11.22406 0.16500 
11.24678 0.16600 
11.26924 0.16700 
11.29144 0.16800 
11.31339 0.16900 
11.33509 0.17000 
11.35654 0.17100 
11.37775 0.17200 
11.39872 0.17300 
11.41944 0.17400 
11.43994 0.17500 
11.46019 0.17600 
11.48022 0.17700 
11.50002 0.17800 
11.51959 0.17900 
11.53894 0.18000 
11.55807 0.18100 
11.57698 0.18200 
11.59567 0.18300 
11.61415 0.18400 
11.63243 0.18500 
11.65049 0.18600 
11.66834 0.18700 
11.68600 0.18800 
11.70345 0.18900 
11.72070 0.19000 
11.73776 0.19100 
11.75462 0.19200 
11.77129 0.19300 
11.78777 0.19400 
11.80406 0.19500 
11.82017 0.19600 
11.83609 0.19700 
11.85183 0.19800 
11.86739 0.19900 
11.88278 0.20000 
11.89799 0.20100 
11.91302 0.20200 
11.92789 0.20300 
11.94258 0.20400 
11.95711 0.20500 
11.97147 0.20600 
11.98567 0.20700 
11.99970 0.20800 
12.01357 0.20900 
12.02728 0.21000 
12.04083 0.21100 
12.05423 0.21200 
12.06747 0.21300 
12.08056 0.21400 
12.09351 0.21500 
12.10631 0.21600 
12.11896 0.21700 
12.13147 0.21800 
12.14383 0.21900 
12.15606 0.22000 
12.16814 0.22100 
12.18009 0.22200 
12.19190 0.22300 
12.20358 0.22400 
12.21512 0.22500 
12.22654 0.22600 
12.23782 0.22700 
12.24898 0.22800 
12.26000 0.22900 
12.27091 0.23000 
12.28168 0.23100 
12.29234 0.23200 
12.30287 0.23300 
12.31329 0.23400 
12.32358 0.23500 
12.33376 0.23600 
12.34382 0.23700 
12.35377 0.23800 
12.36361 0.23900 
12.37333 0.24000 
12.38294 0.24100 
12.39244 0.24200 
12.40184 0.24300 
12.41113 0.24400 
12.42031 0.24500 
12.42939 0.24600 
12.43836 0.24700 
12.44723 0.24800 
12.45600 0.24900 
12.46467 0.25000 
12.47324 0.25100 
12.48172 0.25200 
12.49010 0.25300 
12.49838 0.25400 
12.50657 0.25500 
12.51466 0.25600 
12.52267 0.25700 
12.53058 0.25800 
12.53840 0.25900 
12.54613 0.26000 
12.55378 0.26100 
12.56134 0.26200 
12.56881 0.26300 
12.57619 0.26400 
12.58350 0.26500 
12.59072 0.26600 
12.59785 0.26700 
12.60491 0.26800 
12.61188 0.26900 
12.61878 0.27000 
12.62560 0.27100 
12.63234 0.27200 
12.63900 0.27300 
12.64559 0.27400 
12.65210 0.27500 
12.65854 0.27600 
12.66490 0.27700 
12.67120 0.27800 
12.67742 0.27900 
12.68357 0.28000 
12.68965 0.28100 
12.69566 0.28200 
12.70160 0.28300 
12.70747 0.28400 
12.71328 0.28500 
12.71902 0.28600 
12.72470 0.28700 
12.73031 0.28800 
12.73586 0.28900 
12.74134 0.29000 
12.74676 0.29100 
12.75213 0.29200 
12.75742 0.29300 
12.76266 0.29400 
12.76784 0.29500 
12.77296 0.29600 
12.77802 0.29700 
12.78303 0.29800 
12.78798 0.29900 
12.79287 0.30000 
12.79770 0.30100 
12.80248 0.30200 
12.80721 0.30300 
12.81188 0.30400 
12.81650 0.30500 
12.82107 0.30600 
12.82559 0.30700 
12.83005 0.30800 
12.83446 0.30900 
12.83883 0.31000 
12.84314 0.31100 
12.84740 0.31200 
12.85162 0.31300 
12.85579 0.31400 
12.85991 0.31500 
12.86398 0.31600 
12.86801 0.31700 
12.87199 0.31800 
12.87592 0.31900 
12.87981 0.32000 
12.88366 0.32100 
12.88746 0.32200 
12.89122 0.32300 
12.89493 0.32400 
12.89861 0.32500 
12.90224 0.32600 
12.90583 0.32700 
12.90938 0.32800 
12.91289 0.32900 
12.91636 0.33000 
12.91978 0.33100 
12.92317 0.33200 
12.92653 0.33300 
12.92984 0.33400 
12.93311 0.33500 
12.93635 0.33600 
12.93955 0.33700 
12.94272 0.33800 
12.94585 0.33900 
12.94894 0.34000 
12.95200 0.34100 
12.95502 0.34200 
12.95801 0.34300 
12.96096 0.34400 
12.96388 0.34500 
12.96677 0.34600 
12.96963 0.34700 
12.97245 0.34800 
12.97524 0.34900 
12.97799 0.35000 
12.98072 0.35100 
12.98342 0.35200 
12.98608 0.35300 
12.98872 0.35400 
12.99132 0.35500 
12.99389 0.35600 
12.99644 0.35700 
12.99896 0.35800 
13.00144 0.35900 
13.00390 0.36000 
13.00633 0.36100 
13.00874 0.36200 
13.01111 0.36300 
13.01346 0.36400 
13.01578 0.36500 
13.01808 0.36600 
13.02035 0.36700 
13.02260 0.36800 
13.02482 0.36900 
13.02701 0.37000 
13.02918 0.37100 
13.03132 0.37200 
13.03344 0.37300 
13.03554 0.37400 
13.03761 0.37500 
13.03966 0.37600 
13.04168 0.37700 
13.04368 0.37800 
13.04566 0.37900 
13.04762 0.38000 
13.04955 0.38100 
13.05146 0.38200 
13.05335 0.38300 
13.05522 0.38400 
13.05707 0.38500 
13.05890 0.38600 
13.06070 0.38700 
13.06249 0.38800 
13.06425 0.38900 
13.06600 0.39000 
13.06772 0.39100 
13.06943 0.39200 
13.07111 0.39300 
13.07278 0.39400 
13.07443 0.39500 
13.07605 0.39600 
13.07766 0.39700 
13.07926 0.39800 
13.08083 0.39900 
13.08239 0.40000 
13.08392 0.40100 
13.08544 0.40200 
13.08695 0.40300 
13.08843 0.40400 
13.08990 0.40500 
13.09135 0.40600 
13.09279 0.40700 
13.09421 0.40800 
13.09561 0.40900 
13.09700 0.41000 
13.09837 0.41100 
13.09973 0.41200 
13.10107 0.41300 
13.10239 0.41400 
13.10370 0.41500 
13.10500 0.41600 
13.10628 0.41700 
13.10754 0.41800 
13.10879 0.41900 
13.11003 0.42000 
13.11125 0.42100 
13.11246 0.42200 
13.11366 0.42300 
13.11484 0.42400 
13.11601 0.42500 
13.11716 0.42600 
13.11831 0.42700 
13.11943 0.42800 
13.12055 0.42900 
13.12165 0.43000 
13.12274 0.43100 
13.12382 0.43200 
13.12489 0.43300 
13.12594 0.43400 
13.12698 0.43500 
13.12801 0.43600 
13.12903 0.43700 
13.13004 0.43800 
13.13103 0.43900 
13.13202 0.44000 
13.13299 0.44100 
13.13395 0.44200 
13.13490 0.44300 
13.13584 0.44400 
13.13677 0.44500 
13.13769 0.44600 
13.13859 0.44700 
13.13949 0.44800 
13.14038 0.44900 
13.14126 0.45000 
13.14212 0.45100 
13.14298 0.45200 
13.14383 0.45300 
13.14467 0.45400 
13.14549 0.45500 
13.14631 0.45600 
13.14712 0.45700 
13.14792 0.45800 
13.14871 0.45900 
13.14950 0.46000 
13.15027 0.46100 
13.15103 0.46200 
13.15179 0.46300 
13.15254 0.46400 
13.15327 0.46500 
13.15400 0.46600 
13.15473 0.46700 
13.15544 0.46800 
13.15615 0.46900 
13.15684 0.47000 
13.15753 0.47100 
13.15821 0.47200 
13.15889 0.47300 
13.15955 0.47400 
13.16021 0.47500 
13.16086 0.47600 
13.16151 0.47700 
13.16214 0.47800 
13.16277 0.47900 
13.16339 0.48000 
13.16401 0.48100 
13.16462 0.48200 
13.16522 0.48300 
13.16581 0.48400 
13.16640 0.48500 
13.16698 0.48600 
13.16755 0.48700 
13.16812 0.48800 
13.16868 0.48900 
13.16924 0.49000 
13.16978 0.49100 
13.17033 0.49200 
13.17086 0.49300 
13.17139 0.49400 
13.17192 0.49500 
13.17243 0.49600 
13.17295 0.49700 
13.17345 0.49800 
13.17395 0.49900 
13.17445 0.50000 
13.17494 0.50100 
13.17542 0.50200 
13.17590 0.50300 
13.17637 0.50400 
13.17684 0.50500 
13.17730 0.50600 
13.17776 0.50700 
13.17821 0.50800 
13.17865 0.50900 
13.17910 0.51000 
13.17953 0.51100 
13.17996 0.51200 
13.18039 0.51300 
13.18081 0.51400 
13.18123 0.51500 
13.18164 0.51600 
13.18205 0.51700 
13.18245 0.51800 
13.18285 0.51900 
13.18324 0.52000 
13.18363 0.52100 
13.18402 0.52200 
13.18440 0.52300 
13.18478 0.52400 
13.18515 0.52500 
13.18552 0.52600 
13.18588 0.52700 
13.18624 0.52800 
13.18659 0.52900 
13.18695 0.53000 
13.18729 0.53100 
13.18764 0.53200 
13.18798 0.53300 
13.18831 0.53400 
13.18864 0.53500 
13.18897 0.53600 
13.18930 0.53700 
13.18962 0.53800 
13.18994 0.53900 
13.19025 0.54000 
13.19056 0.54100 
13.19087 0.54200 
13.19117 0.54300 
13.19147 0.54400 
13.19176 0.54500 
13.19206 0.54600 
13.19235 0.54700 
13.19263 0.54800 
13.19292 0.54900 
13.19320 0.55000 
13.19347 0.55100 
13.19375 0.55200 
13.19402 0.55300 
13.19428 0.55400 
13.19455 0.55500 
13.19481 0.55600 
13.19507 0.55700 
13.19532 0.55800 
13.19557 0.55900 
13.19582 0.56000 
13.19607 0.56100 
13.19632 0.56200 
13.19656 0.56300 
13.19679 0.56400 
13.19703 0.56500 
13.19726 0.56600 
13.19749 0.56700 
13.19772 0.56800 
13.19795 0.56900 
13.19817 0.57000 
13.19839 0.57100 
13.19861 0.57200 
13.19882 0.57300 
13.19904 0.57400 
13.19925 0.57500 
13.19945 0.57600 
13.19966 0.57700 
13.19986 0.57800 
13.20006 0.57900 
13.20026 0.58000 
13.20046 0.58100 
13.20065 0.58200 
13.20085 0.58300 
13.20104 0.58400 
13.20122 0.58500 
13.20141 0.58600 
13.20159 0.58700 
13.20177 0.58800 
13.20195 0.58900 
13.20213 0.59000 
13.20231 0.59100 
13.20248 0.59200 
13.20265 0.59300 
13.20282 0.59400 
13.20299 0.59500 
13.20315 0.59600 
13.20332 0.59700 
13.20348 0.59800 
13.20364 0.59900 
13.20380 0.60000 
13.20395 0.60100 
13.20411 0.60200 
13.20426 0.60300 
13.20441 0.60400 
13.20456 0.60500 
13.20471 0.60600 
13.20486 0.60700 
13.20500 0.60800 
13.20514 0.60900 
13.20528 0.61000 
13.20542 0.61100 
13.20556 0.61200 
13.20570 0.61300 
13.20583 0.61400 
13.20597 0.61500 
13.20610 0.61600 
13.20623 0.61700 
13.20636 0.61800 
13.20648 0.61900 
13.20661 0.62000 
13.20673 0.62100 
13.20686 0.62200 
13.20698 0.62300 
13.20710 0.62400 
13.20722 0.62500 
13.20734 0.62600 
13.20745 0.62700 
13.20757 0.62800 
13.20768 0.62900 
13.20779 0.63000 
13.20790 0.63100 
13.20801 0.63200 
13.20812 0.63300 
13.20823 0.63400 
13.20834 0.63500 
13.20844 0.63600 
13.20855 0.63700 
13.20865 0.63800 
13.20875 0.63900 
13.20885 0.64000 
13.20895 0.64100 
13.20905 0.64200 
13.20914 0.64300 
13.20924 0.64400 
13.20933 0.64500 
13.20943 0.64600 
13.20952 0.64700 
13.20961 0.64800 
13.20970 0.64900 
13.20979 0.65000 
13.20988 0.65100 
13.20997 0.65200 
13.21005 0.65300 
13.21014 0.65400 
13.21022 0.65500 
13.21031 0.65600 
13.21039 0.65700 
13.21047 0.65800 
13.21055 0.65900 
13.21063 0.66000 
13.21071 0.66100 
13.21079 0.66200 
13.21087 0.66300 
13.21094 0.66400 
13.21102 0.66500 
13.21109 0.66600 
13.21117 0.66700 
13.21124 0.66800 
13.21131 0.66900 
13.21138 0.67000 
13.21145 0.67100 
13.21152 0.67200 
13.21159 0.67300 
13.21166 0.67400 
13.21173 0.67500 
13.21179 0.67600 
13.21186 0.67700 
13.21192 0.67800 
13.21199 0.67900 
13.21205 0.68000 
13.21212 0.68100 
13.21218 0.68200 
13.21224 0.68300 
13.21230 0.68400 
13.21236 0.68500 
13.21242 0.68600 
13.21248 0.68700 
13.21254 0.68800 
13.21259 0.68900 
13.21265 0.69000 
13.21271 0.69100 
13.21276 0.69200 
13.21282 0.69300 
13.21287 0.69400 
13.21292 0.69500 
13.21298 0.69600 
13.21303 0.69700 
13.21308 0.69800 
13.21313 0.69900 
13.21318 0.70000 
13.21323 0.70100 
13.21328 0.70200 
13.21333 0.70300 
13.21338 0.70400 
13.21343 0.70500 
13.21347 0.70600 
13.21352 0.70700 
13.21357 0.70800 
13.21361 0.70900 
13.21366 0.71000 
13.21370 0.71100 
13.21375 0.71200 
13.21379 0.71300 
13.21383 0.71400 
13.21388 0.71500 
13.21392 0.71600 
13.21396 0.71700 
13.21400 0.71800 
13.21404 0.71900 
13.21408 0.72000 
13.21412 0.72100 
13.21416 0.72200 
13.21420 0.72300 
13.21424 0.72400 
13.21428 0.72500 
13.21431 0.72600 
13.21435 0.72700 
13.21439 0.72800 
13.21442 0.72900 
13.21446 0.73000 
13.21450 0.73100 
13.21453 0.73200 
13.21457 0.73300 
13.21460 0.73400 
13.21463 0.73500 
13.21467 0.73600 
13.21470 0.73700 
13.21473 0.73800 
13.21477 0.73900 
13.21480 0.74000 
13.21483 0.74100 
13.21486 0.74200 
13.21489 0.74300 
13.21492 0.74400 
13.21495 0.74500 
13.21498 0.74600 
13.21501 0.74700 
13.21504 0.74800 
13.21507 0.74900 
13.21510 0.75000 
13.21513 0.75100 
13.21516 0.75200 
13.21518 0.75300 
13.21521 0.75400 
13.21524 0.75500 
13.21526 0.75600 
13.21529 0.75700 
13.21532 0.75800 
13.21534 0.75900 
13.21537 0.76000 
13.21539 0.76100 
13.21542 0.76200 
13.21544 0.76300 
13.21547 0.76400 
13.21549 0.76500 
13.21552 0.76600 
13.21554 0.76700 
13.21556 0.76800 
13.21559 0.76900 
13.21561 0.77000 
13.21563 0.77100 
13.21565 0.77200 
13.21567 0.77300 
13.21570 0.77400 
13.21572 0.77500 
13.21574 0.77600 
13.21576 0.77700 
13.21578 0.77800 
13.21580 0.77900 
13.21582 0.78000 
13.21584 0.78100 
13.21586 0.78200 
13.21588 0.78300 
13.21590 0.78400 
13.21592 0.78500 
13.21594 0.78600 
13.21596 0.78700 
13.21598 0.78800 
13.21599 0.78900 
13.21601 0.79000 
13.21603 0.79100 
13.21605 0.79200 
13.21607 0.79300 
13.21608 0.79400 
13.21610 0.79500 
13.21612 0.79600 
13.21613 0.79700 
13.21615 0.79800 
13.21617 0.79900 
13.21618 0.80000 
13.21620 0.80100 
13.21622 0.80200 
13.21623 0.80300 
13.21625 0.80400 
13.21626 0.80500 
13.21628 0.80600 
13.21629 0.80700 
13.21631 0.80800 
13.21632 0.80900 
13.21634 0.81000 
13.21635 0.81100 
13.21636 0.81200 
13.21638 0.81300 
13.21639 0.81400 
13.21641 0.81500 
13.21642 0.81600 
13.21643 0.81700 
13.21645 0.81800 
13.21646 0.81900 
13.21647 0.82000 
13.21648 0.82100 
13.21650 0.82200 
13.21651 0.82300 
13.21652 0.82400 
13.21653 0.82500 
13.21655 0.82600 
13.21656 0.82700 
13.21657 0.82800 
13.21658 0.82900 
13.21659 0.83000 
13.21660 0.83100 
13.21661 0.83200 
13.21663 0.83300 
13.21664 0.83400 
13.21665 0.83500 
13.21666 0.83600 
13.21667 0.83700 
13.21668 0.83800 
13.21669 0.83900 
13.21670 0.84000 
13.21671 0.84100 
13.21672 0.84200 
13.21673 0.84300 
13.21674 0.84400 
13.21675 0.84500 
13.21676 0.84600 
13.21677 0.84700 
13.21678 0.84800 
13.21679 0.84900 
13.21680 0.85000 
13.21681 0.85100 
13.21681 0.85200 
13.21682 0.85300 
13.21683 0.85400 
13.21684 0.85500 
13.21685 0.85600 
13.21686 0.85700 
13.21687 0.85800 
13.21687 0.85900 
13.21688 0.86000 
13.21689 0.86100 
13.21690 0.86200 
13.21691 0.86300 
13.21691 0.86400 
13.21692 0.86500 
13.21693 0.86600 
13.21694 0.86700 
13.21694 0.86800 
13.21695 0.86900 
13.21696 0.87000 
13.21697 0.87100 
13.21697 0.87200 
13.21698 0.87300 
13.21699 0.87400 
13.21699 0.87500 
13.21700 0.87600 
13.21701 0.87700 
13.21701 0.87800 
13.21702 0.87900 
13.21703 0.88000 
13.21703 0.88100 
13.21704 0.88200 
13.21705 0.88300 
13.21705 0.88400 
13.21706 0.88500 
13.21706 0.88600 
13.21707 0.88700 
13.21708 0.88800 
13.21708 0.88900 
13.21709 0.89000 
13.21709 0.89100 
13.21710 0.89200 
13.21711 0.89300 
13.21711 0.89400 
13.21712 0.89500 
13.21712 0.89600 
13.21713 0.89700 
13.21713 0.89800 
13.21714 0.89900 
13.21714 0.90000 
13.21715 0.90100 
13.21715 0.90200 
13.21716 0.90300 
13.21716 0.90400 
13.21717 0.90500 
13.21717 0.90600 
13.21718 0.90700 
13.21718 0.90800 
13.21719 0.90900 
13.21719 0.91000 
13.21720 0.91100 
13.21720 0.91200 
13.21721 0.91300 
13.21721 0.91400 
13.21721 0.91500 
13.21722 0.91600 
13.21722 0.91700 
13.21723 0.91800 
13.21723 0.91900 
13.21723 0.92000 
13.21724 0.92100 
13.21724 0.92200 
13.21725 0.92300 
13.21725 0.92400 
13.21725 0.92500 
13.21726 0.92600 
13.21726 0.92700 
13.21727 0.92800 
13.21727 0.92900 
13.21727 0.93000 
13.21728 0.93100 
13.21728 0.93200 
13.21728 0.93300 
13.21729 0.93400 
13.21729 0.93500 
13.21729 0.93600 
13.21730 0.93700 
13.21730 0.93800 
13.21730 0.93900 
13.21731 0.94000 
13.21731 0.94100 
13.21731 0.94200 
13.21732 0.94300 
13.21732 0.94400 
13.21732 0.94500 
13.21733 0.94600 
13.21733 0.94700 
13.21733 0.94800 
13.21734 0.94900 
13.21734 0.95000 
13.21734 0.95100 
13.21734 0.95200 
13.21735 0.95300 
13.21735 0.95400 
13.21735 0.95500 
13.21736 0.95600 
13.21736 0.95700 
13.21736 0.95800 
13.21736 0.95900 
13.21737 0.96000 
13.21737 0.96100 
13.21737 0.96200 
13.21737 0.96300 
13.21738 0.96400 
13.21738 0.96500 
13.21738 0.96600 
13.21738 0.96700 
13.21739 0.96800 
13.21739 0.96900 
13.21739 0.97000 
13.21739 0.97100 
13.21740 0.97200 
13.21740 0.97300 
13.21740 0.97400 
13.21740 0.97500 
13.21740 0.97600 
13.21741 0.97700 
13.21741 0.97800 
13.21741 0.97900 
13.21741 0.98000 
13.21741 0.98100 
13.21742 0.98200 
13.21742 0.98300 
13.21742 0.98400 
13.21742 0.98500 
13.21742 0.98600 
13.21743 0.98700 
13.21743 0.98800 
13.21743 0.98900 
13.21743 0.99000 
13.21743 0.99100 
13.21744 0.99200 
13.21744 0.99300 
13.21744 0.99400 
13.21744 0.99500 
13.21744 0.99600 
13.21744 0.99700 
13.21745 0.99800 
13.21745 0.99900 
