0.00000 0.00000 
0.00009 0.00100 
0.00034 0.00200 
0.00076 0.00300 
0.00135 0.00400 
0.00211 0.00500 
0.00302 0.00600 
0.00409 0.00700 
0.00533 0.00800 
0.00672 0.00900 
0.00826 0.01000 
0.00996 0.01100 
0.01181 0.01200 
0.01381 0.01300 
0.01595 0.01400 
0.01825 0.01500 
0.02068 0.01600 
0.02326 0.01700 
0.02598 0.01800 
0.02884 0.01900 
0.03184 0.02000 
0.03498 0.02100 
0.03825 0.02200 
0.04165 0.02300 
0.04518 0.02400 
0.04885 0.02500 
0.05264 0.02600 
0.05657 0.02700 
0.06061 0.02800 
0.06478 0.02900 
0.06908 0.03000 
0.07350 0.03100 
0.07803 0.03200 
0.08269 0.03300 
0.08746 0.03400 
0.09235 0.03500 
0.09735 0.03600 
0.10247 0.03700 
0.10770 0.03800 
0.11304 0.03900 
0.11849 0.04000 
0.12405 0.04100 
0.12971 0.04200 
0.13549 0.04300 
0.14136 0.04400 
0.14734 0.04500 
0.15343 0.04600 
0.15961 0.04700 
0.16589 0.04800 
0.17228 0.04900 
0.17876 0.05000 
0.18534 0.05100 
0.19201 0.05200 
0.19878 0.05300 
0.20564 0.05400 
0.21259 0.05500 
0.21964 0.05600 
0.22677 0.05700 
0.23400 0.05800 
0.24131 0.05900 
0.24871 0.06000 
0.25619 0.06100 
0.26377 0.06200 
0.27142 0.06300 
0.27916 0.06400 
0.28698 0.06500 
0.29488 0.06600 
0.30287 0.06700 
0.31093 0.06800 
0.31907 0.06900 
0.32729 0.07000 
0.33559 0.07100 
0.34396 0.07200 
0.35241 0.07300 
0.36093 0.07400 
0.36952 0.07500 
0.37819 0.07600 
0.38693 0.07700 
0.39574 0.07800 
0.40462 0.07900 
0.41357 0.08000 
0.42259 0.08100 
0.43167 0.08200 
0.44083 0.08300 
0.45005 0.08400 
0.45933 0.08500 
0.46868 0.08600 
0.47809 0.08700 
0.48757 0.08800 
0.49711 0.08900 
0.50671 0.09000 
0.51637 0.09100 
0.52610 0.09200 
0.53588 0.09300 
0.54572 0.09400 
0.55562 0.09500 
0.56558 0.09600 
0.57559 0.09700 
0.58566 0.09800 
0.59579 0.09900 
0.60597 0.10000 
0.61621 0.10100 
0.62650 0.10200 
0.63684 0.10300 
0.64724 0.10400 
0.65769 0.10500 
0.66819 0.10600 
0.67874 0.10700 
0.68934 0.10800 
0.69999 0.10900 
0.71069 0.11000 
0.72144 0.11100 
0.73224 0.11200 
0.74308 0.11300 
0.75397 0.11400 
0.76491 0.11500 
0.77589 0.11600 
0.78692 0.11700 
0.79799 0.11800 
0.80911 0.11900 
0.82027 0.12000 
0.83148 0.12100 
0.84273 0.12200 
0.85402 0.12300 
0.86535 0.12400 
0.87672 0.12500 
0.88814 0.12600 
0.89959 0.12700 
0.91109 0.12800 
0.92262 0.12900 
0.93419 0.13000 
0.94581 0.13100 
0.95746 0.13200 
0.96914 0.13300 
0.98087 0.13400 
0.99263 0.13500 
1.00443 0.13600 
1.01627 0.13700 
1.02814 0.13800 
1.04004 0.13900 
1.05198 0.14000 
1.06396 0.14100 
1.07597 0.14200 
1.08801 0.14300 
1.10008 0.14400 
1.11219 0.14500 
1.12433 0.14600 
1.13651 0.14700 
1.14871 0.14800 
1.16095 0.14900 
1.17322 0.15000 
1.18552 0.15100 
1.19785 0.15200 
1.21020 0.15300 
1.22259 0.15400 
1.23501 0.15500 
1.24746 0.15600 
1.25993 0.15700 
1.27244 0.15800 
1.28497 0.15900 
1.29753 0.16000 
1.31012 0.16100 
1.32273 0.16200 
1.33537 0.16300 
1.34804 0.16400 
1.36073 0.16500 
1.37345 0.16600 
1.38620 0.16700 
1.39897 0.16800 
1.41176 0.16900 
1.42458 0.17000 
1.43743 0.17100 
1.45030 0.17200 
1.46319 0.17300 
1.47610 0.17400 
1.48904 0.17500 
1.50201 0.17600 
1.51499 0.17700 
1.52800 0.17800 
1.54103 0.17900 
1.55408 0.18000 
1.56715 0.18100 
1.58025 0.18200 
1.59337 0.18300 
1.60650 0.18400 
1.61966 0.18500 
1.63284 0.18600 
1.64604 0.18700 
1.65926 0.18800 
1.67250 0.18900 
1.68576 0.19000 
1.69904 0.19100 
1.71233 0.19200 
1.72565 0.19300 
1.73899 0.19400 
1.75234 0.19500 
1.76571 0.19600 
1.77910 0.19700 
1.79251 0.19800 
1.80594 0.19900 
1.81938 0.20000 
1.83284 0.20100 
1.84632 0.20200 
1.85981 0.20300 
1.87333 0.20400 
1.88685 0.20500 
1.90040 0.20600 
1.91396 0.20700 
1.92754 0.20800 
1.94113 0.20900 
1.95474 0.21000 
1.96836 0.21100 
1.98200 0.21200 
1.99566 0.21300 
2.00932 0.21400 
2.02301 0.21500 
2.03671 0.21600 
2.05042 0.21700 
2.06415 0.21800 
2.07789 0.21900 
2.09165 0.22000 
2.10541 0.22100 
2.11920 0.22200 
2.13299 0.22300 
2.14680 0.22400 
2.16063 0.22500 
2.17446 0.22600 
2.18831 0.22700 
2.20217 0.22800 
2.21604 0.22900 
2.22993 0.23000 
2.24383 0.23100 
2.25774 0.23200 
2.27166 0.23300 
2.28559 0.23400 
2.29954 0.23500 
2.31350 0.23600 
2.32747 0.23700 
2.34145 0.23800 
2.35544 0.23900 
2.36944 0.24000 
2.38345 0.24100 
2.39748 0.24200 
2.41151 0.24300 
2.42556 0.24400 
2.43961 0.24500 
2.45368 0.24600 
2.46776 0.24700 
2.48184 0.24800 
2.49594 0.24900 
2.51004 0.25000 
2.52416 0.25100 
2.53829 0.25200 
2.55242 0.25300 
2.56657 0.25400 
2.58072 0.25500 
2.59488 0.25600 
2.60905 0.25700 
2.62324 0.25800 
2.63743 0.25900 
2.65162 0.26000 
2.66583 0.26100 
2.68005 0.26200 
2.69427 0.26300 
2.70851 0.26400 
2.72275 0.26500 
2.73700 0.26600 
2.75125 0.26700 
2.76552 0.26800 
2.77979 0.26900 
2.79407 0.27000 
2.80836 0.27100 
2.82266 0.27200 
2.83696 0.27300 
2.85128 0.27400 
2.86560 0.27500 
2.87992 0.27600 
2.89426 0.27700 
2.90860 0.27800 
2.92295 0.27900 
2.93730 0.28000 
2.95166 0.28100 
2.96603 0.28200 
2.98041 0.28300 
2.99479 0.28400 
3.00918 0.28500 
3.02357 0.28600 
3.03798 0.28700 
3.05238 0.28800 
3.06680 0.28900 
3.08122 0.29000 
3.09565 0.29100 
3.11008 0.29200 
3.12452 0.29300 
3.13896 0.29400 
3.15341 0.29500 
3.16787 0.29600 
3.18233 0.29700 
3.19680 0.29800 
3.21127 0.29900 
3.22575 0.30000 
3.24024 0.30100 
3.25473 0.30200 
3.26922 0.30300 
3.28373 0.30400 
3.29823 0.30500 
3.31274 0.30600 
3.32726 0.30700 
3.34178 0.30800 
3.35631 0.30900 
3.37084 0.31000 
3.38537 0.31100 
3.39992 0.31200 
3.41446 0.31300 
3.42901 0.31400 
3.44357 0.31500 
3.45813 0.31600 
3.47269 0.31700 
3.48726 0.31800 
3.50184 0.31900 
3.51641 0.32000 
3.53100 0.32100 
3.54558 0.32200 
3.56017 0.32300 
3.57477 0.32400 
3.58937 0.32500 
3.60397 0.32600 
3.61858 0.32700 
3.63319 0.32800 
3.64781 0.32900 
3.66243 0.33000 
3.67705 0.33100 
3.69168 0.33200 
3.70631 0.33300 
3.72095 0.33400 
3.73558 0.33500 
3.75023 0.33600 
3.76487 0.33700 
3.77952 0.33800 
3.79418 0.33900 
3.80883 0.34000 
3.82349 0.34100 
3.83816 0.34200 
3.85282 0.34300 
3.86749 0.34400 
3.88217 0.34500 
3.89685 0.34600 
3.91153 0.34700 
3.92621 0.34800 
3.94090 0.34900 
3.95559 0.35000 
3.97028 0.35100 
3.98498 0.35200 
3.99967 0.35300 
4.01438 0.35400 
4.02908 0.35500 
4.04379 0.35600 
4.05850 0.35700 
4.07321 0.35800 
4.08793 0.35900 
4.10265 0.36000 
4.11737 0.36100 
4.13210 0.36200 
4.14682 0.36300 
4.16156 0.36400 
4.17629 0.36500 
4.19102 0.36600 
4.20576 0.36700 
4.22050 0.36800 
4.23525 0.36900 
4.24999 0.37000 
4.26474 0.37100 
4.27949 0.37200 
4.29424 0.37300 
4.30900 0.37400 
4.32376 0.37500 
4.33852 0.37600 
4.35328 0.37700 
4.36804 0.37800 
4.38281 0.37900 
4.39758 0.38000 
4.41235 0.38100 
4.42712 0.38200 
4.44190 0.38300 
4.45668 0.38400 
4.47146 0.38500 
4.48624 0.38600 
4.50102 0.38700 
4.51581 0.38800 
4.53060 0.38900 
4.54539 0.39000 
4.56018 0.39100 
4.57497 0.39200 
4.58977 0.39300 
4.60456 0.39400 
4.61936 0.39500 
4.63417 0.39600 
4.64897 0.39700 
4.66377 0.39800 
4.67858 0.39900 
4.69339 0.40000 
4.70820 0.40100 
4.72301 0.40200 
4.73782 0.40300 
4.75264 0.40400 
4.76746 0.40500 
4.78228 0.40600 
4.79710 0.40700 
4.81192 0.40800 
4.82674 0.40900 
4.84157 0.41000 
4.85639 0.41100 
4.87122 0.41200 
4.88605 0.41300 
4.90088 0.41400 
4.91572 0.41500 
4.93055 0.41600 
4.94539 0.41700 
4.96022 0.41800 
4.97506 0.41900 
4.98990 0.42000 
5.00474 0.42100 
5.01959 0.42200 
5.03443 0.42300 
5.04928 0.42400 
5.06412 0.42500 
5.07897 0.42600 
5.09382 0.42700 
5.10867 0.42800 
5.12352 0.42900 
5.13838 0.43000 
5.15323 0.43100 
5.16809 0.43200 
5.18294 0.43300 
5.19780 0.43400 
5.21266 0.43500 
5.22752 0.43600 
5.24238 0.43700 
5.25725 0.43800 
5.27211 0.43900 
5.28698 0.44000 
5.30184 0.44100 
5.31671 0.44200 
5.33158 0.44300 
5.34645 0.44400 
5.36132 0.44500 
5.37619 0.44600 
5.39106 0.44700 
5.40593 0.44800 
5.42081 0.44900 
5.43568 0.45000 
5.45056 0.45100 
5.46544 0.45200 
5.48032 0.45300 
5.49520 0.45400 
5.51008 0.45500 
5.52496 0.45600 
5.53984 0.45700 
5.55472 0.45800 
5.56961 0.45900 
5.58449 0.46000 
5.59938 0.46100 
5.61427 0.46200 
5.62915 0.46300 
5.64404 0.46400 
5.65893 0.46500 
5.67382 0.46600 
5.68871 0.46700 
5.70360 0.46800 
5.71850 0.46900 
5.73339 0.47000 
5.74828 0.47100 
5.76318 0.47200 
5.77807 0.47300 
5.79297 0.47400 
5.80787 0.47500 
5.82277 0.47600 
5.83766 0.47700 
5.85256 0.47800 
5.86746 0.47900 
5.88236 0.48000 
5.89727 0.48100 
5.91217 0.48200 
5.92707 0.48300 
5.94197 0.48400 
5.95688 0.48500 
5.97178 0.48600 
5.98669 0.48700 
6.00159 0.48800 
6.01650 0.48900 
6.03141 0.49000 
6.04632 0.49100 
6.06123 0.49200 
6.07613 0.49300 
6.09104 0.49400 
6.10596 0.49500 
6.12087 0.49600 
6.13578 0.49700 
6.15069 0.49800 
6.16560 0.49900 
6.18052 0.50000 
6.19543 0.50100 
6.21034 0.50200 
6.22526 0.50300 
6.24017 0.50400 
6.25509 0.50500 
6.27001 0.50600 
6.28492 0.50700 
6.29984 0.50800 
6.31476 0.50900 
6.32968 0.51000 
6.34460 0.51100 
6.35952 0.51200 
6.37444 0.51300 
6.38936 0.51400 
6.40428 0.51500 
6.41920 0.51600 
6.43412 0.51700 
6.44904 0.51800 
6.46397 0.51900 
6.47889 0.52000 
6.49381 0.52100 
6.50874 0.52200 
6.52366 0.52300 
6.53859 0.52400 
6.55351 0.52500 
6.56844 0.52600 
6.58337 0.52700 
6.59829 0.52800 
6.61322 0.52900 
6.62815 0.53000 
6.64307 0.53100 
6.65800 0.53200 
6.67293 0.53300 
6.68786 0.53400 
6.70279 0.53500 
6.71772 0.53600 
6.73265 0.53700 
6.74758 0.53800 
6.76251 0.53900 
6.77744 0.54000 
6.79237 0.54100 
6.80731 0.54200 
6.82224 0.54300 
6.83717 0.54400 
6.85210 0.54500 
6.86704 0.54600 
6.88197 0.54700 
6.89690 0.54800 
6.91184 0.54900 
6.92677 0.55000 
6.94171 0.55100 
6.95664 0.55200 
6.97158 0.55300 
6.98651 0.55400 
7.00145 0.55500 
7.01639 0.55600 
7.03132 0.55700 
7.04626 0.55800 
7.06120 0.55900 
7.07613 0.56000 
7.09107 0.56100 
7.10601 0.56200 
7.12095 0.56300 
7.13589 0.56400 
7.15083 0.56500 
7.16577 0.56600 
7.18071 0.56700 
7.19564 0.56800 
7.21058 0.56900 
7.22552 0.57000 
7.24047 0.57100 
7.25541 0.57200 
7.27035 0.57300 
7.28529 0.57400 
7.30023 0.57500 
7.31517 0.57600 
7.33011 0.57700 
7.34505 0.57800 
7.36000 0.57900 
7.37494 0.58000 
7.38988 0.58100 
7.40483 0.58200 
7.41977 0.58300 
7.43471 0.58400 
7.44966 0.58500 
7.46460 0.58600 
7.47954 0.58700 
7.49449 0.58800 
7.50943 0.58900 
7.52438 0.59000 
7.53932 0.59100 
7.55427 0.59200 
7.56921 0.59300 
7.58416 0.59400 
7.59910 0.59500 
7.61405 0.59600 
7.62899 0.59700 
7.64394 0.59800 
7.65889 0.59900 
7.67383 0.60000 
7.68878 0.60100 
7.70373 0.60200 
7.71867 0.60300 
7.73362 0.60400 
7.74857 0.60500 
7.76352 0.60600 
7.77846 0.60700 
7.79341 0.60800 
7.80836 0.60900 
7.82331 0.61000 
7.83826 0.61100 
7.85321 0.61200 
7.86815 0.61300 
7.88310 0.61400 
7.89805 0.61500 
7.91300 0.61600 
7.92795 0.61700 
7.94290 0.61800 
7.95785 0.61900 
7.97280 0.62000 
7.98775 0.62100 
8.00270 0.62200 
8.01765 0.62300 
8.03260 0.62400 
8.04755 0.62500 
8.06250 0.62600 
8.07745 0.62700 
8.09240 0.62800 
8.10735 0.62900 
8.12230 0.63000 
8.13726 0.63100 
8.15221 0.63200 
8.16716 0.63300 
8.18211 0.63400 
8.19706 0.63500 
8.21201 0.63600 
8.22696 0.63700 
8.24192 0.63800 
8.25687 0.63900 
8.27182 0.64000 
8.28677 0.64100 
8.30173 0.64200 
8.31668 0.64300 
8.33163 0.64400 
8.34658 0.64500 
8.36154 0.64600 
8.37649 0.64700 
8.39144 0.64800 
8.40640 0.64900 
8.42135 0.65000 
8.43630 0.65100 
8.45126 0.65200 
8.46621 0.65300 
8.48116 0.65400 
8.49612 0.65500 
8.51107 0.65600 
8.52603 0.65700 
8.54098 0.65800 
8.55593 0.65900 
8.57089 0.66000 
8.58584 0.66100 
8.60080 0.66200 
8.61575 0.66300 
8.63071 0.66400 
8.64566 0.66500 
8.66062 0.66600 
8.67557 0.66700 
8.69053 0.66800 
8.70548 0.66900 
8.72044 0.67000 
8.73539 0.67100 
8.75035 0.67200 
8.76530 0.67300 
8.78026 0.67400 
8.79521 0.67500 
8.81017 0.67600 
8.82512 0.67700 
8.84008 0.67800 
8.85504 0.67900 
8.86999 0.68000 
8.88495 0.68100 
8.89990 0.68200 
8.91486 0.68300 
8.92982 0.68400 
8.94477 0.68500 
8.95973 0.68600 
8.97468 0.68700 
8.98964 0.68800 
9.00460 0.68900 
9.01955 0.69000 
9.03451 0.69100 
9.04947 0.69200 
9.06442 0.69300 
9.07938 0.69400 
9.09434 0.69500 
9.10929 0.69600 
9.12425 0.69700 
9.13921 0.69800 
9.15417 0.69900 
9.16912 0.70000 
9.18408 0.70100 
9.19904 0.70200 
9.21399 0.70300 
9.22895 0.70400 
9.24391 0.70500 
9.25887 0.70600 
9.27382 0.70700 
9.28878 0.70800 
9.30374 0.70900 
9.31870 0.71000 
9.33366 0.71100 
9.34861 0.71200 
9.36357 0.71300 
9.37853 0.71400 
9.39349 0.71500 
9.40844 0.71600 
9.42340 0.71700 
9.43836 0.71800 
9.45332 0.71900 
9.46828 0.72000 
9.48324 0.72100 
9.49819 0.72200 
9.51315 0.72300 
9.52811 0.72400 
9.54307 0.72500 
9.55803 0.72600 
9.57299 0.72700 
9.58794 0.72800 
9.60290 0.72900 
9.61786 0.73000 
9.63282 0.73100 
9.64778 0.73200 
9.66274 0.73300 
9.67770 0.73400 
9.69265 0.73500 
9.70761 0.73600 
9.72257 0.73700 
9.73753 0.73800 
9.75249 0.73900 
9.76745 0.74000 
9.78241 0.74100 
9.79737 0.74200 
9.81233 0.74300 
9.82729 0.74400 
9.84224 0.74500 
9.85720 0.74600 
9.87216 0.74700 
9.88712 0.74800 
9.90208 0.74900 
9.91704 0.75000 
9.93200 0.75100 
9.94696 0.75200 
9.96192 0.75300 
9.97688 0.75400 
9.99184 0.75500 
10.00680 0.75600 
10.02176 0.75700 
10.03672 0.75800 
10.05168 0.75900 
10.06664 0.76000 
10.08160 0.76100 
10.09656 0.76200 
10.11152 0.76300 
10.12647 0.76400 
10.14143 0.76500 
10.15639 0.76600 
10.17135 0.76700 
10.18631 0.76800 
10.20127 0.76900 
10.21623 0.77000 
10.23119 0.77100 
10.24615 0.77200 
10.26111 0.77300 
10.27607 0.77400 
10.29103 0.77500 
10.30599 0.77600 
10.32095 0.77700 
10.33591 0.77800 
10.35087 0.77900 
10.36583 0.78000 
10.38079 0.78100 
10.39575 0.78200 
10.41071 0.78300 
10.42568 0.78400 
10.44064 0.78500 
10.45560 0.78600 
10.47056 0.78700 
10.48552 0.78800 
10.50048 0.78900 
10.51544 0.79000 
10.53040 0.79100 
10.54536 0.79200 
10.56032 0.79300 
10.57528 0.79400 
10.59024 0.79500 
10.60520 0.79600 
10.62016 0.79700 
10.63512 0.79800 
10.65008 0.79900 
10.66504 0.80000 
10.68000 0.80100 
10.69496 0.80200 
10.70992 0.80300 
10.72488 0.80400 
10.73984 0.80500 
10.75481 0.80600 
10.76977 0.80700 
10.78473 0.80800 
10.79969 0.80900 
10.81465 0.81000 
10.82961 0.81100 
10.84457 0.81200 
10.85953 0.81300 
10.87449 0.81400 
10.88945 0.81500 
10.90441 0.81600 
10.91937 0.81700 
10.93433 0.81800 
10.94930 0.81900 
10.96426 0.82000 
10.97922 0.82100 
10.99418 0.82200 
11.00914 0.82300 
11.02410 0.82400 
11.03906 0.82500 
11.05402 0.82600 
11.06898 0.82700 
11.08394 0.82800 
11.09890 0.82900 
11.11387 0.83000 
11.12883 0.83100 
11.14379 0.83200 
11.15875 0.83300 
11.17371 0.83400 
11.18867 0.83500 
11.20363 0.83600 
11.21859 0.83700 
11.23355 0.83800 
11.24852 0.83900 
11.26348 0.84000 
11.27844 0.84100 
11.29340 0.84200 
11.30836 0.84300 
11.32332 0.84400 
11.33828 0.84500 
11.35324 0.84600 
11.36821 0.84700 
11.38317 0.84800 
11.39813 0.84900 
11.41309 0.85000 
11.42805 0.85100 
11.44301 0.85200 
11.45797 0.85300 
11.47293 0.85400 
11.48790 0.85500 
11.50286 0.85600 
11.51782 0.85700 
11.53278 0.85800 
11.54774 0.85900 
11.56270 0.86000 
11.57766 0.86100 
11.59262 0.86200 
11.60759 0.86300 
11.62255 0.86400 
11.63751 0.86500 
11.65247 0.86600 
11.66743 0.86700 
11.68239 0.86800 
11.69735 0.86900 
11.71232 0.87000 
11.72728 0.87100 
11.74224 0.87200 
11.75720 0.87300 
11.77216 0.87400 
11.78712 0.87500 
11.80208 0.87600 
11.81705 0.87700 
11.83201 0.87800 
11.84697 0.87900 
11.86193 0.88000 
11.87689 0.88100 
11.89185 0.88200 
11.90682 0.88300 
11.92178 0.88400 
11.93674 0.88500 
11.95170 0.88600 
11.96666 0.88700 
11.98162 0.88800 
11.99658 0.88900 
12.01155 0.89000 
12.02651 0.89100 
12.04147 0.89200 
12.05643 0.89300 
12.07139 0.89400 
12.08635 0.89500 
12.10132 0.89600 
12.11628 0.89700 
12.13124 0.89800 
12.14620 0.89900 
12.16116 0.90000 
12.17612 0.90100 
12.19109 0.90200 
12.20605 0.90300 
12.22101 0.90400 
12.23597 0.90500 
12.25093 0.90600 
12.26589 0.90700 
12.28086 0.90800 
12.29582 0.90900 
12.31078 0.91000 
12.32574 0.91100 
12.34070 0.91200 
12.35566 0.91300 
12.37063 0.91400 
12.38559 0.91500 
12.40055 0.91600 
12.41551 0.91700 
12.43047 0.91800 
12.44543 0.91900 
12.46040 0.92000 
12.47536 0.92100 
12.49032 0.92200 
12.50528 0.92300 
12.52024 0.92400 
12.53521 0.92500 
12.55017 0.92600 
12.56513 0.92700 
12.58009 0.92800 
12.59505 0.92900 
12.61001 0.93000 
12.62498 0.93100 
12.63994 0.93200 
12.65490 0.93300 
12.66986 0.93400 
12.68482 0.93500 
12.69978 0.93600 
12.71475 0.93700 
12.72971 0.93800 
12.74467 0.93900 
12.75963 0.94000 
12.77459 0.94100 
12.78956 0.94200 
12.80452 0.94300 
12.81948 0.94400 
12.83444 0.94500 
12.84940 0.94600 
12.86436 0.94700 
12.87933 0.94800 
12.89429 0.94900 
12.90925 0.95000 
12.92421 0.95100 
12.93917 0.95200 
12.95414 0.95300 
12.96910 0.95400 
12.98406 0.95500 
12.99902 0.95600 
13.01398 0.95700 
13.02895 0.95800 
13.04391 0.95900 
13.05887 0.96000 
13.07383 0.96100 
13.08879 0.96200 
13.10376 0.96300 
13.11872 0.96400 
13.13368 0.96500 
13.14864 0.96600 
13.16360 0.96700 
13.17856 0.96800 
13.19353 0.96900 
13.20849 0.97000 
13.22345 0.97100 
13.23841 0.97200 
13.25337 0.97300 
13.26834 0.97400 
13.28330 0.97500 
13.29826 0.97600 
13.31322 0.97700 
13.32818 0.97800 
13.34315 0.97900 
13.35811 0.98000 
13.37307 0.98100 
13.38803 0.98200 
13.40299 0.98300 
13.41796 0.98400 
13.43292 0.98500 
13.44788 0.98600 
13.46284 0.98700 
13.47780 0.98800 
13.49277 0.98900 
13.50773 0.99000 
13.52269 0.99100 
13.53765 0.99200 
13.55261 0.99300 
13.56758 0.99400 
13.58254 0.99500 
13.59750 0.99600 
13.61246 0.99700 
13.62742 0.99800 
13.64239 0.99900 
