0.00000 0.00000 
0.00003 0.00100 
0.00016 0.00200 
0.00042 0.00300 
0.00081 0.00400 
0.00133 0.00500 
0.00198 0.00600 
0.00276 0.00700 
0.00366 0.00800 
0.00469 0.00900 
0.00584 0.01000 
0.00711 0.01100 
0.00850 0.01200 
0.01001 0.01300 
0.01163 0.01400 
0.01338 0.01500 
0.01523 0.01600 
0.01720 0.01700 
0.01928 0.01800 
0.02148 0.01900 
0.02378 0.02000 
0.02619 0.02100 
0.02870 0.02200 
0.03133 0.02300 
0.03405 0.02400 
0.03688 0.02500 
0.03981 0.02600 
0.04285 0.02700 
0.04598 0.02800 
0.04921 0.02900 
0.05254 0.03000 
0.05596 0.03100 
0.05948 0.03200 
0.06310 0.03300 
0.06680 0.03400 
0.07060 0.03500 
0.07449 0.03600 
0.07847 0.03700 
0.08254 0.03800 
0.08669 0.03900 
0.09094 0.04000 
0.09526 0.04100 
0.09968 0.04200 
0.10418 0.04300 
0.10876 0.04400 
0.11342 0.04500 
0.11816 0.04600 
0.12298 0.04700 
0.12789 0.04800 
0.13287 0.04900 
0.13792 0.05000 
0.14306 0.05100 
0.14827 0.05200 
0.15355 0.05300 
0.15891 0.05400 
0.16434 0.05500 
0.16984 0.05600 
0.17542 0.05700 
0.18106 0.05800 
0.18678 0.05900 
0.19256 0.06000 
0.19842 0.06100 
0.20434 0.06200 
0.21032 0.06300 
0.21637 0.06400 
0.22249 0.06500 
0.22867 0.06600 
0.23492 0.06700 
0.24122 0.06800 
0.24759 0.06900 
0.25402 0.07000 
0.26051 0.07100 
0.26707 0.07200 
0.27368 0.07300 
0.28035 0.07400 
0.28707 0.07500 
0.29386 0.07600 
0.30070 0.07700 
0.30760 0.07800 
0.31455 0.07900 
0.32156 0.08000 
0.32862 0.08100 
0.33573 0.08200 
0.34290 0.08300 
0.35012 0.08400 
0.35739 0.08500 
0.36472 0.08600 
0.37209 0.08700 
0.37951 0.08800 
0.38698 0.08900 
0.39450 0.09000 
0.40207 0.09100 
0.40969 0.09200 
0.41735 0.09300 
0.42506 0.09400 
0.43282 0.09500 
0.44062 0.09600 
0.44847 0.09700 
0.45636 0.09800 
0.46430 0.09900 
0.47227 0.10000 
0.48030 0.10100 
0.48836 0.10200 
0.49647 0.10300 
0.50461 0.10400 
0.51280 0.10500 
0.52103 0.10600 
0.52930 0.10700 
0.53761 0.10800 
0.54596 0.10900 
0.55434 0.11000 
0.56277 0.11100 
0.57123 0.11200 
0.57973 0.11300 
0.58827 0.11400 
0.59684 0.11500 
0.60545 0.11600 
0.61409 0.11700 
0.62277 0.11800 
0.63149 0.11900 
0.64024 0.12000 
0.64902 0.12100 
0.65784 0.12200 
0.66669 0.12300 
0.67557 0.12400 
0.68449 0.12500 
0.69344 0.12600 
0.70242 0.12700 
0.71143 0.12800 
0.72047 0.12900 
0.72954 0.13000 
0.73865 0.13100 
0.74778 0.13200 
0.75694 0.13300 
0.76614 0.13400 
0.77536 0.13500 
0.78461 0.13600 
0.79389 0.13700 
0.80319 0.13800 
0.81253 0.13900 
0.82189 0.14000 
0.83128 0.14100 
0.84069 0.14200 
0.85014 0.14300 
0.85960 0.14400 
0.86910 0.14500 
0.87862 0.14600 
0.88816 0.14700 
0.89773 0.14800 
0.90733 0.14900 
0.91694 0.15000 
0.92659 0.15100 
0.93625 0.15200 
0.94594 0.15300 
0.95566 0.15400 
0.96539 0.15500 
0.97515 0.15600 
0.98493 0.15700 
0.99474 0.15800 
1.00456 0.15900 
1.01441 0.16000 
1.02428 0.16100 
1.03417 0.16200 
1.04408 0.16300 
1.05401 0.16400 
1.06397 0.16500 
1.07394 0.16600 
1.08393 0.16700 
1.09394 0.16800 
1.10398 0.16900 
1.11403 0.17000 
1.12410 0.17100 
1.13419 0.17200 
1.14430 0.17300 
1.15442 0.17400 
1.16457 0.17500 
1.17473 0.17600 
1.18491 0.17700 
1.19511 0.17800 
1.20533 0.17900 
1.21556 0.18000 
1.22581 0.18100 
1.23608 0.18200 
1.24636 0.18300 
1.25666 0.18400 
1.26698 0.18500 
1.27731 0.18600 
1.28766 0.18700 
1.29802 0.18800 
1.30840 0.18900 
1.31880 0.19000 
1.32921 0.19100 
1.33963 0.19200 
1.35007 0.19300 
1.36053 0.19400 
1.37100 0.19500 
1.38148 0.19600 
1.39198 0.19700 
1.40249 0.19800 
1.41302 0.19900 
1.42356 0.20000 
1.43411 0.20100 
1.44468 0.20200 
1.45526 0.20300 
1.46585 0.20400 
1.47646 0.20500 
1.48708 0.20600 
1.49771 0.20700 
1.50835 0.20800 
1.51901 0.20900 
1.52968 0.21000 
1.54036 0.21100 
1.55105 0.21200 
1.56176 0.21300 
1.57247 0.21400 
1.58320 0.21500 
1.59394 0.21600 
1.60469 0.21700 
1.61545 0.21800 
1.62622 0.21900 
1.63701 0.22000 
1.64780 0.22100 
1.65860 0.22200 
1.66942 0.22300 
1.68024 0.22400 
1.69108 0.22500 
1.70193 0.22600 
1.71278 0.22700 
1.72365 0.22800 
1.73452 0.22900 
1.74541 0.23000 
1.75630 0.23100 
1.76721 0.23200 
1.77812 0.23300 
1.78904 0.23400 
1.79997 0.23500 
1.81091 0.23600 
1.82186 0.23700 
1.83282 0.23800 
1.84379 0.23900 
1.85477 0.24000 
1.86575 0.24100 
1.87674 0.24200 
1.88774 0.24300 
1.89875 0.24400 
1.90977 0.24500 
1.92080 0.24600 
1.93183 0.24700 
1.94287 0.24800 
1.95392 0.24900 
1.96498 0.25000 
1.97604 0.25100 
1.98711 0.25200 
1.99819 0.25300 
2.00928 0.25400 
2.02037 0.25500 
2.03147 0.25600 
2.04258 0.25700 
2.05370 0.25800 
2.06482 0.25900 
2.07595 0.26000 
2.08708 0.26100 
2.09823 0.26200 
2.10937 0.26300 
2.12053 0.26400 
2.13169 0.26500 
2.14286 0.26600 
2.15404 0.26700 
2.16522 0.26800 
2.17640 0.26900 
2.18760 0.27000 
2.19880 0.27100 
2.21000 0.27200 
2.22121 0.27300 
2.23243 0.27400 
2.24365 0.27500 
2.25488 0.27600 
2.26611 0.27700 
2.27735 0.27800 
2.28860 0.27900 
2.29985 0.28000 
2.31110 0.28100 
2.32237 0.28200 
2.33363 0.28300 
2.34490 0.28400 
2.35618 0.28500 
2.36746 0.28600 
2.37875 0.28700 
2.39004 0.28800 
2.40134 0.28900 
2.41264 0.29000 
2.42394 0.29100 
2.43526 0.29200 
2.44657 0.29300 
2.45789 0.29400 
2.46922 0.29500 
2.48055 0.29600 
2.49188 0.29700 
2.50322 0.29800 
2.51456 0.29900 
2.52591 0.30000 
2.53726 0.30100 
2.54861 0.30200 
2.55997 0.30300 
2.57134 0.30400 
2.58270 0.30500 
2.59408 0.30600 
2.60545 0.30700 
2.61683 0.30800 
2.62822 0.30900 
2.63960 0.31000 
2.65099 0.31100 
2.66239 0.31200 
2.67379 0.31300 
2.68519 0.31400 
2.69660 0.31500 
2.70801 0.31600 
2.71942 0.31700 
2.73084 0.31800 
2.74226 0.31900 
2.75368 0.32000 
2.76511 0.32100 
2.77654 0.32200 
2.78797 0.32300 
2.79941 0.32400 
2.81085 0.32500 
2.82229 0.32600 
2.83374 0.32700 
2.84519 0.32800 
2.85664 0.32900 
2.86810 0.33000 
2.87955 0.33100 
2.89102 0.33200 
2.90248 0.33300 
2.91395 0.33400 
2.92542 0.33500 
2.93689 0.33600 
2.94837 0.33700 
2.95985 0.33800 
2.97133 0.33900 
2.98281 0.34000 
2.99430 0.34100 
3.00579 0.34200 
3.01728 0.34300 
3.02878 0.34400 
3.04028 0.34500 
3.05178 0.34600 
3.06328 0.34700 
3.07479 0.34800 
3.08629 0.34900 
3.09780 0.35000 
3.10932 0.35100 
3.12083 0.35200 
3.13235 0.35300 
3.14387 0.35400 
3.15539 0.35500 
3.16691 0.35600 
3.17844 0.35700 
3.18997 0.35800 
3.20150 0.35900 
3.21303 0.36000 
3.22457 0.36100 
3.23610 0.36200 
3.24764 0.36300 
3.25919 0.36400 
3.27073 0.36500 
3.28227 0.36600 
3.29382 0.36700 
3.30537 0.36800 
3.31692 0.36900 
3.32847 0.37000 
3.34003 0.37100 
3.35159 0.37200 
3.36315 0.37300 
3.37471 0.37400 
3.38627 0.37500 
3.39783 0.37600 
3.40940 0.37700 
3.42097 0.37800 
3.43254 0.37900 
3.44411 0.38000 
3.45568 0.38100 
3.46726 0.38200 
3.47883 0.38300 
3.49041 0.38400 
3.50199 0.38500 
3.51357 0.38600 
3.52515 0.38700 
3.53674 0.38800 
3.54832 0.38900 
3.55991 0.39000 
3.57150 0.39100 
3.58309 0.39200 
3.59468 0.39300 
3.60628 0.39400 
3.61787 0.39500 
3.62947 0.39600 
3.64106 0.39700 
3.65266 0.39800 
3.66426 0.39900 
3.67586 0.40000 
3.68747 0.40100 
3.69907 0.40200 
3.71068 0.40300 
3.72229 0.40400 
3.73389 0.40500 
3.74550 0.40600 
3.75711 0.40700 
3.76873 0.40800 
3.78034 0.40900 
3.79195 0.41000 
3.80357 0.41100 
3.81519 0.41200 
3.82680 0.41300 
3.83842 0.41400 
3.85004 0.41500 
3.86167 0.41600 
3.87329 0.41700 
3.88491 0.41800 
3.89654 0.41900 
3.90816 0.42000 
3.91979 0.42100 
3.93142 0.42200 
3.94305 0.42300 
3.95468 0.42400 
3.96631 0.42500 
3.97794 0.42600 
3.98957 0.42700 
4.00121 0.42800 
4.01284 0.42900 
4.02448 0.43000 
4.03612 0.43100 
4.04776 0.43200 
4.05939 0.43300 
4.07103 0.43400 
4.08267 0.43500 
4.09432 0.43600 
4.10596 0.43700 
4.11760 0.43800 
4.12925 0.43900 
4.14089 0.44000 
4.15254 0.44100 
4.16419 0.44200 
4.17583 0.44300 
4.18748 0.44400 
4.19913 0.44500 
4.21078 0.44600 
4.22243 0.44700 
4.23408 0.44800 
4.24574 0.44900 
4.25739 0.45000 
4.26904 0.45100 
4.28070 0.45200 
4.29235 0.45300 
4.30401 0.45400 
4.31567 0.45500 
4.32732 0.45600 
4.33898 0.45700 
4.35064 0.45800 
4.36230 0.45900 
4.37396 0.46000 
4.38562 0.46100 
4.39729 0.46200 
4.40895 0.46300 
4.42061 0.46400 
4.43228 0.46500 
4.44394 0.46600 
4.45560 0.46700 
4.46727 0.46800 
4.47894 0.46900 
4.49060 0.47000 
4.50227 0.47100 
4.51394 0.47200 
4.52561 0.47300 
4.53728 0.47400 
4.54895 0.47500 
4.56062 0.47600 
4.57229 0.47700 
4.58396 0.47800 
4.59563 0.47900 
4.60730 0.48000 
4.61898 0.48100 
4.63065 0.48200 
4.64233 0.48300 
4.65400 0.48400 
4.66568 0.48500 
4.67735 0.48600 
4.68903 0.48700 
4.70070 0.48800 
4.71238 0.48900 
4.72406 0.49000 
4.73574 0.49100 
4.74742 0.49200 
4.75909 0.49300 
4.77077 0.49400 
4.78245 0.49500 
4.79413 0.49600 
4.80582 0.49700 
4.81750 0.49800 
4.82918 0.49900 
4.84086 0.50000 
4.85254 0.50100 
4.86423 0.50200 
4.87591 0.50300 
4.88759 0.50400 
4.89928 0.50500 
4.91096 0.50600 
4.92265 0.50700 
4.93433 0.50800 
4.94602 0.50900 
4.95771 0.51000 
4.96939 0.51100 
4.98108 0.51200 
4.99277 0.51300 
5.00445 0.51400 
5.01614 0.51500 
5.02783 0.51600 
5.03952 0.51700 
5.05121 0.51800 
5.06290 0.51900 
5.07459 0.52000 
5.08628 0.52100 
5.09797 0.52200 
5.10966 0.52300 
5.12135 0.52400 
5.13304 0.52500 
5.14473 0.52600 
5.15643 0.52700 
5.16812 0.52800 
5.17981 0.52900 
5.19150 0.53000 
5.20320 0.53100 
5.21489 0.53200 
5.22658 0.53300 
5.23828 0.53400 
5.24997 0.53500 
5.26167 0.53600 
5.27336 0.53700 
5.28506 0.53800 
5.29675 0.53900 
5.30845 0.54000 
5.32015 0.54100 
5.33184 0.54200 
5.34354 0.54300 
5.35524 0.54400 
5.36693 0.54500 
5.37863 0.54600 
5.39033 0.54700 
5.40203 0.54800 
5.41372 0.54900 
5.42542 0.55000 
5.43712 0.55100 
5.44882 0.55200 
5.46052 0.55300 
5.47222 0.55400 
5.48392 0.55500 
5.49562 0.55600 
5.50732 0.55700 
5.51902 0.55800 
5.53072 0.55900 
5.54242 0.56000 
5.55412 0.56100 
5.56582 0.56200 
5.57752 0.56300 
5.58922 0.56400 
5.60093 0.56500 
5.61263 0.56600 
5.62433 0.56700 
5.63603 0.56800 
5.64774 0.56900 
5.65944 0.57000 
5.67114 0.57100 
5.68284 0.57200 
5.69455 0.57300 
5.70625 0.57400 
5.71795 0.57500 
5.72966 0.57600 
5.74136 0.57700 
5.75307 0.57800 
5.76477 0.57900 
5.77647 0.58000 
5.78818 0.58100 
5.79988 0.58200 
5.81159 0.58300 
5.82329 0.58400 
5.83500 0.58500 
5.84671 0.58600 
5.85841 0.58700 
5.87012 0.58800 
5.88182 0.58900 
5.89353 0.59000 
5.90524 0.59100 
5.91694 0.59200 
5.92865 0.59300 
5.94035 0.59400 
5.95206 0.59500 
5.96377 0.59600 
5.97548 0.59700 
5.98718 0.59800 
5.99889 0.59900 
6.01060 0.60000 
6.02231 0.60100 
6.03401 0.60200 
6.04572 0.60300 
6.05743 0.60400 
6.06914 0.60500 
6.08085 0.60600 
6.09255 0.60700 
6.10426 0.60800 
6.11597 0.60900 
6.12768 0.61000 
6.13939 0.61100 
6.15110 0.61200 
6.16281 0.61300 
6.17452 0.61400 
6.18623 0.61500 
6.19794 0.61600 
6.20965 0.61700 
6.22136 0.61800 
6.23307 0.61900 
6.24478 0.62000 
6.25649 0.62100 
6.26820 0.62200 
6.27991 0.62300 
6.29162 0.62400 
6.30333 0.62500 
6.31504 0.62600 
6.32675 0.62700 
6.33846 0.62800 
6.35017 0.62900 
6.36188 0.63000 
6.37359 0.63100 
6.38530 0.63200 
6.39701 0.63300 
6.40873 0.63400 
6.42044 0.63500 
6.43215 0.63600 
6.44386 0.63700 
6.45557 0.63800 
6.46728 0.63900 
6.47900 0.64000 
6.49071 0.64100 
6.50242 0.64200 
6.51413 0.64300 
6.52584 0.64400 
6.53756 0.64500 
6.54927 0.64600 
6.56098 0.64700 
6.57269 0.64800 
6.58441 0.64900 
6.59612 0.65000 
6.60783 0.65100 
6.61954 0.65200 
6.63126 0.65300 
6.64297 0.65400 
6.65468 0.65500 
6.66640 0.65600 
6.67811 0.65700 
6.68982 0.65800 
6.70154 0.65900 
6.71325 0.66000 
6.72496 0.66100 
6.73668 0.66200 
6.74839 0.66300 
6.76010 0.66400 
6.77182 0.66500 
6.78353 0.66600 
6.79525 0.66700 
6.80696 0.66800 
6.81867 0.66900 
6.83039 0.67000 
6.84210 0.67100 
6.85382 0.67200 
6.86553 0.67300 
6.87724 0.67400 
6.88896 0.67500 
6.90067 0.67600 
6.91239 0.67700 
6.92410 0.67800 
6.93582 0.67900 
6.94753 0.68000 
6.95925 0.68100 
6.97096 0.68200 
6.98267 0.68300 
6.99439 0.68400 
7.00610 0.68500 
7.01782 0.68600 
7.02953 0.68700 
7.04125 0.68800 
7.05296 0.68900 
7.06468 0.69000 
7.07639 0.69100 
7.08811 0.69200 
7.09983 0.69300 
7.11154 0.69400 
7.12326 0.69500 
7.13497 0.69600 
7.14669 0.69700 
7.15840 0.69800 
7.17012 0.69900 
7.18183 0.70000 
7.19355 0.70100 
7.20526 0.70200 
7.21698 0.70300 
7.22870 0.70400 
7.24041 0.70500 
7.25213 0.70600 
7.26384 0.70700 
7.27556 0.70800 
7.28728 0.70900 
7.29899 0.71000 
7.31071 0.71100 
7.32242 0.71200 
7.33414 0.71300 
7.34586 0.71400 
7.35757 0.71500 
7.36929 0.71600 
7.38100 0.71700 
7.39272 0.71800 
7.40444 0.71900 
7.41615 0.72000 
7.42787 0.72100 
7.43959 0.72200 
7.45130 0.72300 
7.46302 0.72400 
7.47474 0.72500 
7.48645 0.72600 
7.49817 0.72700 
7.50989 0.72800 
7.52160 0.72900 
7.53332 0.73000 
7.54504 0.73100 
7.55675 0.73200 
7.56847 0.73300 
7.58019 0.73400 
7.59190 0.73500 
7.60362 0.73600 
7.61534 0.73700 
7.62705 0.73800 
7.63877 0.73900 
7.65049 0.74000 
7.66220 0.74100 
7.67392 0.74200 
7.68564 0.74300 
7.69736 0.74400 
7.70907 0.74500 
7.72079 0.74600 
7.73251 0.74700 
7.74422 0.74800 
7.75594 0.74900 
7.76766 0.75000 
7.77938 0.75100 
7.79109 0.75200 
7.80281 0.75300 
7.81453 0.75400 
7.82624 0.75500 
7.83796 0.75600 
7.84968 0.75700 
7.86140 0.75800 
7.87311 0.75900 
7.88483 0.76000 
7.89655 0.76100 
7.90827 0.76200 
7.91998 0.76300 
7.93170 0.76400 
7.94342 0.76500 
7.95514 0.76600 
7.96685 0.76700 
7.97857 0.76800 
7.99029 0.76900 
8.00201 0.77000 
8.01373 0.77100 
8.02544 0.77200 
8.03716 0.77300 
8.04888 0.77400 
8.06060 0.77500 
8.07231 0.77600 
8.08403 0.77700 
8.09575 0.77800 
8.10747 0.77900 
8.11919 0.78000 
8.13090 0.78100 
8.14262 0.78200 
8.15434 0.78300 
8.16606 0.78400 
8.17777 0.78500 
8.18949 0.78600 
8.20121 0.78700 
8.21293 0.78800 
8.22465 0.78900 
8.23636 0.79000 
8.24808 0.79100 
8.25980 0.79200 
8.27152 0.79300 
8.28324 0.79400 
8.29495 0.79500 
8.30667 0.79600 
8.31839 0.79700 
8.33011 0.79800 
8.34183 0.79900 
8.35355 0.80000 
8.36526 0.80100 
8.37698 0.80200 
8.38870 0.80300 
8.40042 0.80400 
8.41214 0.80500 
8.42385 0.80600 
8.43557 0.80700 
8.44729 0.80800 
8.45901 0.80900 
8.47073 0.81000 
8.48245 0.81100 
8.49416 0.81200 
8.50588 0.81300 
8.51760 0.81400 
8.52932 0.81500 
8.54104 0.81600 
8.55276 0.81700 
8.56447 0.81800 
8.57619 0.81900 
8.58791 0.82000 
8.59963 0.82100 
8.61135 0.82200 
8.62307 0.82300 
8.63478 0.82400 
8.64650 0.82500 
8.65822 0.82600 
8.66994 0.82700 
8.68166 0.82800 
8.69338 0.82900 
8.70509 0.83000 
8.71681 0.83100 
8.72853 0.83200 
8.74025 0.83300 
8.75197 0.83400 
8.76369 0.83500 
8.77541 0.83600 
8.78712 0.83700 
8.79884 0.83800 
8.81056 0.83900 
8.82228 0.84000 
8.83400 0.84100 
8.84572 0.84200 
8.85744 0.84300 
8.86915 0.84400 
8.88087 0.84500 
8.89259 0.84600 
8.90431 0.84700 
8.91603 0.84800 
8.92775 0.84900 
8.93947 0.85000 
8.95119 0.85100 
8.96290 0.85200 
8.97462 0.85300 
8.98634 0.85400 
8.99806 0.85500 
9.00978 0.85600 
9.02150 0.85700 
9.03322 0.85800 
9.04493 0.85900 
9.05665 0.86000 
9.06837 0.86100 
9.08009 0.86200 
9.09181 0.86300 
9.10353 0.86400 
9.11525 0.86500 
9.12697 0.86600 
9.13868 0.86700 
9.15040 0.86800 
9.16212 0.86900 
9.17384 0.87000 
9.18556 0.87100 
9.19728 0.87200 
9.20900 0.87300 
9.22072 0.87400 
9.23244 0.87500 
9.24415 0.87600 
9.25587 0.87700 
9.26759 0.87800 
9.27931 0.87900 
9.29103 0.88000 
9.30275 0.88100 
9.31447 0.88200 
9.32619 0.88300 
9.33790 0.88400 
9.34962 0.88500 
9.36134 0.88600 
9.37306 0.88700 
9.38478 0.88800 
9.39650 0.88900 
9.40822 0.89000 
9.41994 0.89100 
9.43166 0.89200 
9.44337 0.89300 
9.45509 0.89400 
9.46681 0.89500 
9.47853 0.89600 
9.49025 0.89700 
9.50197 0.89800 
9.51369 0.89900 
9.52541 0.90000 
9.53713 0.90100 
9.54885 0.90200 
9.56056 0.90300 
9.57228 0.90400 
9.58400 0.90500 
9.59572 0.90600 
9.60744 0.90700 
9.61916 0.90800 
9.63088 0.90900 
9.64260 0.91000 
9.65432 0.91100 
9.66604 0.91200 
9.67775 0.91300 
9.68947 0.91400 
9.70119 0.91500 
9.71291 0.91600 
9.72463 0.91700 
9.73635 0.91800 
9.74807 0.91900 
9.75979 0.92000 
9.77151 0.92100 
9.78323 0.92200 
9.79494 0.92300 
9.80666 0.92400 
9.81838 0.92500 
9.83010 0.92600 
9.84182 0.92700 
9.85354 0.92800 
9.86526 0.92900 
9.87698 0.93000 
9.88870 0.93100 
9.90042 0.93200 
9.91213 0.93300 
9.92385 0.93400 
9.93557 0.93500 
9.94729 0.93600 
9.95901 0.93700 
9.97073 0.93800 
9.98245 0.93900 
9.99417 0.94000 
10.00589 0.94100 
10.01761 0.94200 
10.02933 0.94300 
10.04104 0.94400 
10.05276 0.94500 
10.06448 0.94600 
10.07620 0.94700 
10.08792 0.94800 
10.09964 0.94900 
10.11136 0.95000 
10.12308 0.95100 
10.13480 0.95200 
10.14652 0.95300 
10.15824 0.95400 
10.16996 0.95500 
10.18167 0.95600 
10.19339 0.95700 
10.20511 0.95800 
10.21683 0.95900 
10.22855 0.96000 
10.24027 0.96100 
10.25199 0.96200 
10.26371 0.96300 
10.27543 0.96400 
10.28715 0.96500 
10.29887 0.96600 
10.31058 0.96700 
10.32230 0.96800 
10.33402 0.96900 
10.34574 0.97000 
10.35746 0.97100 
10.36918 0.97200 
10.38090 0.97300 
10.39262 0.97400 
10.40434 0.97500 
10.41606 0.97600 
10.42778 0.97700 
10.43950 0.97800 
10.45121 0.97900 
10.46293 0.98000 
10.47465 0.98100 
10.48637 0.98200 
10.49809 0.98300 
10.50981 0.98400 
10.52153 0.98500 
10.53325 0.98600 
10.54497 0.98700 
10.55669 0.98800 
10.56841 0.98900 
10.58013 0.99000 
10.59184 0.99100 
10.60356 0.99200 
10.61528 0.99300 
10.62700 0.99400 
10.63872 0.99500 
10.65044 0.99600 
10.66216 0.99700 
10.67388 0.99800 
10.68560 0.99900 
10.69732 1.00000 
10.70904 1.00100 
10.72076 1.00200 
10.73248 1.00300 
10.74419 1.00400 
10.75591 1.00500 
10.76763 1.00600 
10.77935 1.00700 
10.79107 1.00800 
10.80279 1.00900 
10.81451 1.01000 
10.82623 1.01100 
10.83795 1.01200 
10.84967 1.01300 
10.86139 1.01400 
10.87311 1.01500 
10.88483 1.01600 
10.89654 1.01700 
10.90826 1.01800 
10.91998 1.01900 
10.93170 1.02000 
10.94342 1.02100 
10.95514 1.02200 
10.96686 1.02300 
10.97858 1.02400 
10.99030 1.02500 
11.00202 1.02600 
11.01374 1.02700 
11.02546 1.02800 
11.03718 1.02900 
11.04889 1.03000 
11.06061 1.03100 
11.07233 1.03200 
11.08405 1.03300 
11.09577 1.03400 
11.10749 1.03500 
11.11921 1.03600 
11.13093 1.03700 
11.14265 1.03800 
11.15437 1.03900 
11.16609 1.04000 
11.17781 1.04100 
11.18953 1.04200 
11.20124 1.04300 
11.21296 1.04400 
11.22468 1.04500 
11.23640 1.04600 
11.24812 1.04700 
11.25984 1.04800 
11.27156 1.04900 
11.28328 1.05000 
11.29500 1.05100 
11.30672 1.05200 
11.31844 1.05300 
11.33016 1.05400 
11.34188 1.05500 
11.35360 1.05600 
11.36531 1.05700 
11.37703 1.05800 
11.38875 1.05900 
11.40047 1.06000 
11.41219 1.06100 
11.42391 1.06200 
11.43563 1.06300 
11.44735 1.06400 
11.45907 1.06500 
11.47079 1.06600 
11.48251 1.06700 
11.49423 1.06800 
11.50595 1.06900 
11.51766 1.07000 
11.52938 1.07100 
11.54110 1.07200 
11.55282 1.07300 
11.56454 1.07400 
11.57626 1.07500 
11.58798 1.07600 
11.59970 1.07700 
11.61142 1.07800 
11.62314 1.07900 
11.63486 1.08000 
11.64658 1.08100 
11.65830 1.08200 
11.67002 1.08300 
11.68173 1.08400 
11.69345 1.08500 
11.70517 1.08600 
11.71689 1.08700 
11.72861 1.08800 
11.74033 1.08900 
11.75205 1.09000 
11.76377 1.09100 
11.77549 1.09200 
11.78721 1.09300 
11.79893 1.09400 
11.81065 1.09500 
11.82237 1.09600 
11.83409 1.09700 
11.84580 1.09800 
11.85752 1.09900 
11.86924 1.10000 
11.88096 1.10100 
11.89268 1.10200 
11.90440 1.10300 
11.91612 1.10400 
11.92784 1.10500 
11.93956 1.10600 
11.95128 1.10700 
11.96300 1.10800 
11.97472 1.10900 
11.98644 1.11000 
11.99816 1.11100 
12.00987 1.11200 
12.02159 1.11300 
12.03331 1.11400 
12.04503 1.11500 
12.05675 1.11600 
12.06847 1.11700 
12.08019 1.11800 
12.09191 1.11900 
12.10363 1.12000 
12.11535 1.12100 
12.12707 1.12200 
12.13879 1.12300 
12.15051 1.12400 
12.16223 1.12500 
12.17394 1.12600 
12.18566 1.12700 
12.19738 1.12800 
12.20910 1.12900 
12.22082 1.13000 
12.23254 1.13100 
12.24426 1.13200 
12.25598 1.13300 
12.26770 1.13400 
12.27942 1.13500 
12.29114 1.13600 
12.30286 1.13700 
12.31458 1.13800 
12.32630 1.13900 
12.33802 1.14000 
12.34973 1.14100 
12.36145 1.14200 
12.37317 1.14300 
12.38489 1.14400 
12.39661 1.14500 
12.40833 1.14600 
12.42005 1.14700 
12.43177 1.14800 
12.44349 1.14900 
12.45521 1.15000 
12.46693 1.15100 
12.47865 1.15200 
12.49037 1.15300 
12.50209 1.15400 
12.51380 1.15500 
12.52552 1.15600 
12.53724 1.15700 
12.54896 1.15800 
12.56068 1.15900 
12.57240 1.16000 
12.58412 1.16100 
12.59584 1.16200 
12.60756 1.16300 
12.61928 1.16400 
12.63100 1.16500 
12.64272 1.16600 
12.65444 1.16700 
12.66616 1.16800 
12.67788 1.16900 
12.68959 1.17000 
12.70131 1.17100 
12.71303 1.17200 
12.72475 1.17300 
12.73647 1.17400 
12.74819 1.17500 
12.75991 1.17600 
12.77163 1.17700 
12.78335 1.17800 
12.79507 1.17900 
12.80679 1.18000 
12.81851 1.18100 
12.83023 1.18200 
12.84195 1.18300 
12.85366 1.18400 
12.86538 1.18500 
12.87710 1.18600 
12.88882 1.18700 
12.90054 1.18800 
12.91226 1.18900 
12.92398 1.19000 
12.93570 1.19100 
12.94742 1.19200 
12.95914 1.19300 
12.97086 1.19400 
12.98258 1.19500 
12.99430 1.19600 
13.00602 1.19700 
13.01774 1.19800 
13.02945 1.19900 
13.04117 1.20000 
13.05289 1.20100 
13.06461 1.20200 
13.07633 1.20300 
13.08805 1.20400 
13.09977 1.20500 
13.11149 1.20600 
13.12321 1.20700 
13.13493 1.20800 
13.14665 1.20900 
13.15837 1.21000 
13.17009 1.21100 
13.18181 1.21200 
13.19352 1.21300 
13.20524 1.21400 
13.21696 1.21500 
13.22868 1.21600 
13.24040 1.21700 
13.25212 1.21800 
13.26384 1.21900 
13.27556 1.22000 
13.28728 1.22100 
13.29900 1.22200 
13.31072 1.22300 
13.32244 1.22400 
13.33416 1.22500 
13.34588 1.22600 
13.35760 1.22700 
13.36931 1.22800 
13.38103 1.22900 
13.39275 1.23000 
13.40447 1.23100 
13.41619 1.23200 
13.42791 1.23300 
13.43963 1.23400 
13.45135 1.23500 
13.46307 1.23600 
13.47479 1.23700 
13.48651 1.23800 
13.49823 1.23900 
13.50995 1.24000 
13.52167 1.24100 
13.53339 1.24200 
13.54510 1.24300 
13.55682 1.24400 
13.56854 1.24500 
13.58026 1.24600 
13.59198 1.24700 
13.60370 1.24800 
13.61542 1.24900 
13.62714 1.25000 
13.63886 1.25100 
13.65058 1.25200 
13.66230 1.25300 
13.67402 1.25400 
13.68574 1.25500 
13.69746 1.25600 
13.70917 1.25700 
13.72089 1.25800 
13.73261 1.25900 
13.74433 1.26000 
13.75605 1.26100 
13.76777 1.26200 
13.77949 1.26300 
13.79121 1.26400 
13.80293 1.26500 
13.81465 1.26600 
13.82637 1.26700 
13.83809 1.26800 
13.84981 1.26900 
13.86153 1.27000 
13.87325 1.27100 
13.88496 1.27200 
13.89668 1.27300 
13.90840 1.27400 
13.92012 1.27500 
13.93184 1.27600 
13.94356 1.27700 
13.95528 1.27800 
13.96700 1.27900 
13.97872 1.28000 
13.99044 1.28100 
14.00216 1.28200 
14.01388 1.28300 
14.02560 1.28400 
14.03732 1.28500 
14.04904 1.28600 
14.06075 1.28700 
14.07247 1.28800 
14.08419 1.28900 
14.09591 1.29000 
14.10763 1.29100 
14.11935 1.29200 
14.13107 1.29300 
14.14279 1.29400 
14.15451 1.29500 
14.16623 1.29600 
14.17795 1.29700 
14.18967 1.29800 
14.20139 1.29900 
14.21311 1.30000 
14.22482 1.30100 
14.23654 1.30200 
14.24826 1.30300 
14.25998 1.30400 
14.27170 1.30500 
14.28342 1.30600 
14.29514 1.30700 
14.30686 1.30800 
14.31858 1.30900 
14.33030 1.31000 
14.34202 1.31100 
14.35374 1.31200 
14.36546 1.31300 
14.37718 1.31400 
14.38890 1.31500 
14.40061 1.31600 
14.41233 1.31700 
14.42405 1.31800 
14.43577 1.31900 
14.44749 1.32000 
14.45921 1.32100 
14.47093 1.32200 
14.48265 1.32300 
14.49437 1.32400 
14.50609 1.32500 
14.51781 1.32600 
14.52953 1.32700 
14.54125 1.32800 
14.55297 1.32900 
14.56469 1.33000 
14.57640 1.33100 
14.58812 1.33200 
14.59984 1.33300 
14.61156 1.33400 
14.62328 1.33500 
14.63500 1.33600 
14.64672 1.33700 
14.65844 1.33800 
14.67016 1.33900 
14.68188 1.34000 
14.69360 1.34100 
14.70532 1.34200 
14.71704 1.34300 
14.72876 1.34400 
14.74048 1.34500 
14.75219 1.34600 
14.76391 1.34700 
14.77563 1.34800 
14.78735 1.34900 
14.79907 1.35000 
14.81079 1.35100 
14.82251 1.35200 
14.83423 1.35300 
14.84595 1.35400 
14.85767 1.35500 
14.86939 1.35600 
14.88111 1.35700 
14.89283 1.35800 
14.90455 1.35900 
14.91627 1.36000 
14.92798 1.36100 
14.93970 1.36200 
14.95142 1.36300 
14.96314 1.36400 
14.97486 1.36500 
14.98658 1.36600 
14.99830 1.36700 
15.01002 1.36800 
15.02174 1.36900 
15.03346 1.37000 
15.04518 1.37100 
15.05690 1.37200 
15.06862 1.37300 
15.08034 1.37400 
15.09205 1.37500 
15.10377 1.37600 
15.11549 1.37700 
15.12721 1.37800 
15.13893 1.37900 
15.15065 1.38000 
15.16237 1.38100 
15.17409 1.38200 
15.18581 1.38300 
15.19753 1.38400 
15.20925 1.38500 
15.22097 1.38600 
15.23269 1.38700 
15.24441 1.38800 
15.25613 1.38900 
15.26784 1.39000 
15.27956 1.39100 
15.29128 1.39200 
15.30300 1.39300 
15.31472 1.39400 
15.32644 1.39500 
15.33816 1.39600 
15.34988 1.39700 
15.36160 1.39800 
15.37332 1.39900 
15.38504 1.40000 
15.39676 1.40100 
15.40848 1.40200 
15.42020 1.40300 
15.43192 1.40400 
15.44363 1.40500 
15.45535 1.40600 
15.46707 1.40700 
15.47879 1.40800 
15.49051 1.40900 
15.50223 1.41000 
15.51395 1.41100 
15.52567 1.41200 
15.53739 1.41300 
15.54911 1.41400 
15.56083 1.41500 
15.57255 1.41600 
15.58427 1.41700 
15.59599 1.41800 
15.60771 1.41900 
15.61942 1.42000 
15.63114 1.42100 
15.64286 1.42200 
15.65458 1.42300 
15.66630 1.42400 
15.67802 1.42500 
15.68974 1.42600 
15.70146 1.42700 
15.71318 1.42800 
15.72490 1.42900 
15.73662 1.43000 
15.74834 1.43100 
15.76006 1.43200 
15.77178 1.43300 
15.78350 1.43400 
15.79521 1.43500 
15.80693 1.43600 
15.81865 1.43700 
15.83037 1.43800 
15.84209 1.43900 
15.85381 1.44000 
15.86553 1.44100 
15.87725 1.44200 
15.88897 1.44300 
15.90069 1.44400 
15.91241 1.44500 
15.92413 1.44600 
15.93585 1.44700 
15.94757 1.44800 
15.95929 1.44900 
15.97100 1.45000 
15.98272 1.45100 
15.99444 1.45200 
16.00616 1.45300 
16.01788 1.45400 
16.02960 1.45500 
16.04132 1.45600 
16.05304 1.45700 
16.06476 1.45800 
16.07648 1.45900 
16.08820 1.46000 
16.09992 1.46100 
16.11164 1.46200 
16.12336 1.46300 
16.13507 1.46400 
16.14679 1.46500 
16.15851 1.46600 
16.17023 1.46700 
16.18195 1.46800 
16.19367 1.46900 
16.20539 1.47000 
16.21711 1.47100 
16.22883 1.47200 
16.24055 1.47300 
16.25227 1.47400 
16.26399 1.47500 
16.27571 1.47600 
16.28743 1.47700 
16.29915 1.47800 
16.31086 1.47900 
16.32258 1.48000 
16.33430 1.48100 
16.34602 1.48200 
16.35774 1.48300 
16.36946 1.48400 
16.38118 1.48500 
16.39290 1.48600 
16.40462 1.48700 
16.41634 1.48800 
16.42806 1.48900 
16.43978 1.49000 
16.45150 1.49100 
16.46322 1.49200 
16.47494 1.49300 
16.48665 1.49400 
16.49837 1.49500 
16.51009 1.49600 
16.52181 1.49700 
16.53353 1.49800 
16.54525 1.49900 
16.55697 1.50000 
16.56869 1.50100 
16.58041 1.50200 
16.59213 1.50300 
16.60385 1.50400 
16.61557 1.50500 
16.62729 1.50600 
16.63901 1.50700 
16.65073 1.50800 
16.66244 1.50900 
16.67416 1.51000 
16.68588 1.51100 
16.69760 1.51200 
16.70932 1.51300 
16.72104 1.51400 
16.73276 1.51500 
16.74448 1.51600 
16.75620 1.51700 
16.76792 1.51800 
16.77964 1.51900 
16.79136 1.52000 
16.80308 1.52100 
16.81480 1.52200 
16.82652 1.52300 
16.83823 1.52400 
16.84995 1.52500 
16.86167 1.52600 
16.87339 1.52700 
16.88511 1.52800 
16.89683 1.52900 
16.90855 1.53000 
16.92027 1.53100 
16.93199 1.53200 
16.94371 1.53300 
16.95543 1.53400 
16.96715 1.53500 
16.97887 1.53600 
16.99059 1.53700 
17.00231 1.53800 
17.01402 1.53900 
17.02574 1.54000 
17.03746 1.54100 
17.04918 1.54200 
17.06090 1.54300 
17.07262 1.54400 
17.08434 1.54500 
17.09606 1.54600 
17.10778 1.54700 
17.11950 1.54800 
17.13122 1.54900 
17.14294 1.55000 
17.15466 1.55100 
17.16638 1.55200 
17.17809 1.55300 
17.18981 1.55400 
17.20153 1.55500 
17.21325 1.55600 
17.22497 1.55700 
17.23669 1.55800 
17.24841 1.55900 
17.26013 1.56000 
17.27185 1.56100 
17.28357 1.56200 
17.29529 1.56300 
17.30701 1.56400 
17.31873 1.56500 
17.33045 1.56600 
17.34217 1.56700 
17.35388 1.56800 
17.36560 1.56900 
17.37732 1.57000 
17.38904 1.57100 
17.40076 1.57200 
17.41248 1.57300 
17.42420 1.57400 
17.43592 1.57500 
17.44764 1.57600 
17.45936 1.57700 
17.47108 1.57800 
17.48280 1.57900 
17.49452 1.58000 
17.50624 1.58100 
17.51796 1.58200 
17.52967 1.58300 
17.54139 1.58400 
17.55311 1.58500 
17.56483 1.58600 
17.57655 1.58700 
17.58827 1.58800 
17.59999 1.58900 
17.61171 1.59000 
17.62343 1.59100 
17.63515 1.59200 
17.64687 1.59300 
17.65859 1.59400 
17.67031 1.59500 
17.68203 1.59600 
17.69375 1.59700 
17.70546 1.59800 
17.71718 1.59900 
17.72890 1.60000 
17.74062 1.60100 
17.75234 1.60200 
17.76406 1.60300 
17.77578 1.60400 
17.78750 1.60500 
17.79922 1.60600 
17.81094 1.60700 
17.82266 1.60800 
17.83438 1.60900 
17.84610 1.61000 
17.85782 1.61100 
17.86954 1.61200 
17.88125 1.61300 
17.89297 1.61400 
17.90469 1.61500 
17.91641 1.61600 
17.92813 1.61700 
17.93985 1.61800 
17.95157 1.61900 
17.96329 1.62000 
17.97501 1.62100 
17.98673 1.62200 
17.99845 1.62300 
18.01017 1.62400 
18.02189 1.62500 
18.03361 1.62600 
18.04533 1.62700 
18.05704 1.62800 
18.06876 1.62900 
18.08048 1.63000 
18.09220 1.63100 
18.10392 1.63200 
18.11564 1.63300 
18.12736 1.63400 
18.13908 1.63500 
18.15080 1.63600 
18.16252 1.63700 
18.17424 1.63800 
18.18596 1.63900 
18.19768 1.64000 
18.20940 1.64100 
18.22111 1.64200 
18.23283 1.64300 
18.24455 1.64400 
18.25627 1.64500 
18.26799 1.64600 
18.27971 1.64700 
18.29143 1.64800 
18.30315 1.64900 
18.31487 1.65000 
18.32659 1.65100 
18.33831 1.65200 
18.35003 1.65300 
18.36175 1.65400 
18.37347 1.65500 
18.38519 1.65600 
18.39690 1.65700 
18.40862 1.65800 
18.42034 1.65900 
18.43206 1.66000 
18.44378 1.66100 
18.45550 1.66200 
18.46722 1.66300 
18.47894 1.66400 
18.49066 1.66500 
18.50238 1.66600 
18.51410 1.66700 
18.52582 1.66800 
18.53754 1.66900 
18.54926 1.67000 
18.56098 1.67100 
18.57269 1.67200 
18.58441 1.67300 
18.59613 1.67400 
18.60785 1.67500 
18.61957 1.67600 
18.63129 1.67700 
18.64301 1.67800 
18.65473 1.67900 
18.66645 1.68000 
18.67817 1.68100 
18.68989 1.68200 
18.70161 1.68300 
18.71333 1.68400 
18.72505 1.68500 
18.73677 1.68600 
18.74848 1.68700 
18.76020 1.68800 
18.77192 1.68900 
18.78364 1.69000 
18.79536 1.69100 
18.80708 1.69200 
18.81880 1.69300 
18.83052 1.69400 
18.84224 1.69500 
18.85396 1.69600 
18.86568 1.69700 
18.87740 1.69800 
18.88912 1.69900 
18.90084 1.70000 
18.91256 1.70100 
18.92427 1.70200 
18.93599 1.70300 
18.94771 1.70400 
18.95943 1.70500 
18.97115 1.70600 
18.98287 1.70700 
18.99459 1.70800 
19.00631 1.70900 
19.01803 1.71000 
19.02975 1.71100 
19.04147 1.71200 
19.05319 1.71300 
19.06491 1.71400 
19.07663 1.71500 
19.08835 1.71600 
19.10006 1.71700 
19.11178 1.71800 
19.12350 1.71900 
19.13522 1.72000 
19.14694 1.72100 
19.15866 1.72200 
19.17038 1.72300 
19.18210 1.72400 
19.19382 1.72500 
19.20554 1.72600 
19.21726 1.72700 
19.22898 1.72800 
19.24070 1.72900 
19.25242 1.73000 
19.26413 1.73100 
19.27585 1.73200 
19.28757 1.73300 
19.29929 1.73400 
19.31101 1.73500 
19.32273 1.73600 
19.33445 1.73700 
19.34617 1.73800 
19.35789 1.73900 
19.36961 1.74000 
19.38133 1.74100 
19.39305 1.74200 
19.40477 1.74300 
19.41649 1.74400 
19.42821 1.74500 
19.43992 1.74600 
19.45164 1.74700 
19.46336 1.74800 
19.47508 1.74900 
19.48680 1.75000 
19.49852 1.75100 
19.51024 1.75200 
19.52196 1.75300 
19.53368 1.75400 
19.54540 1.75500 
19.55712 1.75600 
19.56884 1.75700 
19.58056 1.75800 
19.59228 1.75900 
19.60400 1.76000 
19.61571 1.76100 
19.62743 1.76200 
19.63915 1.76300 
19.65087 1.76400 
19.66259 1.76500 
19.67431 1.76600 
19.68603 1.76700 
19.69775 1.76800 
19.70947 1.76900 
19.72119 1.77000 
19.73291 1.77100 
19.74463 1.77200 
19.75635 1.77300 
19.76807 1.77400 
19.77979 1.77500 
19.79150 1.77600 
19.80322 1.77700 
19.81494 1.77800 
19.82666 1.77900 
19.83838 1.78000 
19.85010 1.78100 
19.86182 1.78200 
19.87354 1.78300 
19.88526 1.78400 
19.89698 1.78500 
19.90870 1.78600 
19.92042 1.78700 
19.93214 1.78800 
19.94386 1.78900 
19.95558 1.79000 
19.96729 1.79100 
19.97901 1.79200 
19.99073 1.79300 
20.00245 1.79400 
20.01417 1.79500 
20.02589 1.79600 
20.03761 1.79700 
20.04933 1.79800 
20.06105 1.79900 
20.07277 1.80000 
20.08449 1.80100 
20.09621 1.80200 
20.10793 1.80300 
20.11965 1.80400 
20.13137 1.80500 
20.14308 1.80600 
20.15480 1.80700 
20.16652 1.80800 
20.17824 1.80900 
20.18996 1.81000 
20.20168 1.81100 
20.21340 1.81200 
20.22512 1.81300 
20.23684 1.81400 
20.24856 1.81500 
20.26028 1.81600 
20.27200 1.81700 
20.28372 1.81800 
20.29544 1.81900 
20.30716 1.82000 
20.31887 1.82100 
20.33059 1.82200 
20.34231 1.82300 
20.35403 1.82400 
20.36575 1.82500 
20.37747 1.82600 
20.38919 1.82700 
20.40091 1.82800 
20.41263 1.82900 
20.42435 1.83000 
20.43607 1.83100 
20.44779 1.83200 
20.45951 1.83300 
20.47123 1.83400 
20.48294 1.83500 
20.49466 1.83600 
20.50638 1.83700 
20.51810 1.83800 
20.52982 1.83900 
20.54154 1.84000 
20.55326 1.84100 
20.56498 1.84200 
20.57670 1.84300 
20.58842 1.84400 
20.60014 1.84500 
20.61186 1.84600 
20.62358 1.84700 
20.63530 1.84800 
20.64702 1.84900 
20.65873 1.85000 
20.67045 1.85100 
20.68217 1.85200 
20.69389 1.85300 
20.70561 1.85400 
20.71733 1.85500 
20.72905 1.85600 
20.74077 1.85700 
20.75249 1.85800 
20.76421 1.85900 
20.77593 1.86000 
20.78765 1.86100 
20.79937 1.86200 
20.81109 1.86300 
20.82281 1.86400 
20.83452 1.86500 
20.84624 1.86600 
20.85796 1.86700 
20.86968 1.86800 
20.88140 1.86900 
20.89312 1.87000 
20.90484 1.87100 
20.91656 1.87200 
20.92828 1.87300 
20.94000 1.87400 
20.95172 1.87500 
20.96344 1.87600 
20.97516 1.87700 
20.98688 1.87800 
20.99860 1.87900 
21.01031 1.88000 
21.02203 1.88100 
21.03375 1.88200 
21.04547 1.88300 
21.05719 1.88400 
21.06891 1.88500 
21.08063 1.88600 
21.09235 1.88700 
21.10407 1.88800 
21.11579 1.88900 
21.12751 1.89000 
21.13923 1.89100 
21.15095 1.89200 
21.16267 1.89300 
21.17439 1.89400 
21.18610 1.89500 
21.19782 1.89600 
21.20954 1.89700 
21.22126 1.89800 
21.23298 1.89900 
21.24470 1.90000 
21.25642 1.90100 
21.26814 1.90200 
21.27986 1.90300 
21.29158 1.90400 
21.30330 1.90500 
21.31502 1.90600 
21.32674 1.90700 
21.33846 1.90800 
21.35018 1.90900 
21.36189 1.91000 
21.37361 1.91100 
21.38533 1.91200 
21.39705 1.91300 
21.40877 1.91400 
21.42049 1.91500 
21.43221 1.91600 
21.44393 1.91700 
21.45565 1.91800 
21.46737 1.91900 
21.47909 1.92000 
21.49081 1.92100 
21.50253 1.92200 
21.51425 1.92300 
21.52596 1.92400 
21.53768 1.92500 
21.54940 1.92600 
21.56112 1.92700 
21.57284 1.92800 
21.58456 1.92900 
21.59628 1.93000 
21.60800 1.93100 
21.61972 1.93200 
21.63144 1.93300 
21.64316 1.93400 
21.65488 1.93500 
21.66660 1.93600 
21.67832 1.93700 
21.69004 1.93800 
21.70175 1.93900 
21.71347 1.94000 
21.72519 1.94100 
21.73691 1.94200 
21.74863 1.94300 
21.76035 1.94400 
21.77207 1.94500 
21.78379 1.94600 
21.79551 1.94700 
21.80723 1.94800 
21.81895 1.94900 
21.83067 1.95000 
21.84239 1.95100 
21.85411 1.95200 
21.86583 1.95300 
21.87754 1.95400 
21.88926 1.95500 
21.90098 1.95600 
21.91270 1.95700 
21.92442 1.95800 
21.93614 1.95900 
21.94786 1.96000 
21.95958 1.96100 
21.97130 1.96200 
21.98302 1.96300 
21.99474 1.96400 
22.00646 1.96500 
22.01818 1.96600 
22.02990 1.96700 
22.04162 1.96800 
22.05333 1.96900 
22.06505 1.97000 
22.07677 1.97100 
22.08849 1.97200 
22.10021 1.97300 
22.11193 1.97400 
22.12365 1.97500 
22.13537 1.97600 
22.14709 1.97700 
22.15881 1.97800 
22.17053 1.97900 
22.18225 1.98000 
22.19397 1.98100 
22.20569 1.98200 
22.21741 1.98300 
22.22912 1.98400 
22.24084 1.98500 
22.25256 1.98600 
22.26428 1.98700 
22.27600 1.98800 
22.28772 1.98900 
22.29944 1.99000 
22.31116 1.99100 
22.32288 1.99200 
22.33460 1.99300 
22.34632 1.99400 
22.35804 1.99500 
22.36976 1.99600 
22.38148 1.99700 
22.39320 1.99800 
22.40491 1.99900 
22.41663 2.00000 
22.42835 2.00100 
22.44007 2.00200 
22.45179 2.00300 
22.46351 2.00400 
22.47523 2.00500 
22.48695 2.00600 
22.49867 2.00700 
22.51039 2.00800 
22.52211 2.00900 
22.53383 2.01000 
22.54555 2.01100 
22.55727 2.01200 
22.56899 2.01300 
22.58070 2.01400 
22.59242 2.01500 
22.60414 2.01600 
22.61586 2.01700 
22.62758 2.01800 
22.63930 2.01900 
22.65102 2.02000 
22.66274 2.02100 
22.67446 2.02200 
22.68618 2.02300 
22.69790 2.02400 
22.70962 2.02500 
22.72134 2.02600 
22.73306 2.02700 
22.74477 2.02800 
22.75649 2.02900 
22.76821 2.03000 
22.77993 2.03100 
22.79165 2.03200 
22.80337 2.03300 
22.81509 2.03400 
22.82681 2.03500 
22.83853 2.03600 
22.85025 2.03700 
22.86197 2.03800 
22.87369 2.03900 
22.88541 2.04000 
22.89713 2.04100 
22.90885 2.04200 
22.92056 2.04300 
22.93228 2.04400 
22.94400 2.04500 
22.95572 2.04600 
22.96744 2.04700 
22.97916 2.04800 
22.99088 2.04900 
23.00260 2.05000 
23.01432 2.05100 
23.02604 2.05200 
23.03776 2.05300 
23.04948 2.05400 
23.06120 2.05500 
23.07292 2.05600 
23.08464 2.05700 
23.09635 2.05800 
23.10807 2.05900 
23.11979 2.06000 
23.13151 2.06100 
23.14323 2.06200 
23.15495 2.06300 
23.16667 2.06400 
23.17839 2.06500 
23.19011 2.06600 
23.20183 2.06700 
23.21355 2.06800 
23.22527 2.06900 
23.23699 2.07000 
23.24871 2.07100 
23.26043 2.07200 
23.27214 2.07300 
23.28386 2.07400 
23.29558 2.07500 
23.30730 2.07600 
23.31902 2.07700 
23.33074 2.07800 
23.34246 2.07900 
23.35418 2.08000 
23.36590 2.08100 
23.37762 2.08200 
23.38934 2.08300 
23.40106 2.08400 
23.41278 2.08500 
23.42450 2.08600 
23.43622 2.08700 
23.44793 2.08800 
23.45965 2.08900 
23.47137 2.09000 
23.48309 2.09100 
23.49481 2.09200 
23.50653 2.09300 
23.51825 2.09400 
23.52997 2.09500 
23.54169 2.09600 
23.55341 2.09700 
23.56513 2.09800 
23.57685 2.09900 
23.58857 2.10000 
23.60029 2.10100 
23.61201 2.10200 
23.62372 2.10300 
23.63544 2.10400 
23.64716 2.10500 
23.65888 2.10600 
23.67060 2.10700 
23.68232 2.10800 
23.69404 2.10900 
23.70576 2.11000 
23.71748 2.11100 
23.72920 2.11200 
23.74092 2.11300 
23.75264 2.11400 
23.76436 2.11500 
23.77608 2.11600 
23.78779 2.11700 
23.79951 2.11800 
23.81123 2.11900 
23.82295 2.12000 
23.83467 2.12100 
23.84639 2.12200 
23.85811 2.12300 
23.86983 2.12400 
23.88155 2.12500 
23.89327 2.12600 
23.90499 2.12700 
23.91671 2.12800 
23.92843 2.12900 
23.94015 2.13000 
23.95187 2.13100 
23.96358 2.13200 
23.97530 2.13300 
23.98702 2.13400 
23.99874 2.13500 
24.01046 2.13600 
24.02218 2.13700 
24.03390 2.13800 
24.04562 2.13900 
24.05734 2.14000 
24.06906 2.14100 
24.08078 2.14200 
24.09250 2.14300 
24.10422 2.14400 
24.11594 2.14500 
24.12766 2.14600 
24.13937 2.14700 
24.15109 2.14800 
24.16281 2.14900 
24.17453 2.15000 
24.18625 2.15100 
24.19797 2.15200 
24.20969 2.15300 
24.22141 2.15400 
24.23313 2.15500 
24.24485 2.15600 
24.25657 2.15700 
24.26829 2.15800 
24.28001 2.15900 
24.29173 2.16000 
24.30345 2.16100 
24.31516 2.16200 
24.32688 2.16300 
24.33860 2.16400 
24.35032 2.16500 
24.36204 2.16600 
24.37376 2.16700 
24.38548 2.16800 
24.39720 2.16900 
24.40892 2.17000 
24.42064 2.17100 
24.43236 2.17200 
24.44408 2.17300 
24.45580 2.17400 
24.46752 2.17500 
24.47924 2.17600 
24.49095 2.17700 
24.50267 2.17800 
24.51439 2.17900 
24.52611 2.18000 
24.53783 2.18100 
24.54955 2.18200 
24.56127 2.18300 
24.57299 2.18400 
24.58471 2.18500 
24.59643 2.18600 
24.60815 2.18700 
24.61987 2.18800 
24.63159 2.18900 
24.64331 2.19000 
24.65503 2.19100 
24.66674 2.19200 
24.67846 2.19300 
24.69018 2.19400 
24.70190 2.19500 
24.71362 2.19600 
24.72534 2.19700 
24.73706 2.19800 
24.74878 2.19900 
24.76050 2.20000 
24.77222 2.20100 
24.78394 2.20200 
24.79566 2.20300 
24.80738 2.20400 
24.81910 2.20500 
24.83082 2.20600 
24.84253 2.20700 
24.85425 2.20800 
24.86597 2.20900 
24.87769 2.21000 
24.88941 2.21100 
24.90113 2.21200 
24.91285 2.21300 
24.92457 2.21400 
24.93629 2.21500 
24.94801 2.21600 
24.95973 2.21700 
24.97145 2.21800 
24.98317 2.21900 
24.99489 2.22000 
25.00660 2.22100 
25.01832 2.22200 
25.03004 2.22300 
25.04176 2.22400 
25.05348 2.22500 
25.06520 2.22600 
25.07692 2.22700 
25.08864 2.22800 
25.10036 2.22900 
25.11208 2.23000 
25.12380 2.23100 
25.13552 2.23200 
25.14724 2.23300 
25.15896 2.23400 
25.17068 2.23500 
25.18239 2.23600 
25.19411 2.23700 
25.20583 2.23800 
25.21755 2.23900 
25.22927 2.24000 
25.24099 2.24100 
25.25271 2.24200 
25.26443 2.24300 
25.27615 2.24400 
25.28787 2.24500 
25.29959 2.24600 
25.31131 2.24700 
25.32303 2.24800 
25.33475 2.24900 
25.34647 2.25000 
25.35818 2.25100 
25.36990 2.25200 
25.38162 2.25300 
25.39334 2.25400 
25.40506 2.25500 
25.41678 2.25600 
25.42850 2.25700 
25.44022 2.25800 
25.45194 2.25900 
25.46366 2.26000 
25.47538 2.26100 
25.48710 2.26200 
25.49882 2.26300 
25.51054 2.26400 
25.52226 2.26500 
25.53397 2.26600 
25.54569 2.26700 
25.55741 2.26800 
25.56913 2.26900 
25.58085 2.27000 
25.59257 2.27100 
25.60429 2.27200 
25.61601 2.27300 
25.62773 2.27400 
25.63945 2.27500 
25.65117 2.27600 
25.66289 2.27700 
25.67461 2.27800 
25.68633 2.27900 
25.69805 2.28000 
25.70976 2.28100 
25.72148 2.28200 
25.73320 2.28300 
25.74492 2.28400 
25.75664 2.28500 
25.76836 2.28600 
25.78008 2.28700 
25.79180 2.28800 
25.80352 2.28900 
25.81524 2.29000 
25.82696 2.29100 
25.83868 2.29200 
25.85040 2.29300 
25.86212 2.29400 
25.87384 2.29500 
25.88555 2.29600 
25.89727 2.29700 
25.90899 2.29800 
25.92071 2.29900 
25.93243 2.30000 
25.94415 2.30100 
25.95587 2.30200 
25.96759 2.30300 
25.97931 2.30400 
25.99103 2.30500 
26.00275 2.30600 
26.01447 2.30700 
26.02619 2.30800 
26.03791 2.30900 
26.04962 2.31000 
26.06134 2.31100 
26.07306 2.31200 
26.08478 2.31300 
26.09650 2.31400 
26.10822 2.31500 
26.11994 2.31600 
26.13166 2.31700 
26.14338 2.31800 
26.15510 2.31900 
26.16682 2.32000 
26.17854 2.32100 
26.19026 2.32200 
26.20198 2.32300 
26.21370 2.32400 
26.22541 2.32500 
26.23713 2.32600 
26.24885 2.32700 
26.26057 2.32800 
26.27229 2.32900 
26.28401 2.33000 
26.29573 2.33100 
26.30745 2.33200 
26.31917 2.33300 
26.33089 2.33400 
26.34261 2.33500 
26.35433 2.33600 
26.36605 2.33700 
26.37777 2.33800 
26.38949 2.33900 
26.40120 2.34000 
26.41292 2.34100 
26.42464 2.34200 
26.43636 2.34300 
26.44808 2.34400 
26.45980 2.34500 
26.47152 2.34600 
26.48324 2.34700 
26.49496 2.34800 
26.50668 2.34900 
26.51840 2.35000 
26.53012 2.35100 
26.54184 2.35200 
26.55356 2.35300 
26.56528 2.35400 
26.57699 2.35500 
26.58871 2.35600 
26.60043 2.35700 
26.61215 2.35800 
26.62387 2.35900 
26.63559 2.36000 
26.64731 2.36100 
26.65903 2.36200 
26.67075 2.36300 
26.68247 2.36400 
26.69419 2.36500 
26.70591 2.36600 
26.71763 2.36700 
26.72935 2.36800 
26.74107 2.36900 
26.75278 2.37000 
26.76450 2.37100 
26.77622 2.37200 
26.78794 2.37300 
26.79966 2.37400 
26.81138 2.37500 
26.82310 2.37600 
26.83482 2.37700 
26.84654 2.37800 
26.85826 2.37900 
26.86998 2.38000 
26.88170 2.38100 
26.89342 2.38200 
26.90514 2.38300 
26.91686 2.38400 
26.92857 2.38500 
26.94029 2.38600 
26.95201 2.38700 
26.96373 2.38800 
26.97545 2.38900 
26.98717 2.39000 
26.99889 2.39100 
27.01061 2.39200 
27.02233 2.39300 
27.03405 2.39400 
27.04577 2.39500 
27.05749 2.39600 
27.06921 2.39700 
27.08093 2.39800 
27.09264 2.39900 
27.10436 2.40000 
27.11608 2.40100 
27.12780 2.40200 
27.13952 2.40300 
27.15124 2.40400 
27.16296 2.40500 
27.17468 2.40600 
27.18640 2.40700 
27.19812 2.40800 
27.20984 2.40900 
27.22156 2.41000 
27.23328 2.41100 
27.24500 2.41200 
27.25672 2.41300 
27.26843 2.41400 
27.28015 2.41500 
27.29187 2.41600 
27.30359 2.41700 
27.31531 2.41800 
27.32703 2.41900 
27.33875 2.42000 
27.35047 2.42100 
27.36219 2.42200 
27.37391 2.42300 
27.38563 2.42400 
27.39735 2.42500 
27.40907 2.42600 
27.42079 2.42700 
27.43251 2.42800 
27.44422 2.42900 
27.45594 2.43000 
27.46766 2.43100 
27.47938 2.43200 
27.49110 2.43300 
27.50282 2.43400 
27.51454 2.43500 
27.52626 2.43600 
27.53798 2.43700 
27.54970 2.43800 
27.56142 2.43900 
27.57314 2.44000 
27.58486 2.44100 
27.59658 2.44200 
27.60830 2.44300 
27.62001 2.44400 
27.63173 2.44500 
27.64345 2.44600 
27.65517 2.44700 
27.66689 2.44800 
27.67861 2.44900 
27.69033 2.45000 
27.70205 2.45100 
27.71377 2.45200 
27.72549 2.45300 
27.73721 2.45400 
27.74893 2.45500 
27.76065 2.45600 
27.77237 2.45700 
27.78409 2.45800 
27.79580 2.45900 
27.80752 2.46000 
27.81924 2.46100 
27.83096 2.46200 
27.84268 2.46300 
27.85440 2.46400 
27.86612 2.46500 
27.87784 2.46600 
27.88956 2.46700 
27.90128 2.46800 
27.91300 2.46900 
27.92472 2.47000 
27.93644 2.47100 
27.94816 2.47200 
27.95988 2.47300 
27.97159 2.47400 
27.98331 2.47500 
27.99503 2.47600 
28.00675 2.47700 
28.01847 2.47800 
28.03019 2.47900 
28.04191 2.48000 
28.05363 2.48100 
28.06535 2.48200 
28.07707 2.48300 
28.08879 2.48400 
28.10051 2.48500 
28.11223 2.48600 
28.12395 2.48700 
28.13567 2.48800 
28.14738 2.48900 
28.15910 2.49000 
28.17082 2.49100 
28.18254 2.49200 
28.19426 2.49300 
28.20598 2.49400 
28.21770 2.49500 
28.22942 2.49600 
28.24114 2.49700 
28.25286 2.49800 
28.26458 2.49900 
28.27630 2.50000 
28.28802 2.50100 
28.29974 2.50200 
28.31145 2.50300 
28.32317 2.50400 
28.33489 2.50500 
28.34661 2.50600 
28.35833 2.50700 
28.37005 2.50800 
28.38177 2.50900 
28.39349 2.51000 
28.40521 2.51100 
28.41693 2.51200 
28.42865 2.51300 
28.44037 2.51400 
28.45209 2.51500 
28.46381 2.51600 
28.47553 2.51700 
28.48724 2.51800 
28.49896 2.51900 
28.51068 2.52000 
28.52240 2.52100 
28.53412 2.52200 
28.54584 2.52300 
28.55756 2.52400 
28.56928 2.52500 
28.58100 2.52600 
28.59272 2.52700 
28.60444 2.52800 
28.61616 2.52900 
28.62788 2.53000 
28.63960 2.53100 
28.65132 2.53200 
28.66303 2.53300 
28.67475 2.53400 
28.68647 2.53500 
28.69819 2.53600 
28.70991 2.53700 
28.72163 2.53800 
28.73335 2.53900 
28.74507 2.54000 
28.75679 2.54100 
28.76851 2.54200 
28.78023 2.54300 
28.79195 2.54400 
28.80367 2.54500 
28.81539 2.54600 
28.82711 2.54700 
28.83882 2.54800 
28.85054 2.54900 
28.86226 2.55000 
28.87398 2.55100 
28.88570 2.55200 
28.89742 2.55300 
28.90914 2.55400 
28.92086 2.55500 
28.93258 2.55600 
28.94430 2.55700 
28.95602 2.55800 
28.96774 2.55900 
28.97946 2.56000 
28.99118 2.56100 
29.00290 2.56200 
29.01461 2.56300 
29.02633 2.56400 
29.03805 2.56500 
29.04977 2.56600 
29.06149 2.56700 
29.07321 2.56800 
29.08493 2.56900 
29.09665 2.57000 
29.10837 2.57100 
29.12009 2.57200 
29.13181 2.57300 
29.14353 2.57400 
29.15525 2.57500 
29.16697 2.57600 
29.17869 2.57700 
29.19040 2.57800 
29.20212 2.57900 
29.21384 2.58000 
29.22556 2.58100 
29.23728 2.58200 
29.24900 2.58300 
29.26072 2.58400 
29.27244 2.58500 
29.28416 2.58600 
29.29588 2.58700 
29.30760 2.58800 
29.31932 2.58900 
29.33104 2.59000 
29.34276 2.59100 
29.35447 2.59200 
29.36619 2.59300 
29.37791 2.59400 
29.38963 2.59500 
29.40135 2.59600 
29.41307 2.59700 
29.42479 2.59800 
29.43651 2.59900 
29.44823 2.60000 
29.45995 2.60100 
29.47167 2.60200 
29.48339 2.60300 
29.49511 2.60400 
29.50683 2.60500 
29.51855 2.60600 
29.53026 2.60700 
29.54198 2.60800 
29.55370 2.60900 
29.56542 2.61000 
29.57714 2.61100 
29.58886 2.61200 
29.60058 2.61300 
29.61230 2.61400 
29.62402 2.61500 
29.63574 2.61600 
29.64746 2.61700 
29.65918 2.61800 
29.67090 2.61900 
29.68262 2.62000 
29.69434 2.62100 
29.70605 2.62200 
29.71777 2.62300 
29.72949 2.62400 
29.74121 2.62500 
29.75293 2.62600 
29.76465 2.62700 
29.77637 2.62800 
29.78809 2.62900 
29.79981 2.63000 
29.81153 2.63100 
29.82325 2.63200 
29.83497 2.63300 
29.84669 2.63400 
29.85841 2.63500 
29.87013 2.63600 
29.88184 2.63700 
29.89356 2.63800 
29.90528 2.63900 
29.91700 2.64000 
29.92872 2.64100 
29.94044 2.64200 
29.95216 2.64300 
29.96388 2.64400 
29.97560 2.64500 
29.98732 2.64600 
29.99904 2.64700 
30.01076 2.64800 
30.02248 2.64900 
30.03420 2.65000 
30.04592 2.65100 
30.05763 2.65200 
30.06935 2.65300 
30.08107 2.65400 
30.09279 2.65500 
30.10451 2.65600 
30.11623 2.65700 
30.12795 2.65800 
30.13967 2.65900 
30.15139 2.66000 
30.16311 2.66100 
30.17483 2.66200 
30.18655 2.66300 
30.19827 2.66400 
30.20999 2.66500 
30.22171 2.66600 
30.23342 2.66700 
30.24514 2.66800 
30.25686 2.66900 
30.26858 2.67000 
30.28030 2.67100 
30.29202 2.67200 
30.30374 2.67300 
30.31546 2.67400 
30.32718 2.67500 
30.33890 2.67600 
30.35062 2.67700 
30.36234 2.67800 
30.37406 2.67900 
30.38578 2.68000 
30.39750 2.68100 
30.40921 2.68200 
30.42093 2.68300 
30.43265 2.68400 
30.44437 2.68500 
30.45609 2.68600 
30.46781 2.68700 
30.47953 2.68800 
30.49125 2.68900 
30.50297 2.69000 
30.51469 2.69100 
30.52641 2.69200 
30.53813 2.69300 
30.54985 2.69400 
30.56157 2.69500 
30.57328 2.69600 
30.58500 2.69700 
30.59672 2.69800 
30.60844 2.69900 
30.62016 2.70000 
30.63188 2.70100 
30.64360 2.70200 
30.65532 2.70300 
30.66704 2.70400 
30.67876 2.70500 
30.69048 2.70600 
30.70220 2.70700 
30.71392 2.70800 
30.72564 2.70900 
30.73736 2.71000 
30.74907 2.71100 
30.76079 2.71200 
30.77251 2.71300 
30.78423 2.71400 
30.79595 2.71500 
30.80767 2.71600 
30.81939 2.71700 
30.83111 2.71800 
30.84283 2.71900 
30.85455 2.72000 
30.86627 2.72100 
30.87799 2.72200 
30.88971 2.72300 
30.90143 2.72400 
30.91315 2.72500 
30.92486 2.72600 
30.93658 2.72700 
30.94830 2.72800 
30.96002 2.72900 
30.97174 2.73000 
30.98346 2.73100 
30.99518 2.73200 
31.00690 2.73300 
31.01862 2.73400 
31.03034 2.73500 
31.04206 2.73600 
31.05378 2.73700 
31.06550 2.73800 
31.07722 2.73900 
31.08894 2.74000 
31.10065 2.74100 
31.11237 2.74200 
31.12409 2.74300 
31.13581 2.74400 
31.14753 2.74500 
31.15925 2.74600 
31.17097 2.74700 
31.18269 2.74800 
31.19441 2.74900 
31.20613 2.75000 
31.21785 2.75100 
31.22957 2.75200 
31.24129 2.75300 
31.25301 2.75400 
31.26473 2.75500 
31.27644 2.75600 
31.28816 2.75700 
31.29988 2.75800 
31.31160 2.75900 
31.32332 2.76000 
31.33504 2.76100 
31.34676 2.76200 
31.35848 2.76300 
31.37020 2.76400 
31.38192 2.76500 
31.39364 2.76600 
31.40536 2.76700 
31.41708 2.76800 
31.42880 2.76900 
31.44052 2.77000 
31.45223 2.77100 
31.46395 2.77200 
31.47567 2.77300 
31.48739 2.77400 
31.49911 2.77500 
31.51083 2.77600 
31.52255 2.77700 
31.53427 2.77800 
31.54599 2.77900 
31.55771 2.78000 
31.56943 2.78100 
31.58115 2.78200 
31.59287 2.78300 
31.60459 2.78400 
31.61630 2.78500 
31.62802 2.78600 
31.63974 2.78700 
31.65146 2.78800 
31.66318 2.78900 
31.67490 2.79000 
31.68662 2.79100 
31.69834 2.79200 
31.71006 2.79300 
31.72178 2.79400 
31.73350 2.79500 
31.74522 2.79600 
31.75694 2.79700 
31.76866 2.79800 
31.78038 2.79900 
31.79209 2.80000 
31.80381 2.80100 
31.81553 2.80200 
31.82725 2.80300 
31.83897 2.80400 
31.85069 2.80500 
31.86241 2.80600 
31.87413 2.80700 
31.88585 2.80800 
31.89757 2.80900 
31.90929 2.81000 
31.92101 2.81100 
31.93273 2.81200 
31.94445 2.81300 
31.95617 2.81400 
31.96788 2.81500 
31.97960 2.81600 
31.99132 2.81700 
32.00304 2.81800 
32.01476 2.81900 
32.02648 2.82000 
32.03820 2.82100 
32.04992 2.82200 
32.06164 2.82300 
32.07336 2.82400 
32.08508 2.82500 
32.09680 2.82600 
32.10852 2.82700 
32.12024 2.82800 
32.13196 2.82900 
32.14367 2.83000 
32.15539 2.83100 
32.16711 2.83200 
32.17883 2.83300 
32.19055 2.83400 
32.20227 2.83500 
32.21399 2.83600 
32.22571 2.83700 
32.23743 2.83800 
32.24915 2.83900 
32.26087 2.84000 
32.27259 2.84100 
32.28431 2.84200 
32.29603 2.84300 
32.30775 2.84400 
32.31946 2.84500 
32.33118 2.84600 
32.34290 2.84700 
32.35462 2.84800 
32.36634 2.84900 
32.37806 2.85000 
32.38978 2.85100 
32.40150 2.85200 
32.41322 2.85300 
32.42494 2.85400 
32.43666 2.85500 
32.44838 2.85600 
32.46010 2.85700 
32.47182 2.85800 
32.48354 2.85900 
32.49525 2.86000 
32.50697 2.86100 
32.51869 2.86200 
32.53041 2.86300 
32.54213 2.86400 
32.55385 2.86500 
32.56557 2.86600 
32.57729 2.86700 
32.58901 2.86800 
32.60073 2.86900 
32.61245 2.87000 
32.62417 2.87100 
32.63589 2.87200 
32.64761 2.87300 
32.65933 2.87400 
32.67104 2.87500 
32.68276 2.87600 
32.69448 2.87700 
32.70620 2.87800 
32.71792 2.87900 
32.72964 2.88000 
32.74136 2.88100 
32.75308 2.88200 
32.76480 2.88300 
32.77652 2.88400 
32.78824 2.88500 
32.79996 2.88600 
32.81168 2.88700 
32.82340 2.88800 
32.83511 2.88900 
32.84683 2.89000 
32.85855 2.89100 
32.87027 2.89200 
32.88199 2.89300 
32.89371 2.89400 
32.90543 2.89500 
32.91715 2.89600 
32.92887 2.89700 
32.94059 2.89800 
32.95231 2.89900 
32.96403 2.90000 
32.97575 2.90100 
32.98747 2.90200 
32.99919 2.90300 
33.01090 2.90400 
33.02262 2.90500 
33.03434 2.90600 
33.04606 2.90700 
33.05778 2.90800 
33.06950 2.90900 
33.08122 2.91000 
33.09294 2.91100 
33.10466 2.91200 
33.11638 2.91300 
33.12810 2.91400 
33.13982 2.91500 
33.15154 2.91600 
33.16326 2.91700 
33.17498 2.91800 
33.18669 2.91900 
33.19841 2.92000 
33.21013 2.92100 
33.22185 2.92200 
33.23357 2.92300 
33.24529 2.92400 
33.25701 2.92500 
33.26873 2.92600 
33.28045 2.92700 
33.29217 2.92800 
33.30389 2.92900 
33.31561 2.93000 
33.32733 2.93100 
33.33905 2.93200 
33.35077 2.93300 
33.36248 2.93400 
33.37420 2.93500 
33.38592 2.93600 
33.39764 2.93700 
33.40936 2.93800 
33.42108 2.93900 
33.43280 2.94000 
33.44452 2.94100 
33.45624 2.94200 
33.46796 2.94300 
33.47968 2.94400 
33.49140 2.94500 
33.50312 2.94600 
33.51484 2.94700 
33.52656 2.94800 
33.53827 2.94900 
33.54999 2.95000 
33.56171 2.95100 
33.57343 2.95200 
33.58515 2.95300 
33.59687 2.95400 
33.60859 2.95500 
33.62031 2.95600 
33.63203 2.95700 
33.64375 2.95800 
33.65547 2.95900 
33.66719 2.96000 
33.67891 2.96100 
33.69063 2.96200 
33.70235 2.96300 
33.71406 2.96400 
33.72578 2.96500 
33.73750 2.96600 
33.74922 2.96700 
33.76094 2.96800 
33.77266 2.96900 
33.78438 2.97000 
33.79610 2.97100 
33.80782 2.97200 
33.81954 2.97300 
33.83126 2.97400 
33.84298 2.97500 
33.85470 2.97600 
33.86642 2.97700 
33.87813 2.97800 
33.88985 2.97900 
33.90157 2.98000 
33.91329 2.98100 
33.92501 2.98200 
33.93673 2.98300 
33.94845 2.98400 
33.96017 2.98500 
33.97189 2.98600 
33.98361 2.98700 
33.99533 2.98800 
34.00705 2.98900 
34.01877 2.99000 
34.03049 2.99100 
34.04221 2.99200 
34.05392 2.99300 
34.06564 2.99400 
34.07736 2.99500 
34.08908 2.99600 
34.10080 2.99700 
34.11252 2.99800 
34.12424 2.99900 
34.13596 3.00000 
34.14768 3.00100 
34.15940 3.00200 
34.17112 3.00300 
34.18284 3.00400 
34.19456 3.00500 
34.20628 3.00600 
34.21800 3.00700 
34.22971 3.00800 
34.24143 3.00900 
34.25315 3.01000 
34.26487 3.01100 
34.27659 3.01200 
34.28831 3.01300 
34.30003 3.01400 
34.31175 3.01500 
34.32347 3.01600 
34.33519 3.01700 
34.34691 3.01800 
34.35863 3.01900 
34.37035 3.02000 
34.38207 3.02100 
34.39379 3.02200 
34.40550 3.02300 
34.41722 3.02400 
34.42894 3.02500 
34.44066 3.02600 
34.45238 3.02700 
34.46410 3.02800 
34.47582 3.02900 
34.48754 3.03000 
34.49926 3.03100 
34.51098 3.03200 
34.52270 3.03300 
34.53442 3.03400 
34.54614 3.03500 
34.55786 3.03600 
34.56958 3.03700 
34.58129 3.03800 
34.59301 3.03900 
34.60473 3.04000 
34.61645 3.04100 
34.62817 3.04200 
34.63989 3.04300 
34.65161 3.04400 
34.66333 3.04500 
34.67505 3.04600 
34.68677 3.04700 
34.69849 3.04800 
34.71021 3.04900 
34.72193 3.05000 
34.73365 3.05100 
34.74537 3.05200 
34.75708 3.05300 
34.76880 3.05400 
34.78052 3.05500 
34.79224 3.05600 
34.80396 3.05700 
34.81568 3.05800 
34.82740 3.05900 
34.83912 3.06000 
34.85084 3.06100 
34.86256 3.06200 
34.87428 3.06300 
34.88600 3.06400 
34.89772 3.06500 
34.90944 3.06600 
34.92116 3.06700 
34.93287 3.06800 
34.94459 3.06900 
34.95631 3.07000 
34.96803 3.07100 
34.97975 3.07200 
34.99147 3.07300 
35.00319 3.07400 
35.01491 3.07500 
35.02663 3.07600 
35.03835 3.07700 
35.05007 3.07800 
35.06179 3.07900 
35.07351 3.08000 
35.08523 3.08100 
35.09694 3.08200 
35.10866 3.08300 
35.12038 3.08400 
35.13210 3.08500 
35.14382 3.08600 
35.15554 3.08700 
35.16726 3.08800 
35.17898 3.08900 
35.19070 3.09000 
35.20242 3.09100 
35.21414 3.09200 
35.22586 3.09300 
35.23758 3.09400 
35.24930 3.09500 
35.26102 3.09600 
35.27273 3.09700 
35.28445 3.09800 
35.29617 3.09900 
35.30789 3.10000 
35.31961 3.10100 
35.33133 3.10200 
35.34305 3.10300 
35.35477 3.10400 
35.36649 3.10500 
35.37821 3.10600 
35.38993 3.10700 
35.40165 3.10800 
35.41337 3.10900 
35.42509 3.11000 
35.43681 3.11100 
35.44852 3.11200 
35.46024 3.11300 
35.47196 3.11400 
35.48368 3.11500 
35.49540 3.11600 
35.50712 3.11700 
35.51884 3.11800 
35.53056 3.11900 
35.54228 3.12000 
35.55400 3.12100 
35.56572 3.12200 
35.57744 3.12300 
35.58916 3.12400 
35.60088 3.12500 
35.61260 3.12600 
35.62431 3.12700 
35.63603 3.12800 
35.64775 3.12900 
35.65947 3.13000 
35.67119 3.13100 
35.68291 3.13200 
35.69463 3.13300 
35.70635 3.13400 
35.71807 3.13500 
35.72979 3.13600 
35.74151 3.13700 
35.75323 3.13800 
35.76495 3.13900 
35.77667 3.14000 
35.78839 3.14100 
35.80010 3.14200 
35.81182 3.14300 
35.82354 3.14400 
35.83526 3.14500 
35.84698 3.14600 
35.85870 3.14700 
35.87042 3.14800 
35.88214 3.14900 
35.89386 3.15000 
35.90558 3.15100 
35.91730 3.15200 
35.92902 3.15300 
35.94074 3.15400 
35.95246 3.15500 
35.96418 3.15600 
35.97589 3.15700 
35.98761 3.15800 
35.99933 3.15900 
36.01105 3.16000 
36.02277 3.16100 
36.03449 3.16200 
36.04621 3.16300 
36.05793 3.16400 
36.06965 3.16500 
36.08137 3.16600 
36.09309 3.16700 
36.10481 3.16800 
36.11653 3.16900 
36.12825 3.17000 
36.13996 3.17100 
36.15168 3.17200 
36.16340 3.17300 
36.17512 3.17400 
36.18684 3.17500 
36.19856 3.17600 
36.21028 3.17700 
36.22200 3.17800 
36.23372 3.17900 
36.24544 3.18000 
36.25716 3.18100 
36.26888 3.18200 
36.28060 3.18300 
36.29232 3.18400 
36.30404 3.18500 
36.31575 3.18600 
36.32747 3.18700 
36.33919 3.18800 
36.35091 3.18900 
36.36263 3.19000 
36.37435 3.19100 
36.38607 3.19200 
36.39779 3.19300 
36.40951 3.19400 
36.42123 3.19500 
36.43295 3.19600 
36.44467 3.19700 
36.45639 3.19800 
36.46811 3.19900 
36.47983 3.20000 
36.49154 3.20100 
36.50326 3.20200 
36.51498 3.20300 
36.52670 3.20400 
36.53842 3.20500 
36.55014 3.20600 
36.56186 3.20700 
36.57358 3.20800 
36.58530 3.20900 
36.59702 3.21000 
36.60874 3.21100 
36.62046 3.21200 
36.63218 3.21300 
36.64390 3.21400 
36.65562 3.21500 
36.66733 3.21600 
36.67905 3.21700 
36.69077 3.21800 
36.70249 3.21900 
36.71421 3.22000 
36.72593 3.22100 
36.73765 3.22200 
36.74937 3.22300 
36.76109 3.22400 
36.77281 3.22500 
36.78453 3.22600 
36.79625 3.22700 
36.80797 3.22800 
36.81969 3.22900 
36.83141 3.23000 
36.84312 3.23100 
36.85484 3.23200 
36.86656 3.23300 
36.87828 3.23400 
36.89000 3.23500 
36.90172 3.23600 
36.91344 3.23700 
36.92516 3.23800 
36.93688 3.23900 
36.94860 3.24000 
36.96032 3.24100 
36.97204 3.24200 
36.98376 3.24300 
36.99548 3.24400 
37.00720 3.24500 
37.01891 3.24600 
37.03063 3.24700 
37.04235 3.24800 
37.05407 3.24900 
37.06579 3.25000 
37.07751 3.25100 
37.08923 3.25200 
37.10095 3.25300 
37.11267 3.25400 
37.12439 3.25500 
37.13611 3.25600 
37.14783 3.25700 
37.15955 3.25800 
37.17127 3.25900 
37.18298 3.26000 
37.19470 3.26100 
37.20642 3.26200 
37.21814 3.26300 
37.22986 3.26400 
37.24158 3.26500 
37.25330 3.26600 
37.26502 3.26700 
37.27674 3.26800 
37.28846 3.26900 
37.30018 3.27000 
37.31190 3.27100 
37.32362 3.27200 
37.33534 3.27300 
37.34706 3.27400 
37.35877 3.27500 
37.37049 3.27600 
37.38221 3.27700 
37.39393 3.27800 
37.40565 3.27900 
37.41737 3.28000 
37.42909 3.28100 
37.44081 3.28200 
37.45253 3.28300 
37.46425 3.28400 
37.47597 3.28500 
37.48769 3.28600 
37.49941 3.28700 
37.51113 3.28800 
37.52285 3.28900 
37.53456 3.29000 
37.54628 3.29100 
37.55800 3.29200 
37.56972 3.29300 
37.58144 3.29400 
37.59316 3.29500 
37.60488 3.29600 
37.61660 3.29700 
37.62832 3.29800 
37.64004 3.29900 
37.65176 3.30000 
37.66348 3.30100 
37.67520 3.30200 
37.68692 3.30300 
37.69864 3.30400 
37.71035 3.30500 
37.72207 3.30600 
37.73379 3.30700 
37.74551 3.30800 
37.75723 3.30900 
37.76895 3.31000 
37.78067 3.31100 
37.79239 3.31200 
37.80411 3.31300 
37.81583 3.31400 
37.82755 3.31500 
37.83927 3.31600 
37.85099 3.31700 
37.86271 3.31800 
37.87443 3.31900 
37.88614 3.32000 
37.89786 3.32100 
37.90958 3.32200 
37.92130 3.32300 
37.93302 3.32400 
37.94474 3.32500 
37.95646 3.32600 
37.96818 3.32700 
37.97990 3.32800 
37.99162 3.32900 
38.00334 3.33000 
38.01506 3.33100 
38.02678 3.33200 
38.03850 3.33300 
38.05022 3.33400 
38.06193 3.33500 
38.07365 3.33600 
38.08537 3.33700 
38.09709 3.33800 
38.10881 3.33900 
38.12053 3.34000 
38.13225 3.34100 
38.14397 3.34200 
38.15569 3.34300 
38.16741 3.34400 
38.17913 3.34500 
38.19085 3.34600 
38.20257 3.34700 
38.21429 3.34800 
38.22601 3.34900 
38.23772 3.35000 
38.24944 3.35100 
38.26116 3.35200 
38.27288 3.35300 
38.28460 3.35400 
38.29632 3.35500 
38.30804 3.35600 
38.31976 3.35700 
38.33148 3.35800 
38.34320 3.35900 
38.35492 3.36000 
38.36664 3.36100 
38.37836 3.36200 
38.39008 3.36300 
38.40179 3.36400 
38.41351 3.36500 
38.42523 3.36600 
38.43695 3.36700 
38.44867 3.36800 
38.46039 3.36900 
38.47211 3.37000 
38.48383 3.37100 
38.49555 3.37200 
38.50727 3.37300 
38.51899 3.37400 
38.53071 3.37500 
38.54243 3.37600 
38.55415 3.37700 
38.56587 3.37800 
38.57758 3.37900 
38.58930 3.38000 
38.60102 3.38100 
38.61274 3.38200 
38.62446 3.38300 
38.63618 3.38400 
38.64790 3.38500 
38.65962 3.38600 
38.67134 3.38700 
38.68306 3.38800 
38.69478 3.38900 
38.70650 3.39000 
38.71822 3.39100 
38.72994 3.39200 
38.74166 3.39300 
38.75337 3.39400 
38.76509 3.39500 
38.77681 3.39600 
38.78853 3.39700 
38.80025 3.39800 
38.81197 3.39900 
38.82369 3.40000 
38.83541 3.40100 
38.84713 3.40200 
38.85885 3.40300 
38.87057 3.40400 
38.88229 3.40500 
38.89401 3.40600 
38.90573 3.40700 
38.91745 3.40800 
38.92916 3.40900 
38.94088 3.41000 
38.95260 3.41100 
38.96432 3.41200 
38.97604 3.41300 
38.98776 3.41400 
38.99948 3.41500 
39.01120 3.41600 
39.02292 3.41700 
39.03464 3.41800 
39.04636 3.41900 
39.05808 3.42000 
39.06980 3.42100 
39.08152 3.42200 
39.09324 3.42300 
39.10495 3.42400 
39.11667 3.42500 
39.12839 3.42600 
39.14011 3.42700 
39.15183 3.42800 
39.16355 3.42900 
39.17527 3.43000 
39.18699 3.43100 
39.19871 3.43200 
39.21043 3.43300 
39.22215 3.43400 
39.23387 3.43500 
39.24559 3.43600 
39.25731 3.43700 
39.26903 3.43800 
39.28074 3.43900 
39.29246 3.44000 
39.30418 3.44100 
39.31590 3.44200 
39.32762 3.44300 
39.33934 3.44400 
39.35106 3.44500 
39.36278 3.44600 
39.37450 3.44700 
39.38622 3.44800 
39.39794 3.44900 
39.40966 3.45000 
39.42138 3.45100 
39.43310 3.45200 
39.44481 3.45300 
39.45653 3.45400 
39.46825 3.45500 
39.47997 3.45600 
39.49169 3.45700 
39.50341 3.45800 
39.51513 3.45900 
39.52685 3.46000 
39.53857 3.46100 
39.55029 3.46200 
39.56201 3.46300 
39.57373 3.46400 
39.58545 3.46500 
39.59717 3.46600 
39.60889 3.46700 
39.62060 3.46800 
39.63232 3.46900 
39.64404 3.47000 
39.65576 3.47100 
39.66748 3.47200 
39.67920 3.47300 
39.69092 3.47400 
39.70264 3.47500 
39.71436 3.47600 
39.72608 3.47700 
39.73780 3.47800 
39.74952 3.47900 
39.76124 3.48000 
39.77296 3.48100 
39.78468 3.48200 
39.79639 3.48300 
39.80811 3.48400 
39.81983 3.48500 
39.83155 3.48600 
39.84327 3.48700 
39.85499 3.48800 
39.86671 3.48900 
39.87843 3.49000 
39.89015 3.49100 
39.90187 3.49200 
39.91359 3.49300 
39.92531 3.49400 
39.93703 3.49500 
39.94875 3.49600 
39.96047 3.49700 
39.97218 3.49800 
39.98390 3.49900 
39.99562 3.50000 
40.00734 3.50100 
40.01906 3.50200 
40.03078 3.50300 
40.04250 3.50400 
40.05422 3.50500 
40.06594 3.50600 
40.07766 3.50700 
40.08938 3.50800 
40.10110 3.50900 
40.11282 3.51000 
40.12454 3.51100 
40.13626 3.51200 
40.14797 3.51300 
40.15969 3.51400 
40.17141 3.51500 
40.18313 3.51600 
40.19485 3.51700 
40.20657 3.51800 
40.21829 3.51900 
40.23001 3.52000 
40.24173 3.52100 
40.25345 3.52200 
40.26517 3.52300 
40.27689 3.52400 
40.28861 3.52500 
40.30033 3.52600 
40.31205 3.52700 
40.32376 3.52800 
40.33548 3.52900 
40.34720 3.53000 
40.35892 3.53100 
40.37064 3.53200 
40.38236 3.53300 
40.39408 3.53400 
40.40580 3.53500 
40.41752 3.53600 
40.42924 3.53700 
40.44096 3.53800 
40.45268 3.53900 
40.46440 3.54000 
40.47612 3.54100 
40.48784 3.54200 
40.49955 3.54300 
40.51127 3.54400 
40.52299 3.54500 
40.53471 3.54600 
40.54643 3.54700 
40.55815 3.54800 
40.56987 3.54900 
40.58159 3.55000 
40.59331 3.55100 
40.60503 3.55200 
40.61675 3.55300 
40.62847 3.55400 
40.64019 3.55500 
40.65191 3.55600 
40.66362 3.55700 
40.67534 3.55800 
40.68706 3.55900 
40.69878 3.56000 
40.71050 3.56100 
40.72222 3.56200 
40.73394 3.56300 
40.74566 3.56400 
40.75738 3.56500 
40.76910 3.56600 
40.78082 3.56700 
40.79254 3.56800 
40.80426 3.56900 
40.81598 3.57000 
40.82770 3.57100 
40.83941 3.57200 
40.85113 3.57300 
40.86285 3.57400 
40.87457 3.57500 
40.88629 3.57600 
40.89801 3.57700 
40.90973 3.57800 
40.92145 3.57900 
40.93317 3.58000 
40.94489 3.58100 
40.95661 3.58200 
40.96833 3.58300 
40.98005 3.58400 
40.99177 3.58500 
41.00349 3.58600 
41.01520 3.58700 
41.02692 3.58800 
41.03864 3.58900 
41.05036 3.59000 
41.06208 3.59100 
41.07380 3.59200 
41.08552 3.59300 
41.09724 3.59400 
41.10896 3.59500 
41.12068 3.59600 
41.13240 3.59700 
41.14412 3.59800 
41.15584 3.59900 
41.16756 3.60000 
41.17928 3.60100 
41.19099 3.60200 
41.20271 3.60300 
41.21443 3.60400 
41.22615 3.60500 
41.23787 3.60600 
41.24959 3.60700 
41.26131 3.60800 
41.27303 3.60900 
41.28475 3.61000 
41.29647 3.61100 
41.30819 3.61200 
41.31991 3.61300 
41.33163 3.61400 
41.34335 3.61500 
41.35507 3.61600 
41.36678 3.61700 
41.37850 3.61800 
41.39022 3.61900 
41.40194 3.62000 
41.41366 3.62100 
41.42538 3.62200 
41.43710 3.62300 
41.44882 3.62400 
41.46054 3.62500 
41.47226 3.62600 
41.48398 3.62700 
41.49570 3.62800 
41.50742 3.62900 
41.51914 3.63000 
41.53086 3.63100 
41.54257 3.63200 
41.55429 3.63300 
41.56601 3.63400 
41.57773 3.63500 
41.58945 3.63600 
41.60117 3.63700 
41.61289 3.63800 
41.62461 3.63900 
41.63633 3.64000 
41.64805 3.64100 
41.65977 3.64200 
41.67149 3.64300 
41.68321 3.64400 
41.69493 3.64500 
41.70664 3.64600 
41.71836 3.64700 
41.73008 3.64800 
41.74180 3.64900 
41.75352 3.65000 
41.76524 3.65100 
41.77696 3.65200 
41.78868 3.65300 
41.80040 3.65400 
41.81212 3.65500 
41.82384 3.65600 
41.83556 3.65700 
41.84728 3.65800 
41.85900 3.65900 
41.87072 3.66000 
41.88243 3.66100 
41.89415 3.66200 
41.90587 3.66300 
41.91759 3.66400 
41.92931 3.66500 
41.94103 3.66600 
41.95275 3.66700 
41.96447 3.66800 
41.97619 3.66900 
41.98791 3.67000 
41.99963 3.67100 
42.01135 3.67200 
42.02307 3.67300 
42.03479 3.67400 
42.04651 3.67500 
42.05822 3.67600 
42.06994 3.67700 
42.08166 3.67800 
42.09338 3.67900 
42.10510 3.68000 
42.11682 3.68100 
42.12854 3.68200 
42.14026 3.68300 
42.15198 3.68400 
42.16370 3.68500 
42.17542 3.68600 
42.18714 3.68700 
42.19886 3.68800 
42.21058 3.68900 
42.22230 3.69000 
42.23401 3.69100 
42.24573 3.69200 
42.25745 3.69300 
42.26917 3.69400 
42.28089 3.69500 
42.29261 3.69600 
42.30433 3.69700 
42.31605 3.69800 
42.32777 3.69900 
42.33949 3.70000 
42.35121 3.70100 
42.36293 3.70200 
42.37465 3.70300 
42.38637 3.70400 
42.39809 3.70500 
42.40980 3.70600 
42.42152 3.70700 
42.43324 3.70800 
42.44496 3.70900 
42.45668 3.71000 
42.46840 3.71100 
42.48012 3.71200 
42.49184 3.71300 
42.50356 3.71400 
42.51528 3.71500 
42.52700 3.71600 
42.53872 3.71700 
42.55044 3.71800 
42.56216 3.71900 
42.57388 3.72000 
42.58559 3.72100 
42.59731 3.72200 
42.60903 3.72300 
42.62075 3.72400 
42.63247 3.72500 
42.64419 3.72600 
42.65591 3.72700 
42.66763 3.72800 
42.67935 3.72900 
42.69107 3.73000 
42.70279 3.73100 
42.71451 3.73200 
42.72623 3.73300 
42.73795 3.73400 
42.74967 3.73500 
42.76138 3.73600 
42.77310 3.73700 
42.78482 3.73800 
42.79654 3.73900 
42.80826 3.74000 
42.81998 3.74100 
42.83170 3.74200 
42.84342 3.74300 
42.85514 3.74400 
42.86686 3.74500 
42.87858 3.74600 
42.89030 3.74700 
42.90202 3.74800 
42.91374 3.74900 
42.92545 3.75000 
42.93717 3.75100 
42.94889 3.75200 
42.96061 3.75300 
42.97233 3.75400 
42.98405 3.75500 
42.99577 3.75600 
43.00749 3.75700 
43.01921 3.75800 
43.03093 3.75900 
43.04265 3.76000 
43.05437 3.76100 
43.06609 3.76200 
43.07781 3.76300 
43.08953 3.76400 
43.10124 3.76500 
43.11296 3.76600 
43.12468 3.76700 
43.13640 3.76800 
43.14812 3.76900 
43.15984 3.77000 
43.17156 3.77100 
43.18328 3.77200 
43.19500 3.77300 
43.20672 3.77400 
43.21844 3.77500 
43.23016 3.77600 
43.24188 3.77700 
43.25360 3.77800 
43.26532 3.77900 
43.27703 3.78000 
43.28875 3.78100 
43.30047 3.78200 
43.31219 3.78300 
43.32391 3.78400 
43.33563 3.78500 
43.34735 3.78600 
43.35907 3.78700 
43.37079 3.78800 
43.38251 3.78900 
43.39423 3.79000 
43.40595 3.79100 
43.41767 3.79200 
43.42939 3.79300 
43.44111 3.79400 
43.45282 3.79500 
43.46454 3.79600 
43.47626 3.79700 
43.48798 3.79800 
43.49970 3.79900 
43.51142 3.80000 
43.52314 3.80100 
43.53486 3.80200 
43.54658 3.80300 
43.55830 3.80400 
43.57002 3.80500 
43.58174 3.80600 
43.59346 3.80700 
43.60518 3.80800 
43.61690 3.80900 
43.62861 3.81000 
43.64033 3.81100 
43.65205 3.81200 
43.66377 3.81300 
43.67549 3.81400 
43.68721 3.81500 
43.69893 3.81600 
43.71065 3.81700 
43.72237 3.81800 
43.73409 3.81900 
43.74581 3.82000 
43.75753 3.82100 
43.76925 3.82200 
43.78097 3.82300 
43.79269 3.82400 
43.80440 3.82500 
43.81612 3.82600 
43.82784 3.82700 
43.83956 3.82800 
43.85128 3.82900 
43.86300 3.83000 
43.87472 3.83100 
43.88644 3.83200 
43.89816 3.83300 
43.90988 3.83400 
43.92160 3.83500 
43.93332 3.83600 
43.94504 3.83700 
43.95676 3.83800 
43.96847 3.83900 
43.98019 3.84000 
43.99191 3.84100 
44.00363 3.84200 
44.01535 3.84300 
44.02707 3.84400 
44.03879 3.84500 
44.05051 3.84600 
44.06223 3.84700 
44.07395 3.84800 
44.08567 3.84900 
44.09739 3.85000 
44.10911 3.85100 
44.12083 3.85200 
44.13255 3.85300 
44.14426 3.85400 
44.15598 3.85500 
44.16770 3.85600 
44.17942 3.85700 
44.19114 3.85800 
44.20286 3.85900 
44.21458 3.86000 
44.22630 3.86100 
44.23802 3.86200 
44.24974 3.86300 
44.26146 3.86400 
44.27318 3.86500 
44.28490 3.86600 
44.29662 3.86700 
44.30834 3.86800 
44.32005 3.86900 
44.33177 3.87000 
44.34349 3.87100 
44.35521 3.87200 
44.36693 3.87300 
44.37865 3.87400 
44.39037 3.87500 
44.40209 3.87600 
44.41381 3.87700 
44.42553 3.87800 
44.43725 3.87900 
44.44897 3.88000 
44.46069 3.88100 
44.47241 3.88200 
44.48413 3.88300 
44.49584 3.88400 
44.50756 3.88500 
44.51928 3.88600 
44.53100 3.88700 
44.54272 3.88800 
44.55444 3.88900 
44.56616 3.89000 
44.57788 3.89100 
44.58960 3.89200 
44.60132 3.89300 
44.61304 3.89400 
44.62476 3.89500 
44.63648 3.89600 
44.64820 3.89700 
44.65992 3.89800 
44.67163 3.89900 
44.68335 3.90000 
44.69507 3.90100 
44.70679 3.90200 
44.71851 3.90300 
44.73023 3.90400 
44.74195 3.90500 
44.75367 3.90600 
44.76539 3.90700 
44.77711 3.90800 
44.78883 3.90900 
44.80055 3.91000 
44.81227 3.91100 
44.82399 3.91200 
44.83571 3.91300 
44.84742 3.91400 
44.85914 3.91500 
44.87086 3.91600 
44.88258 3.91700 
44.89430 3.91800 
44.90602 3.91900 
44.91774 3.92000 
44.92946 3.92100 
44.94118 3.92200 
44.95290 3.92300 
44.96462 3.92400 
44.97634 3.92500 
44.98806 3.92600 
44.99978 3.92700 
45.01150 3.92800 
45.02321 3.92900 
45.03493 3.93000 
45.04665 3.93100 
45.05837 3.93200 
45.07009 3.93300 
45.08181 3.93400 
45.09353 3.93500 
45.10525 3.93600 
45.11697 3.93700 
45.12869 3.93800 
45.14041 3.93900 
45.15213 3.94000 
45.16385 3.94100 
45.17557 3.94200 
45.18728 3.94300 
45.19900 3.94400 
45.21072 3.94500 
45.22244 3.94600 
45.23416 3.94700 
45.24588 3.94800 
45.25760 3.94900 
45.26932 3.95000 
45.28104 3.95100 
45.29276 3.95200 
45.30448 3.95300 
45.31620 3.95400 
45.32792 3.95500 
45.33964 3.95600 
45.35136 3.95700 
45.36307 3.95800 
45.37479 3.95900 
45.38651 3.96000 
45.39823 3.96100 
45.40995 3.96200 
45.42167 3.96300 
45.43339 3.96400 
45.44511 3.96500 
45.45683 3.96600 
45.46855 3.96700 
45.48027 3.96800 
45.49199 3.96900 
45.50371 3.97000 
45.51543 3.97100 
45.52715 3.97200 
45.53886 3.97300 
45.55058 3.97400 
45.56230 3.97500 
45.57402 3.97600 
45.58574 3.97700 
45.59746 3.97800 
45.60918 3.97900 
45.62090 3.98000 
45.63262 3.98100 
45.64434 3.98200 
45.65606 3.98300 
45.66778 3.98400 
45.67950 3.98500 
45.69122 3.98600 
45.70294 3.98700 
45.71465 3.98800 
45.72637 3.98900 
45.73809 3.99000 
45.74981 3.99100 
45.76153 3.99200 
45.77325 3.99300 
45.78497 3.99400 
45.79669 3.99500 
45.80841 3.99600 
45.82013 3.99700 
45.83185 3.99800 
45.84357 3.99900 
45.85529 4.00000 
45.86701 4.00100 
45.87873 4.00200 
45.89044 4.00300 
45.90216 4.00400 
45.91388 4.00500 
45.92560 4.00600 
45.93732 4.00700 
45.94904 4.00800 
45.96076 4.00900 
45.97248 4.01000 
45.98420 4.01100 
45.99592 4.01200 
46.00764 4.01300 
46.01936 4.01400 
46.03108 4.01500 
46.04280 4.01600 
46.05452 4.01700 
46.06623 4.01800 
46.07795 4.01900 
46.08967 4.02000 
46.10139 4.02100 
46.11311 4.02200 
46.12483 4.02300 
46.13655 4.02400 
46.14827 4.02500 
46.15999 4.02600 
46.17171 4.02700 
46.18343 4.02800 
46.19515 4.02900 
46.20687 4.03000 
46.21859 4.03100 
46.23030 4.03200 
46.24202 4.03300 
46.25374 4.03400 
46.26546 4.03500 
46.27718 4.03600 
46.28890 4.03700 
46.30062 4.03800 
46.31234 4.03900 
46.32406 4.04000 
46.33578 4.04100 
46.34750 4.04200 
46.35922 4.04300 
46.37094 4.04400 
46.38266 4.04500 
46.39438 4.04600 
46.40609 4.04700 
46.41781 4.04800 
46.42953 4.04900 
46.44125 4.05000 
46.45297 4.05100 
46.46469 4.05200 
46.47641 4.05300 
46.48813 4.05400 
46.49985 4.05500 
46.51157 4.05600 
46.52329 4.05700 
46.53501 4.05800 
46.54673 4.05900 
46.55845 4.06000 
46.57017 4.06100 
46.58188 4.06200 
46.59360 4.06300 
46.60532 4.06400 
46.61704 4.06500 
46.62876 4.06600 
46.64048 4.06700 
46.65220 4.06800 
46.66392 4.06900 
46.67564 4.07000 
46.68736 4.07100 
46.69908 4.07200 
46.71080 4.07300 
46.72252 4.07400 
46.73424 4.07500 
46.74596 4.07600 
46.75767 4.07700 
46.76939 4.07800 
46.78111 4.07900 
46.79283 4.08000 
46.80455 4.08100 
46.81627 4.08200 
46.82799 4.08300 
46.83971 4.08400 
46.85143 4.08500 
46.86315 4.08600 
46.87487 4.08700 
46.88659 4.08800 
46.89831 4.08900 
46.91003 4.09000 
46.92175 4.09100 
46.93346 4.09200 
46.94518 4.09300 
46.95690 4.09400 
46.96862 4.09500 
46.98034 4.09600 
46.99206 4.09700 
47.00378 4.09800 
47.01550 4.09900 
47.02722 4.10000 
47.03894 4.10100 
47.05066 4.10200 
47.06238 4.10300 
47.07410 4.10400 
47.08582 4.10500 
47.09754 4.10600 
47.10925 4.10700 
47.12097 4.10800 
47.13269 4.10900 
47.14441 4.11000 
47.15613 4.11100 
47.16785 4.11200 
47.17957 4.11300 
47.19129 4.11400 
47.20301 4.11500 
47.21473 4.11600 
47.22645 4.11700 
47.23817 4.11800 
47.24989 4.11900 
47.26161 4.12000 
47.27332 4.12100 
47.28504 4.12200 
47.29676 4.12300 
47.30848 4.12400 
47.32020 4.12500 
47.33192 4.12600 
47.34364 4.12700 
47.35536 4.12800 
47.36708 4.12900 
47.37880 4.13000 
47.39052 4.13100 
47.40224 4.13200 
47.41396 4.13300 
47.42568 4.13400 
47.43740 4.13500 
47.44911 4.13600 
47.46083 4.13700 
47.47255 4.13800 
47.48427 4.13900 
47.49599 4.14000 
47.50771 4.14100 
47.51943 4.14200 
47.53115 4.14300 
47.54287 4.14400 
47.55459 4.14500 
47.56631 4.14600 
47.57803 4.14700 
47.58975 4.14800 
47.60147 4.14900 
47.61319 4.15000 
47.62490 4.15100 
47.63662 4.15200 
47.64834 4.15300 
47.66006 4.15400 
47.67178 4.15500 
47.68350 4.15600 
47.69522 4.15700 
47.70694 4.15800 
47.71866 4.15900 
47.73038 4.16000 
47.74210 4.16100 
47.75382 4.16200 
47.76554 4.16300 
47.77726 4.16400 
47.78898 4.16500 
47.80069 4.16600 
47.81241 4.16700 
47.82413 4.16800 
47.83585 4.16900 
47.84757 4.17000 
47.85929 4.17100 
47.87101 4.17200 
47.88273 4.17300 
47.89445 4.17400 
47.90617 4.17500 
47.91789 4.17600 
47.92961 4.17700 
47.94133 4.17800 
47.95305 4.17900 
47.96477 4.18000 
47.97648 4.18100 
47.98820 4.18200 
47.99992 4.18300 
48.01164 4.18400 
48.02336 4.18500 
48.03508 4.18600 
48.04680 4.18700 
48.05852 4.18800 
48.07024 4.18900 
48.08196 4.19000 
48.09368 4.19100 
48.10540 4.19200 
48.11712 4.19300 
48.12884 4.19400 
48.14056 4.19500 
48.15227 4.19600 
48.16399 4.19700 
48.17571 4.19800 
48.18743 4.19900 
48.19915 4.20000 
48.21087 4.20100 
48.22259 4.20200 
48.23431 4.20300 
48.24603 4.20400 
48.25775 4.20500 
48.26947 4.20600 
48.28119 4.20700 
48.29291 4.20800 
48.30463 4.20900 
48.31635 4.21000 
48.32806 4.21100 
48.33978 4.21200 
48.35150 4.21300 
48.36322 4.21400 
48.37494 4.21500 
48.38666 4.21600 
48.39838 4.21700 
48.41010 4.21800 
48.42182 4.21900 
48.43354 4.22000 
48.44526 4.22100 
48.45698 4.22200 
48.46870 4.22300 
48.48042 4.22400 
48.49213 4.22500 
48.50385 4.22600 
48.51557 4.22700 
48.52729 4.22800 
48.53901 4.22900 
48.55073 4.23000 
48.56245 4.23100 
48.57417 4.23200 
48.58589 4.23300 
48.59761 4.23400 
48.60933 4.23500 
48.62105 4.23600 
48.63277 4.23700 
48.64449 4.23800 
48.65621 4.23900 
48.66792 4.24000 
48.67964 4.24100 
48.69136 4.24200 
48.70308 4.24300 
48.71480 4.24400 
48.72652 4.24500 
48.73824 4.24600 
48.74996 4.24700 
48.76168 4.24800 
48.77340 4.24900 
48.78512 4.25000 
48.79684 4.25100 
48.80856 4.25200 
48.82028 4.25300 
48.83200 4.25400 
48.84371 4.25500 
48.85543 4.25600 
48.86715 4.25700 
48.87887 4.25800 
48.89059 4.25900 
48.90231 4.26000 
48.91403 4.26100 
48.92575 4.26200 
48.93747 4.26300 
48.94919 4.26400 
48.96091 4.26500 
48.97263 4.26600 
48.98435 4.26700 
48.99607 4.26800 
49.00779 4.26900 
49.01950 4.27000 
49.03122 4.27100 
49.04294 4.27200 
49.05466 4.27300 
49.06638 4.27400 
49.07810 4.27500 
49.08982 4.27600 
49.10154 4.27700 
49.11326 4.27800 
49.12498 4.27900 
49.13670 4.28000 
49.14842 4.28100 
49.16014 4.28200 
49.17186 4.28300 
49.18358 4.28400 
49.19529 4.28500 
49.20701 4.28600 
49.21873 4.28700 
49.23045 4.28800 
49.24217 4.28900 
49.25389 4.29000 
49.26561 4.29100 
49.27733 4.29200 
49.28905 4.29300 
49.30077 4.29400 
49.31249 4.29500 
49.32421 4.29600 
49.33593 4.29700 
49.34765 4.29800 
49.35937 4.29900 
49.37108 4.30000 
49.38280 4.30100 
49.39452 4.30200 
49.40624 4.30300 
49.41796 4.30400 
49.42968 4.30500 
49.44140 4.30600 
49.45312 4.30700 
49.46484 4.30800 
49.47656 4.30900 
49.48828 4.31000 
49.50000 4.31100 
49.51172 4.31200 
49.52344 4.31300 
49.53515 4.31400 
49.54687 4.31500 
49.55859 4.31600 
49.57031 4.31700 
49.58203 4.31800 
49.59375 4.31900 
49.60547 4.32000 
49.61719 4.32100 
49.62891 4.32200 
49.64063 4.32300 
49.65235 4.32400 
49.66407 4.32500 
49.67579 4.32600 
49.68751 4.32700 
49.69923 4.32800 
49.71094 4.32900 
49.72266 4.33000 
49.73438 4.33100 
49.74610 4.33200 
49.75782 4.33300 
49.76954 4.33400 
49.78126 4.33500 
49.79298 4.33600 
49.80470 4.33700 
49.81642 4.33800 
49.82814 4.33900 
49.83986 4.34000 
49.85158 4.34100 
49.86330 4.34200 
49.87502 4.34300 
49.88673 4.34400 
49.89845 4.34500 
49.91017 4.34600 
49.92189 4.34700 
49.93361 4.34800 
49.94533 4.34900 
49.95705 4.35000 
49.96877 4.35100 
49.98049 4.35200 
49.99221 4.35300 
50.00393 4.35400 
50.01565 4.35500 
50.02737 4.35600 
50.03909 4.35700 
50.05081 4.35800 
50.06252 4.35900 
50.07424 4.36000 
50.08596 4.36100 
50.09768 4.36200 
50.10940 4.36300 
50.12112 4.36400 
50.13284 4.36500 
50.14456 4.36600 
50.15628 4.36700 
50.16800 4.36800 
50.17972 4.36900 
50.19144 4.37000 
50.20316 4.37100 
50.21488 4.37200 
50.22660 4.37300 
50.23831 4.37400 
50.25003 4.37500 
50.26175 4.37600 
50.27347 4.37700 
50.28519 4.37800 
50.29691 4.37900 
50.30863 4.38000 
50.32035 4.38100 
50.33207 4.38200 
50.34379 4.38300 
50.35551 4.38400 
50.36723 4.38500 
50.37895 4.38600 
50.39067 4.38700 
50.40239 4.38800 
50.41410 4.38900 
50.42582 4.39000 
50.43754 4.39100 
50.44926 4.39200 
50.46098 4.39300 
50.47270 4.39400 
50.48442 4.39500 
50.49614 4.39600 
50.50786 4.39700 
50.51958 4.39800 
50.53130 4.39900 
50.54302 4.40000 
50.55474 4.40100 
50.56646 4.40200 
50.57818 4.40300 
50.58989 4.40400 
50.60161 4.40500 
50.61333 4.40600 
50.62505 4.40700 
50.63677 4.40800 
50.64849 4.40900 
50.66021 4.41000 
50.67193 4.41100 
50.68365 4.41200 
50.69537 4.41300 
50.70709 4.41400 
50.71881 4.41500 
50.73053 4.41600 
50.74225 4.41700 
50.75396 4.41800 
50.76568 4.41900 
50.77740 4.42000 
50.78912 4.42100 
50.80084 4.42200 
50.81256 4.42300 
50.82428 4.42400 
50.83600 4.42500 
50.84772 4.42600 
50.85944 4.42700 
50.87116 4.42800 
50.88288 4.42900 
50.89460 4.43000 
50.90632 4.43100 
50.91804 4.43200 
50.92975 4.43300 
50.94147 4.43400 
50.95319 4.43500 
50.96491 4.43600 
50.97663 4.43700 
50.98835 4.43800 
51.00007 4.43900 
51.01179 4.44000 
51.02351 4.44100 
51.03523 4.44200 
51.04695 4.44300 
51.05867 4.44400 
51.07039 4.44500 
51.08211 4.44600 
51.09383 4.44700 
51.10554 4.44800 
51.11726 4.44900 
51.12898 4.45000 
51.14070 4.45100 
51.15242 4.45200 
51.16414 4.45300 
51.17586 4.45400 
51.18758 4.45500 
51.19930 4.45600 
51.21102 4.45700 
51.22274 4.45800 
51.23446 4.45900 
51.24618 4.46000 
51.25790 4.46100 
51.26962 4.46200 
51.28133 4.46300 
51.29305 4.46400 
51.30477 4.46500 
51.31649 4.46600 
51.32821 4.46700 
51.33993 4.46800 
51.35165 4.46900 
51.36337 4.47000 
51.37509 4.47100 
51.38681 4.47200 
51.39853 4.47300 
51.41025 4.47400 
51.42197 4.47500 
51.43369 4.47600 
51.44541 4.47700 
51.45712 4.47800 
51.46884 4.47900 
51.48056 4.48000 
51.49228 4.48100 
51.50400 4.48200 
51.51572 4.48300 
51.52744 4.48400 
51.53916 4.48500 
51.55088 4.48600 
51.56260 4.48700 
51.57432 4.48800 
51.58604 4.48900 
51.59776 4.49000 
51.60948 4.49100 
51.62120 4.49200 
51.63291 4.49300 
51.64463 4.49400 
51.65635 4.49500 
51.66807 4.49600 
51.67979 4.49700 
51.69151 4.49800 
51.70323 4.49900 
51.71495 4.50000 
51.72667 4.50100 
51.73839 4.50200 
51.75011 4.50300 
51.76183 4.50400 
51.77355 4.50500 
51.78527 4.50600 
51.79698 4.50700 
51.80870 4.50800 
51.82042 4.50900 
51.83214 4.51000 
51.84386 4.51100 
51.85558 4.51200 
51.86730 4.51300 
51.87902 4.51400 
51.89074 4.51500 
51.90246 4.51600 
51.91418 4.51700 
51.92590 4.51800 
51.93762 4.51900 
51.94934 4.52000 
51.96106 4.52100 
51.97277 4.52200 
51.98449 4.52300 
51.99621 4.52400 
52.00793 4.52500 
52.01965 4.52600 
52.03137 4.52700 
52.04309 4.52800 
52.05481 4.52900 
52.06653 4.53000 
52.07825 4.53100 
52.08997 4.53200 
52.10169 4.53300 
52.11341 4.53400 
52.12513 4.53500 
52.13685 4.53600 
52.14856 4.53700 
52.16028 4.53800 
52.17200 4.53900 
52.18372 4.54000 
52.19544 4.54100 
52.20716 4.54200 
52.21888 4.54300 
52.23060 4.54400 
52.24232 4.54500 
52.25404 4.54600 
52.26576 4.54700 
52.27748 4.54800 
52.28920 4.54900 
52.30092 4.55000 
52.31264 4.55100 
52.32435 4.55200 
52.33607 4.55300 
52.34779 4.55400 
52.35951 4.55500 
52.37123 4.55600 
52.38295 4.55700 
52.39467 4.55800 
52.40639 4.55900 
52.41811 4.56000 
52.42983 4.56100 
52.44155 4.56200 
52.45327 4.56300 
52.46499 4.56400 
52.47671 4.56500 
52.48843 4.56600 
52.50014 4.56700 
52.51186 4.56800 
52.52358 4.56900 
52.53530 4.57000 
52.54702 4.57100 
52.55874 4.57200 
52.57046 4.57300 
52.58218 4.57400 
52.59390 4.57500 
52.60562 4.57600 
52.61734 4.57700 
52.62906 4.57800 
52.64078 4.57900 
52.65250 4.58000 
52.66422 4.58100 
52.67593 4.58200 
52.68765 4.58300 
52.69937 4.58400 
52.71109 4.58500 
52.72281 4.58600 
52.73453 4.58700 
52.74625 4.58800 
52.75797 4.58900 
52.76969 4.59000 
52.78141 4.59100 
52.79313 4.59200 
52.80485 4.59300 
52.81657 4.59400 
52.82829 4.59500 
52.84001 4.59600 
52.85172 4.59700 
52.86344 4.59800 
52.87516 4.59900 
52.88688 4.60000 
52.89860 4.60100 
52.91032 4.60200 
52.92204 4.60300 
52.93376 4.60400 
52.94548 4.60500 
52.95720 4.60600 
52.96892 4.60700 
52.98064 4.60800 
52.99236 4.60900 
53.00408 4.61000 
53.01579 4.61100 
53.02751 4.61200 
53.03923 4.61300 
53.05095 4.61400 
53.06267 4.61500 
53.07439 4.61600 
53.08611 4.61700 
53.09783 4.61800 
53.10955 4.61900 
53.12127 4.62000 
53.13299 4.62100 
53.14471 4.62200 
53.15643 4.62300 
53.16815 4.62400 
53.17987 4.62500 
53.19158 4.62600 
53.20330 4.62700 
53.21502 4.62800 
53.22674 4.62900 
53.23846 4.63000 
53.25018 4.63100 
53.26190 4.63200 
53.27362 4.63300 
53.28534 4.63400 
53.29706 4.63500 
53.30878 4.63600 
53.32050 4.63700 
53.33222 4.63800 
53.34394 4.63900 
53.35566 4.64000 
53.36737 4.64100 
53.37909 4.64200 
53.39081 4.64300 
53.40253 4.64400 
53.41425 4.64500 
53.42597 4.64600 
53.43769 4.64700 
53.44941 4.64800 
53.46113 4.64900 
53.47285 4.65000 
53.48457 4.65100 
53.49629 4.65200 
53.50801 4.65300 
53.51973 4.65400 
53.53145 4.65500 
53.54316 4.65600 
53.55488 4.65700 
53.56660 4.65800 
53.57832 4.65900 
53.59004 4.66000 
53.60176 4.66100 
53.61348 4.66200 
53.62520 4.66300 
53.63692 4.66400 
53.64864 4.66500 
53.66036 4.66600 
53.67208 4.66700 
53.68380 4.66800 
53.69552 4.66900 
53.70724 4.67000 
53.71895 4.67100 
53.73067 4.67200 
53.74239 4.67300 
53.75411 4.67400 
53.76583 4.67500 
53.77755 4.67600 
53.78927 4.67700 
53.80099 4.67800 
53.81271 4.67900 
53.82443 4.68000 
53.83615 4.68100 
53.84787 4.68200 
53.85959 4.68300 
53.87131 4.68400 
53.88303 4.68500 
53.89474 4.68600 
53.90646 4.68700 
53.91818 4.68800 
53.92990 4.68900 
53.94162 4.69000 
53.95334 4.69100 
53.96506 4.69200 
53.97678 4.69300 
53.98850 4.69400 
54.00022 4.69500 
54.01194 4.69600 
54.02366 4.69700 
54.03538 4.69800 
54.04710 4.69900 
54.05881 4.70000 
54.07053 4.70100 
54.08225 4.70200 
54.09397 4.70300 
54.10569 4.70400 
54.11741 4.70500 
54.12913 4.70600 
54.14085 4.70700 
54.15257 4.70800 
54.16429 4.70900 
54.17601 4.71000 
54.18773 4.71100 
54.19945 4.71200 
54.21117 4.71300 
54.22289 4.71400 
54.23460 4.71500 
54.24632 4.71600 
54.25804 4.71700 
54.26976 4.71800 
54.28148 4.71900 
54.29320 4.72000 
54.30492 4.72100 
54.31664 4.72200 
54.32836 4.72300 
54.34008 4.72400 
54.35180 4.72500 
54.36352 4.72600 
54.37524 4.72700 
54.38696 4.72800 
54.39868 4.72900 
54.41039 4.73000 
54.42211 4.73100 
54.43383 4.73200 
54.44555 4.73300 
54.45727 4.73400 
54.46899 4.73500 
54.48071 4.73600 
54.49243 4.73700 
54.50415 4.73800 
54.51587 4.73900 
54.52759 4.74000 
54.53931 4.74100 
54.55103 4.74200 
54.56275 4.74300 
54.57447 4.74400 
54.58618 4.74500 
54.59790 4.74600 
54.60962 4.74700 
54.62134 4.74800 
54.63306 4.74900 
54.64478 4.75000 
54.65650 4.75100 
54.66822 4.75200 
54.67994 4.75300 
54.69166 4.75400 
54.70338 4.75500 
54.71510 4.75600 
54.72682 4.75700 
54.73854 4.75800 
54.75026 4.75900 
54.76197 4.76000 
54.77369 4.76100 
54.78541 4.76200 
54.79713 4.76300 
54.80885 4.76400 
54.82057 4.76500 
54.83229 4.76600 
54.84401 4.76700 
54.85573 4.76800 
54.86745 4.76900 
54.87917 4.77000 
54.89089 4.77100 
54.90261 4.77200 
54.91433 4.77300 
54.92605 4.77400 
54.93776 4.77500 
54.94948 4.77600 
54.96120 4.77700 
54.97292 4.77800 
54.98464 4.77900 
54.99636 4.78000 
55.00808 4.78100 
55.01980 4.78200 
55.03152 4.78300 
55.04324 4.78400 
55.05496 4.78500 
55.06668 4.78600 
55.07840 4.78700 
55.09012 4.78800 
55.10184 4.78900 
55.11355 4.79000 
55.12527 4.79100 
55.13699 4.79200 
55.14871 4.79300 
55.16043 4.79400 
55.17215 4.79500 
55.18387 4.79600 
55.19559 4.79700 
55.20731 4.79800 
55.21903 4.79900 
55.23075 4.80000 
55.24247 4.80100 
55.25419 4.80200 
55.26591 4.80300 
55.27762 4.80400 
55.28934 4.80500 
55.30106 4.80600 
55.31278 4.80700 
55.32450 4.80800 
55.33622 4.80900 
55.34794 4.81000 
55.35966 4.81100 
55.37138 4.81200 
55.38310 4.81300 
55.39482 4.81400 
55.40654 4.81500 
55.41826 4.81600 
55.42998 4.81700 
55.44170 4.81800 
55.45341 4.81900 
55.46513 4.82000 
55.47685 4.82100 
55.48857 4.82200 
55.50029 4.82300 
55.51201 4.82400 
55.52373 4.82500 
55.53545 4.82600 
55.54717 4.82700 
55.55889 4.82800 
55.57061 4.82900 
55.58233 4.83000 
55.59405 4.83100 
55.60577 4.83200 
55.61749 4.83300 
55.62920 4.83400 
55.64092 4.83500 
55.65264 4.83600 
55.66436 4.83700 
55.67608 4.83800 
55.68780 4.83900 
55.69952 4.84000 
55.71124 4.84100 
55.72296 4.84200 
55.73468 4.84300 
55.74640 4.84400 
55.75812 4.84500 
55.76984 4.84600 
55.78156 4.84700 
55.79328 4.84800 
55.80499 4.84900 
55.81671 4.85000 
55.82843 4.85100 
55.84015 4.85200 
55.85187 4.85300 
55.86359 4.85400 
55.87531 4.85500 
55.88703 4.85600 
55.89875 4.85700 
55.91047 4.85800 
55.92219 4.85900 
55.93391 4.86000 
55.94563 4.86100 
55.95735 4.86200 
55.96907 4.86300 
55.98078 4.86400 
55.99250 4.86500 
56.00422 4.86600 
56.01594 4.86700 
56.02766 4.86800 
56.03938 4.86900 
56.05110 4.87000 
56.06282 4.87100 
56.07454 4.87200 
56.08626 4.87300 
56.09798 4.87400 
56.10970 4.87500 
56.12142 4.87600 
56.13314 4.87700 
56.14486 4.87800 
56.15657 4.87900 
56.16829 4.88000 
56.18001 4.88100 
56.19173 4.88200 
56.20345 4.88300 
56.21517 4.88400 
56.22689 4.88500 
56.23861 4.88600 
56.25033 4.88700 
56.26205 4.88800 
56.27377 4.88900 
56.28549 4.89000 
56.29721 4.89100 
56.30893 4.89200 
56.32064 4.89300 
56.33236 4.89400 
56.34408 4.89500 
56.35580 4.89600 
56.36752 4.89700 
56.37924 4.89800 
56.39096 4.89900 
56.40268 4.90000 
56.41440 4.90100 
56.42612 4.90200 
56.43784 4.90300 
56.44956 4.90400 
56.46128 4.90500 
56.47300 4.90600 
56.48472 4.90700 
56.49643 4.90800 
56.50815 4.90900 
56.51987 4.91000 
56.53159 4.91100 
56.54331 4.91200 
56.55503 4.91300 
56.56675 4.91400 
56.57847 4.91500 
56.59019 4.91600 
56.60191 4.91700 
56.61363 4.91800 
56.62535 4.91900 
56.63707 4.92000 
56.64879 4.92100 
56.66051 4.92200 
56.67222 4.92300 
56.68394 4.92400 
56.69566 4.92500 
56.70738 4.92600 
56.71910 4.92700 
56.73082 4.92800 
56.74254 4.92900 
56.75426 4.93000 
56.76598 4.93100 
56.77770 4.93200 
56.78942 4.93300 
56.80114 4.93400 
56.81286 4.93500 
56.82458 4.93600 
56.83630 4.93700 
56.84801 4.93800 
56.85973 4.93900 
56.87145 4.94000 
56.88317 4.94100 
56.89489 4.94200 
56.90661 4.94300 
56.91833 4.94400 
56.93005 4.94500 
56.94177 4.94600 
56.95349 4.94700 
56.96521 4.94800 
56.97693 4.94900 
56.98865 4.95000 
57.00037 4.95100 
57.01209 4.95200 
57.02380 4.95300 
57.03552 4.95400 
57.04724 4.95500 
57.05896 4.95600 
57.07068 4.95700 
57.08240 4.95800 
57.09412 4.95900 
57.10584 4.96000 
57.11756 4.96100 
57.12928 4.96200 
57.14100 4.96300 
57.15272 4.96400 
57.16444 4.96500 
57.17616 4.96600 
57.18788 4.96700 
57.19959 4.96800 
57.21131 4.96900 
57.22303 4.97000 
57.23475 4.97100 
57.24647 4.97200 
57.25819 4.97300 
57.26991 4.97400 
57.28163 4.97500 
57.29335 4.97600 
57.30507 4.97700 
57.31679 4.97800 
57.32851 4.97900 
57.34023 4.98000 
57.35195 4.98100 
57.36366 4.98200 
57.37538 4.98300 
57.38710 4.98400 
57.39882 4.98500 
57.41054 4.98600 
57.42226 4.98700 
57.43398 4.98800 
57.44570 4.98900 
57.45742 4.99000 
57.46914 4.99100 
57.48086 4.99200 
57.49258 4.99300 
57.50430 4.99400 
57.51602 4.99500 
57.52774 4.99600 
57.53945 4.99700 
57.55117 4.99800 
57.56289 4.99900 
