0.00000 0.00000 
-0.04820 0.00100 
-0.09586 0.00200 
-0.14297 0.00300 
-0.18954 0.00400 
-0.23558 0.00500 
-0.28110 0.00600 
-0.32610 0.00700 
-0.37058 0.00800 
-0.41456 0.00900 
-0.45803 0.01000 
-0.50101 0.01100 
-0.54350 0.01200 
-0.58551 0.01300 
-0.62703 0.01400 
-0.66808 0.01500 
-0.70867 0.01600 
-0.74879 0.01700 
-0.78846 0.01800 
-0.82767 0.01900 
-0.86644 0.02000 
-0.90476 0.02100 
-0.94265 0.02200 
-0.98010 0.02300 
-1.01713 0.02400 
-1.05373 0.02500 
-1.08992 0.02600 
-1.12570 0.02700 
-1.16106 0.02800 
-1.19603 0.02900 
-1.23059 0.03000 
-1.26477 0.03100 
-1.29855 0.03200 
-1.33194 0.03300 
-1.36496 0.03400 
-1.39760 0.03500 
-1.42987 0.03600 
-1.46176 0.03700 
-1.49330 0.03800 
-1.52448 0.03900 
-1.55530 0.04000 
-1.58576 0.04100 
-1.61589 0.04200 
-1.64566 0.04300 
-1.67510 0.04400 
-1.70421 0.04500 
-1.73298 0.04600 
-1.76142 0.04700 
-1.78954 0.04800 
-1.81734 0.04900 
-1.84482 0.05000 
-1.87198 0.05100 
-1.89884 0.05200 
-1.92539 0.05300 
-1.95164 0.05400 
-1.97759 0.05500 
-2.00325 0.05600 
-2.02861 0.05700 
-2.05368 0.05800 
-2.07846 0.05900 
-2.10297 0.06000 
-2.12719 0.06100 
-2.15114 0.06200 
-2.17481 0.06300 
-2.19822 0.06400 
-2.22136 0.06500 
-2.24423 0.06600 
-2.26684 0.06700 
-2.28920 0.06800 
-2.31130 0.06900 
-2.33315 0.07000 
-2.35475 0.07100 
-2.37610 0.07200 
-2.39721 0.07300 
-2.41808 0.07400 
-2.43871 0.07500 
-2.45911 0.07600 
-2.47927 0.07700 
-2.49920 0.07800 
-2.51891 0.07900 
-2.53839 0.08000 
-2.55765 0.08100 
-2.57669 0.08200 
-2.59551 0.08300 
-2.61412 0.08400 
-2.63252 0.08500 
-2.65070 0.08600 
-2.66868 0.08700 
-2.68645 0.08800 
-2.70402 0.08900 
-2.72139 0.09000 
-2.73857 0.09100 
-2.75554 0.09200 
-2.77233 0.09300 
-2.78892 0.09400 
-2.80532 0.09500 
-2.82154 0.09600 
-2.83757 0.09700 
-2.85342 0.09800 
-2.86908 0.09900 
-2.88457 0.10000 
-2.89988 0.10100 
-2.91502 0.10200 
-2.92999 0.10300 
-2.94478 0.10400 
-2.95941 0.10500 
-2.97387 0.10600 
-2.98816 0.10700 
-3.00229 0.10800 
-3.01626 0.10900 
-3.03007 0.11000 
-3.04372 0.11100 
-3.05722 0.11200 
-3.07057 0.11300 
-3.08376 0.11400 
-3.09680 0.11500 
-3.10969 0.11600 
-3.12244 0.11700 
-3.13504 0.11800 
-3.14749 0.11900 
-3.15981 0.12000 
-3.17198 0.12100 
-3.18402 0.12200 
-3.19592 0.12300 
-3.20768 0.12400 
-3.21931 0.12500 
-3.23080 0.12600 
-3.24217 0.12700 
-3.25340 0.12800 
-3.26451 0.12900 
-3.27549 0.13000 
-3.28635 0.13100 
-3.29708 0.13200 
-3.30769 0.13300 
-3.31818 0.13400 
-3.32854 0.13500 
-3.33880 0.13600 
-3.34893 0.13700 
-3.35895 0.13800 
-3.36885 0.13900 
-3.37864 0.14000 
-3.38832 0.14100 
-3.39789 0.14200 
-3.40735 0.14300 
-3.41670 0.14400 
-3.42595 0.14500 
-3.43509 0.14600 
-3.44412 0.14700 
-3.45306 0.14800 
-3.46189 0.14900 
-3.47062 0.15000 
-3.47925 0.15100 
-3.48778 0.15200 
-3.49622 0.15300 
-3.50456 0.15400 
-3.51280 0.15500 
-3.52095 0.15600 
-3.52901 0.15700 
-3.53697 0.15800 
-3.54485 0.15900 
-3.55263 0.16000 
-3.56033 0.16100 
-3.56794 0.16200 
-3.57546 0.16300 
-3.58289 0.16400 
-3.59024 0.16500 
-3.59751 0.16600 
-3.60470 0.16700 
-3.61180 0.16800 
-3.61882 0.16900 
-3.62576 0.17000 
-3.63262 0.17100 
-3.63941 0.17200 
-3.64611 0.17300 
-3.65274 0.17400 
-3.65930 0.17500 
-3.66578 0.17600 
-3.67219 0.17700 
-3.67852 0.17800 
-3.68478 0.17900 
-3.69097 0.18000 
-3.69709 0.18100 
-3.70314 0.18200 
-3.70912 0.18300 
-3.71503 0.18400 
-3.72087 0.18500 
-3.72665 0.18600 
-3.73236 0.18700 
-3.73801 0.18800 
-3.74359 0.18900 
-3.74911 0.19000 
-3.75457 0.19100 
-3.75996 0.19200 
-3.76529 0.19300 
-3.77056 0.19400 
-3.77577 0.19500 
-3.78092 0.19600 
-3.78601 0.19700 
-3.79104 0.19800 
-3.79601 0.19900 
-3.80093 0.20000 
-3.80579 0.20100 
-3.81060 0.20200 
-3.81535 0.20300 
-3.82005 0.20400 
-3.82470 0.20500 
-3.82929 0.20600 
-3.83383 0.20700 
-3.83831 0.20800 
-3.84275 0.20900 
-3.84714 0.21000 
-3.85147 0.21100 
-3.85576 0.21200 
-3.86000 0.21300 
-3.86419 0.21400 
-3.86833 0.21500 
-3.87242 0.21600 
-3.87647 0.21700 
-3.88047 0.21800 
-3.88443 0.21900 
-3.88834 0.22000 
-3.89221 0.22100 
-3.89603 0.22200 
-3.89981 0.22300 
-3.90355 0.22400 
-3.90724 0.22500 
-3.91089 0.22600 
-3.91450 0.22700 
-3.91807 0.22800 
-3.92160 0.22900 
-3.92509 0.23000 
-3.92854 0.23100 
-3.93195 0.23200 
-3.93532 0.23300 
-3.93865 0.23400 
-3.94194 0.23500 
-3.94520 0.23600 
-3.94842 0.23700 
-3.95160 0.23800 
-3.95475 0.23900 
-3.95786 0.24000 
-3.96094 0.24100 
-3.96398 0.24200 
-3.96698 0.24300 
-3.96995 0.24400 
-3.97289 0.24500 
-3.97580 0.24600 
-3.97867 0.24700 
-3.98150 0.24800 
-3.98431 0.24900 
-3.98709 0.25000 
-3.98983 0.25100 
-3.99254 0.25200 
-3.99522 0.25300 
-3.99787 0.25400 
-4.00049 0.25500 
-4.00308 0.25600 
-4.00564 0.25700 
-4.00817 0.25800 
-4.01068 0.25900 
-4.01315 0.26000 
-4.01560 0.26100 
-4.01801 0.26200 
-4.02040 0.26300 
-4.02277 0.26400 
-4.02510 0.26500 
-4.02741 0.26600 
-4.02970 0.26700 
-4.03195 0.26800 
-4.03419 0.26900 
-4.03639 0.27000 
-4.03857 0.27100 
-4.04073 0.27200 
-4.04286 0.27300 
-4.04497 0.27400 
-4.04705 0.27500 
-4.04911 0.27600 
-4.05115 0.27700 
-4.05316 0.27800 
-4.05515 0.27900 
-4.05712 0.28000 
-4.05907 0.28100 
-4.06099 0.28200 
-4.06289 0.28300 
-4.06477 0.28400 
-4.06663 0.28500 
-4.06847 0.28600 
-4.07028 0.28700 
-4.07208 0.28800 
-4.07385 0.28900 
-4.07561 0.29000 
-4.07734 0.29100 
-4.07906 0.29200 
-4.08075 0.29300 
-4.08243 0.29400 
-4.08409 0.29500 
-4.08573 0.29600 
-4.08735 0.29700 
-4.08895 0.29800 
-4.09053 0.29900 
-4.09210 0.30000 
-4.09365 0.30100 
-4.09517 0.30200 
-4.09669 0.30300 
-4.09818 0.30400 
-4.09966 0.30500 
-4.10112 0.30600 
-4.10257 0.30700 
-4.10399 0.30800 
-4.10541 0.30900 
-4.10680 0.31000 
-4.10818 0.31100 
-4.10954 0.31200 
-4.11089 0.31300 
-4.11223 0.31400 
-4.11354 0.31500 
-4.11485 0.31600 
-4.11613 0.31700 
-4.11741 0.31800 
-4.11867 0.31900 
-4.11991 0.32000 
-4.12114 0.32100 
-4.12236 0.32200 
-4.12356 0.32300 
-4.12475 0.32400 
-4.12592 0.32500 
-4.12709 0.32600 
-4.12823 0.32700 
-4.12937 0.32800 
-4.13049 0.32900 
-4.13160 0.33000 
-4.13270 0.33100 
-4.13378 0.33200 
-4.13485 0.33300 
-4.13591 0.33400 
-4.13696 0.33500 
-4.13800 0.33600 
-4.13902 0.33700 
-4.14003 0.33800 
-4.14104 0.33900 
-4.14202 0.34000 
-4.14300 0.34100 
-4.14397 0.34200 
-4.14493 0.34300 
-4.14587 0.34400 
-4.14680 0.34500 
-4.14773 0.34600 
-4.14864 0.34700 
-4.14954 0.34800 
-4.15044 0.34900 
-4.15132 0.35000 
-4.15219 0.35100 
-4.15305 0.35200 
-4.15391 0.35300 
-4.15475 0.35400 
-4.15558 0.35500 
-4.15641 0.35600 
-4.15722 0.35700 
-4.15803 0.35800 
-4.15882 0.35900 
-4.15961 0.36000 
-4.16039 0.36100 
-4.16116 0.36200 
-4.16192 0.36300 
-4.16267 0.36400 
-4.16341 0.36500 
-4.16415 0.36600 
-4.16487 0.36700 
-4.16559 0.36800 
-4.16630 0.36900 
-4.16700 0.37000 
-4.16770 0.37100 
-4.16838 0.37200 
-4.16906 0.37300 
-4.16973 0.37400 
-4.17040 0.37500 
-4.17105 0.37600 
-4.17170 0.37700 
-4.17234 0.37800 
-4.17297 0.37900 
-4.17360 0.38000 
-4.17422 0.38100 
-4.17483 0.38200 
-4.17543 0.38300 
-4.17603 0.38400 
-4.17662 0.38500 
-4.17721 0.38600 
-4.17778 0.38700 
-4.17835 0.38800 
-4.17892 0.38900 
-4.17948 0.39000 
-4.18003 0.39100 
-4.18057 0.39200 
-4.18111 0.39300 
-4.18165 0.39400 
-4.18217 0.39500 
-4.18269 0.39600 
-4.18321 0.39700 
-4.18372 0.39800 
-4.18422 0.39900 
-4.18472 0.40000 
-4.18521 0.40100 
-4.18570 0.40200 
-4.18618 0.40300 
-4.18666 0.40400 
-4.18713 0.40500 
-4.18759 0.40600 
-4.18805 0.40700 
-4.18850 0.40800 
-4.18895 0.40900 
-4.18940 0.41000 
-4.18983 0.41100 
-4.19027 0.41200 
-4.19070 0.41300 
-4.19112 0.41400 
-4.19154 0.41500 
-4.19195 0.41600 
-4.19236 0.41700 
-4.19277 0.41800 
-4.19317 0.41900 
-4.19357 0.42000 
-4.19396 0.42100 
-4.19434 0.42200 
-4.19473 0.42300 
-4.19510 0.42400 
-4.19548 0.42500 
-4.19585 0.42600 
-4.19621 0.42700 
-4.19657 0.42800 
-4.19693 0.42900 
-4.19728 0.43000 
-4.19763 0.43100 
-4.19798 0.43200 
-4.19832 0.43300 
-4.19865 0.43400 
-4.19899 0.43500 
-4.19932 0.43600 
-4.19964 0.43700 
-4.19996 0.43800 
-4.20028 0.43900 
-4.20060 0.44000 
-4.20091 0.44100 
-4.20122 0.44200 
-4.20152 0.44300 
-4.20182 0.44400 
-4.20212 0.44500 
-4.20241 0.44600 
-4.20270 0.44700 
-4.20299 0.44800 
-4.20327 0.44900 
-4.20355 0.45000 
-4.20383 0.45100 
-4.20411 0.45200 
-4.20438 0.45300 
-4.20464 0.45400 
-4.20491 0.45500 
-4.20517 0.45600 
-4.20543 0.45700 
-4.20569 0.45800 
-4.20594 0.45900 
-4.20619 0.46000 
-4.20644 0.46100 
-4.20668 0.46200 
-4.20692 0.46300 
-4.20716 0.46400 
-4.20740 0.46500 
-4.20763 0.46600 
-4.20786 0.46700 
-4.20809 0.46800 
-4.20832 0.46900 
-4.20854 0.47000 
-4.20876 0.47100 
-4.20898 0.47200 
-4.20919 0.47300 
-4.20941 0.47400 
-4.20962 0.47500 
-4.20983 0.47600 
-4.21003 0.47700 
-4.21024 0.47800 
-4.21044 0.47900 
-4.21064 0.48000 
-4.21083 0.48100 
-4.21103 0.48200 
-4.21122 0.48300 
-4.21141 0.48400 
-4.21160 0.48500 
-4.21178 0.48600 
-4.21197 0.48700 
-4.21215 0.48800 
-4.21233 0.48900 
-4.21251 0.49000 
-4.21268 0.49100 
-4.21286 0.49200 
-4.21303 0.49300 
-4.21320 0.49400 
-4.21336 0.49500 
-4.21353 0.49600 
-4.21369 0.49700 
-4.21386 0.49800 
-4.21402 0.49900 
-4.21417 0.50000 
-4.21433 0.50100 
-4.21449 0.50200 
-4.21464 0.50300 
-4.21479 0.50400 
-4.21494 0.50500 
-4.21509 0.50600 
-4.21523 0.50700 
-4.21538 0.50800 
-4.21552 0.50900 
-4.21566 0.51000 
-4.21580 0.51100 
-4.21594 0.51200 
-4.21608 0.51300 
-4.21621 0.51400 
-4.21635 0.51500 
-4.21648 0.51600 
-4.21661 0.51700 
-4.21674 0.51800 
-4.21686 0.51900 
-4.21699 0.52000 
-4.21712 0.52100 
-4.21724 0.52200 
-4.21736 0.52300 
-4.21748 0.52400 
-4.21760 0.52500 
-4.21772 0.52600 
-4.21783 0.52700 
-4.21795 0.52800 
-4.21806 0.52900 
-4.21818 0.53000 
-4.21829 0.53100 
-4.21840 0.53200 
-4.21851 0.53300 
-4.21861 0.53400 
-4.21872 0.53500 
-4.21882 0.53600 
-4.21893 0.53700 
-4.21903 0.53800 
-4.21913 0.53900 
-4.21923 0.54000 
-4.21933 0.54100 
-4.21943 0.54200 
-4.21953 0.54300 
-4.21962 0.54400 
-4.21972 0.54500 
-4.21981 0.54600 
-4.21990 0.54700 
-4.22000 0.54800 
-4.22009 0.54900 
-4.22018 0.55000 
-4.22027 0.55100 
-4.22035 0.55200 
-4.22044 0.55300 
-4.22052 0.55400 
-4.22061 0.55500 
-4.22069 0.55600 
-4.22078 0.55700 
-4.22086 0.55800 
-4.22094 0.55900 
-4.22102 0.56000 
-4.22110 0.56100 
-4.22118 0.56200 
-4.22125 0.56300 
-4.22133 0.56400 
-4.22140 0.56500 
-4.22148 0.56600 
-4.22155 0.56700 
-4.22163 0.56800 
-4.22170 0.56900 
-4.22177 0.57000 
-4.22184 0.57100 
-4.22191 0.57200 
-4.22198 0.57300 
-4.22205 0.57400 
-4.22211 0.57500 
-4.22218 0.57600 
-4.22225 0.57700 
-4.22231 0.57800 
-4.22238 0.57900 
-4.22244 0.58000 
-4.22250 0.58100 
-4.22256 0.58200 
-4.22263 0.58300 
-4.22269 0.58400 
-4.22275 0.58500 
-4.22281 0.58600 
-4.22287 0.58700 
-4.22292 0.58800 
-4.22298 0.58900 
-4.22304 0.59000 
-4.22309 0.59100 
-4.22315 0.59200 
-4.22320 0.59300 
-4.22326 0.59400 
-4.22331 0.59500 
-4.22336 0.59600 
-4.22342 0.59700 
-4.22347 0.59800 
-4.22352 0.59900 
-4.22357 0.60000 
-4.22362 0.60100 
-4.22367 0.60200 
-4.22372 0.60300 
-4.22377 0.60400 
-4.22382 0.60500 
-4.22386 0.60600 
-4.22391 0.60700 
-4.22396 0.60800 
-4.22400 0.60900 
-4.22405 0.61000 
-4.22409 0.61100 
-4.22414 0.61200 
-4.22418 0.61300 
-4.22422 0.61400 
-4.22427 0.61500 
-4.22431 0.61600 
-4.22435 0.61700 
-4.22439 0.61800 
-4.22443 0.61900 
-4.22447 0.62000 
-4.22451 0.62100 
-4.22455 0.62200 
-4.22459 0.62300 
-4.22463 0.62400 
-4.22467 0.62500 
-4.22470 0.62600 
-4.22474 0.62700 
-4.22478 0.62800 
-4.22481 0.62900 
-4.22485 0.63000 
-4.22489 0.63100 
-4.22492 0.63200 
-4.22496 0.63300 
-4.22499 0.63400 
-4.22502 0.63500 
-4.22506 0.63600 
-4.22509 0.63700 
-4.22512 0.63800 
-4.22516 0.63900 
-4.22519 0.64000 
-4.22522 0.64100 
-4.22525 0.64200 
-4.22528 0.64300 
-4.22531 0.64400 
-4.22534 0.64500 
-4.22537 0.64600 
-4.22540 0.64700 
-4.22543 0.64800 
-4.22546 0.64900 
-4.22549 0.65000 
-4.22552 0.65100 
-4.22555 0.65200 
-4.22557 0.65300 
-4.22560 0.65400 
-4.22563 0.65500 
-4.22566 0.65600 
-4.22568 0.65700 
-4.22571 0.65800 
-4.22573 0.65900 
-4.22576 0.66000 
-4.22578 0.66100 
-4.22581 0.66200 
-4.22583 0.66300 
-4.22586 0.66400 
-4.22588 0.66500 
-4.22591 0.66600 
-4.22593 0.66700 
-4.22595 0.66800 
-4.22598 0.66900 
-4.22600 0.67000 
-4.22602 0.67100 
-4.22604 0.67200 
-4.22607 0.67300 
-4.22609 0.67400 
-4.22611 0.67500 
-4.22613 0.67600 
-4.22615 0.67700 
-4.22617 0.67800 
-4.22619 0.67900 
-4.22621 0.68000 
-4.22623 0.68100 
-4.22625 0.68200 
-4.22627 0.68300 
-4.22629 0.68400 
-4.22631 0.68500 
-4.22633 0.68600 
-4.22635 0.68700 
-4.22637 0.68800 
-4.22639 0.68900 
-4.22641 0.69000 
-4.22642 0.69100 
-4.22644 0.69200 
-4.22646 0.69300 
-4.22648 0.69400 
-4.22649 0.69500 
-4.22651 0.69600 
-4.22653 0.69700 
-4.22654 0.69800 
-4.22656 0.69900 
-4.22658 0.70000 
-4.22659 0.70100 
-4.22661 0.70200 
-4.22662 0.70300 
-4.22664 0.70400 
-4.22665 0.70500 
-4.22667 0.70600 
-4.22668 0.70700 
-4.22670 0.70800 
-4.22671 0.70900 
-4.22673 0.71000 
-4.22674 0.71100 
-4.22676 0.71200 
-4.22677 0.71300 
-4.22678 0.71400 
-4.22680 0.71500 
-4.22681 0.71600 
-4.22682 0.71700 
-4.22684 0.71800 
-4.22685 0.71900 
-4.22686 0.72000 
-4.22688 0.72100 
-4.22689 0.72200 
-4.22690 0.72300 
-4.22691 0.72400 
-4.22693 0.72500 
-4.22694 0.72600 
-4.22695 0.72700 
-4.22696 0.72800 
-4.22697 0.72900 
-4.22698 0.73000 
-4.22700 0.73100 
-4.22701 0.73200 
-4.22702 0.73300 
-4.22703 0.73400 
-4.22704 0.73500 
-4.22705 0.73600 
-4.22706 0.73700 
-4.22707 0.73800 
-4.22708 0.73900 
-4.22709 0.74000 
-4.22710 0.74100 
-4.22711 0.74200 
-4.22712 0.74300 
-4.22713 0.74400 
-4.22714 0.74500 
-4.22715 0.74600 
-4.22716 0.74700 
-4.22717 0.74800 
-4.22718 0.74900 
-4.22719 0.75000 
-4.22720 0.75100 
-4.22721 0.75200 
-4.22722 0.75300 
-4.22723 0.75400 
-4.22723 0.75500 
-4.22724 0.75600 
-4.22725 0.75700 
-4.22726 0.75800 
-4.22727 0.75900 
-4.22728 0.76000 
-4.22728 0.76100 
-4.22729 0.76200 
-4.22730 0.76300 
-4.22731 0.76400 
-4.22731 0.76500 
-4.22732 0.76600 
-4.22733 0.76700 
-4.22734 0.76800 
-4.22734 0.76900 
-4.22735 0.77000 
-4.22736 0.77100 
-4.22737 0.77200 
-4.22737 0.77300 
-4.22738 0.77400 
-4.22739 0.77500 
-4.22739 0.77600 
-4.22740 0.77700 
-4.22741 0.77800 
-4.22741 0.77900 
-4.22742 0.78000 
-4.22743 0.78100 
-4.22743 0.78200 
-4.22744 0.78300 
-4.22745 0.78400 
-4.22745 0.78500 
-4.22746 0.78600 
-4.22746 0.78700 
-4.22747 0.78800 
-4.22748 0.78900 
-4.22748 0.79000 
-4.22749 0.79100 
-4.22749 0.79200 
-4.22750 0.79300 
-4.22750 0.79400 
-4.22751 0.79500 
-4.22752 0.79600 
-4.22752 0.79700 
-4.22753 0.79800 
-4.22753 0.79900 
-4.22754 0.80000 
-4.22754 0.80100 
-4.22755 0.80200 
-4.22755 0.80300 
-4.22756 0.80400 
-4.22756 0.80500 
-4.22757 0.80600 
-4.22757 0.80700 
-4.22758 0.80800 
-4.22758 0.80900 
-4.22759 0.81000 
-4.22759 0.81100 
-4.22759 0.81200 
-4.22760 0.81300 
-4.22760 0.81400 
-4.22761 0.81500 
-4.22761 0.81600 
-4.22762 0.81700 
-4.22762 0.81800 
-4.22762 0.81900 
-4.22763 0.82000 
-4.22763 0.82100 
-4.22764 0.82200 
-4.22764 0.82300 
-4.22764 0.82400 
-4.22765 0.82500 
-4.22765 0.82600 
-4.22766 0.82700 
-4.22766 0.82800 
-4.22766 0.82900 
-4.22767 0.83000 
-4.22767 0.83100 
-4.22767 0.83200 
-4.22768 0.83300 
-4.22768 0.83400 
-4.22769 0.83500 
-4.22769 0.83600 
-4.22769 0.83700 
-4.22770 0.83800 
-4.22770 0.83900 
-4.22770 0.84000 
-4.22771 0.84100 
-4.22771 0.84200 
-4.22771 0.84300 
-4.22771 0.84400 
-4.22772 0.84500 
-4.22772 0.84600 
-4.22772 0.84700 
-4.22773 0.84800 
-4.22773 0.84900 
-4.22773 0.85000 
-4.22774 0.85100 
-4.22774 0.85200 
-4.22774 0.85300 
-4.22774 0.85400 
-4.22775 0.85500 
-4.22775 0.85600 
-4.22775 0.85700 
-4.22776 0.85800 
-4.22776 0.85900 
-4.22776 0.86000 
-4.22776 0.86100 
-4.22777 0.86200 
-4.22777 0.86300 
-4.22777 0.86400 
-4.22777 0.86500 
-4.22778 0.86600 
-4.22778 0.86700 
-4.22778 0.86800 
-4.22778 0.86900 
-4.22778 0.87000 
-4.22779 0.87100 
-4.22779 0.87200 
-4.22779 0.87300 
-4.22779 0.87400 
-4.22780 0.87500 
-4.22780 0.87600 
-4.22780 0.87700 
-4.22780 0.87800 
-4.22780 0.87900 
-4.22781 0.88000 
-4.22781 0.88100 
-4.22781 0.88200 
-4.22781 0.88300 
-4.22781 0.88400 
-4.22782 0.88500 
-4.22782 0.88600 
-4.22782 0.88700 
-4.22782 0.88800 
-4.22782 0.88900 
-4.22783 0.89000 
-4.22783 0.89100 
-4.22783 0.89200 
-4.22783 0.89300 
-4.22783 0.89400 
-4.22784 0.89500 
-4.22784 0.89600 
-4.22784 0.89700 
-4.22784 0.89800 
-4.22784 0.89900 
-4.22784 0.90000 
-4.22785 0.90100 
-4.22785 0.90200 
-4.22785 0.90300 
-4.22785 0.90400 
-4.22785 0.90500 
-4.22785 0.90600 
-4.22785 0.90700 
-4.22786 0.90800 
-4.22786 0.90900 
-4.22786 0.91000 
-4.22786 0.91100 
-4.22786 0.91200 
-4.22786 0.91300 
-4.22787 0.91400 
-4.22787 0.91500 
-4.22787 0.91600 
-4.22787 0.91700 
-4.22787 0.91800 
-4.22787 0.91900 
-4.22787 0.92000 
-4.22787 0.92100 
-4.22788 0.92200 
-4.22788 0.92300 
-4.22788 0.92400 
-4.22788 0.92500 
-4.22788 0.92600 
-4.22788 0.92700 
-4.22788 0.92800 
-4.22788 0.92900 
-4.22789 0.93000 
-4.22789 0.93100 
-4.22789 0.93200 
-4.22789 0.93300 
-4.22789 0.93400 
-4.22789 0.93500 
-4.22789 0.93600 
-4.22789 0.93700 
-4.22789 0.93800 
-4.22790 0.93900 
-4.22790 0.94000 
-4.22790 0.94100 
-4.22790 0.94200 
-4.22790 0.94300 
-4.22790 0.94400 
-4.22790 0.94500 
-4.22790 0.94600 
-4.22790 0.94700 
-4.22790 0.94800 
-4.22791 0.94900 
-4.22791 0.95000 
-4.22791 0.95100 
-4.22791 0.95200 
-4.22791 0.95300 
-4.22791 0.95400 
-4.22791 0.95500 
-4.22791 0.95600 
-4.22791 0.95700 
-4.22791 0.95800 
-4.22791 0.95900 
-4.22792 0.96000 
-4.22792 0.96100 
-4.22792 0.96200 
-4.22792 0.96300 
-4.22792 0.96400 
-4.22792 0.96500 
-4.22792 0.96600 
-4.22792 0.96700 
-4.22792 0.96800 
-4.22792 0.96900 
-4.22792 0.97000 
-4.22792 0.97100 
-4.22792 0.97200 
-4.22793 0.97300 
-4.22793 0.97400 
-4.22793 0.97500 
-4.22793 0.97600 
-4.22793 0.97700 
-4.22793 0.97800 
-4.22793 0.97900 
-4.22793 0.98000 
-4.22793 0.98100 
-4.22793 0.98200 
-4.22793 0.98300 
-4.22793 0.98400 
-4.22793 0.98500 
-4.22793 0.98600 
-4.22793 0.98700 
-4.22794 0.98800 
-4.22794 0.98900 
-4.22794 0.99000 
-4.22794 0.99100 
-4.22794 0.99200 
-4.22794 0.99300 
-4.22794 0.99400 
-4.22794 0.99500 
-4.22794 0.99600 
-4.22794 0.99700 
-4.22794 0.99800 
-4.22794 0.99900 
