0.00000 0.00000 
-0.11677 0.00100 
-0.23220 0.00200 
-0.34632 0.00300 
-0.45914 0.00400 
-0.57067 0.00500 
-0.68093 0.00600 
-0.78993 0.00700 
-0.89768 0.00800 
-1.00421 0.00900 
-1.10953 0.01000 
-1.21364 0.01100 
-1.31657 0.01200 
-1.41832 0.01300 
-1.51891 0.01400 
-1.61836 0.01500 
-1.71667 0.01600 
-1.81386 0.01700 
-1.90994 0.01800 
-2.00493 0.01900 
-2.09883 0.02000 
-2.19166 0.02100 
-2.28344 0.02200 
-2.37416 0.02300 
-2.46386 0.02400 
-2.55253 0.02500 
-2.64019 0.02600 
-2.72684 0.02700 
-2.81252 0.02800 
-2.89721 0.02900 
-2.98094 0.03000 
-3.06372 0.03100 
-3.14555 0.03200 
-3.22645 0.03300 
-3.30643 0.03400 
-3.38549 0.03500 
-3.46366 0.03600 
-3.54093 0.03700 
-3.61732 0.03800 
-3.69284 0.03900 
-3.76750 0.04000 
-3.84130 0.04100 
-3.91427 0.04200 
-3.98640 0.04300 
-4.05771 0.04400 
-4.12821 0.04500 
-4.19791 0.04600 
-4.26680 0.04700 
-4.33492 0.04800 
-4.40226 0.04900 
-4.46883 0.05000 
-4.53464 0.05100 
-4.59970 0.05200 
-4.66401 0.05300 
-4.72760 0.05400 
-4.79046 0.05500 
-4.85260 0.05600 
-4.91404 0.05700 
-4.97477 0.05800 
-5.03481 0.05900 
-5.09417 0.06000 
-5.15285 0.06100 
-5.21086 0.06200 
-5.26821 0.06300 
-5.32490 0.06400 
-5.38095 0.06500 
-5.43636 0.06600 
-5.49114 0.06700 
-5.54529 0.06800 
-5.59883 0.06900 
-5.65176 0.07000 
-5.70408 0.07100 
-5.75580 0.07200 
-5.80694 0.07300 
-5.85749 0.07400 
-5.90747 0.07500 
-5.95687 0.07600 
-6.00572 0.07700 
-6.05400 0.07800 
-6.10174 0.07900 
-6.14893 0.08000 
-6.19558 0.08100 
-6.24170 0.08200 
-6.28730 0.08300 
-6.33237 0.08400 
-6.37694 0.08500 
-6.42099 0.08600 
-6.46454 0.08700 
-6.50759 0.08800 
-6.55016 0.08900 
-6.59224 0.09000 
-6.63383 0.09100 
-6.67496 0.09200 
-6.71561 0.09300 
-6.75580 0.09400 
-6.79554 0.09500 
-6.83482 0.09600 
-6.87365 0.09700 
-6.91204 0.09800 
-6.94999 0.09900 
-6.98751 0.10000 
-7.02460 0.10100 
-7.06127 0.10200 
-7.09752 0.10300 
-7.13336 0.10400 
-7.16879 0.10500 
-7.20381 0.10600 
-7.23844 0.10700 
-7.27267 0.10800 
-7.30651 0.10900 
-7.33996 0.11000 
-7.37303 0.11100 
-7.40573 0.11200 
-7.43805 0.11300 
-7.47001 0.11400 
-7.50160 0.11500 
-7.53283 0.11600 
-7.56370 0.11700 
-7.59422 0.11800 
-7.62440 0.11900 
-7.65423 0.12000 
-7.68372 0.12100 
-7.71287 0.12200 
-7.74169 0.12300 
-7.77018 0.12400 
-7.79835 0.12500 
-7.82620 0.12600 
-7.85373 0.12700 
-7.88094 0.12800 
-7.90785 0.12900 
-7.93445 0.13000 
-7.96074 0.13100 
-7.98674 0.13200 
-8.01244 0.13300 
-8.03784 0.13400 
-8.06296 0.13500 
-8.08779 0.13600 
-8.11234 0.13700 
-8.13660 0.13800 
-8.16059 0.13900 
-8.18431 0.14000 
-8.20776 0.14100 
-8.23094 0.14200 
-8.25385 0.14300 
-8.27651 0.14400 
-8.29890 0.14500 
-8.32104 0.14600 
-8.34293 0.14700 
-8.36457 0.14800 
-8.38596 0.14900 
-8.40711 0.15000 
-8.42801 0.15100 
-8.44868 0.15200 
-8.46911 0.15300 
-8.48931 0.15400 
-8.50928 0.15500 
-8.52903 0.15600 
-8.54854 0.15700 
-8.56784 0.15800 
-8.58691 0.15900 
-8.60577 0.16000 
-8.62441 0.16100 
-8.64284 0.16200 
-8.66106 0.16300 
-8.67907 0.16400 
-8.69688 0.16500 
-8.71448 0.16600 
-8.73188 0.16700 
-8.74909 0.16800 
-8.76609 0.16900 
-8.78291 0.17000 
-8.79953 0.17100 
-8.81596 0.17200 
-8.83221 0.17300 
-8.84827 0.17400 
-8.86415 0.17500 
-8.87984 0.17600 
-8.89536 0.17700 
-8.91070 0.17800 
-8.92587 0.17900 
-8.94086 0.18000 
-8.95568 0.18100 
-8.97033 0.18200 
-8.98482 0.18300 
-8.99914 0.18400 
-9.01330 0.18500 
-9.02729 0.18600 
-9.04113 0.18700 
-9.05481 0.18800 
-9.06833 0.18900 
-9.08170 0.19000 
-9.09492 0.19100 
-9.10798 0.19200 
-9.12090 0.19300 
-9.13367 0.19400 
-9.14629 0.19500 
-9.15877 0.19600 
-9.17111 0.19700 
-9.18331 0.19800 
-9.19536 0.19900 
-9.20728 0.20000 
-9.21907 0.20100 
-9.23072 0.20200 
-9.24224 0.20300 
-9.25362 0.20400 
-9.26488 0.20500 
-9.27601 0.20600 
-9.28700 0.20700 
-9.29787 0.20800 
-9.30861 0.20900 
-9.31923 0.21000 
-9.32973 0.21100 
-9.34012 0.21200 
-9.35038 0.21300 
-9.36052 0.21400 
-9.37056 0.21500 
-9.38047 0.21600 
-9.39028 0.21700 
-9.39997 0.21800 
-9.40955 0.21900 
-9.41902 0.22000 
-9.42839 0.22100 
-9.43765 0.22200 
-9.44680 0.22300 
-9.45585 0.22400 
-9.46479 0.22500 
-9.47364 0.22600 
-9.48238 0.22700 
-9.49102 0.22800 
-9.49957 0.22900 
-9.50802 0.23000 
-9.51637 0.23100 
-9.52462 0.23200 
-9.53279 0.23300 
-9.54086 0.23400 
-9.54884 0.23500 
-9.55672 0.23600 
-9.56452 0.23700 
-9.57223 0.23800 
-9.57985 0.23900 
-9.58738 0.24000 
-9.59483 0.24100 
-9.60219 0.24200 
-9.60947 0.24300 
-9.61667 0.24400 
-9.62378 0.24500 
-9.63082 0.24600 
-9.63777 0.24700 
-9.64465 0.24800 
-9.65144 0.24900 
-9.65816 0.25000 
-9.66480 0.25100 
-9.67137 0.25200 
-9.67786 0.25300 
-9.68428 0.25400 
-9.69063 0.25500 
-9.69690 0.25600 
-9.70310 0.25700 
-9.70923 0.25800 
-9.71529 0.25900 
-9.72128 0.26000 
-9.72721 0.26100 
-9.73306 0.26200 
-9.73885 0.26300 
-9.74458 0.26400 
-9.75024 0.26500 
-9.75583 0.26600 
-9.76136 0.26700 
-9.76683 0.26800 
-9.77223 0.26900 
-9.77758 0.27000 
-9.78286 0.27100 
-9.78808 0.27200 
-9.79324 0.27300 
-9.79835 0.27400 
-9.80339 0.27500 
-9.80838 0.27600 
-9.81332 0.27700 
-9.81819 0.27800 
-9.82301 0.27900 
-9.82778 0.28000 
-9.83249 0.28100 
-9.83715 0.28200 
-9.84175 0.28300 
-9.84630 0.28400 
-9.85080 0.28500 
-9.85525 0.28600 
-9.85965 0.28700 
-9.86400 0.28800 
-9.86830 0.28900 
-9.87255 0.29000 
-9.87675 0.29100 
-9.88090 0.29200 
-9.88501 0.29300 
-9.88907 0.29400 
-9.89308 0.29500 
-9.89705 0.29600 
-9.90097 0.29700 
-9.90485 0.29800 
-9.90868 0.29900 
-9.91247 0.30000 
-9.91622 0.30100 
-9.91992 0.30200 
-9.92359 0.30300 
-9.92721 0.30400 
-9.93079 0.30500 
-9.93433 0.30600 
-9.93783 0.30700 
-9.94129 0.30800 
-9.94471 0.30900 
-9.94809 0.31000 
-9.95143 0.31100 
-9.95473 0.31200 
-9.95800 0.31300 
-9.96123 0.31400 
-9.96442 0.31500 
-9.96758 0.31600 
-9.97070 0.31700 
-9.97378 0.31800 
-9.97683 0.31900 
-9.97984 0.32000 
-9.98282 0.32100 
-9.98577 0.32200 
-9.98868 0.32300 
-9.99156 0.32400 
-9.99441 0.32500 
-9.99722 0.32600 
-10.00000 0.32700 
-10.00275 0.32800 
-10.00547 0.32900 
-10.00816 0.33000 
-10.01082 0.33100 
-10.01344 0.33200 
-10.01604 0.33300 
-10.01861 0.33400 
-10.02115 0.33500 
-10.02365 0.33600 
-10.02613 0.33700 
-10.02859 0.33800 
-10.03101 0.33900 
-10.03341 0.34000 
-10.03578 0.34100 
-10.03812 0.34200 
-10.04043 0.34300 
-10.04272 0.34400 
-10.04499 0.34500 
-10.04722 0.34600 
-10.04944 0.34700 
-10.05162 0.34800 
-10.05378 0.34900 
-10.05592 0.35000 
-10.05803 0.35100 
-10.06012 0.35200 
-10.06219 0.35300 
-10.06423 0.35400 
-10.06625 0.35500 
-10.06824 0.35600 
-10.07021 0.35700 
-10.07216 0.35800 
-10.07409 0.35900 
-10.07600 0.36000 
-10.07788 0.36100 
-10.07974 0.36200 
-10.08158 0.36300 
-10.08340 0.36400 
-10.08520 0.36500 
-10.08698 0.36600 
-10.08874 0.36700 
-10.09048 0.36800 
-10.09220 0.36900 
-10.09390 0.37000 
-10.09558 0.37100 
-10.09724 0.37200 
-10.09889 0.37300 
-10.10051 0.37400 
-10.10211 0.37500 
-10.10370 0.37600 
-10.10527 0.37700 
-10.10682 0.37800 
-10.10836 0.37900 
-10.10987 0.38000 
-10.11137 0.38100 
-10.11285 0.38200 
-10.11432 0.38300 
-10.11576 0.38400 
-10.11720 0.38500 
-10.11861 0.38600 
-10.12001 0.38700 
-10.12139 0.38800 
-10.12276 0.38900 
-10.12411 0.39000 
-10.12545 0.39100 
-10.12677 0.39200 
-10.12808 0.39300 
-10.12937 0.39400 
-10.13064 0.39500 
-10.13190 0.39600 
-10.13315 0.39700 
-10.13439 0.39800 
-10.13561 0.39900 
-10.13681 0.40000 
-10.13800 0.40100 
-10.13918 0.40200 
-10.14035 0.40300 
-10.14150 0.40400 
-10.14263 0.40500 
-10.14376 0.40600 
-10.14487 0.40700 
-10.14597 0.40800 
-10.14706 0.40900 
-10.14813 0.41000 
-10.14920 0.41100 
-10.15025 0.41200 
-10.15129 0.41300 
-10.15231 0.41400 
-10.15333 0.41500 
-10.15433 0.41600 
-10.15532 0.41700 
-10.15630 0.41800 
-10.15727 0.41900 
-10.15823 0.42000 
-10.15918 0.42100 
-10.16012 0.42200 
-10.16104 0.42300 
-10.16196 0.42400 
-10.16286 0.42500 
-10.16376 0.42600 
-10.16464 0.42700 
-10.16552 0.42800 
-10.16638 0.42900 
-10.16724 0.43000 
-10.16808 0.43100 
-10.16892 0.43200 
-10.16974 0.43300 
-10.17056 0.43400 
-10.17137 0.43500 
-10.17217 0.43600 
-10.17295 0.43700 
-10.17373 0.43800 
-10.17451 0.43900 
-10.17527 0.44000 
-10.17602 0.44100 
-10.17677 0.44200 
-10.17750 0.44300 
-10.17823 0.44400 
-10.17895 0.44500 
-10.17966 0.44600 
-10.18036 0.44700 
-10.18106 0.44800 
-10.18175 0.44900 
-10.18243 0.45000 
-10.18310 0.45100 
-10.18376 0.45200 
-10.18442 0.45300 
-10.18507 0.45400 
-10.18571 0.45500 
-10.18635 0.45600 
-10.18697 0.45700 
-10.18759 0.45800 
-10.18821 0.45900 
-10.18881 0.46000 
-10.18941 0.46100 
-10.19000 0.46200 
-10.19059 0.46300 
-10.19117 0.46400 
-10.19174 0.46500 
-10.19231 0.46600 
-10.19287 0.46700 
-10.19342 0.46800 
-10.19396 0.46900 
-10.19451 0.47000 
-10.19504 0.47100 
-10.19557 0.47200 
-10.19609 0.47300 
-10.19661 0.47400 
-10.19712 0.47500 
-10.19762 0.47600 
-10.19812 0.47700 
-10.19861 0.47800 
-10.19910 0.47900 
-10.19958 0.48000 
-10.20006 0.48100 
-10.20053 0.48200 
-10.20099 0.48300 
-10.20145 0.48400 
-10.20191 0.48500 
-10.20236 0.48600 
-10.20280 0.48700 
-10.20324 0.48800 
-10.20368 0.48900 
-10.20411 0.49000 
-10.20453 0.49100 
-10.20495 0.49200 
-10.20537 0.49300 
-10.20578 0.49400 
-10.20618 0.49500 
-10.20659 0.49600 
-10.20698 0.49700 
-10.20738 0.49800 
-10.20776 0.49900 
-10.20815 0.50000 
-10.20853 0.50100 
-10.20890 0.50200 
-10.20927 0.50300 
-10.20964 0.50400 
-10.21000 0.50500 
-10.21036 0.50600 
-10.21071 0.50700 
-10.21106 0.50800 
-10.21141 0.50900 
-10.21175 0.51000 
-10.21209 0.51100 
-10.21242 0.51200 
-10.21275 0.51300 
-10.21308 0.51400 
-10.21340 0.51500 
-10.21372 0.51600 
-10.21404 0.51700 
-10.21435 0.51800 
-10.21466 0.51900 
-10.21496 0.52000 
-10.21527 0.52100 
-10.21556 0.52200 
-10.21586 0.52300 
-10.21615 0.52400 
-10.21644 0.52500 
-10.21672 0.52600 
-10.21701 0.52700 
-10.21728 0.52800 
-10.21756 0.52900 
-10.21783 0.53000 
-10.21810 0.53100 
-10.21837 0.53200 
-10.21863 0.53300 
-10.21889 0.53400 
-10.21915 0.53500 
-10.21940 0.53600 
-10.21965 0.53700 
-10.21990 0.53800 
-10.22015 0.53900 
-10.22039 0.54000 
-10.22063 0.54100 
-10.22087 0.54200 
-10.22110 0.54300 
-10.22134 0.54400 
-10.22157 0.54500 
-10.22179 0.54600 
-10.22202 0.54700 
-10.22224 0.54800 
-10.22246 0.54900 
-10.22268 0.55000 
-10.22289 0.55100 
-10.22310 0.55200 
-10.22331 0.55300 
-10.22352 0.55400 
-10.22372 0.55500 
-10.22393 0.55600 
-10.22413 0.55700 
-10.22432 0.55800 
-10.22452 0.55900 
-10.22471 0.56000 
-10.22490 0.56100 
-10.22509 0.56200 
-10.22528 0.56300 
-10.22546 0.56400 
-10.22565 0.56500 
-10.22583 0.56600 
-10.22601 0.56700 
-10.22618 0.56800 
-10.22636 0.56900 
-10.22653 0.57000 
-10.22670 0.57100 
-10.22687 0.57200 
-10.22704 0.57300 
-10.22720 0.57400 
-10.22736 0.57500 
-10.22753 0.57600 
-10.22769 0.57700 
-10.22784 0.57800 
-10.22800 0.57900 
-10.22815 0.58000 
-10.22830 0.58100 
-10.22846 0.58200 
-10.22860 0.58300 
-10.22875 0.58400 
-10.22890 0.58500 
-10.22904 0.58600 
-10.22918 0.58700 
-10.22932 0.58800 
-10.22946 0.58900 
-10.22960 0.59000 
-10.22974 0.59100 
-10.22987 0.59200 
-10.23000 0.59300 
-10.23013 0.59400 
-10.23026 0.59500 
-10.23039 0.59600 
-10.23052 0.59700 
-10.23064 0.59800 
-10.23077 0.59900 
-10.23089 0.60000 
-10.23101 0.60100 
-10.23113 0.60200 
-10.23125 0.60300 
-10.23137 0.60400 
-10.23148 0.60500 
-10.23160 0.60600 
-10.23171 0.60700 
-10.23182 0.60800 
-10.23193 0.60900 
-10.23204 0.61000 
-10.23215 0.61100 
-10.23226 0.61200 
-10.23236 0.61300 
-10.23247 0.61400 
-10.23257 0.61500 
-10.23267 0.61600 
-10.23277 0.61700 
-10.23287 0.61800 
-10.23297 0.61900 
-10.23307 0.62000 
-10.23317 0.62100 
-10.23326 0.62200 
-10.23336 0.62300 
-10.23345 0.62400 
-10.23354 0.62500 
-10.23363 0.62600 
-10.23372 0.62700 
-10.23381 0.62800 
-10.23390 0.62900 
-10.23399 0.63000 
-10.23407 0.63100 
-10.23416 0.63200 
-10.23424 0.63300 
-10.23433 0.63400 
-10.23441 0.63500 
-10.23449 0.63600 
-10.23457 0.63700 
-10.23465 0.63800 
-10.23473 0.63900 
-10.23481 0.64000 
-10.23488 0.64100 
-10.23496 0.64200 
-10.23503 0.64300 
-10.23511 0.64400 
-10.23518 0.64500 
-10.23525 0.64600 
-10.23533 0.64700 
-10.23540 0.64800 
-10.23547 0.64900 
-10.23554 0.65000 
-10.23561 0.65100 
-10.23567 0.65200 
-10.23574 0.65300 
-10.23581 0.65400 
-10.23587 0.65500 
-10.23594 0.65600 
-10.23600 0.65700 
-10.23606 0.65800 
-10.23613 0.65900 
-10.23619 0.66000 
-10.23625 0.66100 
-10.23631 0.66200 
-10.23637 0.66300 
-10.23643 0.66400 
-10.23649 0.66500 
-10.23655 0.66600 
-10.23660 0.66700 
-10.23666 0.66800 
-10.23671 0.66900 
-10.23677 0.67000 
-10.23682 0.67100 
-10.23688 0.67200 
-10.23693 0.67300 
-10.23698 0.67400 
-10.23704 0.67500 
-10.23709 0.67600 
-10.23714 0.67700 
-10.23719 0.67800 
-10.23724 0.67900 
-10.23729 0.68000 
-10.23734 0.68100 
-10.23739 0.68200 
-10.23743 0.68300 
-10.23748 0.68400 
-10.23753 0.68500 
-10.23757 0.68600 
-10.23762 0.68700 
-10.23766 0.68800 
-10.23771 0.68900 
-10.23775 0.69000 
-10.23779 0.69100 
-10.23784 0.69200 
-10.23788 0.69300 
-10.23792 0.69400 
-10.23796 0.69500 
-10.23800 0.69600 
-10.23805 0.69700 
-10.23809 0.69800 
-10.23812 0.69900 
-10.23816 0.70000 
-10.23820 0.70100 
-10.23824 0.70200 
-10.23828 0.70300 
-10.23832 0.70400 
-10.23835 0.70500 
-10.23839 0.70600 
-10.23843 0.70700 
-10.23846 0.70800 
-10.23850 0.70900 
-10.23853 0.71000 
-10.23857 0.71100 
-10.23860 0.71200 
-10.23863 0.71300 
-10.23867 0.71400 
-10.23870 0.71500 
-10.23873 0.71600 
-10.23877 0.71700 
-10.23880 0.71800 
-10.23883 0.71900 
-10.23886 0.72000 
-10.23889 0.72100 
-10.23892 0.72200 
-10.23895 0.72300 
-10.23898 0.72400 
-10.23901 0.72500 
-10.23904 0.72600 
-10.23907 0.72700 
-10.23910 0.72800 
-10.23913 0.72900 
-10.23915 0.73000 
-10.23918 0.73100 
-10.23921 0.73200 
-10.23924 0.73300 
-10.23926 0.73400 
-10.23929 0.73500 
-10.23931 0.73600 
-10.23934 0.73700 
-10.23937 0.73800 
-10.23939 0.73900 
-10.23942 0.74000 
-10.23944 0.74100 
-10.23946 0.74200 
-10.23949 0.74300 
-10.23951 0.74400 
-10.23954 0.74500 
-10.23956 0.74600 
-10.23958 0.74700 
-10.23961 0.74800 
-10.23963 0.74900 
-10.23965 0.75000 
-10.23967 0.75100 
-10.23969 0.75200 
-10.23971 0.75300 
-10.23974 0.75400 
-10.23976 0.75500 
-10.23978 0.75600 
-10.23980 0.75700 
-10.23982 0.75800 
-10.23984 0.75900 
-10.23986 0.76000 
-10.23988 0.76100 
-10.23990 0.76200 
-10.23992 0.76300 
-10.23993 0.76400 
-10.23995 0.76500 
-10.23997 0.76600 
-10.23999 0.76700 
-10.24001 0.76800 
-10.24003 0.76900 
-10.24004 0.77000 
-10.24006 0.77100 
-10.24008 0.77200 
-10.24010 0.77300 
-10.24011 0.77400 
-10.24013 0.77500 
-10.24015 0.77600 
-10.24016 0.77700 
-10.24018 0.77800 
-10.24019 0.77900 
-10.24021 0.78000 
-10.24023 0.78100 
-10.24024 0.78200 
-10.24026 0.78300 
-10.24027 0.78400 
-10.24029 0.78500 
-10.24030 0.78600 
-10.24032 0.78700 
-10.24033 0.78800 
-10.24034 0.78900 
-10.24036 0.79000 
-10.24037 0.79100 
-10.24039 0.79200 
-10.24040 0.79300 
-10.24041 0.79400 
-10.24043 0.79500 
-10.24044 0.79600 
-10.24045 0.79700 
-10.24046 0.79800 
-10.24048 0.79900 
-10.24049 0.80000 
-10.24050 0.80100 
-10.24051 0.80200 
-10.24053 0.80300 
-10.24054 0.80400 
-10.24055 0.80500 
-10.24056 0.80600 
-10.24057 0.80700 
-10.24058 0.80800 
-10.24060 0.80900 
-10.24061 0.81000 
-10.24062 0.81100 
-10.24063 0.81200 
-10.24064 0.81300 
-10.24065 0.81400 
-10.24066 0.81500 
-10.24067 0.81600 
-10.24068 0.81700 
-10.24069 0.81800 
-10.24070 0.81900 
-10.24071 0.82000 
-10.24072 0.82100 
-10.24073 0.82200 
-10.24074 0.82300 
-10.24075 0.82400 
-10.24076 0.82500 
-10.24077 0.82600 
-10.24078 0.82700 
-10.24079 0.82800 
-10.24080 0.82900 
-10.24081 0.83000 
-10.24082 0.83100 
-10.24082 0.83200 
-10.24083 0.83300 
-10.24084 0.83400 
-10.24085 0.83500 
-10.24086 0.83600 
-10.24087 0.83700 
-10.24087 0.83800 
-10.24088 0.83900 
-10.24089 0.84000 
-10.24090 0.84100 
-10.24091 0.84200 
-10.24091 0.84300 
-10.24092 0.84400 
-10.24093 0.84500 
-10.24094 0.84600 
-10.24094 0.84700 
-10.24095 0.84800 
-10.24096 0.84900 
-10.24096 0.85000 
-10.24097 0.85100 
-10.24098 0.85200 
-10.24099 0.85300 
-10.24099 0.85400 
-10.24100 0.85500 
-10.24101 0.85600 
-10.24101 0.85700 
-10.24102 0.85800 
-10.24103 0.85900 
-10.24103 0.86000 
-10.24104 0.86100 
-10.24104 0.86200 
-10.24105 0.86300 
-10.24106 0.86400 
-10.24106 0.86500 
-10.24107 0.86600 
-10.24107 0.86700 
-10.24108 0.86800 
-10.24109 0.86900 
-10.24109 0.87000 
-10.24110 0.87100 
-10.24110 0.87200 
-10.24111 0.87300 
-10.24111 0.87400 
-10.24112 0.87500 
-10.24112 0.87600 
-10.24113 0.87700 
-10.24113 0.87800 
-10.24114 0.87900 
-10.24114 0.88000 
-10.24115 0.88100 
-10.24115 0.88200 
-10.24116 0.88300 
-10.24116 0.88400 
-10.24117 0.88500 
-10.24117 0.88600 
-10.24118 0.88700 
-10.24118 0.88800 
-10.24119 0.88900 
-10.24119 0.89000 
-10.24120 0.89100 
-10.24120 0.89200 
-10.24120 0.89300 
-10.24121 0.89400 
-10.24121 0.89500 
-10.24122 0.89600 
-10.24122 0.89700 
-10.24123 0.89800 
-10.24123 0.89900 
-10.24123 0.90000 
-10.24124 0.90100 
-10.24124 0.90200 
-10.24125 0.90300 
-10.24125 0.90400 
-10.24125 0.90500 
-10.24126 0.90600 
-10.24126 0.90700 
-10.24126 0.90800 
-10.24127 0.90900 
-10.24127 0.91000 
-10.24127 0.91100 
-10.24128 0.91200 
-10.24128 0.91300 
-10.24128 0.91400 
-10.24129 0.91500 
-10.24129 0.91600 
-10.24129 0.91700 
-10.24130 0.91800 
-10.24130 0.91900 
-10.24130 0.92000 
-10.24131 0.92100 
-10.24131 0.92200 
-10.24131 0.92300 
-10.24132 0.92400 
-10.24132 0.92500 
-10.24132 0.92600 
-10.24133 0.92700 
-10.24133 0.92800 
-10.24133 0.92900 
-10.24133 0.93000 
-10.24134 0.93100 
-10.24134 0.93200 
-10.24134 0.93300 
-10.24135 0.93400 
-10.24135 0.93500 
-10.24135 0.93600 
-10.24135 0.93700 
-10.24136 0.93800 
-10.24136 0.93900 
-10.24136 0.94000 
-10.24136 0.94100 
-10.24137 0.94200 
-10.24137 0.94300 
-10.24137 0.94400 
-10.24137 0.94500 
-10.24138 0.94600 
-10.24138 0.94700 
-10.24138 0.94800 
-10.24138 0.94900 
-10.24139 0.95000 
-10.24139 0.95100 
-10.24139 0.95200 
-10.24139 0.95300 
-10.24139 0.95400 
-10.24140 0.95500 
-10.24140 0.95600 
-10.24140 0.95700 
-10.24140 0.95800 
-10.24140 0.95900 
-10.24141 0.96000 
-10.24141 0.96100 
-10.24141 0.96200 
-10.24141 0.96300 
-10.24141 0.96400 
-10.24142 0.96500 
-10.24142 0.96600 
-10.24142 0.96700 
-10.24142 0.96800 
-10.24142 0.96900 
-10.24143 0.97000 
-10.24143 0.97100 
-10.24143 0.97200 
-10.24143 0.97300 
-10.24143 0.97400 
-10.24143 0.97500 
-10.24144 0.97600 
-10.24144 0.97700 
-10.24144 0.97800 
-10.24144 0.97900 
-10.24144 0.98000 
-10.24144 0.98100 
-10.24145 0.98200 
-10.24145 0.98300 
-10.24145 0.98400 
-10.24145 0.98500 
-10.24145 0.98600 
-10.24145 0.98700 
-10.24145 0.98800 
-10.24146 0.98900 
-10.24146 0.99000 
-10.24146 0.99100 
-10.24146 0.99200 
-10.24146 0.99300 
-10.24146 0.99400 
-10.24146 0.99500 
-10.24147 0.99600 
-10.24147 0.99700 
-10.24147 0.99800 
-10.24147 0.99900 
