0.00000 0.00000 
-0.00004 0.00100 
-0.00017 0.00200 
-0.00037 0.00300 
-0.00066 0.00400 
-0.00102 0.00500 
-0.00146 0.00600 
-0.00198 0.00700 
-0.00258 0.00800 
-0.00325 0.00900 
-0.00400 0.01000 
-0.00482 0.01100 
-0.00572 0.01200 
-0.00669 0.01300 
-0.00773 0.01400 
-0.00884 0.01500 
-0.01002 0.01600 
-0.01127 0.01700 
-0.01258 0.01800 
-0.01397 0.01900 
-0.01542 0.02000 
-0.01694 0.02100 
-0.01852 0.02200 
-0.02017 0.02300 
-0.02188 0.02400 
-0.02366 0.02500 
-0.02549 0.02600 
-0.02739 0.02700 
-0.02935 0.02800 
-0.03137 0.02900 
-0.03345 0.03000 
-0.03559 0.03100 
-0.03779 0.03200 
-0.04004 0.03300 
-0.04235 0.03400 
-0.04472 0.03500 
-0.04714 0.03600 
-0.04962 0.03700 
-0.05215 0.03800 
-0.05474 0.03900 
-0.05738 0.04000 
-0.06007 0.04100 
-0.06281 0.04200 
-0.06561 0.04300 
-0.06845 0.04400 
-0.07135 0.04500 
-0.07430 0.04600 
-0.07729 0.04700 
-0.08033 0.04800 
-0.08342 0.04900 
-0.08656 0.05000 
-0.08975 0.05100 
-0.09298 0.05200 
-0.09626 0.05300 
-0.09958 0.05400 
-0.10295 0.05500 
-0.10636 0.05600 
-0.10981 0.05700 
-0.11331 0.05800 
-0.11685 0.05900 
-0.12043 0.06000 
-0.12406 0.06100 
-0.12773 0.06200 
-0.13143 0.06300 
-0.13518 0.06400 
-0.13897 0.06500 
-0.14279 0.06600 
-0.14666 0.06700 
-0.15056 0.06800 
-0.15451 0.06900 
-0.15849 0.07000 
-0.16250 0.07100 
-0.16656 0.07200 
-0.17065 0.07300 
-0.17477 0.07400 
-0.17894 0.07500 
-0.18313 0.07600 
-0.18736 0.07700 
-0.19163 0.07800 
-0.19593 0.07900 
-0.20026 0.08000 
-0.20463 0.08100 
-0.20903 0.08200 
-0.21346 0.08300 
-0.21793 0.08400 
-0.22242 0.08500 
-0.22695 0.08600 
-0.23151 0.08700 
-0.23610 0.08800 
-0.24072 0.08900 
-0.24537 0.09000 
-0.25005 0.09100 
-0.25475 0.09200 
-0.25949 0.09300 
-0.26426 0.09400 
-0.26905 0.09500 
-0.27387 0.09600 
-0.27872 0.09700 
-0.28360 0.09800 
-0.28850 0.09900 
-0.29343 0.10000 
-0.29839 0.10100 
-0.30337 0.10200 
-0.30838 0.10300 
-0.31341 0.10400 
-0.31847 0.10500 
-0.32356 0.10600 
-0.32867 0.10700 
-0.33380 0.10800 
-0.33896 0.10900 
-0.34414 0.11000 
-0.34934 0.11100 
-0.35457 0.11200 
-0.35982 0.11300 
-0.36510 0.11400 
-0.37039 0.11500 
-0.37571 0.11600 
-0.38105 0.11700 
-0.38641 0.11800 
-0.39180 0.11900 
-0.39720 0.12000 
-0.40263 0.12100 
-0.40807 0.12200 
-0.41354 0.12300 
-0.41903 0.12400 
-0.42454 0.12500 
-0.43006 0.12600 
-0.43561 0.12700 
-0.44118 0.12800 
-0.44676 0.12900 
-0.45237 0.13000 
-0.45799 0.13100 
-0.46363 0.13200 
-0.46929 0.13300 
-0.47497 0.13400 
-0.48066 0.13500 
-0.48638 0.13600 
-0.49211 0.13700 
-0.49785 0.13800 
-0.50362 0.13900 
-0.50940 0.14000 
-0.51520 0.14100 
-0.52101 0.14200 
-0.52685 0.14300 
-0.53269 0.14400 
-0.53856 0.14500 
-0.54444 0.14600 
-0.55033 0.14700 
-0.55624 0.14800 
-0.56217 0.14900 
-0.56811 0.15000 
-0.57406 0.15100 
-0.58003 0.15200 
-0.58602 0.15300 
-0.59202 0.15400 
-0.59803 0.15500 
-0.60406 0.15600 
-0.61010 0.15700 
-0.61615 0.15800 
-0.62222 0.15900 
-0.62830 0.16000 
-0.63440 0.16100 
-0.64050 0.16200 
-0.64663 0.16300 
-0.65276 0.16400 
-0.65891 0.16500 
-0.66506 0.16600 
-0.67124 0.16700 
-0.67742 0.16800 
-0.68362 0.16900 
-0.68982 0.17000 
-0.69604 0.17100 
-0.70227 0.17200 
-0.70852 0.17300 
-0.71477 0.17400 
-0.72104 0.17500 
-0.72731 0.17600 
-0.73360 0.17700 
-0.73990 0.17800 
-0.74621 0.17900 
-0.75253 0.18000 
-0.75886 0.18100 
-0.76520 0.18200 
-0.77155 0.18300 
-0.77791 0.18400 
-0.78429 0.18500 
-0.79067 0.18600 
-0.79706 0.18700 
-0.80346 0.18800 
-0.80987 0.18900 
-0.81629 0.19000 
-0.82272 0.19100 
-0.82916 0.19200 
-0.83561 0.19300 
-0.84207 0.19400 
-0.84853 0.19500 
-0.85501 0.19600 
-0.86149 0.19700 
-0.86798 0.19800 
-0.87448 0.19900 
-0.88099 0.20000 
-0.88751 0.20100 
-0.89404 0.20200 
-0.90057 0.20300 
-0.90712 0.20400 
-0.91367 0.20500 
-0.92023 0.20600 
-0.92679 0.20700 
-0.93337 0.20800 
-0.93995 0.20900 
-0.94654 0.21000 
-0.95314 0.21100 
-0.95974 0.21200 
-0.96635 0.21300 
-0.97297 0.21400 
-0.97960 0.21500 
-0.98623 0.21600 
-0.99287 0.21700 
-0.99952 0.21800 
-1.00617 0.21900 
-1.01283 0.22000 
-1.01950 0.22100 
-1.02618 0.22200 
-1.03286 0.22300 
-1.03954 0.22400 
-1.04624 0.22500 
-1.05293 0.22600 
-1.05964 0.22700 
-1.06635 0.22800 
-1.07307 0.22900 
-1.07979 0.23000 
-1.08652 0.23100 
-1.09326 0.23200 
-1.10000 0.23300 
-1.10675 0.23400 
-1.11350 0.23500 
-1.12026 0.23600 
-1.12702 0.23700 
-1.13379 0.23800 
-1.14057 0.23900 
-1.14735 0.24000 
-1.15413 0.24100 
-1.16092 0.24200 
-1.16772 0.24300 
-1.17452 0.24400 
-1.18133 0.24500 
-1.18814 0.24600 
-1.19495 0.24700 
-1.20177 0.24800 
-1.20860 0.24900 
-1.21543 0.25000 
-1.22227 0.25100 
-1.22911 0.25200 
-1.23595 0.25300 
-1.24280 0.25400 
-1.24965 0.25500 
-1.25651 0.25600 
-1.26337 0.25700 
-1.27024 0.25800 
-1.27711 0.25900 
-1.28399 0.26000 
-1.29087 0.26100 
-1.29775 0.26200 
-1.30464 0.26300 
-1.31153 0.26400 
-1.31843 0.26500 
-1.32533 0.26600 
-1.33223 0.26700 
-1.33914 0.26800 
-1.34605 0.26900 
-1.35296 0.27000 
-1.35988 0.27100 
-1.36681 0.27200 
-1.37373 0.27300 
-1.38066 0.27400 
-1.38760 0.27500 
-1.39453 0.27600 
-1.40147 0.27700 
-1.40842 0.27800 
-1.41537 0.27900 
-1.42232 0.28000 
-1.42927 0.28100 
-1.43623 0.28200 
-1.44319 0.28300 
-1.45016 0.28400 
-1.45712 0.28500 
-1.46409 0.28600 
-1.47107 0.28700 
-1.47804 0.28800 
-1.48502 0.28900 
-1.49201 0.29000 
-1.49899 0.29100 
-1.50598 0.29200 
-1.51297 0.29300 
-1.51997 0.29400 
-1.52696 0.29500 
-1.53396 0.29600 
-1.54097 0.29700 
-1.54797 0.29800 
-1.55498 0.29900 
-1.56199 0.30000 
-1.56901 0.30100 
-1.57602 0.30200 
-1.58304 0.30300 
-1.59006 0.30400 
-1.59709 0.30500 
-1.60412 0.30600 
-1.61114 0.30700 
-1.61818 0.30800 
-1.62521 0.30900 
-1.63225 0.31000 
-1.63929 0.31100 
-1.64633 0.31200 
-1.65337 0.31300 
-1.66042 0.31400 
-1.66746 0.31500 
-1.67451 0.31600 
-1.68157 0.31700 
-1.68862 0.31800 
-1.69568 0.31900 
-1.70274 0.32000 
-1.70980 0.32100 
-1.71686 0.32200 
-1.72393 0.32300 
-1.73100 0.32400 
-1.73806 0.32500 
-1.74514 0.32600 
-1.75221 0.32700 
-1.75928 0.32800 
-1.76636 0.32900 
-1.77344 0.33000 
-1.78052 0.33100 
-1.78761 0.33200 
-1.79469 0.33300 
-1.80178 0.33400 
-1.80887 0.33500 
-1.81596 0.33600 
-1.82305 0.33700 
-1.83014 0.33800 
-1.83724 0.33900 
-1.84433 0.34000 
-1.85143 0.34100 
-1.85853 0.34200 
-1.86564 0.34300 
-1.87274 0.34400 
-1.87985 0.34500 
-1.88695 0.34600 
-1.89406 0.34700 
-1.90117 0.34800 
-1.90828 0.34900 
-1.91540 0.35000 
-1.92251 0.35100 
-1.92963 0.35200 
-1.93674 0.35300 
-1.94386 0.35400 
-1.95098 0.35500 
-1.95811 0.35600 
-1.96523 0.35700 
-1.97235 0.35800 
-1.97948 0.35900 
-1.98661 0.36000 
-1.99374 0.36100 
-2.00087 0.36200 
-2.00800 0.36300 
-2.01513 0.36400 
-2.02226 0.36500 
-2.02940 0.36600 
-2.03654 0.36700 
-2.04367 0.36800 
-2.05081 0.36900 
-2.05795 0.37000 
-2.06509 0.37100 
-2.07224 0.37200 
-2.07938 0.37300 
-2.08653 0.37400 
-2.09367 0.37500 
-2.10082 0.37600 
-2.10797 0.37700 
-2.11512 0.37800 
-2.12227 0.37900 
-2.12942 0.38000 
-2.13657 0.38100 
-2.14372 0.38200 
-2.15088 0.38300 
-2.15804 0.38400 
-2.16519 0.38500 
-2.17235 0.38600 
-2.17951 0.38700 
-2.18667 0.38800 
-2.19383 0.38900 
-2.20099 0.39000 
-2.20815 0.39100 
-2.21532 0.39200 
-2.22248 0.39300 
-2.22965 0.39400 
-2.23681 0.39500 
-2.24398 0.39600 
-2.25115 0.39700 
-2.25832 0.39800 
-2.26549 0.39900 
-2.27266 0.40000 
-2.27983 0.40100 
-2.28700 0.40200 
-2.29417 0.40300 
-2.30135 0.40400 
-2.30852 0.40500 
-2.31570 0.40600 
-2.32288 0.40700 
-2.33005 0.40800 
-2.33723 0.40900 
-2.34441 0.41000 
-2.35159 0.41100 
-2.35877 0.41200 
-2.36595 0.41300 
-2.37313 0.41400 
-2.38031 0.41500 
-2.38750 0.41600 
-2.39468 0.41700 
-2.40187 0.41800 
-2.40905 0.41900 
-2.41624 0.42000 
-2.42342 0.42100 
-2.43061 0.42200 
-2.43780 0.42300 
-2.44499 0.42400 
-2.45218 0.42500 
-2.45937 0.42600 
-2.46656 0.42700 
-2.47375 0.42800 
-2.48094 0.42900 
-2.48813 0.43000 
-2.49532 0.43100 
-2.50252 0.43200 
-2.50971 0.43300 
-2.51691 0.43400 
-2.52410 0.43500 
-2.53130 0.43600 
-2.53849 0.43700 
-2.54569 0.43800 
-2.55289 0.43900 
-2.56009 0.44000 
-2.56729 0.44100 
-2.57448 0.44200 
-2.58168 0.44300 
-2.58888 0.44400 
-2.59608 0.44500 
-2.60329 0.44600 
-2.61049 0.44700 
-2.61769 0.44800 
-2.62489 0.44900 
-2.63210 0.45000 
-2.63930 0.45100 
-2.64650 0.45200 
-2.65371 0.45300 
-2.66091 0.45400 
-2.66812 0.45500 
-2.67532 0.45600 
-2.68253 0.45700 
-2.68974 0.45800 
-2.69694 0.45900 
-2.70415 0.46000 
-2.71136 0.46100 
-2.71857 0.46200 
-2.72578 0.46300 
-2.73299 0.46400 
-2.74020 0.46500 
-2.74741 0.46600 
-2.75462 0.46700 
-2.76183 0.46800 
-2.76904 0.46900 
-2.77625 0.47000 
-2.78346 0.47100 
-2.79068 0.47200 
-2.79789 0.47300 
-2.80510 0.47400 
-2.81232 0.47500 
-2.81953 0.47600 
-2.82674 0.47700 
-2.83396 0.47800 
-2.84117 0.47900 
-2.84839 0.48000 
-2.85560 0.48100 
-2.86282 0.48200 
-2.87004 0.48300 
-2.87725 0.48400 
-2.88447 0.48500 
-2.89169 0.48600 
-2.89891 0.48700 
-2.90612 0.48800 
-2.91334 0.48900 
-2.92056 0.49000 
-2.92778 0.49100 
-2.93500 0.49200 
-2.94222 0.49300 
-2.94944 0.49400 
-2.95666 0.49500 
-2.96388 0.49600 
-2.97110 0.49700 
-2.97832 0.49800 
-2.98554 0.49900 
-2.99276 0.50000 
-2.99998 0.50100 
-3.00720 0.50200 
-3.01443 0.50300 
-3.02165 0.50400 
-3.02887 0.50500 
-3.03609 0.50600 
-3.04332 0.50700 
-3.05054 0.50800 
-3.05777 0.50900 
-3.06499 0.51000 
-3.07221 0.51100 
-3.07944 0.51200 
-3.08666 0.51300 
-3.09389 0.51400 
-3.10111 0.51500 
-3.10834 0.51600 
-3.11556 0.51700 
-3.12279 0.51800 
-3.13002 0.51900 
-3.13724 0.52000 
-3.14447 0.52100 
-3.15169 0.52200 
-3.15892 0.52300 
-3.16615 0.52400 
-3.17338 0.52500 
-3.18060 0.52600 
-3.18783 0.52700 
-3.19506 0.52800 
-3.20229 0.52900 
-3.20951 0.53000 
-3.21674 0.53100 
-3.22397 0.53200 
-3.23120 0.53300 
-3.23843 0.53400 
-3.24566 0.53500 
-3.25289 0.53600 
-3.26012 0.53700 
-3.26735 0.53800 
-3.27458 0.53900 
-3.28181 0.54000 
-3.28904 0.54100 
-3.29627 0.54200 
-3.30350 0.54300 
-3.31073 0.54400 
-3.31796 0.54500 
-3.32519 0.54600 
-3.33242 0.54700 
-3.33965 0.54800 
-3.34689 0.54900 
-3.35412 0.55000 
-3.36135 0.55100 
-3.36858 0.55200 
-3.37581 0.55300 
-3.38305 0.55400 
-3.39028 0.55500 
-3.39751 0.55600 
-3.40474 0.55700 
-3.41198 0.55800 
-3.41921 0.55900 
-3.42644 0.56000 
-3.43367 0.56100 
-3.44091 0.56200 
-3.44814 0.56300 
-3.45538 0.56400 
-3.46261 0.56500 
-3.46984 0.56600 
-3.47708 0.56700 
-3.48431 0.56800 
-3.49155 0.56900 
-3.49878 0.57000 
-3.50601 0.57100 
-3.51325 0.57200 
-3.52048 0.57300 
-3.52772 0.57400 
-3.53495 0.57500 
-3.54219 0.57600 
-3.54942 0.57700 
-3.55666 0.57800 
-3.56389 0.57900 
-3.57113 0.58000 
-3.57837 0.58100 
-3.58560 0.58200 
-3.59284 0.58300 
-3.60007 0.58400 
-3.60731 0.58500 
-3.61455 0.58600 
-3.62178 0.58700 
-3.62902 0.58800 
-3.63625 0.58900 
-3.64349 0.59000 
-3.65073 0.59100 
-3.65796 0.59200 
-3.66520 0.59300 
-3.67244 0.59400 
-3.67968 0.59500 
-3.68691 0.59600 
-3.69415 0.59700 
-3.70139 0.59800 
-3.70862 0.59900 
-3.71586 0.60000 
-3.72310 0.60100 
-3.73034 0.60200 
-3.73758 0.60300 
-3.74481 0.60400 
-3.75205 0.60500 
-3.75929 0.60600 
-3.76653 0.60700 
-3.77377 0.60800 
-3.78100 0.60900 
-3.78824 0.61000 
-3.79548 0.61100 
-3.80272 0.61200 
-3.80996 0.61300 
-3.81720 0.61400 
-3.82443 0.61500 
-3.83167 0.61600 
-3.83891 0.61700 
-3.84615 0.61800 
-3.85339 0.61900 
-3.86063 0.62000 
-3.86787 0.62100 
-3.87511 0.62200 
-3.88235 0.62300 
-3.88959 0.62400 
-3.89682 0.62500 
-3.90406 0.62600 
-3.91130 0.62700 
-3.91854 0.62800 
-3.92578 0.62900 
-3.93302 0.63000 
-3.94026 0.63100 
-3.94750 0.63200 
-3.95474 0.63300 
-3.96198 0.63400 
-3.96922 0.63500 
-3.97646 0.63600 
-3.98370 0.63700 
-3.99094 0.63800 
-3.99818 0.63900 
-4.00542 0.64000 
-4.01266 0.64100 
-4.01990 0.64200 
-4.02714 0.64300 
-4.03438 0.64400 
-4.04162 0.64500 
-4.04887 0.64600 
-4.05611 0.64700 
-4.06335 0.64800 
-4.07059 0.64900 
-4.07783 0.65000 
-4.08507 0.65100 
-4.09231 0.65200 
-4.09955 0.65300 
-4.10679 0.65400 
-4.11403 0.65500 
-4.12127 0.65600 
-4.12851 0.65700 
-4.13576 0.65800 
-4.14300 0.65900 
-4.15024 0.66000 
-4.15748 0.66100 
-4.16472 0.66200 
-4.17196 0.66300 
-4.17920 0.66400 
-4.18645 0.66500 
-4.19369 0.66600 
-4.20093 0.66700 
-4.20817 0.66800 
-4.21541 0.66900 
-4.22265 0.67000 
-4.22989 0.67100 
-4.23714 0.67200 
-4.24438 0.67300 
-4.25162 0.67400 
-4.25886 0.67500 
-4.26610 0.67600 
-4.27335 0.67700 
-4.28059 0.67800 
-4.28783 0.67900 
-4.29507 0.68000 
-4.30231 0.68100 
-4.30956 0.68200 
-4.31680 0.68300 
-4.32404 0.68400 
-4.33128 0.68500 
-4.33852 0.68600 
-4.34577 0.68700 
-4.35301 0.68800 
-4.36025 0.68900 
-4.36749 0.69000 
-4.37474 0.69100 
-4.38198 0.69200 
-4.38922 0.69300 
-4.39646 0.69400 
-4.40371 0.69500 
-4.41095 0.69600 
-4.41819 0.69700 
-4.42543 0.69800 
-4.43268 0.69900 
-4.43992 0.70000 
-4.44716 0.70100 
-4.45440 0.70200 
-4.46165 0.70300 
-4.46889 0.70400 
-4.47613 0.70500 
-4.48337 0.70600 
-4.49062 0.70700 
-4.49786 0.70800 
-4.50510 0.70900 
-4.51235 0.71000 
-4.51959 0.71100 
-4.52683 0.71200 
-4.53407 0.71300 
-4.54132 0.71400 
-4.54856 0.71500 
-4.55580 0.71600 
-4.56305 0.71700 
-4.57029 0.71800 
-4.57753 0.71900 
-4.58478 0.72000 
-4.59202 0.72100 
-4.59926 0.72200 
-4.60651 0.72300 
-4.61375 0.72400 
-4.62099 0.72500 
-4.62824 0.72600 
-4.63548 0.72700 
-4.64272 0.72800 
-4.64997 0.72900 
-4.65721 0.73000 
-4.66445 0.73100 
-4.67170 0.73200 
-4.67894 0.73300 
-4.68618 0.73400 
-4.69343 0.73500 
-4.70067 0.73600 
-4.70791 0.73700 
-4.71516 0.73800 
-4.72240 0.73900 
-4.72964 0.74000 
-4.73689 0.74100 
-4.74413 0.74200 
-4.75137 0.74300 
-4.75862 0.74400 
-4.76586 0.74500 
-4.77310 0.74600 
-4.78035 0.74700 
-4.78759 0.74800 
-4.79484 0.74900 
-4.80208 0.75000 
-4.80932 0.75100 
-4.81657 0.75200 
-4.82381 0.75300 
-4.83105 0.75400 
-4.83830 0.75500 
-4.84554 0.75600 
-4.85279 0.75700 
-4.86003 0.75800 
-4.86727 0.75900 
-4.87452 0.76000 
-4.88176 0.76100 
-4.88900 0.76200 
-4.89625 0.76300 
-4.90349 0.76400 
-4.91074 0.76500 
-4.91798 0.76600 
-4.92522 0.76700 
-4.93247 0.76800 
-4.93971 0.76900 
-4.94696 0.77000 
-4.95420 0.77100 
-4.96144 0.77200 
-4.96869 0.77300 
-4.97593 0.77400 
-4.98318 0.77500 
-4.99042 0.77600 
-4.99766 0.77700 
-5.00491 0.77800 
-5.01215 0.77900 
-5.01940 0.78000 
-5.02664 0.78100 
-5.03388 0.78200 
-5.04113 0.78300 
-5.04837 0.78400 
-5.05562 0.78500 
-5.06286 0.78600 
-5.07010 0.78700 
-5.07735 0.78800 
-5.08459 0.78900 
-5.09184 0.79000 
-5.09908 0.79100 
-5.10633 0.79200 
-5.11357 0.79300 
-5.12081 0.79400 
-5.12806 0.79500 
-5.13530 0.79600 
-5.14255 0.79700 
-5.14979 0.79800 
-5.15704 0.79900 
-5.16428 0.80000 
-5.17152 0.80100 
-5.17877 0.80200 
-5.18601 0.80300 
-5.19326 0.80400 
-5.20050 0.80500 
-5.20775 0.80600 
-5.21499 0.80700 
-5.22223 0.80800 
-5.22948 0.80900 
-5.23672 0.81000 
-5.24397 0.81100 
-5.25121 0.81200 
-5.25846 0.81300 
-5.26570 0.81400 
-5.27294 0.81500 
-5.28019 0.81600 
-5.28743 0.81700 
-5.29468 0.81800 
-5.30192 0.81900 
-5.30917 0.82000 
-5.31641 0.82100 
-5.32366 0.82200 
-5.33090 0.82300 
-5.33814 0.82400 
-5.34539 0.82500 
-5.35263 0.82600 
-5.35988 0.82700 
-5.36712 0.82800 
-5.37437 0.82900 
-5.38161 0.83000 
-5.38886 0.83100 
-5.39610 0.83200 
-5.40334 0.83300 
-5.41059 0.83400 
-5.41783 0.83500 
-5.42508 0.83600 
-5.43232 0.83700 
-5.43957 0.83800 
-5.44681 0.83900 
-5.45406 0.84000 
-5.46130 0.84100 
-5.46855 0.84200 
-5.47579 0.84300 
-5.48303 0.84400 
-5.49028 0.84500 
-5.49752 0.84600 
-5.50477 0.84700 
-5.51201 0.84800 
-5.51926 0.84900 
-5.52650 0.85000 
-5.53375 0.85100 
-5.54099 0.85200 
-5.54824 0.85300 
-5.55548 0.85400 
-5.56273 0.85500 
-5.56997 0.85600 
-5.57721 0.85700 
-5.58446 0.85800 
-5.59170 0.85900 
-5.59895 0.86000 
-5.60619 0.86100 
-5.61344 0.86200 
-5.62068 0.86300 
-5.62793 0.86400 
-5.63517 0.86500 
-5.64242 0.86600 
-5.64966 0.86700 
-5.65691 0.86800 
-5.66415 0.86900 
-5.67140 0.87000 
-5.67864 0.87100 
-5.68589 0.87200 
-5.69313 0.87300 
-5.70037 0.87400 
-5.70762 0.87500 
-5.71486 0.87600 
-5.72211 0.87700 
-5.72935 0.87800 
-5.73660 0.87900 
-5.74384 0.88000 
-5.75109 0.88100 
-5.75833 0.88200 
-5.76558 0.88300 
-5.77282 0.88400 
-5.78007 0.88500 
-5.78731 0.88600 
-5.79456 0.88700 
-5.80180 0.88800 
-5.80905 0.88900 
-5.81629 0.89000 
-5.82354 0.89100 
-5.83078 0.89200 
-5.83802 0.89300 
-5.84527 0.89400 
-5.85251 0.89500 
-5.85976 0.89600 
-5.86700 0.89700 
-5.87425 0.89800 
-5.88149 0.89900 
-5.88874 0.90000 
-5.89598 0.90100 
-5.90323 0.90200 
-5.91047 0.90300 
-5.91772 0.90400 
-5.92496 0.90500 
-5.93221 0.90600 
-5.93945 0.90700 
-5.94670 0.90800 
-5.95394 0.90900 
-5.96119 0.91000 
-5.96843 0.91100 
-5.97568 0.91200 
-5.98292 0.91300 
-5.99017 0.91400 
-5.99741 0.91500 
-6.00466 0.91600 
-6.01190 0.91700 
-6.01915 0.91800 
-6.02639 0.91900 
-6.03363 0.92000 
-6.04088 0.92100 
-6.04812 0.92200 
-6.05537 0.92300 
-6.06261 0.92400 
-6.06986 0.92500 
-6.07710 0.92600 
-6.08435 0.92700 
-6.09159 0.92800 
-6.09884 0.92900 
-6.10608 0.93000 
-6.11333 0.93100 
-6.12057 0.93200 
-6.12782 0.93300 
-6.13506 0.93400 
-6.14231 0.93500 
-6.14955 0.93600 
-6.15680 0.93700 
-6.16404 0.93800 
-6.17129 0.93900 
-6.17853 0.94000 
-6.18578 0.94100 
-6.19302 0.94200 
-6.20027 0.94300 
-6.20751 0.94400 
-6.21476 0.94500 
-6.22200 0.94600 
-6.22925 0.94700 
-6.23649 0.94800 
-6.24374 0.94900 
-6.25098 0.95000 
-6.25823 0.95100 
-6.26547 0.95200 
-6.27272 0.95300 
-6.27996 0.95400 
-6.28721 0.95500 
-6.29445 0.95600 
-6.30170 0.95700 
-6.30894 0.95800 
-6.31619 0.95900 
-6.32343 0.96000 
-6.33068 0.96100 
-6.33792 0.96200 
-6.34517 0.96300 
-6.35241 0.96400 
-6.35966 0.96500 
-6.36690 0.96600 
-6.37415 0.96700 
-6.38139 0.96800 
-6.38863 0.96900 
-6.39588 0.97000 
-6.40312 0.97100 
-6.41037 0.97200 
-6.41761 0.97300 
-6.42486 0.97400 
-6.43210 0.97500 
-6.43935 0.97600 
-6.44659 0.97700 
-6.45384 0.97800 
-6.46108 0.97900 
-6.46833 0.98000 
-6.47557 0.98100 
-6.48282 0.98200 
-6.49006 0.98300 
-6.49731 0.98400 
-6.50455 0.98500 
-6.51180 0.98600 
-6.51904 0.98700 
-6.52629 0.98800 
-6.53353 0.98900 
-6.54078 0.99000 
-6.54802 0.99100 
-6.55527 0.99200 
-6.56251 0.99300 
-6.56976 0.99400 
-6.57700 0.99500 
-6.58425 0.99600 
-6.59149 0.99700 
-6.59874 0.99800 
-6.60598 0.99900 
