0.00000 0.00000 
0.00003 0.00100 
0.00018 0.00200 
0.00047 0.00300 
0.00092 0.00400 
0.00150 0.00500 
0.00224 0.00600 
0.00311 0.00700 
0.00413 0.00800 
0.00529 0.00900 
0.00658 0.01000 
0.00802 0.01100 
0.00959 0.01200 
0.01129 0.01300 
0.01312 0.01400 
0.01509 0.01500 
0.01718 0.01600 
0.01940 0.01700 
0.02175 0.01800 
0.02422 0.01900 
0.02682 0.02000 
0.02954 0.02100 
0.03237 0.02200 
0.03533 0.02300 
0.03841 0.02400 
0.04160 0.02500 
0.04490 0.02600 
0.04832 0.02700 
0.05186 0.02800 
0.05550 0.02900 
0.05925 0.03000 
0.06312 0.03100 
0.06709 0.03200 
0.07116 0.03300 
0.07534 0.03400 
0.07963 0.03500 
0.08401 0.03600 
0.08850 0.03700 
0.09309 0.03800 
0.09778 0.03900 
0.10256 0.04000 
0.10744 0.04100 
0.11242 0.04200 
0.11749 0.04300 
0.12266 0.04400 
0.12792 0.04500 
0.13327 0.04600 
0.13871 0.04700 
0.14423 0.04800 
0.14985 0.04900 
0.15556 0.05000 
0.16135 0.05100 
0.16722 0.05200 
0.17318 0.05300 
0.17923 0.05400 
0.18535 0.05500 
0.19156 0.05600 
0.19785 0.05700 
0.20421 0.05800 
0.21066 0.05900 
0.21718 0.06000 
0.22378 0.06100 
0.23046 0.06200 
0.23721 0.06300 
0.24403 0.06400 
0.25093 0.06500 
0.25790 0.06600 
0.26495 0.06700 
0.27206 0.06800 
0.27924 0.06900 
0.28650 0.07000 
0.29382 0.07100 
0.30121 0.07200 
0.30866 0.07300 
0.31619 0.07400 
0.32377 0.07500 
0.33143 0.07600 
0.33914 0.07700 
0.34692 0.07800 
0.35476 0.07900 
0.36267 0.08000 
0.37063 0.08100 
0.37865 0.08200 
0.38674 0.08300 
0.39488 0.08400 
0.40308 0.08500 
0.41134 0.08600 
0.41966 0.08700 
0.42803 0.08800 
0.43646 0.08900 
0.44494 0.09000 
0.45348 0.09100 
0.46207 0.09200 
0.47071 0.09300 
0.47941 0.09400 
0.48815 0.09500 
0.49695 0.09600 
0.50580 0.09700 
0.51470 0.09800 
0.52365 0.09900 
0.53265 0.10000 
0.54170 0.10100 
0.55079 0.10200 
0.55994 0.10300 
0.56912 0.10400 
0.57836 0.10500 
0.58764 0.10600 
0.59697 0.10700 
0.60634 0.10800 
0.61575 0.10900 
0.62521 0.11000 
0.63471 0.11100 
0.64426 0.11200 
0.65384 0.11300 
0.66347 0.11400 
0.67314 0.11500 
0.68285 0.11600 
0.69260 0.11700 
0.70239 0.11800 
0.71222 0.11900 
0.72209 0.12000 
0.73199 0.12100 
0.74194 0.12200 
0.75192 0.12300 
0.76194 0.12400 
0.77200 0.12500 
0.78209 0.12600 
0.79222 0.12700 
0.80238 0.12800 
0.81258 0.12900 
0.82281 0.13000 
0.83308 0.13100 
0.84338 0.13200 
0.85372 0.13300 
0.86408 0.13400 
0.87448 0.13500 
0.88492 0.13600 
0.89538 0.13700 
0.90588 0.13800 
0.91641 0.13900 
0.92696 0.14000 
0.93755 0.14100 
0.94817 0.14200 
0.95882 0.14300 
0.96950 0.14400 
0.98021 0.14500 
0.99094 0.14600 
1.00171 0.14700 
1.01250 0.14800 
1.02332 0.14900 
1.03417 0.15000 
1.04505 0.15100 
1.05595 0.15200 
1.06688 0.15300 
1.07783 0.15400 
1.08881 0.15500 
1.09982 0.15600 
1.11085 0.15700 
1.12191 0.15800 
1.13299 0.15900 
1.14410 0.16000 
1.15523 0.16100 
1.16638 0.16200 
1.17756 0.16300 
1.18876 0.16400 
1.19999 0.16500 
1.21123 0.16600 
1.22251 0.16700 
1.23380 0.16800 
1.24511 0.16900 
1.25645 0.17000 
1.26781 0.17100 
1.27919 0.17200 
1.29059 0.17300 
1.30201 0.17400 
1.31345 0.17500 
1.32491 0.17600 
1.33640 0.17700 
1.34790 0.17800 
1.35942 0.17900 
1.37096 0.18000 
1.38252 0.18100 
1.39410 0.18200 
1.40570 0.18300 
1.41732 0.18400 
1.42895 0.18500 
1.44061 0.18600 
1.45228 0.18700 
1.46397 0.18800 
1.47568 0.18900 
1.48740 0.19000 
1.49914 0.19100 
1.51090 0.19200 
1.52267 0.19300 
1.53447 0.19400 
1.54627 0.19500 
1.55810 0.19600 
1.56994 0.19700 
1.58179 0.19800 
1.59367 0.19900 
1.60555 0.20000 
1.61745 0.20100 
1.62937 0.20200 
1.64130 0.20300 
1.65325 0.20400 
1.66521 0.20500 
1.67719 0.20600 
1.68918 0.20700 
1.70118 0.20800 
1.71320 0.20900 
1.72524 0.21000 
1.73728 0.21100 
1.74934 0.21200 
1.76142 0.21300 
1.77350 0.21400 
1.78560 0.21500 
1.79771 0.21600 
1.80984 0.21700 
1.82198 0.21800 
1.83412 0.21900 
1.84629 0.22000 
1.85846 0.22100 
1.87065 0.22200 
1.88284 0.22300 
1.89505 0.22400 
1.90727 0.22500 
1.91951 0.22600 
1.93175 0.22700 
1.94400 0.22800 
1.95627 0.22900 
1.96855 0.23000 
1.98083 0.23100 
1.99313 0.23200 
2.00544 0.23300 
2.01776 0.23400 
2.03009 0.23500 
2.04243 0.23600 
2.05478 0.23700 
2.06714 0.23800 
2.07951 0.23900 
2.09189 0.24000 
2.10428 0.24100 
2.11667 0.24200 
2.12908 0.24300 
2.14150 0.24400 
2.15392 0.24500 
2.16636 0.24600 
2.17880 0.24700 
2.19126 0.24800 
2.20372 0.24900 
2.21619 0.25000 
2.22867 0.25100 
2.24115 0.25200 
2.25365 0.25300 
2.26615 0.25400 
2.27867 0.25500 
2.29119 0.25600 
2.30371 0.25700 
2.31625 0.25800 
2.32879 0.25900 
2.34135 0.26000 
2.35391 0.26100 
2.36647 0.26200 
2.37905 0.26300 
2.39163 0.26400 
2.40422 0.26500 
2.41681 0.26600 
2.42942 0.26700 
2.44203 0.26800 
2.45464 0.26900 
2.46727 0.27000 
2.47990 0.27100 
2.49254 0.27200 
2.50518 0.27300 
2.51783 0.27400 
2.53049 0.27500 
2.54315 0.27600 
2.55582 0.27700 
2.56850 0.27800 
2.58118 0.27900 
2.59387 0.28000 
2.60657 0.28100 
2.61927 0.28200 
2.63197 0.28300 
2.64469 0.28400 
2.65741 0.28500 
2.67013 0.28600 
2.68286 0.28700 
2.69559 0.28800 
2.70834 0.28900 
2.72108 0.29000 
2.73383 0.29100 
2.74659 0.29200 
2.75935 0.29300 
2.77212 0.29400 
2.78489 0.29500 
2.79767 0.29600 
2.81045 0.29700 
2.82324 0.29800 
2.83603 0.29900 
2.84883 0.30000 
2.86163 0.30100 
2.87444 0.30200 
2.88725 0.30300 
2.90007 0.30400 
2.91289 0.30500 
2.92572 0.30600 
2.93855 0.30700 
2.95138 0.30800 
2.96422 0.30900 
2.97706 0.31000 
2.98991 0.31100 
3.00276 0.31200 
3.01562 0.31300 
3.02848 0.31400 
3.04134 0.31500 
3.05421 0.31600 
3.06708 0.31700 
3.07996 0.31800 
3.09284 0.31900 
3.10572 0.32000 
3.11861 0.32100 
3.13150 0.32200 
3.14440 0.32300 
3.15730 0.32400 
3.17020 0.32500 
3.18311 0.32600 
3.19602 0.32700 
3.20893 0.32800 
3.22185 0.32900 
3.23477 0.33000 
3.24769 0.33100 
3.26062 0.33200 
3.27355 0.33300 
3.28648 0.33400 
3.29942 0.33500 
3.31236 0.33600 
3.32530 0.33700 
3.33825 0.33800 
3.35120 0.33900 
3.36415 0.34000 
3.37711 0.34100 
3.39007 0.34200 
3.40303 0.34300 
3.41600 0.34400 
3.42896 0.34500 
3.44193 0.34600 
3.45491 0.34700 
3.46788 0.34800 
3.48086 0.34900 
3.49384 0.35000 
3.50683 0.35100 
3.51981 0.35200 
3.53280 0.35300 
3.54580 0.35400 
3.55879 0.35500 
3.57179 0.35600 
3.58479 0.35700 
3.59779 0.35800 
3.61080 0.35900 
3.62380 0.36000 
3.63681 0.36100 
3.64983 0.36200 
3.66284 0.36300 
3.67586 0.36400 
3.68888 0.36500 
3.70190 0.36600 
3.71492 0.36700 
3.72795 0.36800 
3.74098 0.36900 
3.75401 0.37000 
3.76704 0.37100 
3.78007 0.37200 
3.79311 0.37300 
3.80615 0.37400 
3.81919 0.37500 
3.83223 0.37600 
3.84528 0.37700 
3.85832 0.37800 
3.87137 0.37900 
3.88442 0.38000 
3.89747 0.38100 
3.91053 0.38200 
3.92358 0.38300 
3.93664 0.38400 
3.94970 0.38500 
3.96276 0.38600 
3.97583 0.38700 
3.98889 0.38800 
4.00196 0.38900 
4.01503 0.39000 
4.02810 0.39100 
4.04117 0.39200 
4.05425 0.39300 
4.06732 0.39400 
4.08040 0.39500 
4.09348 0.39600 
4.10656 0.39700 
4.11964 0.39800 
4.13272 0.39900 
4.14581 0.40000 
4.15889 0.40100 
4.17198 0.40200 
4.18507 0.40300 
4.19816 0.40400 
4.21126 0.40500 
4.22435 0.40600 
4.23744 0.40700 
4.25054 0.40800 
4.26364 0.40900 
4.27674 0.41000 
4.28984 0.41100 
4.30294 0.41200 
4.31605 0.41300 
4.32915 0.41400 
4.34226 0.41500 
4.35536 0.41600 
4.36847 0.41700 
4.38158 0.41800 
4.39469 0.41900 
4.40781 0.42000 
4.42092 0.42100 
4.43403 0.42200 
4.44715 0.42300 
4.46027 0.42400 
4.47338 0.42500 
4.48650 0.42600 
4.49962 0.42700 
4.51275 0.42800 
4.52587 0.42900 
4.53899 0.43000 
4.55212 0.43100 
4.56524 0.43200 
4.57837 0.43300 
4.59150 0.43400 
4.60463 0.43500 
4.61776 0.43600 
4.63089 0.43700 
4.64402 0.43800 
4.65715 0.43900 
4.67029 0.44000 
4.68342 0.44100 
4.69656 0.44200 
4.70970 0.44300 
4.72283 0.44400 
4.73597 0.44500 
4.74911 0.44600 
4.76225 0.44700 
4.77539 0.44800 
4.78854 0.44900 
4.80168 0.45000 
4.81482 0.45100 
4.82797 0.45200 
4.84111 0.45300 
4.85426 0.45400 
4.86741 0.45500 
4.88055 0.45600 
4.89370 0.45700 
4.90685 0.45800 
4.92000 0.45900 
4.93315 0.46000 
4.94631 0.46100 
4.95946 0.46200 
4.97261 0.46300 
4.98577 0.46400 
4.99892 0.46500 
5.01208 0.46600 
5.02523 0.46700 
5.03839 0.46800 
5.05155 0.46900 
5.06471 0.47000 
5.07787 0.47100 
5.09103 0.47200 
5.10419 0.47300 
5.11735 0.47400 
5.13051 0.47500 
5.14367 0.47600 
5.15684 0.47700 
5.17000 0.47800 
5.18316 0.47900 
5.19633 0.48000 
5.20949 0.48100 
5.22266 0.48200 
5.23583 0.48300 
5.24899 0.48400 
5.26216 0.48500 
5.27533 0.48600 
5.28850 0.48700 
5.30167 0.48800 
5.31484 0.48900 
5.32801 0.49000 
5.34118 0.49100 
5.35435 0.49200 
5.36752 0.49300 
5.38070 0.49400 
5.39387 0.49500 
5.40704 0.49600 
5.42022 0.49700 
5.43339 0.49800 
5.44657 0.49900 
5.45974 0.50000 
5.47292 0.50100 
5.48610 0.50200 
5.49927 0.50300 
5.51245 0.50400 
5.52563 0.50500 
5.53881 0.50600 
5.55199 0.50700 
5.56517 0.50800 
5.57835 0.50900 
5.59153 0.51000 
5.60471 0.51100 
5.61789 0.51200 
5.63107 0.51300 
5.64425 0.51400 
5.65743 0.51500 
5.67062 0.51600 
5.68380 0.51700 
5.69698 0.51800 
5.71017 0.51900 
5.72335 0.52000 
5.73654 0.52100 
5.74972 0.52200 
5.76291 0.52300 
5.77609 0.52400 
5.78928 0.52500 
5.80247 0.52600 
5.81565 0.52700 
5.82884 0.52800 
5.84203 0.52900 
5.85522 0.53000 
5.86840 0.53100 
5.88159 0.53200 
5.89478 0.53300 
5.90797 0.53400 
5.92116 0.53500 
5.93435 0.53600 
5.94754 0.53700 
5.96073 0.53800 
5.97392 0.53900 
5.98711 0.54000 
6.00030 0.54100 
6.01350 0.54200 
6.02669 0.54300 
6.03988 0.54400 
6.05307 0.54500 
6.06627 0.54600 
6.07946 0.54700 
6.09265 0.54800 
6.10585 0.54900 
6.11904 0.55000 
6.13223 0.55100 
6.14543 0.55200 
6.15862 0.55300 
6.17182 0.55400 
6.18501 0.55500 
6.19821 0.55600 
6.21141 0.55700 
6.22460 0.55800 
6.23780 0.55900 
6.25099 0.56000 
6.26419 0.56100 
6.27739 0.56200 
6.29059 0.56300 
6.30378 0.56400 
6.31698 0.56500 
6.33018 0.56600 
6.34338 0.56700 
6.35658 0.56800 
6.36977 0.56900 
6.38297 0.57000 
6.39617 0.57100 
6.40937 0.57200 
6.42257 0.57300 
6.43577 0.57400 
6.44897 0.57500 
6.46217 0.57600 
6.47537 0.57700 
6.48857 0.57800 
6.50177 0.57900 
6.51497 0.58000 
6.52817 0.58100 
6.54138 0.58200 
6.55458 0.58300 
6.56778 0.58400 
6.58098 0.58500 
6.59418 0.58600 
6.60738 0.58700 
6.62059 0.58800 
6.63379 0.58900 
6.64699 0.59000 
6.66019 0.59100 
6.67340 0.59200 
6.68660 0.59300 
6.69980 0.59400 
6.71301 0.59500 
6.72621 0.59600 
6.73942 0.59700 
6.75262 0.59800 
6.76582 0.59900 
6.77903 0.60000 
6.79223 0.60100 
6.80544 0.60200 
6.81864 0.60300 
6.83185 0.60400 
6.84505 0.60500 
6.85826 0.60600 
6.87146 0.60700 
6.88467 0.60800 
6.89787 0.60900 
6.91108 0.61000 
6.92428 0.61100 
6.93749 0.61200 
6.95070 0.61300 
6.96390 0.61400 
6.97711 0.61500 
6.99032 0.61600 
7.00352 0.61700 
7.01673 0.61800 
7.02994 0.61900 
7.04314 0.62000 
7.05635 0.62100 
7.06956 0.62200 
7.08277 0.62300 
7.09597 0.62400 
7.10918 0.62500 
7.12239 0.62600 
7.13560 0.62700 
7.14880 0.62800 
7.16201 0.62900 
7.17522 0.63000 
7.18843 0.63100 
7.20164 0.63200 
7.21485 0.63300 
7.22805 0.63400 
7.24126 0.63500 
7.25447 0.63600 
7.26768 0.63700 
7.28089 0.63800 
7.29410 0.63900 
7.30731 0.64000 
7.32052 0.64100 
7.33373 0.64200 
7.34694 0.64300 
7.36015 0.64400 
7.37336 0.64500 
7.38657 0.64600 
7.39977 0.64700 
7.41298 0.64800 
7.42619 0.64900 
7.43940 0.65000 
7.45262 0.65100 
7.46583 0.65200 
7.47904 0.65300 
7.49225 0.65400 
7.50546 0.65500 
7.51867 0.65600 
7.53188 0.65700 
7.54509 0.65800 
7.55830 0.65900 
7.57151 0.66000 
7.58472 0.66100 
7.59793 0.66200 
7.61114 0.66300 
7.62435 0.66400 
7.63757 0.66500 
7.65078 0.66600 
7.66399 0.66700 
7.67720 0.66800 
7.69041 0.66900 
7.70362 0.67000 
7.71684 0.67100 
7.73005 0.67200 
7.74326 0.67300 
7.75647 0.67400 
7.76968 0.67500 
7.78290 0.67600 
7.79611 0.67700 
7.80932 0.67800 
7.82253 0.67900 
7.83574 0.68000 
7.84896 0.68100 
7.86217 0.68200 
7.87538 0.68300 
7.88859 0.68400 
7.90181 0.68500 
7.91502 0.68600 
7.92823 0.68700 
7.94144 0.68800 
7.95466 0.68900 
7.96787 0.69000 
7.98108 0.69100 
7.99430 0.69200 
8.00751 0.69300 
8.02072 0.69400 
8.03394 0.69500 
8.04715 0.69600 
8.06036 0.69700 
8.07357 0.69800 
8.08679 0.69900 
8.10000 0.70000 
8.11321 0.70100 
8.12643 0.70200 
8.13964 0.70300 
8.15286 0.70400 
8.16607 0.70500 
8.17928 0.70600 
8.19250 0.70700 
8.20571 0.70800 
8.21892 0.70900 
8.23214 0.71000 
8.24535 0.71100 
8.25857 0.71200 
8.27178 0.71300 
8.28499 0.71400 
8.29821 0.71500 
8.31142 0.71600 
8.32464 0.71700 
8.33785 0.71800 
8.35106 0.71900 
8.36428 0.72000 
8.37749 0.72100 
8.39071 0.72200 
8.40392 0.72300 
8.41714 0.72400 
8.43035 0.72500 
8.44356 0.72600 
8.45678 0.72700 
8.46999 0.72800 
8.48321 0.72900 
8.49642 0.73000 
8.50964 0.73100 
8.52285 0.73200 
8.53607 0.73300 
8.54928 0.73400 
8.56250 0.73500 
8.57571 0.73600 
8.58893 0.73700 
8.60214 0.73800 
8.61536 0.73900 
8.62857 0.74000 
8.64179 0.74100 
8.65500 0.74200 
8.66822 0.74300 
8.68143 0.74400 
8.69465 0.74500 
8.70786 0.74600 
8.72108 0.74700 
8.73429 0.74800 
8.74751 0.74900 
8.76072 0.75000 
8.77394 0.75100 
8.78715 0.75200 
8.80037 0.75300 
8.81358 0.75400 
8.82680 0.75500 
8.84001 0.75600 
8.85323 0.75700 
8.86644 0.75800 
8.87966 0.75900 
8.89288 0.76000 
8.90609 0.76100 
8.91931 0.76200 
8.93252 0.76300 
8.94574 0.76400 
8.95895 0.76500 
8.97217 0.76600 
8.98538 0.76700 
8.99860 0.76800 
9.01182 0.76900 
9.02503 0.77000 
9.03825 0.77100 
9.05146 0.77200 
9.06468 0.77300 
9.07789 0.77400 
9.09111 0.77500 
9.10433 0.77600 
9.11754 0.77700 
9.13076 0.77800 
9.14397 0.77900 
9.15719 0.78000 
9.17041 0.78100 
9.18362 0.78200 
9.19684 0.78300 
9.21005 0.78400 
9.22327 0.78500 
9.23649 0.78600 
9.24970 0.78700 
9.26292 0.78800 
9.27613 0.78900 
9.28935 0.79000 
9.30257 0.79100 
9.31578 0.79200 
9.32900 0.79300 
9.34221 0.79400 
9.35543 0.79500 
9.36865 0.79600 
9.38186 0.79700 
9.39508 0.79800 
9.40830 0.79900 
9.42151 0.80000 
9.43473 0.80100 
9.44794 0.80200 
9.46116 0.80300 
9.47438 0.80400 
9.48759 0.80500 
9.50081 0.80600 
9.51403 0.80700 
9.52724 0.80800 
9.54046 0.80900 
9.55367 0.81000 
9.56689 0.81100 
9.58011 0.81200 
9.59332 0.81300 
9.60654 0.81400 
9.61976 0.81500 
9.63297 0.81600 
9.64619 0.81700 
9.65941 0.81800 
9.67262 0.81900 
9.68584 0.82000 
9.69906 0.82100 
9.71227 0.82200 
9.72549 0.82300 
9.73871 0.82400 
9.75192 0.82500 
9.76514 0.82600 
9.77836 0.82700 
9.79157 0.82800 
9.80479 0.82900 
9.81801 0.83000 
9.83122 0.83100 
9.84444 0.83200 
9.85766 0.83300 
9.87087 0.83400 
9.88409 0.83500 
9.89731 0.83600 
9.91052 0.83700 
9.92374 0.83800 
9.93696 0.83900 
9.95017 0.84000 
9.96339 0.84100 
9.97661 0.84200 
9.98982 0.84300 
10.00304 0.84400 
10.01626 0.84500 
10.02947 0.84600 
10.04269 0.84700 
10.05591 0.84800 
10.06912 0.84900 
10.08234 0.85000 
10.09556 0.85100 
10.10877 0.85200 
10.12199 0.85300 
10.13521 0.85400 
10.14842 0.85500 
10.16164 0.85600 
10.17486 0.85700 
10.18808 0.85800 
10.20129 0.85900 
10.21451 0.86000 
10.22773 0.86100 
10.24094 0.86200 
10.25416 0.86300 
10.26738 0.86400 
10.28059 0.86500 
10.29381 0.86600 
10.30703 0.86700 
10.32024 0.86800 
10.33346 0.86900 
10.34668 0.87000 
10.35990 0.87100 
10.37311 0.87200 
10.38633 0.87300 
10.39955 0.87400 
10.41276 0.87500 
10.42598 0.87600 
10.43920 0.87700 
10.45242 0.87800 
10.46563 0.87900 
10.47885 0.88000 
10.49207 0.88100 
10.50528 0.88200 
10.51850 0.88300 
10.53172 0.88400 
10.54493 0.88500 
10.55815 0.88600 
10.57137 0.88700 
10.58459 0.88800 
10.59780 0.88900 
10.61102 0.89000 
10.62424 0.89100 
10.63745 0.89200 
10.65067 0.89300 
10.66389 0.89400 
10.67711 0.89500 
10.69032 0.89600 
10.70354 0.89700 
10.71676 0.89800 
10.72997 0.89900 
10.74319 0.90000 
10.75641 0.90100 
10.76963 0.90200 
10.78284 0.90300 
10.79606 0.90400 
10.80928 0.90500 
10.82249 0.90600 
10.83571 0.90700 
10.84893 0.90800 
10.86215 0.90900 
10.87536 0.91000 
10.88858 0.91100 
10.90180 0.91200 
10.91502 0.91300 
10.92823 0.91400 
10.94145 0.91500 
10.95467 0.91600 
10.96788 0.91700 
10.98110 0.91800 
10.99432 0.91900 
11.00754 0.92000 
11.02075 0.92100 
11.03397 0.92200 
11.04719 0.92300 
11.06040 0.92400 
11.07362 0.92500 
11.08684 0.92600 
11.10006 0.92700 
11.11327 0.92800 
11.12649 0.92900 
11.13971 0.93000 
11.15293 0.93100 
11.16614 0.93200 
11.17936 0.93300 
11.19258 0.93400 
11.20580 0.93500 
11.21901 0.93600 
11.23223 0.93700 
11.24545 0.93800 
11.25866 0.93900 
11.27188 0.94000 
11.28510 0.94100 
11.29832 0.94200 
11.31153 0.94300 
11.32475 0.94400 
11.33797 0.94500 
11.35119 0.94600 
11.36440 0.94700 
11.37762 0.94800 
11.39084 0.94900 
11.40406 0.95000 
11.41727 0.95100 
11.43049 0.95200 
11.44371 0.95300 
11.45692 0.95400 
11.47014 0.95500 
11.48336 0.95600 
11.49658 0.95700 
11.50979 0.95800 
11.52301 0.95900 
11.53623 0.96000 
11.54945 0.96100 
11.56266 0.96200 
11.57588 0.96300 
11.58910 0.96400 
11.60232 0.96500 
11.61553 0.96600 
11.62875 0.96700 
11.64197 0.96800 
11.65519 0.96900 
11.66840 0.97000 
11.68162 0.97100 
11.69484 0.97200 
11.70806 0.97300 
11.72127 0.97400 
11.73449 0.97500 
11.74771 0.97600 
11.76092 0.97700 
11.77414 0.97800 
11.78736 0.97900 
11.80058 0.98000 
11.81379 0.98100 
11.82701 0.98200 
11.84023 0.98300 
11.85345 0.98400 
11.86666 0.98500 
11.87988 0.98600 
11.89310 0.98700 
11.90632 0.98800 
11.91953 0.98900 
11.93275 0.99000 
11.94597 0.99100 
11.95919 0.99200 
11.97240 0.99300 
11.98562 0.99400 
11.99884 0.99500 
12.01206 0.99600 
12.02527 0.99700 
12.03849 0.99800 
12.05171 0.99900 
12.06493 1.00000 
12.07814 1.00100 
12.09136 1.00200 
12.10458 1.00300 
12.11780 1.00400 
12.13101 1.00500 
12.14423 1.00600 
12.15745 1.00700 
12.17067 1.00800 
12.18388 1.00900 
12.19710 1.01000 
12.21032 1.01100 
12.22354 1.01200 
12.23675 1.01300 
12.24997 1.01400 
12.26319 1.01500 
12.27641 1.01600 
12.28962 1.01700 
12.30284 1.01800 
12.31606 1.01900 
12.32928 1.02000 
12.34249 1.02100 
12.35571 1.02200 
12.36893 1.02300 
12.38215 1.02400 
12.39536 1.02500 
12.40858 1.02600 
12.42180 1.02700 
12.43502 1.02800 
12.44823 1.02900 
12.46145 1.03000 
12.47467 1.03100 
12.48789 1.03200 
12.50110 1.03300 
12.51432 1.03400 
12.52754 1.03500 
12.54076 1.03600 
12.55397 1.03700 
12.56719 1.03800 
12.58041 1.03900 
12.59363 1.04000 
12.60684 1.04100 
12.62006 1.04200 
12.63328 1.04300 
12.64650 1.04400 
12.65971 1.04500 
12.67293 1.04600 
12.68615 1.04700 
12.69937 1.04800 
12.71258 1.04900 
12.72580 1.05000 
12.73902 1.05100 
12.75224 1.05200 
12.76545 1.05300 
12.77867 1.05400 
12.79189 1.05500 
12.80511 1.05600 
12.81832 1.05700 
12.83154 1.05800 
12.84476 1.05900 
12.85798 1.06000 
12.87119 1.06100 
12.88441 1.06200 
12.89763 1.06300 
12.91085 1.06400 
12.92406 1.06500 
12.93728 1.06600 
12.95050 1.06700 
12.96372 1.06800 
12.97693 1.06900 
12.99015 1.07000 
13.00337 1.07100 
13.01659 1.07200 
13.02980 1.07300 
13.04302 1.07400 
13.05624 1.07500 
13.06946 1.07600 
13.08267 1.07700 
13.09589 1.07800 
13.10911 1.07900 
13.12233 1.08000 
13.13554 1.08100 
13.14876 1.08200 
13.16198 1.08300 
13.17520 1.08400 
13.18841 1.08500 
13.20163 1.08600 
13.21485 1.08700 
13.22807 1.08800 
13.24128 1.08900 
13.25450 1.09000 
13.26772 1.09100 
13.28094 1.09200 
13.29415 1.09300 
13.30737 1.09400 
13.32059 1.09500 
13.33381 1.09600 
13.34702 1.09700 
13.36024 1.09800 
13.37346 1.09900 
13.38668 1.10000 
13.39989 1.10100 
13.41311 1.10200 
13.42633 1.10300 
13.43955 1.10400 
13.45277 1.10500 
13.46598 1.10600 
13.47920 1.10700 
13.49242 1.10800 
13.50564 1.10900 
13.51885 1.11000 
13.53207 1.11100 
13.54529 1.11200 
13.55851 1.11300 
13.57172 1.11400 
13.58494 1.11500 
13.59816 1.11600 
13.61138 1.11700 
13.62459 1.11800 
13.63781 1.11900 
13.65103 1.12000 
13.66425 1.12100 
13.67746 1.12200 
13.69068 1.12300 
13.70390 1.12400 
13.71712 1.12500 
13.73033 1.12600 
13.74355 1.12700 
13.75677 1.12800 
13.76999 1.12900 
13.78320 1.13000 
13.79642 1.13100 
13.80964 1.13200 
13.82286 1.13300 
13.83607 1.13400 
13.84929 1.13500 
13.86251 1.13600 
13.87573 1.13700 
13.88894 1.13800 
13.90216 1.13900 
13.91538 1.14000 
13.92860 1.14100 
13.94181 1.14200 
13.95503 1.14300 
13.96825 1.14400 
13.98147 1.14500 
13.99469 1.14600 
14.00790 1.14700 
14.02112 1.14800 
14.03434 1.14900 
14.04756 1.15000 
14.06077 1.15100 
14.07399 1.15200 
14.08721 1.15300 
14.10043 1.15400 
14.11364 1.15500 
14.12686 1.15600 
14.14008 1.15700 
14.15330 1.15800 
14.16651 1.15900 
14.17973 1.16000 
14.19295 1.16100 
14.20617 1.16200 
14.21938 1.16300 
14.23260 1.16400 
14.24582 1.16500 
14.25904 1.16600 
14.27225 1.16700 
14.28547 1.16800 
14.29869 1.16900 
14.31191 1.17000 
14.32512 1.17100 
14.33834 1.17200 
14.35156 1.17300 
14.36478 1.17400 
14.37799 1.17500 
14.39121 1.17600 
14.40443 1.17700 
14.41765 1.17800 
14.43086 1.17900 
14.44408 1.18000 
14.45730 1.18100 
14.47052 1.18200 
14.48374 1.18300 
14.49695 1.18400 
14.51017 1.18500 
14.52339 1.18600 
14.53661 1.18700 
14.54982 1.18800 
14.56304 1.18900 
14.57626 1.19000 
14.58948 1.19100 
14.60269 1.19200 
14.61591 1.19300 
14.62913 1.19400 
14.64235 1.19500 
14.65556 1.19600 
14.66878 1.19700 
14.68200 1.19800 
14.69522 1.19900 
14.70843 1.20000 
14.72165 1.20100 
14.73487 1.20200 
14.74809 1.20300 
14.76130 1.20400 
14.77452 1.20500 
14.78774 1.20600 
14.80096 1.20700 
14.81417 1.20800 
14.82739 1.20900 
14.84061 1.21000 
14.85383 1.21100 
14.86705 1.21200 
14.88026 1.21300 
14.89348 1.21400 
14.90670 1.21500 
14.91992 1.21600 
14.93313 1.21700 
14.94635 1.21800 
14.95957 1.21900 
14.97279 1.22000 
14.98600 1.22100 
14.99922 1.22200 
15.01244 1.22300 
15.02566 1.22400 
15.03887 1.22500 
15.05209 1.22600 
15.06531 1.22700 
15.07853 1.22800 
15.09174 1.22900 
15.10496 1.23000 
15.11818 1.23100 
15.13140 1.23200 
15.14461 1.23300 
15.15783 1.23400 
15.17105 1.23500 
15.18427 1.23600 
15.19748 1.23700 
15.21070 1.23800 
15.22392 1.23900 
15.23714 1.24000 
15.25036 1.24100 
15.26357 1.24200 
15.27679 1.24300 
15.29001 1.24400 
15.30323 1.24500 
15.31644 1.24600 
15.32966 1.24700 
15.34288 1.24800 
15.35610 1.24900 
15.36931 1.25000 
15.38253 1.25100 
15.39575 1.25200 
15.40897 1.25300 
15.42218 1.25400 
15.43540 1.25500 
15.44862 1.25600 
15.46184 1.25700 
15.47505 1.25800 
15.48827 1.25900 
15.50149 1.26000 
15.51471 1.26100 
15.52792 1.26200 
15.54114 1.26300 
15.55436 1.26400 
15.56758 1.26500 
15.58079 1.26600 
15.59401 1.26700 
15.60723 1.26800 
15.62045 1.26900 
15.63367 1.27000 
15.64688 1.27100 
15.66010 1.27200 
15.67332 1.27300 
15.68654 1.27400 
15.69975 1.27500 
15.71297 1.27600 
15.72619 1.27700 
15.73941 1.27800 
15.75262 1.27900 
15.76584 1.28000 
15.77906 1.28100 
15.79228 1.28200 
15.80549 1.28300 
15.81871 1.28400 
15.83193 1.28500 
15.84515 1.28600 
15.85836 1.28700 
15.87158 1.28800 
15.88480 1.28900 
15.89802 1.29000 
15.91123 1.29100 
15.92445 1.29200 
15.93767 1.29300 
15.95089 1.29400 
15.96410 1.29500 
15.97732 1.29600 
15.99054 1.29700 
16.00376 1.29800 
16.01698 1.29900 
16.03019 1.30000 
16.04341 1.30100 
16.05663 1.30200 
16.06985 1.30300 
16.08306 1.30400 
16.09628 1.30500 
16.10950 1.30600 
16.12272 1.30700 
16.13593 1.30800 
16.14915 1.30900 
16.16237 1.31000 
16.17559 1.31100 
16.18880 1.31200 
16.20202 1.31300 
16.21524 1.31400 
16.22846 1.31500 
16.24167 1.31600 
16.25489 1.31700 
16.26811 1.31800 
16.28133 1.31900 
16.29454 1.32000 
16.30776 1.32100 
16.32098 1.32200 
16.33420 1.32300 
16.34741 1.32400 
16.36063 1.32500 
16.37385 1.32600 
16.38707 1.32700 
16.40029 1.32800 
16.41350 1.32900 
16.42672 1.33000 
16.43994 1.33100 
16.45316 1.33200 
16.46637 1.33300 
16.47959 1.33400 
16.49281 1.33500 
16.50603 1.33600 
16.51924 1.33700 
16.53246 1.33800 
16.54568 1.33900 
16.55890 1.34000 
16.57211 1.34100 
16.58533 1.34200 
16.59855 1.34300 
16.61177 1.34400 
16.62498 1.34500 
16.63820 1.34600 
16.65142 1.34700 
16.66464 1.34800 
16.67785 1.34900 
16.69107 1.35000 
16.70429 1.35100 
16.71751 1.35200 
16.73073 1.35300 
16.74394 1.35400 
16.75716 1.35500 
16.77038 1.35600 
16.78360 1.35700 
16.79681 1.35800 
16.81003 1.35900 
16.82325 1.36000 
16.83647 1.36100 
16.84968 1.36200 
16.86290 1.36300 
16.87612 1.36400 
16.88934 1.36500 
16.90255 1.36600 
16.91577 1.36700 
16.92899 1.36800 
16.94221 1.36900 
16.95542 1.37000 
16.96864 1.37100 
16.98186 1.37200 
16.99508 1.37300 
17.00829 1.37400 
17.02151 1.37500 
17.03473 1.37600 
17.04795 1.37700 
17.06116 1.37800 
17.07438 1.37900 
17.08760 1.38000 
17.10082 1.38100 
17.11404 1.38200 
17.12725 1.38300 
17.14047 1.38400 
17.15369 1.38500 
17.16691 1.38600 
17.18012 1.38700 
17.19334 1.38800 
17.20656 1.38900 
17.21978 1.39000 
17.23299 1.39100 
17.24621 1.39200 
17.25943 1.39300 
17.27265 1.39400 
17.28586 1.39500 
17.29908 1.39600 
17.31230 1.39700 
17.32552 1.39800 
17.33873 1.39900 
17.35195 1.40000 
17.36517 1.40100 
17.37839 1.40200 
17.39160 1.40300 
17.40482 1.40400 
17.41804 1.40500 
17.43126 1.40600 
17.44448 1.40700 
17.45769 1.40800 
17.47091 1.40900 
17.48413 1.41000 
17.49735 1.41100 
17.51056 1.41200 
17.52378 1.41300 
17.53700 1.41400 
17.55022 1.41500 
17.56343 1.41600 
17.57665 1.41700 
17.58987 1.41800 
17.60309 1.41900 
17.61630 1.42000 
17.62952 1.42100 
17.64274 1.42200 
17.65596 1.42300 
17.66917 1.42400 
17.68239 1.42500 
17.69561 1.42600 
17.70883 1.42700 
17.72204 1.42800 
17.73526 1.42900 
17.74848 1.43000 
17.76170 1.43100 
17.77491 1.43200 
17.78813 1.43300 
17.80135 1.43400 
17.81457 1.43500 
17.82779 1.43600 
17.84100 1.43700 
17.85422 1.43800 
17.86744 1.43900 
17.88066 1.44000 
17.89387 1.44100 
17.90709 1.44200 
17.92031 1.44300 
17.93353 1.44400 
17.94674 1.44500 
17.95996 1.44600 
17.97318 1.44700 
17.98640 1.44800 
17.99961 1.44900 
18.01283 1.45000 
18.02605 1.45100 
18.03927 1.45200 
18.05248 1.45300 
18.06570 1.45400 
18.07892 1.45500 
18.09214 1.45600 
18.10535 1.45700 
18.11857 1.45800 
18.13179 1.45900 
18.14501 1.46000 
18.15823 1.46100 
18.17144 1.46200 
18.18466 1.46300 
18.19788 1.46400 
18.21110 1.46500 
18.22431 1.46600 
18.23753 1.46700 
18.25075 1.46800 
18.26397 1.46900 
18.27718 1.47000 
18.29040 1.47100 
18.30362 1.47200 
18.31684 1.47300 
18.33005 1.47400 
18.34327 1.47500 
18.35649 1.47600 
18.36971 1.47700 
18.38292 1.47800 
18.39614 1.47900 
18.40936 1.48000 
18.42258 1.48100 
18.43579 1.48200 
18.44901 1.48300 
18.46223 1.48400 
18.47545 1.48500 
18.48866 1.48600 
18.50188 1.48700 
18.51510 1.48800 
18.52832 1.48900 
18.54154 1.49000 
18.55475 1.49100 
18.56797 1.49200 
18.58119 1.49300 
18.59441 1.49400 
18.60762 1.49500 
18.62084 1.49600 
18.63406 1.49700 
18.64728 1.49800 
18.66049 1.49900 
18.67371 1.50000 
18.68693 1.50100 
18.70015 1.50200 
18.71336 1.50300 
18.72658 1.50400 
18.73980 1.50500 
18.75302 1.50600 
18.76623 1.50700 
18.77945 1.50800 
18.79267 1.50900 
18.80589 1.51000 
18.81910 1.51100 
18.83232 1.51200 
18.84554 1.51300 
18.85876 1.51400 
18.87198 1.51500 
18.88519 1.51600 
18.89841 1.51700 
18.91163 1.51800 
18.92485 1.51900 
18.93806 1.52000 
18.95128 1.52100 
18.96450 1.52200 
18.97772 1.52300 
18.99093 1.52400 
19.00415 1.52500 
19.01737 1.52600 
19.03059 1.52700 
19.04380 1.52800 
19.05702 1.52900 
19.07024 1.53000 
19.08346 1.53100 
19.09667 1.53200 
19.10989 1.53300 
19.12311 1.53400 
19.13633 1.53500 
19.14954 1.53600 
19.16276 1.53700 
19.17598 1.53800 
19.18920 1.53900 
19.20241 1.54000 
19.21563 1.54100 
19.22885 1.54200 
19.24207 1.54300 
19.25529 1.54400 
19.26850 1.54500 
19.28172 1.54600 
19.29494 1.54700 
19.30816 1.54800 
19.32137 1.54900 
19.33459 1.55000 
19.34781 1.55100 
19.36103 1.55200 
19.37424 1.55300 
19.38746 1.55400 
19.40068 1.55500 
19.41390 1.55600 
19.42711 1.55700 
19.44033 1.55800 
19.45355 1.55900 
19.46677 1.56000 
19.47998 1.56100 
19.49320 1.56200 
19.50642 1.56300 
19.51964 1.56400 
19.53285 1.56500 
19.54607 1.56600 
19.55929 1.56700 
19.57251 1.56800 
19.58573 1.56900 
19.59894 1.57000 
19.61216 1.57100 
19.62538 1.57200 
19.63860 1.57300 
19.65181 1.57400 
19.66503 1.57500 
19.67825 1.57600 
19.69147 1.57700 
19.70468 1.57800 
19.71790 1.57900 
19.73112 1.58000 
19.74434 1.58100 
19.75755 1.58200 
19.77077 1.58300 
19.78399 1.58400 
19.79721 1.58500 
19.81042 1.58600 
19.82364 1.58700 
19.83686 1.58800 
19.85008 1.58900 
19.86329 1.59000 
19.87651 1.59100 
19.88973 1.59200 
19.90295 1.59300 
19.91616 1.59400 
19.92938 1.59500 
19.94260 1.59600 
19.95582 1.59700 
19.96904 1.59800 
19.98225 1.59900 
19.99547 1.60000 
20.00869 1.60100 
20.02191 1.60200 
20.03512 1.60300 
20.04834 1.60400 
20.06156 1.60500 
20.07478 1.60600 
20.08799 1.60700 
20.10121 1.60800 
20.11443 1.60900 
20.12765 1.61000 
20.14086 1.61100 
20.15408 1.61200 
20.16730 1.61300 
20.18052 1.61400 
20.19373 1.61500 
20.20695 1.61600 
20.22017 1.61700 
20.23339 1.61800 
20.24660 1.61900 
20.25982 1.62000 
20.27304 1.62100 
20.28626 1.62200 
20.29948 1.62300 
20.31269 1.62400 
20.32591 1.62500 
20.33913 1.62600 
20.35235 1.62700 
20.36556 1.62800 
20.37878 1.62900 
20.39200 1.63000 
20.40522 1.63100 
20.41843 1.63200 
20.43165 1.63300 
20.44487 1.63400 
20.45809 1.63500 
20.47130 1.63600 
20.48452 1.63700 
20.49774 1.63800 
20.51096 1.63900 
20.52417 1.64000 
20.53739 1.64100 
20.55061 1.64200 
20.56383 1.64300 
20.57704 1.64400 
20.59026 1.64500 
20.60348 1.64600 
20.61670 1.64700 
20.62992 1.64800 
20.64313 1.64900 
20.65635 1.65000 
20.66957 1.65100 
20.68279 1.65200 
20.69600 1.65300 
20.70922 1.65400 
20.72244 1.65500 
20.73566 1.65600 
20.74887 1.65700 
20.76209 1.65800 
20.77531 1.65900 
20.78853 1.66000 
20.80174 1.66100 
20.81496 1.66200 
20.82818 1.66300 
20.84140 1.66400 
20.85461 1.66500 
20.86783 1.66600 
20.88105 1.66700 
20.89427 1.66800 
20.90748 1.66900 
20.92070 1.67000 
20.93392 1.67100 
20.94714 1.67200 
20.96035 1.67300 
20.97357 1.67400 
20.98679 1.67500 
21.00001 1.67600 
21.01323 1.67700 
21.02644 1.67800 
21.03966 1.67900 
21.05288 1.68000 
21.06610 1.68100 
21.07931 1.68200 
21.09253 1.68300 
21.10575 1.68400 
21.11897 1.68500 
21.13218 1.68600 
21.14540 1.68700 
21.15862 1.68800 
21.17184 1.68900 
21.18505 1.69000 
21.19827 1.69100 
21.21149 1.69200 
21.22471 1.69300 
21.23792 1.69400 
21.25114 1.69500 
21.26436 1.69600 
21.27758 1.69700 
21.29079 1.69800 
21.30401 1.69900 
21.31723 1.70000 
21.33045 1.70100 
21.34367 1.70200 
21.35688 1.70300 
21.37010 1.70400 
21.38332 1.70500 
21.39654 1.70600 
21.40975 1.70700 
21.42297 1.70800 
21.43619 1.70900 
21.44941 1.71000 
21.46262 1.71100 
21.47584 1.71200 
21.48906 1.71300 
21.50228 1.71400 
21.51549 1.71500 
21.52871 1.71600 
21.54193 1.71700 
21.55515 1.71800 
21.56836 1.71900 
21.58158 1.72000 
21.59480 1.72100 
21.60802 1.72200 
21.62123 1.72300 
21.63445 1.72400 
21.64767 1.72500 
21.66089 1.72600 
21.67410 1.72700 
21.68732 1.72800 
21.70054 1.72900 
21.71376 1.73000 
21.72698 1.73100 
21.74019 1.73200 
21.75341 1.73300 
21.76663 1.73400 
21.77985 1.73500 
21.79306 1.73600 
21.80628 1.73700 
21.81950 1.73800 
21.83272 1.73900 
21.84593 1.74000 
21.85915 1.74100 
21.87237 1.74200 
21.88559 1.74300 
21.89880 1.74400 
21.91202 1.74500 
21.92524 1.74600 
21.93846 1.74700 
21.95167 1.74800 
21.96489 1.74900 
21.97811 1.75000 
21.99133 1.75100 
22.00454 1.75200 
22.01776 1.75300 
22.03098 1.75400 
22.04420 1.75500 
22.05742 1.75600 
22.07063 1.75700 
22.08385 1.75800 
22.09707 1.75900 
22.11029 1.76000 
22.12350 1.76100 
22.13672 1.76200 
22.14994 1.76300 
22.16316 1.76400 
22.17637 1.76500 
22.18959 1.76600 
22.20281 1.76700 
22.21603 1.76800 
22.22924 1.76900 
22.24246 1.77000 
22.25568 1.77100 
22.26890 1.77200 
22.28211 1.77300 
22.29533 1.77400 
22.30855 1.77500 
22.32177 1.77600 
22.33498 1.77700 
22.34820 1.77800 
22.36142 1.77900 
22.37464 1.78000 
22.38786 1.78100 
22.40107 1.78200 
22.41429 1.78300 
22.42751 1.78400 
22.44073 1.78500 
22.45394 1.78600 
22.46716 1.78700 
22.48038 1.78800 
22.49360 1.78900 
22.50681 1.79000 
22.52003 1.79100 
22.53325 1.79200 
22.54647 1.79300 
22.55968 1.79400 
22.57290 1.79500 
22.58612 1.79600 
22.59934 1.79700 
22.61255 1.79800 
22.62577 1.79900 
22.63899 1.80000 
22.65221 1.80100 
22.66542 1.80200 
22.67864 1.80300 
22.69186 1.80400 
22.70508 1.80500 
22.71829 1.80600 
22.73151 1.80700 
22.74473 1.80800 
22.75795 1.80900 
22.77117 1.81000 
22.78438 1.81100 
22.79760 1.81200 
22.81082 1.81300 
22.82404 1.81400 
22.83725 1.81500 
22.85047 1.81600 
22.86369 1.81700 
22.87691 1.81800 
22.89012 1.81900 
22.90334 1.82000 
22.91656 1.82100 
22.92978 1.82200 
22.94299 1.82300 
22.95621 1.82400 
22.96943 1.82500 
22.98265 1.82600 
22.99586 1.82700 
23.00908 1.82800 
23.02230 1.82900 
23.03552 1.83000 
23.04873 1.83100 
23.06195 1.83200 
23.07517 1.83300 
23.08839 1.83400 
23.10161 1.83500 
23.11482 1.83600 
23.12804 1.83700 
23.14126 1.83800 
23.15448 1.83900 
23.16769 1.84000 
23.18091 1.84100 
23.19413 1.84200 
23.20735 1.84300 
23.22056 1.84400 
23.23378 1.84500 
23.24700 1.84600 
23.26022 1.84700 
23.27343 1.84800 
23.28665 1.84900 
23.29987 1.85000 
23.31309 1.85100 
23.32630 1.85200 
23.33952 1.85300 
23.35274 1.85400 
23.36596 1.85500 
23.37917 1.85600 
23.39239 1.85700 
23.40561 1.85800 
23.41883 1.85900 
23.43204 1.86000 
23.44526 1.86100 
23.45848 1.86200 
23.47170 1.86300 
23.48492 1.86400 
23.49813 1.86500 
23.51135 1.86600 
23.52457 1.86700 
23.53779 1.86800 
23.55100 1.86900 
23.56422 1.87000 
23.57744 1.87100 
23.59066 1.87200 
23.60387 1.87300 
23.61709 1.87400 
23.63031 1.87500 
23.64353 1.87600 
23.65674 1.87700 
23.66996 1.87800 
23.68318 1.87900 
23.69640 1.88000 
23.70961 1.88100 
23.72283 1.88200 
23.73605 1.88300 
23.74927 1.88400 
23.76248 1.88500 
23.77570 1.88600 
23.78892 1.88700 
23.80214 1.88800 
23.81536 1.88900 
23.82857 1.89000 
23.84179 1.89100 
23.85501 1.89200 
23.86823 1.89300 
23.88144 1.89400 
23.89466 1.89500 
23.90788 1.89600 
23.92110 1.89700 
23.93431 1.89800 
23.94753 1.89900 
23.96075 1.90000 
23.97397 1.90100 
23.98718 1.90200 
24.00040 1.90300 
24.01362 1.90400 
24.02684 1.90500 
24.04005 1.90600 
24.05327 1.90700 
24.06649 1.90800 
24.07971 1.90900 
24.09292 1.91000 
24.10614 1.91100 
24.11936 1.91200 
24.13258 1.91300 
24.14580 1.91400 
24.15901 1.91500 
24.17223 1.91600 
24.18545 1.91700 
24.19867 1.91800 
24.21188 1.91900 
24.22510 1.92000 
24.23832 1.92100 
24.25154 1.92200 
24.26475 1.92300 
24.27797 1.92400 
24.29119 1.92500 
24.30441 1.92600 
24.31762 1.92700 
24.33084 1.92800 
24.34406 1.92900 
24.35728 1.93000 
24.37049 1.93100 
24.38371 1.93200 
24.39693 1.93300 
24.41015 1.93400 
24.42336 1.93500 
24.43658 1.93600 
24.44980 1.93700 
24.46302 1.93800 
24.47623 1.93900 
24.48945 1.94000 
24.50267 1.94100 
24.51589 1.94200 
24.52911 1.94300 
24.54232 1.94400 
24.55554 1.94500 
24.56876 1.94600 
24.58198 1.94700 
24.59519 1.94800 
24.60841 1.94900 
24.62163 1.95000 
24.63485 1.95100 
24.64806 1.95200 
24.66128 1.95300 
24.67450 1.95400 
24.68772 1.95500 
24.70093 1.95600 
24.71415 1.95700 
24.72737 1.95800 
24.74059 1.95900 
24.75380 1.96000 
24.76702 1.96100 
24.78024 1.96200 
24.79346 1.96300 
24.80667 1.96400 
24.81989 1.96500 
24.83311 1.96600 
24.84633 1.96700 
24.85955 1.96800 
24.87276 1.96900 
24.88598 1.97000 
24.89920 1.97100 
24.91242 1.97200 
24.92563 1.97300 
24.93885 1.97400 
24.95207 1.97500 
24.96529 1.97600 
24.97850 1.97700 
24.99172 1.97800 
25.00494 1.97900 
25.01816 1.98000 
25.03137 1.98100 
25.04459 1.98200 
25.05781 1.98300 
25.07103 1.98400 
25.08424 1.98500 
25.09746 1.98600 
25.11068 1.98700 
25.12390 1.98800 
25.13711 1.98900 
25.15033 1.99000 
25.16355 1.99100 
25.17677 1.99200 
25.18998 1.99300 
25.20320 1.99400 
25.21642 1.99500 
25.22964 1.99600 
25.24286 1.99700 
25.25607 1.99800 
25.26929 1.99900 
25.28251 2.00000 
25.29573 2.00100 
25.30894 2.00200 
25.32216 2.00300 
25.33538 2.00400 
25.34860 2.00500 
25.36181 2.00600 
25.37503 2.00700 
25.38825 2.00800 
25.40147 2.00900 
25.41468 2.01000 
25.42790 2.01100 
25.44112 2.01200 
25.45434 2.01300 
25.46755 2.01400 
25.48077 2.01500 
25.49399 2.01600 
25.50721 2.01700 
25.52042 2.01800 
25.53364 2.01900 
25.54686 2.02000 
25.56008 2.02100 
25.57330 2.02200 
25.58651 2.02300 
25.59973 2.02400 
25.61295 2.02500 
25.62617 2.02600 
25.63938 2.02700 
25.65260 2.02800 
25.66582 2.02900 
25.67904 2.03000 
25.69225 2.03100 
25.70547 2.03200 
25.71869 2.03300 
25.73191 2.03400 
25.74512 2.03500 
25.75834 2.03600 
25.77156 2.03700 
25.78478 2.03800 
25.79799 2.03900 
25.81121 2.04000 
25.82443 2.04100 
25.83765 2.04200 
25.85086 2.04300 
25.86408 2.04400 
25.87730 2.04500 
25.89052 2.04600 
25.90374 2.04700 
25.91695 2.04800 
25.93017 2.04900 
25.94339 2.05000 
25.95661 2.05100 
25.96982 2.05200 
25.98304 2.05300 
25.99626 2.05400 
26.00948 2.05500 
26.02269 2.05600 
26.03591 2.05700 
26.04913 2.05800 
26.06235 2.05900 
26.07556 2.06000 
26.08878 2.06100 
26.10200 2.06200 
26.11522 2.06300 
26.12843 2.06400 
26.14165 2.06500 
26.15487 2.06600 
26.16809 2.06700 
26.18130 2.06800 
26.19452 2.06900 
26.20774 2.07000 
26.22096 2.07100 
26.23417 2.07200 
26.24739 2.07300 
26.26061 2.07400 
26.27383 2.07500 
26.28705 2.07600 
26.30026 2.07700 
26.31348 2.07800 
26.32670 2.07900 
26.33992 2.08000 
26.35313 2.08100 
26.36635 2.08200 
26.37957 2.08300 
26.39279 2.08400 
26.40600 2.08500 
26.41922 2.08600 
26.43244 2.08700 
26.44566 2.08800 
26.45887 2.08900 
26.47209 2.09000 
26.48531 2.09100 
26.49853 2.09200 
26.51174 2.09300 
26.52496 2.09400 
26.53818 2.09500 
26.55140 2.09600 
26.56461 2.09700 
26.57783 2.09800 
26.59105 2.09900 
26.60427 2.10000 
26.61749 2.10100 
26.63070 2.10200 
26.64392 2.10300 
26.65714 2.10400 
26.67036 2.10500 
26.68357 2.10600 
26.69679 2.10700 
26.71001 2.10800 
26.72323 2.10900 
26.73644 2.11000 
26.74966 2.11100 
26.76288 2.11200 
26.77610 2.11300 
26.78931 2.11400 
26.80253 2.11500 
26.81575 2.11600 
26.82897 2.11700 
26.84218 2.11800 
26.85540 2.11900 
26.86862 2.12000 
26.88184 2.12100 
26.89505 2.12200 
26.90827 2.12300 
26.92149 2.12400 
26.93471 2.12500 
26.94792 2.12600 
26.96114 2.12700 
26.97436 2.12800 
26.98758 2.12900 
27.00080 2.13000 
27.01401 2.13100 
27.02723 2.13200 
27.04045 2.13300 
27.05367 2.13400 
27.06688 2.13500 
27.08010 2.13600 
27.09332 2.13700 
27.10654 2.13800 
27.11975 2.13900 
27.13297 2.14000 
27.14619 2.14100 
27.15941 2.14200 
27.17262 2.14300 
27.18584 2.14400 
27.19906 2.14500 
27.21228 2.14600 
27.22549 2.14700 
27.23871 2.14800 
27.25193 2.14900 
27.26515 2.15000 
27.27836 2.15100 
27.29158 2.15200 
27.30480 2.15300 
27.31802 2.15400 
27.33124 2.15500 
27.34445 2.15600 
27.35767 2.15700 
27.37089 2.15800 
27.38411 2.15900 
27.39732 2.16000 
27.41054 2.16100 
27.42376 2.16200 
27.43698 2.16300 
27.45019 2.16400 
27.46341 2.16500 
27.47663 2.16600 
27.48985 2.16700 
27.50306 2.16800 
27.51628 2.16900 
27.52950 2.17000 
27.54272 2.17100 
27.55593 2.17200 
27.56915 2.17300 
27.58237 2.17400 
27.59559 2.17500 
27.60880 2.17600 
27.62202 2.17700 
27.63524 2.17800 
27.64846 2.17900 
27.66168 2.18000 
27.67489 2.18100 
27.68811 2.18200 
27.70133 2.18300 
27.71455 2.18400 
27.72776 2.18500 
27.74098 2.18600 
27.75420 2.18700 
27.76742 2.18800 
27.78063 2.18900 
27.79385 2.19000 
27.80707 2.19100 
27.82029 2.19200 
27.83350 2.19300 
27.84672 2.19400 
27.85994 2.19500 
27.87316 2.19600 
27.88637 2.19700 
27.89959 2.19800 
27.91281 2.19900 
27.92603 2.20000 
27.93924 2.20100 
27.95246 2.20200 
27.96568 2.20300 
27.97890 2.20400 
27.99211 2.20500 
28.00533 2.20600 
28.01855 2.20700 
28.03177 2.20800 
28.04499 2.20900 
28.05820 2.21000 
28.07142 2.21100 
28.08464 2.21200 
28.09786 2.21300 
28.11107 2.21400 
28.12429 2.21500 
28.13751 2.21600 
28.15073 2.21700 
28.16394 2.21800 
28.17716 2.21900 
28.19038 2.22000 
28.20360 2.22100 
28.21681 2.22200 
28.23003 2.22300 
28.24325 2.22400 
28.25647 2.22500 
28.26968 2.22600 
28.28290 2.22700 
28.29612 2.22800 
28.30934 2.22900 
28.32255 2.23000 
28.33577 2.23100 
28.34899 2.23200 
28.36221 2.23300 
28.37543 2.23400 
28.38864 2.23500 
28.40186 2.23600 
28.41508 2.23700 
28.42830 2.23800 
28.44151 2.23900 
28.45473 2.24000 
28.46795 2.24100 
28.48117 2.24200 
28.49438 2.24300 
28.50760 2.24400 
28.52082 2.24500 
28.53404 2.24600 
28.54725 2.24700 
28.56047 2.24800 
28.57369 2.24900 
28.58691 2.25000 
28.60012 2.25100 
28.61334 2.25200 
28.62656 2.25300 
28.63978 2.25400 
28.65299 2.25500 
28.66621 2.25600 
28.67943 2.25700 
28.69265 2.25800 
28.70586 2.25900 
28.71908 2.26000 
28.73230 2.26100 
28.74552 2.26200 
28.75874 2.26300 
28.77195 2.26400 
28.78517 2.26500 
28.79839 2.26600 
28.81161 2.26700 
28.82482 2.26800 
28.83804 2.26900 
28.85126 2.27000 
28.86448 2.27100 
28.87769 2.27200 
28.89091 2.27300 
28.90413 2.27400 
28.91735 2.27500 
28.93056 2.27600 
28.94378 2.27700 
28.95700 2.27800 
28.97022 2.27900 
28.98343 2.28000 
28.99665 2.28100 
29.00987 2.28200 
29.02309 2.28300 
29.03630 2.28400 
29.04952 2.28500 
29.06274 2.28600 
29.07596 2.28700 
29.08918 2.28800 
29.10239 2.28900 
29.11561 2.29000 
29.12883 2.29100 
29.14205 2.29200 
29.15526 2.29300 
29.16848 2.29400 
29.18170 2.29500 
29.19492 2.29600 
29.20813 2.29700 
29.22135 2.29800 
29.23457 2.29900 
29.24779 2.30000 
29.26100 2.30100 
29.27422 2.30200 
29.28744 2.30300 
29.30066 2.30400 
29.31387 2.30500 
29.32709 2.30600 
29.34031 2.30700 
29.35353 2.30800 
29.36674 2.30900 
29.37996 2.31000 
29.39318 2.31100 
29.40640 2.31200 
29.41962 2.31300 
29.43283 2.31400 
29.44605 2.31500 
29.45927 2.31600 
29.47249 2.31700 
29.48570 2.31800 
29.49892 2.31900 
29.51214 2.32000 
29.52536 2.32100 
29.53857 2.32200 
29.55179 2.32300 
29.56501 2.32400 
29.57823 2.32500 
29.59144 2.32600 
29.60466 2.32700 
29.61788 2.32800 
29.63110 2.32900 
29.64431 2.33000 
29.65753 2.33100 
29.67075 2.33200 
29.68397 2.33300 
29.69718 2.33400 
29.71040 2.33500 
29.72362 2.33600 
29.73684 2.33700 
29.75005 2.33800 
29.76327 2.33900 
29.77649 2.34000 
29.78971 2.34100 
29.80293 2.34200 
29.81614 2.34300 
29.82936 2.34400 
29.84258 2.34500 
29.85580 2.34600 
29.86901 2.34700 
29.88223 2.34800 
29.89545 2.34900 
29.90867 2.35000 
29.92188 2.35100 
29.93510 2.35200 
29.94832 2.35300 
29.96154 2.35400 
29.97475 2.35500 
29.98797 2.35600 
30.00119 2.35700 
30.01441 2.35800 
30.02762 2.35900 
30.04084 2.36000 
30.05406 2.36100 
30.06728 2.36200 
30.08049 2.36300 
30.09371 2.36400 
30.10693 2.36500 
30.12015 2.36600 
30.13337 2.36700 
30.14658 2.36800 
30.15980 2.36900 
30.17302 2.37000 
30.18624 2.37100 
30.19945 2.37200 
30.21267 2.37300 
30.22589 2.37400 
30.23911 2.37500 
30.25232 2.37600 
30.26554 2.37700 
30.27876 2.37800 
30.29198 2.37900 
30.30519 2.38000 
30.31841 2.38100 
30.33163 2.38200 
30.34485 2.38300 
30.35806 2.38400 
30.37128 2.38500 
30.38450 2.38600 
30.39772 2.38700 
30.41093 2.38800 
30.42415 2.38900 
30.43737 2.39000 
30.45059 2.39100 
30.46381 2.39200 
30.47702 2.39300 
30.49024 2.39400 
30.50346 2.39500 
30.51668 2.39600 
30.52989 2.39700 
30.54311 2.39800 
30.55633 2.39900 
30.56955 2.40000 
30.58276 2.40100 
30.59598 2.40200 
30.60920 2.40300 
30.62242 2.40400 
30.63563 2.40500 
30.64885 2.40600 
30.66207 2.40700 
30.67529 2.40800 
30.68850 2.40900 
30.70172 2.41000 
30.71494 2.41100 
30.72816 2.41200 
30.74137 2.41300 
30.75459 2.41400 
30.76781 2.41500 
30.78103 2.41600 
30.79424 2.41700 
30.80746 2.41800 
30.82068 2.41900 
30.83390 2.42000 
30.84712 2.42100 
30.86033 2.42200 
30.87355 2.42300 
30.88677 2.42400 
30.89999 2.42500 
30.91320 2.42600 
30.92642 2.42700 
30.93964 2.42800 
30.95286 2.42900 
30.96607 2.43000 
30.97929 2.43100 
30.99251 2.43200 
31.00573 2.43300 
31.01894 2.43400 
31.03216 2.43500 
31.04538 2.43600 
31.05860 2.43700 
31.07181 2.43800 
31.08503 2.43900 
31.09825 2.44000 
31.11147 2.44100 
31.12468 2.44200 
31.13790 2.44300 
31.15112 2.44400 
31.16434 2.44500 
31.17756 2.44600 
31.19077 2.44700 
31.20399 2.44800 
31.21721 2.44900 
31.23043 2.45000 
31.24364 2.45100 
31.25686 2.45200 
31.27008 2.45300 
31.28330 2.45400 
31.29651 2.45500 
31.30973 2.45600 
31.32295 2.45700 
31.33617 2.45800 
31.34938 2.45900 
31.36260 2.46000 
31.37582 2.46100 
31.38904 2.46200 
31.40225 2.46300 
31.41547 2.46400 
31.42869 2.46500 
31.44191 2.46600 
31.45512 2.46700 
31.46834 2.46800 
31.48156 2.46900 
31.49478 2.47000 
31.50799 2.47100 
31.52121 2.47200 
31.53443 2.47300 
31.54765 2.47400 
31.56087 2.47500 
31.57408 2.47600 
31.58730 2.47700 
31.60052 2.47800 
31.61374 2.47900 
31.62695 2.48000 
31.64017 2.48100 
31.65339 2.48200 
31.66661 2.48300 
31.67982 2.48400 
31.69304 2.48500 
31.70626 2.48600 
31.71948 2.48700 
31.73269 2.48800 
31.74591 2.48900 
31.75913 2.49000 
31.77235 2.49100 
31.78556 2.49200 
31.79878 2.49300 
31.81200 2.49400 
31.82522 2.49500 
31.83843 2.49600 
31.85165 2.49700 
31.86487 2.49800 
31.87809 2.49900 
31.89131 2.50000 
31.90452 2.50100 
31.91774 2.50200 
31.93096 2.50300 
31.94418 2.50400 
31.95739 2.50500 
31.97061 2.50600 
31.98383 2.50700 
31.99705 2.50800 
32.01026 2.50900 
32.02348 2.51000 
32.03670 2.51100 
32.04992 2.51200 
32.06313 2.51300 
32.07635 2.51400 
32.08957 2.51500 
32.10279 2.51600 
32.11600 2.51700 
32.12922 2.51800 
32.14244 2.51900 
32.15566 2.52000 
32.16887 2.52100 
32.18209 2.52200 
32.19531 2.52300 
32.20853 2.52400 
32.22175 2.52500 
32.23496 2.52600 
32.24818 2.52700 
32.26140 2.52800 
32.27462 2.52900 
32.28783 2.53000 
32.30105 2.53100 
32.31427 2.53200 
32.32749 2.53300 
32.34070 2.53400 
32.35392 2.53500 
32.36714 2.53600 
32.38036 2.53700 
32.39357 2.53800 
32.40679 2.53900 
32.42001 2.54000 
32.43323 2.54100 
32.44644 2.54200 
32.45966 2.54300 
32.47288 2.54400 
32.48610 2.54500 
32.49931 2.54600 
32.51253 2.54700 
32.52575 2.54800 
32.53897 2.54900 
32.55218 2.55000 
32.56540 2.55100 
32.57862 2.55200 
32.59184 2.55300 
32.60506 2.55400 
32.61827 2.55500 
32.63149 2.55600 
32.64471 2.55700 
32.65793 2.55800 
32.67114 2.55900 
32.68436 2.56000 
32.69758 2.56100 
32.71080 2.56200 
32.72401 2.56300 
32.73723 2.56400 
32.75045 2.56500 
32.76367 2.56600 
32.77688 2.56700 
32.79010 2.56800 
32.80332 2.56900 
32.81654 2.57000 
32.82975 2.57100 
32.84297 2.57200 
32.85619 2.57300 
32.86941 2.57400 
32.88262 2.57500 
32.89584 2.57600 
32.90906 2.57700 
32.92228 2.57800 
32.93550 2.57900 
32.94871 2.58000 
32.96193 2.58100 
32.97515 2.58200 
32.98837 2.58300 
33.00158 2.58400 
33.01480 2.58500 
33.02802 2.58600 
33.04124 2.58700 
33.05445 2.58800 
33.06767 2.58900 
33.08089 2.59000 
33.09411 2.59100 
33.10732 2.59200 
33.12054 2.59300 
33.13376 2.59400 
33.14698 2.59500 
33.16019 2.59600 
33.17341 2.59700 
33.18663 2.59800 
33.19985 2.59900 
33.21306 2.60000 
33.22628 2.60100 
33.23950 2.60200 
33.25272 2.60300 
33.26593 2.60400 
33.27915 2.60500 
33.29237 2.60600 
33.30559 2.60700 
33.31881 2.60800 
33.33202 2.60900 
33.34524 2.61000 
33.35846 2.61100 
33.37168 2.61200 
33.38489 2.61300 
33.39811 2.61400 
33.41133 2.61500 
33.42455 2.61600 
33.43776 2.61700 
33.45098 2.61800 
33.46420 2.61900 
33.47742 2.62000 
33.49063 2.62100 
33.50385 2.62200 
33.51707 2.62300 
33.53029 2.62400 
33.54350 2.62500 
33.55672 2.62600 
33.56994 2.62700 
33.58316 2.62800 
33.59637 2.62900 
33.60959 2.63000 
33.62281 2.63100 
33.63603 2.63200 
33.64925 2.63300 
33.66246 2.63400 
33.67568 2.63500 
33.68890 2.63600 
33.70212 2.63700 
33.71533 2.63800 
33.72855 2.63900 
33.74177 2.64000 
33.75499 2.64100 
33.76820 2.64200 
33.78142 2.64300 
33.79464 2.64400 
33.80786 2.64500 
33.82107 2.64600 
33.83429 2.64700 
33.84751 2.64800 
33.86073 2.64900 
33.87394 2.65000 
33.88716 2.65100 
33.90038 2.65200 
33.91360 2.65300 
33.92681 2.65400 
33.94003 2.65500 
33.95325 2.65600 
33.96647 2.65700 
33.97969 2.65800 
33.99290 2.65900 
34.00612 2.66000 
34.01934 2.66100 
34.03256 2.66200 
34.04577 2.66300 
34.05899 2.66400 
34.07221 2.66500 
34.08543 2.66600 
34.09864 2.66700 
34.11186 2.66800 
34.12508 2.66900 
34.13830 2.67000 
34.15151 2.67100 
34.16473 2.67200 
34.17795 2.67300 
34.19117 2.67400 
34.20438 2.67500 
34.21760 2.67600 
34.23082 2.67700 
34.24404 2.67800 
34.25725 2.67900 
34.27047 2.68000 
34.28369 2.68100 
34.29691 2.68200 
34.31012 2.68300 
34.32334 2.68400 
34.33656 2.68500 
34.34978 2.68600 
34.36300 2.68700 
34.37621 2.68800 
34.38943 2.68900 
34.40265 2.69000 
34.41587 2.69100 
34.42908 2.69200 
34.44230 2.69300 
34.45552 2.69400 
34.46874 2.69500 
34.48195 2.69600 
34.49517 2.69700 
34.50839 2.69800 
34.52161 2.69900 
34.53482 2.70000 
34.54804 2.70100 
34.56126 2.70200 
34.57448 2.70300 
34.58769 2.70400 
34.60091 2.70500 
34.61413 2.70600 
34.62735 2.70700 
34.64056 2.70800 
34.65378 2.70900 
34.66700 2.71000 
34.68022 2.71100 
34.69344 2.71200 
34.70665 2.71300 
34.71987 2.71400 
34.73309 2.71500 
34.74631 2.71600 
34.75952 2.71700 
34.77274 2.71800 
34.78596 2.71900 
34.79918 2.72000 
34.81239 2.72100 
34.82561 2.72200 
34.83883 2.72300 
34.85205 2.72400 
34.86526 2.72500 
34.87848 2.72600 
34.89170 2.72700 
34.90492 2.72800 
34.91813 2.72900 
34.93135 2.73000 
34.94457 2.73100 
34.95779 2.73200 
34.97100 2.73300 
34.98422 2.73400 
34.99744 2.73500 
35.01066 2.73600 
35.02387 2.73700 
35.03709 2.73800 
35.05031 2.73900 
35.06353 2.74000 
35.07675 2.74100 
35.08996 2.74200 
35.10318 2.74300 
35.11640 2.74400 
35.12962 2.74500 
35.14283 2.74600 
35.15605 2.74700 
35.16927 2.74800 
35.18249 2.74900 
35.19570 2.75000 
35.20892 2.75100 
35.22214 2.75200 
35.23536 2.75300 
35.24857 2.75400 
35.26179 2.75500 
35.27501 2.75600 
35.28823 2.75700 
35.30144 2.75800 
35.31466 2.75900 
35.32788 2.76000 
35.34110 2.76100 
35.35431 2.76200 
35.36753 2.76300 
35.38075 2.76400 
35.39397 2.76500 
35.40719 2.76600 
35.42040 2.76700 
35.43362 2.76800 
35.44684 2.76900 
35.46006 2.77000 
35.47327 2.77100 
35.48649 2.77200 
35.49971 2.77300 
35.51293 2.77400 
35.52614 2.77500 
35.53936 2.77600 
35.55258 2.77700 
35.56580 2.77800 
35.57901 2.77900 
35.59223 2.78000 
35.60545 2.78100 
35.61867 2.78200 
35.63188 2.78300 
35.64510 2.78400 
35.65832 2.78500 
35.67154 2.78600 
35.68475 2.78700 
35.69797 2.78800 
35.71119 2.78900 
35.72441 2.79000 
35.73763 2.79100 
35.75084 2.79200 
35.76406 2.79300 
35.77728 2.79400 
35.79050 2.79500 
35.80371 2.79600 
35.81693 2.79700 
35.83015 2.79800 
35.84337 2.79900 
35.85658 2.80000 
35.86980 2.80100 
35.88302 2.80200 
35.89624 2.80300 
35.90945 2.80400 
35.92267 2.80500 
35.93589 2.80600 
35.94911 2.80700 
35.96232 2.80800 
35.97554 2.80900 
35.98876 2.81000 
36.00198 2.81100 
36.01519 2.81200 
36.02841 2.81300 
36.04163 2.81400 
36.05485 2.81500 
36.06806 2.81600 
36.08128 2.81700 
36.09450 2.81800 
36.10772 2.81900 
36.12094 2.82000 
36.13415 2.82100 
36.14737 2.82200 
36.16059 2.82300 
36.17381 2.82400 
36.18702 2.82500 
36.20024 2.82600 
36.21346 2.82700 
36.22668 2.82800 
36.23989 2.82900 
36.25311 2.83000 
36.26633 2.83100 
36.27955 2.83200 
36.29276 2.83300 
36.30598 2.83400 
36.31920 2.83500 
36.33242 2.83600 
36.34563 2.83700 
36.35885 2.83800 
36.37207 2.83900 
36.38529 2.84000 
36.39850 2.84100 
36.41172 2.84200 
36.42494 2.84300 
36.43816 2.84400 
36.45138 2.84500 
36.46459 2.84600 
36.47781 2.84700 
36.49103 2.84800 
36.50425 2.84900 
36.51746 2.85000 
36.53068 2.85100 
36.54390 2.85200 
36.55712 2.85300 
36.57033 2.85400 
36.58355 2.85500 
36.59677 2.85600 
36.60999 2.85700 
36.62320 2.85800 
36.63642 2.85900 
36.64964 2.86000 
36.66286 2.86100 
36.67607 2.86200 
36.68929 2.86300 
36.70251 2.86400 
36.71573 2.86500 
36.72894 2.86600 
36.74216 2.86700 
36.75538 2.86800 
36.76860 2.86900 
36.78181 2.87000 
36.79503 2.87100 
36.80825 2.87200 
36.82147 2.87300 
36.83469 2.87400 
36.84790 2.87500 
36.86112 2.87600 
36.87434 2.87700 
36.88756 2.87800 
36.90077 2.87900 
36.91399 2.88000 
36.92721 2.88100 
36.94043 2.88200 
36.95364 2.88300 
36.96686 2.88400 
36.98008 2.88500 
36.99330 2.88600 
37.00651 2.88700 
37.01973 2.88800 
37.03295 2.88900 
37.04617 2.89000 
37.05938 2.89100 
37.07260 2.89200 
37.08582 2.89300 
37.09904 2.89400 
37.11225 2.89500 
37.12547 2.89600 
37.13869 2.89700 
37.15191 2.89800 
37.16513 2.89900 
37.17834 2.90000 
37.19156 2.90100 
37.20478 2.90200 
37.21800 2.90300 
37.23121 2.90400 
37.24443 2.90500 
37.25765 2.90600 
37.27087 2.90700 
37.28408 2.90800 
37.29730 2.90900 
37.31052 2.91000 
37.32374 2.91100 
37.33695 2.91200 
37.35017 2.91300 
37.36339 2.91400 
37.37661 2.91500 
37.38982 2.91600 
37.40304 2.91700 
37.41626 2.91800 
37.42948 2.91900 
37.44269 2.92000 
37.45591 2.92100 
37.46913 2.92200 
37.48235 2.92300 
37.49557 2.92400 
37.50878 2.92500 
37.52200 2.92600 
37.53522 2.92700 
37.54844 2.92800 
37.56165 2.92900 
37.57487 2.93000 
37.58809 2.93100 
37.60131 2.93200 
37.61452 2.93300 
37.62774 2.93400 
37.64096 2.93500 
37.65418 2.93600 
37.66739 2.93700 
37.68061 2.93800 
37.69383 2.93900 
37.70705 2.94000 
37.72026 2.94100 
37.73348 2.94200 
37.74670 2.94300 
37.75992 2.94400 
37.77313 2.94500 
37.78635 2.94600 
37.79957 2.94700 
37.81279 2.94800 
37.82600 2.94900 
37.83922 2.95000 
37.85244 2.95100 
37.86566 2.95200 
37.87888 2.95300 
37.89209 2.95400 
37.90531 2.95500 
37.91853 2.95600 
37.93175 2.95700 
37.94496 2.95800 
37.95818 2.95900 
37.97140 2.96000 
37.98462 2.96100 
37.99783 2.96200 
38.01105 2.96300 
38.02427 2.96400 
38.03749 2.96500 
38.05070 2.96600 
38.06392 2.96700 
38.07714 2.96800 
38.09036 2.96900 
38.10357 2.97000 
38.11679 2.97100 
38.13001 2.97200 
38.14323 2.97300 
38.15644 2.97400 
38.16966 2.97500 
38.18288 2.97600 
38.19610 2.97700 
38.20932 2.97800 
38.22253 2.97900 
38.23575 2.98000 
38.24897 2.98100 
38.26219 2.98200 
38.27540 2.98300 
38.28862 2.98400 
38.30184 2.98500 
38.31506 2.98600 
38.32827 2.98700 
38.34149 2.98800 
38.35471 2.98900 
38.36793 2.99000 
38.38114 2.99100 
38.39436 2.99200 
38.40758 2.99300 
38.42080 2.99400 
38.43401 2.99500 
38.44723 2.99600 
38.46045 2.99700 
38.47367 2.99800 
38.48688 2.99900 
38.50010 3.00000 
38.51332 3.00100 
38.52654 3.00200 
38.53975 3.00300 
38.55297 3.00400 
38.56619 3.00500 
38.57941 3.00600 
38.59263 3.00700 
38.60584 3.00800 
38.61906 3.00900 
38.63228 3.01000 
38.64550 3.01100 
38.65871 3.01200 
38.67193 3.01300 
38.68515 3.01400 
38.69837 3.01500 
38.71158 3.01600 
38.72480 3.01700 
38.73802 3.01800 
38.75124 3.01900 
38.76445 3.02000 
38.77767 3.02100 
38.79089 3.02200 
38.80411 3.02300 
38.81732 3.02400 
38.83054 3.02500 
38.84376 3.02600 
38.85698 3.02700 
38.87019 3.02800 
38.88341 3.02900 
38.89663 3.03000 
38.90985 3.03100 
38.92307 3.03200 
38.93628 3.03300 
38.94950 3.03400 
38.96272 3.03500 
38.97594 3.03600 
38.98915 3.03700 
39.00237 3.03800 
39.01559 3.03900 
39.02881 3.04000 
39.04202 3.04100 
39.05524 3.04200 
39.06846 3.04300 
39.08168 3.04400 
39.09489 3.04500 
39.10811 3.04600 
39.12133 3.04700 
39.13455 3.04800 
39.14776 3.04900 
39.16098 3.05000 
39.17420 3.05100 
39.18742 3.05200 
39.20063 3.05300 
39.21385 3.05400 
39.22707 3.05500 
39.24029 3.05600 
39.25351 3.05700 
39.26672 3.05800 
39.27994 3.05900 
39.29316 3.06000 
39.30638 3.06100 
39.31959 3.06200 
39.33281 3.06300 
39.34603 3.06400 
39.35925 3.06500 
39.37246 3.06600 
39.38568 3.06700 
39.39890 3.06800 
39.41212 3.06900 
39.42533 3.07000 
39.43855 3.07100 
39.45177 3.07200 
39.46499 3.07300 
39.47820 3.07400 
39.49142 3.07500 
39.50464 3.07600 
39.51786 3.07700 
39.53107 3.07800 
39.54429 3.07900 
39.55751 3.08000 
39.57073 3.08100 
39.58394 3.08200 
39.59716 3.08300 
39.61038 3.08400 
39.62360 3.08500 
39.63682 3.08600 
39.65003 3.08700 
39.66325 3.08800 
39.67647 3.08900 
39.68969 3.09000 
39.70290 3.09100 
39.71612 3.09200 
39.72934 3.09300 
39.74256 3.09400 
39.75577 3.09500 
39.76899 3.09600 
39.78221 3.09700 
39.79543 3.09800 
39.80864 3.09900 
39.82186 3.10000 
39.83508 3.10100 
39.84830 3.10200 
39.86151 3.10300 
39.87473 3.10400 
39.88795 3.10500 
39.90117 3.10600 
39.91438 3.10700 
39.92760 3.10800 
39.94082 3.10900 
39.95404 3.11000 
39.96726 3.11100 
39.98047 3.11200 
39.99369 3.11300 
40.00691 3.11400 
40.02013 3.11500 
40.03334 3.11600 
40.04656 3.11700 
40.05978 3.11800 
40.07300 3.11900 
40.08621 3.12000 
40.09943 3.12100 
40.11265 3.12200 
40.12587 3.12300 
40.13908 3.12400 
40.15230 3.12500 
40.16552 3.12600 
40.17874 3.12700 
40.19195 3.12800 
40.20517 3.12900 
40.21839 3.13000 
40.23161 3.13100 
40.24482 3.13200 
40.25804 3.13300 
40.27126 3.13400 
40.28448 3.13500 
40.29769 3.13600 
40.31091 3.13700 
40.32413 3.13800 
40.33735 3.13900 
40.35057 3.14000 
40.36378 3.14100 
40.37700 3.14200 
40.39022 3.14300 
40.40344 3.14400 
40.41665 3.14500 
40.42987 3.14600 
40.44309 3.14700 
40.45631 3.14800 
40.46952 3.14900 
40.48274 3.15000 
40.49596 3.15100 
40.50918 3.15200 
40.52239 3.15300 
40.53561 3.15400 
40.54883 3.15500 
40.56205 3.15600 
40.57526 3.15700 
40.58848 3.15800 
40.60170 3.15900 
40.61492 3.16000 
40.62813 3.16100 
40.64135 3.16200 
40.65457 3.16300 
40.66779 3.16400 
40.68101 3.16500 
40.69422 3.16600 
40.70744 3.16700 
40.72066 3.16800 
40.73388 3.16900 
40.74709 3.17000 
40.76031 3.17100 
40.77353 3.17200 
40.78675 3.17300 
40.79996 3.17400 
40.81318 3.17500 
40.82640 3.17600 
40.83962 3.17700 
40.85283 3.17800 
40.86605 3.17900 
40.87927 3.18000 
40.89249 3.18100 
40.90570 3.18200 
40.91892 3.18300 
40.93214 3.18400 
40.94536 3.18500 
40.95857 3.18600 
40.97179 3.18700 
40.98501 3.18800 
40.99823 3.18900 
41.01145 3.19000 
41.02466 3.19100 
41.03788 3.19200 
41.05110 3.19300 
41.06432 3.19400 
41.07753 3.19500 
41.09075 3.19600 
41.10397 3.19700 
41.11719 3.19800 
41.13040 3.19900 
41.14362 3.20000 
41.15684 3.20100 
41.17006 3.20200 
41.18327 3.20300 
41.19649 3.20400 
41.20971 3.20500 
41.22293 3.20600 
41.23614 3.20700 
41.24936 3.20800 
41.26258 3.20900 
41.27580 3.21000 
41.28901 3.21100 
41.30223 3.21200 
41.31545 3.21300 
41.32867 3.21400 
41.34188 3.21500 
41.35510 3.21600 
41.36832 3.21700 
41.38154 3.21800 
41.39476 3.21900 
41.40797 3.22000 
41.42119 3.22100 
41.43441 3.22200 
41.44763 3.22300 
41.46084 3.22400 
41.47406 3.22500 
41.48728 3.22600 
41.50050 3.22700 
41.51371 3.22800 
41.52693 3.22900 
41.54015 3.23000 
41.55337 3.23100 
41.56658 3.23200 
41.57980 3.23300 
41.59302 3.23400 
41.60624 3.23500 
41.61945 3.23600 
41.63267 3.23700 
41.64589 3.23800 
41.65911 3.23900 
41.67232 3.24000 
41.68554 3.24100 
41.69876 3.24200 
41.71198 3.24300 
41.72520 3.24400 
41.73841 3.24500 
41.75163 3.24600 
41.76485 3.24700 
41.77807 3.24800 
41.79128 3.24900 
41.80450 3.25000 
41.81772 3.25100 
41.83094 3.25200 
41.84415 3.25300 
41.85737 3.25400 
41.87059 3.25500 
41.88381 3.25600 
41.89702 3.25700 
41.91024 3.25800 
41.92346 3.25900 
41.93668 3.26000 
41.94989 3.26100 
41.96311 3.26200 
41.97633 3.26300 
41.98955 3.26400 
42.00276 3.26500 
42.01598 3.26600 
42.02920 3.26700 
42.04242 3.26800 
42.05563 3.26900 
42.06885 3.27000 
42.08207 3.27100 
42.09529 3.27200 
42.10851 3.27300 
42.12172 3.27400 
42.13494 3.27500 
42.14816 3.27600 
42.16138 3.27700 
42.17459 3.27800 
42.18781 3.27900 
42.20103 3.28000 
42.21425 3.28100 
42.22746 3.28200 
42.24068 3.28300 
42.25390 3.28400 
42.26712 3.28500 
42.28033 3.28600 
42.29355 3.28700 
42.30677 3.28800 
42.31999 3.28900 
42.33320 3.29000 
42.34642 3.29100 
42.35964 3.29200 
42.37286 3.29300 
42.38607 3.29400 
42.39929 3.29500 
42.41251 3.29600 
42.42573 3.29700 
42.43895 3.29800 
42.45216 3.29900 
42.46538 3.30000 
42.47860 3.30100 
42.49182 3.30200 
42.50503 3.30300 
42.51825 3.30400 
42.53147 3.30500 
42.54469 3.30600 
42.55790 3.30700 
42.57112 3.30800 
42.58434 3.30900 
42.59756 3.31000 
42.61077 3.31100 
42.62399 3.31200 
42.63721 3.31300 
42.65043 3.31400 
42.66364 3.31500 
42.67686 3.31600 
42.69008 3.31700 
42.70330 3.31800 
42.71651 3.31900 
42.72973 3.32000 
42.74295 3.32100 
42.75617 3.32200 
42.76939 3.32300 
42.78260 3.32400 
42.79582 3.32500 
42.80904 3.32600 
42.82226 3.32700 
42.83547 3.32800 
42.84869 3.32900 
42.86191 3.33000 
42.87513 3.33100 
42.88834 3.33200 
42.90156 3.33300 
42.91478 3.33400 
42.92800 3.33500 
42.94121 3.33600 
42.95443 3.33700 
42.96765 3.33800 
42.98087 3.33900 
42.99408 3.34000 
43.00730 3.34100 
43.02052 3.34200 
43.03374 3.34300 
43.04695 3.34400 
43.06017 3.34500 
43.07339 3.34600 
43.08661 3.34700 
43.09982 3.34800 
43.11304 3.34900 
43.12626 3.35000 
43.13948 3.35100 
43.15270 3.35200 
43.16591 3.35300 
43.17913 3.35400 
43.19235 3.35500 
43.20557 3.35600 
43.21878 3.35700 
43.23200 3.35800 
43.24522 3.35900 
43.25844 3.36000 
43.27165 3.36100 
43.28487 3.36200 
43.29809 3.36300 
43.31131 3.36400 
43.32452 3.36500 
43.33774 3.36600 
43.35096 3.36700 
43.36418 3.36800 
43.37739 3.36900 
43.39061 3.37000 
43.40383 3.37100 
43.41705 3.37200 
43.43026 3.37300 
43.44348 3.37400 
43.45670 3.37500 
43.46992 3.37600 
43.48314 3.37700 
43.49635 3.37800 
43.50957 3.37900 
43.52279 3.38000 
43.53601 3.38100 
43.54922 3.38200 
43.56244 3.38300 
43.57566 3.38400 
43.58888 3.38500 
43.60209 3.38600 
43.61531 3.38700 
43.62853 3.38800 
43.64175 3.38900 
43.65496 3.39000 
43.66818 3.39100 
43.68140 3.39200 
43.69462 3.39300 
43.70783 3.39400 
43.72105 3.39500 
43.73427 3.39600 
43.74749 3.39700 
43.76070 3.39800 
43.77392 3.39900 
43.78714 3.40000 
43.80036 3.40100 
43.81357 3.40200 
43.82679 3.40300 
43.84001 3.40400 
43.85323 3.40500 
43.86645 3.40600 
43.87966 3.40700 
43.89288 3.40800 
43.90610 3.40900 
43.91932 3.41000 
43.93253 3.41100 
43.94575 3.41200 
43.95897 3.41300 
43.97219 3.41400 
43.98540 3.41500 
43.99862 3.41600 
44.01184 3.41700 
44.02506 3.41800 
44.03827 3.41900 
44.05149 3.42000 
44.06471 3.42100 
44.07793 3.42200 
44.09114 3.42300 
44.10436 3.42400 
44.11758 3.42500 
44.13080 3.42600 
44.14401 3.42700 
44.15723 3.42800 
44.17045 3.42900 
44.18367 3.43000 
44.19689 3.43100 
44.21010 3.43200 
44.22332 3.43300 
44.23654 3.43400 
44.24976 3.43500 
44.26297 3.43600 
44.27619 3.43700 
44.28941 3.43800 
44.30263 3.43900 
44.31584 3.44000 
44.32906 3.44100 
44.34228 3.44200 
44.35550 3.44300 
44.36871 3.44400 
44.38193 3.44500 
44.39515 3.44600 
44.40837 3.44700 
44.42158 3.44800 
44.43480 3.44900 
44.44802 3.45000 
44.46124 3.45100 
44.47445 3.45200 
44.48767 3.45300 
44.50089 3.45400 
44.51411 3.45500 
44.52733 3.45600 
44.54054 3.45700 
44.55376 3.45800 
44.56698 3.45900 
44.58020 3.46000 
44.59341 3.46100 
44.60663 3.46200 
44.61985 3.46300 
44.63307 3.46400 
44.64628 3.46500 
44.65950 3.46600 
44.67272 3.46700 
44.68594 3.46800 
44.69915 3.46900 
44.71237 3.47000 
44.72559 3.47100 
44.73881 3.47200 
44.75202 3.47300 
44.76524 3.47400 
44.77846 3.47500 
44.79168 3.47600 
44.80489 3.47700 
44.81811 3.47800 
44.83133 3.47900 
44.84455 3.48000 
44.85776 3.48100 
44.87098 3.48200 
44.88420 3.48300 
44.89742 3.48400 
44.91064 3.48500 
44.92385 3.48600 
44.93707 3.48700 
44.95029 3.48800 
44.96351 3.48900 
44.97672 3.49000 
44.98994 3.49100 
45.00316 3.49200 
45.01638 3.49300 
45.02959 3.49400 
45.04281 3.49500 
45.05603 3.49600 
45.06925 3.49700 
45.08246 3.49800 
45.09568 3.49900 
45.10890 3.50000 
45.12212 3.50100 
45.13533 3.50200 
45.14855 3.50300 
45.16177 3.50400 
45.17499 3.50500 
45.18820 3.50600 
45.20142 3.50700 
45.21464 3.50800 
45.22786 3.50900 
45.24108 3.51000 
45.25429 3.51100 
45.26751 3.51200 
45.28073 3.51300 
45.29395 3.51400 
45.30716 3.51500 
45.32038 3.51600 
45.33360 3.51700 
45.34682 3.51800 
45.36003 3.51900 
45.37325 3.52000 
45.38647 3.52100 
45.39969 3.52200 
45.41290 3.52300 
45.42612 3.52400 
45.43934 3.52500 
45.45256 3.52600 
45.46577 3.52700 
45.47899 3.52800 
45.49221 3.52900 
45.50543 3.53000 
45.51864 3.53100 
45.53186 3.53200 
45.54508 3.53300 
45.55830 3.53400 
45.57151 3.53500 
45.58473 3.53600 
45.59795 3.53700 
45.61117 3.53800 
45.62439 3.53900 
45.63760 3.54000 
45.65082 3.54100 
45.66404 3.54200 
45.67726 3.54300 
45.69047 3.54400 
45.70369 3.54500 
45.71691 3.54600 
45.73013 3.54700 
45.74334 3.54800 
45.75656 3.54900 
45.76978 3.55000 
45.78300 3.55100 
45.79621 3.55200 
45.80943 3.55300 
45.82265 3.55400 
45.83587 3.55500 
45.84908 3.55600 
45.86230 3.55700 
45.87552 3.55800 
45.88874 3.55900 
45.90195 3.56000 
45.91517 3.56100 
45.92839 3.56200 
45.94161 3.56300 
45.95483 3.56400 
45.96804 3.56500 
45.98126 3.56600 
45.99448 3.56700 
46.00770 3.56800 
46.02091 3.56900 
46.03413 3.57000 
46.04735 3.57100 
46.06057 3.57200 
46.07378 3.57300 
46.08700 3.57400 
46.10022 3.57500 
46.11344 3.57600 
46.12665 3.57700 
46.13987 3.57800 
46.15309 3.57900 
46.16631 3.58000 
46.17952 3.58100 
46.19274 3.58200 
46.20596 3.58300 
46.21918 3.58400 
46.23239 3.58500 
46.24561 3.58600 
46.25883 3.58700 
46.27205 3.58800 
46.28527 3.58900 
46.29848 3.59000 
46.31170 3.59100 
46.32492 3.59200 
46.33814 3.59300 
46.35135 3.59400 
46.36457 3.59500 
46.37779 3.59600 
46.39101 3.59700 
46.40422 3.59800 
46.41744 3.59900 
46.43066 3.60000 
46.44388 3.60100 
46.45709 3.60200 
46.47031 3.60300 
46.48353 3.60400 
46.49675 3.60500 
46.50996 3.60600 
46.52318 3.60700 
46.53640 3.60800 
46.54962 3.60900 
46.56283 3.61000 
46.57605 3.61100 
46.58927 3.61200 
46.60249 3.61300 
46.61570 3.61400 
46.62892 3.61500 
46.64214 3.61600 
46.65536 3.61700 
46.66858 3.61800 
46.68179 3.61900 
46.69501 3.62000 
46.70823 3.62100 
46.72145 3.62200 
46.73466 3.62300 
46.74788 3.62400 
46.76110 3.62500 
46.77432 3.62600 
46.78753 3.62700 
46.80075 3.62800 
46.81397 3.62900 
46.82719 3.63000 
46.84040 3.63100 
46.85362 3.63200 
46.86684 3.63300 
46.88006 3.63400 
46.89327 3.63500 
46.90649 3.63600 
46.91971 3.63700 
46.93293 3.63800 
46.94614 3.63900 
46.95936 3.64000 
46.97258 3.64100 
46.98580 3.64200 
46.99902 3.64300 
47.01223 3.64400 
47.02545 3.64500 
47.03867 3.64600 
47.05189 3.64700 
47.06510 3.64800 
47.07832 3.64900 
47.09154 3.65000 
47.10476 3.65100 
47.11797 3.65200 
47.13119 3.65300 
47.14441 3.65400 
47.15763 3.65500 
47.17084 3.65600 
47.18406 3.65700 
47.19728 3.65800 
47.21050 3.65900 
47.22371 3.66000 
47.23693 3.66100 
47.25015 3.66200 
47.26337 3.66300 
47.27658 3.66400 
47.28980 3.66500 
47.30302 3.66600 
47.31624 3.66700 
47.32945 3.66800 
47.34267 3.66900 
47.35589 3.67000 
47.36911 3.67100 
47.38233 3.67200 
47.39554 3.67300 
47.40876 3.67400 
47.42198 3.67500 
47.43520 3.67600 
47.44841 3.67700 
47.46163 3.67800 
47.47485 3.67900 
47.48807 3.68000 
47.50128 3.68100 
47.51450 3.68200 
47.52772 3.68300 
47.54094 3.68400 
47.55415 3.68500 
47.56737 3.68600 
47.58059 3.68700 
47.59381 3.68800 
47.60702 3.68900 
47.62024 3.69000 
47.63346 3.69100 
47.64668 3.69200 
47.65989 3.69300 
47.67311 3.69400 
47.68633 3.69500 
47.69955 3.69600 
47.71277 3.69700 
47.72598 3.69800 
47.73920 3.69900 
47.75242 3.70000 
47.76564 3.70100 
47.77885 3.70200 
47.79207 3.70300 
47.80529 3.70400 
47.81851 3.70500 
47.83172 3.70600 
47.84494 3.70700 
47.85816 3.70800 
47.87138 3.70900 
47.88459 3.71000 
47.89781 3.71100 
47.91103 3.71200 
47.92425 3.71300 
47.93746 3.71400 
47.95068 3.71500 
47.96390 3.71600 
47.97712 3.71700 
47.99033 3.71800 
48.00355 3.71900 
48.01677 3.72000 
48.02999 3.72100 
48.04321 3.72200 
48.05642 3.72300 
48.06964 3.72400 
48.08286 3.72500 
48.09608 3.72600 
48.10929 3.72700 
48.12251 3.72800 
48.13573 3.72900 
48.14895 3.73000 
48.16216 3.73100 
48.17538 3.73200 
48.18860 3.73300 
48.20182 3.73400 
48.21503 3.73500 
48.22825 3.73600 
48.24147 3.73700 
48.25469 3.73800 
48.26790 3.73900 
48.28112 3.74000 
48.29434 3.74100 
48.30756 3.74200 
48.32077 3.74300 
48.33399 3.74400 
48.34721 3.74500 
48.36043 3.74600 
48.37364 3.74700 
48.38686 3.74800 
48.40008 3.74900 
48.41330 3.75000 
48.42652 3.75100 
48.43973 3.75200 
48.45295 3.75300 
48.46617 3.75400 
48.47939 3.75500 
48.49260 3.75600 
48.50582 3.75700 
48.51904 3.75800 
48.53226 3.75900 
48.54547 3.76000 
48.55869 3.76100 
48.57191 3.76200 
48.58513 3.76300 
48.59834 3.76400 
48.61156 3.76500 
48.62478 3.76600 
48.63800 3.76700 
48.65121 3.76800 
48.66443 3.76900 
48.67765 3.77000 
48.69087 3.77100 
48.70408 3.77200 
48.71730 3.77300 
48.73052 3.77400 
48.74374 3.77500 
48.75696 3.77600 
48.77017 3.77700 
48.78339 3.77800 
48.79661 3.77900 
48.80983 3.78000 
48.82304 3.78100 
48.83626 3.78200 
48.84948 3.78300 
48.86270 3.78400 
48.87591 3.78500 
48.88913 3.78600 
48.90235 3.78700 
48.91557 3.78800 
48.92878 3.78900 
48.94200 3.79000 
48.95522 3.79100 
48.96844 3.79200 
48.98165 3.79300 
48.99487 3.79400 
49.00809 3.79500 
49.02131 3.79600 
49.03452 3.79700 
49.04774 3.79800 
49.06096 3.79900 
49.07418 3.80000 
49.08739 3.80100 
49.10061 3.80200 
49.11383 3.80300 
49.12705 3.80400 
49.14027 3.80500 
49.15348 3.80600 
49.16670 3.80700 
49.17992 3.80800 
49.19314 3.80900 
49.20635 3.81000 
49.21957 3.81100 
49.23279 3.81200 
49.24601 3.81300 
49.25922 3.81400 
49.27244 3.81500 
49.28566 3.81600 
49.29888 3.81700 
49.31209 3.81800 
49.32531 3.81900 
49.33853 3.82000 
49.35175 3.82100 
49.36496 3.82200 
49.37818 3.82300 
49.39140 3.82400 
49.40462 3.82500 
49.41783 3.82600 
49.43105 3.82700 
49.44427 3.82800 
49.45749 3.82900 
49.47071 3.83000 
49.48392 3.83100 
49.49714 3.83200 
49.51036 3.83300 
49.52358 3.83400 
49.53679 3.83500 
49.55001 3.83600 
49.56323 3.83700 
49.57645 3.83800 
49.58966 3.83900 
49.60288 3.84000 
49.61610 3.84100 
49.62932 3.84200 
49.64253 3.84300 
49.65575 3.84400 
49.66897 3.84500 
49.68219 3.84600 
49.69540 3.84700 
49.70862 3.84800 
49.72184 3.84900 
49.73506 3.85000 
49.74827 3.85100 
49.76149 3.85200 
49.77471 3.85300 
49.78793 3.85400 
49.80115 3.85500 
49.81436 3.85600 
49.82758 3.85700 
49.84080 3.85800 
49.85402 3.85900 
49.86723 3.86000 
49.88045 3.86100 
49.89367 3.86200 
49.90689 3.86300 
49.92010 3.86400 
49.93332 3.86500 
49.94654 3.86600 
49.95976 3.86700 
49.97297 3.86800 
49.98619 3.86900 
49.99941 3.87000 
50.01263 3.87100 
50.02584 3.87200 
50.03906 3.87300 
50.05228 3.87400 
50.06550 3.87500 
50.07871 3.87600 
50.09193 3.87700 
50.10515 3.87800 
50.11837 3.87900 
50.13158 3.88000 
50.14480 3.88100 
50.15802 3.88200 
50.17124 3.88300 
50.18446 3.88400 
50.19767 3.88500 
50.21089 3.88600 
50.22411 3.88700 
50.23733 3.88800 
50.25054 3.88900 
50.26376 3.89000 
50.27698 3.89100 
50.29020 3.89200 
50.30341 3.89300 
50.31663 3.89400 
50.32985 3.89500 
50.34307 3.89600 
50.35628 3.89700 
50.36950 3.89800 
50.38272 3.89900 
50.39594 3.90000 
50.40915 3.90100 
50.42237 3.90200 
50.43559 3.90300 
50.44881 3.90400 
50.46202 3.90500 
50.47524 3.90600 
50.48846 3.90700 
50.50168 3.90800 
50.51490 3.90900 
50.52811 3.91000 
50.54133 3.91100 
50.55455 3.91200 
50.56777 3.91300 
50.58098 3.91400 
50.59420 3.91500 
50.60742 3.91600 
50.62064 3.91700 
50.63385 3.91800 
50.64707 3.91900 
50.66029 3.92000 
50.67351 3.92100 
50.68672 3.92200 
50.69994 3.92300 
50.71316 3.92400 
50.72638 3.92500 
50.73959 3.92600 
50.75281 3.92700 
50.76603 3.92800 
50.77925 3.92900 
50.79246 3.93000 
50.80568 3.93100 
50.81890 3.93200 
50.83212 3.93300 
50.84533 3.93400 
50.85855 3.93500 
50.87177 3.93600 
50.88499 3.93700 
50.89821 3.93800 
50.91142 3.93900 
50.92464 3.94000 
50.93786 3.94100 
50.95108 3.94200 
50.96429 3.94300 
50.97751 3.94400 
50.99073 3.94500 
51.00395 3.94600 
51.01716 3.94700 
51.03038 3.94800 
51.04360 3.94900 
51.05682 3.95000 
51.07003 3.95100 
51.08325 3.95200 
51.09647 3.95300 
51.10969 3.95400 
51.12290 3.95500 
51.13612 3.95600 
51.14934 3.95700 
51.16256 3.95800 
51.17577 3.95900 
51.18899 3.96000 
51.20221 3.96100 
51.21543 3.96200 
51.22865 3.96300 
51.24186 3.96400 
51.25508 3.96500 
51.26830 3.96600 
51.28152 3.96700 
51.29473 3.96800 
51.30795 3.96900 
51.32117 3.97000 
51.33439 3.97100 
51.34760 3.97200 
51.36082 3.97300 
51.37404 3.97400 
51.38726 3.97500 
51.40047 3.97600 
51.41369 3.97700 
51.42691 3.97800 
51.44013 3.97900 
51.45334 3.98000 
51.46656 3.98100 
51.47978 3.98200 
51.49300 3.98300 
51.50621 3.98400 
51.51943 3.98500 
51.53265 3.98600 
51.54587 3.98700 
51.55909 3.98800 
51.57230 3.98900 
51.58552 3.99000 
51.59874 3.99100 
51.61196 3.99200 
51.62517 3.99300 
51.63839 3.99400 
51.65161 3.99500 
51.66483 3.99600 
51.67804 3.99700 
51.69126 3.99800 
51.70448 3.99900 
51.71770 4.00000 
51.73091 4.00100 
51.74413 4.00200 
51.75735 4.00300 
51.77057 4.00400 
51.78378 4.00500 
51.79700 4.00600 
51.81022 4.00700 
51.82344 4.00800 
51.83665 4.00900 
51.84987 4.01000 
51.86309 4.01100 
51.87631 4.01200 
51.88952 4.01300 
51.90274 4.01400 
51.91596 4.01500 
51.92918 4.01600 
51.94240 4.01700 
51.95561 4.01800 
51.96883 4.01900 
51.98205 4.02000 
51.99527 4.02100 
52.00848 4.02200 
52.02170 4.02300 
52.03492 4.02400 
52.04814 4.02500 
52.06135 4.02600 
52.07457 4.02700 
52.08779 4.02800 
52.10101 4.02900 
52.11422 4.03000 
52.12744 4.03100 
52.14066 4.03200 
52.15388 4.03300 
52.16709 4.03400 
52.18031 4.03500 
52.19353 4.03600 
52.20675 4.03700 
52.21996 4.03800 
52.23318 4.03900 
52.24640 4.04000 
52.25962 4.04100 
52.27284 4.04200 
52.28605 4.04300 
52.29927 4.04400 
52.31249 4.04500 
52.32571 4.04600 
52.33892 4.04700 
52.35214 4.04800 
52.36536 4.04900 
52.37858 4.05000 
52.39179 4.05100 
52.40501 4.05200 
52.41823 4.05300 
52.43145 4.05400 
52.44466 4.05500 
52.45788 4.05600 
52.47110 4.05700 
52.48432 4.05800 
52.49753 4.05900 
52.51075 4.06000 
52.52397 4.06100 
52.53719 4.06200 
52.55040 4.06300 
52.56362 4.06400 
52.57684 4.06500 
52.59006 4.06600 
52.60327 4.06700 
52.61649 4.06800 
52.62971 4.06900 
52.64293 4.07000 
52.65615 4.07100 
52.66936 4.07200 
52.68258 4.07300 
52.69580 4.07400 
52.70902 4.07500 
52.72223 4.07600 
52.73545 4.07700 
52.74867 4.07800 
52.76189 4.07900 
52.77510 4.08000 
52.78832 4.08100 
52.80154 4.08200 
52.81476 4.08300 
52.82797 4.08400 
52.84119 4.08500 
52.85441 4.08600 
52.86763 4.08700 
52.88084 4.08800 
52.89406 4.08900 
52.90728 4.09000 
52.92050 4.09100 
52.93371 4.09200 
52.94693 4.09300 
52.96015 4.09400 
52.97337 4.09500 
52.98659 4.09600 
52.99980 4.09700 
53.01302 4.09800 
53.02624 4.09900 
53.03946 4.10000 
53.05267 4.10100 
53.06589 4.10200 
53.07911 4.10300 
53.09233 4.10400 
53.10554 4.10500 
53.11876 4.10600 
53.13198 4.10700 
53.14520 4.10800 
53.15841 4.10900 
53.17163 4.11000 
53.18485 4.11100 
53.19807 4.11200 
53.21128 4.11300 
53.22450 4.11400 
53.23772 4.11500 
53.25094 4.11600 
53.26415 4.11700 
53.27737 4.11800 
53.29059 4.11900 
53.30381 4.12000 
53.31703 4.12100 
53.33024 4.12200 
53.34346 4.12300 
53.35668 4.12400 
53.36990 4.12500 
53.38311 4.12600 
53.39633 4.12700 
53.40955 4.12800 
53.42277 4.12900 
53.43598 4.13000 
53.44920 4.13100 
53.46242 4.13200 
53.47564 4.13300 
53.48885 4.13400 
53.50207 4.13500 
53.51529 4.13600 
53.52851 4.13700 
53.54172 4.13800 
53.55494 4.13900 
53.56816 4.14000 
53.58138 4.14100 
53.59459 4.14200 
53.60781 4.14300 
53.62103 4.14400 
53.63425 4.14500 
53.64746 4.14600 
53.66068 4.14700 
53.67390 4.14800 
53.68712 4.14900 
53.70034 4.15000 
53.71355 4.15100 
53.72677 4.15200 
53.73999 4.15300 
53.75321 4.15400 
53.76642 4.15500 
53.77964 4.15600 
53.79286 4.15700 
53.80608 4.15800 
53.81929 4.15900 
53.83251 4.16000 
53.84573 4.16100 
53.85895 4.16200 
53.87216 4.16300 
53.88538 4.16400 
53.89860 4.16500 
53.91182 4.16600 
53.92503 4.16700 
53.93825 4.16800 
53.95147 4.16900 
53.96469 4.17000 
53.97790 4.17100 
53.99112 4.17200 
54.00434 4.17300 
54.01756 4.17400 
54.03078 4.17500 
54.04399 4.17600 
54.05721 4.17700 
54.07043 4.17800 
54.08365 4.17900 
54.09686 4.18000 
54.11008 4.18100 
54.12330 4.18200 
54.13652 4.18300 
54.14973 4.18400 
54.16295 4.18500 
54.17617 4.18600 
54.18939 4.18700 
54.20260 4.18800 
54.21582 4.18900 
54.22904 4.19000 
54.24226 4.19100 
54.25547 4.19200 
54.26869 4.19300 
54.28191 4.19400 
54.29513 4.19500 
54.30834 4.19600 
54.32156 4.19700 
54.33478 4.19800 
54.34800 4.19900 
54.36121 4.20000 
54.37443 4.20100 
54.38765 4.20200 
54.40087 4.20300 
54.41409 4.20400 
54.42730 4.20500 
54.44052 4.20600 
54.45374 4.20700 
54.46696 4.20800 
54.48017 4.20900 
54.49339 4.21000 
54.50661 4.21100 
54.51983 4.21200 
54.53304 4.21300 
54.54626 4.21400 
54.55948 4.21500 
54.57270 4.21600 
54.58591 4.21700 
54.59913 4.21800 
54.61235 4.21900 
54.62557 4.22000 
54.63878 4.22100 
54.65200 4.22200 
54.66522 4.22300 
54.67844 4.22400 
54.69165 4.22500 
54.70487 4.22600 
54.71809 4.22700 
54.73131 4.22800 
54.74453 4.22900 
54.75774 4.23000 
54.77096 4.23100 
54.78418 4.23200 
54.79740 4.23300 
54.81061 4.23400 
54.82383 4.23500 
54.83705 4.23600 
54.85027 4.23700 
54.86348 4.23800 
54.87670 4.23900 
54.88992 4.24000 
54.90314 4.24100 
54.91635 4.24200 
54.92957 4.24300 
54.94279 4.24400 
54.95601 4.24500 
54.96922 4.24600 
54.98244 4.24700 
54.99566 4.24800 
55.00888 4.24900 
55.02209 4.25000 
55.03531 4.25100 
55.04853 4.25200 
55.06175 4.25300 
55.07497 4.25400 
55.08818 4.25500 
55.10140 4.25600 
55.11462 4.25700 
55.12784 4.25800 
55.14105 4.25900 
55.15427 4.26000 
55.16749 4.26100 
55.18071 4.26200 
55.19392 4.26300 
55.20714 4.26400 
55.22036 4.26500 
55.23358 4.26600 
55.24679 4.26700 
55.26001 4.26800 
55.27323 4.26900 
55.28645 4.27000 
55.29966 4.27100 
55.31288 4.27200 
55.32610 4.27300 
55.33932 4.27400 
55.35253 4.27500 
55.36575 4.27600 
55.37897 4.27700 
55.39219 4.27800 
55.40540 4.27900 
55.41862 4.28000 
55.43184 4.28100 
55.44506 4.28200 
55.45828 4.28300 
55.47149 4.28400 
55.48471 4.28500 
55.49793 4.28600 
55.51115 4.28700 
55.52436 4.28800 
55.53758 4.28900 
55.55080 4.29000 
55.56402 4.29100 
55.57723 4.29200 
55.59045 4.29300 
55.60367 4.29400 
55.61689 4.29500 
55.63010 4.29600 
55.64332 4.29700 
55.65654 4.29800 
55.66976 4.29900 
55.68297 4.30000 
55.69619 4.30100 
55.70941 4.30200 
55.72263 4.30300 
55.73584 4.30400 
55.74906 4.30500 
55.76228 4.30600 
55.77550 4.30700 
55.78872 4.30800 
55.80193 4.30900 
55.81515 4.31000 
55.82837 4.31100 
55.84159 4.31200 
55.85480 4.31300 
55.86802 4.31400 
55.88124 4.31500 
55.89446 4.31600 
55.90767 4.31700 
55.92089 4.31800 
55.93411 4.31900 
55.94733 4.32000 
55.96054 4.32100 
55.97376 4.32200 
55.98698 4.32300 
56.00020 4.32400 
56.01341 4.32500 
56.02663 4.32600 
56.03985 4.32700 
56.05307 4.32800 
56.06628 4.32900 
56.07950 4.33000 
56.09272 4.33100 
56.10594 4.33200 
56.11915 4.33300 
56.13237 4.33400 
56.14559 4.33500 
56.15881 4.33600 
56.17203 4.33700 
56.18524 4.33800 
56.19846 4.33900 
56.21168 4.34000 
56.22490 4.34100 
56.23811 4.34200 
56.25133 4.34300 
56.26455 4.34400 
56.27777 4.34500 
56.29098 4.34600 
56.30420 4.34700 
56.31742 4.34800 
56.33064 4.34900 
56.34385 4.35000 
56.35707 4.35100 
56.37029 4.35200 
56.38351 4.35300 
56.39672 4.35400 
56.40994 4.35500 
56.42316 4.35600 
56.43638 4.35700 
56.44959 4.35800 
56.46281 4.35900 
56.47603 4.36000 
56.48925 4.36100 
56.50247 4.36200 
56.51568 4.36300 
56.52890 4.36400 
56.54212 4.36500 
56.55534 4.36600 
56.56855 4.36700 
56.58177 4.36800 
56.59499 4.36900 
56.60821 4.37000 
56.62142 4.37100 
56.63464 4.37200 
56.64786 4.37300 
56.66108 4.37400 
56.67429 4.37500 
56.68751 4.37600 
56.70073 4.37700 
56.71395 4.37800 
56.72716 4.37900 
56.74038 4.38000 
56.75360 4.38100 
56.76682 4.38200 
56.78003 4.38300 
56.79325 4.38400 
56.80647 4.38500 
56.81969 4.38600 
56.83291 4.38700 
56.84612 4.38800 
56.85934 4.38900 
56.87256 4.39000 
56.88578 4.39100 
56.89899 4.39200 
56.91221 4.39300 
56.92543 4.39400 
56.93865 4.39500 
56.95186 4.39600 
56.96508 4.39700 
56.97830 4.39800 
56.99152 4.39900 
57.00473 4.40000 
57.01795 4.40100 
57.03117 4.40200 
57.04439 4.40300 
57.05760 4.40400 
57.07082 4.40500 
57.08404 4.40600 
57.09726 4.40700 
57.11047 4.40800 
57.12369 4.40900 
57.13691 4.41000 
57.15013 4.41100 
57.16334 4.41200 
57.17656 4.41300 
57.18978 4.41400 
57.20300 4.41500 
57.21622 4.41600 
57.22943 4.41700 
57.24265 4.41800 
57.25587 4.41900 
57.26909 4.42000 
57.28230 4.42100 
57.29552 4.42200 
57.30874 4.42300 
57.32196 4.42400 
57.33517 4.42500 
57.34839 4.42600 
57.36161 4.42700 
57.37483 4.42800 
57.38804 4.42900 
57.40126 4.43000 
57.41448 4.43100 
57.42770 4.43200 
57.44091 4.43300 
57.45413 4.43400 
57.46735 4.43500 
57.48057 4.43600 
57.49378 4.43700 
57.50700 4.43800 
57.52022 4.43900 
57.53344 4.44000 
57.54666 4.44100 
57.55987 4.44200 
57.57309 4.44300 
57.58631 4.44400 
57.59953 4.44500 
57.61274 4.44600 
57.62596 4.44700 
57.63918 4.44800 
57.65240 4.44900 
57.66561 4.45000 
57.67883 4.45100 
57.69205 4.45200 
57.70527 4.45300 
57.71848 4.45400 
57.73170 4.45500 
57.74492 4.45600 
57.75814 4.45700 
57.77135 4.45800 
57.78457 4.45900 
57.79779 4.46000 
57.81101 4.46100 
57.82422 4.46200 
57.83744 4.46300 
57.85066 4.46400 
57.86388 4.46500 
57.87709 4.46600 
57.89031 4.46700 
57.90353 4.46800 
57.91675 4.46900 
57.92997 4.47000 
57.94318 4.47100 
57.95640 4.47200 
57.96962 4.47300 
57.98284 4.47400 
57.99605 4.47500 
58.00927 4.47600 
58.02249 4.47700 
58.03571 4.47800 
58.04892 4.47900 
58.06214 4.48000 
58.07536 4.48100 
58.08858 4.48200 
58.10179 4.48300 
58.11501 4.48400 
58.12823 4.48500 
58.14145 4.48600 
58.15466 4.48700 
58.16788 4.48800 
58.18110 4.48900 
58.19432 4.49000 
58.20753 4.49100 
58.22075 4.49200 
58.23397 4.49300 
58.24719 4.49400 
58.26041 4.49500 
58.27362 4.49600 
58.28684 4.49700 
58.30006 4.49800 
58.31328 4.49900 
58.32649 4.50000 
58.33971 4.50100 
58.35293 4.50200 
58.36615 4.50300 
58.37936 4.50400 
58.39258 4.50500 
58.40580 4.50600 
58.41902 4.50700 
58.43223 4.50800 
58.44545 4.50900 
58.45867 4.51000 
58.47189 4.51100 
58.48510 4.51200 
58.49832 4.51300 
58.51154 4.51400 
58.52476 4.51500 
58.53797 4.51600 
58.55119 4.51700 
58.56441 4.51800 
58.57763 4.51900 
58.59085 4.52000 
58.60406 4.52100 
58.61728 4.52200 
58.63050 4.52300 
58.64372 4.52400 
58.65693 4.52500 
58.67015 4.52600 
58.68337 4.52700 
58.69659 4.52800 
58.70980 4.52900 
58.72302 4.53000 
58.73624 4.53100 
58.74946 4.53200 
58.76267 4.53300 
58.77589 4.53400 
58.78911 4.53500 
58.80233 4.53600 
58.81554 4.53700 
58.82876 4.53800 
58.84198 4.53900 
58.85520 4.54000 
58.86841 4.54100 
58.88163 4.54200 
58.89485 4.54300 
58.90807 4.54400 
58.92128 4.54500 
58.93450 4.54600 
58.94772 4.54700 
58.96094 4.54800 
58.97416 4.54900 
58.98737 4.55000 
59.00059 4.55100 
59.01381 4.55200 
59.02703 4.55300 
59.04024 4.55400 
59.05346 4.55500 
59.06668 4.55600 
59.07990 4.55700 
59.09311 4.55800 
59.10633 4.55900 
59.11955 4.56000 
59.13277 4.56100 
59.14598 4.56200 
59.15920 4.56300 
59.17242 4.56400 
59.18564 4.56500 
59.19885 4.56600 
59.21207 4.56700 
59.22529 4.56800 
59.23851 4.56900 
59.25172 4.57000 
59.26494 4.57100 
59.27816 4.57200 
59.29138 4.57300 
59.30460 4.57400 
59.31781 4.57500 
59.33103 4.57600 
59.34425 4.57700 
59.35747 4.57800 
59.37068 4.57900 
59.38390 4.58000 
59.39712 4.58100 
59.41034 4.58200 
59.42355 4.58300 
59.43677 4.58400 
59.44999 4.58500 
59.46321 4.58600 
59.47642 4.58700 
59.48964 4.58800 
59.50286 4.58900 
59.51608 4.59000 
59.52929 4.59100 
59.54251 4.59200 
59.55573 4.59300 
59.56895 4.59400 
59.58216 4.59500 
59.59538 4.59600 
59.60860 4.59700 
59.62182 4.59800 
59.63503 4.59900 
59.64825 4.60000 
59.66147 4.60100 
59.67469 4.60200 
59.68791 4.60300 
59.70112 4.60400 
59.71434 4.60500 
59.72756 4.60600 
59.74078 4.60700 
59.75399 4.60800 
59.76721 4.60900 
59.78043 4.61000 
59.79365 4.61100 
59.80686 4.61200 
59.82008 4.61300 
59.83330 4.61400 
59.84652 4.61500 
59.85973 4.61600 
59.87295 4.61700 
59.88617 4.61800 
59.89939 4.61900 
59.91260 4.62000 
59.92582 4.62100 
59.93904 4.62200 
59.95226 4.62300 
59.96547 4.62400 
59.97869 4.62500 
59.99191 4.62600 
60.00513 4.62700 
60.01835 4.62800 
60.03156 4.62900 
60.04478 4.63000 
60.05800 4.63100 
60.07122 4.63200 
60.08443 4.63300 
60.09765 4.63400 
60.11087 4.63500 
60.12409 4.63600 
60.13730 4.63700 
60.15052 4.63800 
60.16374 4.63900 
60.17696 4.64000 
60.19017 4.64100 
60.20339 4.64200 
60.21661 4.64300 
60.22983 4.64400 
60.24304 4.64500 
60.25626 4.64600 
60.26948 4.64700 
60.28270 4.64800 
60.29591 4.64900 
60.30913 4.65000 
60.32235 4.65100 
60.33557 4.65200 
60.34879 4.65300 
60.36200 4.65400 
60.37522 4.65500 
60.38844 4.65600 
60.40166 4.65700 
60.41487 4.65800 
60.42809 4.65900 
60.44131 4.66000 
60.45453 4.66100 
60.46774 4.66200 
60.48096 4.66300 
60.49418 4.66400 
60.50740 4.66500 
60.52061 4.66600 
60.53383 4.66700 
60.54705 4.66800 
60.56027 4.66900 
60.57348 4.67000 
60.58670 4.67100 
60.59992 4.67200 
60.61314 4.67300 
60.62635 4.67400 
60.63957 4.67500 
60.65279 4.67600 
60.66601 4.67700 
60.67922 4.67800 
60.69244 4.67900 
60.70566 4.68000 
60.71888 4.68100 
60.73210 4.68200 
60.74531 4.68300 
60.75853 4.68400 
60.77175 4.68500 
60.78497 4.68600 
60.79818 4.68700 
60.81140 4.68800 
60.82462 4.68900 
60.83784 4.69000 
60.85105 4.69100 
60.86427 4.69200 
60.87749 4.69300 
60.89071 4.69400 
60.90392 4.69500 
60.91714 4.69600 
60.93036 4.69700 
60.94358 4.69800 
60.95679 4.69900 
60.97001 4.70000 
60.98323 4.70100 
60.99645 4.70200 
61.00966 4.70300 
61.02288 4.70400 
61.03610 4.70500 
61.04932 4.70600 
61.06254 4.70700 
61.07575 4.70800 
61.08897 4.70900 
61.10219 4.71000 
61.11541 4.71100 
61.12862 4.71200 
61.14184 4.71300 
61.15506 4.71400 
61.16828 4.71500 
61.18149 4.71600 
61.19471 4.71700 
61.20793 4.71800 
61.22115 4.71900 
61.23436 4.72000 
61.24758 4.72100 
61.26080 4.72200 
61.27402 4.72300 
61.28723 4.72400 
61.30045 4.72500 
61.31367 4.72600 
61.32689 4.72700 
61.34010 4.72800 
61.35332 4.72900 
61.36654 4.73000 
61.37976 4.73100 
61.39297 4.73200 
61.40619 4.73300 
61.41941 4.73400 
61.43263 4.73500 
61.44585 4.73600 
61.45906 4.73700 
61.47228 4.73800 
61.48550 4.73900 
61.49872 4.74000 
61.51193 4.74100 
61.52515 4.74200 
61.53837 4.74300 
61.55159 4.74400 
61.56480 4.74500 
61.57802 4.74600 
61.59124 4.74700 
61.60446 4.74800 
61.61767 4.74900 
61.63089 4.75000 
61.64411 4.75100 
61.65733 4.75200 
61.67054 4.75300 
61.68376 4.75400 
61.69698 4.75500 
61.71020 4.75600 
61.72341 4.75700 
61.73663 4.75800 
61.74985 4.75900 
61.76307 4.76000 
61.77629 4.76100 
61.78950 4.76200 
61.80272 4.76300 
61.81594 4.76400 
61.82916 4.76500 
61.84237 4.76600 
61.85559 4.76700 
61.86881 4.76800 
61.88203 4.76900 
61.89524 4.77000 
61.90846 4.77100 
61.92168 4.77200 
61.93490 4.77300 
61.94811 4.77400 
61.96133 4.77500 
61.97455 4.77600 
61.98777 4.77700 
62.00098 4.77800 
62.01420 4.77900 
62.02742 4.78000 
62.04064 4.78100 
62.05385 4.78200 
62.06707 4.78300 
62.08029 4.78400 
62.09351 4.78500 
62.10673 4.78600 
62.11994 4.78700 
62.13316 4.78800 
62.14638 4.78900 
62.15960 4.79000 
62.17281 4.79100 
62.18603 4.79200 
62.19925 4.79300 
62.21247 4.79400 
62.22568 4.79500 
62.23890 4.79600 
62.25212 4.79700 
62.26534 4.79800 
62.27855 4.79900 
62.29177 4.80000 
62.30499 4.80100 
62.31821 4.80200 
62.33142 4.80300 
62.34464 4.80400 
62.35786 4.80500 
62.37108 4.80600 
62.38429 4.80700 
62.39751 4.80800 
62.41073 4.80900 
62.42395 4.81000 
62.43716 4.81100 
62.45038 4.81200 
62.46360 4.81300 
62.47682 4.81400 
62.49004 4.81500 
62.50325 4.81600 
62.51647 4.81700 
62.52969 4.81800 
62.54291 4.81900 
62.55612 4.82000 
62.56934 4.82100 
62.58256 4.82200 
62.59578 4.82300 
62.60899 4.82400 
62.62221 4.82500 
62.63543 4.82600 
62.64865 4.82700 
62.66186 4.82800 
62.67508 4.82900 
62.68830 4.83000 
62.70152 4.83100 
62.71473 4.83200 
62.72795 4.83300 
62.74117 4.83400 
62.75439 4.83500 
62.76760 4.83600 
62.78082 4.83700 
62.79404 4.83800 
62.80726 4.83900 
62.82048 4.84000 
62.83369 4.84100 
62.84691 4.84200 
62.86013 4.84300 
62.87335 4.84400 
62.88656 4.84500 
62.89978 4.84600 
62.91300 4.84700 
62.92622 4.84800 
62.93943 4.84900 
62.95265 4.85000 
62.96587 4.85100 
62.97909 4.85200 
62.99230 4.85300 
63.00552 4.85400 
63.01874 4.85500 
63.03196 4.85600 
63.04517 4.85700 
63.05839 4.85800 
63.07161 4.85900 
63.08483 4.86000 
63.09804 4.86100 
63.11126 4.86200 
63.12448 4.86300 
63.13770 4.86400 
63.15091 4.86500 
63.16413 4.86600 
63.17735 4.86700 
63.19057 4.86800 
63.20379 4.86900 
63.21700 4.87000 
63.23022 4.87100 
63.24344 4.87200 
63.25666 4.87300 
63.26987 4.87400 
63.28309 4.87500 
63.29631 4.87600 
63.30953 4.87700 
63.32274 4.87800 
63.33596 4.87900 
63.34918 4.88000 
63.36240 4.88100 
63.37561 4.88200 
63.38883 4.88300 
63.40205 4.88400 
63.41527 4.88500 
63.42848 4.88600 
63.44170 4.88700 
63.45492 4.88800 
63.46814 4.88900 
63.48135 4.89000 
63.49457 4.89100 
63.50779 4.89200 
63.52101 4.89300 
63.53423 4.89400 
63.54744 4.89500 
63.56066 4.89600 
63.57388 4.89700 
63.58710 4.89800 
63.60031 4.89900 
63.61353 4.90000 
63.62675 4.90100 
63.63997 4.90200 
63.65318 4.90300 
63.66640 4.90400 
63.67962 4.90500 
63.69284 4.90600 
63.70605 4.90700 
63.71927 4.90800 
63.73249 4.90900 
63.74571 4.91000 
63.75892 4.91100 
63.77214 4.91200 
63.78536 4.91300 
63.79858 4.91400 
63.81179 4.91500 
63.82501 4.91600 
63.83823 4.91700 
63.85145 4.91800 
63.86467 4.91900 
63.87788 4.92000 
63.89110 4.92100 
63.90432 4.92200 
63.91754 4.92300 
63.93075 4.92400 
63.94397 4.92500 
63.95719 4.92600 
63.97041 4.92700 
63.98362 4.92800 
63.99684 4.92900 
64.01006 4.93000 
64.02328 4.93100 
64.03649 4.93200 
64.04971 4.93300 
64.06293 4.93400 
64.07615 4.93500 
64.08936 4.93600 
64.10258 4.93700 
64.11580 4.93800 
64.12902 4.93900 
64.14223 4.94000 
64.15545 4.94100 
64.16867 4.94200 
64.18189 4.94300 
64.19510 4.94400 
64.20832 4.94500 
64.22154 4.94600 
64.23476 4.94700 
64.24798 4.94800 
64.26119 4.94900 
64.27441 4.95000 
64.28763 4.95100 
64.30085 4.95200 
64.31406 4.95300 
64.32728 4.95400 
64.34050 4.95500 
64.35372 4.95600 
64.36693 4.95700 
64.38015 4.95800 
64.39337 4.95900 
64.40659 4.96000 
64.41980 4.96100 
64.43302 4.96200 
64.44624 4.96300 
64.45946 4.96400 
64.47267 4.96500 
64.48589 4.96600 
64.49911 4.96700 
64.51233 4.96800 
64.52554 4.96900 
64.53876 4.97000 
64.55198 4.97100 
64.56520 4.97200 
64.57842 4.97300 
64.59163 4.97400 
64.60485 4.97500 
64.61807 4.97600 
64.63129 4.97700 
64.64450 4.97800 
64.65772 4.97900 
64.67094 4.98000 
64.68416 4.98100 
64.69737 4.98200 
64.71059 4.98300 
64.72381 4.98400 
64.73703 4.98500 
64.75024 4.98600 
64.76346 4.98700 
64.77668 4.98800 
64.78990 4.98900 
64.80311 4.99000 
64.81633 4.99100 
64.82955 4.99200 
64.84277 4.99300 
64.85598 4.99400 
64.86920 4.99500 
64.88242 4.99600 
64.89564 4.99700 
64.90885 4.99800 
64.92207 4.99900 
