0.00000 0.00000 
0.08237 0.00100 
0.16380 0.00200 
0.24430 0.00300 
0.32388 0.00400 
0.40255 0.00500 
0.48033 0.00600 
0.55722 0.00700 
0.63323 0.00800 
0.70838 0.00900 
0.78267 0.01000 
0.85611 0.01100 
0.92872 0.01200 
1.00049 0.01300 
1.07145 0.01400 
1.14160 0.01500 
1.21095 0.01600 
1.27951 0.01700 
1.34728 0.01800 
1.41429 0.01900 
1.48053 0.02000 
1.54601 0.02100 
1.61075 0.02200 
1.67475 0.02300 
1.73802 0.02400 
1.80057 0.02500 
1.86241 0.02600 
1.92354 0.02700 
1.98397 0.02800 
2.04372 0.02900 
2.10278 0.03000 
2.16117 0.03100 
2.21890 0.03200 
2.27596 0.03300 
2.33238 0.03400 
2.38815 0.03500 
2.44329 0.03600 
2.49780 0.03700 
2.55168 0.03800 
2.60496 0.03900 
2.65762 0.04000 
2.70968 0.04100 
2.76115 0.04200 
2.81204 0.04300 
2.86234 0.04400 
2.91207 0.04500 
2.96123 0.04600 
3.00984 0.04700 
3.05788 0.04800 
3.10538 0.04900 
3.15234 0.05000 
3.19877 0.05100 
3.24466 0.05200 
3.29003 0.05300 
3.33488 0.05400 
3.37922 0.05500 
3.42306 0.05600 
3.46640 0.05700 
3.50924 0.05800 
3.55159 0.05900 
3.59346 0.06000 
3.63486 0.06100 
3.67578 0.06200 
3.71623 0.06300 
3.75622 0.06400 
3.79576 0.06500 
3.83485 0.06600 
3.87349 0.06700 
3.91169 0.06800 
3.94945 0.06900 
3.98679 0.07000 
4.02370 0.07100 
4.06018 0.07200 
4.09625 0.07300 
4.13191 0.07400 
4.16717 0.07500 
4.20202 0.07600 
4.23647 0.07700 
4.27053 0.07800 
4.30421 0.07900 
4.33750 0.08000 
4.37041 0.08100 
4.40294 0.08200 
4.43510 0.08300 
4.46690 0.08400 
4.49833 0.08500 
4.52941 0.08600 
4.56013 0.08700 
4.59050 0.08800 
4.62052 0.08900 
4.65021 0.09000 
4.67955 0.09100 
4.70856 0.09200 
4.73724 0.09300 
4.76559 0.09400 
4.79362 0.09500 
4.82133 0.09600 
4.84872 0.09700 
4.87580 0.09800 
4.90257 0.09900 
4.92904 0.10000 
4.95520 0.10100 
4.98107 0.10200 
5.00664 0.10300 
5.03192 0.10400 
5.05691 0.10500 
5.08162 0.10600 
5.10604 0.10700 
5.13019 0.10800 
5.15406 0.10900 
5.17766 0.11000 
5.20099 0.11100 
5.22405 0.11200 
5.24685 0.11300 
5.26939 0.11400 
5.29168 0.11500 
5.31371 0.11600 
5.33548 0.11700 
5.35702 0.11800 
5.37830 0.11900 
5.39934 0.12000 
5.42015 0.12100 
5.44071 0.12200 
5.46104 0.12300 
5.48114 0.12400 
5.50101 0.12500 
5.52065 0.12600 
5.54007 0.12700 
5.55927 0.12800 
5.57825 0.12900 
5.59701 0.13000 
5.61556 0.13100 
5.63390 0.13200 
5.65203 0.13300 
5.66995 0.13400 
5.68767 0.13500 
5.70518 0.13600 
5.72250 0.13700 
5.73962 0.13800 
5.75654 0.13900 
5.77327 0.14000 
5.78981 0.14100 
5.80616 0.14200 
5.82233 0.14300 
5.83831 0.14400 
5.85410 0.14500 
5.86972 0.14600 
5.88516 0.14700 
5.90043 0.14800 
5.91552 0.14900 
5.93043 0.15000 
5.94518 0.15100 
5.95976 0.15200 
5.97418 0.15300 
5.98843 0.15400 
6.00251 0.15500 
6.01644 0.15600 
6.03021 0.15700 
6.04382 0.15800 
6.05727 0.15900 
6.07057 0.16000 
6.08372 0.16100 
6.09672 0.16200 
6.10958 0.16300 
6.12228 0.16400 
6.13484 0.16500 
6.14726 0.16600 
6.15954 0.16700 
6.17167 0.16800 
6.18367 0.16900 
6.19553 0.17000 
6.20726 0.17100 
6.21885 0.17200 
6.23031 0.17300 
6.24164 0.17400 
6.25284 0.17500 
6.26391 0.17600 
6.27486 0.17700 
6.28568 0.17800 
6.29638 0.17900 
6.30695 0.18000 
6.31741 0.18100 
6.32774 0.18200 
6.33796 0.18300 
6.34806 0.18400 
6.35805 0.18500 
6.36792 0.18600 
6.37768 0.18700 
6.38733 0.18800 
6.39687 0.18900 
6.40630 0.19000 
6.41563 0.19100 
6.42484 0.19200 
6.43395 0.19300 
6.44296 0.19400 
6.45187 0.19500 
6.46067 0.19600 
6.46937 0.19700 
6.47798 0.19800 
6.48648 0.19900 
6.49489 0.20000 
6.50320 0.20100 
6.51142 0.20200 
6.51954 0.20300 
6.52756 0.20400 
6.53550 0.20500 
6.54334 0.20600 
6.55110 0.20700 
6.55876 0.20800 
6.56634 0.20900 
6.57384 0.21000 
6.58124 0.21100 
6.58857 0.21200 
6.59581 0.21300 
6.60297 0.21400 
6.61004 0.21500 
6.61704 0.21600 
6.62395 0.21700 
6.63079 0.21800 
6.63755 0.21900 
6.64423 0.22000 
6.65084 0.22100 
6.65737 0.22200 
6.66383 0.22300 
6.67021 0.22400 
6.67652 0.22500 
6.68276 0.22600 
6.68893 0.22700 
6.69503 0.22800 
6.70106 0.22900 
6.70702 0.23000 
6.71291 0.23100 
6.71873 0.23200 
6.72449 0.23300 
6.73018 0.23400 
6.73581 0.23500 
6.74138 0.23600 
6.74688 0.23700 
6.75232 0.23800 
6.75769 0.23900 
6.76301 0.24000 
6.76826 0.24100 
6.77346 0.24200 
6.77859 0.24300 
6.78367 0.24400 
6.78869 0.24500 
6.79365 0.24600 
6.79856 0.24700 
6.80341 0.24800 
6.80820 0.24900 
6.81294 0.25000 
6.81763 0.25100 
6.82226 0.25200 
6.82684 0.25300 
6.83137 0.25400 
6.83584 0.25500 
6.84027 0.25600 
6.84464 0.25700 
6.84897 0.25800 
6.85324 0.25900 
6.85747 0.26000 
6.86165 0.26100 
6.86578 0.26200 
6.86986 0.26300 
6.87390 0.26400 
6.87789 0.26500 
6.88184 0.26600 
6.88574 0.26700 
6.88960 0.26800 
6.89341 0.26900 
6.89718 0.27000 
6.90091 0.27100 
6.90459 0.27200 
6.90824 0.27300 
6.91184 0.27400 
6.91540 0.27500 
6.91892 0.27600 
6.92240 0.27700 
6.92583 0.27800 
6.92924 0.27900 
6.93260 0.28000 
6.93592 0.28100 
6.93921 0.28200 
6.94245 0.28300 
6.94567 0.28400 
6.94884 0.28500 
6.95198 0.28600 
6.95508 0.28700 
6.95815 0.28800 
6.96118 0.28900 
6.96418 0.29000 
6.96714 0.29100 
6.97007 0.29200 
6.97297 0.29300 
6.97584 0.29400 
6.97867 0.29500 
6.98147 0.29600 
6.98423 0.29700 
6.98697 0.29800 
6.98967 0.29900 
6.99235 0.30000 
6.99499 0.30100 
6.99761 0.30200 
7.00019 0.30300 
7.00275 0.30400 
7.00527 0.30500 
7.00777 0.30600 
7.01024 0.30700 
7.01268 0.30800 
7.01509 0.30900 
7.01747 0.31000 
7.01983 0.31100 
7.02216 0.31200 
7.02447 0.31300 
7.02674 0.31400 
7.02900 0.31500 
7.03122 0.31600 
7.03342 0.31700 
7.03560 0.31800 
7.03775 0.31900 
7.03988 0.32000 
7.04198 0.32100 
7.04406 0.32200 
7.04611 0.32300 
7.04814 0.32400 
7.05015 0.32500 
7.05213 0.32600 
7.05410 0.32700 
7.05604 0.32800 
7.05795 0.32900 
7.05985 0.33000 
7.06172 0.33100 
7.06358 0.33200 
7.06541 0.33300 
7.06722 0.33400 
7.06901 0.33500 
7.07078 0.33600 
7.07253 0.33700 
7.07426 0.33800 
7.07597 0.33900 
7.07766 0.34000 
7.07933 0.34100 
7.08098 0.34200 
7.08262 0.34300 
7.08423 0.34400 
7.08583 0.34500 
7.08741 0.34600 
7.08897 0.34700 
7.09051 0.34800 
7.09203 0.34900 
7.09354 0.35000 
7.09503 0.35100 
7.09651 0.35200 
7.09796 0.35300 
7.09940 0.35400 
7.10083 0.35500 
7.10223 0.35600 
7.10362 0.35700 
7.10500 0.35800 
7.10636 0.35900 
7.10770 0.36000 
7.10903 0.36100 
7.11035 0.36200 
7.11165 0.36300 
7.11293 0.36400 
7.11420 0.36500 
7.11546 0.36600 
7.11670 0.36700 
7.11792 0.36800 
7.11914 0.36900 
7.12034 0.37000 
7.12152 0.37100 
7.12269 0.37200 
7.12385 0.37300 
7.12500 0.37400 
7.12613 0.37500 
7.12725 0.37600 
7.12836 0.37700 
7.12945 0.37800 
7.13053 0.37900 
7.13160 0.38000 
7.13266 0.38100 
7.13370 0.38200 
7.13474 0.38300 
7.13576 0.38400 
7.13677 0.38500 
7.13777 0.38600 
7.13875 0.38700 
7.13973 0.38800 
7.14070 0.38900 
7.14165 0.39000 
7.14259 0.39100 
7.14352 0.39200 
7.14444 0.39300 
7.14536 0.39400 
7.14626 0.39500 
7.14715 0.39600 
7.14803 0.39700 
7.14890 0.39800 
7.14976 0.39900 
7.15061 0.40000 
7.15145 0.40100 
7.15228 0.40200 
7.15310 0.40300 
7.15391 0.40400 
7.15472 0.40500 
7.15551 0.40600 
7.15629 0.40700 
7.15707 0.40800 
7.15784 0.40900 
7.15860 0.41000 
7.15935 0.41100 
7.16009 0.41200 
7.16082 0.41300 
7.16154 0.41400 
7.16226 0.41500 
7.16297 0.41600 
7.16367 0.41700 
7.16436 0.41800 
7.16504 0.41900 
7.16572 0.42000 
7.16639 0.42100 
7.16705 0.42200 
7.16770 0.42300 
7.16835 0.42400 
7.16899 0.42500 
7.16962 0.42600 
7.17024 0.42700 
7.17086 0.42800 
7.17147 0.42900 
7.17207 0.43000 
7.17267 0.43100 
7.17326 0.43200 
7.17384 0.43300 
7.17442 0.43400 
7.17499 0.43500 
7.17555 0.43600 
7.17610 0.43700 
7.17665 0.43800 
7.17720 0.43900 
7.17774 0.44000 
7.17827 0.44100 
7.17879 0.44200 
7.17931 0.44300 
7.17983 0.44400 
7.18033 0.44500 
7.18084 0.44600 
7.18133 0.44700 
7.18182 0.44800 
7.18231 0.44900 
7.18279 0.45000 
7.18326 0.45100 
7.18373 0.45200 
7.18419 0.45300 
7.18465 0.45400 
7.18510 0.45500 
7.18555 0.45600 
7.18599 0.45700 
7.18643 0.45800 
7.18686 0.45900 
7.18729 0.46000 
7.18771 0.46100 
7.18813 0.46200 
7.18854 0.46300 
7.18895 0.46400 
7.18936 0.46500 
7.18976 0.46600 
7.19015 0.46700 
7.19054 0.46800 
7.19093 0.46900 
7.19131 0.47000 
7.19168 0.47100 
7.19206 0.47200 
7.19243 0.47300 
7.19279 0.47400 
7.19315 0.47500 
7.19351 0.47600 
7.19386 0.47700 
7.19420 0.47800 
7.19455 0.47900 
7.19489 0.48000 
7.19522 0.48100 
7.19556 0.48200 
7.19589 0.48300 
7.19621 0.48400 
7.19653 0.48500 
7.19685 0.48600 
7.19716 0.48700 
7.19747 0.48800 
7.19778 0.48900 
7.19808 0.49000 
7.19838 0.49100 
7.19868 0.49200 
7.19897 0.49300 
7.19926 0.49400 
7.19955 0.49500 
7.19983 0.49600 
7.20011 0.49700 
7.20039 0.49800 
7.20066 0.49900 
7.20093 0.50000 
7.20120 0.50100 
7.20146 0.50200 
7.20172 0.50300 
7.20198 0.50400 
7.20224 0.50500 
7.20249 0.50600 
7.20274 0.50700 
7.20299 0.50800 
7.20323 0.50900 
7.20347 0.51000 
7.20371 0.51100 
7.20395 0.51200 
7.20418 0.51300 
7.20441 0.51400 
7.20464 0.51500 
7.20487 0.51600 
7.20509 0.51700 
7.20531 0.51800 
7.20553 0.51900 
7.20574 0.52000 
7.20595 0.52100 
7.20617 0.52200 
7.20637 0.52300 
7.20658 0.52400 
7.20678 0.52500 
7.20698 0.52600 
7.20718 0.52700 
7.20738 0.52800 
7.20757 0.52900 
7.20777 0.53000 
7.20796 0.53100 
7.20814 0.53200 
7.20833 0.53300 
7.20851 0.53400 
7.20869 0.53500 
7.20887 0.53600 
7.20905 0.53700 
7.20923 0.53800 
7.20940 0.53900 
7.20957 0.54000 
7.20974 0.54100 
7.20991 0.54200 
7.21007 0.54300 
7.21024 0.54400 
7.21040 0.54500 
7.21056 0.54600 
7.21072 0.54700 
7.21087 0.54800 
7.21103 0.54900 
7.21118 0.55000 
7.21133 0.55100 
7.21148 0.55200 
7.21163 0.55300 
7.21178 0.55400 
7.21192 0.55500 
7.21206 0.55600 
7.21221 0.55700 
7.21235 0.55800 
7.21248 0.55900 
7.21262 0.56000 
7.21275 0.56100 
7.21289 0.56200 
7.21302 0.56300 
7.21315 0.56400 
7.21328 0.56500 
7.21341 0.56600 
7.21353 0.56700 
7.21366 0.56800 
7.21378 0.56900 
7.21390 0.57000 
7.21402 0.57100 
7.21414 0.57200 
7.21426 0.57300 
7.21438 0.57400 
7.21449 0.57500 
7.21460 0.57600 
7.21472 0.57700 
7.21483 0.57800 
7.21494 0.57900 
7.21505 0.58000 
7.21515 0.58100 
7.21526 0.58200 
7.21537 0.58300 
7.21547 0.58400 
7.21557 0.58500 
7.21567 0.58600 
7.21577 0.58700 
7.21587 0.58800 
7.21597 0.58900 
7.21607 0.59000 
7.21616 0.59100 
7.21626 0.59200 
7.21635 0.59300 
7.21645 0.59400 
7.21654 0.59500 
7.21663 0.59600 
7.21672 0.59700 
7.21681 0.59800 
7.21689 0.59900 
7.21698 0.60000 
7.21706 0.60100 
7.21715 0.60200 
7.21723 0.60300 
7.21732 0.60400 
7.21740 0.60500 
7.21748 0.60600 
7.21756 0.60700 
7.21764 0.60800 
7.21772 0.60900 
7.21779 0.61000 
7.21787 0.61100 
7.21794 0.61200 
7.21802 0.61300 
7.21809 0.61400 
7.21817 0.61500 
7.21824 0.61600 
7.21831 0.61700 
7.21838 0.61800 
7.21845 0.61900 
7.21852 0.62000 
7.21859 0.62100 
7.21865 0.62200 
7.21872 0.62300 
7.21879 0.62400 
7.21885 0.62500 
7.21891 0.62600 
7.21898 0.62700 
7.21904 0.62800 
7.21910 0.62900 
7.21916 0.63000 
7.21923 0.63100 
7.21929 0.63200 
7.21934 0.63300 
7.21940 0.63400 
7.21946 0.63500 
7.21952 0.63600 
7.21958 0.63700 
7.21963 0.63800 
7.21969 0.63900 
7.21974 0.64000 
7.21980 0.64100 
7.21985 0.64200 
7.21990 0.64300 
7.21996 0.64400 
7.22001 0.64500 
7.22006 0.64600 
7.22011 0.64700 
7.22016 0.64800 
7.22021 0.64900 
7.22026 0.65000 
7.22031 0.65100 
7.22035 0.65200 
7.22040 0.65300 
7.22045 0.65400 
7.22049 0.65500 
7.22054 0.65600 
7.22058 0.65700 
7.22063 0.65800 
7.22067 0.65900 
7.22072 0.66000 
7.22076 0.66100 
7.22080 0.66200 
7.22085 0.66300 
7.22089 0.66400 
7.22093 0.66500 
7.22097 0.66600 
7.22101 0.66700 
7.22105 0.66800 
7.22109 0.66900 
7.22113 0.67000 
7.22117 0.67100 
7.22120 0.67200 
7.22124 0.67300 
7.22128 0.67400 
7.22132 0.67500 
7.22135 0.67600 
7.22139 0.67700 
7.22142 0.67800 
7.22146 0.67900 
7.22149 0.68000 
7.22153 0.68100 
7.22156 0.68200 
7.22160 0.68300 
7.22163 0.68400 
7.22166 0.68500 
7.22169 0.68600 
7.22173 0.68700 
7.22176 0.68800 
7.22179 0.68900 
7.22182 0.69000 
7.22185 0.69100 
7.22188 0.69200 
7.22191 0.69300 
7.22194 0.69400 
7.22197 0.69500 
7.22200 0.69600 
7.22203 0.69700 
7.22206 0.69800 
7.22208 0.69900 
7.22211 0.70000 
7.22214 0.70100 
7.22217 0.70200 
7.22219 0.70300 
7.22222 0.70400 
7.22224 0.70500 
7.22227 0.70600 
7.22230 0.70700 
7.22232 0.70800 
7.22235 0.70900 
7.22237 0.71000 
7.22240 0.71100 
7.22242 0.71200 
7.22244 0.71300 
7.22247 0.71400 
7.22249 0.71500 
7.22251 0.71600 
7.22254 0.71700 
7.22256 0.71800 
7.22258 0.71900 
7.22260 0.72000 
7.22262 0.72100 
7.22265 0.72200 
7.22267 0.72300 
7.22269 0.72400 
7.22271 0.72500 
7.22273 0.72600 
7.22275 0.72700 
7.22277 0.72800 
7.22279 0.72900 
7.22281 0.73000 
7.22283 0.73100 
7.22285 0.73200 
7.22287 0.73300 
7.22289 0.73400 
7.22290 0.73500 
7.22292 0.73600 
7.22294 0.73700 
7.22296 0.73800 
7.22298 0.73900 
7.22299 0.74000 
7.22301 0.74100 
7.22303 0.74200 
7.22305 0.74300 
7.22306 0.74400 
7.22308 0.74500 
7.22310 0.74600 
7.22311 0.74700 
7.22313 0.74800 
7.22314 0.74900 
7.22316 0.75000 
7.22317 0.75100 
7.22319 0.75200 
7.22321 0.75300 
7.22322 0.75400 
7.22323 0.75500 
7.22325 0.75600 
7.22326 0.75700 
7.22328 0.75800 
7.22329 0.75900 
7.22331 0.76000 
7.22332 0.76100 
7.22333 0.76200 
7.22335 0.76300 
7.22336 0.76400 
7.22337 0.76500 
7.22339 0.76600 
7.22340 0.76700 
7.22341 0.76800 
7.22342 0.76900 
7.22344 0.77000 
7.22345 0.77100 
7.22346 0.77200 
7.22347 0.77300 
7.22349 0.77400 
7.22350 0.77500 
7.22351 0.77600 
7.22352 0.77700 
7.22353 0.77800 
7.22354 0.77900 
7.22355 0.78000 
7.22357 0.78100 
7.22358 0.78200 
7.22359 0.78300 
7.22360 0.78400 
7.22361 0.78500 
7.22362 0.78600 
7.22363 0.78700 
7.22364 0.78800 
7.22365 0.78900 
7.22366 0.79000 
7.22367 0.79100 
7.22368 0.79200 
7.22369 0.79300 
7.22370 0.79400 
7.22371 0.79500 
7.22372 0.79600 
7.22373 0.79700 
7.22373 0.79800 
7.22374 0.79900 
7.22375 0.80000 
7.22376 0.80100 
7.22377 0.80200 
7.22378 0.80300 
7.22379 0.80400 
7.22379 0.80500 
7.22380 0.80600 
7.22381 0.80700 
7.22382 0.80800 
7.22383 0.80900 
7.22384 0.81000 
7.22384 0.81100 
7.22385 0.81200 
7.22386 0.81300 
7.22387 0.81400 
7.22387 0.81500 
7.22388 0.81600 
7.22389 0.81700 
7.22390 0.81800 
7.22390 0.81900 
7.22391 0.82000 
7.22392 0.82100 
7.22392 0.82200 
7.22393 0.82300 
7.22394 0.82400 
7.22394 0.82500 
7.22395 0.82600 
7.22396 0.82700 
7.22396 0.82800 
7.22397 0.82900 
7.22398 0.83000 
7.22398 0.83100 
7.22399 0.83200 
7.22399 0.83300 
7.22400 0.83400 
7.22401 0.83500 
7.22401 0.83600 
7.22402 0.83700 
7.22402 0.83800 
7.22403 0.83900 
7.22403 0.84000 
7.22404 0.84100 
7.22405 0.84200 
7.22405 0.84300 
7.22406 0.84400 
7.22406 0.84500 
7.22407 0.84600 
7.22407 0.84700 
7.22408 0.84800 
7.22408 0.84900 
7.22409 0.85000 
7.22409 0.85100 
7.22410 0.85200 
7.22410 0.85300 
7.22411 0.85400 
7.22411 0.85500 
7.22412 0.85600 
7.22412 0.85700 
7.22413 0.85800 
7.22413 0.85900 
7.22413 0.86000 
7.22414 0.86100 
7.22414 0.86200 
7.22415 0.86300 
7.22415 0.86400 
7.22416 0.86500 
7.22416 0.86600 
7.22416 0.86700 
7.22417 0.86800 
7.22417 0.86900 
7.22418 0.87000 
7.22418 0.87100 
7.22418 0.87200 
7.22419 0.87300 
7.22419 0.87400 
7.22420 0.87500 
7.22420 0.87600 
7.22420 0.87700 
7.22421 0.87800 
7.22421 0.87900 
7.22421 0.88000 
7.22422 0.88100 
7.22422 0.88200 
7.22422 0.88300 
7.22423 0.88400 
7.22423 0.88500 
7.22423 0.88600 
7.22424 0.88700 
7.22424 0.88800 
7.22424 0.88900 
7.22425 0.89000 
7.22425 0.89100 
7.22425 0.89200 
7.22426 0.89300 
7.22426 0.89400 
7.22426 0.89500 
7.22427 0.89600 
7.22427 0.89700 
7.22427 0.89800 
7.22427 0.89900 
7.22428 0.90000 
7.22428 0.90100 
7.22428 0.90200 
7.22429 0.90300 
7.22429 0.90400 
7.22429 0.90500 
7.22429 0.90600 
7.22430 0.90700 
7.22430 0.90800 
7.22430 0.90900 
7.22430 0.91000 
7.22431 0.91100 
7.22431 0.91200 
7.22431 0.91300 
7.22431 0.91400 
7.22432 0.91500 
7.22432 0.91600 
7.22432 0.91700 
7.22432 0.91800 
7.22432 0.91900 
7.22433 0.92000 
7.22433 0.92100 
7.22433 0.92200 
7.22433 0.92300 
7.22434 0.92400 
7.22434 0.92500 
7.22434 0.92600 
7.22434 0.92700 
7.22434 0.92800 
7.22435 0.92900 
7.22435 0.93000 
7.22435 0.93100 
7.22435 0.93200 
7.22435 0.93300 
7.22436 0.93400 
7.22436 0.93500 
7.22436 0.93600 
7.22436 0.93700 
7.22436 0.93800 
7.22437 0.93900 
7.22437 0.94000 
7.22437 0.94100 
7.22437 0.94200 
7.22437 0.94300 
7.22437 0.94400 
7.22438 0.94500 
7.22438 0.94600 
7.22438 0.94700 
7.22438 0.94800 
7.22438 0.94900 
7.22438 0.95000 
7.22439 0.95100 
7.22439 0.95200 
7.22439 0.95300 
7.22439 0.95400 
7.22439 0.95500 
7.22439 0.95600 
7.22439 0.95700 
7.22440 0.95800 
7.22440 0.95900 
7.22440 0.96000 
7.22440 0.96100 
7.22440 0.96200 
7.22440 0.96300 
7.22440 0.96400 
7.22441 0.96500 
7.22441 0.96600 
7.22441 0.96700 
7.22441 0.96800 
7.22441 0.96900 
7.22441 0.97000 
7.22441 0.97100 
7.22441 0.97200 
7.22442 0.97300 
7.22442 0.97400 
7.22442 0.97500 
7.22442 0.97600 
7.22442 0.97700 
7.22442 0.97800 
7.22442 0.97900 
7.22442 0.98000 
7.22443 0.98100 
7.22443 0.98200 
7.22443 0.98300 
7.22443 0.98400 
7.22443 0.98500 
7.22443 0.98600 
7.22443 0.98700 
7.22443 0.98800 
7.22443 0.98900 
7.22444 0.99000 
7.22444 0.99100 
7.22444 0.99200 
7.22444 0.99300 
7.22444 0.99400 
7.22444 0.99500 
7.22444 0.99600 
7.22444 0.99700 
7.22444 0.99800 
7.22444 0.99900 
