0.00000 0.00000 
-0.00008 0.00100 
-0.00030 0.00200 
-0.00068 0.00300 
-0.00120 0.00400 
-0.00187 0.00500 
-0.00268 0.00600 
-0.00363 0.00700 
-0.00472 0.00800 
-0.00595 0.00900 
-0.00732 0.01000 
-0.00883 0.01100 
-0.01046 0.01200 
-0.01224 0.01300 
-0.01414 0.01400 
-0.01617 0.01500 
-0.01833 0.01600 
-0.02061 0.01700 
-0.02303 0.01800 
-0.02556 0.01900 
-0.02822 0.02000 
-0.03099 0.02100 
-0.03389 0.02200 
-0.03691 0.02300 
-0.04004 0.02400 
-0.04329 0.02500 
-0.04665 0.02600 
-0.05013 0.02700 
-0.05371 0.02800 
-0.05741 0.02900 
-0.06121 0.03000 
-0.06513 0.03100 
-0.06915 0.03200 
-0.07327 0.03300 
-0.07750 0.03400 
-0.08183 0.03500 
-0.08627 0.03600 
-0.09080 0.03700 
-0.09544 0.03800 
-0.10017 0.03900 
-0.10500 0.04000 
-0.10993 0.04100 
-0.11495 0.04200 
-0.12006 0.04300 
-0.12527 0.04400 
-0.13057 0.04500 
-0.13596 0.04600 
-0.14144 0.04700 
-0.14701 0.04800 
-0.15266 0.04900 
-0.15841 0.05000 
-0.16424 0.05100 
-0.17015 0.05200 
-0.17615 0.05300 
-0.18223 0.05400 
-0.18839 0.05500 
-0.19463 0.05600 
-0.20095 0.05700 
-0.20736 0.05800 
-0.21384 0.05900 
-0.22039 0.06000 
-0.22703 0.06100 
-0.23374 0.06200 
-0.24052 0.06300 
-0.24738 0.06400 
-0.25431 0.06500 
-0.26131 0.06600 
-0.26839 0.06700 
-0.27553 0.06800 
-0.28274 0.06900 
-0.29003 0.07000 
-0.29738 0.07100 
-0.30480 0.07200 
-0.31228 0.07300 
-0.31983 0.07400 
-0.32745 0.07500 
-0.33513 0.07600 
-0.34288 0.07700 
-0.35068 0.07800 
-0.35855 0.07900 
-0.36648 0.08000 
-0.37448 0.08100 
-0.38253 0.08200 
-0.39064 0.08300 
-0.39881 0.08400 
-0.40704 0.08500 
-0.41532 0.08600 
-0.42366 0.08700 
-0.43206 0.08800 
-0.44051 0.08900 
-0.44902 0.09000 
-0.45758 0.09100 
-0.46620 0.09200 
-0.47487 0.09300 
-0.48359 0.09400 
-0.49236 0.09500 
-0.50119 0.09600 
-0.51006 0.09700 
-0.51898 0.09800 
-0.52796 0.09900 
-0.53698 0.10000 
-0.54605 0.10100 
-0.55517 0.10200 
-0.56434 0.10300 
-0.57355 0.10400 
-0.58281 0.10500 
-0.59211 0.10600 
-0.60146 0.10700 
-0.61086 0.10800 
-0.62029 0.10900 
-0.62978 0.11000 
-0.63930 0.11100 
-0.64887 0.11200 
-0.65848 0.11300 
-0.66813 0.11400 
-0.67782 0.11500 
-0.68755 0.11600 
-0.69733 0.11700 
-0.70714 0.11800 
-0.71699 0.11900 
-0.72688 0.12000 
-0.73681 0.12100 
-0.74678 0.12200 
-0.75678 0.12300 
-0.76683 0.12400 
-0.77690 0.12500 
-0.78702 0.12600 
-0.79717 0.12700 
-0.80736 0.12800 
-0.81758 0.12900 
-0.82783 0.13000 
-0.83812 0.13100 
-0.84845 0.13200 
-0.85880 0.13300 
-0.86919 0.13400 
-0.87962 0.13500 
-0.89007 0.13600 
-0.90056 0.13700 
-0.91108 0.13800 
-0.92163 0.13900 
-0.93221 0.14000 
-0.94282 0.14100 
-0.95346 0.14200 
-0.96413 0.14300 
-0.97484 0.14400 
-0.98557 0.14500 
-0.99633 0.14600 
-1.00711 0.14700 
-1.01793 0.14800 
-1.02877 0.14900 
-1.03964 0.15000 
-1.05054 0.15100 
-1.06147 0.15200 
-1.07242 0.15300 
-1.08340 0.15400 
-1.09440 0.15500 
-1.10543 0.15600 
-1.11649 0.15700 
-1.12757 0.15800 
-1.13867 0.15900 
-1.14980 0.16000 
-1.16096 0.16100 
-1.17213 0.16200 
-1.18333 0.16300 
-1.19456 0.16400 
-1.20581 0.16500 
-1.21708 0.16600 
-1.22837 0.16700 
-1.23969 0.16800 
-1.25103 0.16900 
-1.26239 0.17000 
-1.27377 0.17100 
-1.28517 0.17200 
-1.29660 0.17300 
-1.30804 0.17400 
-1.31951 0.17500 
-1.33100 0.17600 
-1.34250 0.17700 
-1.35403 0.17800 
-1.36558 0.17900 
-1.37714 0.18000 
-1.38873 0.18100 
-1.40033 0.18200 
-1.41196 0.18300 
-1.42360 0.18400 
-1.43526 0.18500 
-1.44694 0.18600 
-1.45863 0.18700 
-1.47035 0.18800 
-1.48208 0.18900 
-1.49383 0.19000 
-1.50560 0.19100 
-1.51738 0.19200 
-1.52918 0.19300 
-1.54100 0.19400 
-1.55283 0.19500 
-1.56468 0.19600 
-1.57655 0.19700 
-1.58843 0.19800 
-1.60032 0.19900 
-1.61224 0.20000 
-1.62417 0.20100 
-1.63611 0.20200 
-1.64807 0.20300 
-1.66004 0.20400 
-1.67203 0.20500 
-1.68403 0.20600 
-1.69605 0.20700 
-1.70808 0.20800 
-1.72012 0.20900 
-1.73218 0.21000 
-1.74426 0.21100 
-1.75634 0.21200 
-1.76844 0.21300 
-1.78056 0.21400 
-1.79268 0.21500 
-1.80482 0.21600 
-1.81697 0.21700 
-1.82914 0.21800 
-1.84131 0.21900 
-1.85350 0.22000 
-1.86571 0.22100 
-1.87792 0.22200 
-1.89014 0.22300 
-1.90238 0.22400 
-1.91463 0.22500 
-1.92689 0.22600 
-1.93916 0.22700 
-1.95144 0.22800 
-1.96374 0.22900 
-1.97604 0.23000 
-1.98836 0.23100 
-2.00069 0.23200 
-2.01302 0.23300 
-2.02537 0.23400 
-2.03773 0.23500 
-2.05010 0.23600 
-2.06247 0.23700 
-2.07486 0.23800 
-2.08726 0.23900 
-2.09967 0.24000 
-2.11209 0.24100 
-2.12451 0.24200 
-2.13695 0.24300 
-2.14940 0.24400 
-2.16185 0.24500 
-2.17432 0.24600 
-2.18679 0.24700 
-2.19927 0.24800 
-2.21177 0.24900 
-2.22427 0.25000 
-2.23677 0.25100 
-2.24929 0.25200 
-2.26182 0.25300 
-2.27435 0.25400 
-2.28689 0.25500 
-2.29944 0.25600 
-2.31200 0.25700 
-2.32457 0.25800 
-2.33714 0.25900 
-2.34973 0.26000 
-2.36232 0.26100 
-2.37491 0.26200 
-2.38752 0.26300 
-2.40013 0.26400 
-2.41275 0.26500 
-2.42538 0.26600 
-2.43801 0.26700 
-2.45065 0.26800 
-2.46330 0.26900 
-2.47596 0.27000 
-2.48862 0.27100 
-2.50129 0.27200 
-2.51396 0.27300 
-2.52665 0.27400 
-2.53934 0.27500 
-2.55203 0.27600 
-2.56473 0.27700 
-2.57744 0.27800 
-2.59016 0.27900 
-2.60288 0.28000 
-2.61560 0.28100 
-2.62834 0.28200 
-2.64107 0.28300 
-2.65382 0.28400 
-2.66657 0.28500 
-2.67933 0.28600 
-2.69209 0.28700 
-2.70486 0.28800 
-2.71763 0.28900 
-2.73041 0.29000 
-2.74319 0.29100 
-2.75598 0.29200 
-2.76878 0.29300 
-2.78158 0.29400 
-2.79438 0.29500 
-2.80719 0.29600 
-2.82001 0.29700 
-2.83283 0.29800 
-2.84566 0.29900 
-2.85849 0.30000 
-2.87132 0.30100 
-2.88416 0.30200 
-2.89701 0.30300 
-2.90986 0.30400 
-2.92271 0.30500 
-2.93557 0.30600 
-2.94844 0.30700 
-2.96130 0.30800 
-2.97418 0.30900 
-2.98705 0.31000 
-2.99993 0.31100 
-3.01282 0.31200 
-3.02571 0.31300 
-3.03860 0.31400 
-3.05150 0.31500 
-3.06441 0.31600 
-3.07731 0.31700 
-3.09022 0.31800 
-3.10314 0.31900 
-3.11605 0.32000 
-3.12898 0.32100 
-3.14190 0.32200 
-3.15483 0.32300 
-3.16777 0.32400 
-3.18070 0.32500 
-3.19364 0.32600 
-3.20659 0.32700 
-3.21954 0.32800 
-3.23249 0.32900 
-3.24544 0.33000 
-3.25840 0.33100 
-3.27137 0.33200 
-3.28433 0.33300 
-3.29730 0.33400 
-3.31027 0.33500 
-3.32325 0.33600 
-3.33623 0.33700 
-3.34921 0.33800 
-3.36219 0.33900 
-3.37518 0.34000 
-3.38817 0.34100 
-3.40117 0.34200 
-3.41416 0.34300 
-3.42716 0.34400 
-3.44017 0.34500 
-3.45317 0.34600 
-3.46618 0.34700 
-3.47919 0.34800 
-3.49221 0.34900 
-3.50523 0.35000 
-3.51825 0.35100 
-3.53127 0.35200 
-3.54429 0.35300 
-3.55732 0.35400 
-3.57035 0.35500 
-3.58339 0.35600 
-3.59642 0.35700 
-3.60946 0.35800 
-3.62250 0.35900 
-3.63555 0.36000 
-3.64859 0.36100 
-3.66164 0.36200 
-3.67469 0.36300 
-3.68774 0.36400 
-3.70080 0.36500 
-3.71386 0.36600 
-3.72692 0.36700 
-3.73998 0.36800 
-3.75304 0.36900 
-3.76611 0.37000 
-3.77918 0.37100 
-3.79225 0.37200 
-3.80532 0.37300 
-3.81840 0.37400 
-3.83148 0.37500 
-3.84456 0.37600 
-3.85764 0.37700 
-3.87072 0.37800 
-3.88381 0.37900 
-3.89689 0.38000 
-3.90998 0.38100 
-3.92307 0.38200 
-3.93617 0.38300 
-3.94926 0.38400 
-3.96236 0.38500 
-3.97546 0.38600 
-3.98856 0.38700 
-4.00166 0.38800 
-4.01477 0.38900 
-4.02787 0.39000 
-4.04098 0.39100 
-4.05409 0.39200 
-4.06720 0.39300 
-4.08031 0.39400 
-4.09343 0.39500 
-4.10654 0.39600 
-4.11966 0.39700 
-4.13278 0.39800 
-4.14590 0.39900 
-4.15903 0.40000 
-4.17215 0.40100 
-4.18527 0.40200 
-4.19840 0.40300 
-4.21153 0.40400 
-4.22466 0.40500 
-4.23779 0.40600 
-4.25093 0.40700 
-4.26406 0.40800 
-4.27720 0.40900 
-4.29033 0.41000 
-4.30347 0.41100 
-4.31661 0.41200 
-4.32975 0.41300 
-4.34290 0.41400 
-4.35604 0.41500 
-4.36919 0.41600 
-4.38233 0.41700 
-4.39548 0.41800 
-4.40863 0.41900 
-4.42178 0.42000 
-4.43493 0.42100 
-4.44808 0.42200 
-4.46124 0.42300 
-4.47439 0.42400 
-4.48755 0.42500 
-4.50071 0.42600 
-4.51387 0.42700 
-4.52703 0.42800 
-4.54019 0.42900 
-4.55335 0.43000 
-4.56651 0.43100 
-4.57968 0.43200 
-4.59284 0.43300 
-4.60601 0.43400 
-4.61918 0.43500 
-4.63234 0.43600 
-4.64551 0.43700 
-4.65869 0.43800 
-4.67186 0.43900 
-4.68503 0.44000 
-4.69820 0.44100 
-4.71138 0.44200 
-4.72455 0.44300 
-4.73773 0.44400 
-4.75091 0.44500 
-4.76409 0.44600 
-4.77726 0.44700 
-4.79044 0.44800 
-4.80363 0.44900 
-4.81681 0.45000 
-4.82999 0.45100 
-4.84317 0.45200 
-4.85636 0.45300 
-4.86954 0.45400 
-4.88273 0.45500 
-4.89592 0.45600 
-4.90910 0.45700 
-4.92229 0.45800 
-4.93548 0.45900 
-4.94867 0.46000 
-4.96186 0.46100 
-4.97506 0.46200 
-4.98825 0.46300 
-5.00144 0.46400 
-5.01464 0.46500 
-5.02783 0.46600 
-5.04103 0.46700 
-5.05422 0.46800 
-5.06742 0.46900 
-5.08062 0.47000 
-5.09382 0.47100 
-5.10701 0.47200 
-5.12021 0.47300 
-5.13341 0.47400 
-5.14662 0.47500 
-5.15982 0.47600 
-5.17302 0.47700 
-5.18622 0.47800 
-5.19943 0.47900 
-5.21263 0.48000 
-5.22583 0.48100 
-5.23904 0.48200 
-5.25225 0.48300 
-5.26545 0.48400 
-5.27866 0.48500 
-5.29187 0.48600 
-5.30508 0.48700 
-5.31829 0.48800 
-5.33150 0.48900 
-5.34471 0.49000 
-5.35792 0.49100 
-5.37113 0.49200 
-5.38434 0.49300 
-5.39755 0.49400 
-5.41076 0.49500 
-5.42398 0.49600 
-5.43719 0.49700 
-5.45041 0.49800 
-5.46362 0.49900 
-5.47684 0.50000 
-5.49005 0.50100 
-5.50327 0.50200 
-5.51649 0.50300 
-5.52970 0.50400 
-5.54292 0.50500 
-5.55614 0.50600 
-5.56936 0.50700 
-5.58258 0.50800 
-5.59580 0.50900 
-5.60902 0.51000 
-5.62224 0.51100 
-5.63546 0.51200 
-5.64868 0.51300 
-5.66190 0.51400 
-5.67512 0.51500 
-5.68834 0.51600 
-5.70157 0.51700 
-5.71479 0.51800 
-5.72802 0.51900 
-5.74124 0.52000 
-5.75446 0.52100 
-5.76769 0.52200 
-5.78091 0.52300 
-5.79414 0.52400 
-5.80737 0.52500 
-5.82059 0.52600 
-5.83382 0.52700 
-5.84705 0.52800 
-5.86027 0.52900 
-5.87350 0.53000 
-5.88673 0.53100 
-5.89996 0.53200 
-5.91319 0.53300 
-5.92642 0.53400 
-5.93965 0.53500 
-5.95288 0.53600 
-5.96611 0.53700 
-5.97934 0.53800 
-5.99257 0.53900 
-6.00580 0.54000 
-6.01903 0.54100 
-6.03226 0.54200 
-6.04549 0.54300 
-6.05873 0.54400 
-6.07196 0.54500 
-6.08519 0.54600 
-6.09843 0.54700 
-6.11166 0.54800 
-6.12489 0.54900 
-6.13813 0.55000 
-6.15136 0.55100 
-6.16460 0.55200 
-6.17783 0.55300 
-6.19107 0.55400 
-6.20430 0.55500 
-6.21754 0.55600 
-6.23077 0.55700 
-6.24401 0.55800 
-6.25725 0.55900 
-6.27048 0.56000 
-6.28372 0.56100 
-6.29696 0.56200 
-6.31020 0.56300 
-6.32343 0.56400 
-6.33667 0.56500 
-6.34991 0.56600 
-6.36315 0.56700 
-6.37639 0.56800 
-6.38963 0.56900 
-6.40287 0.57000 
-6.41611 0.57100 
-6.42934 0.57200 
-6.44258 0.57300 
-6.45582 0.57400 
-6.46906 0.57500 
-6.48231 0.57600 
-6.49555 0.57700 
-6.50879 0.57800 
-6.52203 0.57900 
-6.53527 0.58000 
-6.54851 0.58100 
-6.56175 0.58200 
-6.57499 0.58300 
-6.58824 0.58400 
-6.60148 0.58500 
-6.61472 0.58600 
-6.62796 0.58700 
-6.64121 0.58800 
-6.65445 0.58900 
-6.66769 0.59000 
-6.68094 0.59100 
-6.69418 0.59200 
-6.70742 0.59300 
-6.72067 0.59400 
-6.73391 0.59500 
-6.74715 0.59600 
-6.76040 0.59700 
-6.77364 0.59800 
-6.78689 0.59900 
-6.80013 0.60000 
-6.81338 0.60100 
-6.82662 0.60200 
-6.83987 0.60300 
-6.85311 0.60400 
-6.86636 0.60500 
-6.87960 0.60600 
-6.89285 0.60700 
-6.90610 0.60800 
-6.91934 0.60900 
-6.93259 0.61000 
-6.94584 0.61100 
-6.95908 0.61200 
-6.97233 0.61300 
-6.98558 0.61400 
-6.99882 0.61500 
-7.01207 0.61600 
-7.02532 0.61700 
-7.03856 0.61800 
-7.05181 0.61900 
-7.06506 0.62000 
-7.07831 0.62100 
-7.09156 0.62200 
-7.10480 0.62300 
-7.11805 0.62400 
-7.13130 0.62500 
-7.14455 0.62600 
-7.15780 0.62700 
-7.17104 0.62800 
-7.18429 0.62900 
-7.19754 0.63000 
-7.21079 0.63100 
-7.22404 0.63200 
-7.23729 0.63300 
-7.25054 0.63400 
-7.26379 0.63500 
-7.27704 0.63600 
-7.29029 0.63700 
-7.30354 0.63800 
-7.31679 0.63900 
-7.33004 0.64000 
-7.34329 0.64100 
-7.35654 0.64200 
-7.36979 0.64300 
-7.38304 0.64400 
-7.39629 0.64500 
-7.40954 0.64600 
-7.42279 0.64700 
-7.43604 0.64800 
-7.44929 0.64900 
-7.46254 0.65000 
-7.47579 0.65100 
-7.48904 0.65200 
-7.50229 0.65300 
-7.51554 0.65400 
-7.52880 0.65500 
-7.54205 0.65600 
-7.55530 0.65700 
-7.56855 0.65800 
-7.58180 0.65900 
-7.59505 0.66000 
-7.60831 0.66100 
-7.62156 0.66200 
-7.63481 0.66300 
-7.64806 0.66400 
-7.66131 0.66500 
-7.67456 0.66600 
-7.68782 0.66700 
-7.70107 0.66800 
-7.71432 0.66900 
-7.72757 0.67000 
-7.74083 0.67100 
-7.75408 0.67200 
-7.76733 0.67300 
-7.78058 0.67400 
-7.79384 0.67500 
-7.80709 0.67600 
-7.82034 0.67700 
-7.83360 0.67800 
-7.84685 0.67900 
-7.86010 0.68000 
-7.87336 0.68100 
-7.88661 0.68200 
-7.89986 0.68300 
-7.91311 0.68400 
-7.92637 0.68500 
-7.93962 0.68600 
-7.95288 0.68700 
-7.96613 0.68800 
-7.97938 0.68900 
-7.99264 0.69000 
-8.00589 0.69100 
-8.01914 0.69200 
-8.03240 0.69300 
-8.04565 0.69400 
-8.05891 0.69500 
-8.07216 0.69600 
-8.08541 0.69700 
-8.09867 0.69800 
-8.11192 0.69900 
-8.12518 0.70000 
-8.13843 0.70100 
-8.15168 0.70200 
-8.16494 0.70300 
-8.17819 0.70400 
-8.19145 0.70500 
-8.20470 0.70600 
-8.21796 0.70700 
-8.23121 0.70800 
-8.24447 0.70900 
-8.25772 0.71000 
-8.27098 0.71100 
-8.28423 0.71200 
-8.29749 0.71300 
-8.31074 0.71400 
-8.32399 0.71500 
-8.33725 0.71600 
-8.35050 0.71700 
-8.36376 0.71800 
-8.37702 0.71900 
-8.39027 0.72000 
-8.40353 0.72100 
-8.41678 0.72200 
-8.43004 0.72300 
-8.44329 0.72400 
-8.45655 0.72500 
-8.46980 0.72600 
-8.48306 0.72700 
-8.49631 0.72800 
-8.50957 0.72900 
-8.52282 0.73000 
-8.53608 0.73100 
-8.54933 0.73200 
-8.56259 0.73300 
-8.57585 0.73400 
-8.58910 0.73500 
-8.60236 0.73600 
-8.61561 0.73700 
-8.62887 0.73800 
-8.64212 0.73900 
-8.65538 0.74000 
-8.66864 0.74100 
-8.68189 0.74200 
-8.69515 0.74300 
-8.70840 0.74400 
-8.72166 0.74500 
-8.73492 0.74600 
-8.74817 0.74700 
-8.76143 0.74800 
-8.77468 0.74900 
-8.78794 0.75000 
-8.80120 0.75100 
-8.81445 0.75200 
-8.82771 0.75300 
-8.84097 0.75400 
-8.85422 0.75500 
-8.86748 0.75600 
-8.88073 0.75700 
-8.89399 0.75800 
-8.90725 0.75900 
-8.92050 0.76000 
-8.93376 0.76100 
-8.94702 0.76200 
-8.96027 0.76300 
-8.97353 0.76400 
-8.98679 0.76500 
-9.00004 0.76600 
-9.01330 0.76700 
-9.02656 0.76800 
-9.03981 0.76900 
-9.05307 0.77000 
-9.06633 0.77100 
-9.07958 0.77200 
-9.09284 0.77300 
-9.10610 0.77400 
-9.11935 0.77500 
-9.13261 0.77600 
-9.14587 0.77700 
-9.15912 0.77800 
-9.17238 0.77900 
-9.18564 0.78000 
-9.19889 0.78100 
-9.21215 0.78200 
-9.22541 0.78300 
-9.23866 0.78400 
-9.25192 0.78500 
-9.26518 0.78600 
-9.27844 0.78700 
-9.29169 0.78800 
-9.30495 0.78900 
-9.31821 0.79000 
-9.33146 0.79100 
-9.34472 0.79200 
-9.35798 0.79300 
-9.37123 0.79400 
-9.38449 0.79500 
-9.39775 0.79600 
-9.41101 0.79700 
-9.42426 0.79800 
-9.43752 0.79900 
-9.45078 0.80000 
-9.46403 0.80100 
-9.47729 0.80200 
-9.49055 0.80300 
-9.50381 0.80400 
-9.51706 0.80500 
-9.53032 0.80600 
-9.54358 0.80700 
-9.55684 0.80800 
-9.57009 0.80900 
-9.58335 0.81000 
-9.59661 0.81100 
-9.60987 0.81200 
-9.62312 0.81300 
-9.63638 0.81400 
-9.64964 0.81500 
-9.66290 0.81600 
-9.67615 0.81700 
-9.68941 0.81800 
-9.70267 0.81900 
-9.71593 0.82000 
-9.72918 0.82100 
-9.74244 0.82200 
-9.75570 0.82300 
-9.76896 0.82400 
-9.78221 0.82500 
-9.79547 0.82600 
-9.80873 0.82700 
-9.82199 0.82800 
-9.83524 0.82900 
-9.84850 0.83000 
-9.86176 0.83100 
-9.87502 0.83200 
-9.88827 0.83300 
-9.90153 0.83400 
-9.91479 0.83500 
-9.92805 0.83600 
-9.94131 0.83700 
-9.95456 0.83800 
-9.96782 0.83900 
-9.98108 0.84000 
-9.99434 0.84100 
-10.00759 0.84200 
-10.02085 0.84300 
-10.03411 0.84400 
-10.04737 0.84500 
-10.06062 0.84600 
-10.07388 0.84700 
-10.08714 0.84800 
-10.10040 0.84900 
-10.11366 0.85000 
-10.12691 0.85100 
-10.14017 0.85200 
-10.15343 0.85300 
-10.16669 0.85400 
-10.17995 0.85500 
-10.19320 0.85600 
-10.20646 0.85700 
-10.21972 0.85800 
-10.23298 0.85900 
-10.24624 0.86000 
-10.25949 0.86100 
-10.27275 0.86200 
-10.28601 0.86300 
-10.29927 0.86400 
-10.31252 0.86500 
-10.32578 0.86600 
-10.33904 0.86700 
-10.35230 0.86800 
-10.36556 0.86900 
-10.37881 0.87000 
-10.39207 0.87100 
-10.40533 0.87200 
-10.41859 0.87300 
-10.43185 0.87400 
-10.44510 0.87500 
-10.45836 0.87600 
-10.47162 0.87700 
-10.48488 0.87800 
-10.49814 0.87900 
-10.51140 0.88000 
-10.52465 0.88100 
-10.53791 0.88200 
-10.55117 0.88300 
-10.56443 0.88400 
-10.57769 0.88500 
-10.59094 0.88600 
-10.60420 0.88700 
-10.61746 0.88800 
-10.63072 0.88900 
-10.64398 0.89000 
-10.65723 0.89100 
-10.67049 0.89200 
-10.68375 0.89300 
-10.69701 0.89400 
-10.71027 0.89500 
-10.72353 0.89600 
-10.73678 0.89700 
-10.75004 0.89800 
-10.76330 0.89900 
-10.77656 0.90000 
-10.78982 0.90100 
-10.80307 0.90200 
-10.81633 0.90300 
-10.82959 0.90400 
-10.84285 0.90500 
-10.85611 0.90600 
-10.86937 0.90700 
-10.88262 0.90800 
-10.89588 0.90900 
-10.90914 0.91000 
-10.92240 0.91100 
-10.93566 0.91200 
-10.94891 0.91300 
-10.96217 0.91400 
-10.97543 0.91500 
-10.98869 0.91600 
-11.00195 0.91700 
-11.01521 0.91800 
-11.02846 0.91900 
-11.04172 0.92000 
-11.05498 0.92100 
-11.06824 0.92200 
-11.08150 0.92300 
-11.09476 0.92400 
-11.10801 0.92500 
-11.12127 0.92600 
-11.13453 0.92700 
-11.14779 0.92800 
-11.16105 0.92900 
-11.17431 0.93000 
-11.18756 0.93100 
-11.20082 0.93200 
-11.21408 0.93300 
-11.22734 0.93400 
-11.24060 0.93500 
-11.25386 0.93600 
-11.26711 0.93700 
-11.28037 0.93800 
-11.29363 0.93900 
-11.30689 0.94000 
-11.32015 0.94100 
-11.33341 0.94200 
-11.34666 0.94300 
-11.35992 0.94400 
-11.37318 0.94500 
-11.38644 0.94600 
-11.39970 0.94700 
-11.41296 0.94800 
-11.42621 0.94900 
-11.43947 0.95000 
-11.45273 0.95100 
-11.46599 0.95200 
-11.47925 0.95300 
-11.49251 0.95400 
-11.50576 0.95500 
-11.51902 0.95600 
-11.53228 0.95700 
-11.54554 0.95800 
-11.55880 0.95900 
-11.57206 0.96000 
-11.58532 0.96100 
-11.59857 0.96200 
-11.61183 0.96300 
-11.62509 0.96400 
-11.63835 0.96500 
-11.65161 0.96600 
-11.66487 0.96700 
-11.67812 0.96800 
-11.69138 0.96900 
-11.70464 0.97000 
-11.71790 0.97100 
-11.73116 0.97200 
-11.74442 0.97300 
-11.75768 0.97400 
-11.77093 0.97500 
-11.78419 0.97600 
-11.79745 0.97700 
-11.81071 0.97800 
-11.82397 0.97900 
-11.83723 0.98000 
-11.85048 0.98100 
-11.86374 0.98200 
-11.87700 0.98300 
-11.89026 0.98400 
-11.90352 0.98500 
-11.91678 0.98600 
-11.93004 0.98700 
-11.94329 0.98800 
-11.95655 0.98900 
-11.96981 0.99000 
-11.98307 0.99100 
-11.99633 0.99200 
-12.00959 0.99300 
-12.02284 0.99400 
-12.03610 0.99500 
-12.04936 0.99600 
-12.06262 0.99700 
-12.07588 0.99800 
-12.08914 0.99900 
