0.00000 0.00000 
0.13362 0.00100 
0.26571 0.00200 
0.39629 0.00300 
0.52539 0.00400 
0.65301 0.00500 
0.77918 0.00600 
0.90391 0.00700 
1.02721 0.00800 
1.14911 0.00900 
1.26962 0.01000 
1.38876 0.01100 
1.50654 0.01200 
1.62297 0.01300 
1.73808 0.01400 
1.85187 0.01500 
1.96437 0.01600 
2.07558 0.01700 
2.18553 0.01800 
2.29422 0.01900 
2.40167 0.02000 
2.50790 0.02100 
2.61292 0.02200 
2.71673 0.02300 
2.81937 0.02400 
2.92083 0.02500 
3.02114 0.02600 
3.12030 0.02700 
3.21834 0.02800 
3.31525 0.02900 
3.41107 0.03000 
3.50579 0.03100 
3.59943 0.03200 
3.69200 0.03300 
3.78351 0.03400 
3.87399 0.03500 
3.96343 0.03600 
4.05185 0.03700 
4.13926 0.03800 
4.22568 0.03900 
4.31111 0.04000 
4.39557 0.04100 
4.47906 0.04200 
4.56160 0.04300 
4.64320 0.04400 
4.72387 0.04500 
4.80362 0.04600 
4.88246 0.04700 
4.96041 0.04800 
5.03746 0.04900 
5.11363 0.05000 
5.18894 0.05100 
5.26339 0.05200 
5.33699 0.05300 
5.40975 0.05400 
5.48168 0.05500 
5.55279 0.05600 
5.62308 0.05700 
5.69258 0.05800 
5.76129 0.05900 
5.82921 0.06000 
5.89636 0.06100 
5.96274 0.06200 
6.02836 0.06300 
6.09324 0.06400 
6.15737 0.06500 
6.22078 0.06600 
6.28346 0.06700 
6.34543 0.06800 
6.40669 0.06900 
6.46725 0.07000 
6.52712 0.07100 
6.58631 0.07200 
6.64483 0.07300 
6.70267 0.07400 
6.75986 0.07500 
6.81640 0.07600 
6.87229 0.07700 
6.92754 0.07800 
6.98216 0.07900 
7.03616 0.08000 
7.08955 0.08100 
7.14232 0.08200 
7.19450 0.08300 
7.24608 0.08400 
7.29707 0.08500 
7.34748 0.08600 
7.39731 0.08700 
7.44658 0.08800 
7.49529 0.08900 
7.54344 0.09000 
7.59104 0.09100 
7.63809 0.09200 
7.68462 0.09300 
7.73061 0.09400 
7.77607 0.09500 
7.82102 0.09600 
7.86546 0.09700 
7.90939 0.09800 
7.95281 0.09900 
7.99575 0.10000 
8.03819 0.10100 
8.08015 0.10200 
8.12163 0.10300 
8.16264 0.10400 
8.20318 0.10500 
8.24326 0.10600 
8.28288 0.10700 
8.32205 0.10800 
8.36077 0.10900 
8.39905 0.11000 
8.43690 0.11100 
8.47431 0.11200 
8.51130 0.11300 
8.54786 0.11400 
8.58401 0.11500 
8.61975 0.11600 
8.65507 0.11700 
8.69000 0.11800 
8.72453 0.11900 
8.75866 0.12000 
8.79241 0.12100 
8.82577 0.12200 
8.85875 0.12300 
8.89135 0.12400 
8.92358 0.12500 
8.95545 0.12600 
8.98695 0.12700 
9.01809 0.12800 
9.04888 0.12900 
9.07931 0.13000 
9.10940 0.13100 
9.13915 0.13200 
9.16856 0.13300 
9.19763 0.13400 
9.22637 0.13500 
9.25478 0.13600 
9.28287 0.13700 
9.31064 0.13800 
9.33809 0.13900 
9.36523 0.14000 
9.39206 0.14100 
9.41858 0.14200 
9.44481 0.14300 
9.47073 0.14400 
9.49636 0.14500 
9.52169 0.14600 
9.54674 0.14700 
9.57150 0.14800 
9.59597 0.14900 
9.62017 0.15000 
9.64410 0.15100 
9.66775 0.15200 
9.69113 0.15300 
9.71424 0.15400 
9.73709 0.15500 
9.75968 0.15600 
9.78202 0.15700 
9.80410 0.15800 
9.82592 0.15900 
9.84750 0.16000 
9.86883 0.16100 
9.88992 0.16200 
9.91077 0.16300 
9.93138 0.16400 
9.95175 0.16500 
9.97190 0.16600 
9.99181 0.16700 
10.01150 0.16800 
10.03096 0.16900 
10.05020 0.17000 
10.06922 0.17100 
10.08802 0.17200 
10.10661 0.17300 
10.12499 0.17400 
10.14316 0.17500 
10.16112 0.17600 
10.17888 0.17700 
10.19643 0.17800 
10.21378 0.17900 
10.23094 0.18000 
10.24790 0.18100 
10.26467 0.18200 
10.28124 0.18300 
10.29763 0.18400 
10.31383 0.18500 
10.32984 0.18600 
10.34568 0.18700 
10.36133 0.18800 
10.37680 0.18900 
10.39210 0.19000 
10.40722 0.19100 
10.42217 0.19200 
10.43696 0.19300 
10.45157 0.19400 
10.46601 0.19500 
10.48029 0.19600 
10.49441 0.19700 
10.50837 0.19800 
10.52216 0.19900 
10.53580 0.20000 
10.54929 0.20100 
10.56262 0.20200 
10.57580 0.20300 
10.58883 0.20400 
10.60171 0.20500 
10.61444 0.20600 
10.62703 0.20700 
10.63947 0.20800 
10.65176 0.20900 
10.66392 0.21000 
10.67593 0.21100 
10.68781 0.21200 
10.69955 0.21300 
10.71116 0.21400 
10.72264 0.21500 
10.73399 0.21600 
10.74521 0.21700 
10.75630 0.21800 
10.76726 0.21900 
10.77810 0.22000 
10.78882 0.22100 
10.79941 0.22200 
10.80988 0.22300 
10.82024 0.22400 
10.83047 0.22500 
10.84059 0.22600 
10.85060 0.22700 
10.86049 0.22800 
10.87027 0.22900 
10.87993 0.23000 
10.88949 0.23100 
10.89894 0.23200 
10.90828 0.23300 
10.91751 0.23400 
10.92664 0.23500 
10.93566 0.23600 
10.94459 0.23700 
10.95341 0.23800 
10.96213 0.23900 
10.97075 0.24000 
10.97927 0.24100 
10.98770 0.24200 
10.99603 0.24300 
11.00426 0.24400 
11.01240 0.24500 
11.02045 0.24600 
11.02841 0.24700 
11.03627 0.24800 
11.04405 0.24900 
11.05174 0.25000 
11.05934 0.25100 
11.06685 0.25200 
11.07428 0.25300 
11.08163 0.25400 
11.08889 0.25500 
11.09606 0.25600 
11.10316 0.25700 
11.11017 0.25800 
11.11711 0.25900 
11.12397 0.26000 
11.13074 0.26100 
11.13745 0.26200 
11.14407 0.26300 
11.15062 0.26400 
11.15709 0.26500 
11.16350 0.26600 
11.16982 0.26700 
11.17608 0.26800 
11.18227 0.26900 
11.18838 0.27000 
11.19442 0.27100 
11.20040 0.27200 
11.20631 0.27300 
11.21215 0.27400 
11.21792 0.27500 
11.22363 0.27600 
11.22928 0.27700 
11.23485 0.27800 
11.24037 0.27900 
11.24582 0.28000 
11.25121 0.28100 
11.25654 0.28200 
11.26181 0.28300 
11.26702 0.28400 
11.27217 0.28500 
11.27726 0.28600 
11.28229 0.28700 
11.28727 0.28800 
11.29219 0.28900 
11.29705 0.29000 
11.30186 0.29100 
11.30661 0.29200 
11.31131 0.29300 
11.31596 0.29400 
11.32055 0.29500 
11.32509 0.29600 
11.32958 0.29700 
11.33401 0.29800 
11.33840 0.29900 
11.34274 0.30000 
11.34702 0.30100 
11.35126 0.30200 
11.35545 0.30300 
11.35960 0.30400 
11.36369 0.30500 
11.36774 0.30600 
11.37175 0.30700 
11.37571 0.30800 
11.37962 0.30900 
11.38349 0.31000 
11.38731 0.31100 
11.39109 0.31200 
11.39483 0.31300 
11.39853 0.31400 
11.40218 0.31500 
11.40579 0.31600 
11.40936 0.31700 
11.41289 0.31800 
11.41638 0.31900 
11.41983 0.32000 
11.42324 0.32100 
11.42661 0.32200 
11.42994 0.32300 
11.43324 0.32400 
11.43649 0.32500 
11.43971 0.32600 
11.44290 0.32700 
11.44604 0.32800 
11.44915 0.32900 
11.45223 0.33000 
11.45527 0.33100 
11.45828 0.33200 
11.46125 0.33300 
11.46418 0.33400 
11.46709 0.33500 
11.46996 0.33600 
11.47280 0.33700 
11.47560 0.33800 
11.47838 0.33900 
11.48112 0.34000 
11.48383 0.34100 
11.48651 0.34200 
11.48916 0.34300 
11.49178 0.34400 
11.49437 0.34500 
11.49693 0.34600 
11.49946 0.34700 
11.50196 0.34800 
11.50444 0.34900 
11.50688 0.35000 
11.50930 0.35100 
11.51169 0.35200 
11.51405 0.35300 
11.51639 0.35400 
11.51870 0.35500 
11.52098 0.35600 
11.52324 0.35700 
11.52547 0.35800 
11.52767 0.35900 
11.52985 0.36000 
11.53201 0.36100 
11.53414 0.36200 
11.53625 0.36300 
11.53833 0.36400 
11.54039 0.36500 
11.54243 0.36600 
11.54444 0.36700 
11.54643 0.36800 
11.54840 0.36900 
11.55034 0.37000 
11.55226 0.37100 
11.55417 0.37200 
11.55604 0.37300 
11.55790 0.37400 
11.55974 0.37500 
11.56156 0.37600 
11.56335 0.37700 
11.56513 0.37800 
11.56688 0.37900 
11.56861 0.38000 
11.57033 0.38100 
11.57202 0.38200 
11.57370 0.38300 
11.57536 0.38400 
11.57700 0.38500 
11.57861 0.38600 
11.58022 0.38700 
11.58180 0.38800 
11.58336 0.38900 
11.58491 0.39000 
11.58644 0.39100 
11.58795 0.39200 
11.58945 0.39300 
11.59092 0.39400 
11.59238 0.39500 
11.59383 0.39600 
11.59525 0.39700 
11.59667 0.39800 
11.59806 0.39900 
11.59944 0.40000 
11.60080 0.40100 
11.60215 0.40200 
11.60349 0.40300 
11.60480 0.40400 
11.60611 0.40500 
11.60739 0.40600 
11.60867 0.40700 
11.60992 0.40800 
11.61117 0.40900 
11.61240 0.41000 
11.61361 0.41100 
11.61482 0.41200 
11.61601 0.41300 
11.61718 0.41400 
11.61834 0.41500 
11.61949 0.41600 
11.62063 0.41700 
11.62175 0.41800 
11.62286 0.41900 
11.62395 0.42000 
11.62504 0.42100 
11.62611 0.42200 
11.62717 0.42300 
11.62822 0.42400 
11.62925 0.42500 
11.63028 0.42600 
11.63129 0.42700 
11.63229 0.42800 
11.63328 0.42900 
11.63426 0.43000 
11.63522 0.43100 
11.63618 0.43200 
11.63713 0.43300 
11.63806 0.43400 
11.63898 0.43500 
11.63990 0.43600 
11.64080 0.43700 
11.64169 0.43800 
11.64257 0.43900 
11.64345 0.44000 
11.64431 0.44100 
11.64516 0.44200 
11.64600 0.44300 
11.64684 0.44400 
11.64766 0.44500 
11.64847 0.44600 
11.64928 0.44700 
11.65007 0.44800 
11.65086 0.44900 
11.65164 0.45000 
11.65241 0.45100 
11.65317 0.45200 
11.65392 0.45300 
11.65466 0.45400 
11.65540 0.45500 
11.65612 0.45600 
11.65684 0.45700 
11.65755 0.45800 
11.65825 0.45900 
11.65894 0.46000 
11.65963 0.46100 
11.66031 0.46200 
11.66098 0.46300 
11.66164 0.46400 
11.66230 0.46500 
11.66294 0.46600 
11.66358 0.46700 
11.66422 0.46800 
11.66484 0.46900 
11.66546 0.47000 
11.66607 0.47100 
11.66667 0.47200 
11.66727 0.47300 
11.66786 0.47400 
11.66845 0.47500 
11.66902 0.47600 
11.66959 0.47700 
11.67016 0.47800 
11.67072 0.47900 
11.67127 0.48000 
11.67181 0.48100 
11.67235 0.48200 
11.67288 0.48300 
11.67341 0.48400 
11.67393 0.48500 
11.67445 0.48600 
11.67496 0.48700 
11.67546 0.48800 
11.67596 0.48900 
11.67645 0.49000 
11.67693 0.49100 
11.67741 0.49200 
11.67789 0.49300 
11.67836 0.49400 
11.67882 0.49500 
11.67928 0.49600 
11.67974 0.49700 
11.68019 0.49800 
11.68063 0.49900 
11.68107 0.50000 
11.68150 0.50100 
11.68193 0.50200 
11.68235 0.50300 
11.68277 0.50400 
11.68319 0.50500 
11.68360 0.50600 
11.68400 0.50700 
11.68440 0.50800 
11.68480 0.50900 
11.68519 0.51000 
11.68558 0.51100 
11.68596 0.51200 
11.68634 0.51300 
11.68671 0.51400 
11.68708 0.51500 
11.68745 0.51600 
11.68781 0.51700 
11.68817 0.51800 
11.68852 0.51900 
11.68887 0.52000 
11.68921 0.52100 
11.68956 0.52200 
11.68989 0.52300 
11.69023 0.52400 
11.69056 0.52500 
11.69088 0.52600 
11.69121 0.52700 
11.69152 0.52800 
11.69184 0.52900 
11.69215 0.53000 
11.69246 0.53100 
11.69276 0.53200 
11.69306 0.53300 
11.69336 0.53400 
11.69366 0.53500 
11.69395 0.53600 
11.69424 0.53700 
11.69452 0.53800 
11.69480 0.53900 
11.69508 0.54000 
11.69535 0.54100 
11.69563 0.54200 
11.69589 0.54300 
11.69616 0.54400 
11.69642 0.54500 
11.69668 0.54600 
11.69694 0.54700 
11.69719 0.54800 
11.69744 0.54900 
11.69769 0.55000 
11.69794 0.55100 
11.69818 0.55200 
11.69842 0.55300 
11.69866 0.55400 
11.69889 0.55500 
11.69912 0.55600 
11.69935 0.55700 
11.69958 0.55800 
11.69980 0.55900 
11.70002 0.56000 
11.70024 0.56100 
11.70046 0.56200 
11.70067 0.56300 
11.70088 0.56400 
11.70109 0.56500 
11.70130 0.56600 
11.70150 0.56700 
11.70171 0.56800 
11.70191 0.56900 
11.70210 0.57000 
11.70230 0.57100 
11.70249 0.57200 
11.70268 0.57300 
11.70287 0.57400 
11.70306 0.57500 
11.70324 0.57600 
11.70342 0.57700 
11.70360 0.57800 
11.70378 0.57900 
11.70396 0.58000 
11.70413 0.58100 
11.70431 0.58200 
11.70448 0.58300 
11.70464 0.58400 
11.70481 0.58500 
11.70498 0.58600 
11.70514 0.58700 
11.70530 0.58800 
11.70546 0.58900 
11.70562 0.59000 
11.70577 0.59100 
11.70592 0.59200 
11.70608 0.59300 
11.70623 0.59400 
11.70637 0.59500 
11.70652 0.59600 
11.70667 0.59700 
11.70681 0.59800 
11.70695 0.59900 
11.70709 0.60000 
11.70723 0.60100 
11.70737 0.60200 
11.70750 0.60300 
11.70764 0.60400 
11.70777 0.60500 
11.70790 0.60600 
11.70803 0.60700 
11.70816 0.60800 
11.70829 0.60900 
11.70841 0.61000 
11.70853 0.61100 
11.70866 0.61200 
11.70878 0.61300 
11.70890 0.61400 
11.70902 0.61500 
11.70913 0.61600 
11.70925 0.61700 
11.70936 0.61800 
11.70948 0.61900 
11.70959 0.62000 
11.70970 0.62100 
11.70981 0.62200 
11.70991 0.62300 
11.71002 0.62400 
11.71013 0.62500 
11.71023 0.62600 
11.71033 0.62700 
11.71044 0.62800 
11.71054 0.62900 
11.71064 0.63000 
11.71074 0.63100 
11.71083 0.63200 
11.71093 0.63300 
11.71102 0.63400 
11.71112 0.63500 
11.71121 0.63600 
11.71130 0.63700 
11.71139 0.63800 
11.71148 0.63900 
11.71157 0.64000 
11.71166 0.64100 
11.71175 0.64200 
11.71183 0.64300 
11.71192 0.64400 
11.71200 0.64500 
11.71209 0.64600 
11.71217 0.64700 
11.71225 0.64800 
11.71233 0.64900 
11.71241 0.65000 
11.71249 0.65100 
11.71256 0.65200 
11.71264 0.65300 
11.71272 0.65400 
11.71279 0.65500 
11.71287 0.65600 
11.71294 0.65700 
11.71301 0.65800 
11.71308 0.65900 
11.71315 0.66000 
11.71322 0.66100 
11.71329 0.66200 
11.71336 0.66300 
11.71343 0.66400 
11.71350 0.66500 
11.71356 0.66600 
11.71363 0.66700 
11.71369 0.66800 
11.71376 0.66900 
11.71382 0.67000 
11.71388 0.67100 
11.71394 0.67200 
11.71400 0.67300 
11.71406 0.67400 
11.71412 0.67500 
11.71418 0.67600 
11.71424 0.67700 
11.71430 0.67800 
11.71436 0.67900 
11.71441 0.68000 
11.71447 0.68100 
11.71452 0.68200 
11.71458 0.68300 
11.71463 0.68400 
11.71468 0.68500 
11.71474 0.68600 
11.71479 0.68700 
11.71484 0.68800 
11.71489 0.68900 
11.71494 0.69000 
11.71499 0.69100 
11.71504 0.69200 
11.71509 0.69300 
11.71514 0.69400 
11.71518 0.69500 
11.71523 0.69600 
11.71528 0.69700 
11.71532 0.69800 
11.71537 0.69900 
11.71541 0.70000 
11.71546 0.70100 
11.71550 0.70200 
11.71555 0.70300 
11.71559 0.70400 
11.71563 0.70500 
11.71567 0.70600 
11.71571 0.70700 
11.71576 0.70800 
11.71580 0.70900 
11.71584 0.71000 
11.71588 0.71100 
11.71591 0.71200 
11.71595 0.71300 
11.71599 0.71400 
11.71603 0.71500 
11.71607 0.71600 
11.71610 0.71700 
11.71614 0.71800 
11.71618 0.71900 
11.71621 0.72000 
11.71625 0.72100 
11.71628 0.72200 
11.71632 0.72300 
11.71635 0.72400 
11.71638 0.72500 
11.71642 0.72600 
11.71645 0.72700 
11.71648 0.72800 
11.71652 0.72900 
11.71655 0.73000 
11.71658 0.73100 
11.71661 0.73200 
11.71664 0.73300 
11.71667 0.73400 
11.71670 0.73500 
11.71673 0.73600 
11.71676 0.73700 
11.71679 0.73800 
11.71682 0.73900 
11.71685 0.74000 
11.71688 0.74100 
11.71690 0.74200 
11.71693 0.74300 
11.71696 0.74400 
11.71698 0.74500 
11.71701 0.74600 
11.71704 0.74700 
11.71706 0.74800 
11.71709 0.74900 
11.71711 0.75000 
11.71714 0.75100 
11.71716 0.75200 
11.71719 0.75300 
11.71721 0.75400 
11.71724 0.75500 
11.71726 0.75600 
11.71728 0.75700 
11.71731 0.75800 
11.71733 0.75900 
11.71735 0.76000 
11.71737 0.76100 
11.71740 0.76200 
11.71742 0.76300 
11.71744 0.76400 
11.71746 0.76500 
11.71748 0.76600 
11.71750 0.76700 
11.71752 0.76800 
11.71755 0.76900 
11.71757 0.77000 
11.71759 0.77100 
11.71760 0.77200 
11.71762 0.77300 
11.71764 0.77400 
11.71766 0.77500 
11.71768 0.77600 
11.71770 0.77700 
11.71772 0.77800 
11.71774 0.77900 
11.71776 0.78000 
11.71777 0.78100 
11.71779 0.78200 
11.71781 0.78300 
11.71783 0.78400 
11.71784 0.78500 
11.71786 0.78600 
11.71788 0.78700 
11.71789 0.78800 
11.71791 0.78900 
11.71792 0.79000 
11.71794 0.79100 
11.71796 0.79200 
11.71797 0.79300 
11.71799 0.79400 
11.71800 0.79500 
11.71802 0.79600 
11.71803 0.79700 
11.71805 0.79800 
11.71806 0.79900 
11.71808 0.80000 
11.71809 0.80100 
11.71810 0.80200 
11.71812 0.80300 
11.71813 0.80400 
11.71814 0.80500 
11.71816 0.80600 
11.71817 0.80700 
11.71818 0.80800 
11.71820 0.80900 
11.71821 0.81000 
11.71822 0.81100 
11.71824 0.81200 
11.71825 0.81300 
11.71826 0.81400 
11.71827 0.81500 
11.71828 0.81600 
11.71830 0.81700 
11.71831 0.81800 
11.71832 0.81900 
11.71833 0.82000 
11.71834 0.82100 
11.71835 0.82200 
11.71836 0.82300 
11.71837 0.82400 
11.71839 0.82500 
11.71840 0.82600 
11.71841 0.82700 
11.71842 0.82800 
11.71843 0.82900 
11.71844 0.83000 
11.71845 0.83100 
11.71846 0.83200 
11.71847 0.83300 
11.71848 0.83400 
11.71849 0.83500 
11.71850 0.83600 
11.71851 0.83700 
11.71852 0.83800 
11.71852 0.83900 
11.71853 0.84000 
11.71854 0.84100 
11.71855 0.84200 
11.71856 0.84300 
11.71857 0.84400 
11.71858 0.84500 
11.71859 0.84600 
11.71859 0.84700 
11.71860 0.84800 
11.71861 0.84900 
11.71862 0.85000 
11.71863 0.85100 
11.71863 0.85200 
11.71864 0.85300 
11.71865 0.85400 
11.71866 0.85500 
11.71867 0.85600 
11.71867 0.85700 
11.71868 0.85800 
11.71869 0.85900 
11.71870 0.86000 
11.71870 0.86100 
11.71871 0.86200 
11.71872 0.86300 
11.71872 0.86400 
11.71873 0.86500 
11.71874 0.86600 
11.71874 0.86700 
11.71875 0.86800 
11.71876 0.86900 
11.71876 0.87000 
11.71877 0.87100 
11.71878 0.87200 
11.71878 0.87300 
11.71879 0.87400 
11.71879 0.87500 
11.71880 0.87600 
11.71881 0.87700 
11.71881 0.87800 
11.71882 0.87900 
11.71882 0.88000 
11.71883 0.88100 
11.71884 0.88200 
11.71884 0.88300 
11.71885 0.88400 
11.71885 0.88500 
11.71886 0.88600 
11.71886 0.88700 
11.71887 0.88800 
11.71887 0.88900 
11.71888 0.89000 
11.71888 0.89100 
11.71889 0.89200 
11.71889 0.89300 
11.71890 0.89400 
11.71890 0.89500 
11.71891 0.89600 
11.71891 0.89700 
11.71892 0.89800 
11.71892 0.89900 
11.71893 0.90000 
11.71893 0.90100 
11.71894 0.90200 
11.71894 0.90300 
11.71894 0.90400 
11.71895 0.90500 
11.71895 0.90600 
11.71896 0.90700 
11.71896 0.90800 
11.71897 0.90900 
11.71897 0.91000 
11.71897 0.91100 
11.71898 0.91200 
11.71898 0.91300 
11.71899 0.91400 
11.71899 0.91500 
11.71899 0.91600 
11.71900 0.91700 
11.71900 0.91800 
11.71900 0.91900 
11.71901 0.92000 
11.71901 0.92100 
11.71902 0.92200 
11.71902 0.92300 
11.71902 0.92400 
11.71903 0.92500 
11.71903 0.92600 
11.71903 0.92700 
11.71904 0.92800 
11.71904 0.92900 
11.71904 0.93000 
11.71905 0.93100 
11.71905 0.93200 
11.71905 0.93300 
11.71905 0.93400 
11.71906 0.93500 
11.71906 0.93600 
11.71906 0.93700 
11.71907 0.93800 
11.71907 0.93900 
11.71907 0.94000 
11.71908 0.94100 
11.71908 0.94200 
11.71908 0.94300 
11.71908 0.94400 
11.71909 0.94500 
11.71909 0.94600 
11.71909 0.94700 
11.71909 0.94800 
11.71910 0.94900 
11.71910 0.95000 
11.71910 0.95100 
11.71911 0.95200 
11.71911 0.95300 
11.71911 0.95400 
11.71911 0.95500 
11.71912 0.95600 
11.71912 0.95700 
11.71912 0.95800 
11.71912 0.95900 
11.71912 0.96000 
11.71913 0.96100 
11.71913 0.96200 
11.71913 0.96300 
11.71913 0.96400 
11.71914 0.96500 
11.71914 0.96600 
11.71914 0.96700 
11.71914 0.96800 
11.71914 0.96900 
11.71915 0.97000 
11.71915 0.97100 
11.71915 0.97200 
11.71915 0.97300 
11.71915 0.97400 
11.71916 0.97500 
11.71916 0.97600 
11.71916 0.97700 
11.71916 0.97800 
11.71916 0.97900 
11.71917 0.98000 
11.71917 0.98100 
11.71917 0.98200 
11.71917 0.98300 
11.71917 0.98400 
11.71917 0.98500 
11.71918 0.98600 
11.71918 0.98700 
11.71918 0.98800 
11.71918 0.98900 
11.71918 0.99000 
11.71918 0.99100 
11.71919 0.99200 
11.71919 0.99300 
11.71919 0.99400 
11.71919 0.99500 
11.71919 0.99600 
11.71919 0.99700 
11.71920 0.99800 
11.71920 0.99900 
