0.00000 0.00000 
-0.00001 0.00100 
-0.00003 0.00200 
-0.00006 0.00300 
-0.00011 0.00400 
-0.00017 0.00500 
-0.00024 0.00600 
-0.00033 0.00700 
-0.00043 0.00800 
-0.00054 0.00900 
-0.00067 0.01000 
-0.00081 0.01100 
-0.00096 0.01200 
-0.00112 0.01300 
-0.00129 0.01400 
-0.00148 0.01500 
-0.00168 0.01600 
-0.00188 0.01700 
-0.00210 0.01800 
-0.00234 0.01900 
-0.00258 0.02000 
-0.00283 0.02100 
-0.00310 0.02200 
-0.00337 0.02300 
-0.00366 0.02400 
-0.00396 0.02500 
-0.00426 0.02600 
-0.00458 0.02700 
-0.00491 0.02800 
-0.00525 0.02900 
-0.00559 0.03000 
-0.00595 0.03100 
-0.00632 0.03200 
-0.00669 0.03300 
-0.00708 0.03400 
-0.00748 0.03500 
-0.00788 0.03600 
-0.00830 0.03700 
-0.00872 0.03800 
-0.00915 0.03900 
-0.00959 0.04000 
-0.01004 0.04100 
-0.01050 0.04200 
-0.01097 0.04300 
-0.01144 0.04400 
-0.01193 0.04500 
-0.01242 0.04600 
-0.01292 0.04700 
-0.01343 0.04800 
-0.01395 0.04900 
-0.01447 0.05000 
-0.01500 0.05100 
-0.01554 0.05200 
-0.01609 0.05300 
-0.01665 0.05400 
-0.01721 0.05500 
-0.01778 0.05600 
-0.01836 0.05700 
-0.01894 0.05800 
-0.01953 0.05900 
-0.02013 0.06000 
-0.02074 0.06100 
-0.02135 0.06200 
-0.02197 0.06300 
-0.02260 0.06400 
-0.02323 0.06500 
-0.02387 0.06600 
-0.02452 0.06700 
-0.02517 0.06800 
-0.02583 0.06900 
-0.02649 0.07000 
-0.02716 0.07100 
-0.02784 0.07200 
-0.02853 0.07300 
-0.02922 0.07400 
-0.02991 0.07500 
-0.03061 0.07600 
-0.03132 0.07700 
-0.03203 0.07800 
-0.03275 0.07900 
-0.03348 0.08000 
-0.03421 0.08100 
-0.03494 0.08200 
-0.03568 0.08300 
-0.03643 0.08400 
-0.03718 0.08500 
-0.03794 0.08600 
-0.03870 0.08700 
-0.03947 0.08800 
-0.04024 0.08900 
-0.04102 0.09000 
-0.04180 0.09100 
-0.04258 0.09200 
-0.04338 0.09300 
-0.04417 0.09400 
-0.04497 0.09500 
-0.04578 0.09600 
-0.04659 0.09700 
-0.04741 0.09800 
-0.04822 0.09900 
-0.04905 0.10000 
-0.04988 0.10100 
-0.05071 0.10200 
-0.05155 0.10300 
-0.05239 0.10400 
-0.05323 0.10500 
-0.05408 0.10600 
-0.05494 0.10700 
-0.05580 0.10800 
-0.05666 0.10900 
-0.05752 0.11000 
-0.05839 0.11100 
-0.05927 0.11200 
-0.06015 0.11300 
-0.06103 0.11400 
-0.06191 0.11500 
-0.06280 0.11600 
-0.06369 0.11700 
-0.06459 0.11800 
-0.06549 0.11900 
-0.06639 0.12000 
-0.06730 0.12100 
-0.06821 0.12200 
-0.06912 0.12300 
-0.07004 0.12400 
-0.07096 0.12500 
-0.07189 0.12600 
-0.07281 0.12700 
-0.07374 0.12800 
-0.07468 0.12900 
-0.07561 0.13000 
-0.07655 0.13100 
-0.07750 0.13200 
-0.07844 0.13300 
-0.07939 0.13400 
-0.08034 0.13500 
-0.08130 0.13600 
-0.08225 0.13700 
-0.08322 0.13800 
-0.08418 0.13900 
-0.08515 0.14000 
-0.08611 0.14100 
-0.08709 0.14200 
-0.08806 0.14300 
-0.08904 0.14400 
-0.09002 0.14500 
-0.09100 0.14600 
-0.09199 0.14700 
-0.09297 0.14800 
-0.09396 0.14900 
-0.09496 0.15000 
-0.09595 0.15100 
-0.09695 0.15200 
-0.09795 0.15300 
-0.09895 0.15400 
-0.09996 0.15500 
-0.10097 0.15600 
-0.10198 0.15700 
-0.10299 0.15800 
-0.10400 0.15900 
-0.10502 0.16000 
-0.10604 0.16100 
-0.10706 0.16200 
-0.10808 0.16300 
-0.10911 0.16400 
-0.11013 0.16500 
-0.11116 0.16600 
-0.11220 0.16700 
-0.11323 0.16800 
-0.11426 0.16900 
-0.11530 0.17000 
-0.11634 0.17100 
-0.11738 0.17200 
-0.11843 0.17300 
-0.11947 0.17400 
-0.12052 0.17500 
-0.12157 0.17600 
-0.12262 0.17700 
-0.12367 0.17800 
-0.12473 0.17900 
-0.12578 0.18000 
-0.12684 0.18100 
-0.12790 0.18200 
-0.12896 0.18300 
-0.13003 0.18400 
-0.13109 0.18500 
-0.13216 0.18600 
-0.13323 0.18700 
-0.13430 0.18800 
-0.13537 0.18900 
-0.13644 0.19000 
-0.13752 0.19100 
-0.13859 0.19200 
-0.13967 0.19300 
-0.14075 0.19400 
-0.14183 0.19500 
-0.14291 0.19600 
-0.14400 0.19700 
-0.14508 0.19800 
-0.14617 0.19900 
-0.14726 0.20000 
-0.14835 0.20100 
-0.14944 0.20200 
-0.15053 0.20300 
-0.15162 0.20400 
-0.15272 0.20500 
-0.15381 0.20600 
-0.15491 0.20700 
-0.15601 0.20800 
-0.15711 0.20900 
-0.15821 0.21000 
-0.15931 0.21100 
-0.16042 0.21200 
-0.16152 0.21300 
-0.16263 0.21400 
-0.16374 0.21500 
-0.16484 0.21600 
-0.16595 0.21700 
-0.16706 0.21800 
-0.16818 0.21900 
-0.16929 0.22000 
-0.17040 0.22100 
-0.17152 0.22200 
-0.17264 0.22300 
-0.17375 0.22400 
-0.17487 0.22500 
-0.17599 0.22600 
-0.17711 0.22700 
-0.17823 0.22800 
-0.17936 0.22900 
-0.18048 0.23000 
-0.18161 0.23100 
-0.18273 0.23200 
-0.18386 0.23300 
-0.18499 0.23400 
-0.18611 0.23500 
-0.18724 0.23600 
-0.18837 0.23700 
-0.18951 0.23800 
-0.19064 0.23900 
-0.19177 0.24000 
-0.19291 0.24100 
-0.19404 0.24200 
-0.19518 0.24300 
-0.19631 0.24400 
-0.19745 0.24500 
-0.19859 0.24600 
-0.19973 0.24700 
-0.20087 0.24800 
-0.20201 0.24900 
-0.20315 0.25000 
-0.20429 0.25100 
-0.20544 0.25200 
-0.20658 0.25300 
-0.20772 0.25400 
-0.20887 0.25500 
-0.21002 0.25600 
-0.21116 0.25700 
-0.21231 0.25800 
-0.21346 0.25900 
-0.21461 0.26000 
-0.21576 0.26100 
-0.21691 0.26200 
-0.21806 0.26300 
-0.21921 0.26400 
-0.22036 0.26500 
-0.22152 0.26600 
-0.22267 0.26700 
-0.22383 0.26800 
-0.22498 0.26900 
-0.22614 0.27000 
-0.22729 0.27100 
-0.22845 0.27200 
-0.22961 0.27300 
-0.23077 0.27400 
-0.23192 0.27500 
-0.23308 0.27600 
-0.23424 0.27700 
-0.23540 0.27800 
-0.23657 0.27900 
-0.23773 0.28000 
-0.23889 0.28100 
-0.24005 0.28200 
-0.24122 0.28300 
-0.24238 0.28400 
-0.24354 0.28500 
-0.24471 0.28600 
-0.24588 0.28700 
-0.24704 0.28800 
-0.24821 0.28900 
-0.24937 0.29000 
-0.25054 0.29100 
-0.25171 0.29200 
-0.25288 0.29300 
-0.25405 0.29400 
-0.25522 0.29500 
-0.25639 0.29600 
-0.25756 0.29700 
-0.25873 0.29800 
-0.25990 0.29900 
-0.26107 0.30000 
-0.26224 0.30100 
-0.26342 0.30200 
-0.26459 0.30300 
-0.26576 0.30400 
-0.26694 0.30500 
-0.26811 0.30600 
-0.26929 0.30700 
-0.27046 0.30800 
-0.27164 0.30900 
-0.27281 0.31000 
-0.27399 0.31100 
-0.27517 0.31200 
-0.27634 0.31300 
-0.27752 0.31400 
-0.27870 0.31500 
-0.27988 0.31600 
-0.28106 0.31700 
-0.28224 0.31800 
-0.28342 0.31900 
-0.28460 0.32000 
-0.28578 0.32100 
-0.28696 0.32200 
-0.28814 0.32300 
-0.28932 0.32400 
-0.29050 0.32500 
-0.29168 0.32600 
-0.29286 0.32700 
-0.29405 0.32800 
-0.29523 0.32900 
-0.29641 0.33000 
-0.29760 0.33100 
-0.29878 0.33200 
-0.29996 0.33300 
-0.30115 0.33400 
-0.30233 0.33500 
-0.30352 0.33600 
-0.30470 0.33700 
-0.30589 0.33800 
-0.30708 0.33900 
-0.30826 0.34000 
-0.30945 0.34100 
-0.31064 0.34200 
-0.31182 0.34300 
-0.31301 0.34400 
-0.31420 0.34500 
-0.31538 0.34600 
-0.31657 0.34700 
-0.31776 0.34800 
-0.31895 0.34900 
-0.32014 0.35000 
-0.32133 0.35100 
-0.32252 0.35200 
-0.32371 0.35300 
-0.32490 0.35400 
-0.32609 0.35500 
-0.32728 0.35600 
-0.32847 0.35700 
-0.32966 0.35800 
-0.33085 0.35900 
-0.33204 0.36000 
-0.33323 0.36100 
-0.33442 0.36200 
-0.33562 0.36300 
-0.33681 0.36400 
-0.33800 0.36500 
-0.33919 0.36600 
-0.34039 0.36700 
-0.34158 0.36800 
-0.34277 0.36900 
-0.34397 0.37000 
-0.34516 0.37100 
-0.34635 0.37200 
-0.34755 0.37300 
-0.34874 0.37400 
-0.34994 0.37500 
-0.35113 0.37600 
-0.35232 0.37700 
-0.35352 0.37800 
-0.35471 0.37900 
-0.35591 0.38000 
-0.35711 0.38100 
-0.35830 0.38200 
-0.35950 0.38300 
-0.36069 0.38400 
-0.36189 0.38500 
-0.36309 0.38600 
-0.36428 0.38700 
-0.36548 0.38800 
-0.36668 0.38900 
-0.36787 0.39000 
-0.36907 0.39100 
-0.37027 0.39200 
-0.37146 0.39300 
-0.37266 0.39400 
-0.37386 0.39500 
-0.37506 0.39600 
-0.37626 0.39700 
-0.37745 0.39800 
-0.37865 0.39900 
-0.37985 0.40000 
-0.38105 0.40100 
-0.38225 0.40200 
-0.38345 0.40300 
-0.38465 0.40400 
-0.38585 0.40500 
-0.38704 0.40600 
-0.38824 0.40700 
-0.38944 0.40800 
-0.39064 0.40900 
-0.39184 0.41000 
-0.39304 0.41100 
-0.39424 0.41200 
-0.39544 0.41300 
-0.39664 0.41400 
-0.39784 0.41500 
-0.39904 0.41600 
-0.40025 0.41700 
-0.40145 0.41800 
-0.40265 0.41900 
-0.40385 0.42000 
-0.40505 0.42100 
-0.40625 0.42200 
-0.40745 0.42300 
-0.40865 0.42400 
-0.40986 0.42500 
-0.41106 0.42600 
-0.41226 0.42700 
-0.41346 0.42800 
-0.41466 0.42900 
-0.41586 0.43000 
-0.41707 0.43100 
-0.41827 0.43200 
-0.41947 0.43300 
-0.42067 0.43400 
-0.42188 0.43500 
-0.42308 0.43600 
-0.42428 0.43700 
-0.42549 0.43800 
-0.42669 0.43900 
-0.42789 0.44000 
-0.42909 0.44100 
-0.43030 0.44200 
-0.43150 0.44300 
-0.43270 0.44400 
-0.43391 0.44500 
-0.43511 0.44600 
-0.43632 0.44700 
-0.43752 0.44800 
-0.43872 0.44900 
-0.43993 0.45000 
-0.44113 0.45100 
-0.44233 0.45200 
-0.44354 0.45300 
-0.44474 0.45400 
-0.44595 0.45500 
-0.44715 0.45600 
-0.44836 0.45700 
-0.44956 0.45800 
-0.45077 0.45900 
-0.45197 0.46000 
-0.45317 0.46100 
-0.45438 0.46200 
-0.45558 0.46300 
-0.45679 0.46400 
-0.45799 0.46500 
-0.45920 0.46600 
-0.46040 0.46700 
-0.46161 0.46800 
-0.46282 0.46900 
-0.46402 0.47000 
-0.46523 0.47100 
-0.46643 0.47200 
-0.46764 0.47300 
-0.46884 0.47400 
-0.47005 0.47500 
-0.47125 0.47600 
-0.47246 0.47700 
-0.47367 0.47800 
-0.47487 0.47900 
-0.47608 0.48000 
-0.47728 0.48100 
-0.47849 0.48200 
-0.47970 0.48300 
-0.48090 0.48400 
-0.48211 0.48500 
-0.48331 0.48600 
-0.48452 0.48700 
-0.48573 0.48800 
-0.48693 0.48900 
-0.48814 0.49000 
-0.48935 0.49100 
-0.49055 0.49200 
-0.49176 0.49300 
-0.49297 0.49400 
-0.49417 0.49500 
-0.49538 0.49600 
-0.49659 0.49700 
-0.49779 0.49800 
-0.49900 0.49900 
-0.50021 0.50000 
-0.50141 0.50100 
-0.50262 0.50200 
-0.50383 0.50300 
-0.50504 0.50400 
-0.50624 0.50500 
-0.50745 0.50600 
-0.50866 0.50700 
-0.50986 0.50800 
-0.51107 0.50900 
-0.51228 0.51000 
-0.51349 0.51100 
-0.51469 0.51200 
-0.51590 0.51300 
-0.51711 0.51400 
-0.51832 0.51500 
-0.51952 0.51600 
-0.52073 0.51700 
-0.52194 0.51800 
-0.52315 0.51900 
-0.52436 0.52000 
-0.52556 0.52100 
-0.52677 0.52200 
-0.52798 0.52300 
-0.52919 0.52400 
-0.53039 0.52500 
-0.53160 0.52600 
-0.53281 0.52700 
-0.53402 0.52800 
-0.53523 0.52900 
-0.53644 0.53000 
-0.53764 0.53100 
-0.53885 0.53200 
-0.54006 0.53300 
-0.54127 0.53400 
-0.54248 0.53500 
-0.54368 0.53600 
-0.54489 0.53700 
-0.54610 0.53800 
-0.54731 0.53900 
-0.54852 0.54000 
-0.54973 0.54100 
-0.55093 0.54200 
-0.55214 0.54300 
-0.55335 0.54400 
-0.55456 0.54500 
-0.55577 0.54600 
-0.55698 0.54700 
-0.55819 0.54800 
-0.55939 0.54900 
-0.56060 0.55000 
-0.56181 0.55100 
-0.56302 0.55200 
-0.56423 0.55300 
-0.56544 0.55400 
-0.56665 0.55500 
-0.56786 0.55600 
-0.56907 0.55700 
-0.57027 0.55800 
-0.57148 0.55900 
-0.57269 0.56000 
-0.57390 0.56100 
-0.57511 0.56200 
-0.57632 0.56300 
-0.57753 0.56400 
-0.57874 0.56500 
-0.57995 0.56600 
-0.58115 0.56700 
-0.58236 0.56800 
-0.58357 0.56900 
-0.58478 0.57000 
-0.58599 0.57100 
-0.58720 0.57200 
-0.58841 0.57300 
-0.58962 0.57400 
-0.59083 0.57500 
-0.59204 0.57600 
-0.59325 0.57700 
-0.59446 0.57800 
-0.59567 0.57900 
-0.59687 0.58000 
-0.59808 0.58100 
-0.59929 0.58200 
-0.60050 0.58300 
-0.60171 0.58400 
-0.60292 0.58500 
-0.60413 0.58600 
-0.60534 0.58700 
-0.60655 0.58800 
-0.60776 0.58900 
-0.60897 0.59000 
-0.61018 0.59100 
-0.61139 0.59200 
-0.61260 0.59300 
-0.61381 0.59400 
-0.61502 0.59500 
-0.61623 0.59600 
-0.61744 0.59700 
-0.61865 0.59800 
-0.61986 0.59900 
-0.62107 0.60000 
-0.62227 0.60100 
-0.62348 0.60200 
-0.62469 0.60300 
-0.62590 0.60400 
-0.62711 0.60500 
-0.62832 0.60600 
-0.62953 0.60700 
-0.63074 0.60800 
-0.63195 0.60900 
-0.63316 0.61000 
-0.63437 0.61100 
-0.63558 0.61200 
-0.63679 0.61300 
-0.63800 0.61400 
-0.63921 0.61500 
-0.64042 0.61600 
-0.64163 0.61700 
-0.64284 0.61800 
-0.64405 0.61900 
-0.64526 0.62000 
-0.64647 0.62100 
-0.64768 0.62200 
-0.64889 0.62300 
-0.65010 0.62400 
-0.65131 0.62500 
-0.65252 0.62600 
-0.65373 0.62700 
-0.65494 0.62800 
-0.65615 0.62900 
-0.65736 0.63000 
-0.65857 0.63100 
-0.65978 0.63200 
-0.66099 0.63300 
-0.66220 0.63400 
-0.66341 0.63500 
-0.66462 0.63600 
-0.66583 0.63700 
-0.66704 0.63800 
-0.66825 0.63900 
-0.66946 0.64000 
-0.67067 0.64100 
-0.67188 0.64200 
-0.67309 0.64300 
-0.67430 0.64400 
-0.67551 0.64500 
-0.67672 0.64600 
-0.67793 0.64700 
-0.67914 0.64800 
-0.68035 0.64900 
-0.68156 0.65000 
-0.68277 0.65100 
-0.68398 0.65200 
-0.68519 0.65300 
-0.68640 0.65400 
-0.68761 0.65500 
-0.68882 0.65600 
-0.69004 0.65700 
-0.69125 0.65800 
-0.69246 0.65900 
-0.69367 0.66000 
-0.69488 0.66100 
-0.69609 0.66200 
-0.69730 0.66300 
-0.69851 0.66400 
-0.69972 0.66500 
-0.70093 0.66600 
-0.70214 0.66700 
-0.70335 0.66800 
-0.70456 0.66900 
-0.70577 0.67000 
-0.70698 0.67100 
-0.70819 0.67200 
-0.70940 0.67300 
-0.71061 0.67400 
-0.71182 0.67500 
-0.71303 0.67600 
-0.71424 0.67700 
-0.71545 0.67800 
-0.71666 0.67900 
-0.71787 0.68000 
-0.71908 0.68100 
-0.72029 0.68200 
-0.72150 0.68300 
-0.72271 0.68400 
-0.72393 0.68500 
-0.72514 0.68600 
-0.72635 0.68700 
-0.72756 0.68800 
-0.72877 0.68900 
-0.72998 0.69000 
-0.73119 0.69100 
-0.73240 0.69200 
-0.73361 0.69300 
-0.73482 0.69400 
-0.73603 0.69500 
-0.73724 0.69600 
-0.73845 0.69700 
-0.73966 0.69800 
-0.74087 0.69900 
-0.74208 0.70000 
-0.74329 0.70100 
-0.74450 0.70200 
-0.74571 0.70300 
-0.74692 0.70400 
-0.74814 0.70500 
-0.74935 0.70600 
-0.75056 0.70700 
-0.75177 0.70800 
-0.75298 0.70900 
-0.75419 0.71000 
-0.75540 0.71100 
-0.75661 0.71200 
-0.75782 0.71300 
-0.75903 0.71400 
-0.76024 0.71500 
-0.76145 0.71600 
-0.76266 0.71700 
-0.76387 0.71800 
-0.76508 0.71900 
-0.76629 0.72000 
-0.76750 0.72100 
-0.76872 0.72200 
-0.76993 0.72300 
-0.77114 0.72400 
-0.77235 0.72500 
-0.77356 0.72600 
-0.77477 0.72700 
-0.77598 0.72800 
-0.77719 0.72900 
-0.77840 0.73000 
-0.77961 0.73100 
-0.78082 0.73200 
-0.78203 0.73300 
-0.78324 0.73400 
-0.78445 0.73500 
-0.78566 0.73600 
-0.78687 0.73700 
-0.78809 0.73800 
-0.78930 0.73900 
-0.79051 0.74000 
-0.79172 0.74100 
-0.79293 0.74200 
-0.79414 0.74300 
-0.79535 0.74400 
-0.79656 0.74500 
-0.79777 0.74600 
-0.79898 0.74700 
-0.80019 0.74800 
-0.80140 0.74900 
-0.80261 0.75000 
-0.80382 0.75100 
-0.80504 0.75200 
-0.80625 0.75300 
-0.80746 0.75400 
-0.80867 0.75500 
-0.80988 0.75600 
-0.81109 0.75700 
-0.81230 0.75800 
-0.81351 0.75900 
-0.81472 0.76000 
-0.81593 0.76100 
-0.81714 0.76200 
-0.81835 0.76300 
-0.81956 0.76400 
-0.82077 0.76500 
-0.82199 0.76600 
-0.82320 0.76700 
-0.82441 0.76800 
-0.82562 0.76900 
-0.82683 0.77000 
-0.82804 0.77100 
-0.82925 0.77200 
-0.83046 0.77300 
-0.83167 0.77400 
-0.83288 0.77500 
-0.83409 0.77600 
-0.83530 0.77700 
-0.83651 0.77800 
-0.83773 0.77900 
-0.83894 0.78000 
-0.84015 0.78100 
-0.84136 0.78200 
-0.84257 0.78300 
-0.84378 0.78400 
-0.84499 0.78500 
-0.84620 0.78600 
-0.84741 0.78700 
-0.84862 0.78800 
-0.84983 0.78900 
-0.85104 0.79000 
-0.85225 0.79100 
-0.85347 0.79200 
-0.85468 0.79300 
-0.85589 0.79400 
-0.85710 0.79500 
-0.85831 0.79600 
-0.85952 0.79700 
-0.86073 0.79800 
-0.86194 0.79900 
-0.86315 0.80000 
-0.86436 0.80100 
-0.86557 0.80200 
-0.86678 0.80300 
-0.86799 0.80400 
-0.86921 0.80500 
-0.87042 0.80600 
-0.87163 0.80700 
-0.87284 0.80800 
-0.87405 0.80900 
-0.87526 0.81000 
-0.87647 0.81100 
-0.87768 0.81200 
-0.87889 0.81300 
-0.88010 0.81400 
-0.88131 0.81500 
-0.88252 0.81600 
-0.88374 0.81700 
-0.88495 0.81800 
-0.88616 0.81900 
-0.88737 0.82000 
-0.88858 0.82100 
-0.88979 0.82200 
-0.89100 0.82300 
-0.89221 0.82400 
-0.89342 0.82500 
-0.89463 0.82600 
-0.89584 0.82700 
-0.89705 0.82800 
-0.89827 0.82900 
-0.89948 0.83000 
-0.90069 0.83100 
-0.90190 0.83200 
-0.90311 0.83300 
-0.90432 0.83400 
-0.90553 0.83500 
-0.90674 0.83600 
-0.90795 0.83700 
-0.90916 0.83800 
-0.91037 0.83900 
-0.91158 0.84000 
-0.91280 0.84100 
-0.91401 0.84200 
-0.91522 0.84300 
-0.91643 0.84400 
-0.91764 0.84500 
-0.91885 0.84600 
-0.92006 0.84700 
-0.92127 0.84800 
-0.92248 0.84900 
-0.92369 0.85000 
-0.92490 0.85100 
-0.92611 0.85200 
-0.92733 0.85300 
-0.92854 0.85400 
-0.92975 0.85500 
-0.93096 0.85600 
-0.93217 0.85700 
-0.93338 0.85800 
-0.93459 0.85900 
-0.93580 0.86000 
-0.93701 0.86100 
-0.93822 0.86200 
-0.93943 0.86300 
-0.94065 0.86400 
-0.94186 0.86500 
-0.94307 0.86600 
-0.94428 0.86700 
-0.94549 0.86800 
-0.94670 0.86900 
-0.94791 0.87000 
-0.94912 0.87100 
-0.95033 0.87200 
-0.95154 0.87300 
-0.95275 0.87400 
-0.95396 0.87500 
-0.95518 0.87600 
-0.95639 0.87700 
-0.95760 0.87800 
-0.95881 0.87900 
-0.96002 0.88000 
-0.96123 0.88100 
-0.96244 0.88200 
-0.96365 0.88300 
-0.96486 0.88400 
-0.96607 0.88500 
-0.96728 0.88600 
-0.96850 0.88700 
-0.96971 0.88800 
-0.97092 0.88900 
-0.97213 0.89000 
-0.97334 0.89100 
-0.97455 0.89200 
-0.97576 0.89300 
-0.97697 0.89400 
-0.97818 0.89500 
-0.97939 0.89600 
-0.98060 0.89700 
-0.98181 0.89800 
-0.98303 0.89900 
-0.98424 0.90000 
-0.98545 0.90100 
-0.98666 0.90200 
-0.98787 0.90300 
-0.98908 0.90400 
-0.99029 0.90500 
-0.99150 0.90600 
-0.99271 0.90700 
-0.99392 0.90800 
-0.99513 0.90900 
-0.99635 0.91000 
-0.99756 0.91100 
-0.99877 0.91200 
-0.99998 0.91300 
-1.00119 0.91400 
-1.00240 0.91500 
-1.00361 0.91600 
-1.00482 0.91700 
-1.00603 0.91800 
-1.00724 0.91900 
-1.00845 0.92000 
-1.00967 0.92100 
-1.01088 0.92200 
-1.01209 0.92300 
-1.01330 0.92400 
-1.01451 0.92500 
-1.01572 0.92600 
-1.01693 0.92700 
-1.01814 0.92800 
-1.01935 0.92900 
-1.02056 0.93000 
-1.02177 0.93100 
-1.02299 0.93200 
-1.02420 0.93300 
-1.02541 0.93400 
-1.02662 0.93500 
-1.02783 0.93600 
-1.02904 0.93700 
-1.03025 0.93800 
-1.03146 0.93900 
-1.03267 0.94000 
-1.03388 0.94100 
-1.03509 0.94200 
-1.03631 0.94300 
-1.03752 0.94400 
-1.03873 0.94500 
-1.03994 0.94600 
-1.04115 0.94700 
-1.04236 0.94800 
-1.04357 0.94900 
-1.04478 0.95000 
-1.04599 0.95100 
-1.04720 0.95200 
-1.04841 0.95300 
-1.04963 0.95400 
-1.05084 0.95500 
-1.05205 0.95600 
-1.05326 0.95700 
-1.05447 0.95800 
-1.05568 0.95900 
-1.05689 0.96000 
-1.05810 0.96100 
-1.05931 0.96200 
-1.06052 0.96300 
-1.06173 0.96400 
-1.06295 0.96500 
-1.06416 0.96600 
-1.06537 0.96700 
-1.06658 0.96800 
-1.06779 0.96900 
-1.06900 0.97000 
-1.07021 0.97100 
-1.07142 0.97200 
-1.07263 0.97300 
-1.07384 0.97400 
-1.07505 0.97500 
-1.07627 0.97600 
-1.07748 0.97700 
-1.07869 0.97800 
-1.07990 0.97900 
-1.08111 0.98000 
-1.08232 0.98100 
-1.08353 0.98200 
-1.08474 0.98300 
-1.08595 0.98400 
-1.08716 0.98500 
-1.08837 0.98600 
-1.08959 0.98700 
-1.09080 0.98800 
-1.09201 0.98900 
-1.09322 0.99000 
-1.09443 0.99100 
-1.09564 0.99200 
-1.09685 0.99300 
-1.09806 0.99400 
-1.09927 0.99500 
-1.10048 0.99600 
-1.10169 0.99700 
-1.10291 0.99800 
-1.10412 0.99900 
