0.00000 0.00000 
-0.00003 0.00100 
-0.00016 0.00200 
-0.00042 0.00300 
-0.00081 0.00400 
-0.00134 0.00500 
-0.00199 0.00600 
-0.00276 0.00700 
-0.00367 0.00800 
-0.00470 0.00900 
-0.00585 0.01000 
-0.00712 0.01100 
-0.00851 0.01200 
-0.01003 0.01300 
-0.01165 0.01400 
-0.01340 0.01500 
-0.01526 0.01600 
-0.01723 0.01700 
-0.01932 0.01800 
-0.02151 0.01900 
-0.02382 0.02000 
-0.02623 0.02100 
-0.02876 0.02200 
-0.03138 0.02300 
-0.03411 0.02400 
-0.03695 0.02500 
-0.03988 0.02600 
-0.04292 0.02700 
-0.04606 0.02800 
-0.04930 0.02900 
-0.05263 0.03000 
-0.05606 0.03100 
-0.05959 0.03200 
-0.06321 0.03300 
-0.06692 0.03400 
-0.07072 0.03500 
-0.07462 0.03600 
-0.07861 0.03700 
-0.08268 0.03800 
-0.08685 0.03900 
-0.09110 0.04000 
-0.09543 0.04100 
-0.09985 0.04200 
-0.10436 0.04300 
-0.10895 0.04400 
-0.11362 0.04500 
-0.11837 0.04600 
-0.12320 0.04700 
-0.12811 0.04800 
-0.13310 0.04900 
-0.13817 0.05000 
-0.14331 0.05100 
-0.14853 0.05200 
-0.15382 0.05300 
-0.15919 0.05400 
-0.16463 0.05500 
-0.17014 0.05600 
-0.17573 0.05700 
-0.18138 0.05800 
-0.18711 0.05900 
-0.19290 0.06000 
-0.19876 0.06100 
-0.20469 0.06200 
-0.21069 0.06300 
-0.21675 0.06400 
-0.22288 0.06500 
-0.22907 0.06600 
-0.23533 0.06700 
-0.24164 0.06800 
-0.24803 0.06900 
-0.25447 0.07000 
-0.26097 0.07100 
-0.26753 0.07200 
-0.27416 0.07300 
-0.28084 0.07400 
-0.28758 0.07500 
-0.29437 0.07600 
-0.30123 0.07700 
-0.30814 0.07800 
-0.31510 0.07900 
-0.32212 0.08000 
-0.32919 0.08100 
-0.33632 0.08200 
-0.34350 0.08300 
-0.35073 0.08400 
-0.35802 0.08500 
-0.36535 0.08600 
-0.37274 0.08700 
-0.38018 0.08800 
-0.38766 0.08900 
-0.39520 0.09000 
-0.40278 0.09100 
-0.41041 0.09200 
-0.41809 0.09300 
-0.42581 0.09400 
-0.43358 0.09500 
-0.44139 0.09600 
-0.44926 0.09700 
-0.45716 0.09800 
-0.46511 0.09900 
-0.47310 0.10000 
-0.48114 0.10100 
-0.48922 0.10200 
-0.49734 0.10300 
-0.50550 0.10400 
-0.51370 0.10500 
-0.52194 0.10600 
-0.53023 0.10700 
-0.53855 0.10800 
-0.54691 0.10900 
-0.55531 0.11000 
-0.56375 0.11100 
-0.57223 0.11200 
-0.58074 0.11300 
-0.58930 0.11400 
-0.59788 0.11500 
-0.60651 0.11600 
-0.61517 0.11700 
-0.62386 0.11800 
-0.63259 0.11900 
-0.64136 0.12000 
-0.65016 0.12100 
-0.65899 0.12200 
-0.66786 0.12300 
-0.67676 0.12400 
-0.68569 0.12500 
-0.69465 0.12600 
-0.70365 0.12700 
-0.71267 0.12800 
-0.72173 0.12900 
-0.73082 0.13000 
-0.73994 0.13100 
-0.74909 0.13200 
-0.75827 0.13300 
-0.76748 0.13400 
-0.77672 0.13500 
-0.78598 0.13600 
-0.79528 0.13700 
-0.80460 0.13800 
-0.81395 0.13900 
-0.82333 0.14000 
-0.83273 0.14100 
-0.84217 0.14200 
-0.85162 0.14300 
-0.86111 0.14400 
-0.87062 0.14500 
-0.88016 0.14600 
-0.88972 0.14700 
-0.89930 0.14800 
-0.90891 0.14900 
-0.91855 0.15000 
-0.92821 0.15100 
-0.93789 0.15200 
-0.94760 0.15300 
-0.95733 0.15400 
-0.96708 0.15500 
-0.97686 0.15600 
-0.98666 0.15700 
-0.99648 0.15800 
-1.00632 0.15900 
-1.01619 0.16000 
-1.02607 0.16100 
-1.03598 0.16200 
-1.04591 0.16300 
-1.05586 0.16400 
-1.06583 0.16500 
-1.07582 0.16600 
-1.08583 0.16700 
-1.09586 0.16800 
-1.10591 0.16900 
-1.11598 0.17000 
-1.12607 0.17100 
-1.13617 0.17200 
-1.14630 0.17300 
-1.15644 0.17400 
-1.16661 0.17500 
-1.17679 0.17600 
-1.18699 0.17700 
-1.19720 0.17800 
-1.20744 0.17900 
-1.21769 0.18000 
-1.22796 0.18100 
-1.23824 0.18200 
-1.24854 0.18300 
-1.25886 0.18400 
-1.26920 0.18500 
-1.27955 0.18600 
-1.28991 0.18700 
-1.30030 0.18800 
-1.31069 0.18900 
-1.32111 0.19000 
-1.33154 0.19100 
-1.34198 0.19200 
-1.35244 0.19300 
-1.36291 0.19400 
-1.37340 0.19500 
-1.38390 0.19600 
-1.39442 0.19700 
-1.40495 0.19800 
-1.41549 0.19900 
-1.42605 0.20000 
-1.43662 0.20100 
-1.44721 0.20200 
-1.45781 0.20300 
-1.46842 0.20400 
-1.47904 0.20500 
-1.48968 0.20600 
-1.50033 0.20700 
-1.51099 0.20800 
-1.52167 0.20900 
-1.53236 0.21000 
-1.54306 0.21100 
-1.55377 0.21200 
-1.56449 0.21300 
-1.57523 0.21400 
-1.58597 0.21500 
-1.59673 0.21600 
-1.60750 0.21700 
-1.61828 0.21800 
-1.62907 0.21900 
-1.63987 0.22000 
-1.65069 0.22100 
-1.66151 0.22200 
-1.67234 0.22300 
-1.68319 0.22400 
-1.69404 0.22500 
-1.70491 0.22600 
-1.71578 0.22700 
-1.72667 0.22800 
-1.73756 0.22900 
-1.74846 0.23000 
-1.75938 0.23100 
-1.77030 0.23200 
-1.78123 0.23300 
-1.79218 0.23400 
-1.80313 0.23500 
-1.81409 0.23600 
-1.82505 0.23700 
-1.83603 0.23800 
-1.84702 0.23900 
-1.85801 0.24000 
-1.86902 0.24100 
-1.88003 0.24200 
-1.89105 0.24300 
-1.90208 0.24400 
-1.91312 0.24500 
-1.92416 0.24600 
-1.93521 0.24700 
-1.94627 0.24800 
-1.95734 0.24900 
-1.96842 0.25000 
-1.97950 0.25100 
-1.99059 0.25200 
-2.00169 0.25300 
-2.01280 0.25400 
-2.02391 0.25500 
-2.03503 0.25600 
-2.04616 0.25700 
-2.05729 0.25800 
-2.06844 0.25900 
-2.07958 0.26000 
-2.09074 0.26100 
-2.10190 0.26200 
-2.11307 0.26300 
-2.12424 0.26400 
-2.13543 0.26500 
-2.14661 0.26600 
-2.15781 0.26700 
-2.16901 0.26800 
-2.18021 0.26900 
-2.19143 0.27000 
-2.20265 0.27100 
-2.21387 0.27200 
-2.22510 0.27300 
-2.23634 0.27400 
-2.24758 0.27500 
-2.25883 0.27600 
-2.27008 0.27700 
-2.28134 0.27800 
-2.29261 0.27900 
-2.30388 0.28000 
-2.31515 0.28100 
-2.32643 0.28200 
-2.33772 0.28300 
-2.34901 0.28400 
-2.36031 0.28500 
-2.37161 0.28600 
-2.38291 0.28700 
-2.39423 0.28800 
-2.40554 0.28900 
-2.41686 0.29000 
-2.42819 0.29100 
-2.43952 0.29200 
-2.45086 0.29300 
-2.46220 0.29400 
-2.47354 0.29500 
-2.48489 0.29600 
-2.49624 0.29700 
-2.50760 0.29800 
-2.51896 0.29900 
-2.53033 0.30000 
-2.54170 0.30100 
-2.55308 0.30200 
-2.56446 0.30300 
-2.57584 0.30400 
-2.58723 0.30500 
-2.59862 0.30600 
-2.61001 0.30700 
-2.62141 0.30800 
-2.63282 0.30900 
-2.64423 0.31000 
-2.65564 0.31100 
-2.66705 0.31200 
-2.67847 0.31300 
-2.68989 0.31400 
-2.70132 0.31500 
-2.71275 0.31600 
-2.72418 0.31700 
-2.73562 0.31800 
-2.74706 0.31900 
-2.75850 0.32000 
-2.76995 0.32100 
-2.78140 0.32200 
-2.79285 0.32300 
-2.80431 0.32400 
-2.81577 0.32500 
-2.82723 0.32600 
-2.83870 0.32700 
-2.85017 0.32800 
-2.86164 0.32900 
-2.87312 0.33000 
-2.88460 0.33100 
-2.89608 0.33200 
-2.90756 0.33300 
-2.91905 0.33400 
-2.93054 0.33500 
-2.94204 0.33600 
-2.95353 0.33700 
-2.96503 0.33800 
-2.97653 0.33900 
-2.98804 0.34000 
-2.99955 0.34100 
-3.01106 0.34200 
-3.02257 0.34300 
-3.03408 0.34400 
-3.04560 0.34500 
-3.05712 0.34600 
-3.06865 0.34700 
-3.08017 0.34800 
-3.09170 0.34900 
-3.10323 0.35000 
-3.11476 0.35100 
-3.12630 0.35200 
-3.13783 0.35300 
-3.14937 0.35400 
-3.16092 0.35500 
-3.17246 0.35600 
-3.18401 0.35700 
-3.19556 0.35800 
-3.20711 0.35900 
-3.21866 0.36000 
-3.23021 0.36100 
-3.24177 0.36200 
-3.25333 0.36300 
-3.26489 0.36400 
-3.27646 0.36500 
-3.28802 0.36600 
-3.29959 0.36700 
-3.31116 0.36800 
-3.32273 0.36900 
-3.33430 0.37000 
-3.34588 0.37100 
-3.35746 0.37200 
-3.36904 0.37300 
-3.38062 0.37400 
-3.39220 0.37500 
-3.40378 0.37600 
-3.41537 0.37700 
-3.42696 0.37800 
-3.43855 0.37900 
-3.45014 0.38000 
-3.46173 0.38100 
-3.47333 0.38200 
-3.48492 0.38300 
-3.49652 0.38400 
-3.50812 0.38500 
-3.51972 0.38600 
-3.53133 0.38700 
-3.54293 0.38800 
-3.55454 0.38900 
-3.56615 0.39000 
-3.57775 0.39100 
-3.58936 0.39200 
-3.60098 0.39300 
-3.61259 0.39400 
-3.62421 0.39500 
-3.63582 0.39600 
-3.64744 0.39700 
-3.65906 0.39800 
-3.67068 0.39900 
-3.68230 0.40000 
-3.69393 0.40100 
-3.70555 0.40200 
-3.71718 0.40300 
-3.72880 0.40400 
-3.74043 0.40500 
-3.75206 0.40600 
-3.76369 0.40700 
-3.77533 0.40800 
-3.78696 0.40900 
-3.79859 0.41000 
-3.81023 0.41100 
-3.82187 0.41200 
-3.83351 0.41300 
-3.84515 0.41400 
-3.85679 0.41500 
-3.86843 0.41600 
-3.88007 0.41700 
-3.89172 0.41800 
-3.90336 0.41900 
-3.91501 0.42000 
-3.92666 0.42100 
-3.93830 0.42200 
-3.94995 0.42300 
-3.96160 0.42400 
-3.97326 0.42500 
-3.98491 0.42600 
-3.99656 0.42700 
-4.00822 0.42800 
-4.01987 0.42900 
-4.03153 0.43000 
-4.04319 0.43100 
-4.05484 0.43200 
-4.06650 0.43300 
-4.07816 0.43400 
-4.08983 0.43500 
-4.10149 0.43600 
-4.11315 0.43700 
-4.12481 0.43800 
-4.13648 0.43900 
-4.14814 0.44000 
-4.15981 0.44100 
-4.17148 0.44200 
-4.18315 0.44300 
-4.19482 0.44400 
-4.20648 0.44500 
-4.21816 0.44600 
-4.22983 0.44700 
-4.24150 0.44800 
-4.25317 0.44900 
-4.26485 0.45000 
-4.27652 0.45100 
-4.28820 0.45200 
-4.29987 0.45300 
-4.31155 0.45400 
-4.32323 0.45500 
-4.33490 0.45600 
-4.34658 0.45700 
-4.35826 0.45800 
-4.36994 0.45900 
-4.38162 0.46000 
-4.39330 0.46100 
-4.40499 0.46200 
-4.41667 0.46300 
-4.42835 0.46400 
-4.44004 0.46500 
-4.45172 0.46600 
-4.46341 0.46700 
-4.47509 0.46800 
-4.48678 0.46900 
-4.49847 0.47000 
-4.51016 0.47100 
-4.52184 0.47200 
-4.53353 0.47300 
-4.54522 0.47400 
-4.55691 0.47500 
-4.56860 0.47600 
-4.58030 0.47700 
-4.59199 0.47800 
-4.60368 0.47900 
-4.61537 0.48000 
-4.62707 0.48100 
-4.63876 0.48200 
-4.65046 0.48300 
-4.66215 0.48400 
-4.67385 0.48500 
-4.68554 0.48600 
-4.69724 0.48700 
-4.70894 0.48800 
-4.72063 0.48900 
-4.73233 0.49000 
-4.74403 0.49100 
-4.75573 0.49200 
-4.76743 0.49300 
-4.77913 0.49400 
-4.79083 0.49500 
-4.80253 0.49600 
-4.81423 0.49700 
-4.82593 0.49800 
-4.83764 0.49900 
-4.84934 0.50000 
-4.86104 0.50100 
-4.87275 0.50200 
-4.88445 0.50300 
-4.89615 0.50400 
-4.90786 0.50500 
-4.91956 0.50600 
-4.93127 0.50700 
-4.94297 0.50800 
-4.95468 0.50900 
-4.96639 0.51000 
-4.97809 0.51100 
-4.98980 0.51200 
-5.00151 0.51300 
-5.01322 0.51400 
-5.02493 0.51500 
-5.03664 0.51600 
-5.04835 0.51700 
-5.06005 0.51800 
-5.07176 0.51900 
-5.08347 0.52000 
-5.09519 0.52100 
-5.10690 0.52200 
-5.11861 0.52300 
-5.13032 0.52400 
-5.14203 0.52500 
-5.15374 0.52600 
-5.16546 0.52700 
-5.17717 0.52800 
-5.18888 0.52900 
-5.20060 0.53000 
-5.21231 0.53100 
-5.22402 0.53200 
-5.23574 0.53300 
-5.24745 0.53400 
-5.25917 0.53500 
-5.27088 0.53600 
-5.28260 0.53700 
-5.29431 0.53800 
-5.30603 0.53900 
-5.31775 0.54000 
-5.32946 0.54100 
-5.34118 0.54200 
-5.35290 0.54300 
-5.36461 0.54400 
-5.37633 0.54500 
-5.38805 0.54600 
-5.39977 0.54700 
-5.41149 0.54800 
-5.42321 0.54900 
-5.43492 0.55000 
-5.44664 0.55100 
-5.45836 0.55200 
-5.47008 0.55300 
-5.48180 0.55400 
-5.49352 0.55500 
-5.50524 0.55600 
-5.51696 0.55700 
-5.52868 0.55800 
-5.54041 0.55900 
-5.55213 0.56000 
-5.56385 0.56100 
-5.57557 0.56200 
-5.58729 0.56300 
-5.59901 0.56400 
-5.61074 0.56500 
-5.62246 0.56600 
-5.63418 0.56700 
-5.64590 0.56800 
-5.65763 0.56900 
-5.66935 0.57000 
-5.68107 0.57100 
-5.69280 0.57200 
-5.70452 0.57300 
-5.71624 0.57400 
-5.72797 0.57500 
-5.73969 0.57600 
-5.75142 0.57700 
-5.76314 0.57800 
-5.77487 0.57900 
-5.78659 0.58000 
-5.79832 0.58100 
-5.81004 0.58200 
-5.82177 0.58300 
-5.83349 0.58400 
-5.84522 0.58500 
-5.85694 0.58600 
-5.86867 0.58700 
-5.88040 0.58800 
-5.89212 0.58900 
-5.90385 0.59000 
-5.91558 0.59100 
-5.92730 0.59200 
-5.93903 0.59300 
-5.95076 0.59400 
-5.96249 0.59500 
-5.97421 0.59600 
-5.98594 0.59700 
-5.99767 0.59800 
-6.00940 0.59900 
-6.02112 0.60000 
-6.03285 0.60100 
-6.04458 0.60200 
-6.05631 0.60300 
-6.06804 0.60400 
-6.07977 0.60500 
-6.09150 0.60600 
-6.10322 0.60700 
-6.11495 0.60800 
-6.12668 0.60900 
-6.13841 0.61000 
-6.15014 0.61100 
-6.16187 0.61200 
-6.17360 0.61300 
-6.18533 0.61400 
-6.19706 0.61500 
-6.20879 0.61600 
-6.22052 0.61700 
-6.23225 0.61800 
-6.24398 0.61900 
-6.25571 0.62000 
-6.26744 0.62100 
-6.27917 0.62200 
-6.29090 0.62300 
-6.30263 0.62400 
-6.31437 0.62500 
-6.32610 0.62600 
-6.33783 0.62700 
-6.34956 0.62800 
-6.36129 0.62900 
-6.37302 0.63000 
-6.38475 0.63100 
-6.39649 0.63200 
-6.40822 0.63300 
-6.41995 0.63400 
-6.43168 0.63500 
-6.44341 0.63600 
-6.45515 0.63700 
-6.46688 0.63800 
-6.47861 0.63900 
-6.49034 0.64000 
-6.50207 0.64100 
-6.51381 0.64200 
-6.52554 0.64300 
-6.53727 0.64400 
-6.54901 0.64500 
-6.56074 0.64600 
-6.57247 0.64700 
-6.58420 0.64800 
-6.59594 0.64900 
-6.60767 0.65000 
-6.61940 0.65100 
-6.63114 0.65200 
-6.64287 0.65300 
-6.65460 0.65400 
-6.66634 0.65500 
-6.67807 0.65600 
-6.68980 0.65700 
-6.70154 0.65800 
-6.71327 0.65900 
-6.72501 0.66000 
-6.73674 0.66100 
-6.74847 0.66200 
-6.76021 0.66300 
-6.77194 0.66400 
-6.78368 0.66500 
-6.79541 0.66600 
-6.80715 0.66700 
-6.81888 0.66800 
-6.83061 0.66900 
-6.84235 0.67000 
-6.85408 0.67100 
-6.86582 0.67200 
-6.87755 0.67300 
-6.88929 0.67400 
-6.90102 0.67500 
-6.91276 0.67600 
-6.92449 0.67700 
-6.93623 0.67800 
-6.94796 0.67900 
-6.95970 0.68000 
-6.97143 0.68100 
-6.98317 0.68200 
-6.99490 0.68300 
-7.00664 0.68400 
-7.01837 0.68500 
-7.03011 0.68600 
-7.04185 0.68700 
-7.05358 0.68800 
-7.06532 0.68900 
-7.07705 0.69000 
-7.08879 0.69100 
-7.10052 0.69200 
-7.11226 0.69300 
-7.12400 0.69400 
-7.13573 0.69500 
-7.14747 0.69600 
-7.15920 0.69700 
-7.17094 0.69800 
-7.18268 0.69900 
-7.19441 0.70000 
-7.20615 0.70100 
-7.21788 0.70200 
-7.22962 0.70300 
-7.24136 0.70400 
-7.25309 0.70500 
-7.26483 0.70600 
-7.27657 0.70700 
-7.28830 0.70800 
-7.30004 0.70900 
-7.31177 0.71000 
-7.32351 0.71100 
-7.33525 0.71200 
-7.34698 0.71300 
-7.35872 0.71400 
-7.37046 0.71500 
-7.38219 0.71600 
-7.39393 0.71700 
-7.40567 0.71800 
-7.41740 0.71900 
-7.42914 0.72000 
-7.44088 0.72100 
-7.45262 0.72200 
-7.46435 0.72300 
-7.47609 0.72400 
-7.48783 0.72500 
-7.49956 0.72600 
-7.51130 0.72700 
-7.52304 0.72800 
-7.53478 0.72900 
-7.54651 0.73000 
-7.55825 0.73100 
-7.56999 0.73200 
-7.58172 0.73300 
-7.59346 0.73400 
-7.60520 0.73500 
-7.61694 0.73600 
-7.62867 0.73700 
-7.64041 0.73800 
-7.65215 0.73900 
-7.66389 0.74000 
-7.67562 0.74100 
-7.68736 0.74200 
-7.69910 0.74300 
-7.71084 0.74400 
-7.72257 0.74500 
-7.73431 0.74600 
-7.74605 0.74700 
-7.75779 0.74800 
-7.76952 0.74900 
-7.78126 0.75000 
-7.79300 0.75100 
-7.80474 0.75200 
-7.81648 0.75300 
-7.82821 0.75400 
-7.83995 0.75500 
-7.85169 0.75600 
-7.86343 0.75700 
-7.87516 0.75800 
-7.88690 0.75900 
-7.89864 0.76000 
-7.91038 0.76100 
-7.92212 0.76200 
-7.93385 0.76300 
-7.94559 0.76400 
-7.95733 0.76500 
-7.96907 0.76600 
-7.98081 0.76700 
-7.99255 0.76800 
-8.00428 0.76900 
-8.01602 0.77000 
-8.02776 0.77100 
-8.03950 0.77200 
-8.05124 0.77300 
-8.06297 0.77400 
-8.07471 0.77500 
-8.08645 0.77600 
-8.09819 0.77700 
-8.10993 0.77800 
-8.12167 0.77900 
-8.13340 0.78000 
-8.14514 0.78100 
-8.15688 0.78200 
-8.16862 0.78300 
-8.18036 0.78400 
-8.19210 0.78500 
-8.20383 0.78600 
-8.21557 0.78700 
-8.22731 0.78800 
-8.23905 0.78900 
-8.25079 0.79000 
-8.26253 0.79100 
-8.27427 0.79200 
-8.28600 0.79300 
-8.29774 0.79400 
-8.30948 0.79500 
-8.32122 0.79600 
-8.33296 0.79700 
-8.34470 0.79800 
-8.35644 0.79900 
-8.36817 0.80000 
-8.37991 0.80100 
-8.39165 0.80200 
-8.40339 0.80300 
-8.41513 0.80400 
-8.42687 0.80500 
-8.43861 0.80600 
-8.45035 0.80700 
-8.46208 0.80800 
-8.47382 0.80900 
-8.48556 0.81000 
-8.49730 0.81100 
-8.50904 0.81200 
-8.52078 0.81300 
-8.53252 0.81400 
-8.54426 0.81500 
-8.55600 0.81600 
-8.56773 0.81700 
-8.57947 0.81800 
-8.59121 0.81900 
-8.60295 0.82000 
-8.61469 0.82100 
-8.62643 0.82200 
-8.63817 0.82300 
-8.64991 0.82400 
-8.66165 0.82500 
-8.67338 0.82600 
-8.68512 0.82700 
-8.69686 0.82800 
-8.70860 0.82900 
-8.72034 0.83000 
-8.73208 0.83100 
-8.74382 0.83200 
-8.75556 0.83300 
-8.76730 0.83400 
-8.77904 0.83500 
-8.79077 0.83600 
-8.80251 0.83700 
-8.81425 0.83800 
-8.82599 0.83900 
-8.83773 0.84000 
-8.84947 0.84100 
-8.86121 0.84200 
-8.87295 0.84300 
-8.88469 0.84400 
-8.89643 0.84500 
-8.90817 0.84600 
-8.91990 0.84700 
-8.93164 0.84800 
-8.94338 0.84900 
-8.95512 0.85000 
-8.96686 0.85100 
-8.97860 0.85200 
-8.99034 0.85300 
-9.00208 0.85400 
-9.01382 0.85500 
-9.02556 0.85600 
-9.03730 0.85700 
-9.04904 0.85800 
-9.06078 0.85900 
-9.07251 0.86000 
-9.08425 0.86100 
-9.09599 0.86200 
-9.10773 0.86300 
-9.11947 0.86400 
-9.13121 0.86500 
-9.14295 0.86600 
-9.15469 0.86700 
-9.16643 0.86800 
-9.17817 0.86900 
-9.18991 0.87000 
-9.20165 0.87100 
-9.21339 0.87200 
-9.22513 0.87300 
-9.23686 0.87400 
-9.24860 0.87500 
-9.26034 0.87600 
-9.27208 0.87700 
-9.28382 0.87800 
-9.29556 0.87900 
-9.30730 0.88000 
-9.31904 0.88100 
-9.33078 0.88200 
-9.34252 0.88300 
-9.35426 0.88400 
-9.36600 0.88500 
-9.37774 0.88600 
-9.38948 0.88700 
-9.40122 0.88800 
-9.41296 0.88900 
-9.42469 0.89000 
-9.43643 0.89100 
-9.44817 0.89200 
-9.45991 0.89300 
-9.47165 0.89400 
-9.48339 0.89500 
-9.49513 0.89600 
-9.50687 0.89700 
-9.51861 0.89800 
-9.53035 0.89900 
-9.54209 0.90000 
-9.55383 0.90100 
-9.56557 0.90200 
-9.57731 0.90300 
-9.58905 0.90400 
-9.60079 0.90500 
-9.61253 0.90600 
-9.62427 0.90700 
-9.63601 0.90800 
-9.64774 0.90900 
-9.65948 0.91000 
-9.67122 0.91100 
-9.68296 0.91200 
-9.69470 0.91300 
-9.70644 0.91400 
-9.71818 0.91500 
-9.72992 0.91600 
-9.74166 0.91700 
-9.75340 0.91800 
-9.76514 0.91900 
-9.77688 0.92000 
-9.78862 0.92100 
-9.80036 0.92200 
-9.81210 0.92300 
-9.82384 0.92400 
-9.83558 0.92500 
-9.84732 0.92600 
-9.85906 0.92700 
-9.87080 0.92800 
-9.88254 0.92900 
-9.89428 0.93000 
-9.90601 0.93100 
-9.91775 0.93200 
-9.92949 0.93300 
-9.94123 0.93400 
-9.95297 0.93500 
-9.96471 0.93600 
-9.97645 0.93700 
-9.98819 0.93800 
-9.99993 0.93900 
-10.01167 0.94000 
-10.02341 0.94100 
-10.03515 0.94200 
-10.04689 0.94300 
-10.05863 0.94400 
-10.07037 0.94500 
-10.08211 0.94600 
-10.09385 0.94700 
-10.10559 0.94800 
-10.11733 0.94900 
-10.12907 0.95000 
-10.14081 0.95100 
-10.15255 0.95200 
-10.16429 0.95300 
-10.17603 0.95400 
-10.18777 0.95500 
-10.19951 0.95600 
-10.21125 0.95700 
-10.22298 0.95800 
-10.23472 0.95900 
-10.24646 0.96000 
-10.25820 0.96100 
-10.26994 0.96200 
-10.28168 0.96300 
-10.29342 0.96400 
-10.30516 0.96500 
-10.31690 0.96600 
-10.32864 0.96700 
-10.34038 0.96800 
-10.35212 0.96900 
-10.36386 0.97000 
-10.37560 0.97100 
-10.38734 0.97200 
-10.39908 0.97300 
-10.41082 0.97400 
-10.42256 0.97500 
-10.43430 0.97600 
-10.44604 0.97700 
-10.45778 0.97800 
-10.46952 0.97900 
-10.48126 0.98000 
-10.49300 0.98100 
-10.50474 0.98200 
-10.51648 0.98300 
-10.52822 0.98400 
-10.53996 0.98500 
-10.55170 0.98600 
-10.56344 0.98700 
-10.57518 0.98800 
-10.58692 0.98900 
-10.59865 0.99000 
-10.61039 0.99100 
-10.62213 0.99200 
-10.63387 0.99300 
-10.64561 0.99400 
-10.65735 0.99500 
-10.66909 0.99600 
-10.68083 0.99700 
-10.69257 0.99800 
-10.70431 0.99900 
-10.71605 1.00000 
-10.72779 1.00100 
-10.73953 1.00200 
-10.75127 1.00300 
-10.76301 1.00400 
-10.77475 1.00500 
-10.78649 1.00600 
-10.79823 1.00700 
-10.80997 1.00800 
-10.82171 1.00900 
-10.83345 1.01000 
-10.84519 1.01100 
-10.85693 1.01200 
-10.86867 1.01300 
-10.88041 1.01400 
-10.89215 1.01500 
-10.90389 1.01600 
-10.91563 1.01700 
-10.92737 1.01800 
-10.93911 1.01900 
-10.95085 1.02000 
-10.96259 1.02100 
-10.97433 1.02200 
-10.98607 1.02300 
-10.99781 1.02400 
-11.00955 1.02500 
-11.02129 1.02600 
-11.03303 1.02700 
-11.04477 1.02800 
-11.05650 1.02900 
-11.06824 1.03000 
-11.07998 1.03100 
-11.09172 1.03200 
-11.10346 1.03300 
-11.11520 1.03400 
-11.12694 1.03500 
-11.13868 1.03600 
-11.15042 1.03700 
-11.16216 1.03800 
-11.17390 1.03900 
-11.18564 1.04000 
-11.19738 1.04100 
-11.20912 1.04200 
-11.22086 1.04300 
-11.23260 1.04400 
-11.24434 1.04500 
-11.25608 1.04600 
-11.26782 1.04700 
-11.27956 1.04800 
-11.29130 1.04900 
-11.30304 1.05000 
-11.31478 1.05100 
-11.32652 1.05200 
-11.33826 1.05300 
-11.35000 1.05400 
-11.36174 1.05500 
-11.37348 1.05600 
-11.38522 1.05700 
-11.39696 1.05800 
-11.40870 1.05900 
-11.42044 1.06000 
-11.43218 1.06100 
-11.44392 1.06200 
-11.45566 1.06300 
-11.46740 1.06400 
-11.47914 1.06500 
-11.49088 1.06600 
-11.50262 1.06700 
-11.51436 1.06800 
-11.52610 1.06900 
-11.53784 1.07000 
-11.54958 1.07100 
-11.56132 1.07200 
-11.57306 1.07300 
-11.58480 1.07400 
-11.59653 1.07500 
-11.60827 1.07600 
-11.62001 1.07700 
-11.63175 1.07800 
-11.64349 1.07900 
-11.65523 1.08000 
-11.66697 1.08100 
-11.67871 1.08200 
-11.69045 1.08300 
-11.70219 1.08400 
-11.71393 1.08500 
-11.72567 1.08600 
-11.73741 1.08700 
-11.74915 1.08800 
-11.76089 1.08900 
-11.77263 1.09000 
-11.78437 1.09100 
-11.79611 1.09200 
-11.80785 1.09300 
-11.81959 1.09400 
-11.83133 1.09500 
-11.84307 1.09600 
-11.85481 1.09700 
-11.86655 1.09800 
-11.87829 1.09900 
-11.89003 1.10000 
-11.90177 1.10100 
-11.91351 1.10200 
-11.92525 1.10300 
-11.93699 1.10400 
-11.94873 1.10500 
-11.96047 1.10600 
-11.97221 1.10700 
-11.98395 1.10800 
-11.99569 1.10900 
-12.00743 1.11000 
-12.01917 1.11100 
-12.03091 1.11200 
-12.04265 1.11300 
-12.05439 1.11400 
-12.06613 1.11500 
-12.07787 1.11600 
-12.08961 1.11700 
-12.10135 1.11800 
-12.11309 1.11900 
-12.12483 1.12000 
-12.13657 1.12100 
-12.14831 1.12200 
-12.16005 1.12300 
-12.17179 1.12400 
-12.18353 1.12500 
-12.19527 1.12600 
-12.20701 1.12700 
-12.21875 1.12800 
-12.23048 1.12900 
-12.24222 1.13000 
-12.25396 1.13100 
-12.26570 1.13200 
-12.27744 1.13300 
-12.28918 1.13400 
-12.30092 1.13500 
-12.31266 1.13600 
-12.32440 1.13700 
-12.33614 1.13800 
-12.34788 1.13900 
-12.35962 1.14000 
-12.37136 1.14100 
-12.38310 1.14200 
-12.39484 1.14300 
-12.40658 1.14400 
-12.41832 1.14500 
-12.43006 1.14600 
-12.44180 1.14700 
-12.45354 1.14800 
-12.46528 1.14900 
-12.47702 1.15000 
-12.48876 1.15100 
-12.50050 1.15200 
-12.51224 1.15300 
-12.52398 1.15400 
-12.53572 1.15500 
-12.54746 1.15600 
-12.55920 1.15700 
-12.57094 1.15800 
-12.58268 1.15900 
-12.59442 1.16000 
-12.60616 1.16100 
-12.61790 1.16200 
-12.62964 1.16300 
-12.64138 1.16400 
-12.65312 1.16500 
-12.66486 1.16600 
-12.67660 1.16700 
-12.68834 1.16800 
-12.70008 1.16900 
-12.71182 1.17000 
-12.72356 1.17100 
-12.73530 1.17200 
-12.74704 1.17300 
-12.75878 1.17400 
-12.77052 1.17500 
-12.78226 1.17600 
-12.79400 1.17700 
-12.80574 1.17800 
-12.81748 1.17900 
-12.82922 1.18000 
-12.84096 1.18100 
-12.85270 1.18200 
-12.86444 1.18300 
-12.87618 1.18400 
-12.88792 1.18500 
-12.89966 1.18600 
-12.91140 1.18700 
-12.92313 1.18800 
-12.93487 1.18900 
-12.94661 1.19000 
-12.95835 1.19100 
-12.97009 1.19200 
-12.98183 1.19300 
-12.99357 1.19400 
-13.00531 1.19500 
-13.01705 1.19600 
-13.02879 1.19700 
-13.04053 1.19800 
-13.05227 1.19900 
-13.06401 1.20000 
-13.07575 1.20100 
-13.08749 1.20200 
-13.09923 1.20300 
-13.11097 1.20400 
-13.12271 1.20500 
-13.13445 1.20600 
-13.14619 1.20700 
-13.15793 1.20800 
-13.16967 1.20900 
-13.18141 1.21000 
-13.19315 1.21100 
-13.20489 1.21200 
-13.21663 1.21300 
-13.22837 1.21400 
-13.24011 1.21500 
-13.25185 1.21600 
-13.26359 1.21700 
-13.27533 1.21800 
-13.28707 1.21900 
-13.29881 1.22000 
-13.31055 1.22100 
-13.32229 1.22200 
-13.33403 1.22300 
-13.34577 1.22400 
-13.35751 1.22500 
-13.36925 1.22600 
-13.38099 1.22700 
-13.39273 1.22800 
-13.40447 1.22900 
-13.41621 1.23000 
-13.42795 1.23100 
-13.43969 1.23200 
-13.45143 1.23300 
-13.46317 1.23400 
-13.47491 1.23500 
-13.48665 1.23600 
-13.49839 1.23700 
-13.51013 1.23800 
-13.52187 1.23900 
-13.53361 1.24000 
-13.54535 1.24100 
-13.55709 1.24200 
-13.56883 1.24300 
-13.58057 1.24400 
-13.59231 1.24500 
-13.60405 1.24600 
-13.61579 1.24700 
-13.62753 1.24800 
-13.63927 1.24900 
-13.65100 1.25000 
-13.66274 1.25100 
-13.67448 1.25200 
-13.68622 1.25300 
-13.69796 1.25400 
-13.70970 1.25500 
-13.72144 1.25600 
-13.73318 1.25700 
-13.74492 1.25800 
-13.75666 1.25900 
-13.76840 1.26000 
-13.78014 1.26100 
-13.79188 1.26200 
-13.80362 1.26300 
-13.81536 1.26400 
-13.82710 1.26500 
-13.83884 1.26600 
-13.85058 1.26700 
-13.86232 1.26800 
-13.87406 1.26900 
-13.88580 1.27000 
-13.89754 1.27100 
-13.90928 1.27200 
-13.92102 1.27300 
-13.93276 1.27400 
-13.94450 1.27500 
-13.95624 1.27600 
-13.96798 1.27700 
-13.97972 1.27800 
-13.99146 1.27900 
-14.00320 1.28000 
-14.01494 1.28100 
-14.02668 1.28200 
-14.03842 1.28300 
-14.05016 1.28400 
-14.06190 1.28500 
-14.07364 1.28600 
-14.08538 1.28700 
-14.09712 1.28800 
-14.10886 1.28900 
-14.12060 1.29000 
-14.13234 1.29100 
-14.14408 1.29200 
-14.15582 1.29300 
-14.16756 1.29400 
-14.17930 1.29500 
-14.19104 1.29600 
-14.20278 1.29700 
-14.21452 1.29800 
-14.22626 1.29900 
-14.23800 1.30000 
-14.24974 1.30100 
-14.26148 1.30200 
-14.27322 1.30300 
-14.28496 1.30400 
-14.29670 1.30500 
-14.30844 1.30600 
-14.32018 1.30700 
-14.33192 1.30800 
-14.34366 1.30900 
-14.35540 1.31000 
-14.36714 1.31100 
-14.37888 1.31200 
-14.39062 1.31300 
-14.40236 1.31400 
-14.41409 1.31500 
-14.42583 1.31600 
-14.43757 1.31700 
-14.44931 1.31800 
-14.46105 1.31900 
-14.47279 1.32000 
-14.48453 1.32100 
-14.49627 1.32200 
-14.50801 1.32300 
-14.51975 1.32400 
-14.53149 1.32500 
-14.54323 1.32600 
-14.55497 1.32700 
-14.56671 1.32800 
-14.57845 1.32900 
-14.59019 1.33000 
-14.60193 1.33100 
-14.61367 1.33200 
-14.62541 1.33300 
-14.63715 1.33400 
-14.64889 1.33500 
-14.66063 1.33600 
-14.67237 1.33700 
-14.68411 1.33800 
-14.69585 1.33900 
-14.70759 1.34000 
-14.71933 1.34100 
-14.73107 1.34200 
-14.74281 1.34300 
-14.75455 1.34400 
-14.76629 1.34500 
-14.77803 1.34600 
-14.78977 1.34700 
-14.80151 1.34800 
-14.81325 1.34900 
-14.82499 1.35000 
-14.83673 1.35100 
-14.84847 1.35200 
-14.86021 1.35300 
-14.87195 1.35400 
-14.88369 1.35500 
-14.89543 1.35600 
-14.90717 1.35700 
-14.91891 1.35800 
-14.93065 1.35900 
-14.94239 1.36000 
-14.95413 1.36100 
-14.96587 1.36200 
-14.97761 1.36300 
-14.98935 1.36400 
-15.00109 1.36500 
-15.01283 1.36600 
-15.02457 1.36700 
-15.03631 1.36800 
-15.04805 1.36900 
-15.05979 1.37000 
-15.07153 1.37100 
-15.08327 1.37200 
-15.09501 1.37300 
-15.10675 1.37400 
-15.11849 1.37500 
-15.13023 1.37600 
-15.14197 1.37700 
-15.15371 1.37800 
-15.16545 1.37900 
-15.17719 1.38000 
-15.18892 1.38100 
-15.20066 1.38200 
-15.21240 1.38300 
-15.22414 1.38400 
-15.23588 1.38500 
-15.24762 1.38600 
-15.25936 1.38700 
-15.27110 1.38800 
-15.28284 1.38900 
-15.29458 1.39000 
-15.30632 1.39100 
-15.31806 1.39200 
-15.32980 1.39300 
-15.34154 1.39400 
-15.35328 1.39500 
-15.36502 1.39600 
-15.37676 1.39700 
-15.38850 1.39800 
-15.40024 1.39900 
-15.41198 1.40000 
-15.42372 1.40100 
-15.43546 1.40200 
-15.44720 1.40300 
-15.45894 1.40400 
-15.47068 1.40500 
-15.48242 1.40600 
-15.49416 1.40700 
-15.50590 1.40800 
-15.51764 1.40900 
-15.52938 1.41000 
-15.54112 1.41100 
-15.55286 1.41200 
-15.56460 1.41300 
-15.57634 1.41400 
-15.58808 1.41500 
-15.59982 1.41600 
-15.61156 1.41700 
-15.62330 1.41800 
-15.63504 1.41900 
-15.64678 1.42000 
-15.65852 1.42100 
-15.67026 1.42200 
-15.68200 1.42300 
-15.69374 1.42400 
-15.70548 1.42500 
-15.71722 1.42600 
-15.72896 1.42700 
-15.74070 1.42800 
-15.75244 1.42900 
-15.76418 1.43000 
-15.77592 1.43100 
-15.78766 1.43200 
-15.79940 1.43300 
-15.81114 1.43400 
-15.82288 1.43500 
-15.83462 1.43600 
-15.84636 1.43700 
-15.85810 1.43800 
-15.86984 1.43900 
-15.88158 1.44000 
-15.89332 1.44100 
-15.90506 1.44200 
-15.91680 1.44300 
-15.92854 1.44400 
-15.94028 1.44500 
-15.95202 1.44600 
-15.96376 1.44700 
-15.97549 1.44800 
-15.98723 1.44900 
-15.99897 1.45000 
-16.01071 1.45100 
-16.02245 1.45200 
-16.03419 1.45300 
-16.04593 1.45400 
-16.05767 1.45500 
-16.06941 1.45600 
-16.08115 1.45700 
-16.09289 1.45800 
-16.10463 1.45900 
-16.11637 1.46000 
-16.12811 1.46100 
-16.13985 1.46200 
-16.15159 1.46300 
-16.16333 1.46400 
-16.17507 1.46500 
-16.18681 1.46600 
-16.19855 1.46700 
-16.21029 1.46800 
-16.22203 1.46900 
-16.23377 1.47000 
-16.24551 1.47100 
-16.25725 1.47200 
-16.26899 1.47300 
-16.28073 1.47400 
-16.29247 1.47500 
-16.30421 1.47600 
-16.31595 1.47700 
-16.32769 1.47800 
-16.33943 1.47900 
-16.35117 1.48000 
-16.36291 1.48100 
-16.37465 1.48200 
-16.38639 1.48300 
-16.39813 1.48400 
-16.40987 1.48500 
-16.42161 1.48600 
-16.43335 1.48700 
-16.44509 1.48800 
-16.45683 1.48900 
-16.46857 1.49000 
-16.48031 1.49100 
-16.49205 1.49200 
-16.50379 1.49300 
-16.51553 1.49400 
-16.52727 1.49500 
-16.53901 1.49600 
-16.55075 1.49700 
-16.56249 1.49800 
-16.57423 1.49900 
-16.58597 1.50000 
-16.59771 1.50100 
-16.60945 1.50200 
-16.62119 1.50300 
-16.63293 1.50400 
-16.64467 1.50500 
-16.65641 1.50600 
-16.66815 1.50700 
-16.67989 1.50800 
-16.69163 1.50900 
-16.70337 1.51000 
-16.71511 1.51100 
-16.72685 1.51200 
-16.73859 1.51300 
-16.75032 1.51400 
-16.76206 1.51500 
-16.77380 1.51600 
-16.78554 1.51700 
-16.79728 1.51800 
-16.80902 1.51900 
-16.82076 1.52000 
-16.83250 1.52100 
-16.84424 1.52200 
-16.85598 1.52300 
-16.86772 1.52400 
-16.87946 1.52500 
-16.89120 1.52600 
-16.90294 1.52700 
-16.91468 1.52800 
-16.92642 1.52900 
-16.93816 1.53000 
-16.94990 1.53100 
-16.96164 1.53200 
-16.97338 1.53300 
-16.98512 1.53400 
-16.99686 1.53500 
-17.00860 1.53600 
-17.02034 1.53700 
-17.03208 1.53800 
-17.04382 1.53900 
-17.05556 1.54000 
-17.06730 1.54100 
-17.07904 1.54200 
-17.09078 1.54300 
-17.10252 1.54400 
-17.11426 1.54500 
-17.12600 1.54600 
-17.13774 1.54700 
-17.14948 1.54800 
-17.16122 1.54900 
-17.17296 1.55000 
-17.18470 1.55100 
-17.19644 1.55200 
-17.20818 1.55300 
-17.21992 1.55400 
-17.23166 1.55500 
-17.24340 1.55600 
-17.25514 1.55700 
-17.26688 1.55800 
-17.27862 1.55900 
-17.29036 1.56000 
-17.30210 1.56100 
-17.31384 1.56200 
-17.32558 1.56300 
-17.33732 1.56400 
-17.34906 1.56500 
-17.36080 1.56600 
-17.37254 1.56700 
-17.38428 1.56800 
-17.39602 1.56900 
-17.40776 1.57000 
-17.41950 1.57100 
-17.43124 1.57200 
-17.44298 1.57300 
-17.45472 1.57400 
-17.46646 1.57500 
-17.47820 1.57600 
-17.48994 1.57700 
-17.50168 1.57800 
-17.51342 1.57900 
-17.52516 1.58000 
-17.53689 1.58100 
-17.54863 1.58200 
-17.56037 1.58300 
-17.57211 1.58400 
-17.58385 1.58500 
-17.59559 1.58600 
-17.60733 1.58700 
-17.61907 1.58800 
-17.63081 1.58900 
-17.64255 1.59000 
-17.65429 1.59100 
-17.66603 1.59200 
-17.67777 1.59300 
-17.68951 1.59400 
-17.70125 1.59500 
-17.71299 1.59600 
-17.72473 1.59700 
-17.73647 1.59800 
-17.74821 1.59900 
-17.75995 1.60000 
-17.77169 1.60100 
-17.78343 1.60200 
-17.79517 1.60300 
-17.80691 1.60400 
-17.81865 1.60500 
-17.83039 1.60600 
-17.84213 1.60700 
-17.85387 1.60800 
-17.86561 1.60900 
-17.87735 1.61000 
-17.88909 1.61100 
-17.90083 1.61200 
-17.91257 1.61300 
-17.92431 1.61400 
-17.93605 1.61500 
-17.94779 1.61600 
-17.95953 1.61700 
-17.97127 1.61800 
-17.98301 1.61900 
-17.99475 1.62000 
-18.00649 1.62100 
-18.01823 1.62200 
-18.02997 1.62300 
-18.04171 1.62400 
-18.05345 1.62500 
-18.06519 1.62600 
-18.07693 1.62700 
-18.08867 1.62800 
-18.10041 1.62900 
-18.11215 1.63000 
-18.12389 1.63100 
-18.13563 1.63200 
-18.14737 1.63300 
-18.15911 1.63400 
-18.17085 1.63500 
-18.18259 1.63600 
-18.19433 1.63700 
-18.20607 1.63800 
-18.21781 1.63900 
-18.22955 1.64000 
-18.24129 1.64100 
-18.25303 1.64200 
-18.26477 1.64300 
-18.27651 1.64400 
-18.28825 1.64500 
-18.29999 1.64600 
-18.31173 1.64700 
-18.32346 1.64800 
-18.33520 1.64900 
-18.34694 1.65000 
-18.35868 1.65100 
-18.37042 1.65200 
-18.38216 1.65300 
-18.39390 1.65400 
-18.40564 1.65500 
-18.41738 1.65600 
-18.42912 1.65700 
-18.44086 1.65800 
-18.45260 1.65900 
-18.46434 1.66000 
-18.47608 1.66100 
-18.48782 1.66200 
-18.49956 1.66300 
-18.51130 1.66400 
-18.52304 1.66500 
-18.53478 1.66600 
-18.54652 1.66700 
-18.55826 1.66800 
-18.57000 1.66900 
-18.58174 1.67000 
-18.59348 1.67100 
-18.60522 1.67200 
-18.61696 1.67300 
-18.62870 1.67400 
-18.64044 1.67500 
-18.65218 1.67600 
-18.66392 1.67700 
-18.67566 1.67800 
-18.68740 1.67900 
-18.69914 1.68000 
-18.71088 1.68100 
-18.72262 1.68200 
-18.73436 1.68300 
-18.74610 1.68400 
-18.75784 1.68500 
-18.76958 1.68600 
-18.78132 1.68700 
-18.79306 1.68800 
-18.80480 1.68900 
-18.81654 1.69000 
-18.82828 1.69100 
-18.84002 1.69200 
-18.85176 1.69300 
-18.86350 1.69400 
-18.87524 1.69500 
-18.88698 1.69600 
-18.89872 1.69700 
-18.91046 1.69800 
-18.92220 1.69900 
-18.93394 1.70000 
-18.94568 1.70100 
-18.95742 1.70200 
-18.96916 1.70300 
-18.98090 1.70400 
-18.99264 1.70500 
-19.00438 1.70600 
-19.01612 1.70700 
-19.02786 1.70800 
-19.03960 1.70900 
-19.05134 1.71000 
-19.06308 1.71100 
-19.07482 1.71200 
-19.08656 1.71300 
-19.09830 1.71400 
-19.11003 1.71500 
-19.12177 1.71600 
-19.13351 1.71700 
-19.14525 1.71800 
-19.15699 1.71900 
-19.16873 1.72000 
-19.18047 1.72100 
-19.19221 1.72200 
-19.20395 1.72300 
-19.21569 1.72400 
-19.22743 1.72500 
-19.23917 1.72600 
-19.25091 1.72700 
-19.26265 1.72800 
-19.27439 1.72900 
-19.28613 1.73000 
-19.29787 1.73100 
-19.30961 1.73200 
-19.32135 1.73300 
-19.33309 1.73400 
-19.34483 1.73500 
-19.35657 1.73600 
-19.36831 1.73700 
-19.38005 1.73800 
-19.39179 1.73900 
-19.40353 1.74000 
-19.41527 1.74100 
-19.42701 1.74200 
-19.43875 1.74300 
-19.45049 1.74400 
-19.46223 1.74500 
-19.47397 1.74600 
-19.48571 1.74700 
-19.49745 1.74800 
-19.50919 1.74900 
-19.52093 1.75000 
-19.53267 1.75100 
-19.54441 1.75200 
-19.55615 1.75300 
-19.56789 1.75400 
-19.57963 1.75500 
-19.59137 1.75600 
-19.60311 1.75700 
-19.61485 1.75800 
-19.62659 1.75900 
-19.63833 1.76000 
-19.65007 1.76100 
-19.66181 1.76200 
-19.67355 1.76300 
-19.68529 1.76400 
-19.69703 1.76500 
-19.70877 1.76600 
-19.72051 1.76700 
-19.73225 1.76800 
-19.74399 1.76900 
-19.75573 1.77000 
-19.76747 1.77100 
-19.77921 1.77200 
-19.79095 1.77300 
-19.80269 1.77400 
-19.81443 1.77500 
-19.82617 1.77600 
-19.83791 1.77700 
-19.84965 1.77800 
-19.86139 1.77900 
-19.87313 1.78000 
-19.88487 1.78100 
-19.89660 1.78200 
-19.90834 1.78300 
-19.92008 1.78400 
-19.93182 1.78500 
-19.94356 1.78600 
-19.95530 1.78700 
-19.96704 1.78800 
-19.97878 1.78900 
-19.99052 1.79000 
-20.00226 1.79100 
-20.01400 1.79200 
-20.02574 1.79300 
-20.03748 1.79400 
-20.04922 1.79500 
-20.06096 1.79600 
-20.07270 1.79700 
-20.08444 1.79800 
-20.09618 1.79900 
-20.10792 1.80000 
-20.11966 1.80100 
-20.13140 1.80200 
-20.14314 1.80300 
-20.15488 1.80400 
-20.16662 1.80500 
-20.17836 1.80600 
-20.19010 1.80700 
-20.20184 1.80800 
-20.21358 1.80900 
-20.22532 1.81000 
-20.23706 1.81100 
-20.24880 1.81200 
-20.26054 1.81300 
-20.27228 1.81400 
-20.28402 1.81500 
-20.29576 1.81600 
-20.30750 1.81700 
-20.31924 1.81800 
-20.33098 1.81900 
-20.34272 1.82000 
-20.35446 1.82100 
-20.36620 1.82200 
-20.37794 1.82300 
-20.38968 1.82400 
-20.40142 1.82500 
-20.41316 1.82600 
-20.42490 1.82700 
-20.43664 1.82800 
-20.44838 1.82900 
-20.46012 1.83000 
-20.47186 1.83100 
-20.48360 1.83200 
-20.49534 1.83300 
-20.50708 1.83400 
-20.51882 1.83500 
-20.53056 1.83600 
-20.54230 1.83700 
-20.55404 1.83800 
-20.56578 1.83900 
-20.57752 1.84000 
-20.58926 1.84100 
-20.60100 1.84200 
-20.61274 1.84300 
-20.62448 1.84400 
-20.63622 1.84500 
-20.64796 1.84600 
-20.65970 1.84700 
-20.67144 1.84800 
-20.68317 1.84900 
-20.69491 1.85000 
-20.70665 1.85100 
-20.71839 1.85200 
-20.73013 1.85300 
-20.74187 1.85400 
-20.75361 1.85500 
-20.76535 1.85600 
-20.77709 1.85700 
-20.78883 1.85800 
-20.80057 1.85900 
-20.81231 1.86000 
-20.82405 1.86100 
-20.83579 1.86200 
-20.84753 1.86300 
-20.85927 1.86400 
-20.87101 1.86500 
-20.88275 1.86600 
-20.89449 1.86700 
-20.90623 1.86800 
-20.91797 1.86900 
-20.92971 1.87000 
-20.94145 1.87100 
-20.95319 1.87200 
-20.96493 1.87300 
-20.97667 1.87400 
-20.98841 1.87500 
-21.00015 1.87600 
-21.01189 1.87700 
-21.02363 1.87800 
-21.03537 1.87900 
-21.04711 1.88000 
-21.05885 1.88100 
-21.07059 1.88200 
-21.08233 1.88300 
-21.09407 1.88400 
-21.10581 1.88500 
-21.11755 1.88600 
-21.12929 1.88700 
-21.14103 1.88800 
-21.15277 1.88900 
-21.16451 1.89000 
-21.17625 1.89100 
-21.18799 1.89200 
-21.19973 1.89300 
-21.21147 1.89400 
-21.22321 1.89500 
-21.23495 1.89600 
-21.24669 1.89700 
-21.25843 1.89800 
-21.27017 1.89900 
-21.28191 1.90000 
-21.29365 1.90100 
-21.30539 1.90200 
-21.31713 1.90300 
-21.32887 1.90400 
-21.34061 1.90500 
-21.35235 1.90600 
-21.36409 1.90700 
-21.37583 1.90800 
-21.38757 1.90900 
-21.39931 1.91000 
-21.41105 1.91100 
-21.42279 1.91200 
-21.43453 1.91300 
-21.44627 1.91400 
-21.45801 1.91500 
-21.46974 1.91600 
-21.48148 1.91700 
-21.49322 1.91800 
-21.50496 1.91900 
-21.51670 1.92000 
-21.52844 1.92100 
-21.54018 1.92200 
-21.55192 1.92300 
-21.56366 1.92400 
-21.57540 1.92500 
-21.58714 1.92600 
-21.59888 1.92700 
-21.61062 1.92800 
-21.62236 1.92900 
-21.63410 1.93000 
-21.64584 1.93100 
-21.65758 1.93200 
-21.66932 1.93300 
-21.68106 1.93400 
-21.69280 1.93500 
-21.70454 1.93600 
-21.71628 1.93700 
-21.72802 1.93800 
-21.73976 1.93900 
-21.75150 1.94000 
-21.76324 1.94100 
-21.77498 1.94200 
-21.78672 1.94300 
-21.79846 1.94400 
-21.81020 1.94500 
-21.82194 1.94600 
-21.83368 1.94700 
-21.84542 1.94800 
-21.85716 1.94900 
-21.86890 1.95000 
-21.88064 1.95100 
-21.89238 1.95200 
-21.90412 1.95300 
-21.91586 1.95400 
-21.92760 1.95500 
-21.93934 1.95600 
-21.95108 1.95700 
-21.96282 1.95800 
-21.97456 1.95900 
-21.98630 1.96000 
-21.99804 1.96100 
-22.00978 1.96200 
-22.02152 1.96300 
-22.03326 1.96400 
-22.04500 1.96500 
-22.05674 1.96600 
-22.06848 1.96700 
-22.08022 1.96800 
-22.09196 1.96900 
-22.10370 1.97000 
-22.11544 1.97100 
-22.12718 1.97200 
-22.13892 1.97300 
-22.15066 1.97400 
-22.16240 1.97500 
-22.17414 1.97600 
-22.18588 1.97700 
-22.19762 1.97800 
-22.20936 1.97900 
-22.22110 1.98000 
-22.23284 1.98100 
-22.24458 1.98200 
-22.25631 1.98300 
-22.26805 1.98400 
-22.27979 1.98500 
-22.29153 1.98600 
-22.30327 1.98700 
-22.31501 1.98800 
-22.32675 1.98900 
-22.33849 1.99000 
-22.35023 1.99100 
-22.36197 1.99200 
-22.37371 1.99300 
-22.38545 1.99400 
-22.39719 1.99500 
-22.40893 1.99600 
-22.42067 1.99700 
-22.43241 1.99800 
-22.44415 1.99900 
-22.45589 2.00000 
-22.46763 2.00100 
-22.47937 2.00200 
-22.49111 2.00300 
-22.50285 2.00400 
-22.51459 2.00500 
-22.52633 2.00600 
-22.53807 2.00700 
-22.54981 2.00800 
-22.56155 2.00900 
-22.57329 2.01000 
-22.58503 2.01100 
-22.59677 2.01200 
-22.60851 2.01300 
-22.62025 2.01400 
-22.63199 2.01500 
-22.64373 2.01600 
-22.65547 2.01700 
-22.66721 2.01800 
-22.67895 2.01900 
-22.69069 2.02000 
-22.70243 2.02100 
-22.71417 2.02200 
-22.72591 2.02300 
-22.73765 2.02400 
-22.74939 2.02500 
-22.76113 2.02600 
-22.77287 2.02700 
-22.78461 2.02800 
-22.79635 2.02900 
-22.80809 2.03000 
-22.81983 2.03100 
-22.83157 2.03200 
-22.84331 2.03300 
-22.85505 2.03400 
-22.86679 2.03500 
-22.87853 2.03600 
-22.89027 2.03700 
-22.90201 2.03800 
-22.91375 2.03900 
-22.92549 2.04000 
-22.93723 2.04100 
-22.94897 2.04200 
-22.96071 2.04300 
-22.97245 2.04400 
-22.98419 2.04500 
-22.99593 2.04600 
-23.00767 2.04700 
-23.01941 2.04800 
-23.03115 2.04900 
-23.04288 2.05000 
-23.05462 2.05100 
-23.06636 2.05200 
-23.07810 2.05300 
-23.08984 2.05400 
-23.10158 2.05500 
-23.11332 2.05600 
-23.12506 2.05700 
-23.13680 2.05800 
-23.14854 2.05900 
-23.16028 2.06000 
-23.17202 2.06100 
-23.18376 2.06200 
-23.19550 2.06300 
-23.20724 2.06400 
-23.21898 2.06500 
-23.23072 2.06600 
-23.24246 2.06700 
-23.25420 2.06800 
-23.26594 2.06900 
-23.27768 2.07000 
-23.28942 2.07100 
-23.30116 2.07200 
-23.31290 2.07300 
-23.32464 2.07400 
-23.33638 2.07500 
-23.34812 2.07600 
-23.35986 2.07700 
-23.37160 2.07800 
-23.38334 2.07900 
-23.39508 2.08000 
-23.40682 2.08100 
-23.41856 2.08200 
-23.43030 2.08300 
-23.44204 2.08400 
-23.45378 2.08500 
-23.46552 2.08600 
-23.47726 2.08700 
-23.48900 2.08800 
-23.50074 2.08900 
-23.51248 2.09000 
-23.52422 2.09100 
-23.53596 2.09200 
-23.54770 2.09300 
-23.55944 2.09400 
-23.57118 2.09500 
-23.58292 2.09600 
-23.59466 2.09700 
-23.60640 2.09800 
-23.61814 2.09900 
-23.62988 2.10000 
-23.64162 2.10100 
-23.65336 2.10200 
-23.66510 2.10300 
-23.67684 2.10400 
-23.68858 2.10500 
-23.70032 2.10600 
-23.71206 2.10700 
-23.72380 2.10800 
-23.73554 2.10900 
-23.74728 2.11000 
-23.75902 2.11100 
-23.77076 2.11200 
-23.78250 2.11300 
-23.79424 2.11400 
-23.80598 2.11500 
-23.81772 2.11600 
-23.82945 2.11700 
-23.84119 2.11800 
-23.85293 2.11900 
-23.86467 2.12000 
-23.87641 2.12100 
-23.88815 2.12200 
-23.89989 2.12300 
-23.91163 2.12400 
-23.92337 2.12500 
-23.93511 2.12600 
-23.94685 2.12700 
-23.95859 2.12800 
-23.97033 2.12900 
-23.98207 2.13000 
-23.99381 2.13100 
-24.00555 2.13200 
-24.01729 2.13300 
-24.02903 2.13400 
-24.04077 2.13500 
-24.05251 2.13600 
-24.06425 2.13700 
-24.07599 2.13800 
-24.08773 2.13900 
-24.09947 2.14000 
-24.11121 2.14100 
-24.12295 2.14200 
-24.13469 2.14300 
-24.14643 2.14400 
-24.15817 2.14500 
-24.16991 2.14600 
-24.18165 2.14700 
-24.19339 2.14800 
-24.20513 2.14900 
-24.21687 2.15000 
-24.22861 2.15100 
-24.24035 2.15200 
-24.25209 2.15300 
-24.26383 2.15400 
-24.27557 2.15500 
-24.28731 2.15600 
-24.29905 2.15700 
-24.31079 2.15800 
-24.32253 2.15900 
-24.33427 2.16000 
-24.34601 2.16100 
-24.35775 2.16200 
-24.36949 2.16300 
-24.38123 2.16400 
-24.39297 2.16500 
-24.40471 2.16600 
-24.41645 2.16700 
-24.42819 2.16800 
-24.43993 2.16900 
-24.45167 2.17000 
-24.46341 2.17100 
-24.47515 2.17200 
-24.48689 2.17300 
-24.49863 2.17400 
-24.51037 2.17500 
-24.52211 2.17600 
-24.53385 2.17700 
-24.54559 2.17800 
-24.55733 2.17900 
-24.56907 2.18000 
-24.58081 2.18100 
-24.59255 2.18200 
-24.60428 2.18300 
-24.61602 2.18400 
-24.62776 2.18500 
-24.63950 2.18600 
-24.65124 2.18700 
-24.66298 2.18800 
-24.67472 2.18900 
-24.68646 2.19000 
-24.69820 2.19100 
-24.70994 2.19200 
-24.72168 2.19300 
-24.73342 2.19400 
-24.74516 2.19500 
-24.75690 2.19600 
-24.76864 2.19700 
-24.78038 2.19800 
-24.79212 2.19900 
-24.80386 2.20000 
-24.81560 2.20100 
-24.82734 2.20200 
-24.83908 2.20300 
-24.85082 2.20400 
-24.86256 2.20500 
-24.87430 2.20600 
-24.88604 2.20700 
-24.89778 2.20800 
-24.90952 2.20900 
-24.92126 2.21000 
-24.93300 2.21100 
-24.94474 2.21200 
-24.95648 2.21300 
-24.96822 2.21400 
-24.97996 2.21500 
-24.99170 2.21600 
-25.00344 2.21700 
-25.01518 2.21800 
-25.02692 2.21900 
-25.03866 2.22000 
-25.05040 2.22100 
-25.06214 2.22200 
-25.07388 2.22300 
-25.08562 2.22400 
-25.09736 2.22500 
-25.10910 2.22600 
-25.12084 2.22700 
-25.13258 2.22800 
-25.14432 2.22900 
-25.15606 2.23000 
-25.16780 2.23100 
-25.17954 2.23200 
-25.19128 2.23300 
-25.20302 2.23400 
-25.21476 2.23500 
-25.22650 2.23600 
-25.23824 2.23700 
-25.24998 2.23800 
-25.26172 2.23900 
-25.27346 2.24000 
-25.28520 2.24100 
-25.29694 2.24200 
-25.30868 2.24300 
-25.32042 2.24400 
-25.33216 2.24500 
-25.34390 2.24600 
-25.35564 2.24700 
-25.36738 2.24800 
-25.37912 2.24900 
-25.39085 2.25000 
-25.40259 2.25100 
-25.41433 2.25200 
-25.42607 2.25300 
-25.43781 2.25400 
-25.44955 2.25500 
-25.46129 2.25600 
-25.47303 2.25700 
-25.48477 2.25800 
-25.49651 2.25900 
-25.50825 2.26000 
-25.51999 2.26100 
-25.53173 2.26200 
-25.54347 2.26300 
-25.55521 2.26400 
-25.56695 2.26500 
-25.57869 2.26600 
-25.59043 2.26700 
-25.60217 2.26800 
-25.61391 2.26900 
-25.62565 2.27000 
-25.63739 2.27100 
-25.64913 2.27200 
-25.66087 2.27300 
-25.67261 2.27400 
-25.68435 2.27500 
-25.69609 2.27600 
-25.70783 2.27700 
-25.71957 2.27800 
-25.73131 2.27900 
-25.74305 2.28000 
-25.75479 2.28100 
-25.76653 2.28200 
-25.77827 2.28300 
-25.79001 2.28400 
-25.80175 2.28500 
-25.81349 2.28600 
-25.82523 2.28700 
-25.83697 2.28800 
-25.84871 2.28900 
-25.86045 2.29000 
-25.87219 2.29100 
-25.88393 2.29200 
-25.89567 2.29300 
-25.90741 2.29400 
-25.91915 2.29500 
-25.93089 2.29600 
-25.94263 2.29700 
-25.95437 2.29800 
-25.96611 2.29900 
-25.97785 2.30000 
-25.98959 2.30100 
-26.00133 2.30200 
-26.01307 2.30300 
-26.02481 2.30400 
-26.03655 2.30500 
-26.04829 2.30600 
-26.06003 2.30700 
-26.07177 2.30800 
-26.08351 2.30900 
-26.09525 2.31000 
-26.10699 2.31100 
-26.11873 2.31200 
-26.13047 2.31300 
-26.14221 2.31400 
-26.15395 2.31500 
-26.16569 2.31600 
-26.17742 2.31700 
-26.18916 2.31800 
-26.20090 2.31900 
-26.21264 2.32000 
-26.22438 2.32100 
-26.23612 2.32200 
-26.24786 2.32300 
-26.25960 2.32400 
-26.27134 2.32500 
-26.28308 2.32600 
-26.29482 2.32700 
-26.30656 2.32800 
-26.31830 2.32900 
-26.33004 2.33000 
-26.34178 2.33100 
-26.35352 2.33200 
-26.36526 2.33300 
-26.37700 2.33400 
-26.38874 2.33500 
-26.40048 2.33600 
-26.41222 2.33700 
-26.42396 2.33800 
-26.43570 2.33900 
-26.44744 2.34000 
-26.45918 2.34100 
-26.47092 2.34200 
-26.48266 2.34300 
-26.49440 2.34400 
-26.50614 2.34500 
-26.51788 2.34600 
-26.52962 2.34700 
-26.54136 2.34800 
-26.55310 2.34900 
-26.56484 2.35000 
-26.57658 2.35100 
-26.58832 2.35200 
-26.60006 2.35300 
-26.61180 2.35400 
-26.62354 2.35500 
-26.63528 2.35600 
-26.64702 2.35700 
-26.65876 2.35800 
-26.67050 2.35900 
-26.68224 2.36000 
-26.69398 2.36100 
-26.70572 2.36200 
-26.71746 2.36300 
-26.72920 2.36400 
-26.74094 2.36500 
-26.75268 2.36600 
-26.76442 2.36700 
-26.77616 2.36800 
-26.78790 2.36900 
-26.79964 2.37000 
-26.81138 2.37100 
-26.82312 2.37200 
-26.83486 2.37300 
-26.84660 2.37400 
-26.85834 2.37500 
-26.87008 2.37600 
-26.88182 2.37700 
-26.89356 2.37800 
-26.90530 2.37900 
-26.91704 2.38000 
-26.92878 2.38100 
-26.94052 2.38200 
-26.95226 2.38300 
-26.96399 2.38400 
-26.97573 2.38500 
-26.98747 2.38600 
-26.99921 2.38700 
-27.01095 2.38800 
-27.02269 2.38900 
-27.03443 2.39000 
-27.04617 2.39100 
-27.05791 2.39200 
-27.06965 2.39300 
-27.08139 2.39400 
-27.09313 2.39500 
-27.10487 2.39600 
-27.11661 2.39700 
-27.12835 2.39800 
-27.14009 2.39900 
-27.15183 2.40000 
-27.16357 2.40100 
-27.17531 2.40200 
-27.18705 2.40300 
-27.19879 2.40400 
-27.21053 2.40500 
-27.22227 2.40600 
-27.23401 2.40700 
-27.24575 2.40800 
-27.25749 2.40900 
-27.26923 2.41000 
-27.28097 2.41100 
-27.29271 2.41200 
-27.30445 2.41300 
-27.31619 2.41400 
-27.32793 2.41500 
-27.33967 2.41600 
-27.35141 2.41700 
-27.36315 2.41800 
-27.37489 2.41900 
-27.38663 2.42000 
-27.39837 2.42100 
-27.41011 2.42200 
-27.42185 2.42300 
-27.43359 2.42400 
-27.44533 2.42500 
-27.45707 2.42600 
-27.46881 2.42700 
-27.48055 2.42800 
-27.49229 2.42900 
-27.50403 2.43000 
-27.51577 2.43100 
-27.52751 2.43200 
-27.53925 2.43300 
-27.55099 2.43400 
-27.56273 2.43500 
-27.57447 2.43600 
-27.58621 2.43700 
-27.59795 2.43800 
-27.60969 2.43900 
-27.62143 2.44000 
-27.63317 2.44100 
-27.64491 2.44200 
-27.65665 2.44300 
-27.66839 2.44400 
-27.68013 2.44500 
-27.69187 2.44600 
-27.70361 2.44700 
-27.71535 2.44800 
-27.72709 2.44900 
-27.73883 2.45000 
-27.75056 2.45100 
-27.76230 2.45200 
-27.77404 2.45300 
-27.78578 2.45400 
-27.79752 2.45500 
-27.80926 2.45600 
-27.82100 2.45700 
-27.83274 2.45800 
-27.84448 2.45900 
-27.85622 2.46000 
-27.86796 2.46100 
-27.87970 2.46200 
-27.89144 2.46300 
-27.90318 2.46400 
-27.91492 2.46500 
-27.92666 2.46600 
-27.93840 2.46700 
-27.95014 2.46800 
-27.96188 2.46900 
-27.97362 2.47000 
-27.98536 2.47100 
-27.99710 2.47200 
-28.00884 2.47300 
-28.02058 2.47400 
-28.03232 2.47500 
-28.04406 2.47600 
-28.05580 2.47700 
-28.06754 2.47800 
-28.07928 2.47900 
-28.09102 2.48000 
-28.10276 2.48100 
-28.11450 2.48200 
-28.12624 2.48300 
-28.13798 2.48400 
-28.14972 2.48500 
-28.16146 2.48600 
-28.17320 2.48700 
-28.18494 2.48800 
-28.19668 2.48900 
-28.20842 2.49000 
-28.22016 2.49100 
-28.23190 2.49200 
-28.24364 2.49300 
-28.25538 2.49400 
-28.26712 2.49500 
-28.27886 2.49600 
-28.29060 2.49700 
-28.30234 2.49800 
-28.31408 2.49900 
-28.32582 2.50000 
-28.33756 2.50100 
-28.34930 2.50200 
-28.36104 2.50300 
-28.37278 2.50400 
-28.38452 2.50500 
-28.39626 2.50600 
-28.40800 2.50700 
-28.41974 2.50800 
-28.43148 2.50900 
-28.44322 2.51000 
-28.45496 2.51100 
-28.46670 2.51200 
-28.47844 2.51300 
-28.49018 2.51400 
-28.50192 2.51500 
-28.51366 2.51600 
-28.52540 2.51700 
-28.53713 2.51800 
-28.54887 2.51900 
-28.56061 2.52000 
-28.57235 2.52100 
-28.58409 2.52200 
-28.59583 2.52300 
-28.60757 2.52400 
-28.61931 2.52500 
-28.63105 2.52600 
-28.64279 2.52700 
-28.65453 2.52800 
-28.66627 2.52900 
-28.67801 2.53000 
-28.68975 2.53100 
-28.70149 2.53200 
-28.71323 2.53300 
-28.72497 2.53400 
-28.73671 2.53500 
-28.74845 2.53600 
-28.76019 2.53700 
-28.77193 2.53800 
-28.78367 2.53900 
-28.79541 2.54000 
-28.80715 2.54100 
-28.81889 2.54200 
-28.83063 2.54300 
-28.84237 2.54400 
-28.85411 2.54500 
-28.86585 2.54600 
-28.87759 2.54700 
-28.88933 2.54800 
-28.90107 2.54900 
-28.91281 2.55000 
-28.92455 2.55100 
-28.93629 2.55200 
-28.94803 2.55300 
-28.95977 2.55400 
-28.97151 2.55500 
-28.98325 2.55600 
-28.99499 2.55700 
-29.00673 2.55800 
-29.01847 2.55900 
-29.03021 2.56000 
-29.04195 2.56100 
-29.05369 2.56200 
-29.06543 2.56300 
-29.07717 2.56400 
-29.08891 2.56500 
-29.10065 2.56600 
-29.11239 2.56700 
-29.12413 2.56800 
-29.13587 2.56900 
-29.14761 2.57000 
-29.15935 2.57100 
-29.17109 2.57200 
-29.18283 2.57300 
-29.19457 2.57400 
-29.20631 2.57500 
-29.21805 2.57600 
-29.22979 2.57700 
-29.24153 2.57800 
-29.25327 2.57900 
-29.26501 2.58000 
-29.27675 2.58100 
-29.28849 2.58200 
-29.30023 2.58300 
-29.31197 2.58400 
-29.32370 2.58500 
-29.33544 2.58600 
-29.34718 2.58700 
-29.35892 2.58800 
-29.37066 2.58900 
-29.38240 2.59000 
-29.39414 2.59100 
-29.40588 2.59200 
-29.41762 2.59300 
-29.42936 2.59400 
-29.44110 2.59500 
-29.45284 2.59600 
-29.46458 2.59700 
-29.47632 2.59800 
-29.48806 2.59900 
-29.49980 2.60000 
-29.51154 2.60100 
-29.52328 2.60200 
-29.53502 2.60300 
-29.54676 2.60400 
-29.55850 2.60500 
-29.57024 2.60600 
-29.58198 2.60700 
-29.59372 2.60800 
-29.60546 2.60900 
-29.61720 2.61000 
-29.62894 2.61100 
-29.64068 2.61200 
-29.65242 2.61300 
-29.66416 2.61400 
-29.67590 2.61500 
-29.68764 2.61600 
-29.69938 2.61700 
-29.71112 2.61800 
-29.72286 2.61900 
-29.73460 2.62000 
-29.74634 2.62100 
-29.75808 2.62200 
-29.76982 2.62300 
-29.78156 2.62400 
-29.79330 2.62500 
-29.80504 2.62600 
-29.81678 2.62700 
-29.82852 2.62800 
-29.84026 2.62900 
-29.85200 2.63000 
-29.86374 2.63100 
-29.87548 2.63200 
-29.88722 2.63300 
-29.89896 2.63400 
-29.91070 2.63500 
-29.92244 2.63600 
-29.93418 2.63700 
-29.94592 2.63800 
-29.95766 2.63900 
-29.96940 2.64000 
-29.98114 2.64100 
-29.99288 2.64200 
-30.00462 2.64300 
-30.01636 2.64400 
-30.02810 2.64500 
-30.03984 2.64600 
-30.05158 2.64700 
-30.06332 2.64800 
-30.07506 2.64900 
-30.08680 2.65000 
-30.09854 2.65100 
-30.11027 2.65200 
-30.12201 2.65300 
-30.13375 2.65400 
-30.14549 2.65500 
-30.15723 2.65600 
-30.16897 2.65700 
-30.18071 2.65800 
-30.19245 2.65900 
-30.20419 2.66000 
-30.21593 2.66100 
-30.22767 2.66200 
-30.23941 2.66300 
-30.25115 2.66400 
-30.26289 2.66500 
-30.27463 2.66600 
-30.28637 2.66700 
-30.29811 2.66800 
-30.30985 2.66900 
-30.32159 2.67000 
-30.33333 2.67100 
-30.34507 2.67200 
-30.35681 2.67300 
-30.36855 2.67400 
-30.38029 2.67500 
-30.39203 2.67600 
-30.40377 2.67700 
-30.41551 2.67800 
-30.42725 2.67900 
-30.43899 2.68000 
-30.45073 2.68100 
-30.46247 2.68200 
-30.47421 2.68300 
-30.48595 2.68400 
-30.49769 2.68500 
-30.50943 2.68600 
-30.52117 2.68700 
-30.53291 2.68800 
-30.54465 2.68900 
-30.55639 2.69000 
-30.56813 2.69100 
-30.57987 2.69200 
-30.59161 2.69300 
-30.60335 2.69400 
-30.61509 2.69500 
-30.62683 2.69600 
-30.63857 2.69700 
-30.65031 2.69800 
-30.66205 2.69900 
-30.67379 2.70000 
-30.68553 2.70100 
-30.69727 2.70200 
-30.70901 2.70300 
-30.72075 2.70400 
-30.73249 2.70500 
-30.74423 2.70600 
-30.75597 2.70700 
-30.76771 2.70800 
-30.77945 2.70900 
-30.79119 2.71000 
-30.80293 2.71100 
-30.81467 2.71200 
-30.82641 2.71300 
-30.83815 2.71400 
-30.84989 2.71500 
-30.86163 2.71600 
-30.87337 2.71700 
-30.88511 2.71800 
-30.89684 2.71900 
-30.90858 2.72000 
-30.92032 2.72100 
-30.93206 2.72200 
-30.94380 2.72300 
-30.95554 2.72400 
-30.96728 2.72500 
-30.97902 2.72600 
-30.99076 2.72700 
-31.00250 2.72800 
-31.01424 2.72900 
-31.02598 2.73000 
-31.03772 2.73100 
-31.04946 2.73200 
-31.06120 2.73300 
-31.07294 2.73400 
-31.08468 2.73500 
-31.09642 2.73600 
-31.10816 2.73700 
-31.11990 2.73800 
-31.13164 2.73900 
-31.14338 2.74000 
-31.15512 2.74100 
-31.16686 2.74200 
-31.17860 2.74300 
-31.19034 2.74400 
-31.20208 2.74500 
-31.21382 2.74600 
-31.22556 2.74700 
-31.23730 2.74800 
-31.24904 2.74900 
-31.26078 2.75000 
-31.27252 2.75100 
-31.28426 2.75200 
-31.29600 2.75300 
-31.30774 2.75400 
-31.31948 2.75500 
-31.33122 2.75600 
-31.34296 2.75700 
-31.35470 2.75800 
-31.36644 2.75900 
-31.37818 2.76000 
-31.38992 2.76100 
-31.40166 2.76200 
-31.41340 2.76300 
-31.42514 2.76400 
-31.43688 2.76500 
-31.44862 2.76600 
-31.46036 2.76700 
-31.47210 2.76800 
-31.48384 2.76900 
-31.49558 2.77000 
-31.50732 2.77100 
-31.51906 2.77200 
-31.53080 2.77300 
-31.54254 2.77400 
-31.55428 2.77500 
-31.56602 2.77600 
-31.57776 2.77700 
-31.58950 2.77800 
-31.60124 2.77900 
-31.61298 2.78000 
-31.62472 2.78100 
-31.63646 2.78200 
-31.64820 2.78300 
-31.65994 2.78400 
-31.67168 2.78500 
-31.68341 2.78600 
-31.69515 2.78700 
-31.70689 2.78800 
-31.71863 2.78900 
-31.73037 2.79000 
-31.74211 2.79100 
-31.75385 2.79200 
-31.76559 2.79300 
-31.77733 2.79400 
-31.78907 2.79500 
-31.80081 2.79600 
-31.81255 2.79700 
-31.82429 2.79800 
-31.83603 2.79900 
-31.84777 2.80000 
-31.85951 2.80100 
-31.87125 2.80200 
-31.88299 2.80300 
-31.89473 2.80400 
-31.90647 2.80500 
-31.91821 2.80600 
-31.92995 2.80700 
-31.94169 2.80800 
-31.95343 2.80900 
-31.96517 2.81000 
-31.97691 2.81100 
-31.98865 2.81200 
-32.00039 2.81300 
-32.01213 2.81400 
-32.02387 2.81500 
-32.03561 2.81600 
-32.04735 2.81700 
-32.05909 2.81800 
-32.07083 2.81900 
-32.08257 2.82000 
-32.09431 2.82100 
-32.10605 2.82200 
-32.11779 2.82300 
-32.12953 2.82400 
-32.14127 2.82500 
-32.15301 2.82600 
-32.16475 2.82700 
-32.17649 2.82800 
-32.18823 2.82900 
-32.19997 2.83000 
-32.21171 2.83100 
-32.22345 2.83200 
-32.23519 2.83300 
-32.24693 2.83400 
-32.25867 2.83500 
-32.27041 2.83600 
-32.28215 2.83700 
-32.29389 2.83800 
-32.30563 2.83900 
-32.31737 2.84000 
-32.32911 2.84100 
-32.34085 2.84200 
-32.35259 2.84300 
-32.36433 2.84400 
-32.37607 2.84500 
-32.38781 2.84600 
-32.39955 2.84700 
-32.41129 2.84800 
-32.42303 2.84900 
-32.43477 2.85000 
-32.44651 2.85100 
-32.45825 2.85200 
-32.46998 2.85300 
-32.48172 2.85400 
-32.49346 2.85500 
-32.50520 2.85600 
-32.51694 2.85700 
-32.52868 2.85800 
-32.54042 2.85900 
-32.55216 2.86000 
-32.56390 2.86100 
-32.57564 2.86200 
-32.58738 2.86300 
-32.59912 2.86400 
-32.61086 2.86500 
-32.62260 2.86600 
-32.63434 2.86700 
-32.64608 2.86800 
-32.65782 2.86900 
-32.66956 2.87000 
-32.68130 2.87100 
-32.69304 2.87200 
-32.70478 2.87300 
-32.71652 2.87400 
-32.72826 2.87500 
-32.74000 2.87600 
-32.75174 2.87700 
-32.76348 2.87800 
-32.77522 2.87900 
-32.78696 2.88000 
-32.79870 2.88100 
-32.81044 2.88200 
-32.82218 2.88300 
-32.83392 2.88400 
-32.84566 2.88500 
-32.85740 2.88600 
-32.86914 2.88700 
-32.88088 2.88800 
-32.89262 2.88900 
-32.90436 2.89000 
-32.91610 2.89100 
-32.92784 2.89200 
-32.93958 2.89300 
-32.95132 2.89400 
-32.96306 2.89500 
-32.97480 2.89600 
-32.98654 2.89700 
-32.99828 2.89800 
-33.01002 2.89900 
-33.02176 2.90000 
-33.03350 2.90100 
-33.04524 2.90200 
-33.05698 2.90300 
-33.06872 2.90400 
-33.08046 2.90500 
-33.09220 2.90600 
-33.10394 2.90700 
-33.11568 2.90800 
-33.12742 2.90900 
-33.13916 2.91000 
-33.15090 2.91100 
-33.16264 2.91200 
-33.17438 2.91300 
-33.18612 2.91400 
-33.19786 2.91500 
-33.20960 2.91600 
-33.22134 2.91700 
-33.23308 2.91800 
-33.24482 2.91900 
-33.25655 2.92000 
-33.26829 2.92100 
-33.28003 2.92200 
-33.29177 2.92300 
-33.30351 2.92400 
-33.31525 2.92500 
-33.32699 2.92600 
-33.33873 2.92700 
-33.35047 2.92800 
-33.36221 2.92900 
-33.37395 2.93000 
-33.38569 2.93100 
-33.39743 2.93200 
-33.40917 2.93300 
-33.42091 2.93400 
-33.43265 2.93500 
-33.44439 2.93600 
-33.45613 2.93700 
-33.46787 2.93800 
-33.47961 2.93900 
-33.49135 2.94000 
-33.50309 2.94100 
-33.51483 2.94200 
-33.52657 2.94300 
-33.53831 2.94400 
-33.55005 2.94500 
-33.56179 2.94600 
-33.57353 2.94700 
-33.58527 2.94800 
-33.59701 2.94900 
-33.60875 2.95000 
-33.62049 2.95100 
-33.63223 2.95200 
-33.64397 2.95300 
-33.65571 2.95400 
-33.66745 2.95500 
-33.67919 2.95600 
-33.69093 2.95700 
-33.70267 2.95800 
-33.71441 2.95900 
-33.72615 2.96000 
-33.73789 2.96100 
-33.74963 2.96200 
-33.76137 2.96300 
-33.77311 2.96400 
-33.78485 2.96500 
-33.79659 2.96600 
-33.80833 2.96700 
-33.82007 2.96800 
-33.83181 2.96900 
-33.84355 2.97000 
-33.85529 2.97100 
-33.86703 2.97200 
-33.87877 2.97300 
-33.89051 2.97400 
-33.90225 2.97500 
-33.91399 2.97600 
-33.92573 2.97700 
-33.93747 2.97800 
-33.94921 2.97900 
-33.96095 2.98000 
-33.97269 2.98100 
-33.98443 2.98200 
-33.99617 2.98300 
-34.00791 2.98400 
-34.01965 2.98500 
-34.03139 2.98600 
-34.04312 2.98700 
-34.05486 2.98800 
-34.06660 2.98900 
-34.07834 2.99000 
-34.09008 2.99100 
-34.10182 2.99200 
-34.11356 2.99300 
-34.12530 2.99400 
-34.13704 2.99500 
-34.14878 2.99600 
-34.16052 2.99700 
-34.17226 2.99800 
-34.18400 2.99900 
-34.19574 3.00000 
-34.20748 3.00100 
-34.21922 3.00200 
-34.23096 3.00300 
-34.24270 3.00400 
-34.25444 3.00500 
-34.26618 3.00600 
-34.27792 3.00700 
-34.28966 3.00800 
-34.30140 3.00900 
-34.31314 3.01000 
-34.32488 3.01100 
-34.33662 3.01200 
-34.34836 3.01300 
-34.36010 3.01400 
-34.37184 3.01500 
-34.38358 3.01600 
-34.39532 3.01700 
-34.40706 3.01800 
-34.41880 3.01900 
-34.43054 3.02000 
-34.44228 3.02100 
-34.45402 3.02200 
-34.46576 3.02300 
-34.47750 3.02400 
-34.48924 3.02500 
-34.50098 3.02600 
-34.51272 3.02700 
-34.52446 3.02800 
-34.53620 3.02900 
-34.54794 3.03000 
-34.55968 3.03100 
-34.57142 3.03200 
-34.58316 3.03300 
-34.59490 3.03400 
-34.60664 3.03500 
-34.61838 3.03600 
-34.63012 3.03700 
-34.64186 3.03800 
-34.65360 3.03900 
-34.66534 3.04000 
-34.67708 3.04100 
-34.68882 3.04200 
-34.70056 3.04300 
-34.71230 3.04400 
-34.72404 3.04500 
-34.73578 3.04600 
-34.74752 3.04700 
-34.75926 3.04800 
-34.77100 3.04900 
-34.78274 3.05000 
-34.79448 3.05100 
-34.80622 3.05200 
-34.81795 3.05300 
-34.82969 3.05400 
-34.84143 3.05500 
-34.85317 3.05600 
-34.86491 3.05700 
-34.87665 3.05800 
-34.88839 3.05900 
-34.90013 3.06000 
-34.91187 3.06100 
-34.92361 3.06200 
-34.93535 3.06300 
-34.94709 3.06400 
-34.95883 3.06500 
-34.97057 3.06600 
-34.98231 3.06700 
-34.99405 3.06800 
-35.00579 3.06900 
-35.01753 3.07000 
-35.02927 3.07100 
-35.04101 3.07200 
-35.05275 3.07300 
-35.06449 3.07400 
-35.07623 3.07500 
-35.08797 3.07600 
-35.09971 3.07700 
-35.11145 3.07800 
-35.12319 3.07900 
-35.13493 3.08000 
-35.14667 3.08100 
-35.15841 3.08200 
-35.17015 3.08300 
-35.18189 3.08400 
-35.19363 3.08500 
-35.20537 3.08600 
-35.21711 3.08700 
-35.22885 3.08800 
-35.24059 3.08900 
-35.25233 3.09000 
-35.26407 3.09100 
-35.27581 3.09200 
-35.28755 3.09300 
-35.29929 3.09400 
-35.31103 3.09500 
-35.32277 3.09600 
-35.33451 3.09700 
-35.34625 3.09800 
-35.35799 3.09900 
-35.36973 3.10000 
-35.38147 3.10100 
-35.39321 3.10200 
-35.40495 3.10300 
-35.41669 3.10400 
-35.42843 3.10500 
-35.44017 3.10600 
-35.45191 3.10700 
-35.46365 3.10800 
-35.47539 3.10900 
-35.48713 3.11000 
-35.49887 3.11100 
-35.51061 3.11200 
-35.52235 3.11300 
-35.53409 3.11400 
-35.54583 3.11500 
-35.55757 3.11600 
-35.56931 3.11700 
-35.58105 3.11800 
-35.59279 3.11900 
-35.60452 3.12000 
-35.61626 3.12100 
-35.62800 3.12200 
-35.63974 3.12300 
-35.65148 3.12400 
-35.66322 3.12500 
-35.67496 3.12600 
-35.68670 3.12700 
-35.69844 3.12800 
-35.71018 3.12900 
-35.72192 3.13000 
-35.73366 3.13100 
-35.74540 3.13200 
-35.75714 3.13300 
-35.76888 3.13400 
-35.78062 3.13500 
-35.79236 3.13600 
-35.80410 3.13700 
-35.81584 3.13800 
-35.82758 3.13900 
-35.83932 3.14000 
-35.85106 3.14100 
-35.86280 3.14200 
-35.87454 3.14300 
-35.88628 3.14400 
-35.89802 3.14500 
-35.90976 3.14600 
-35.92150 3.14700 
-35.93324 3.14800 
-35.94498 3.14900 
-35.95672 3.15000 
-35.96846 3.15100 
-35.98020 3.15200 
-35.99194 3.15300 
-36.00368 3.15400 
-36.01542 3.15500 
-36.02716 3.15600 
-36.03890 3.15700 
-36.05064 3.15800 
-36.06238 3.15900 
-36.07412 3.16000 
-36.08586 3.16100 
-36.09760 3.16200 
-36.10934 3.16300 
-36.12108 3.16400 
-36.13282 3.16500 
-36.14456 3.16600 
-36.15630 3.16700 
-36.16804 3.16800 
-36.17978 3.16900 
-36.19152 3.17000 
-36.20326 3.17100 
-36.21500 3.17200 
-36.22674 3.17300 
-36.23848 3.17400 
-36.25022 3.17500 
-36.26196 3.17600 
-36.27370 3.17700 
-36.28544 3.17800 
-36.29718 3.17900 
-36.30892 3.18000 
-36.32066 3.18100 
-36.33240 3.18200 
-36.34414 3.18300 
-36.35588 3.18400 
-36.36762 3.18500 
-36.37936 3.18600 
-36.39109 3.18700 
-36.40283 3.18800 
-36.41457 3.18900 
-36.42631 3.19000 
-36.43805 3.19100 
-36.44979 3.19200 
-36.46153 3.19300 
-36.47327 3.19400 
-36.48501 3.19500 
-36.49675 3.19600 
-36.50849 3.19700 
-36.52023 3.19800 
-36.53197 3.19900 
-36.54371 3.20000 
-36.55545 3.20100 
-36.56719 3.20200 
-36.57893 3.20300 
-36.59067 3.20400 
-36.60241 3.20500 
-36.61415 3.20600 
-36.62589 3.20700 
-36.63763 3.20800 
-36.64937 3.20900 
-36.66111 3.21000 
-36.67285 3.21100 
-36.68459 3.21200 
-36.69633 3.21300 
-36.70807 3.21400 
-36.71981 3.21500 
-36.73155 3.21600 
-36.74329 3.21700 
-36.75503 3.21800 
-36.76677 3.21900 
-36.77851 3.22000 
-36.79025 3.22100 
-36.80199 3.22200 
-36.81373 3.22300 
-36.82547 3.22400 
-36.83721 3.22500 
-36.84895 3.22600 
-36.86069 3.22700 
-36.87243 3.22800 
-36.88417 3.22900 
-36.89591 3.23000 
-36.90765 3.23100 
-36.91939 3.23200 
-36.93113 3.23300 
-36.94287 3.23400 
-36.95461 3.23500 
-36.96635 3.23600 
-36.97809 3.23700 
-36.98983 3.23800 
-37.00157 3.23900 
-37.01331 3.24000 
-37.02505 3.24100 
-37.03679 3.24200 
-37.04853 3.24300 
-37.06027 3.24400 
-37.07201 3.24500 
-37.08375 3.24600 
-37.09549 3.24700 
-37.10723 3.24800 
-37.11897 3.24900 
-37.13071 3.25000 
-37.14245 3.25100 
-37.15419 3.25200 
-37.16593 3.25300 
-37.17766 3.25400 
-37.18940 3.25500 
-37.20114 3.25600 
-37.21288 3.25700 
-37.22462 3.25800 
-37.23636 3.25900 
-37.24810 3.26000 
-37.25984 3.26100 
-37.27158 3.26200 
-37.28332 3.26300 
-37.29506 3.26400 
-37.30680 3.26500 
-37.31854 3.26600 
-37.33028 3.26700 
-37.34202 3.26800 
-37.35376 3.26900 
-37.36550 3.27000 
-37.37724 3.27100 
-37.38898 3.27200 
-37.40072 3.27300 
-37.41246 3.27400 
-37.42420 3.27500 
-37.43594 3.27600 
-37.44768 3.27700 
-37.45942 3.27800 
-37.47116 3.27900 
-37.48290 3.28000 
-37.49464 3.28100 
-37.50638 3.28200 
-37.51812 3.28300 
-37.52986 3.28400 
-37.54160 3.28500 
-37.55334 3.28600 
-37.56508 3.28700 
-37.57682 3.28800 
-37.58856 3.28900 
-37.60030 3.29000 
-37.61204 3.29100 
-37.62378 3.29200 
-37.63552 3.29300 
-37.64726 3.29400 
-37.65900 3.29500 
-37.67074 3.29600 
-37.68248 3.29700 
-37.69422 3.29800 
-37.70596 3.29900 
-37.71770 3.30000 
-37.72944 3.30100 
-37.74118 3.30200 
-37.75292 3.30300 
-37.76466 3.30400 
-37.77640 3.30500 
-37.78814 3.30600 
-37.79988 3.30700 
-37.81162 3.30800 
-37.82336 3.30900 
-37.83510 3.31000 
-37.84684 3.31100 
-37.85858 3.31200 
-37.87032 3.31300 
-37.88206 3.31400 
-37.89380 3.31500 
-37.90554 3.31600 
-37.91728 3.31700 
-37.92902 3.31800 
-37.94076 3.31900 
-37.95250 3.32000 
-37.96423 3.32100 
-37.97597 3.32200 
-37.98771 3.32300 
-37.99945 3.32400 
-38.01119 3.32500 
-38.02293 3.32600 
-38.03467 3.32700 
-38.04641 3.32800 
-38.05815 3.32900 
-38.06989 3.33000 
-38.08163 3.33100 
-38.09337 3.33200 
-38.10511 3.33300 
-38.11685 3.33400 
-38.12859 3.33500 
-38.14033 3.33600 
-38.15207 3.33700 
-38.16381 3.33800 
-38.17555 3.33900 
-38.18729 3.34000 
-38.19903 3.34100 
-38.21077 3.34200 
-38.22251 3.34300 
-38.23425 3.34400 
-38.24599 3.34500 
-38.25773 3.34600 
-38.26947 3.34700 
-38.28121 3.34800 
-38.29295 3.34900 
-38.30469 3.35000 
-38.31643 3.35100 
-38.32817 3.35200 
-38.33991 3.35300 
-38.35165 3.35400 
-38.36339 3.35500 
-38.37513 3.35600 
-38.38687 3.35700 
-38.39861 3.35800 
-38.41035 3.35900 
-38.42209 3.36000 
-38.43383 3.36100 
-38.44557 3.36200 
-38.45731 3.36300 
-38.46905 3.36400 
-38.48079 3.36500 
-38.49253 3.36600 
-38.50427 3.36700 
-38.51601 3.36800 
-38.52775 3.36900 
-38.53949 3.37000 
-38.55123 3.37100 
-38.56297 3.37200 
-38.57471 3.37300 
-38.58645 3.37400 
-38.59819 3.37500 
-38.60993 3.37600 
-38.62167 3.37700 
-38.63341 3.37800 
-38.64515 3.37900 
-38.65689 3.38000 
-38.66863 3.38100 
-38.68037 3.38200 
-38.69211 3.38300 
-38.70385 3.38400 
-38.71559 3.38500 
-38.72733 3.38600 
-38.73907 3.38700 
-38.75080 3.38800 
-38.76254 3.38900 
-38.77428 3.39000 
-38.78602 3.39100 
-38.79776 3.39200 
-38.80950 3.39300 
-38.82124 3.39400 
-38.83298 3.39500 
-38.84472 3.39600 
-38.85646 3.39700 
-38.86820 3.39800 
-38.87994 3.39900 
-38.89168 3.40000 
-38.90342 3.40100 
-38.91516 3.40200 
-38.92690 3.40300 
-38.93864 3.40400 
-38.95038 3.40500 
-38.96212 3.40600 
-38.97386 3.40700 
-38.98560 3.40800 
-38.99734 3.40900 
-39.00908 3.41000 
-39.02082 3.41100 
-39.03256 3.41200 
-39.04430 3.41300 
-39.05604 3.41400 
-39.06778 3.41500 
-39.07952 3.41600 
-39.09126 3.41700 
-39.10300 3.41800 
-39.11474 3.41900 
-39.12648 3.42000 
-39.13822 3.42100 
-39.14996 3.42200 
-39.16170 3.42300 
-39.17344 3.42400 
-39.18518 3.42500 
-39.19692 3.42600 
-39.20866 3.42700 
-39.22040 3.42800 
-39.23214 3.42900 
-39.24388 3.43000 
-39.25562 3.43100 
-39.26736 3.43200 
-39.27910 3.43300 
-39.29084 3.43400 
-39.30258 3.43500 
-39.31432 3.43600 
-39.32606 3.43700 
-39.33780 3.43800 
-39.34954 3.43900 
-39.36128 3.44000 
-39.37302 3.44100 
-39.38476 3.44200 
-39.39650 3.44300 
-39.40824 3.44400 
-39.41998 3.44500 
-39.43172 3.44600 
-39.44346 3.44700 
-39.45520 3.44800 
-39.46694 3.44900 
-39.47868 3.45000 
-39.49042 3.45100 
-39.50216 3.45200 
-39.51390 3.45300 
-39.52564 3.45400 
-39.53737 3.45500 
-39.54911 3.45600 
-39.56085 3.45700 
-39.57259 3.45800 
-39.58433 3.45900 
-39.59607 3.46000 
-39.60781 3.46100 
-39.61955 3.46200 
-39.63129 3.46300 
-39.64303 3.46400 
-39.65477 3.46500 
-39.66651 3.46600 
-39.67825 3.46700 
-39.68999 3.46800 
-39.70173 3.46900 
-39.71347 3.47000 
-39.72521 3.47100 
-39.73695 3.47200 
-39.74869 3.47300 
-39.76043 3.47400 
-39.77217 3.47500 
-39.78391 3.47600 
-39.79565 3.47700 
-39.80739 3.47800 
-39.81913 3.47900 
-39.83087 3.48000 
-39.84261 3.48100 
-39.85435 3.48200 
-39.86609 3.48300 
-39.87783 3.48400 
-39.88957 3.48500 
-39.90131 3.48600 
-39.91305 3.48700 
-39.92479 3.48800 
-39.93653 3.48900 
-39.94827 3.49000 
-39.96001 3.49100 
-39.97175 3.49200 
-39.98349 3.49300 
-39.99523 3.49400 
-40.00697 3.49500 
-40.01871 3.49600 
-40.03045 3.49700 
-40.04219 3.49800 
-40.05393 3.49900 
-40.06567 3.50000 
-40.07741 3.50100 
-40.08915 3.50200 
-40.10089 3.50300 
-40.11263 3.50400 
-40.12437 3.50500 
-40.13611 3.50600 
-40.14785 3.50700 
-40.15959 3.50800 
-40.17133 3.50900 
-40.18307 3.51000 
-40.19481 3.51100 
-40.20655 3.51200 
-40.21829 3.51300 
-40.23003 3.51400 
-40.24177 3.51500 
-40.25351 3.51600 
-40.26525 3.51700 
-40.27699 3.51800 
-40.28873 3.51900 
-40.30047 3.52000 
-40.31221 3.52100 
-40.32394 3.52200 
-40.33568 3.52300 
-40.34742 3.52400 
-40.35916 3.52500 
-40.37090 3.52600 
-40.38264 3.52700 
-40.39438 3.52800 
-40.40612 3.52900 
-40.41786 3.53000 
-40.42960 3.53100 
-40.44134 3.53200 
-40.45308 3.53300 
-40.46482 3.53400 
-40.47656 3.53500 
-40.48830 3.53600 
-40.50004 3.53700 
-40.51178 3.53800 
-40.52352 3.53900 
-40.53526 3.54000 
-40.54700 3.54100 
-40.55874 3.54200 
-40.57048 3.54300 
-40.58222 3.54400 
-40.59396 3.54500 
-40.60570 3.54600 
-40.61744 3.54700 
-40.62918 3.54800 
-40.64092 3.54900 
-40.65266 3.55000 
-40.66440 3.55100 
-40.67614 3.55200 
-40.68788 3.55300 
-40.69962 3.55400 
-40.71136 3.55500 
-40.72310 3.55600 
-40.73484 3.55700 
-40.74658 3.55800 
-40.75832 3.55900 
-40.77006 3.56000 
-40.78180 3.56100 
-40.79354 3.56200 
-40.80528 3.56300 
-40.81702 3.56400 
-40.82876 3.56500 
-40.84050 3.56600 
-40.85224 3.56700 
-40.86398 3.56800 
-40.87572 3.56900 
-40.88746 3.57000 
-40.89920 3.57100 
-40.91094 3.57200 
-40.92268 3.57300 
-40.93442 3.57400 
-40.94616 3.57500 
-40.95790 3.57600 
-40.96964 3.57700 
-40.98138 3.57800 
-40.99312 3.57900 
-41.00486 3.58000 
-41.01660 3.58100 
-41.02834 3.58200 
-41.04008 3.58300 
-41.05182 3.58400 
-41.06356 3.58500 
-41.07530 3.58600 
-41.08704 3.58700 
-41.09878 3.58800 
-41.11051 3.58900 
-41.12225 3.59000 
-41.13399 3.59100 
-41.14573 3.59200 
-41.15747 3.59300 
-41.16921 3.59400 
-41.18095 3.59500 
-41.19269 3.59600 
-41.20443 3.59700 
-41.21617 3.59800 
-41.22791 3.59900 
-41.23965 3.60000 
-41.25139 3.60100 
-41.26313 3.60200 
-41.27487 3.60300 
-41.28661 3.60400 
-41.29835 3.60500 
-41.31009 3.60600 
-41.32183 3.60700 
-41.33357 3.60800 
-41.34531 3.60900 
-41.35705 3.61000 
-41.36879 3.61100 
-41.38053 3.61200 
-41.39227 3.61300 
-41.40401 3.61400 
-41.41575 3.61500 
-41.42749 3.61600 
-41.43923 3.61700 
-41.45097 3.61800 
-41.46271 3.61900 
-41.47445 3.62000 
-41.48619 3.62100 
-41.49793 3.62200 
-41.50967 3.62300 
-41.52141 3.62400 
-41.53315 3.62500 
-41.54489 3.62600 
-41.55663 3.62700 
-41.56837 3.62800 
-41.58011 3.62900 
-41.59185 3.63000 
-41.60359 3.63100 
-41.61533 3.63200 
-41.62707 3.63300 
-41.63881 3.63400 
-41.65055 3.63500 
-41.66229 3.63600 
-41.67403 3.63700 
-41.68577 3.63800 
-41.69751 3.63900 
-41.70925 3.64000 
-41.72099 3.64100 
-41.73273 3.64200 
-41.74447 3.64300 
-41.75621 3.64400 
-41.76795 3.64500 
-41.77969 3.64600 
-41.79143 3.64700 
-41.80317 3.64800 
-41.81491 3.64900 
-41.82665 3.65000 
-41.83839 3.65100 
-41.85013 3.65200 
-41.86187 3.65300 
-41.87361 3.65400 
-41.88535 3.65500 
-41.89708 3.65600 
-41.90882 3.65700 
-41.92056 3.65800 
-41.93230 3.65900 
-41.94404 3.66000 
-41.95578 3.66100 
-41.96752 3.66200 
-41.97926 3.66300 
-41.99100 3.66400 
-42.00274 3.66500 
-42.01448 3.66600 
-42.02622 3.66700 
-42.03796 3.66800 
-42.04970 3.66900 
-42.06144 3.67000 
-42.07318 3.67100 
-42.08492 3.67200 
-42.09666 3.67300 
-42.10840 3.67400 
-42.12014 3.67500 
-42.13188 3.67600 
-42.14362 3.67700 
-42.15536 3.67800 
-42.16710 3.67900 
-42.17884 3.68000 
-42.19058 3.68100 
-42.20232 3.68200 
-42.21406 3.68300 
-42.22580 3.68400 
-42.23754 3.68500 
-42.24928 3.68600 
-42.26102 3.68700 
-42.27276 3.68800 
-42.28450 3.68900 
-42.29624 3.69000 
-42.30798 3.69100 
-42.31972 3.69200 
-42.33146 3.69300 
-42.34320 3.69400 
-42.35494 3.69500 
-42.36668 3.69600 
-42.37842 3.69700 
-42.39016 3.69800 
-42.40190 3.69900 
-42.41364 3.70000 
-42.42538 3.70100 
-42.43712 3.70200 
-42.44886 3.70300 
-42.46060 3.70400 
-42.47234 3.70500 
-42.48408 3.70600 
-42.49582 3.70700 
-42.50756 3.70800 
-42.51930 3.70900 
-42.53104 3.71000 
-42.54278 3.71100 
-42.55452 3.71200 
-42.56626 3.71300 
-42.57800 3.71400 
-42.58974 3.71500 
-42.60148 3.71600 
-42.61322 3.71700 
-42.62496 3.71800 
-42.63670 3.71900 
-42.64844 3.72000 
-42.66018 3.72100 
-42.67192 3.72200 
-42.68365 3.72300 
-42.69539 3.72400 
-42.70713 3.72500 
-42.71887 3.72600 
-42.73061 3.72700 
-42.74235 3.72800 
-42.75409 3.72900 
-42.76583 3.73000 
-42.77757 3.73100 
-42.78931 3.73200 
-42.80105 3.73300 
-42.81279 3.73400 
-42.82453 3.73500 
-42.83627 3.73600 
-42.84801 3.73700 
-42.85975 3.73800 
-42.87149 3.73900 
-42.88323 3.74000 
-42.89497 3.74100 
-42.90671 3.74200 
-42.91845 3.74300 
-42.93019 3.74400 
-42.94193 3.74500 
-42.95367 3.74600 
-42.96541 3.74700 
-42.97715 3.74800 
-42.98889 3.74900 
-43.00063 3.75000 
-43.01237 3.75100 
-43.02411 3.75200 
-43.03585 3.75300 
-43.04759 3.75400 
-43.05933 3.75500 
-43.07107 3.75600 
-43.08281 3.75700 
-43.09455 3.75800 
-43.10629 3.75900 
-43.11803 3.76000 
-43.12977 3.76100 
-43.14151 3.76200 
-43.15325 3.76300 
-43.16499 3.76400 
-43.17673 3.76500 
-43.18847 3.76600 
-43.20021 3.76700 
-43.21195 3.76800 
-43.22369 3.76900 
-43.23543 3.77000 
-43.24717 3.77100 
-43.25891 3.77200 
-43.27065 3.77300 
-43.28239 3.77400 
-43.29413 3.77500 
-43.30587 3.77600 
-43.31761 3.77700 
-43.32935 3.77800 
-43.34109 3.77900 
-43.35283 3.78000 
-43.36457 3.78100 
-43.37631 3.78200 
-43.38805 3.78300 
-43.39979 3.78400 
-43.41153 3.78500 
-43.42327 3.78600 
-43.43501 3.78700 
-43.44675 3.78800 
-43.45849 3.78900 
-43.47022 3.79000 
-43.48196 3.79100 
-43.49370 3.79200 
-43.50544 3.79300 
-43.51718 3.79400 
-43.52892 3.79500 
-43.54066 3.79600 
-43.55240 3.79700 
-43.56414 3.79800 
-43.57588 3.79900 
-43.58762 3.80000 
-43.59936 3.80100 
-43.61110 3.80200 
-43.62284 3.80300 
-43.63458 3.80400 
-43.64632 3.80500 
-43.65806 3.80600 
-43.66980 3.80700 
-43.68154 3.80800 
-43.69328 3.80900 
-43.70502 3.81000 
-43.71676 3.81100 
-43.72850 3.81200 
-43.74024 3.81300 
-43.75198 3.81400 
-43.76372 3.81500 
-43.77546 3.81600 
-43.78720 3.81700 
-43.79894 3.81800 
-43.81068 3.81900 
-43.82242 3.82000 
-43.83416 3.82100 
-43.84590 3.82200 
-43.85764 3.82300 
-43.86938 3.82400 
-43.88112 3.82500 
-43.89286 3.82600 
-43.90460 3.82700 
-43.91634 3.82800 
-43.92808 3.82900 
-43.93982 3.83000 
-43.95156 3.83100 
-43.96330 3.83200 
-43.97504 3.83300 
-43.98678 3.83400 
-43.99852 3.83500 
-44.01026 3.83600 
-44.02200 3.83700 
-44.03374 3.83800 
-44.04548 3.83900 
-44.05722 3.84000 
-44.06896 3.84100 
-44.08070 3.84200 
-44.09244 3.84300 
-44.10418 3.84400 
-44.11592 3.84500 
-44.12766 3.84600 
-44.13940 3.84700 
-44.15114 3.84800 
-44.16288 3.84900 
-44.17462 3.85000 
-44.18636 3.85100 
-44.19810 3.85200 
-44.20984 3.85300 
-44.22158 3.85400 
-44.23332 3.85500 
-44.24506 3.85600 
-44.25679 3.85700 
-44.26853 3.85800 
-44.28027 3.85900 
-44.29201 3.86000 
-44.30375 3.86100 
-44.31549 3.86200 
-44.32723 3.86300 
-44.33897 3.86400 
-44.35071 3.86500 
-44.36245 3.86600 
-44.37419 3.86700 
-44.38593 3.86800 
-44.39767 3.86900 
-44.40941 3.87000 
-44.42115 3.87100 
-44.43289 3.87200 
-44.44463 3.87300 
-44.45637 3.87400 
-44.46811 3.87500 
-44.47985 3.87600 
-44.49159 3.87700 
-44.50333 3.87800 
-44.51507 3.87900 
-44.52681 3.88000 
-44.53855 3.88100 
-44.55029 3.88200 
-44.56203 3.88300 
-44.57377 3.88400 
-44.58551 3.88500 
-44.59725 3.88600 
-44.60899 3.88700 
-44.62073 3.88800 
-44.63247 3.88900 
-44.64421 3.89000 
-44.65595 3.89100 
-44.66769 3.89200 
-44.67943 3.89300 
-44.69117 3.89400 
-44.70291 3.89500 
-44.71465 3.89600 
-44.72639 3.89700 
-44.73813 3.89800 
-44.74987 3.89900 
-44.76161 3.90000 
-44.77335 3.90100 
-44.78509 3.90200 
-44.79683 3.90300 
-44.80857 3.90400 
-44.82031 3.90500 
-44.83205 3.90600 
-44.84379 3.90700 
-44.85553 3.90800 
-44.86727 3.90900 
-44.87901 3.91000 
-44.89075 3.91100 
-44.90249 3.91200 
-44.91423 3.91300 
-44.92597 3.91400 
-44.93771 3.91500 
-44.94945 3.91600 
-44.96119 3.91700 
-44.97293 3.91800 
-44.98467 3.91900 
-44.99641 3.92000 
-45.00815 3.92100 
-45.01989 3.92200 
-45.03162 3.92300 
-45.04336 3.92400 
-45.05510 3.92500 
-45.06684 3.92600 
-45.07858 3.92700 
-45.09032 3.92800 
-45.10206 3.92900 
-45.11380 3.93000 
-45.12554 3.93100 
-45.13728 3.93200 
-45.14902 3.93300 
-45.16076 3.93400 
-45.17250 3.93500 
-45.18424 3.93600 
-45.19598 3.93700 
-45.20772 3.93800 
-45.21946 3.93900 
-45.23120 3.94000 
-45.24294 3.94100 
-45.25468 3.94200 
-45.26642 3.94300 
-45.27816 3.94400 
-45.28990 3.94500 
-45.30164 3.94600 
-45.31338 3.94700 
-45.32512 3.94800 
-45.33686 3.94900 
-45.34860 3.95000 
-45.36034 3.95100 
-45.37208 3.95200 
-45.38382 3.95300 
-45.39556 3.95400 
-45.40730 3.95500 
-45.41904 3.95600 
-45.43078 3.95700 
-45.44252 3.95800 
-45.45426 3.95900 
-45.46600 3.96000 
-45.47774 3.96100 
-45.48948 3.96200 
-45.50122 3.96300 
-45.51296 3.96400 
-45.52470 3.96500 
-45.53644 3.96600 
-45.54818 3.96700 
-45.55992 3.96800 
-45.57166 3.96900 
-45.58340 3.97000 
-45.59514 3.97100 
-45.60688 3.97200 
-45.61862 3.97300 
-45.63036 3.97400 
-45.64210 3.97500 
-45.65384 3.97600 
-45.66558 3.97700 
-45.67732 3.97800 
-45.68906 3.97900 
-45.70080 3.98000 
-45.71254 3.98100 
-45.72428 3.98200 
-45.73602 3.98300 
-45.74776 3.98400 
-45.75950 3.98500 
-45.77124 3.98600 
-45.78298 3.98700 
-45.79472 3.98800 
-45.80646 3.98900 
-45.81819 3.99000 
-45.82993 3.99100 
-45.84167 3.99200 
-45.85341 3.99300 
-45.86515 3.99400 
-45.87689 3.99500 
-45.88863 3.99600 
-45.90037 3.99700 
-45.91211 3.99800 
-45.92385 3.99900 
-45.93559 4.00000 
-45.94733 4.00100 
-45.95907 4.00200 
-45.97081 4.00300 
-45.98255 4.00400 
-45.99429 4.00500 
-46.00603 4.00600 
-46.01777 4.00700 
-46.02951 4.00800 
-46.04125 4.00900 
-46.05299 4.01000 
-46.06473 4.01100 
-46.07647 4.01200 
-46.08821 4.01300 
-46.09995 4.01400 
-46.11169 4.01500 
-46.12343 4.01600 
-46.13517 4.01700 
-46.14691 4.01800 
-46.15865 4.01900 
-46.17039 4.02000 
-46.18213 4.02100 
-46.19387 4.02200 
-46.20561 4.02300 
-46.21735 4.02400 
-46.22909 4.02500 
-46.24083 4.02600 
-46.25257 4.02700 
-46.26431 4.02800 
-46.27605 4.02900 
-46.28779 4.03000 
-46.29953 4.03100 
-46.31127 4.03200 
-46.32301 4.03300 
-46.33475 4.03400 
-46.34649 4.03500 
-46.35823 4.03600 
-46.36997 4.03700 
-46.38171 4.03800 
-46.39345 4.03900 
-46.40519 4.04000 
-46.41693 4.04100 
-46.42867 4.04200 
-46.44041 4.04300 
-46.45215 4.04400 
-46.46389 4.04500 
-46.47563 4.04600 
-46.48737 4.04700 
-46.49911 4.04800 
-46.51085 4.04900 
-46.52259 4.05000 
-46.53433 4.05100 
-46.54607 4.05200 
-46.55781 4.05300 
-46.56955 4.05400 
-46.58129 4.05500 
-46.59303 4.05600 
-46.60476 4.05700 
-46.61650 4.05800 
-46.62824 4.05900 
-46.63998 4.06000 
-46.65172 4.06100 
-46.66346 4.06200 
-46.67520 4.06300 
-46.68694 4.06400 
-46.69868 4.06500 
-46.71042 4.06600 
-46.72216 4.06700 
-46.73390 4.06800 
-46.74564 4.06900 
-46.75738 4.07000 
-46.76912 4.07100 
-46.78086 4.07200 
-46.79260 4.07300 
-46.80434 4.07400 
-46.81608 4.07500 
-46.82782 4.07600 
-46.83956 4.07700 
-46.85130 4.07800 
-46.86304 4.07900 
-46.87478 4.08000 
-46.88652 4.08100 
-46.89826 4.08200 
-46.91000 4.08300 
-46.92174 4.08400 
-46.93348 4.08500 
-46.94522 4.08600 
-46.95696 4.08700 
-46.96870 4.08800 
-46.98044 4.08900 
-46.99218 4.09000 
-47.00392 4.09100 
-47.01566 4.09200 
-47.02740 4.09300 
-47.03914 4.09400 
-47.05088 4.09500 
-47.06262 4.09600 
-47.07436 4.09700 
-47.08610 4.09800 
-47.09784 4.09900 
-47.10958 4.10000 
-47.12132 4.10100 
-47.13306 4.10200 
-47.14480 4.10300 
-47.15654 4.10400 
-47.16828 4.10500 
-47.18002 4.10600 
-47.19176 4.10700 
-47.20350 4.10800 
-47.21524 4.10900 
-47.22698 4.11000 
-47.23872 4.11100 
-47.25046 4.11200 
-47.26220 4.11300 
-47.27394 4.11400 
-47.28568 4.11500 
-47.29742 4.11600 
-47.30916 4.11700 
-47.32090 4.11800 
-47.33264 4.11900 
-47.34438 4.12000 
-47.35612 4.12100 
-47.36786 4.12200 
-47.37960 4.12300 
-47.39133 4.12400 
-47.40307 4.12500 
-47.41481 4.12600 
-47.42655 4.12700 
-47.43829 4.12800 
-47.45003 4.12900 
-47.46177 4.13000 
-47.47351 4.13100 
-47.48525 4.13200 
-47.49699 4.13300 
-47.50873 4.13400 
-47.52047 4.13500 
-47.53221 4.13600 
-47.54395 4.13700 
-47.55569 4.13800 
-47.56743 4.13900 
-47.57917 4.14000 
-47.59091 4.14100 
-47.60265 4.14200 
-47.61439 4.14300 
-47.62613 4.14400 
-47.63787 4.14500 
-47.64961 4.14600 
-47.66135 4.14700 
-47.67309 4.14800 
-47.68483 4.14900 
-47.69657 4.15000 
-47.70831 4.15100 
-47.72005 4.15200 
-47.73179 4.15300 
-47.74353 4.15400 
-47.75527 4.15500 
-47.76701 4.15600 
-47.77875 4.15700 
-47.79049 4.15800 
-47.80223 4.15900 
-47.81397 4.16000 
-47.82571 4.16100 
-47.83745 4.16200 
-47.84919 4.16300 
-47.86093 4.16400 
-47.87267 4.16500 
-47.88441 4.16600 
-47.89615 4.16700 
-47.90789 4.16800 
-47.91963 4.16900 
-47.93137 4.17000 
-47.94311 4.17100 
-47.95485 4.17200 
-47.96659 4.17300 
-47.97833 4.17400 
-47.99007 4.17500 
-48.00181 4.17600 
-48.01355 4.17700 
-48.02529 4.17800 
-48.03703 4.17900 
-48.04877 4.18000 
-48.06051 4.18100 
-48.07225 4.18200 
-48.08399 4.18300 
-48.09573 4.18400 
-48.10747 4.18500 
-48.11921 4.18600 
-48.13095 4.18700 
-48.14269 4.18800 
-48.15443 4.18900 
-48.16617 4.19000 
-48.17790 4.19100 
-48.18964 4.19200 
-48.20138 4.19300 
-48.21312 4.19400 
-48.22486 4.19500 
-48.23660 4.19600 
-48.24834 4.19700 
-48.26008 4.19800 
-48.27182 4.19900 
-48.28356 4.20000 
-48.29530 4.20100 
-48.30704 4.20200 
-48.31878 4.20300 
-48.33052 4.20400 
-48.34226 4.20500 
-48.35400 4.20600 
-48.36574 4.20700 
-48.37748 4.20800 
-48.38922 4.20900 
-48.40096 4.21000 
-48.41270 4.21100 
-48.42444 4.21200 
-48.43618 4.21300 
-48.44792 4.21400 
-48.45966 4.21500 
-48.47140 4.21600 
-48.48314 4.21700 
-48.49488 4.21800 
-48.50662 4.21900 
-48.51836 4.22000 
-48.53010 4.22100 
-48.54184 4.22200 
-48.55358 4.22300 
-48.56532 4.22400 
-48.57706 4.22500 
-48.58880 4.22600 
-48.60054 4.22700 
-48.61228 4.22800 
-48.62402 4.22900 
-48.63576 4.23000 
-48.64750 4.23100 
-48.65924 4.23200 
-48.67098 4.23300 
-48.68272 4.23400 
-48.69446 4.23500 
-48.70620 4.23600 
-48.71794 4.23700 
-48.72968 4.23800 
-48.74142 4.23900 
-48.75316 4.24000 
-48.76490 4.24100 
-48.77664 4.24200 
-48.78838 4.24300 
-48.80012 4.24400 
-48.81186 4.24500 
-48.82360 4.24600 
-48.83534 4.24700 
-48.84708 4.24800 
-48.85882 4.24900 
-48.87056 4.25000 
-48.88230 4.25100 
-48.89404 4.25200 
-48.90578 4.25300 
-48.91752 4.25400 
-48.92926 4.25500 
-48.94100 4.25600 
-48.95274 4.25700 
-48.96447 4.25800 
-48.97621 4.25900 
-48.98795 4.26000 
-48.99969 4.26100 
-49.01143 4.26200 
-49.02317 4.26300 
-49.03491 4.26400 
-49.04665 4.26500 
-49.05839 4.26600 
-49.07013 4.26700 
-49.08187 4.26800 
-49.09361 4.26900 
-49.10535 4.27000 
-49.11709 4.27100 
-49.12883 4.27200 
-49.14057 4.27300 
-49.15231 4.27400 
-49.16405 4.27500 
-49.17579 4.27600 
-49.18753 4.27700 
-49.19927 4.27800 
-49.21101 4.27900 
-49.22275 4.28000 
-49.23449 4.28100 
-49.24623 4.28200 
-49.25797 4.28300 
-49.26971 4.28400 
-49.28145 4.28500 
-49.29319 4.28600 
-49.30493 4.28700 
-49.31667 4.28800 
-49.32841 4.28900 
-49.34015 4.29000 
-49.35189 4.29100 
-49.36363 4.29200 
-49.37537 4.29300 
-49.38711 4.29400 
-49.39885 4.29500 
-49.41059 4.29600 
-49.42233 4.29700 
-49.43407 4.29800 
-49.44581 4.29900 
-49.45755 4.30000 
-49.46929 4.30100 
-49.48103 4.30200 
-49.49277 4.30300 
-49.50451 4.30400 
-49.51625 4.30500 
-49.52799 4.30600 
-49.53973 4.30700 
-49.55147 4.30800 
-49.56321 4.30900 
-49.57495 4.31000 
-49.58669 4.31100 
-49.59843 4.31200 
-49.61017 4.31300 
-49.62191 4.31400 
-49.63365 4.31500 
-49.64539 4.31600 
-49.65713 4.31700 
-49.66887 4.31800 
-49.68061 4.31900 
-49.69235 4.32000 
-49.70409 4.32100 
-49.71583 4.32200 
-49.72757 4.32300 
-49.73931 4.32400 
-49.75104 4.32500 
-49.76278 4.32600 
-49.77452 4.32700 
-49.78626 4.32800 
-49.79800 4.32900 
-49.80974 4.33000 
-49.82148 4.33100 
-49.83322 4.33200 
-49.84496 4.33300 
-49.85670 4.33400 
-49.86844 4.33500 
-49.88018 4.33600 
-49.89192 4.33700 
-49.90366 4.33800 
-49.91540 4.33900 
-49.92714 4.34000 
-49.93888 4.34100 
-49.95062 4.34200 
-49.96236 4.34300 
-49.97410 4.34400 
-49.98584 4.34500 
-49.99758 4.34600 
-50.00932 4.34700 
-50.02106 4.34800 
-50.03280 4.34900 
-50.04454 4.35000 
-50.05628 4.35100 
-50.06802 4.35200 
-50.07976 4.35300 
-50.09150 4.35400 
-50.10324 4.35500 
-50.11498 4.35600 
-50.12672 4.35700 
-50.13846 4.35800 
-50.15020 4.35900 
-50.16194 4.36000 
-50.17368 4.36100 
-50.18542 4.36200 
-50.19716 4.36300 
-50.20890 4.36400 
-50.22064 4.36500 
-50.23238 4.36600 
-50.24412 4.36700 
-50.25586 4.36800 
-50.26760 4.36900 
-50.27934 4.37000 
-50.29108 4.37100 
-50.30282 4.37200 
-50.31456 4.37300 
-50.32630 4.37400 
-50.33804 4.37500 
-50.34978 4.37600 
-50.36152 4.37700 
-50.37326 4.37800 
-50.38500 4.37900 
-50.39674 4.38000 
-50.40848 4.38100 
-50.42022 4.38200 
-50.43196 4.38300 
-50.44370 4.38400 
-50.45544 4.38500 
-50.46718 4.38600 
-50.47892 4.38700 
-50.49066 4.38800 
-50.50240 4.38900 
-50.51414 4.39000 
-50.52588 4.39100 
-50.53761 4.39200 
-50.54935 4.39300 
-50.56109 4.39400 
-50.57283 4.39500 
-50.58457 4.39600 
-50.59631 4.39700 
-50.60805 4.39800 
-50.61979 4.39900 
-50.63153 4.40000 
-50.64327 4.40100 
-50.65501 4.40200 
-50.66675 4.40300 
-50.67849 4.40400 
-50.69023 4.40500 
-50.70197 4.40600 
-50.71371 4.40700 
-50.72545 4.40800 
-50.73719 4.40900 
-50.74893 4.41000 
-50.76067 4.41100 
-50.77241 4.41200 
-50.78415 4.41300 
-50.79589 4.41400 
-50.80763 4.41500 
-50.81937 4.41600 
-50.83111 4.41700 
-50.84285 4.41800 
-50.85459 4.41900 
-50.86633 4.42000 
-50.87807 4.42100 
-50.88981 4.42200 
-50.90155 4.42300 
-50.91329 4.42400 
-50.92503 4.42500 
-50.93677 4.42600 
-50.94851 4.42700 
-50.96025 4.42800 
-50.97199 4.42900 
-50.98373 4.43000 
-50.99547 4.43100 
-51.00721 4.43200 
-51.01895 4.43300 
-51.03069 4.43400 
-51.04243 4.43500 
-51.05417 4.43600 
-51.06591 4.43700 
-51.07765 4.43800 
-51.08939 4.43900 
-51.10113 4.44000 
-51.11287 4.44100 
-51.12461 4.44200 
-51.13635 4.44300 
-51.14809 4.44400 
-51.15983 4.44500 
-51.17157 4.44600 
-51.18331 4.44700 
-51.19505 4.44800 
-51.20679 4.44900 
-51.21853 4.45000 
-51.23027 4.45100 
-51.24201 4.45200 
-51.25375 4.45300 
-51.26549 4.45400 
-51.27723 4.45500 
-51.28897 4.45600 
-51.30071 4.45700 
-51.31245 4.45800 
-51.32418 4.45900 
-51.33592 4.46000 
-51.34766 4.46100 
-51.35940 4.46200 
-51.37114 4.46300 
-51.38288 4.46400 
-51.39462 4.46500 
-51.40636 4.46600 
-51.41810 4.46700 
-51.42984 4.46800 
-51.44158 4.46900 
-51.45332 4.47000 
-51.46506 4.47100 
-51.47680 4.47200 
-51.48854 4.47300 
-51.50028 4.47400 
-51.51202 4.47500 
-51.52376 4.47600 
-51.53550 4.47700 
-51.54724 4.47800 
-51.55898 4.47900 
-51.57072 4.48000 
-51.58246 4.48100 
-51.59420 4.48200 
-51.60594 4.48300 
-51.61768 4.48400 
-51.62942 4.48500 
-51.64116 4.48600 
-51.65290 4.48700 
-51.66464 4.48800 
-51.67638 4.48900 
-51.68812 4.49000 
-51.69986 4.49100 
-51.71160 4.49200 
-51.72334 4.49300 
-51.73508 4.49400 
-51.74682 4.49500 
-51.75856 4.49600 
-51.77030 4.49700 
-51.78204 4.49800 
-51.79378 4.49900 
-51.80552 4.50000 
-51.81726 4.50100 
-51.82900 4.50200 
-51.84074 4.50300 
-51.85248 4.50400 
-51.86422 4.50500 
-51.87596 4.50600 
-51.88770 4.50700 
-51.89944 4.50800 
-51.91118 4.50900 
-51.92292 4.51000 
-51.93466 4.51100 
-51.94640 4.51200 
-51.95814 4.51300 
-51.96988 4.51400 
-51.98162 4.51500 
-51.99336 4.51600 
-52.00510 4.51700 
-52.01684 4.51800 
-52.02858 4.51900 
-52.04032 4.52000 
-52.05206 4.52100 
-52.06380 4.52200 
-52.07554 4.52300 
-52.08728 4.52400 
-52.09902 4.52500 
-52.11075 4.52600 
-52.12249 4.52700 
-52.13423 4.52800 
-52.14597 4.52900 
-52.15771 4.53000 
-52.16945 4.53100 
-52.18119 4.53200 
-52.19293 4.53300 
-52.20467 4.53400 
-52.21641 4.53500 
-52.22815 4.53600 
-52.23989 4.53700 
-52.25163 4.53800 
-52.26337 4.53900 
-52.27511 4.54000 
-52.28685 4.54100 
-52.29859 4.54200 
-52.31033 4.54300 
-52.32207 4.54400 
-52.33381 4.54500 
-52.34555 4.54600 
-52.35729 4.54700 
-52.36903 4.54800 
-52.38077 4.54900 
-52.39251 4.55000 
-52.40425 4.55100 
-52.41599 4.55200 
-52.42773 4.55300 
-52.43947 4.55400 
-52.45121 4.55500 
-52.46295 4.55600 
-52.47469 4.55700 
-52.48643 4.55800 
-52.49817 4.55900 
-52.50991 4.56000 
-52.52165 4.56100 
-52.53339 4.56200 
-52.54513 4.56300 
-52.55687 4.56400 
-52.56861 4.56500 
-52.58035 4.56600 
-52.59209 4.56700 
-52.60383 4.56800 
-52.61557 4.56900 
-52.62731 4.57000 
-52.63905 4.57100 
-52.65079 4.57200 
-52.66253 4.57300 
-52.67427 4.57400 
-52.68601 4.57500 
-52.69775 4.57600 
-52.70949 4.57700 
-52.72123 4.57800 
-52.73297 4.57900 
-52.74471 4.58000 
-52.75645 4.58100 
-52.76819 4.58200 
-52.77993 4.58300 
-52.79167 4.58400 
-52.80341 4.58500 
-52.81515 4.58600 
-52.82689 4.58700 
-52.83863 4.58800 
-52.85037 4.58900 
-52.86211 4.59000 
-52.87385 4.59100 
-52.88559 4.59200 
-52.89732 4.59300 
-52.90906 4.59400 
-52.92080 4.59500 
-52.93254 4.59600 
-52.94428 4.59700 
-52.95602 4.59800 
-52.96776 4.59900 
-52.97950 4.60000 
-52.99124 4.60100 
-53.00298 4.60200 
-53.01472 4.60300 
-53.02646 4.60400 
-53.03820 4.60500 
-53.04994 4.60600 
-53.06168 4.60700 
-53.07342 4.60800 
-53.08516 4.60900 
-53.09690 4.61000 
-53.10864 4.61100 
-53.12038 4.61200 
-53.13212 4.61300 
-53.14386 4.61400 
-53.15560 4.61500 
-53.16734 4.61600 
-53.17908 4.61700 
-53.19082 4.61800 
-53.20256 4.61900 
-53.21430 4.62000 
-53.22604 4.62100 
-53.23778 4.62200 
-53.24952 4.62300 
-53.26126 4.62400 
-53.27300 4.62500 
-53.28474 4.62600 
-53.29648 4.62700 
-53.30822 4.62800 
-53.31996 4.62900 
-53.33170 4.63000 
-53.34344 4.63100 
-53.35518 4.63200 
-53.36692 4.63300 
-53.37866 4.63400 
-53.39040 4.63500 
-53.40214 4.63600 
-53.41388 4.63700 
-53.42562 4.63800 
-53.43736 4.63900 
-53.44910 4.64000 
-53.46084 4.64100 
-53.47258 4.64200 
-53.48432 4.64300 
-53.49606 4.64400 
-53.50780 4.64500 
-53.51954 4.64600 
-53.53128 4.64700 
-53.54302 4.64800 
-53.55476 4.64900 
-53.56650 4.65000 
-53.57824 4.65100 
-53.58998 4.65200 
-53.60172 4.65300 
-53.61346 4.65400 
-53.62520 4.65500 
-53.63694 4.65600 
-53.64868 4.65700 
-53.66042 4.65800 
-53.67216 4.65900 
-53.68389 4.66000 
-53.69563 4.66100 
-53.70737 4.66200 
-53.71911 4.66300 
-53.73085 4.66400 
-53.74259 4.66500 
-53.75433 4.66600 
-53.76607 4.66700 
-53.77781 4.66800 
-53.78955 4.66900 
-53.80129 4.67000 
-53.81303 4.67100 
-53.82477 4.67200 
-53.83651 4.67300 
-53.84825 4.67400 
-53.85999 4.67500 
-53.87173 4.67600 
-53.88347 4.67700 
-53.89521 4.67800 
-53.90695 4.67900 
-53.91869 4.68000 
-53.93043 4.68100 
-53.94217 4.68200 
-53.95391 4.68300 
-53.96565 4.68400 
-53.97739 4.68500 
-53.98913 4.68600 
-54.00087 4.68700 
-54.01261 4.68800 
-54.02435 4.68900 
-54.03609 4.69000 
-54.04783 4.69100 
-54.05957 4.69200 
-54.07131 4.69300 
-54.08305 4.69400 
-54.09479 4.69500 
-54.10653 4.69600 
-54.11827 4.69700 
-54.13001 4.69800 
-54.14175 4.69900 
-54.15349 4.70000 
-54.16523 4.70100 
-54.17697 4.70200 
-54.18871 4.70300 
-54.20045 4.70400 
-54.21219 4.70500 
-54.22393 4.70600 
-54.23567 4.70700 
-54.24741 4.70800 
-54.25915 4.70900 
-54.27089 4.71000 
-54.28263 4.71100 
-54.29437 4.71200 
-54.30611 4.71300 
-54.31785 4.71400 
-54.32959 4.71500 
-54.34133 4.71600 
-54.35307 4.71700 
-54.36481 4.71800 
-54.37655 4.71900 
-54.38829 4.72000 
-54.40003 4.72100 
-54.41177 4.72200 
-54.42351 4.72300 
-54.43525 4.72400 
-54.44699 4.72500 
-54.45873 4.72600 
-54.47046 4.72700 
-54.48220 4.72800 
-54.49394 4.72900 
-54.50568 4.73000 
-54.51742 4.73100 
-54.52916 4.73200 
-54.54090 4.73300 
-54.55264 4.73400 
-54.56438 4.73500 
-54.57612 4.73600 
-54.58786 4.73700 
-54.59960 4.73800 
-54.61134 4.73900 
-54.62308 4.74000 
-54.63482 4.74100 
-54.64656 4.74200 
-54.65830 4.74300 
-54.67004 4.74400 
-54.68178 4.74500 
-54.69352 4.74600 
-54.70526 4.74700 
-54.71700 4.74800 
-54.72874 4.74900 
-54.74048 4.75000 
-54.75222 4.75100 
-54.76396 4.75200 
-54.77570 4.75300 
-54.78744 4.75400 
-54.79918 4.75500 
-54.81092 4.75600 
-54.82266 4.75700 
-54.83440 4.75800 
-54.84614 4.75900 
-54.85788 4.76000 
-54.86962 4.76100 
-54.88136 4.76200 
-54.89310 4.76300 
-54.90484 4.76400 
-54.91658 4.76500 
-54.92832 4.76600 
-54.94006 4.76700 
-54.95180 4.76800 
-54.96354 4.76900 
-54.97528 4.77000 
-54.98702 4.77100 
-54.99876 4.77200 
-55.01050 4.77300 
-55.02224 4.77400 
-55.03398 4.77500 
-55.04572 4.77600 
-55.05746 4.77700 
-55.06920 4.77800 
-55.08094 4.77900 
-55.09268 4.78000 
-55.10442 4.78100 
-55.11616 4.78200 
-55.12790 4.78300 
-55.13964 4.78400 
-55.15138 4.78500 
-55.16312 4.78600 
-55.17486 4.78700 
-55.18660 4.78800 
-55.19834 4.78900 
-55.21008 4.79000 
-55.22182 4.79100 
-55.23356 4.79200 
-55.24529 4.79300 
-55.25703 4.79400 
-55.26877 4.79500 
-55.28051 4.79600 
-55.29225 4.79700 
-55.30399 4.79800 
-55.31573 4.79900 
-55.32747 4.80000 
-55.33921 4.80100 
-55.35095 4.80200 
-55.36269 4.80300 
-55.37443 4.80400 
-55.38617 4.80500 
-55.39791 4.80600 
-55.40965 4.80700 
-55.42139 4.80800 
-55.43313 4.80900 
-55.44487 4.81000 
-55.45661 4.81100 
-55.46835 4.81200 
-55.48009 4.81300 
-55.49183 4.81400 
-55.50357 4.81500 
-55.51531 4.81600 
-55.52705 4.81700 
-55.53879 4.81800 
-55.55053 4.81900 
-55.56227 4.82000 
-55.57401 4.82100 
-55.58575 4.82200 
-55.59749 4.82300 
-55.60923 4.82400 
-55.62097 4.82500 
-55.63271 4.82600 
-55.64445 4.82700 
-55.65619 4.82800 
-55.66793 4.82900 
-55.67967 4.83000 
-55.69141 4.83100 
-55.70315 4.83200 
-55.71489 4.83300 
-55.72663 4.83400 
-55.73837 4.83500 
-55.75011 4.83600 
-55.76185 4.83700 
-55.77359 4.83800 
-55.78533 4.83900 
-55.79707 4.84000 
-55.80881 4.84100 
-55.82055 4.84200 
-55.83229 4.84300 
-55.84403 4.84400 
-55.85577 4.84500 
-55.86751 4.84600 
-55.87925 4.84700 
-55.89099 4.84800 
-55.90273 4.84900 
-55.91447 4.85000 
-55.92621 4.85100 
-55.93795 4.85200 
-55.94969 4.85300 
-55.96143 4.85400 
-55.97317 4.85500 
-55.98491 4.85600 
-55.99665 4.85700 
-56.00839 4.85800 
-56.02013 4.85900 
-56.03186 4.86000 
-56.04360 4.86100 
-56.05534 4.86200 
-56.06708 4.86300 
-56.07882 4.86400 
-56.09056 4.86500 
-56.10230 4.86600 
-56.11404 4.86700 
-56.12578 4.86800 
-56.13752 4.86900 
-56.14926 4.87000 
-56.16100 4.87100 
-56.17274 4.87200 
-56.18448 4.87300 
-56.19622 4.87400 
-56.20796 4.87500 
-56.21970 4.87600 
-56.23144 4.87700 
-56.24318 4.87800 
-56.25492 4.87900 
-56.26666 4.88000 
-56.27840 4.88100 
-56.29014 4.88200 
-56.30188 4.88300 
-56.31362 4.88400 
-56.32536 4.88500 
-56.33710 4.88600 
-56.34884 4.88700 
-56.36058 4.88800 
-56.37232 4.88900 
-56.38406 4.89000 
-56.39580 4.89100 
-56.40754 4.89200 
-56.41928 4.89300 
-56.43102 4.89400 
-56.44276 4.89500 
-56.45450 4.89600 
-56.46624 4.89700 
-56.47798 4.89800 
-56.48972 4.89900 
-56.50146 4.90000 
-56.51320 4.90100 
-56.52494 4.90200 
-56.53668 4.90300 
-56.54842 4.90400 
-56.56016 4.90500 
-56.57190 4.90600 
-56.58364 4.90700 
-56.59538 4.90800 
-56.60712 4.90900 
-56.61886 4.91000 
-56.63060 4.91100 
-56.64234 4.91200 
-56.65408 4.91300 
-56.66582 4.91400 
-56.67756 4.91500 
-56.68930 4.91600 
-56.70104 4.91700 
-56.71278 4.91800 
-56.72452 4.91900 
-56.73626 4.92000 
-56.74800 4.92100 
-56.75974 4.92200 
-56.77148 4.92300 
-56.78322 4.92400 
-56.79496 4.92500 
-56.80670 4.92600 
-56.81843 4.92700 
-56.83017 4.92800 
-56.84191 4.92900 
-56.85365 4.93000 
-56.86539 4.93100 
-56.87713 4.93200 
-56.88887 4.93300 
-56.90061 4.93400 
-56.91235 4.93500 
-56.92409 4.93600 
-56.93583 4.93700 
-56.94757 4.93800 
-56.95931 4.93900 
-56.97105 4.94000 
-56.98279 4.94100 
-56.99453 4.94200 
-57.00627 4.94300 
-57.01801 4.94400 
-57.02975 4.94500 
-57.04149 4.94600 
-57.05323 4.94700 
-57.06497 4.94800 
-57.07671 4.94900 
-57.08845 4.95000 
-57.10019 4.95100 
-57.11193 4.95200 
-57.12367 4.95300 
-57.13541 4.95400 
-57.14715 4.95500 
-57.15889 4.95600 
-57.17063 4.95700 
-57.18237 4.95800 
-57.19411 4.95900 
-57.20585 4.96000 
-57.21759 4.96100 
-57.22933 4.96200 
-57.24107 4.96300 
-57.25281 4.96400 
-57.26455 4.96500 
-57.27629 4.96600 
-57.28803 4.96700 
-57.29977 4.96800 
-57.31151 4.96900 
-57.32325 4.97000 
-57.33499 4.97100 
-57.34673 4.97200 
-57.35847 4.97300 
-57.37021 4.97400 
-57.38195 4.97500 
-57.39369 4.97600 
-57.40543 4.97700 
-57.41717 4.97800 
-57.42891 4.97900 
-57.44065 4.98000 
-57.45239 4.98100 
-57.46413 4.98200 
-57.47587 4.98300 
-57.48761 4.98400 
-57.49935 4.98500 
-57.51109 4.98600 
-57.52283 4.98700 
-57.53457 4.98800 
-57.54631 4.98900 
-57.55805 4.99000 
-57.56979 4.99100 
-57.58153 4.99200 
-57.59327 4.99300 
-57.60500 4.99400 
-57.61674 4.99500 
-57.62848 4.99600 
-57.64022 4.99700 
-57.65196 4.99800 
-57.66370 4.99900 
