0.00000 0.00000 
-0.08159 0.00100 
-0.22107 0.00200 
-0.36872 0.00300 
-0.51630 0.00400 
-0.66245 0.00500 
-0.80697 0.00600 
-0.94983 0.00700 
-1.09106 0.00800 
-1.23067 0.00900 
-1.36868 0.01000 
-1.50510 0.01100 
-1.63996 0.01200 
-1.77327 0.01300 
-1.90504 0.01400 
-2.03531 0.01500 
-2.16408 0.01600 
-2.29138 0.01700 
-2.41721 0.01800 
-2.54160 0.01900 
-2.66456 0.02000 
-2.78611 0.02100 
-2.90626 0.02200 
-3.02504 0.02300 
-3.14245 0.02400 
-3.25852 0.02500 
-3.37326 0.02600 
-3.48668 0.02700 
-3.59879 0.02800 
-3.70963 0.02900 
-3.81919 0.03000 
-3.92749 0.03100 
-4.03455 0.03200 
-4.14038 0.03300 
-4.24500 0.03400 
-4.34841 0.03500 
-4.45064 0.03600 
-4.55170 0.03700 
-4.65160 0.03800 
-4.75035 0.03900 
-4.84797 0.04000 
-4.94446 0.04100 
-5.03985 0.04200 
-5.13415 0.04300 
-5.22736 0.04400 
-5.31950 0.04500 
-5.41059 0.04600 
-5.50063 0.04700 
-5.58964 0.04800 
-5.67762 0.04900 
-5.76460 0.05000 
-5.85058 0.05100 
-5.93557 0.05200 
-6.01959 0.05300 
-6.10264 0.05400 
-6.18474 0.05500 
-6.26590 0.05600 
-6.34612 0.05700 
-6.42543 0.05800 
-6.50382 0.05900 
-6.58132 0.06000 
-6.65792 0.06100 
-6.73365 0.06200 
-6.80851 0.06300 
-6.88251 0.06400 
-6.95566 0.06500 
-7.02797 0.06600 
-7.09945 0.06700 
-7.17011 0.06800 
-7.23996 0.06900 
-7.30901 0.07000 
-7.37727 0.07100 
-7.44474 0.07200 
-7.51144 0.07300 
-7.57737 0.07400 
-7.64255 0.07500 
-7.70697 0.07600 
-7.77066 0.07700 
-7.83362 0.07800 
-7.89586 0.07900 
-7.95738 0.08000 
-8.01819 0.08100 
-8.07831 0.08200 
-8.13774 0.08300 
-8.19649 0.08400 
-8.25456 0.08500 
-8.31196 0.08600 
-8.36871 0.08700 
-8.42481 0.08800 
-8.48026 0.08900 
-8.53507 0.09000 
-8.58926 0.09100 
-8.64283 0.09200 
-8.69578 0.09300 
-8.74812 0.09400 
-8.79986 0.09500 
-8.85101 0.09600 
-8.90157 0.09700 
-8.95155 0.09800 
-9.00096 0.09900 
-9.04980 0.10000 
-9.09808 0.10100 
-9.14580 0.10200 
-9.19298 0.10300 
-9.23962 0.10400 
-9.28572 0.10500 
-9.33129 0.10600 
-9.37634 0.10700 
-9.42088 0.10800 
-9.46490 0.10900 
-9.50842 0.11000 
-9.55144 0.11100 
-9.59396 0.11200 
-9.63600 0.11300 
-9.67755 0.11400 
-9.71863 0.11500 
-9.75923 0.11600 
-9.79937 0.11700 
-9.83905 0.11800 
-9.87828 0.11900 
-9.91705 0.12000 
-9.95538 0.12100 
-9.99327 0.12200 
-10.03072 0.12300 
-10.06775 0.12400 
-10.10435 0.12500 
-10.14053 0.12600 
-10.17630 0.12700 
-10.21165 0.12800 
-10.24660 0.12900 
-10.28115 0.13000 
-10.31530 0.13100 
-10.34906 0.13200 
-10.38243 0.13300 
-10.41542 0.13400 
-10.44803 0.13500 
-10.48027 0.13600 
-10.51214 0.13700 
-10.54364 0.13800 
-10.57478 0.13900 
-10.60557 0.14000 
-10.63600 0.14100 
-10.66608 0.14200 
-10.69581 0.14300 
-10.72521 0.14400 
-10.75426 0.14500 
-10.78299 0.14600 
-10.81138 0.14700 
-10.83945 0.14800 
-10.86720 0.14900 
-10.89463 0.15000 
-10.92174 0.15100 
-10.94854 0.15200 
-10.97504 0.15300 
-11.00123 0.15400 
-11.02712 0.15500 
-11.05271 0.15600 
-11.07801 0.15700 
-11.10302 0.15800 
-11.12774 0.15900 
-11.15218 0.16000 
-11.17634 0.16100 
-11.20022 0.16200 
-11.22383 0.16300 
-11.24717 0.16400 
-11.27024 0.16500 
-11.29304 0.16600 
-11.31558 0.16700 
-11.33787 0.16800 
-11.35990 0.16900 
-11.38167 0.17000 
-11.40320 0.17100 
-11.42448 0.17200 
-11.44551 0.17300 
-11.46630 0.17400 
-11.48686 0.17500 
-11.50718 0.17600 
-11.52726 0.17700 
-11.54712 0.17800 
-11.56675 0.17900 
-11.58615 0.18000 
-11.60533 0.18100 
-11.62429 0.18200 
-11.64303 0.18300 
-11.66156 0.18400 
-11.67987 0.18500 
-11.69798 0.18600 
-11.71587 0.18700 
-11.73356 0.18800 
-11.75105 0.18900 
-11.76834 0.19000 
-11.78543 0.19100 
-11.80232 0.19200 
-11.81902 0.19300 
-11.83553 0.19400 
-11.85185 0.19500 
-11.86798 0.19600 
-11.88393 0.19700 
-11.89969 0.19800 
-11.91527 0.19900 
-11.93068 0.20000 
-11.94590 0.20100 
-11.96096 0.20200 
-11.97584 0.20300 
-11.99055 0.20400 
-12.00509 0.20500 
-12.01946 0.20600 
-12.03366 0.20700 
-12.04769 0.20800 
-12.06157 0.20900 
-12.07528 0.21000 
-12.08884 0.21100 
-12.10224 0.21200 
-12.11549 0.21300 
-12.12859 0.21400 
-12.14154 0.21500 
-12.15434 0.21600 
-12.16699 0.21700 
-12.17950 0.21800 
-12.19186 0.21900 
-12.20409 0.22000 
-12.21617 0.22100 
-12.22811 0.22200 
-12.23992 0.22300 
-12.25159 0.22400 
-12.26313 0.22500 
-12.27454 0.22600 
-12.28581 0.22700 
-12.29696 0.22800 
-12.30798 0.22900 
-12.31887 0.23000 
-12.32964 0.23100 
-12.34028 0.23200 
-12.35081 0.23300 
-12.36121 0.23400 
-12.37149 0.23500 
-12.38165 0.23600 
-12.39170 0.23700 
-12.40164 0.23800 
-12.41146 0.23900 
-12.42116 0.24000 
-12.43076 0.24100 
-12.44024 0.24200 
-12.44962 0.24300 
-12.45889 0.24400 
-12.46805 0.24500 
-12.47711 0.24600 
-12.48607 0.24700 
-12.49492 0.24800 
-12.50367 0.24900 
-12.51232 0.25000 
-12.52087 0.25100 
-12.52932 0.25200 
-12.53768 0.25300 
-12.54594 0.25400 
-12.55411 0.25500 
-12.56218 0.25600 
-12.57016 0.25700 
-12.57805 0.25800 
-12.58585 0.25900 
-12.59356 0.26000 
-12.60118 0.26100 
-12.60871 0.26200 
-12.61616 0.26300 
-12.62352 0.26400 
-12.63079 0.26500 
-12.63799 0.26600 
-12.64510 0.26700 
-12.65213 0.26800 
-12.65908 0.26900 
-12.66595 0.27000 
-12.67274 0.27100 
-12.67945 0.27200 
-12.68609 0.27300 
-12.69265 0.27400 
-12.69913 0.27500 
-12.70554 0.27600 
-12.71188 0.27700 
-12.71815 0.27800 
-12.72434 0.27900 
-12.73046 0.28000 
-12.73651 0.28100 
-12.74250 0.28200 
-12.74841 0.28300 
-12.75426 0.28400 
-12.76003 0.28500 
-12.76575 0.28600 
-12.77139 0.28700 
-12.77698 0.28800 
-12.78250 0.28900 
-12.78795 0.29000 
-12.79334 0.29100 
-12.79868 0.29200 
-12.80395 0.29300 
-12.80916 0.29400 
-12.81430 0.29500 
-12.81940 0.29600 
-12.82443 0.29700 
-12.82940 0.29800 
-12.83432 0.29900 
-12.83918 0.30000 
-12.84399 0.30100 
-12.84874 0.30200 
-12.85344 0.30300 
-12.85808 0.30400 
-12.86267 0.30500 
-12.86721 0.30600 
-12.87169 0.30700 
-12.87613 0.30800 
-12.88051 0.30900 
-12.88485 0.31000 
-12.88913 0.31100 
-12.89336 0.31200 
-12.89755 0.31300 
-12.90169 0.31400 
-12.90578 0.31500 
-12.90982 0.31600 
-12.91382 0.31700 
-12.91777 0.31800 
-12.92168 0.31900 
-12.92554 0.32000 
-12.92936 0.32100 
-12.93313 0.32200 
-12.93686 0.32300 
-12.94055 0.32400 
-12.94419 0.32500 
-12.94779 0.32600 
-12.95136 0.32700 
-12.95488 0.32800 
-12.95836 0.32900 
-12.96180 0.33000 
-12.96520 0.33100 
-12.96856 0.33200 
-12.97188 0.33300 
-12.97517 0.33400 
-12.97841 0.33500 
-12.98162 0.33600 
-12.98480 0.33700 
-12.98793 0.33800 
-12.99104 0.33900 
-12.99410 0.34000 
-12.99713 0.34100 
-13.00013 0.34200 
-13.00309 0.34300 
-13.00601 0.34400 
-13.00891 0.34500 
-13.01177 0.34600 
-13.01460 0.34700 
-13.01739 0.34800 
-13.02015 0.34900 
-13.02288 0.35000 
-13.02558 0.35100 
-13.02825 0.35200 
-13.03089 0.35300 
-13.03350 0.35400 
-13.03608 0.35500 
-13.03863 0.35600 
-13.04115 0.35700 
-13.04364 0.35800 
-13.04610 0.35900 
-13.04853 0.36000 
-13.05094 0.36100 
-13.05332 0.36200 
-13.05567 0.36300 
-13.05799 0.36400 
-13.06029 0.36500 
-13.06256 0.36600 
-13.06480 0.36700 
-13.06702 0.36800 
-13.06922 0.36900 
-13.07139 0.37000 
-13.07353 0.37100 
-13.07565 0.37200 
-13.07775 0.37300 
-13.07982 0.37400 
-13.08187 0.37500 
-13.08389 0.37600 
-13.08589 0.37700 
-13.08787 0.37800 
-13.08983 0.37900 
-13.09176 0.38000 
-13.09367 0.38100 
-13.09556 0.38200 
-13.09743 0.38300 
-13.09927 0.38400 
-13.10110 0.38500 
-13.10290 0.38600 
-13.10469 0.38700 
-13.10645 0.38800 
-13.10819 0.38900 
-13.10991 0.39000 
-13.11162 0.39100 
-13.11330 0.39200 
-13.11496 0.39300 
-13.11661 0.39400 
-13.11824 0.39500 
-13.11984 0.39600 
-13.12143 0.39700 
-13.12300 0.39800 
-13.12456 0.39900 
-13.12609 0.40000 
-13.12761 0.40100 
-13.12911 0.40200 
-13.13059 0.40300 
-13.13206 0.40400 
-13.13351 0.40500 
-13.13494 0.40600 
-13.13635 0.40700 
-13.13775 0.40800 
-13.13914 0.40900 
-13.14051 0.41000 
-13.14186 0.41100 
-13.14319 0.41200 
-13.14452 0.41300 
-13.14582 0.41400 
-13.14711 0.41500 
-13.14839 0.41600 
-13.14965 0.41700 
-13.15090 0.41800 
-13.15213 0.41900 
-13.15335 0.42000 
-13.15455 0.42100 
-13.15575 0.42200 
-13.15692 0.42300 
-13.15809 0.42400 
-13.15924 0.42500 
-13.16037 0.42600 
-13.16150 0.42700 
-13.16261 0.42800 
-13.16371 0.42900 
-13.16480 0.43000 
-13.16587 0.43100 
-13.16693 0.43200 
-13.16798 0.43300 
-13.16902 0.43400 
-13.17004 0.43500 
-13.17105 0.43600 
-13.17206 0.43700 
-13.17305 0.43800 
-13.17403 0.43900 
-13.17499 0.44000 
-13.17595 0.44100 
-13.17690 0.44200 
-13.17783 0.44300 
-13.17875 0.44400 
-13.17967 0.44500 
-13.18057 0.44600 
-13.18146 0.44700 
-13.18235 0.44800 
-13.18322 0.44900 
-13.18408 0.45000 
-13.18493 0.45100 
-13.18578 0.45200 
-13.18661 0.45300 
-13.18743 0.45400 
-13.18825 0.45500 
-13.18905 0.45600 
-13.18985 0.45700 
-13.19063 0.45800 
-13.19141 0.45900 
-13.19218 0.46000 
-13.19294 0.46100 
-13.19369 0.46200 
-13.19443 0.46300 
-13.19516 0.46400 
-13.19589 0.46500 
-13.19661 0.46600 
-13.19732 0.46700 
-13.19802 0.46800 
-13.19871 0.46900 
-13.19939 0.47000 
-13.20007 0.47100 
-13.20074 0.47200 
-13.20140 0.47300 
-13.20205 0.47400 
-13.20270 0.47500 
-13.20334 0.47600 
-13.20397 0.47700 
-13.20460 0.47800 
-13.20521 0.47900 
-13.20582 0.48000 
-13.20643 0.48100 
-13.20702 0.48200 
-13.20761 0.48300 
-13.20819 0.48400 
-13.20877 0.48500 
-13.20934 0.48600 
-13.20990 0.48700 
-13.21046 0.48800 
-13.21101 0.48900 
-13.21155 0.49000 
-13.21209 0.49100 
-13.21262 0.49200 
-13.21314 0.49300 
-13.21366 0.49400 
-13.21418 0.49500 
-13.21468 0.49600 
-13.21519 0.49700 
-13.21568 0.49800 
-13.21617 0.49900 
-13.21666 0.50000 
-13.21713 0.50100 
-13.21761 0.50200 
-13.21808 0.50300 
-13.21854 0.50400 
-13.21900 0.50500 
-13.21945 0.50600 
-13.21990 0.50700 
-13.22034 0.50800 
-13.22078 0.50900 
-13.22121 0.51000 
-13.22163 0.51100 
-13.22206 0.51200 
-13.22247 0.51300 
-13.22289 0.51400 
-13.22329 0.51500 
-13.22370 0.51600 
-13.22410 0.51700 
-13.22449 0.51800 
-13.22488 0.51900 
-13.22527 0.52000 
-13.22565 0.52100 
-13.22602 0.52200 
-13.22639 0.52300 
-13.22676 0.52400 
-13.22713 0.52500 
-13.22749 0.52600 
-13.22784 0.52700 
-13.22819 0.52800 
-13.22854 0.52900 
-13.22888 0.53000 
-13.22922 0.53100 
-13.22956 0.53200 
-13.22989 0.53300 
-13.23022 0.53400 
-13.23054 0.53500 
-13.23086 0.53600 
-13.23118 0.53700 
-13.23149 0.53800 
-13.23180 0.53900 
-13.23211 0.54000 
-13.23241 0.54100 
-13.23271 0.54200 
-13.23301 0.54300 
-13.23330 0.54400 
-13.23359 0.54500 
-13.23388 0.54600 
-13.23416 0.54700 
-13.23444 0.54800 
-13.23471 0.54900 
-13.23499 0.55000 
-13.23526 0.55100 
-13.23552 0.55200 
-13.23579 0.55300 
-13.23605 0.55400 
-13.23631 0.55500 
-13.23656 0.55600 
-13.23681 0.55700 
-13.23706 0.55800 
-13.23731 0.55900 
-13.23755 0.56000 
-13.23779 0.56100 
-13.23803 0.56200 
-13.23826 0.56300 
-13.23850 0.56400 
-13.23873 0.56500 
-13.23895 0.56600 
-13.23918 0.56700 
-13.23940 0.56800 
-13.23962 0.56900 
-13.23984 0.57000 
-13.24005 0.57100 
-13.24026 0.57200 
-13.24047 0.57300 
-13.24068 0.57400 
-13.24089 0.57500 
-13.24109 0.57600 
-13.24129 0.57700 
-13.24149 0.57800 
-13.24168 0.57900 
-13.24188 0.58000 
-13.24207 0.58100 
-13.24226 0.58200 
-13.24244 0.58300 
-13.24263 0.58400 
-13.24281 0.58500 
-13.24299 0.58600 
-13.24317 0.58700 
-13.24335 0.58800 
-13.24352 0.58900 
-13.24369 0.59000 
-13.24386 0.59100 
-13.24403 0.59200 
-13.24420 0.59300 
-13.24436 0.59400 
-13.24453 0.59500 
-13.24469 0.59600 
-13.24485 0.59700 
-13.24500 0.59800 
-13.24516 0.59900 
-13.24531 0.60000 
-13.24547 0.60100 
-13.24562 0.60200 
-13.24576 0.60300 
-13.24591 0.60400 
-13.24606 0.60500 
-13.24620 0.60600 
-13.24634 0.60700 
-13.24648 0.60800 
-13.24662 0.60900 
-13.24676 0.61000 
-13.24689 0.61100 
-13.24703 0.61200 
-13.24716 0.61300 
-13.24729 0.61400 
-13.24742 0.61500 
-13.24755 0.61600 
-13.24768 0.61700 
-13.24780 0.61800 
-13.24792 0.61900 
-13.24805 0.62000 
-13.24817 0.62100 
-13.24829 0.62200 
-13.24841 0.62300 
-13.24852 0.62400 
-13.24864 0.62500 
-13.24875 0.62600 
-13.24886 0.62700 
-13.24898 0.62800 
-13.24909 0.62900 
-13.24920 0.63000 
-13.24930 0.63100 
-13.24941 0.63200 
-13.24952 0.63300 
-13.24962 0.63400 
-13.24972 0.63500 
-13.24982 0.63600 
-13.24992 0.63700 
-13.25002 0.63800 
-13.25012 0.63900 
-13.25022 0.64000 
-13.25032 0.64100 
-13.25041 0.64200 
-13.25050 0.64300 
-13.25060 0.64400 
-13.25069 0.64500 
-13.25078 0.64600 
-13.25087 0.64700 
-13.25096 0.64800 
-13.25105 0.64900 
-13.25113 0.65000 
-13.25122 0.65100 
-13.25130 0.65200 
-13.25139 0.65300 
-13.25147 0.65400 
-13.25155 0.65500 
-13.25163 0.65600 
-13.25171 0.65700 
-13.25179 0.65800 
-13.25187 0.65900 
-13.25195 0.66000 
-13.25202 0.66100 
-13.25210 0.66200 
-13.25217 0.66300 
-13.25225 0.66400 
-13.25232 0.66500 
-13.25239 0.66600 
-13.25246 0.66700 
-13.25253 0.66800 
-13.25260 0.66900 
-13.25267 0.67000 
-13.25274 0.67100 
-13.25281 0.67200 
-13.25287 0.67300 
-13.25294 0.67400 
-13.25301 0.67500 
-13.25307 0.67600 
-13.25313 0.67700 
-13.25320 0.67800 
-13.25326 0.67900 
-13.25332 0.68000 
-13.25338 0.68100 
-13.25344 0.68200 
-13.25350 0.68300 
-13.25356 0.68400 
-13.25362 0.68500 
-13.25367 0.68600 
-13.25373 0.68700 
-13.25379 0.68800 
-13.25384 0.68900 
-13.25390 0.69000 
-13.25395 0.69100 
-13.25400 0.69200 
-13.25406 0.69300 
-13.25411 0.69400 
-13.25416 0.69500 
-13.25421 0.69600 
-13.25426 0.69700 
-13.25431 0.69800 
-13.25436 0.69900 
-13.25441 0.70000 
-13.25446 0.70100 
-13.25451 0.70200 
-13.25455 0.70300 
-13.25460 0.70400 
-13.25465 0.70500 
-13.25469 0.70600 
-13.25474 0.70700 
-13.25478 0.70800 
-13.25483 0.70900 
-13.25487 0.71000 
-13.25491 0.71100 
-13.25496 0.71200 
-13.25500 0.71300 
-13.25504 0.71400 
-13.25508 0.71500 
-13.25512 0.71600 
-13.25516 0.71700 
-13.25520 0.71800 
-13.25524 0.71900 
-13.25528 0.72000 
-13.25532 0.72100 
-13.25536 0.72200 
-13.25539 0.72300 
-13.25543 0.72400 
-13.25547 0.72500 
-13.25550 0.72600 
-13.25554 0.72700 
-13.25557 0.72800 
-13.25561 0.72900 
-13.25564 0.73000 
-13.25568 0.73100 
-13.25571 0.73200 
-13.25575 0.73300 
-13.25578 0.73400 
-13.25581 0.73500 
-13.25584 0.73600 
-13.25588 0.73700 
-13.25591 0.73800 
-13.25594 0.73900 
-13.25597 0.74000 
-13.25600 0.74100 
-13.25603 0.74200 
-13.25606 0.74300 
-13.25609 0.74400 
-13.25612 0.74500 
-13.25615 0.74600 
-13.25618 0.74700 
-13.25620 0.74800 
-13.25623 0.74900 
-13.25626 0.75000 
-13.25629 0.75100 
-13.25631 0.75200 
-13.25634 0.75300 
-13.25637 0.75400 
-13.25639 0.75500 
-13.25642 0.75600 
-13.25644 0.75700 
-13.25647 0.75800 
-13.25649 0.75900 
-13.25652 0.76000 
-13.25654 0.76100 
-13.25657 0.76200 
-13.25659 0.76300 
-13.25661 0.76400 
-13.25664 0.76500 
-13.25666 0.76600 
-13.25668 0.76700 
-13.25670 0.76800 
-13.25673 0.76900 
-13.25675 0.77000 
-13.25677 0.77100 
-13.25679 0.77200 
-13.25681 0.77300 
-13.25683 0.77400 
-13.25685 0.77500 
-13.25687 0.77600 
-13.25689 0.77700 
-13.25691 0.77800 
-13.25693 0.77900 
-13.25695 0.78000 
-13.25697 0.78100 
-13.25699 0.78200 
-13.25701 0.78300 
-13.25703 0.78400 
-13.25705 0.78500 
-13.25707 0.78600 
-13.25708 0.78700 
-13.25710 0.78800 
-13.25712 0.78900 
-13.25714 0.79000 
-13.25715 0.79100 
-13.25717 0.79200 
-13.25719 0.79300 
-13.25720 0.79400 
-13.25722 0.79500 
-13.25724 0.79600 
-13.25725 0.79700 
-13.25727 0.79800 
-13.25728 0.79900 
-13.25730 0.80000 
-13.25731 0.80100 
-13.25733 0.80200 
-13.25734 0.80300 
-13.25736 0.80400 
-13.25737 0.80500 
-13.25739 0.80600 
-13.25740 0.80700 
-13.25742 0.80800 
-13.25743 0.80900 
-13.25744 0.81000 
-13.25746 0.81100 
-13.25747 0.81200 
-13.25749 0.81300 
-13.25750 0.81400 
-13.25751 0.81500 
-13.25752 0.81600 
-13.25754 0.81700 
-13.25755 0.81800 
-13.25756 0.81900 
-13.25757 0.82000 
-13.25759 0.82100 
-13.25760 0.82200 
-13.25761 0.82300 
-13.25762 0.82400 
-13.25763 0.82500 
-13.25765 0.82600 
-13.25766 0.82700 
-13.25767 0.82800 
-13.25768 0.82900 
-13.25769 0.83000 
-13.25770 0.83100 
-13.25771 0.83200 
-13.25772 0.83300 
-13.25773 0.83400 
-13.25774 0.83500 
-13.25775 0.83600 
-13.25776 0.83700 
-13.25777 0.83800 
-13.25778 0.83900 
-13.25779 0.84000 
-13.25780 0.84100 
-13.25781 0.84200 
-13.25782 0.84300 
-13.25783 0.84400 
-13.25784 0.84500 
-13.25785 0.84600 
-13.25786 0.84700 
-13.25787 0.84800 
-13.25788 0.84900 
-13.25789 0.85000 
-13.25789 0.85100 
-13.25790 0.85200 
-13.25791 0.85300 
-13.25792 0.85400 
-13.25793 0.85500 
-13.25794 0.85600 
-13.25794 0.85700 
-13.25795 0.85800 
-13.25796 0.85900 
-13.25797 0.86000 
-13.25798 0.86100 
-13.25798 0.86200 
-13.25799 0.86300 
-13.25800 0.86400 
-13.25801 0.86500 
-13.25801 0.86600 
-13.25802 0.86700 
-13.25803 0.86800 
-13.25803 0.86900 
-13.25804 0.87000 
-13.25805 0.87100 
-13.25805 0.87200 
-13.25806 0.87300 
-13.25807 0.87400 
-13.25807 0.87500 
-13.25808 0.87600 
-13.25809 0.87700 
-13.25809 0.87800 
-13.25810 0.87900 
-13.25811 0.88000 
-13.25811 0.88100 
-13.25812 0.88200 
-13.25812 0.88300 
-13.25813 0.88400 
-13.25814 0.88500 
-13.25814 0.88600 
-13.25815 0.88700 
-13.25815 0.88800 
-13.25816 0.88900 
-13.25816 0.89000 
-13.25817 0.89100 
-13.25818 0.89200 
-13.25818 0.89300 
-13.25819 0.89400 
-13.25819 0.89500 
-13.25820 0.89600 
-13.25820 0.89700 
-13.25821 0.89800 
-13.25821 0.89900 
-13.25822 0.90000 
-13.25822 0.90100 
-13.25823 0.90200 
-13.25823 0.90300 
-13.25824 0.90400 
-13.25824 0.90500 
-13.25824 0.90600 
-13.25825 0.90700 
-13.25825 0.90800 
-13.25826 0.90900 
-13.25826 0.91000 
-13.25827 0.91100 
-13.25827 0.91200 
-13.25828 0.91300 
-13.25828 0.91400 
-13.25828 0.91500 
-13.25829 0.91600 
-13.25829 0.91700 
-13.25830 0.91800 
-13.25830 0.91900 
-13.25830 0.92000 
-13.25831 0.92100 
-13.25831 0.92200 
-13.25831 0.92300 
-13.25832 0.92400 
-13.25832 0.92500 
-13.25833 0.92600 
-13.25833 0.92700 
-13.25833 0.92800 
-13.25834 0.92900 
-13.25834 0.93000 
-13.25834 0.93100 
-13.25835 0.93200 
-13.25835 0.93300 
-13.25835 0.93400 
-13.25836 0.93500 
-13.25836 0.93600 
-13.25836 0.93700 
-13.25837 0.93800 
-13.25837 0.93900 
-13.25837 0.94000 
-13.25838 0.94100 
-13.25838 0.94200 
-13.25838 0.94300 
-13.25839 0.94400 
-13.25839 0.94500 
-13.25839 0.94600 
-13.25839 0.94700 
-13.25840 0.94800 
-13.25840 0.94900 
-13.25840 0.95000 
-13.25840 0.95100 
-13.25841 0.95200 
-13.25841 0.95300 
-13.25841 0.95400 
-13.25842 0.95500 
-13.25842 0.95600 
-13.25842 0.95700 
-13.25842 0.95800 
-13.25843 0.95900 
-13.25843 0.96000 
-13.25843 0.96100 
-13.25843 0.96200 
-13.25844 0.96300 
-13.25844 0.96400 
-13.25844 0.96500 
-13.25844 0.96600 
-13.25844 0.96700 
-13.25845 0.96800 
-13.25845 0.96900 
-13.25845 0.97000 
-13.25845 0.97100 
-13.25846 0.97200 
-13.25846 0.97300 
-13.25846 0.97400 
-13.25846 0.97500 
-13.25846 0.97600 
-13.25847 0.97700 
-13.25847 0.97800 
-13.25847 0.97900 
-13.25847 0.98000 
-13.25847 0.98100 
-13.25848 0.98200 
-13.25848 0.98300 
-13.25848 0.98400 
-13.25848 0.98500 
-13.25848 0.98600 
-13.25849 0.98700 
-13.25849 0.98800 
-13.25849 0.98900 
-13.25849 0.99000 
-13.25849 0.99100 
-13.25849 0.99200 
-13.25850 0.99300 
-13.25850 0.99400 
-13.25850 0.99500 
-13.25850 0.99600 
-13.25850 0.99700 
-13.25850 0.99800 
-13.25851 0.99900 
-13.25851 1.00000 
-13.25851 1.00100 
-13.25851 1.00200 
-13.25851 1.00300 
-13.25851 1.00400 
-13.25851 1.00500 
-13.25852 1.00600 
-13.25852 1.00700 
-13.25852 1.00800 
-13.25852 1.00900 
-13.25852 1.01000 
-13.25852 1.01100 
-13.25852 1.01200 
-13.25853 1.01300 
-13.25853 1.01400 
-13.25853 1.01500 
-13.25853 1.01600 
-13.25853 1.01700 
-13.25853 1.01800 
-13.25853 1.01900 
-13.25853 1.02000 
-13.25854 1.02100 
-13.25854 1.02200 
-13.25854 1.02300 
-13.25854 1.02400 
-13.25854 1.02500 
-13.25854 1.02600 
-13.25854 1.02700 
-13.25854 1.02800 
-13.25855 1.02900 
-13.25855 1.03000 
-13.25855 1.03100 
-13.25855 1.03200 
-13.25855 1.03300 
-13.25855 1.03400 
-13.25855 1.03500 
-13.25855 1.03600 
-13.25855 1.03700 
-13.25855 1.03800 
-13.25856 1.03900 
-13.25856 1.04000 
-13.25856 1.04100 
-13.25856 1.04200 
-13.25856 1.04300 
-13.25856 1.04400 
-13.25856 1.04500 
-13.25856 1.04600 
-13.25856 1.04700 
-13.25856 1.04800 
-13.25857 1.04900 
-13.25857 1.05000 
-13.25857 1.05100 
-13.25857 1.05200 
-13.25857 1.05300 
-13.25857 1.05400 
-13.25857 1.05500 
-13.25857 1.05600 
-13.25857 1.05700 
-13.25857 1.05800 
-13.25857 1.05900 
-13.25857 1.06000 
-13.25858 1.06100 
-13.25858 1.06200 
-13.25858 1.06300 
-13.25858 1.06400 
-13.25858 1.06500 
-13.25858 1.06600 
-13.25858 1.06700 
-13.25858 1.06800 
-13.25858 1.06900 
-13.25858 1.07000 
-13.25858 1.07100 
-13.25858 1.07200 
-13.25858 1.07300 
-13.25858 1.07400 
-13.25859 1.07500 
-13.25859 1.07600 
-13.25859 1.07700 
-13.25859 1.07800 
-13.25859 1.07900 
-13.25859 1.08000 
-13.25859 1.08100 
-13.25859 1.08200 
-13.25859 1.08300 
-13.25859 1.08400 
-13.25859 1.08500 
-13.25859 1.08600 
-13.25859 1.08700 
-13.25859 1.08800 
-13.25859 1.08900 
-13.25859 1.09000 
-13.25859 1.09100 
-13.25860 1.09200 
-13.25860 1.09300 
-13.25860 1.09400 
-13.25860 1.09500 
-13.25860 1.09600 
-13.25860 1.09700 
-13.25860 1.09800 
-13.25860 1.09900 
-13.25860 1.10000 
-13.25860 1.10100 
-13.25860 1.10200 
-13.25860 1.10300 
-13.25860 1.10400 
-13.25860 1.10500 
-13.25860 1.10600 
-13.25860 1.10700 
-13.25860 1.10800 
-13.25860 1.10900 
-13.25860 1.11000 
-13.25860 1.11100 
-13.25860 1.11200 
-13.25861 1.11300 
-13.25861 1.11400 
-13.25861 1.11500 
-13.25861 1.11600 
-13.25861 1.11700 
-13.25861 1.11800 
-13.25861 1.11900 
-13.25861 1.12000 
-13.25861 1.12100 
-13.25861 1.12200 
-13.25861 1.12300 
-13.25861 1.12400 
-13.25861 1.12500 
-13.25861 1.12600 
-13.25861 1.12700 
-13.25861 1.12800 
-13.25861 1.12900 
-13.25861 1.13000 
-13.25861 1.13100 
-13.25861 1.13200 
-13.25861 1.13300 
-13.25861 1.13400 
-13.25861 1.13500 
-13.25861 1.13600 
-13.25861 1.13700 
-13.25861 1.13800 
-13.25861 1.13900 
-13.25862 1.14000 
-13.25862 1.14100 
-13.25862 1.14200 
-13.25862 1.14300 
-13.25862 1.14400 
-13.25862 1.14500 
-13.25862 1.14600 
-13.25862 1.14700 
-13.25862 1.14800 
-13.25862 1.14900 
-13.25862 1.15000 
-13.25862 1.15100 
-13.25862 1.15200 
-13.25862 1.15300 
-13.25862 1.15400 
-13.25862 1.15500 
-13.25862 1.15600 
-13.25862 1.15700 
-13.25862 1.15800 
-13.25862 1.15900 
-13.25862 1.16000 
-13.25862 1.16100 
-13.25862 1.16200 
-13.25862 1.16300 
-13.25862 1.16400 
-13.25862 1.16500 
-13.25862 1.16600 
-13.25862 1.16700 
-13.25862 1.16800 
-13.25862 1.16900 
-13.25862 1.17000 
-13.25862 1.17100 
-13.25862 1.17200 
-13.25862 1.17300 
-13.25862 1.17400 
-13.25862 1.17500 
-13.25862 1.17600 
-13.25862 1.17700 
-13.25862 1.17800 
-13.25863 1.17900 
-13.25863 1.18000 
-13.25863 1.18100 
-13.25863 1.18200 
-13.25863 1.18300 
-13.25863 1.18400 
-13.25863 1.18500 
-13.25863 1.18600 
-13.25863 1.18700 
-13.25863 1.18800 
-13.25863 1.18900 
-13.25863 1.19000 
-13.25863 1.19100 
-13.25863 1.19200 
-13.25863 1.19300 
-13.25863 1.19400 
-13.25863 1.19500 
-13.25863 1.19600 
-13.25863 1.19700 
-13.25863 1.19800 
-13.25863 1.19900 
-13.25863 1.20000 
-13.25863 1.20100 
-13.25863 1.20200 
-13.25863 1.20300 
-13.25863 1.20400 
-13.25863 1.20500 
-13.25863 1.20600 
-13.25863 1.20700 
-13.25863 1.20800 
-13.25863 1.20900 
-13.25863 1.21000 
-13.25863 1.21100 
-13.25863 1.21200 
-13.25863 1.21300 
-13.25863 1.21400 
-13.25863 1.21500 
-13.25863 1.21600 
-13.25863 1.21700 
-13.25863 1.21800 
-13.25863 1.21900 
-13.25863 1.22000 
-13.25863 1.22100 
-13.25863 1.22200 
-13.25863 1.22300 
-13.25863 1.22400 
-13.25863 1.22500 
-13.25863 1.22600 
-13.25863 1.22700 
-13.25863 1.22800 
-13.25863 1.22900 
-13.25863 1.23000 
-13.25863 1.23100 
-13.25863 1.23200 
-13.25863 1.23300 
-13.25863 1.23400 
-13.25863 1.23500 
-13.25863 1.23600 
-13.25863 1.23700 
-13.25863 1.23800 
-13.25863 1.23900 
-13.25863 1.24000 
-13.25863 1.24100 
-13.25863 1.24200 
-13.25863 1.24300 
-13.25863 1.24400 
-13.25863 1.24500 
-13.25863 1.24600 
-13.25863 1.24700 
-13.25863 1.24800 
-13.25863 1.24900 
-13.25863 1.25000 
-13.25863 1.25100 
-13.25863 1.25200 
-13.25864 1.25300 
-13.25864 1.25400 
-13.25864 1.25500 
-13.25864 1.25600 
-13.25864 1.25700 
-13.25864 1.25800 
-13.25864 1.25900 
-13.25864 1.26000 
-13.25864 1.26100 
-13.25864 1.26200 
-13.25864 1.26300 
-13.25864 1.26400 
-13.25864 1.26500 
-13.25864 1.26600 
-13.25864 1.26700 
-13.25864 1.26800 
-13.25864 1.26900 
-13.25864 1.27000 
-13.25864 1.27100 
-13.25864 1.27200 
-13.25864 1.27300 
-13.25864 1.27400 
-13.25864 1.27500 
-13.25864 1.27600 
-13.25864 1.27700 
-13.25864 1.27800 
-13.25864 1.27900 
-13.25864 1.28000 
-13.25864 1.28100 
-13.25864 1.28200 
-13.25864 1.28300 
-13.25864 1.28400 
-13.25864 1.28500 
-13.25864 1.28600 
-13.25864 1.28700 
-13.25864 1.28800 
-13.25864 1.28900 
-13.25864 1.29000 
-13.25864 1.29100 
-13.25864 1.29200 
-13.25864 1.29300 
-13.25864 1.29400 
-13.25864 1.29500 
-13.25864 1.29600 
-13.25864 1.29700 
-13.25864 1.29800 
-13.25864 1.29900 
-13.25864 1.30000 
-13.25864 1.30100 
-13.25864 1.30200 
-13.25864 1.30300 
-13.25864 1.30400 
-13.25864 1.30500 
-13.25864 1.30600 
-13.25864 1.30700 
-13.25864 1.30800 
-13.25864 1.30900 
-13.25864 1.31000 
-13.25864 1.31100 
-13.25864 1.31200 
-13.25864 1.31300 
-13.25864 1.31400 
-13.25864 1.31500 
-13.25864 1.31600 
-13.25864 1.31700 
-13.25864 1.31800 
-13.25864 1.31900 
-13.25864 1.32000 
-13.25864 1.32100 
-13.25864 1.32200 
-13.25864 1.32300 
-13.25864 1.32400 
-13.25864 1.32500 
-13.25864 1.32600 
-13.25864 1.32700 
-13.25864 1.32800 
-13.25864 1.32900 
-13.25864 1.33000 
-13.25864 1.33100 
-13.25864 1.33200 
-13.25864 1.33300 
-13.25864 1.33400 
-13.25864 1.33500 
-13.25864 1.33600 
-13.25864 1.33700 
-13.25864 1.33800 
-13.25864 1.33900 
-13.25864 1.34000 
-13.25864 1.34100 
-13.25864 1.34200 
-13.25864 1.34300 
-13.25864 1.34400 
-13.25864 1.34500 
-13.25864 1.34600 
-13.25864 1.34700 
-13.25864 1.34800 
-13.25864 1.34900 
-13.25864 1.35000 
-13.25864 1.35100 
-13.25864 1.35200 
-13.25864 1.35300 
-13.25864 1.35400 
-13.25864 1.35500 
-13.25864 1.35600 
-13.25864 1.35700 
-13.25864 1.35800 
-13.25864 1.35900 
-13.25864 1.36000 
-13.25864 1.36100 
-13.25864 1.36200 
-13.25864 1.36300 
-13.25864 1.36400 
-13.25864 1.36500 
-13.25864 1.36600 
-13.25864 1.36700 
-13.25864 1.36800 
-13.25864 1.36900 
-13.25864 1.37000 
-13.25864 1.37100 
-13.25864 1.37200 
-13.25864 1.37300 
-13.25864 1.37400 
-13.25864 1.37500 
-13.25864 1.37600 
-13.25864 1.37700 
-13.25864 1.37800 
-13.25864 1.37900 
-13.25864 1.38000 
-13.25864 1.38100 
-13.25864 1.38200 
-13.25864 1.38300 
-13.25864 1.38400 
-13.25864 1.38500 
-13.25864 1.38600 
-13.25864 1.38700 
-13.25864 1.38800 
-13.25864 1.38900 
-13.25864 1.39000 
-13.25864 1.39100 
-13.25864 1.39200 
-13.25864 1.39300 
-13.25864 1.39400 
-13.25864 1.39500 
-13.25864 1.39600 
-13.25864 1.39700 
-13.25864 1.39800 
-13.25864 1.39900 
-13.25864 1.40000 
-13.25864 1.40100 
-13.25864 1.40200 
-13.25864 1.40300 
-13.25864 1.40400 
-13.25864 1.40500 
-13.25864 1.40600 
-13.25864 1.40700 
-13.25864 1.40800 
-13.25864 1.40900 
-13.25864 1.41000 
-13.25864 1.41100 
-13.25864 1.41200 
-13.25864 1.41300 
-13.25864 1.41400 
-13.25864 1.41500 
-13.25864 1.41600 
-13.25864 1.41700 
-13.25864 1.41800 
-13.25864 1.41900 
-13.25864 1.42000 
-13.25864 1.42100 
-13.25864 1.42200 
-13.25864 1.42300 
-13.25864 1.42400 
-13.25864 1.42500 
-13.25864 1.42600 
-13.25864 1.42700 
-13.25864 1.42800 
-13.25864 1.42900 
-13.25864 1.43000 
-13.25864 1.43100 
-13.25864 1.43200 
-13.25864 1.43300 
-13.25864 1.43400 
-13.25864 1.43500 
-13.25864 1.43600 
-13.25864 1.43700 
-13.25864 1.43800 
-13.25864 1.43900 
-13.25864 1.44000 
-13.25864 1.44100 
-13.25864 1.44200 
-13.25864 1.44300 
-13.25864 1.44400 
-13.25864 1.44500 
-13.25864 1.44600 
-13.25864 1.44700 
-13.25864 1.44800 
-13.25864 1.44900 
-13.25864 1.45000 
-13.25864 1.45100 
-13.25864 1.45200 
-13.25864 1.45300 
-13.25864 1.45400 
-13.25864 1.45500 
-13.25864 1.45600 
-13.25864 1.45700 
-13.25864 1.45800 
-13.25864 1.45900 
-13.25864 1.46000 
-13.25864 1.46100 
-13.25864 1.46200 
-13.25864 1.46300 
-13.25864 1.46400 
-13.25864 1.46500 
-13.25864 1.46600 
-13.25864 1.46700 
-13.25864 1.46800 
-13.25864 1.46900 
-13.25864 1.47000 
-13.25864 1.47100 
-13.25864 1.47200 
-13.25864 1.47300 
-13.25864 1.47400 
-13.25864 1.47500 
-13.25864 1.47600 
-13.25864 1.47700 
-13.25864 1.47800 
-13.25864 1.47900 
-13.25864 1.48000 
-13.25864 1.48100 
-13.25864 1.48200 
-13.25864 1.48300 
-13.25864 1.48400 
-13.25864 1.48500 
-13.25864 1.48600 
-13.25864 1.48700 
-13.25864 1.48800 
-13.25864 1.48900 
-13.25864 1.49000 
-13.25864 1.49100 
-13.25864 1.49200 
-13.25864 1.49300 
-13.25864 1.49400 
-13.25864 1.49500 
-13.25864 1.49600 
-13.25864 1.49700 
-13.25864 1.49800 
-13.25864 1.49900 
-13.25864 1.50000 
-13.25864 1.50100 
-13.25864 1.50200 
-13.25864 1.50300 
-13.25864 1.50400 
-13.25864 1.50500 
-13.25864 1.50600 
-13.25864 1.50700 
-13.25864 1.50800 
-13.25864 1.50900 
-13.25864 1.51000 
-13.25864 1.51100 
-13.25864 1.51200 
-13.25864 1.51300 
-13.25864 1.51400 
-13.25864 1.51500 
-13.25864 1.51600 
-13.25864 1.51700 
-13.25864 1.51800 
-13.25864 1.51900 
-13.25864 1.52000 
-13.25864 1.52100 
-13.25864 1.52200 
-13.25864 1.52300 
-13.25864 1.52400 
-13.25864 1.52500 
-13.25864 1.52600 
-13.25864 1.52700 
-13.25864 1.52800 
-13.25864 1.52900 
-13.25864 1.53000 
-13.25864 1.53100 
-13.25864 1.53200 
-13.25864 1.53300 
-13.25864 1.53400 
-13.25864 1.53500 
-13.25864 1.53600 
-13.25864 1.53700 
-13.25864 1.53800 
-13.25864 1.53900 
-13.25864 1.54000 
-13.25864 1.54100 
-13.25864 1.54200 
-13.25864 1.54300 
-13.25864 1.54400 
-13.25864 1.54500 
-13.25864 1.54600 
-13.25864 1.54700 
-13.25864 1.54800 
-13.25864 1.54900 
-13.25864 1.55000 
-13.25864 1.55100 
-13.25864 1.55200 
-13.25864 1.55300 
-13.25864 1.55400 
-13.25864 1.55500 
-13.25864 1.55600 
-13.25864 1.55700 
-13.25864 1.55800 
-13.25864 1.55900 
-13.25864 1.56000 
-13.25864 1.56100 
-13.25864 1.56200 
-13.25864 1.56300 
-13.25864 1.56400 
-13.25864 1.56500 
-13.25864 1.56600 
-13.25864 1.56700 
-13.25864 1.56800 
-13.25864 1.56900 
-13.25864 1.57000 
-13.25864 1.57100 
-13.25864 1.57200 
-13.25864 1.57300 
-13.25864 1.57400 
-13.25864 1.57500 
-13.25864 1.57600 
-13.25864 1.57700 
-13.25864 1.57800 
-13.25864 1.57900 
-13.25864 1.58000 
-13.25864 1.58100 
-13.25864 1.58200 
-13.25864 1.58300 
-13.25864 1.58400 
-13.25864 1.58500 
-13.25864 1.58600 
-13.25864 1.58700 
-13.25864 1.58800 
-13.25864 1.58900 
-13.25864 1.59000 
-13.25864 1.59100 
-13.25864 1.59200 
-13.25864 1.59300 
-13.25864 1.59400 
-13.25864 1.59500 
-13.25864 1.59600 
-13.25864 1.59700 
-13.25864 1.59800 
-13.25864 1.59900 
-13.25864 1.60000 
-13.25864 1.60100 
-13.25864 1.60200 
-13.25864 1.60300 
-13.25864 1.60400 
-13.25864 1.60500 
-13.25864 1.60600 
-13.25864 1.60700 
-13.25864 1.60800 
-13.25864 1.60900 
-13.25864 1.61000 
-13.25864 1.61100 
-13.25864 1.61200 
-13.25864 1.61300 
-13.25864 1.61400 
-13.25864 1.61500 
-13.25864 1.61600 
-13.25864 1.61700 
-13.25864 1.61800 
-13.25864 1.61900 
-13.25864 1.62000 
-13.25864 1.62100 
-13.25864 1.62200 
-13.25864 1.62300 
-13.25864 1.62400 
-13.25864 1.62500 
-13.25864 1.62600 
-13.25864 1.62700 
-13.25864 1.62800 
-13.25864 1.62900 
-13.25864 1.63000 
-13.25864 1.63100 
-13.25864 1.63200 
-13.25864 1.63300 
-13.25864 1.63400 
-13.25864 1.63500 
-13.25864 1.63600 
-13.25864 1.63700 
-13.25864 1.63800 
-13.25864 1.63900 
-13.25864 1.64000 
-13.25864 1.64100 
-13.25864 1.64200 
-13.25864 1.64300 
-13.25864 1.64400 
-13.25864 1.64500 
-13.25864 1.64600 
-13.25864 1.64700 
-13.25864 1.64800 
-13.25864 1.64900 
-13.25864 1.65000 
-13.25864 1.65100 
-13.25864 1.65200 
-13.25864 1.65300 
-13.25864 1.65400 
-13.25864 1.65500 
-13.25864 1.65600 
-13.25864 1.65700 
-13.25864 1.65800 
-13.25864 1.65900 
-13.25864 1.66000 
-13.25864 1.66100 
-13.25864 1.66200 
-13.25864 1.66300 
-13.25864 1.66400 
-13.25864 1.66500 
-13.25864 1.66600 
-13.25864 1.66700 
-13.25864 1.66800 
-13.25864 1.66900 
-13.25864 1.67000 
-13.25864 1.67100 
-13.25864 1.67200 
-13.25864 1.67300 
-13.25864 1.67400 
-13.25864 1.67500 
-13.25864 1.67600 
-13.25864 1.67700 
-13.25864 1.67800 
-13.25864 1.67900 
-13.25864 1.68000 
-13.25864 1.68100 
-13.25864 1.68200 
-13.25864 1.68300 
-13.25864 1.68400 
-13.25864 1.68500 
-13.25864 1.68600 
-13.25864 1.68700 
-13.25864 1.68800 
-13.25864 1.68900 
-13.25864 1.69000 
-13.25864 1.69100 
-13.25864 1.69200 
-13.25864 1.69300 
-13.25864 1.69400 
-13.25864 1.69500 
-13.25864 1.69600 
-13.25864 1.69700 
-13.25864 1.69800 
-13.25864 1.69900 
-13.25864 1.70000 
-13.25864 1.70100 
-13.25864 1.70200 
-13.25864 1.70300 
-13.25864 1.70400 
-13.25864 1.70500 
-13.25864 1.70600 
-13.25864 1.70700 
-13.25864 1.70800 
-13.25864 1.70900 
-13.25864 1.71000 
-13.25864 1.71100 
-13.25864 1.71200 
-13.25864 1.71300 
-13.25864 1.71400 
-13.25864 1.71500 
-13.25864 1.71600 
-13.25864 1.71700 
-13.25864 1.71800 
-13.25864 1.71900 
-13.25864 1.72000 
-13.25864 1.72100 
-13.25864 1.72200 
-13.25864 1.72300 
-13.25864 1.72400 
-13.25864 1.72500 
-13.25864 1.72600 
-13.25864 1.72700 
-13.25864 1.72800 
-13.25864 1.72900 
-13.25864 1.73000 
-13.25864 1.73100 
-13.25864 1.73200 
-13.25864 1.73300 
-13.25864 1.73400 
-13.25864 1.73500 
-13.25864 1.73600 
-13.25864 1.73700 
-13.25864 1.73800 
-13.25864 1.73900 
-13.25864 1.74000 
-13.25864 1.74100 
-13.25864 1.74200 
-13.25864 1.74300 
-13.25864 1.74400 
-13.25864 1.74500 
-13.25864 1.74600 
-13.25864 1.74700 
-13.25864 1.74800 
-13.25864 1.74900 
-13.25864 1.75000 
-13.25864 1.75100 
-13.25864 1.75200 
-13.25864 1.75300 
-13.25864 1.75400 
-13.25864 1.75500 
-13.25864 1.75600 
-13.25864 1.75700 
-13.25864 1.75800 
-13.25864 1.75900 
-13.25864 1.76000 
-13.25864 1.76100 
-13.25864 1.76200 
-13.25864 1.76300 
-13.25864 1.76400 
-13.25864 1.76500 
-13.25864 1.76600 
-13.25864 1.76700 
-13.25864 1.76800 
-13.25864 1.76900 
-13.25864 1.77000 
-13.25864 1.77100 
-13.25864 1.77200 
-13.25864 1.77300 
-13.25864 1.77400 
-13.25864 1.77500 
-13.25864 1.77600 
-13.25864 1.77700 
-13.25864 1.77800 
-13.25864 1.77900 
-13.25864 1.78000 
-13.25864 1.78100 
-13.25864 1.78200 
-13.25864 1.78300 
-13.25864 1.78400 
-13.25864 1.78500 
-13.25864 1.78600 
-13.25864 1.78700 
-13.25864 1.78800 
-13.25864 1.78900 
-13.25864 1.79000 
-13.25864 1.79100 
-13.25864 1.79200 
-13.25864 1.79300 
-13.25864 1.79400 
-13.25864 1.79500 
-13.25864 1.79600 
-13.25864 1.79700 
-13.25864 1.79800 
-13.25864 1.79900 
-13.25864 1.80000 
-13.25864 1.80100 
-13.25864 1.80200 
-13.25864 1.80300 
-13.25864 1.80400 
-13.25864 1.80500 
-13.25864 1.80600 
-13.25864 1.80700 
-13.25864 1.80800 
-13.25864 1.80900 
-13.25864 1.81000 
-13.25864 1.81100 
-13.25864 1.81200 
-13.25864 1.81300 
-13.25864 1.81400 
-13.25864 1.81500 
-13.25864 1.81600 
-13.25864 1.81700 
-13.25864 1.81800 
-13.25864 1.81900 
-13.25864 1.82000 
-13.25864 1.82100 
-13.25864 1.82200 
-13.25864 1.82300 
-13.25864 1.82400 
-13.25864 1.82500 
-13.25864 1.82600 
-13.25864 1.82700 
-13.25864 1.82800 
-13.25864 1.82900 
-13.25864 1.83000 
-13.25864 1.83100 
-13.25864 1.83200 
-13.25864 1.83300 
-13.25864 1.83400 
-13.25864 1.83500 
-13.25864 1.83600 
-13.25864 1.83700 
-13.25864 1.83800 
-13.25864 1.83900 
-13.25864 1.84000 
-13.25864 1.84100 
-13.25864 1.84200 
-13.25864 1.84300 
-13.25864 1.84400 
-13.25864 1.84500 
-13.25864 1.84600 
-13.25864 1.84700 
-13.25864 1.84800 
-13.25864 1.84900 
-13.25864 1.85000 
-13.25864 1.85100 
-13.25864 1.85200 
-13.25864 1.85300 
-13.25864 1.85400 
-13.25864 1.85500 
-13.25864 1.85600 
-13.25864 1.85700 
-13.25864 1.85800 
-13.25864 1.85900 
-13.25864 1.86000 
-13.25864 1.86100 
-13.25864 1.86200 
-13.25864 1.86300 
-13.25864 1.86400 
-13.25864 1.86500 
-13.25864 1.86600 
-13.25864 1.86700 
-13.25864 1.86800 
-13.25864 1.86900 
-13.25864 1.87000 
-13.25864 1.87100 
-13.25864 1.87200 
-13.25864 1.87300 
-13.25864 1.87400 
-13.25864 1.87500 
-13.25864 1.87600 
-13.25864 1.87700 
-13.25864 1.87800 
-13.25864 1.87900 
-13.25864 1.88000 
-13.25864 1.88100 
-13.25864 1.88200 
-13.25864 1.88300 
-13.25864 1.88400 
-13.25864 1.88500 
-13.25864 1.88600 
-13.25864 1.88700 
-13.25864 1.88800 
-13.25864 1.88900 
-13.25864 1.89000 
-13.25864 1.89100 
-13.25864 1.89200 
-13.25864 1.89300 
-13.25864 1.89400 
-13.25864 1.89500 
-13.25864 1.89600 
-13.25864 1.89700 
-13.25864 1.89800 
-13.25864 1.89900 
-13.25864 1.90000 
-13.25864 1.90100 
-13.25864 1.90200 
-13.25864 1.90300 
-13.25864 1.90400 
-13.25864 1.90500 
-13.25864 1.90600 
-13.25864 1.90700 
-13.25864 1.90800 
-13.25864 1.90900 
-13.25864 1.91000 
-13.25864 1.91100 
-13.25864 1.91200 
-13.25864 1.91300 
-13.25864 1.91400 
-13.25864 1.91500 
-13.25864 1.91600 
-13.25864 1.91700 
-13.25864 1.91800 
-13.25864 1.91900 
-13.25864 1.92000 
-13.25864 1.92100 
-13.25864 1.92200 
-13.25864 1.92300 
-13.25864 1.92400 
-13.25864 1.92500 
-13.25864 1.92600 
-13.25864 1.92700 
-13.25864 1.92800 
-13.25864 1.92900 
-13.25864 1.93000 
-13.25864 1.93100 
-13.25864 1.93200 
-13.25864 1.93300 
-13.25864 1.93400 
-13.25864 1.93500 
-13.25864 1.93600 
-13.25864 1.93700 
-13.25864 1.93800 
-13.25864 1.93900 
-13.25864 1.94000 
-13.25864 1.94100 
-13.25864 1.94200 
-13.25864 1.94300 
-13.25864 1.94400 
-13.25864 1.94500 
-13.25864 1.94600 
-13.25864 1.94700 
-13.25864 1.94800 
-13.25864 1.94900 
-13.25864 1.95000 
-13.25864 1.95100 
-13.25864 1.95200 
-13.25864 1.95300 
-13.25864 1.95400 
-13.25864 1.95500 
-13.25864 1.95600 
-13.25864 1.95700 
-13.25864 1.95800 
-13.25864 1.95900 
-13.25864 1.96000 
-13.25864 1.96100 
-13.25864 1.96200 
-13.25864 1.96300 
-13.25864 1.96400 
-13.25864 1.96500 
-13.25864 1.96600 
-13.25864 1.96700 
-13.25864 1.96800 
-13.25864 1.96900 
-13.25864 1.97000 
-13.25864 1.97100 
-13.25864 1.97200 
-13.25864 1.97300 
-13.25864 1.97400 
-13.25864 1.97500 
-13.25864 1.97600 
-13.25864 1.97700 
-13.25864 1.97800 
-13.25864 1.97900 
-13.25864 1.98000 
-13.25864 1.98100 
-13.25864 1.98200 
-13.25864 1.98300 
-13.25864 1.98400 
-13.25864 1.98500 
-13.25864 1.98600 
-13.25864 1.98700 
-13.25864 1.98800 
-13.25864 1.98900 
-13.25864 1.99000 
-13.25864 1.99100 
-13.25864 1.99200 
-13.25864 1.99300 
-13.25864 1.99400 
-13.25864 1.99500 
-13.25864 1.99600 
-13.25864 1.99700 
-13.25864 1.99800 
-13.25864 1.99900 
-13.25864 2.00000 
-13.25864 2.00100 
-13.25864 2.00200 
-13.25864 2.00300 
-13.25864 2.00400 
-13.25864 2.00500 
-13.25864 2.00600 
-13.25864 2.00700 
-13.25864 2.00800 
-13.25864 2.00900 
-13.25864 2.01000 
-13.25864 2.01100 
-13.25864 2.01200 
-13.25864 2.01300 
-13.25864 2.01400 
-13.25864 2.01500 
-13.25864 2.01600 
-13.25864 2.01700 
-13.25864 2.01800 
-13.25864 2.01900 
-13.25864 2.02000 
-13.25864 2.02100 
-13.25864 2.02200 
-13.25864 2.02300 
-13.25864 2.02400 
-13.25864 2.02500 
-13.25864 2.02600 
-13.25864 2.02700 
-13.25864 2.02800 
-13.25864 2.02900 
-13.25864 2.03000 
-13.25864 2.03100 
-13.25864 2.03200 
-13.25864 2.03300 
-13.25864 2.03400 
-13.25864 2.03500 
-13.25864 2.03600 
-13.25864 2.03700 
-13.25864 2.03800 
-13.25864 2.03900 
-13.25864 2.04000 
-13.25864 2.04100 
-13.25864 2.04200 
-13.25864 2.04300 
-13.25864 2.04400 
-13.25864 2.04500 
-13.25864 2.04600 
-13.25864 2.04700 
-13.25864 2.04800 
-13.25864 2.04900 
-13.25864 2.05000 
-13.25864 2.05100 
-13.25864 2.05200 
-13.25864 2.05300 
-13.25864 2.05400 
-13.25864 2.05500 
-13.25864 2.05600 
-13.25864 2.05700 
-13.25864 2.05800 
-13.25864 2.05900 
-13.25864 2.06000 
-13.25864 2.06100 
-13.25864 2.06200 
-13.25864 2.06300 
-13.25864 2.06400 
-13.25864 2.06500 
-13.25864 2.06600 
-13.25864 2.06700 
-13.25864 2.06800 
-13.25864 2.06900 
-13.25864 2.07000 
-13.25864 2.07100 
-13.25864 2.07200 
-13.25864 2.07300 
-13.25864 2.07400 
-13.25864 2.07500 
-13.25864 2.07600 
-13.25864 2.07700 
-13.25864 2.07800 
-13.25864 2.07900 
-13.25864 2.08000 
-13.25864 2.08100 
-13.25864 2.08200 
-13.25864 2.08300 
-13.25864 2.08400 
-13.25864 2.08500 
-13.25864 2.08600 
-13.25864 2.08700 
-13.25864 2.08800 
-13.25864 2.08900 
-13.25864 2.09000 
-13.25864 2.09100 
-13.25864 2.09200 
-13.25864 2.09300 
-13.25864 2.09400 
-13.25864 2.09500 
-13.25864 2.09600 
-13.25864 2.09700 
-13.25864 2.09800 
-13.25864 2.09900 
-13.25864 2.10000 
-13.25864 2.10100 
-13.25864 2.10200 
-13.25864 2.10300 
-13.25864 2.10400 
-13.25864 2.10500 
-13.25864 2.10600 
-13.25864 2.10700 
-13.25864 2.10800 
-13.25864 2.10900 
-13.25864 2.11000 
-13.25864 2.11100 
-13.25864 2.11200 
-13.25864 2.11300 
-13.25864 2.11400 
-13.25864 2.11500 
-13.25864 2.11600 
-13.25864 2.11700 
-13.25864 2.11800 
-13.25864 2.11900 
-13.25864 2.12000 
-13.25864 2.12100 
-13.25864 2.12200 
-13.25864 2.12300 
-13.25864 2.12400 
-13.25864 2.12500 
-13.25864 2.12600 
-13.25864 2.12700 
-13.25864 2.12800 
-13.25864 2.12900 
-13.25864 2.13000 
-13.25864 2.13100 
-13.25864 2.13200 
-13.25864 2.13300 
-13.25864 2.13400 
-13.25864 2.13500 
-13.25864 2.13600 
-13.25864 2.13700 
-13.25864 2.13800 
-13.25864 2.13900 
-13.25864 2.14000 
-13.25864 2.14100 
-13.25864 2.14200 
-13.25864 2.14300 
-13.25864 2.14400 
-13.25864 2.14500 
-13.25864 2.14600 
-13.25864 2.14700 
-13.25864 2.14800 
-13.25864 2.14900 
-13.25864 2.15000 
-13.25864 2.15100 
-13.25864 2.15200 
-13.25864 2.15300 
-13.25864 2.15400 
-13.25864 2.15500 
-13.25864 2.15600 
-13.25864 2.15700 
-13.25864 2.15800 
-13.25864 2.15900 
-13.25864 2.16000 
-13.25864 2.16100 
-13.25864 2.16200 
-13.25864 2.16300 
-13.25864 2.16400 
-13.25864 2.16500 
-13.25864 2.16600 
-13.25864 2.16700 
-13.25864 2.16800 
-13.25864 2.16900 
-13.25864 2.17000 
-13.25864 2.17100 
-13.25864 2.17200 
-13.25864 2.17300 
-13.25864 2.17400 
-13.25864 2.17500 
-13.25864 2.17600 
-13.25864 2.17700 
-13.25864 2.17800 
-13.25864 2.17900 
-13.25864 2.18000 
-13.25864 2.18100 
-13.25864 2.18200 
-13.25864 2.18300 
-13.25864 2.18400 
-13.25864 2.18500 
-13.25864 2.18600 
-13.25864 2.18700 
-13.25864 2.18800 
-13.25864 2.18900 
-13.25864 2.19000 
-13.25864 2.19100 
-13.25864 2.19200 
-13.25864 2.19300 
-13.25864 2.19400 
-13.25864 2.19500 
-13.25864 2.19600 
-13.25864 2.19700 
-13.25864 2.19800 
-13.25864 2.19900 
-13.25864 2.20000 
-13.25864 2.20100 
-13.25864 2.20200 
-13.25864 2.20300 
-13.25864 2.20400 
-13.25864 2.20500 
-13.25864 2.20600 
-13.25864 2.20700 
-13.25864 2.20800 
-13.25864 2.20900 
-13.25864 2.21000 
-13.25864 2.21100 
-13.25864 2.21200 
-13.25864 2.21300 
-13.25864 2.21400 
-13.25864 2.21500 
-13.25864 2.21600 
-13.25864 2.21700 
-13.25864 2.21800 
-13.25864 2.21900 
-13.25864 2.22000 
-13.25864 2.22100 
-13.25864 2.22200 
-13.25864 2.22300 
-13.25864 2.22400 
-13.25864 2.22500 
-13.25864 2.22600 
-13.25864 2.22700 
-13.25864 2.22800 
-13.25864 2.22900 
-13.25864 2.23000 
-13.25864 2.23100 
-13.25864 2.23200 
-13.25864 2.23300 
-13.25864 2.23400 
-13.25864 2.23500 
-13.25864 2.23600 
-13.25864 2.23700 
-13.25864 2.23800 
-13.25864 2.23900 
-13.25864 2.24000 
-13.25864 2.24100 
-13.25864 2.24200 
-13.25864 2.24300 
-13.25864 2.24400 
-13.25864 2.24500 
-13.25864 2.24600 
-13.25864 2.24700 
-13.25864 2.24800 
-13.25864 2.24900 
-13.25864 2.25000 
-13.25864 2.25100 
-13.25864 2.25200 
-13.25864 2.25300 
-13.25864 2.25400 
-13.25864 2.25500 
-13.25864 2.25600 
-13.25864 2.25700 
-13.25864 2.25800 
-13.25864 2.25900 
-13.25864 2.26000 
-13.25864 2.26100 
-13.25864 2.26200 
-13.25864 2.26300 
-13.25864 2.26400 
-13.25864 2.26500 
-13.25864 2.26600 
-13.25864 2.26700 
-13.25864 2.26800 
-13.25864 2.26900 
-13.25864 2.27000 
-13.25864 2.27100 
-13.25864 2.27200 
-13.25864 2.27300 
-13.25864 2.27400 
-13.25864 2.27500 
-13.25864 2.27600 
-13.25864 2.27700 
-13.25864 2.27800 
-13.25864 2.27900 
-13.25864 2.28000 
-13.25864 2.28100 
-13.25864 2.28200 
-13.25864 2.28300 
-13.25864 2.28400 
-13.25864 2.28500 
-13.25864 2.28600 
-13.25864 2.28700 
-13.25864 2.28800 
-13.25864 2.28900 
-13.25864 2.29000 
-13.25864 2.29100 
-13.25864 2.29200 
-13.25864 2.29300 
-13.25864 2.29400 
-13.25864 2.29500 
-13.25864 2.29600 
-13.25864 2.29700 
-13.25864 2.29800 
-13.25864 2.29900 
-13.25864 2.30000 
-13.25864 2.30100 
-13.25864 2.30200 
-13.25864 2.30300 
-13.25864 2.30400 
-13.25864 2.30500 
-13.25864 2.30600 
-13.25864 2.30700 
-13.25864 2.30800 
-13.25864 2.30900 
-13.25864 2.31000 
-13.25864 2.31100 
-13.25864 2.31200 
-13.25864 2.31300 
-13.25864 2.31400 
-13.25864 2.31500 
-13.25864 2.31600 
-13.25864 2.31700 
-13.25864 2.31800 
-13.25864 2.31900 
-13.25864 2.32000 
-13.25864 2.32100 
-13.25864 2.32200 
-13.25864 2.32300 
-13.25864 2.32400 
-13.25864 2.32500 
-13.25864 2.32600 
-13.25864 2.32700 
-13.25864 2.32800 
-13.25864 2.32900 
-13.25864 2.33000 
-13.25864 2.33100 
-13.25864 2.33200 
-13.25864 2.33300 
-13.25864 2.33400 
-13.25864 2.33500 
-13.25864 2.33600 
-13.25864 2.33700 
-13.25864 2.33800 
-13.25864 2.33900 
-13.25864 2.34000 
-13.25864 2.34100 
-13.25864 2.34200 
-13.25864 2.34300 
-13.25864 2.34400 
-13.25864 2.34500 
-13.25864 2.34600 
-13.25864 2.34700 
-13.25864 2.34800 
-13.25864 2.34900 
-13.25864 2.35000 
-13.25864 2.35100 
-13.25864 2.35200 
-13.25864 2.35300 
-13.25864 2.35400 
-13.25864 2.35500 
-13.25864 2.35600 
-13.25864 2.35700 
-13.25864 2.35800 
-13.25864 2.35900 
-13.25864 2.36000 
-13.25864 2.36100 
-13.25864 2.36200 
-13.25864 2.36300 
-13.25864 2.36400 
-13.25864 2.36500 
-13.25864 2.36600 
-13.25864 2.36700 
-13.25864 2.36800 
-13.25864 2.36900 
-13.25864 2.37000 
-13.25864 2.37100 
-13.25864 2.37200 
-13.25864 2.37300 
-13.25864 2.37400 
-13.25864 2.37500 
-13.25864 2.37600 
-13.25864 2.37700 
-13.25864 2.37800 
-13.25864 2.37900 
-13.25864 2.38000 
-13.25864 2.38100 
-13.25864 2.38200 
-13.25864 2.38300 
-13.25864 2.38400 
-13.25864 2.38500 
-13.25864 2.38600 
-13.25864 2.38700 
-13.25864 2.38800 
-13.25864 2.38900 
-13.25864 2.39000 
-13.25864 2.39100 
-13.25864 2.39200 
-13.25864 2.39300 
-13.25864 2.39400 
-13.25864 2.39500 
-13.25864 2.39600 
-13.25864 2.39700 
-13.25864 2.39800 
-13.25864 2.39900 
-13.25864 2.40000 
-13.25864 2.40100 
-13.25864 2.40200 
-13.25864 2.40300 
-13.25864 2.40400 
-13.25864 2.40500 
-13.25864 2.40600 
-13.25864 2.40700 
-13.25864 2.40800 
-13.25864 2.40900 
-13.25864 2.41000 
-13.25864 2.41100 
-13.25864 2.41200 
-13.25864 2.41300 
-13.25864 2.41400 
-13.25864 2.41500 
-13.25864 2.41600 
-13.25864 2.41700 
-13.25864 2.41800 
-13.25864 2.41900 
-13.25864 2.42000 
-13.25864 2.42100 
-13.25864 2.42200 
-13.25864 2.42300 
-13.25864 2.42400 
-13.25864 2.42500 
-13.25864 2.42600 
-13.25864 2.42700 
-13.25864 2.42800 
-13.25864 2.42900 
-13.25864 2.43000 
-13.25864 2.43100 
-13.25864 2.43200 
-13.25864 2.43300 
-13.25864 2.43400 
-13.25864 2.43500 
-13.25864 2.43600 
-13.25864 2.43700 
-13.25864 2.43800 
-13.25864 2.43900 
-13.25864 2.44000 
-13.25864 2.44100 
-13.25864 2.44200 
-13.25864 2.44300 
-13.25864 2.44400 
-13.25864 2.44500 
-13.25864 2.44600 
-13.25864 2.44700 
-13.25864 2.44800 
-13.25864 2.44900 
-13.25864 2.45000 
-13.25864 2.45100 
-13.25864 2.45200 
-13.25864 2.45300 
-13.25864 2.45400 
-13.25864 2.45500 
-13.25864 2.45600 
-13.25864 2.45700 
-13.25864 2.45800 
-13.25864 2.45900 
-13.25864 2.46000 
-13.25864 2.46100 
-13.25864 2.46200 
-13.25864 2.46300 
-13.25864 2.46400 
-13.25864 2.46500 
-13.25864 2.46600 
-13.25864 2.46700 
-13.25864 2.46800 
-13.25864 2.46900 
-13.25864 2.47000 
-13.25864 2.47100 
-13.25864 2.47200 
-13.25864 2.47300 
-13.25864 2.47400 
-13.25864 2.47500 
-13.25864 2.47600 
-13.25864 2.47700 
-13.25864 2.47800 
-13.25864 2.47900 
-13.25864 2.48000 
-13.25864 2.48100 
-13.25864 2.48200 
-13.25864 2.48300 
-13.25864 2.48400 
-13.25864 2.48500 
-13.25864 2.48600 
-13.25864 2.48700 
-13.25864 2.48800 
-13.25864 2.48900 
-13.25864 2.49000 
-13.25864 2.49100 
-13.25864 2.49200 
-13.25864 2.49300 
-13.25864 2.49400 
-13.25864 2.49500 
-13.25864 2.49600 
-13.25864 2.49700 
-13.25864 2.49800 
-13.25864 2.49900 
-13.25864 2.50000 
-13.25864 2.50100 
-13.25864 2.50200 
-13.25864 2.50300 
-13.25864 2.50400 
-13.25864 2.50500 
-13.25864 2.50600 
-13.25864 2.50700 
-13.25864 2.50800 
-13.25864 2.50900 
-13.25864 2.51000 
-13.25864 2.51100 
-13.25864 2.51200 
-13.25864 2.51300 
-13.25864 2.51400 
-13.25864 2.51500 
-13.25864 2.51600 
-13.25864 2.51700 
-13.25864 2.51800 
-13.25864 2.51900 
-13.25864 2.52000 
-13.25864 2.52100 
-13.25864 2.52200 
-13.25864 2.52300 
-13.25864 2.52400 
-13.25864 2.52500 
-13.25864 2.52600 
-13.25864 2.52700 
-13.25864 2.52800 
-13.25864 2.52900 
-13.25864 2.53000 
-13.25864 2.53100 
-13.25864 2.53200 
-13.25864 2.53300 
-13.25864 2.53400 
-13.25864 2.53500 
-13.25864 2.53600 
-13.25864 2.53700 
-13.25864 2.53800 
-13.25864 2.53900 
-13.25864 2.54000 
-13.25864 2.54100 
-13.25864 2.54200 
-13.25864 2.54300 
-13.25864 2.54400 
-13.25864 2.54500 
-13.25864 2.54600 
-13.25864 2.54700 
-13.25864 2.54800 
-13.25864 2.54900 
-13.25864 2.55000 
-13.25864 2.55100 
-13.25864 2.55200 
-13.25864 2.55300 
-13.25864 2.55400 
-13.25864 2.55500 
-13.25864 2.55600 
-13.25864 2.55700 
-13.25864 2.55800 
-13.25864 2.55900 
-13.25864 2.56000 
-13.25864 2.56100 
-13.25864 2.56200 
-13.25864 2.56300 
-13.25864 2.56400 
-13.25864 2.56500 
-13.25864 2.56600 
-13.25864 2.56700 
-13.25864 2.56800 
-13.25864 2.56900 
-13.25864 2.57000 
-13.25864 2.57100 
-13.25864 2.57200 
-13.25864 2.57300 
-13.25864 2.57400 
-13.25864 2.57500 
-13.25864 2.57600 
-13.25864 2.57700 
-13.25864 2.57800 
-13.25864 2.57900 
-13.25864 2.58000 
-13.25864 2.58100 
-13.25864 2.58200 
-13.25864 2.58300 
-13.25864 2.58400 
-13.25864 2.58500 
-13.25864 2.58600 
-13.25864 2.58700 
-13.25864 2.58800 
-13.25864 2.58900 
-13.25864 2.59000 
-13.25864 2.59100 
-13.25864 2.59200 
-13.25864 2.59300 
-13.25864 2.59400 
-13.25864 2.59500 
-13.25864 2.59600 
-13.25864 2.59700 
-13.25864 2.59800 
-13.25864 2.59900 
-13.25864 2.60000 
-13.25864 2.60100 
-13.25864 2.60200 
-13.25864 2.60300 
-13.25864 2.60400 
-13.25864 2.60500 
-13.25864 2.60600 
-13.25864 2.60700 
-13.25864 2.60800 
-13.25864 2.60900 
-13.25864 2.61000 
-13.25864 2.61100 
-13.25864 2.61200 
-13.25864 2.61300 
-13.25864 2.61400 
-13.25864 2.61500 
-13.25864 2.61600 
-13.25864 2.61700 
-13.25864 2.61800 
-13.25864 2.61900 
-13.25864 2.62000 
-13.25864 2.62100 
-13.25864 2.62200 
-13.25864 2.62300 
-13.25864 2.62400 
-13.25864 2.62500 
-13.25864 2.62600 
-13.25864 2.62700 
-13.25864 2.62800 
-13.25864 2.62900 
-13.25864 2.63000 
-13.25864 2.63100 
-13.25864 2.63200 
-13.25864 2.63300 
-13.25864 2.63400 
-13.25864 2.63500 
-13.25864 2.63600 
-13.25864 2.63700 
-13.25864 2.63800 
-13.25864 2.63900 
-13.25864 2.64000 
-13.25864 2.64100 
-13.25864 2.64200 
-13.25864 2.64300 
-13.25864 2.64400 
-13.25864 2.64500 
-13.25864 2.64600 
-13.25864 2.64700 
-13.25864 2.64800 
-13.25864 2.64900 
-13.25864 2.65000 
-13.25864 2.65100 
-13.25864 2.65200 
-13.25864 2.65300 
-13.25864 2.65400 
-13.25864 2.65500 
-13.25864 2.65600 
-13.25864 2.65700 
-13.25864 2.65800 
-13.25864 2.65900 
-13.25864 2.66000 
-13.25864 2.66100 
-13.25864 2.66200 
-13.25864 2.66300 
-13.25864 2.66400 
-13.25864 2.66500 
-13.25864 2.66600 
-13.25864 2.66700 
-13.25864 2.66800 
-13.25864 2.66900 
-13.25864 2.67000 
-13.25864 2.67100 
-13.25864 2.67200 
-13.25864 2.67300 
-13.25864 2.67400 
-13.25864 2.67500 
-13.25864 2.67600 
-13.25864 2.67700 
-13.25864 2.67800 
-13.25864 2.67900 
-13.25864 2.68000 
-13.25864 2.68100 
-13.25864 2.68200 
-13.25864 2.68300 
-13.25864 2.68400 
-13.25864 2.68500 
-13.25864 2.68600 
-13.25864 2.68700 
-13.25864 2.68800 
-13.25864 2.68900 
-13.25864 2.69000 
-13.25864 2.69100 
-13.25864 2.69200 
-13.25864 2.69300 
-13.25864 2.69400 
-13.25864 2.69500 
-13.25864 2.69600 
-13.25864 2.69700 
-13.25864 2.69800 
-13.25864 2.69900 
-13.25864 2.70000 
-13.25864 2.70100 
-13.25864 2.70200 
-13.25864 2.70300 
-13.25864 2.70400 
-13.25864 2.70500 
-13.25864 2.70600 
-13.25864 2.70700 
-13.25864 2.70800 
-13.25864 2.70900 
-13.25864 2.71000 
-13.25864 2.71100 
-13.25864 2.71200 
-13.25864 2.71300 
-13.25864 2.71400 
-13.25864 2.71500 
-13.25864 2.71600 
-13.25864 2.71700 
-13.25864 2.71800 
-13.25864 2.71900 
-13.25864 2.72000 
-13.25864 2.72100 
-13.25864 2.72200 
-13.25864 2.72300 
-13.25864 2.72400 
-13.25864 2.72500 
-13.25864 2.72600 
-13.25864 2.72700 
-13.25864 2.72800 
-13.25864 2.72900 
-13.25864 2.73000 
-13.25864 2.73100 
-13.25864 2.73200 
-13.25864 2.73300 
-13.25864 2.73400 
-13.25864 2.73500 
-13.25864 2.73600 
-13.25864 2.73700 
-13.25864 2.73800 
-13.25864 2.73900 
-13.25864 2.74000 
-13.25864 2.74100 
-13.25864 2.74200 
-13.25864 2.74300 
-13.25864 2.74400 
-13.25864 2.74500 
-13.25864 2.74600 
-13.25864 2.74700 
-13.25864 2.74800 
-13.25864 2.74900 
-13.25864 2.75000 
-13.25864 2.75100 
-13.25864 2.75200 
-13.25864 2.75300 
-13.25864 2.75400 
-13.25864 2.75500 
-13.25864 2.75600 
-13.25864 2.75700 
-13.25864 2.75800 
-13.25864 2.75900 
-13.25864 2.76000 
-13.25864 2.76100 
-13.25864 2.76200 
-13.25864 2.76300 
-13.25864 2.76400 
-13.25864 2.76500 
-13.25864 2.76600 
-13.25864 2.76700 
-13.25864 2.76800 
-13.25864 2.76900 
-13.25864 2.77000 
-13.25864 2.77100 
-13.25864 2.77200 
-13.25864 2.77300 
-13.25864 2.77400 
-13.25864 2.77500 
-13.25864 2.77600 
-13.25864 2.77700 
-13.25864 2.77800 
-13.25864 2.77900 
-13.25864 2.78000 
-13.25864 2.78100 
-13.25864 2.78200 
-13.25864 2.78300 
-13.25864 2.78400 
-13.25864 2.78500 
-13.25864 2.78600 
-13.25864 2.78700 
-13.25864 2.78800 
-13.25864 2.78900 
-13.25864 2.79000 
-13.25864 2.79100 
-13.25864 2.79200 
-13.25864 2.79300 
-13.25864 2.79400 
-13.25864 2.79500 
-13.25864 2.79600 
-13.25864 2.79700 
-13.25864 2.79800 
-13.25864 2.79900 
-13.25864 2.80000 
-13.25864 2.80100 
-13.25864 2.80200 
-13.25864 2.80300 
-13.25864 2.80400 
-13.25864 2.80500 
-13.25864 2.80600 
-13.25864 2.80700 
-13.25864 2.80800 
-13.25864 2.80900 
-13.25864 2.81000 
-13.25864 2.81100 
-13.25864 2.81200 
-13.25864 2.81300 
-13.25864 2.81400 
-13.25864 2.81500 
-13.25864 2.81600 
-13.25864 2.81700 
-13.25864 2.81800 
-13.25864 2.81900 
-13.25864 2.82000 
-13.25864 2.82100 
-13.25864 2.82200 
-13.25864 2.82300 
-13.25864 2.82400 
-13.25864 2.82500 
-13.25864 2.82600 
-13.25864 2.82700 
-13.25864 2.82800 
-13.25864 2.82900 
-13.25864 2.83000 
-13.25864 2.83100 
-13.25864 2.83200 
-13.25864 2.83300 
-13.25864 2.83400 
-13.25864 2.83500 
-13.25864 2.83600 
-13.25864 2.83700 
-13.25864 2.83800 
-13.25864 2.83900 
-13.25864 2.84000 
-13.25864 2.84100 
-13.25864 2.84200 
-13.25864 2.84300 
-13.25864 2.84400 
-13.25864 2.84500 
-13.25864 2.84600 
-13.25864 2.84700 
-13.25864 2.84800 
-13.25864 2.84900 
-13.25864 2.85000 
-13.25864 2.85100 
-13.25864 2.85200 
-13.25864 2.85300 
-13.25864 2.85400 
-13.25864 2.85500 
-13.25864 2.85600 
-13.25864 2.85700 
-13.25864 2.85800 
-13.25864 2.85900 
-13.25864 2.86000 
-13.25864 2.86100 
-13.25864 2.86200 
-13.25864 2.86300 
-13.25864 2.86400 
-13.25864 2.86500 
-13.25864 2.86600 
-13.25864 2.86700 
-13.25864 2.86800 
-13.25864 2.86900 
-13.25864 2.87000 
-13.25864 2.87100 
-13.25864 2.87200 
-13.25864 2.87300 
-13.25864 2.87400 
-13.25864 2.87500 
-13.25864 2.87600 
-13.25864 2.87700 
-13.25864 2.87800 
-13.25864 2.87900 
-13.25864 2.88000 
-13.25864 2.88100 
-13.25864 2.88200 
-13.25864 2.88300 
-13.25864 2.88400 
-13.25864 2.88500 
-13.25864 2.88600 
-13.25864 2.88700 
-13.25864 2.88800 
-13.25864 2.88900 
-13.25864 2.89000 
-13.25864 2.89100 
-13.25864 2.89200 
-13.25864 2.89300 
-13.25864 2.89400 
-13.25864 2.89500 
-13.25864 2.89600 
-13.25864 2.89700 
-13.25864 2.89800 
-13.25864 2.89900 
-13.25864 2.90000 
-13.25864 2.90100 
-13.25864 2.90200 
-13.25864 2.90300 
-13.25864 2.90400 
-13.25864 2.90500 
-13.25864 2.90600 
-13.25864 2.90700 
-13.25864 2.90800 
-13.25864 2.90900 
-13.25864 2.91000 
-13.25864 2.91100 
-13.25864 2.91200 
-13.25864 2.91300 
-13.25864 2.91400 
-13.25864 2.91500 
-13.25864 2.91600 
-13.25864 2.91700 
-13.25864 2.91800 
-13.25864 2.91900 
-13.25864 2.92000 
-13.25864 2.92100 
-13.25864 2.92200 
-13.25864 2.92300 
-13.25864 2.92400 
-13.25864 2.92500 
-13.25864 2.92600 
-13.25864 2.92700 
-13.25864 2.92800 
-13.25864 2.92900 
-13.25864 2.93000 
-13.25864 2.93100 
-13.25864 2.93200 
-13.25864 2.93300 
-13.25864 2.93400 
-13.25864 2.93500 
-13.25864 2.93600 
-13.25864 2.93700 
-13.25864 2.93800 
-13.25864 2.93900 
-13.25864 2.94000 
-13.25864 2.94100 
-13.25864 2.94200 
-13.25864 2.94300 
-13.25864 2.94400 
-13.25864 2.94500 
-13.25864 2.94600 
-13.25864 2.94700 
-13.25864 2.94800 
-13.25864 2.94900 
-13.25864 2.95000 
-13.25864 2.95100 
-13.25864 2.95200 
-13.25864 2.95300 
-13.25864 2.95400 
-13.25864 2.95500 
-13.25864 2.95600 
-13.25864 2.95700 
-13.25864 2.95800 
-13.25864 2.95900 
-13.25864 2.96000 
-13.25864 2.96100 
-13.25864 2.96200 
-13.25864 2.96300 
-13.25864 2.96400 
-13.25864 2.96500 
-13.25864 2.96600 
-13.25864 2.96700 
-13.25864 2.96800 
-13.25864 2.96900 
-13.25864 2.97000 
-13.25864 2.97100 
-13.25864 2.97200 
-13.25864 2.97300 
-13.25864 2.97400 
-13.25864 2.97500 
-13.25864 2.97600 
-13.25864 2.97700 
-13.25864 2.97800 
-13.25864 2.97900 
-13.25864 2.98000 
-13.25864 2.98100 
-13.25864 2.98200 
-13.25864 2.98300 
-13.25864 2.98400 
-13.25864 2.98500 
-13.25864 2.98600 
-13.25864 2.98700 
-13.25864 2.98800 
-13.25864 2.98900 
-13.25864 2.99000 
-13.25864 2.99100 
-13.25864 2.99200 
-13.25864 2.99300 
-13.25864 2.99400 
-13.25864 2.99500 
-13.25864 2.99600 
-13.25864 2.99700 
-13.25864 2.99800 
-13.25864 2.99900 
-13.25864 3.00000 
-13.25864 3.00100 
-13.25864 3.00200 
-13.25864 3.00300 
-13.25864 3.00400 
-13.25864 3.00500 
-13.25864 3.00600 
-13.25864 3.00700 
-13.25864 3.00800 
-13.25864 3.00900 
-13.25864 3.01000 
-13.25864 3.01100 
-13.25864 3.01200 
-13.25864 3.01300 
-13.25864 3.01400 
-13.25864 3.01500 
-13.25864 3.01600 
-13.25864 3.01700 
-13.25864 3.01800 
-13.25864 3.01900 
-13.25864 3.02000 
-13.25864 3.02100 
-13.25864 3.02200 
-13.25864 3.02300 
-13.25864 3.02400 
-13.25864 3.02500 
-13.25864 3.02600 
-13.25864 3.02700 
-13.25864 3.02800 
-13.25864 3.02900 
-13.25864 3.03000 
-13.25864 3.03100 
-13.25864 3.03200 
-13.25864 3.03300 
-13.25864 3.03400 
-13.25864 3.03500 
-13.25864 3.03600 
-13.25864 3.03700 
-13.25864 3.03800 
-13.25864 3.03900 
-13.25864 3.04000 
-13.25864 3.04100 
-13.25864 3.04200 
-13.25864 3.04300 
-13.25864 3.04400 
-13.25864 3.04500 
-13.25864 3.04600 
-13.25864 3.04700 
-13.25864 3.04800 
-13.25864 3.04900 
-13.25864 3.05000 
-13.25864 3.05100 
-13.25864 3.05200 
-13.25864 3.05300 
-13.25864 3.05400 
-13.25864 3.05500 
-13.25864 3.05600 
-13.25864 3.05700 
-13.25864 3.05800 
-13.25864 3.05900 
-13.25864 3.06000 
-13.25864 3.06100 
-13.25864 3.06200 
-13.25864 3.06300 
-13.25864 3.06400 
-13.25864 3.06500 
-13.25864 3.06600 
-13.25864 3.06700 
-13.25864 3.06800 
-13.25864 3.06900 
-13.25864 3.07000 
-13.25864 3.07100 
-13.25864 3.07200 
-13.25864 3.07300 
-13.25864 3.07400 
-13.25864 3.07500 
-13.25864 3.07600 
-13.25864 3.07700 
-13.25864 3.07800 
-13.25864 3.07900 
-13.25864 3.08000 
-13.25864 3.08100 
-13.25864 3.08200 
-13.25864 3.08300 
-13.25864 3.08400 
-13.25864 3.08500 
-13.25864 3.08600 
-13.25864 3.08700 
-13.25864 3.08800 
-13.25864 3.08900 
-13.25864 3.09000 
-13.25864 3.09100 
-13.25864 3.09200 
-13.25864 3.09300 
-13.25864 3.09400 
-13.25864 3.09500 
-13.25864 3.09600 
-13.25864 3.09700 
-13.25864 3.09800 
-13.25864 3.09900 
-13.25864 3.10000 
-13.25864 3.10100 
-13.25864 3.10200 
-13.25864 3.10300 
-13.25864 3.10400 
-13.25864 3.10500 
-13.25864 3.10600 
-13.25864 3.10700 
-13.25864 3.10800 
-13.25864 3.10900 
-13.25864 3.11000 
-13.25864 3.11100 
-13.25864 3.11200 
-13.25864 3.11300 
-13.25864 3.11400 
-13.25864 3.11500 
-13.25864 3.11600 
-13.25864 3.11700 
-13.25864 3.11800 
-13.25864 3.11900 
-13.25864 3.12000 
-13.25864 3.12100 
-13.25864 3.12200 
-13.25864 3.12300 
-13.25864 3.12400 
-13.25864 3.12500 
-13.25864 3.12600 
-13.25864 3.12700 
-13.25864 3.12800 
-13.25864 3.12900 
-13.25864 3.13000 
-13.25864 3.13100 
-13.25864 3.13200 
-13.25864 3.13300 
-13.25864 3.13400 
-13.25864 3.13500 
-13.25864 3.13600 
-13.25864 3.13700 
-13.25864 3.13800 
-13.25864 3.13900 
-13.25864 3.14000 
-13.25864 3.14100 
-13.25864 3.14200 
-13.25864 3.14300 
-13.25864 3.14400 
-13.25864 3.14500 
-13.25864 3.14600 
-13.25864 3.14700 
-13.25864 3.14800 
-13.25864 3.14900 
-13.25864 3.15000 
-13.25864 3.15100 
-13.25864 3.15200 
-13.25864 3.15300 
-13.25864 3.15400 
-13.25864 3.15500 
-13.25864 3.15600 
-13.25864 3.15700 
-13.25864 3.15800 
-13.25864 3.15900 
-13.25864 3.16000 
-13.25864 3.16100 
-13.25864 3.16200 
-13.25864 3.16300 
-13.25864 3.16400 
-13.25864 3.16500 
-13.25864 3.16600 
-13.25864 3.16700 
-13.25864 3.16800 
-13.25864 3.16900 
-13.25864 3.17000 
-13.25864 3.17100 
-13.25864 3.17200 
-13.25864 3.17300 
-13.25864 3.17400 
-13.25864 3.17500 
-13.25864 3.17600 
-13.25864 3.17700 
-13.25864 3.17800 
-13.25864 3.17900 
-13.25864 3.18000 
-13.25864 3.18100 
-13.25864 3.18200 
-13.25864 3.18300 
-13.25864 3.18400 
-13.25864 3.18500 
-13.25864 3.18600 
-13.25864 3.18700 
-13.25864 3.18800 
-13.25864 3.18900 
-13.25864 3.19000 
-13.25864 3.19100 
-13.25864 3.19200 
-13.25864 3.19300 
-13.25864 3.19400 
-13.25864 3.19500 
-13.25864 3.19600 
-13.25864 3.19700 
-13.25864 3.19800 
-13.25864 3.19900 
-13.25864 3.20000 
-13.25864 3.20100 
-13.25864 3.20200 
-13.25864 3.20300 
-13.25864 3.20400 
-13.25864 3.20500 
-13.25864 3.20600 
-13.25864 3.20700 
-13.25864 3.20800 
-13.25864 3.20900 
-13.25864 3.21000 
-13.25864 3.21100 
-13.25864 3.21200 
-13.25864 3.21300 
-13.25864 3.21400 
-13.25864 3.21500 
-13.25864 3.21600 
-13.25864 3.21700 
-13.25864 3.21800 
-13.25864 3.21900 
-13.25864 3.22000 
-13.25864 3.22100 
-13.25864 3.22200 
-13.25864 3.22300 
-13.25864 3.22400 
-13.25864 3.22500 
-13.25864 3.22600 
-13.25864 3.22700 
-13.25864 3.22800 
-13.25864 3.22900 
-13.25864 3.23000 
-13.25864 3.23100 
-13.25864 3.23200 
-13.25864 3.23300 
-13.25864 3.23400 
-13.25864 3.23500 
-13.25864 3.23600 
-13.25864 3.23700 
-13.25864 3.23800 
-13.25864 3.23900 
-13.25864 3.24000 
-13.25864 3.24100 
-13.25864 3.24200 
-13.25864 3.24300 
-13.25864 3.24400 
-13.25864 3.24500 
-13.25864 3.24600 
-13.25864 3.24700 
-13.25864 3.24800 
-13.25864 3.24900 
-13.25864 3.25000 
-13.25864 3.25100 
-13.25864 3.25200 
-13.25864 3.25300 
-13.25864 3.25400 
-13.25864 3.25500 
-13.25864 3.25600 
-13.25864 3.25700 
-13.25864 3.25800 
-13.25864 3.25900 
-13.25864 3.26000 
-13.25864 3.26100 
-13.25864 3.26200 
-13.25864 3.26300 
-13.25864 3.26400 
-13.25864 3.26500 
-13.25864 3.26600 
-13.25864 3.26700 
-13.25864 3.26800 
-13.25864 3.26900 
-13.25864 3.27000 
-13.25864 3.27100 
-13.25864 3.27200 
-13.25864 3.27300 
-13.25864 3.27400 
-13.25864 3.27500 
-13.25864 3.27600 
-13.25864 3.27700 
-13.25864 3.27800 
-13.25864 3.27900 
-13.25864 3.28000 
-13.25864 3.28100 
-13.25864 3.28200 
-13.25864 3.28300 
-13.25864 3.28400 
-13.25864 3.28500 
-13.25864 3.28600 
-13.25864 3.28700 
-13.25864 3.28800 
-13.25864 3.28900 
-13.25864 3.29000 
-13.25864 3.29100 
-13.25864 3.29200 
-13.25864 3.29300 
-13.25864 3.29400 
-13.25864 3.29500 
-13.25864 3.29600 
-13.25864 3.29700 
-13.25864 3.29800 
-13.25864 3.29900 
-13.25864 3.30000 
-13.25864 3.30100 
-13.25864 3.30200 
-13.25864 3.30300 
-13.25864 3.30400 
-13.25864 3.30500 
-13.25864 3.30600 
-13.25864 3.30700 
-13.25864 3.30800 
-13.25864 3.30900 
-13.25864 3.31000 
-13.25864 3.31100 
-13.25864 3.31200 
-13.25864 3.31300 
-13.25864 3.31400 
-13.25864 3.31500 
-13.25864 3.31600 
-13.25864 3.31700 
-13.25864 3.31800 
-13.25864 3.31900 
-13.25864 3.32000 
-13.25864 3.32100 
-13.25864 3.32200 
-13.25864 3.32300 
-13.25864 3.32400 
-13.25864 3.32500 
-13.25864 3.32600 
-13.25864 3.32700 
-13.25864 3.32800 
-13.25864 3.32900 
-13.25864 3.33000 
-13.25864 3.33100 
-13.25864 3.33200 
-13.25864 3.33300 
-13.25864 3.33400 
-13.25864 3.33500 
-13.25864 3.33600 
-13.25864 3.33700 
-13.25864 3.33800 
-13.25864 3.33900 
-13.25864 3.34000 
-13.25864 3.34100 
-13.25864 3.34200 
-13.25864 3.34300 
-13.25864 3.34400 
-13.25864 3.34500 
-13.25864 3.34600 
-13.25864 3.34700 
-13.25864 3.34800 
-13.25864 3.34900 
-13.25864 3.35000 
-13.25864 3.35100 
-13.25864 3.35200 
-13.25864 3.35300 
-13.25864 3.35400 
-13.25864 3.35500 
-13.25864 3.35600 
-13.25864 3.35700 
-13.25864 3.35800 
-13.25864 3.35900 
-13.25864 3.36000 
-13.25864 3.36100 
-13.25864 3.36200 
-13.25864 3.36300 
-13.25864 3.36400 
-13.25864 3.36500 
-13.25864 3.36600 
-13.25864 3.36700 
-13.25864 3.36800 
-13.25864 3.36900 
-13.25864 3.37000 
-13.25864 3.37100 
-13.25864 3.37200 
-13.25864 3.37300 
-13.25864 3.37400 
-13.25864 3.37500 
-13.25864 3.37600 
-13.25864 3.37700 
-13.25864 3.37800 
-13.25864 3.37900 
-13.25864 3.38000 
-13.25864 3.38100 
-13.25864 3.38200 
-13.25864 3.38300 
-13.25864 3.38400 
-13.25864 3.38500 
-13.25864 3.38600 
-13.25864 3.38700 
-13.25864 3.38800 
-13.25864 3.38900 
-13.25864 3.39000 
-13.25864 3.39100 
-13.25864 3.39200 
-13.25864 3.39300 
-13.25864 3.39400 
-13.25864 3.39500 
-13.25864 3.39600 
-13.25864 3.39700 
-13.25864 3.39800 
-13.25864 3.39900 
-13.25864 3.40000 
-13.25864 3.40100 
-13.25864 3.40200 
-13.25864 3.40300 
-13.25864 3.40400 
-13.25864 3.40500 
-13.25864 3.40600 
-13.25864 3.40700 
-13.25864 3.40800 
-13.25864 3.40900 
-13.25864 3.41000 
-13.25864 3.41100 
-13.25864 3.41200 
-13.25864 3.41300 
-13.25864 3.41400 
-13.25864 3.41500 
-13.25864 3.41600 
-13.25864 3.41700 
-13.25864 3.41800 
-13.25864 3.41900 
-13.25864 3.42000 
-13.25864 3.42100 
-13.25864 3.42200 
-13.25864 3.42300 
-13.25864 3.42400 
-13.25864 3.42500 
-13.25864 3.42600 
-13.25864 3.42700 
-13.25864 3.42800 
-13.25864 3.42900 
-13.25864 3.43000 
-13.25864 3.43100 
-13.25864 3.43200 
-13.25864 3.43300 
-13.25864 3.43400 
-13.25864 3.43500 
-13.25864 3.43600 
-13.25864 3.43700 
-13.25864 3.43800 
-13.25864 3.43900 
-13.25864 3.44000 
-13.25864 3.44100 
-13.25864 3.44200 
-13.25864 3.44300 
-13.25864 3.44400 
-13.25864 3.44500 
-13.25864 3.44600 
-13.25864 3.44700 
-13.25864 3.44800 
-13.25864 3.44900 
-13.25864 3.45000 
-13.25864 3.45100 
-13.25864 3.45200 
-13.25864 3.45300 
-13.25864 3.45400 
-13.25864 3.45500 
-13.25864 3.45600 
-13.25864 3.45700 
-13.25864 3.45800 
-13.25864 3.45900 
-13.25864 3.46000 
-13.25864 3.46100 
-13.25864 3.46200 
-13.25864 3.46300 
-13.25864 3.46400 
-13.25864 3.46500 
-13.25864 3.46600 
-13.25864 3.46700 
-13.25864 3.46800 
-13.25864 3.46900 
-13.25864 3.47000 
-13.25864 3.47100 
-13.25864 3.47200 
-13.25864 3.47300 
-13.25864 3.47400 
-13.25864 3.47500 
-13.25864 3.47600 
-13.25864 3.47700 
-13.25864 3.47800 
-13.25864 3.47900 
-13.25864 3.48000 
-13.25864 3.48100 
-13.25864 3.48200 
-13.25864 3.48300 
-13.25864 3.48400 
-13.25864 3.48500 
-13.25864 3.48600 
-13.25864 3.48700 
-13.25864 3.48800 
-13.25864 3.48900 
-13.25864 3.49000 
-13.25864 3.49100 
-13.25864 3.49200 
-13.25864 3.49300 
-13.25864 3.49400 
-13.25864 3.49500 
-13.25864 3.49600 
-13.25864 3.49700 
-13.25864 3.49800 
-13.25864 3.49900 
-13.25864 3.50000 
-13.25864 3.50100 
-13.25864 3.50200 
-13.25864 3.50300 
-13.25864 3.50400 
-13.25864 3.50500 
-13.25864 3.50600 
-13.25864 3.50700 
-13.25864 3.50800 
-13.25864 3.50900 
-13.25864 3.51000 
-13.25864 3.51100 
-13.25864 3.51200 
-13.25864 3.51300 
-13.25864 3.51400 
-13.25864 3.51500 
-13.25864 3.51600 
-13.25864 3.51700 
-13.25864 3.51800 
-13.25864 3.51900 
-13.25864 3.52000 
-13.25864 3.52100 
-13.25864 3.52200 
-13.25864 3.52300 
-13.25864 3.52400 
-13.25864 3.52500 
-13.25864 3.52600 
-13.25864 3.52700 
-13.25864 3.52800 
-13.25864 3.52900 
-13.25864 3.53000 
-13.25864 3.53100 
-13.25864 3.53200 
-13.25864 3.53300 
-13.25864 3.53400 
-13.25864 3.53500 
-13.25864 3.53600 
-13.25864 3.53700 
-13.25864 3.53800 
-13.25864 3.53900 
-13.25864 3.54000 
-13.25864 3.54100 
-13.25864 3.54200 
-13.25864 3.54300 
-13.25864 3.54400 
-13.25864 3.54500 
-13.25864 3.54600 
-13.25864 3.54700 
-13.25864 3.54800 
-13.25864 3.54900 
-13.25864 3.55000 
-13.25864 3.55100 
-13.25864 3.55200 
-13.25864 3.55300 
-13.25864 3.55400 
-13.25864 3.55500 
-13.25864 3.55600 
-13.25864 3.55700 
-13.25864 3.55800 
-13.25864 3.55900 
-13.25864 3.56000 
-13.25864 3.56100 
-13.25864 3.56200 
-13.25864 3.56300 
-13.25864 3.56400 
-13.25864 3.56500 
-13.25864 3.56600 
-13.25864 3.56700 
-13.25864 3.56800 
-13.25864 3.56900 
-13.25864 3.57000 
-13.25864 3.57100 
-13.25864 3.57200 
-13.25864 3.57300 
-13.25864 3.57400 
-13.25864 3.57500 
-13.25864 3.57600 
-13.25864 3.57700 
-13.25864 3.57800 
-13.25864 3.57900 
-13.25864 3.58000 
-13.25864 3.58100 
-13.25864 3.58200 
-13.25864 3.58300 
-13.25864 3.58400 
-13.25864 3.58500 
-13.25864 3.58600 
-13.25864 3.58700 
-13.25864 3.58800 
-13.25864 3.58900 
-13.25864 3.59000 
-13.25864 3.59100 
-13.25864 3.59200 
-13.25864 3.59300 
-13.25864 3.59400 
-13.25864 3.59500 
-13.25864 3.59600 
-13.25864 3.59700 
-13.25864 3.59800 
-13.25864 3.59900 
-13.25864 3.60000 
-13.25864 3.60100 
-13.25864 3.60200 
-13.25864 3.60300 
-13.25864 3.60400 
-13.25864 3.60500 
-13.25864 3.60600 
-13.25864 3.60700 
-13.25864 3.60800 
-13.25864 3.60900 
-13.25864 3.61000 
-13.25864 3.61100 
-13.25864 3.61200 
-13.25864 3.61300 
-13.25864 3.61400 
-13.25864 3.61500 
-13.25864 3.61600 
-13.25864 3.61700 
-13.25864 3.61800 
-13.25864 3.61900 
-13.25864 3.62000 
-13.25864 3.62100 
-13.25864 3.62200 
-13.25864 3.62300 
-13.25864 3.62400 
-13.25864 3.62500 
-13.25864 3.62600 
-13.25864 3.62700 
-13.25864 3.62800 
-13.25864 3.62900 
-13.25864 3.63000 
-13.25864 3.63100 
-13.25864 3.63200 
-13.25864 3.63300 
-13.25864 3.63400 
-13.25864 3.63500 
-13.25864 3.63600 
-13.25864 3.63700 
-13.25864 3.63800 
-13.25864 3.63900 
-13.25864 3.64000 
-13.25864 3.64100 
-13.25864 3.64200 
-13.25864 3.64300 
-13.25864 3.64400 
-13.25864 3.64500 
-13.25864 3.64600 
-13.25864 3.64700 
-13.25864 3.64800 
-13.25864 3.64900 
-13.25864 3.65000 
-13.25864 3.65100 
-13.25864 3.65200 
-13.25864 3.65300 
-13.25864 3.65400 
-13.25864 3.65500 
-13.25864 3.65600 
-13.25864 3.65700 
-13.25864 3.65800 
-13.25864 3.65900 
-13.25864 3.66000 
-13.25864 3.66100 
-13.25864 3.66200 
-13.25864 3.66300 
-13.25864 3.66400 
-13.25864 3.66500 
-13.25864 3.66600 
-13.25864 3.66700 
-13.25864 3.66800 
-13.25864 3.66900 
-13.25864 3.67000 
-13.25864 3.67100 
-13.25864 3.67200 
-13.25864 3.67300 
-13.25864 3.67400 
-13.25864 3.67500 
-13.25864 3.67600 
-13.25864 3.67700 
-13.25864 3.67800 
-13.25864 3.67900 
-13.25864 3.68000 
-13.25864 3.68100 
-13.25864 3.68200 
-13.25864 3.68300 
-13.25864 3.68400 
-13.25864 3.68500 
-13.25864 3.68600 
-13.25864 3.68700 
-13.25864 3.68800 
-13.25864 3.68900 
-13.25864 3.69000 
-13.25864 3.69100 
-13.25864 3.69200 
-13.25864 3.69300 
-13.25864 3.69400 
-13.25864 3.69500 
-13.25864 3.69600 
-13.25864 3.69700 
-13.25864 3.69800 
-13.25864 3.69900 
-13.25864 3.70000 
-13.25864 3.70100 
-13.25864 3.70200 
-13.25864 3.70300 
-13.25864 3.70400 
-13.25864 3.70500 
-13.25864 3.70600 
-13.25864 3.70700 
-13.25864 3.70800 
-13.25864 3.70900 
-13.25864 3.71000 
-13.25864 3.71100 
-13.25864 3.71200 
-13.25864 3.71300 
-13.25864 3.71400 
-13.25864 3.71500 
-13.25864 3.71600 
-13.25864 3.71700 
-13.25864 3.71800 
-13.25864 3.71900 
-13.25864 3.72000 
-13.25864 3.72100 
-13.25864 3.72200 
-13.25864 3.72300 
-13.25864 3.72400 
-13.25864 3.72500 
-13.25864 3.72600 
-13.25864 3.72700 
-13.25864 3.72800 
-13.25864 3.72900 
-13.25864 3.73000 
-13.25864 3.73100 
-13.25864 3.73200 
-13.25864 3.73300 
-13.25864 3.73400 
-13.25864 3.73500 
-13.25864 3.73600 
-13.25864 3.73700 
-13.25864 3.73800 
-13.25864 3.73900 
-13.25864 3.74000 
-13.25864 3.74100 
-13.25864 3.74200 
-13.25864 3.74300 
-13.25864 3.74400 
-13.25864 3.74500 
-13.25864 3.74600 
-13.25864 3.74700 
-13.25864 3.74800 
-13.25864 3.74900 
-13.25864 3.75000 
-13.25864 3.75100 
-13.25864 3.75200 
-13.25864 3.75300 
-13.25864 3.75400 
-13.25864 3.75500 
-13.25864 3.75600 
-13.25864 3.75700 
-13.25864 3.75800 
-13.25864 3.75900 
-13.25864 3.76000 
-13.25864 3.76100 
-13.25864 3.76200 
-13.25864 3.76300 
-13.25864 3.76400 
-13.25864 3.76500 
-13.25864 3.76600 
-13.25864 3.76700 
-13.25864 3.76800 
-13.25864 3.76900 
-13.25864 3.77000 
-13.25864 3.77100 
-13.25864 3.77200 
-13.25864 3.77300 
-13.25864 3.77400 
-13.25864 3.77500 
-13.25864 3.77600 
-13.25864 3.77700 
-13.25864 3.77800 
-13.25864 3.77900 
-13.25864 3.78000 
-13.25864 3.78100 
-13.25864 3.78200 
-13.25864 3.78300 
-13.25864 3.78400 
-13.25864 3.78500 
-13.25864 3.78600 
-13.25864 3.78700 
-13.25864 3.78800 
-13.25864 3.78900 
-13.25864 3.79000 
-13.25864 3.79100 
-13.25864 3.79200 
-13.25864 3.79300 
-13.25864 3.79400 
-13.25864 3.79500 
-13.25864 3.79600 
-13.25864 3.79700 
-13.25864 3.79800 
-13.25864 3.79900 
-13.25864 3.80000 
-13.25864 3.80100 
-13.25864 3.80200 
-13.25864 3.80300 
-13.25864 3.80400 
-13.25864 3.80500 
-13.25864 3.80600 
-13.25864 3.80700 
-13.25864 3.80800 
-13.25864 3.80900 
-13.25864 3.81000 
-13.25864 3.81100 
-13.25864 3.81200 
-13.25864 3.81300 
-13.25864 3.81400 
-13.25864 3.81500 
-13.25864 3.81600 
-13.25864 3.81700 
-13.25864 3.81800 
-13.25864 3.81900 
-13.25864 3.82000 
-13.25864 3.82100 
-13.25864 3.82200 
-13.25864 3.82300 
-13.25864 3.82400 
-13.25864 3.82500 
-13.25864 3.82600 
-13.25864 3.82700 
-13.25864 3.82800 
-13.25864 3.82900 
-13.25864 3.83000 
-13.25864 3.83100 
-13.25864 3.83200 
-13.25864 3.83300 
-13.25864 3.83400 
-13.25864 3.83500 
-13.25864 3.83600 
-13.25864 3.83700 
-13.25864 3.83800 
-13.25864 3.83900 
-13.25864 3.84000 
-13.25864 3.84100 
-13.25864 3.84200 
-13.25864 3.84300 
-13.25864 3.84400 
-13.25864 3.84500 
-13.25864 3.84600 
-13.25864 3.84700 
-13.25864 3.84800 
-13.25864 3.84900 
-13.25864 3.85000 
-13.25864 3.85100 
-13.25864 3.85200 
-13.25864 3.85300 
-13.25864 3.85400 
-13.25864 3.85500 
-13.25864 3.85600 
-13.25864 3.85700 
-13.25864 3.85800 
-13.25864 3.85900 
-13.25864 3.86000 
-13.25864 3.86100 
-13.25864 3.86200 
-13.25864 3.86300 
-13.25864 3.86400 
-13.25864 3.86500 
-13.25864 3.86600 
-13.25864 3.86700 
-13.25864 3.86800 
-13.25864 3.86900 
-13.25864 3.87000 
-13.25864 3.87100 
-13.25864 3.87200 
-13.25864 3.87300 
-13.25864 3.87400 
-13.25864 3.87500 
-13.25864 3.87600 
-13.25864 3.87700 
-13.25864 3.87800 
-13.25864 3.87900 
-13.25864 3.88000 
-13.25864 3.88100 
-13.25864 3.88200 
-13.25864 3.88300 
-13.25864 3.88400 
-13.25864 3.88500 
-13.25864 3.88600 
-13.25864 3.88700 
-13.25864 3.88800 
-13.25864 3.88900 
-13.25864 3.89000 
-13.25864 3.89100 
-13.25864 3.89200 
-13.25864 3.89300 
-13.25864 3.89400 
-13.25864 3.89500 
-13.25864 3.89600 
-13.25864 3.89700 
-13.25864 3.89800 
-13.25864 3.89900 
-13.25864 3.90000 
-13.25864 3.90100 
-13.25864 3.90200 
-13.25864 3.90300 
-13.25864 3.90400 
-13.25864 3.90500 
-13.25864 3.90600 
-13.25864 3.90700 
-13.25864 3.90800 
-13.25864 3.90900 
-13.25864 3.91000 
-13.25864 3.91100 
-13.25864 3.91200 
-13.25864 3.91300 
-13.25864 3.91400 
-13.25864 3.91500 
-13.25864 3.91600 
-13.25864 3.91700 
-13.25864 3.91800 
-13.25864 3.91900 
-13.25864 3.92000 
-13.25864 3.92100 
-13.25864 3.92200 
-13.25864 3.92300 
-13.25864 3.92400 
-13.25864 3.92500 
-13.25864 3.92600 
-13.25864 3.92700 
-13.25864 3.92800 
-13.25864 3.92900 
-13.25864 3.93000 
-13.25864 3.93100 
-13.25864 3.93200 
-13.25864 3.93300 
-13.25864 3.93400 
-13.25864 3.93500 
-13.25864 3.93600 
-13.25864 3.93700 
-13.25864 3.93800 
-13.25864 3.93900 
-13.25864 3.94000 
-13.25864 3.94100 
-13.25864 3.94200 
-13.25864 3.94300 
-13.25864 3.94400 
-13.25864 3.94500 
-13.25864 3.94600 
-13.25864 3.94700 
-13.25864 3.94800 
-13.25864 3.94900 
-13.25864 3.95000 
-13.25864 3.95100 
-13.25864 3.95200 
-13.25864 3.95300 
-13.25864 3.95400 
-13.25864 3.95500 
-13.25864 3.95600 
-13.25864 3.95700 
-13.25864 3.95800 
-13.25864 3.95900 
-13.25864 3.96000 
-13.25864 3.96100 
-13.25864 3.96200 
-13.25864 3.96300 
-13.25864 3.96400 
-13.25864 3.96500 
-13.25864 3.96600 
-13.25864 3.96700 
-13.25864 3.96800 
-13.25864 3.96900 
-13.25864 3.97000 
-13.25864 3.97100 
-13.25864 3.97200 
-13.25864 3.97300 
-13.25864 3.97400 
-13.25864 3.97500 
-13.25864 3.97600 
-13.25864 3.97700 
-13.25864 3.97800 
-13.25864 3.97900 
-13.25864 3.98000 
-13.25864 3.98100 
-13.25864 3.98200 
-13.25864 3.98300 
-13.25864 3.98400 
-13.25864 3.98500 
-13.25864 3.98600 
-13.25864 3.98700 
-13.25864 3.98800 
-13.25864 3.98900 
-13.25864 3.99000 
-13.25864 3.99100 
-13.25864 3.99200 
-13.25864 3.99300 
-13.25864 3.99400 
-13.25864 3.99500 
-13.25864 3.99600 
-13.25864 3.99700 
-13.25864 3.99800 
-13.25864 3.99900 
-13.25864 4.00000 
-13.25864 4.00100 
-13.25864 4.00200 
-13.25864 4.00300 
-13.25864 4.00400 
-13.25864 4.00500 
-13.25864 4.00600 
-13.25864 4.00700 
-13.25864 4.00800 
-13.25864 4.00900 
-13.25864 4.01000 
-13.25864 4.01100 
-13.25864 4.01200 
-13.25864 4.01300 
-13.25864 4.01400 
-13.25864 4.01500 
-13.25864 4.01600 
-13.25864 4.01700 
-13.25864 4.01800 
-13.25864 4.01900 
-13.25864 4.02000 
-13.25864 4.02100 
-13.25864 4.02200 
-13.25864 4.02300 
-13.25864 4.02400 
-13.25864 4.02500 
-13.25864 4.02600 
-13.25864 4.02700 
-13.25864 4.02800 
-13.25864 4.02900 
-13.25864 4.03000 
-13.25864 4.03100 
-13.25864 4.03200 
-13.25864 4.03300 
-13.25864 4.03400 
-13.25864 4.03500 
-13.25864 4.03600 
-13.25864 4.03700 
-13.25864 4.03800 
-13.25864 4.03900 
-13.25864 4.04000 
-13.25864 4.04100 
-13.25864 4.04200 
-13.25864 4.04300 
-13.25864 4.04400 
-13.25864 4.04500 
-13.25864 4.04600 
-13.25864 4.04700 
-13.25864 4.04800 
-13.25864 4.04900 
-13.25864 4.05000 
-13.25864 4.05100 
-13.25864 4.05200 
-13.25864 4.05300 
-13.25864 4.05400 
-13.25864 4.05500 
-13.25864 4.05600 
-13.25864 4.05700 
-13.25864 4.05800 
-13.25864 4.05900 
-13.25864 4.06000 
-13.25864 4.06100 
-13.25864 4.06200 
-13.25864 4.06300 
-13.25864 4.06400 
-13.25864 4.06500 
-13.25864 4.06600 
-13.25864 4.06700 
-13.25864 4.06800 
-13.25864 4.06900 
-13.25864 4.07000 
-13.25864 4.07100 
-13.25864 4.07200 
-13.25864 4.07300 
-13.25864 4.07400 
-13.25864 4.07500 
-13.25864 4.07600 
-13.25864 4.07700 
-13.25864 4.07800 
-13.25864 4.07900 
-13.25864 4.08000 
-13.25864 4.08100 
-13.25864 4.08200 
-13.25864 4.08300 
-13.25864 4.08400 
-13.25864 4.08500 
-13.25864 4.08600 
-13.25864 4.08700 
-13.25864 4.08800 
-13.25864 4.08900 
-13.25864 4.09000 
-13.25864 4.09100 
-13.25864 4.09200 
-13.25864 4.09300 
-13.25864 4.09400 
-13.25864 4.09500 
-13.25864 4.09600 
-13.25864 4.09700 
-13.25864 4.09800 
-13.25864 4.09900 
-13.25864 4.10000 
-13.25864 4.10100 
-13.25864 4.10200 
-13.25864 4.10300 
-13.25864 4.10400 
-13.25864 4.10500 
-13.25864 4.10600 
-13.25864 4.10700 
-13.25864 4.10800 
-13.25864 4.10900 
-13.25864 4.11000 
-13.25864 4.11100 
-13.25864 4.11200 
-13.25864 4.11300 
-13.25864 4.11400 
-13.25864 4.11500 
-13.25864 4.11600 
-13.25864 4.11700 
-13.25864 4.11800 
-13.25864 4.11900 
-13.25864 4.12000 
-13.25864 4.12100 
-13.25864 4.12200 
-13.25864 4.12300 
-13.25864 4.12400 
-13.25864 4.12500 
-13.25864 4.12600 
-13.25864 4.12700 
-13.25864 4.12800 
-13.25864 4.12900 
-13.25864 4.13000 
-13.25864 4.13100 
-13.25864 4.13200 
-13.25864 4.13300 
-13.25864 4.13400 
-13.25864 4.13500 
-13.25864 4.13600 
-13.25864 4.13700 
-13.25864 4.13800 
-13.25864 4.13900 
-13.25864 4.14000 
-13.25864 4.14100 
-13.25864 4.14200 
-13.25864 4.14300 
-13.25864 4.14400 
-13.25864 4.14500 
-13.25864 4.14600 
-13.25864 4.14700 
-13.25864 4.14800 
-13.25864 4.14900 
-13.25864 4.15000 
-13.25864 4.15100 
-13.25864 4.15200 
-13.25864 4.15300 
-13.25864 4.15400 
-13.25864 4.15500 
-13.25864 4.15600 
-13.25864 4.15700 
-13.25864 4.15800 
-13.25864 4.15900 
-13.25864 4.16000 
-13.25864 4.16100 
-13.25864 4.16200 
-13.25864 4.16300 
-13.25864 4.16400 
-13.25864 4.16500 
-13.25864 4.16600 
-13.25864 4.16700 
-13.25864 4.16800 
-13.25864 4.16900 
-13.25864 4.17000 
-13.25864 4.17100 
-13.25864 4.17200 
-13.25864 4.17300 
-13.25864 4.17400 
-13.25864 4.17500 
-13.25864 4.17600 
-13.25864 4.17700 
-13.25864 4.17800 
-13.25864 4.17900 
-13.25864 4.18000 
-13.25864 4.18100 
-13.25864 4.18200 
-13.25864 4.18300 
-13.25864 4.18400 
-13.25864 4.18500 
-13.25864 4.18600 
-13.25864 4.18700 
-13.25864 4.18800 
-13.25864 4.18900 
-13.25864 4.19000 
-13.25864 4.19100 
-13.25864 4.19200 
-13.25864 4.19300 
-13.25864 4.19400 
-13.25864 4.19500 
-13.25864 4.19600 
-13.25864 4.19700 
-13.25864 4.19800 
-13.25864 4.19900 
-13.25864 4.20000 
-13.25864 4.20100 
-13.25864 4.20200 
-13.25864 4.20300 
-13.25864 4.20400 
-13.25864 4.20500 
-13.25864 4.20600 
-13.25864 4.20700 
-13.25864 4.20800 
-13.25864 4.20900 
-13.25864 4.21000 
-13.25864 4.21100 
-13.25864 4.21200 
-13.25864 4.21300 
-13.25864 4.21400 
-13.25864 4.21500 
-13.25864 4.21600 
-13.25864 4.21700 
-13.25864 4.21800 
-13.25864 4.21900 
-13.25864 4.22000 
-13.25864 4.22100 
-13.25864 4.22200 
-13.25864 4.22300 
-13.25864 4.22400 
-13.25864 4.22500 
-13.25864 4.22600 
-13.25864 4.22700 
-13.25864 4.22800 
-13.25864 4.22900 
-13.25864 4.23000 
-13.25864 4.23100 
-13.25864 4.23200 
-13.25864 4.23300 
-13.25864 4.23400 
-13.25864 4.23500 
-13.25864 4.23600 
-13.25864 4.23700 
-13.25864 4.23800 
-13.25864 4.23900 
-13.25864 4.24000 
-13.25864 4.24100 
-13.25864 4.24200 
-13.25864 4.24300 
-13.25864 4.24400 
-13.25864 4.24500 
-13.25864 4.24600 
-13.25864 4.24700 
-13.25864 4.24800 
-13.25864 4.24900 
-13.25864 4.25000 
-13.25864 4.25100 
-13.25864 4.25200 
-13.25864 4.25300 
-13.25864 4.25400 
-13.25864 4.25500 
-13.25864 4.25600 
-13.25864 4.25700 
-13.25864 4.25800 
-13.25864 4.25900 
-13.25864 4.26000 
-13.25864 4.26100 
-13.25864 4.26200 
-13.25864 4.26300 
-13.25864 4.26400 
-13.25864 4.26500 
-13.25864 4.26600 
-13.25864 4.26700 
-13.25864 4.26800 
-13.25864 4.26900 
-13.25864 4.27000 
-13.25864 4.27100 
-13.25864 4.27200 
-13.25864 4.27300 
-13.25864 4.27400 
-13.25864 4.27500 
-13.25864 4.27600 
-13.25864 4.27700 
-13.25864 4.27800 
-13.25864 4.27900 
-13.25864 4.28000 
-13.25864 4.28100 
-13.25864 4.28200 
-13.25864 4.28300 
-13.25864 4.28400 
-13.25864 4.28500 
-13.25864 4.28600 
-13.25864 4.28700 
-13.25864 4.28800 
-13.25864 4.28900 
-13.25864 4.29000 
-13.25864 4.29100 
-13.25864 4.29200 
-13.25864 4.29300 
-13.25864 4.29400 
-13.25864 4.29500 
-13.25864 4.29600 
-13.25864 4.29700 
-13.25864 4.29800 
-13.25864 4.29900 
-13.25864 4.30000 
-13.25864 4.30100 
-13.25864 4.30200 
-13.25864 4.30300 
-13.25864 4.30400 
-13.25864 4.30500 
-13.25864 4.30600 
-13.25864 4.30700 
-13.25864 4.30800 
-13.25864 4.30900 
-13.25864 4.31000 
-13.25864 4.31100 
-13.25864 4.31200 
-13.25864 4.31300 
-13.25864 4.31400 
-13.25864 4.31500 
-13.25864 4.31600 
-13.25864 4.31700 
-13.25864 4.31800 
-13.25864 4.31900 
-13.25864 4.32000 
-13.25864 4.32100 
-13.25864 4.32200 
-13.25864 4.32300 
-13.25864 4.32400 
-13.25864 4.32500 
-13.25864 4.32600 
-13.25864 4.32700 
-13.25864 4.32800 
-13.25864 4.32900 
-13.25864 4.33000 
-13.25864 4.33100 
-13.25864 4.33200 
-13.25864 4.33300 
-13.25864 4.33400 
-13.25864 4.33500 
-13.25864 4.33600 
-13.25864 4.33700 
-13.25864 4.33800 
-13.25864 4.33900 
-13.25864 4.34000 
-13.25864 4.34100 
-13.25864 4.34200 
-13.25864 4.34300 
-13.25864 4.34400 
-13.25864 4.34500 
-13.25864 4.34600 
-13.25864 4.34700 
-13.25864 4.34800 
-13.25864 4.34900 
-13.25864 4.35000 
-13.25864 4.35100 
-13.25864 4.35200 
-13.25864 4.35300 
-13.25864 4.35400 
-13.25864 4.35500 
-13.25864 4.35600 
-13.25864 4.35700 
-13.25864 4.35800 
-13.25864 4.35900 
-13.25864 4.36000 
-13.25864 4.36100 
-13.25864 4.36200 
-13.25864 4.36300 
-13.25864 4.36400 
-13.25864 4.36500 
-13.25864 4.36600 
-13.25864 4.36700 
-13.25864 4.36800 
-13.25864 4.36900 
-13.25864 4.37000 
-13.25864 4.37100 
-13.25864 4.37200 
-13.25864 4.37300 
-13.25864 4.37400 
-13.25864 4.37500 
-13.25864 4.37600 
-13.25864 4.37700 
-13.25864 4.37800 
-13.25864 4.37900 
-13.25864 4.38000 
-13.25864 4.38100 
-13.25864 4.38200 
-13.25864 4.38300 
-13.25864 4.38400 
-13.25864 4.38500 
-13.25864 4.38600 
-13.25864 4.38700 
-13.25864 4.38800 
-13.25864 4.38900 
-13.25864 4.39000 
-13.25864 4.39100 
-13.25864 4.39200 
-13.25864 4.39300 
-13.25864 4.39400 
-13.25864 4.39500 
-13.25864 4.39600 
-13.25864 4.39700 
-13.25864 4.39800 
-13.25864 4.39900 
-13.25864 4.40000 
-13.25864 4.40100 
-13.25864 4.40200 
-13.25864 4.40300 
-13.25864 4.40400 
-13.25864 4.40500 
-13.25864 4.40600 
-13.25864 4.40700 
-13.25864 4.40800 
-13.25864 4.40900 
-13.25864 4.41000 
-13.25864 4.41100 
-13.25864 4.41200 
-13.25864 4.41300 
-13.25864 4.41400 
-13.25864 4.41500 
-13.25864 4.41600 
-13.25864 4.41700 
-13.25864 4.41800 
-13.25864 4.41900 
-13.25864 4.42000 
-13.25864 4.42100 
-13.25864 4.42200 
-13.25864 4.42300 
-13.25864 4.42400 
-13.25864 4.42500 
-13.25864 4.42600 
-13.25864 4.42700 
-13.25864 4.42800 
-13.25864 4.42900 
-13.25864 4.43000 
-13.25864 4.43100 
-13.25864 4.43200 
-13.25864 4.43300 
-13.25864 4.43400 
-13.25864 4.43500 
-13.25864 4.43600 
-13.25864 4.43700 
-13.25864 4.43800 
-13.25864 4.43900 
-13.25864 4.44000 
-13.25864 4.44100 
-13.25864 4.44200 
-13.25864 4.44300 
-13.25864 4.44400 
-13.25864 4.44500 
-13.25864 4.44600 
-13.25864 4.44700 
-13.25864 4.44800 
-13.25864 4.44900 
-13.25864 4.45000 
-13.25864 4.45100 
-13.25864 4.45200 
-13.25864 4.45300 
-13.25864 4.45400 
-13.25864 4.45500 
-13.25864 4.45600 
-13.25864 4.45700 
-13.25864 4.45800 
-13.25864 4.45900 
-13.25864 4.46000 
-13.25864 4.46100 
-13.25864 4.46200 
-13.25864 4.46300 
-13.25864 4.46400 
-13.25864 4.46500 
-13.25864 4.46600 
-13.25864 4.46700 
-13.25864 4.46800 
-13.25864 4.46900 
-13.25864 4.47000 
-13.25864 4.47100 
-13.25864 4.47200 
-13.25864 4.47300 
-13.25864 4.47400 
-13.25864 4.47500 
-13.25864 4.47600 
-13.25864 4.47700 
-13.25864 4.47800 
-13.25864 4.47900 
-13.25864 4.48000 
-13.25864 4.48100 
-13.25864 4.48200 
-13.25864 4.48300 
-13.25864 4.48400 
-13.25864 4.48500 
-13.25864 4.48600 
-13.25864 4.48700 
-13.25864 4.48800 
-13.25864 4.48900 
-13.25864 4.49000 
-13.25864 4.49100 
-13.25864 4.49200 
-13.25864 4.49300 
-13.25864 4.49400 
-13.25864 4.49500 
-13.25864 4.49600 
-13.25864 4.49700 
-13.25864 4.49800 
-13.25864 4.49900 
-13.25864 4.50000 
-13.25864 4.50100 
-13.25864 4.50200 
-13.25864 4.50300 
-13.25864 4.50400 
-13.25864 4.50500 
-13.25864 4.50600 
-13.25864 4.50700 
-13.25864 4.50800 
-13.25864 4.50900 
-13.25864 4.51000 
-13.25864 4.51100 
-13.25864 4.51200 
-13.25864 4.51300 
-13.25864 4.51400 
-13.25864 4.51500 
-13.25864 4.51600 
-13.25864 4.51700 
-13.25864 4.51800 
-13.25864 4.51900 
-13.25864 4.52000 
-13.25864 4.52100 
-13.25864 4.52200 
-13.25864 4.52300 
-13.25864 4.52400 
-13.25864 4.52500 
-13.25864 4.52600 
-13.25864 4.52700 
-13.25864 4.52800 
-13.25864 4.52900 
-13.25864 4.53000 
-13.25864 4.53100 
-13.25864 4.53200 
-13.25864 4.53300 
-13.25864 4.53400 
-13.25864 4.53500 
-13.25864 4.53600 
-13.25864 4.53700 
-13.25864 4.53800 
-13.25864 4.53900 
-13.25864 4.54000 
-13.25864 4.54100 
-13.25864 4.54200 
-13.25864 4.54300 
-13.25864 4.54400 
-13.25864 4.54500 
-13.25864 4.54600 
-13.25864 4.54700 
-13.25864 4.54800 
-13.25864 4.54900 
-13.25864 4.55000 
-13.25864 4.55100 
-13.25864 4.55200 
-13.25864 4.55300 
-13.25864 4.55400 
-13.25864 4.55500 
-13.25864 4.55600 
-13.25864 4.55700 
-13.25864 4.55800 
-13.25864 4.55900 
-13.25864 4.56000 
-13.25864 4.56100 
-13.25864 4.56200 
-13.25864 4.56300 
-13.25864 4.56400 
-13.25864 4.56500 
-13.25864 4.56600 
-13.25864 4.56700 
-13.25864 4.56800 
-13.25864 4.56900 
-13.25864 4.57000 
-13.25864 4.57100 
-13.25864 4.57200 
-13.25864 4.57300 
-13.25864 4.57400 
-13.25864 4.57500 
-13.25864 4.57600 
-13.25864 4.57700 
-13.25864 4.57800 
-13.25864 4.57900 
-13.25864 4.58000 
-13.25864 4.58100 
-13.25864 4.58200 
-13.25864 4.58300 
-13.25864 4.58400 
-13.25864 4.58500 
-13.25864 4.58600 
-13.25864 4.58700 
-13.25864 4.58800 
-13.25864 4.58900 
-13.25864 4.59000 
-13.25864 4.59100 
-13.25864 4.59200 
-13.25864 4.59300 
-13.25864 4.59400 
-13.25864 4.59500 
-13.25864 4.59600 
-13.25864 4.59700 
-13.25864 4.59800 
-13.25864 4.59900 
-13.25864 4.60000 
-13.25864 4.60100 
-13.25864 4.60200 
-13.25864 4.60300 
-13.25864 4.60400 
-13.25864 4.60500 
-13.25864 4.60600 
-13.25864 4.60700 
-13.25864 4.60800 
-13.25864 4.60900 
-13.25864 4.61000 
-13.25864 4.61100 
-13.25864 4.61200 
-13.25864 4.61300 
-13.25864 4.61400 
-13.25864 4.61500 
-13.25864 4.61600 
-13.25864 4.61700 
-13.25864 4.61800 
-13.25864 4.61900 
-13.25864 4.62000 
-13.25864 4.62100 
-13.25864 4.62200 
-13.25864 4.62300 
-13.25864 4.62400 
-13.25864 4.62500 
-13.25864 4.62600 
-13.25864 4.62700 
-13.25864 4.62800 
-13.25864 4.62900 
-13.25864 4.63000 
-13.25864 4.63100 
-13.25864 4.63200 
-13.25864 4.63300 
-13.25864 4.63400 
-13.25864 4.63500 
-13.25864 4.63600 
-13.25864 4.63700 
-13.25864 4.63800 
-13.25864 4.63900 
-13.25864 4.64000 
-13.25864 4.64100 
-13.25864 4.64200 
-13.25864 4.64300 
-13.25864 4.64400 
-13.25864 4.64500 
-13.25864 4.64600 
-13.25864 4.64700 
-13.25864 4.64800 
-13.25864 4.64900 
-13.25864 4.65000 
-13.25864 4.65100 
-13.25864 4.65200 
-13.25864 4.65300 
-13.25864 4.65400 
-13.25864 4.65500 
-13.25864 4.65600 
-13.25864 4.65700 
-13.25864 4.65800 
-13.25864 4.65900 
-13.25864 4.66000 
-13.25864 4.66100 
-13.25864 4.66200 
-13.25864 4.66300 
-13.25864 4.66400 
-13.25864 4.66500 
-13.25864 4.66600 
-13.25864 4.66700 
-13.25864 4.66800 
-13.25864 4.66900 
-13.25864 4.67000 
-13.25864 4.67100 
-13.25864 4.67200 
-13.25864 4.67300 
-13.25864 4.67400 
-13.25864 4.67500 
-13.25864 4.67600 
-13.25864 4.67700 
-13.25864 4.67800 
-13.25864 4.67900 
-13.25864 4.68000 
-13.25864 4.68100 
-13.25864 4.68200 
-13.25864 4.68300 
-13.25864 4.68400 
-13.25864 4.68500 
-13.25864 4.68600 
-13.25864 4.68700 
-13.25864 4.68800 
-13.25864 4.68900 
-13.25864 4.69000 
-13.25864 4.69100 
-13.25864 4.69200 
-13.25864 4.69300 
-13.25864 4.69400 
-13.25864 4.69500 
-13.25864 4.69600 
-13.25864 4.69700 
-13.25864 4.69800 
-13.25864 4.69900 
-13.25864 4.70000 
-13.25864 4.70100 
-13.25864 4.70200 
-13.25864 4.70300 
-13.25864 4.70400 
-13.25864 4.70500 
-13.25864 4.70600 
-13.25864 4.70700 
-13.25864 4.70800 
-13.25864 4.70900 
-13.25864 4.71000 
-13.25864 4.71100 
-13.25864 4.71200 
-13.25864 4.71300 
-13.25864 4.71400 
-13.25864 4.71500 
-13.25864 4.71600 
-13.25864 4.71700 
-13.25864 4.71800 
-13.25864 4.71900 
-13.25864 4.72000 
-13.25864 4.72100 
-13.25864 4.72200 
-13.25864 4.72300 
-13.25864 4.72400 
-13.25864 4.72500 
-13.25864 4.72600 
-13.25864 4.72700 
-13.25864 4.72800 
-13.25864 4.72900 
-13.25864 4.73000 
-13.25864 4.73100 
-13.25864 4.73200 
-13.25864 4.73300 
-13.25864 4.73400 
-13.25864 4.73500 
-13.25864 4.73600 
-13.25864 4.73700 
-13.25864 4.73800 
-13.25864 4.73900 
-13.25864 4.74000 
-13.25864 4.74100 
-13.25864 4.74200 
-13.25864 4.74300 
-13.25864 4.74400 
-13.25864 4.74500 
-13.25864 4.74600 
-13.25864 4.74700 
-13.25864 4.74800 
-13.25864 4.74900 
-13.25864 4.75000 
-13.25864 4.75100 
-13.25864 4.75200 
-13.25864 4.75300 
-13.25864 4.75400 
-13.25864 4.75500 
-13.25864 4.75600 
-13.25864 4.75700 
-13.25864 4.75800 
-13.25864 4.75900 
-13.25864 4.76000 
-13.25864 4.76100 
-13.25864 4.76200 
-13.25864 4.76300 
-13.25864 4.76400 
-13.25864 4.76500 
-13.25864 4.76600 
-13.25864 4.76700 
-13.25864 4.76800 
-13.25864 4.76900 
-13.25864 4.77000 
-13.25864 4.77100 
-13.25864 4.77200 
-13.25864 4.77300 
-13.25864 4.77400 
-13.25864 4.77500 
-13.25864 4.77600 
-13.25864 4.77700 
-13.25864 4.77800 
-13.25864 4.77900 
-13.25864 4.78000 
-13.25864 4.78100 
-13.25864 4.78200 
-13.25864 4.78300 
-13.25864 4.78400 
-13.25864 4.78500 
-13.25864 4.78600 
-13.25864 4.78700 
-13.25864 4.78800 
-13.25864 4.78900 
-13.25864 4.79000 
-13.25864 4.79100 
-13.25864 4.79200 
-13.25864 4.79300 
-13.25864 4.79400 
-13.25864 4.79500 
-13.25864 4.79600 
-13.25864 4.79700 
-13.25864 4.79800 
-13.25864 4.79900 
-13.25864 4.80000 
-13.25864 4.80100 
-13.25864 4.80200 
-13.25864 4.80300 
-13.25864 4.80400 
-13.25864 4.80500 
-13.25864 4.80600 
-13.25864 4.80700 
-13.25864 4.80800 
-13.25864 4.80900 
-13.25864 4.81000 
-13.25864 4.81100 
-13.25864 4.81200 
-13.25864 4.81300 
-13.25864 4.81400 
-13.25864 4.81500 
-13.25864 4.81600 
-13.25864 4.81700 
-13.25864 4.81800 
-13.25864 4.81900 
-13.25864 4.82000 
-13.25864 4.82100 
-13.25864 4.82200 
-13.25864 4.82300 
-13.25864 4.82400 
-13.25864 4.82500 
-13.25864 4.82600 
-13.25864 4.82700 
-13.25864 4.82800 
-13.25864 4.82900 
-13.25864 4.83000 
-13.25864 4.83100 
-13.25864 4.83200 
-13.25864 4.83300 
-13.25864 4.83400 
-13.25864 4.83500 
-13.25864 4.83600 
-13.25864 4.83700 
-13.25864 4.83800 
-13.25864 4.83900 
-13.25864 4.84000 
-13.25864 4.84100 
-13.25864 4.84200 
-13.25864 4.84300 
-13.25864 4.84400 
-13.25864 4.84500 
-13.25864 4.84600 
-13.25864 4.84700 
-13.25864 4.84800 
-13.25864 4.84900 
-13.25864 4.85000 
-13.25864 4.85100 
-13.25864 4.85200 
-13.25864 4.85300 
-13.25864 4.85400 
-13.25864 4.85500 
-13.25864 4.85600 
-13.25864 4.85700 
-13.25864 4.85800 
-13.25864 4.85900 
-13.25864 4.86000 
-13.25864 4.86100 
-13.25864 4.86200 
-13.25864 4.86300 
-13.25864 4.86400 
-13.25864 4.86500 
-13.25864 4.86600 
-13.25864 4.86700 
-13.25864 4.86800 
-13.25864 4.86900 
-13.25864 4.87000 
-13.25864 4.87100 
-13.25864 4.87200 
-13.25864 4.87300 
-13.25864 4.87400 
-13.25864 4.87500 
-13.25864 4.87600 
-13.25864 4.87700 
-13.25864 4.87800 
-13.25864 4.87900 
-13.25864 4.88000 
-13.25864 4.88100 
-13.25864 4.88200 
-13.25864 4.88300 
-13.25864 4.88400 
-13.25864 4.88500 
-13.25864 4.88600 
-13.25864 4.88700 
-13.25864 4.88800 
-13.25864 4.88900 
-13.25864 4.89000 
-13.25864 4.89100 
-13.25864 4.89200 
-13.25864 4.89300 
-13.25864 4.89400 
-13.25864 4.89500 
-13.25864 4.89600 
-13.25864 4.89700 
-13.25864 4.89800 
-13.25864 4.89900 
-13.25864 4.90000 
-13.25864 4.90100 
-13.25864 4.90200 
-13.25864 4.90300 
-13.25864 4.90400 
-13.25864 4.90500 
-13.25864 4.90600 
-13.25864 4.90700 
-13.25864 4.90800 
-13.25864 4.90900 
-13.25864 4.91000 
-13.25864 4.91100 
-13.25864 4.91200 
-13.25864 4.91300 
-13.25864 4.91400 
-13.25864 4.91500 
-13.25864 4.91600 
-13.25864 4.91700 
-13.25864 4.91800 
-13.25864 4.91900 
-13.25864 4.92000 
-13.25864 4.92100 
-13.25864 4.92200 
-13.25864 4.92300 
-13.25864 4.92400 
-13.25864 4.92500 
-13.25864 4.92600 
-13.25864 4.92700 
-13.25864 4.92800 
-13.25864 4.92900 
-13.25864 4.93000 
-13.25864 4.93100 
-13.25864 4.93200 
-13.25864 4.93300 
-13.25864 4.93400 
-13.25864 4.93500 
-13.25864 4.93600 
-13.25864 4.93700 
-13.25864 4.93800 
-13.25864 4.93900 
-13.25864 4.94000 
-13.25864 4.94100 
-13.25864 4.94200 
-13.25864 4.94300 
-13.25864 4.94400 
-13.25864 4.94500 
-13.25864 4.94600 
-13.25864 4.94700 
-13.25864 4.94800 
-13.25864 4.94900 
-13.25864 4.95000 
-13.25864 4.95100 
-13.25864 4.95200 
-13.25864 4.95300 
-13.25864 4.95400 
-13.25864 4.95500 
-13.25864 4.95600 
-13.25864 4.95700 
-13.25864 4.95800 
-13.25864 4.95900 
-13.25864 4.96000 
-13.25864 4.96100 
-13.25864 4.96200 
-13.25864 4.96300 
-13.25864 4.96400 
-13.25864 4.96500 
-13.25864 4.96600 
-13.25864 4.96700 
-13.25864 4.96800 
-13.25864 4.96900 
-13.25864 4.97000 
-13.25864 4.97100 
-13.25864 4.97200 
-13.25864 4.97300 
-13.25864 4.97400 
-13.25864 4.97500 
-13.25864 4.97600 
-13.25864 4.97700 
-13.25864 4.97800 
-13.25864 4.97900 
-13.25864 4.98000 
-13.25864 4.98100 
-13.25864 4.98200 
-13.25864 4.98300 
-13.25864 4.98400 
-13.25864 4.98500 
-13.25864 4.98600 
-13.25864 4.98700 
-13.25864 4.98800 
-13.25864 4.98900 
-13.25864 4.99000 
-13.25864 4.99100 
-13.25864 4.99200 
-13.25864 4.99300 
-13.25864 4.99400 
-13.25864 4.99500 
-13.25864 4.99600 
-13.25864 4.99700 
-13.25864 4.99800 
-13.25864 4.99900 
