0.00000 0.00000 
-0.00006 0.00100 
-0.00023 0.00200 
-0.00052 0.00300 
-0.00093 0.00400 
-0.00144 0.00500 
-0.00207 0.00600 
-0.00280 0.00700 
-0.00365 0.00800 
-0.00460 0.00900 
-0.00566 0.01000 
-0.00682 0.01100 
-0.00808 0.01200 
-0.00945 0.01300 
-0.01092 0.01400 
-0.01249 0.01500 
-0.01416 0.01600 
-0.01592 0.01700 
-0.01779 0.01800 
-0.01974 0.01900 
-0.02180 0.02000 
-0.02394 0.02100 
-0.02618 0.02200 
-0.02851 0.02300 
-0.03093 0.02400 
-0.03344 0.02500 
-0.03604 0.02600 
-0.03872 0.02700 
-0.04149 0.02800 
-0.04435 0.02900 
-0.04729 0.03000 
-0.05031 0.03100 
-0.05341 0.03200 
-0.05660 0.03300 
-0.05987 0.03400 
-0.06321 0.03500 
-0.06664 0.03600 
-0.07014 0.03700 
-0.07372 0.03800 
-0.07738 0.03900 
-0.08111 0.04000 
-0.08491 0.04100 
-0.08879 0.04200 
-0.09274 0.04300 
-0.09676 0.04400 
-0.10086 0.04500 
-0.10502 0.04600 
-0.10925 0.04700 
-0.11356 0.04800 
-0.11793 0.04900 
-0.12236 0.05000 
-0.12686 0.05100 
-0.13143 0.05200 
-0.13606 0.05300 
-0.14076 0.05400 
-0.14552 0.05500 
-0.15034 0.05600 
-0.15523 0.05700 
-0.16017 0.05800 
-0.16518 0.05900 
-0.17024 0.06000 
-0.17537 0.06100 
-0.18055 0.06200 
-0.18579 0.06300 
-0.19109 0.06400 
-0.19644 0.06500 
-0.20185 0.06600 
-0.20731 0.06700 
-0.21283 0.06800 
-0.21841 0.06900 
-0.22403 0.07000 
-0.22971 0.07100 
-0.23544 0.07200 
-0.24122 0.07300 
-0.24706 0.07400 
-0.25294 0.07500 
-0.25887 0.07600 
-0.26486 0.07700 
-0.27089 0.07800 
-0.27696 0.07900 
-0.28309 0.08000 
-0.28926 0.08100 
-0.29548 0.08200 
-0.30175 0.08300 
-0.30806 0.08400 
-0.31441 0.08500 
-0.32081 0.08600 
-0.32726 0.08700 
-0.33375 0.08800 
-0.34027 0.08900 
-0.34685 0.09000 
-0.35346 0.09100 
-0.36012 0.09200 
-0.36681 0.09300 
-0.37355 0.09400 
-0.38033 0.09500 
-0.38714 0.09600 
-0.39400 0.09700 
-0.40089 0.09800 
-0.40782 0.09900 
-0.41479 0.10000 
-0.42180 0.10100 
-0.42884 0.10200 
-0.43592 0.10300 
-0.44304 0.10400 
-0.45019 0.10500 
-0.45738 0.10600 
-0.46460 0.10700 
-0.47186 0.10800 
-0.47915 0.10900 
-0.48647 0.11000 
-0.49383 0.11100 
-0.50122 0.11200 
-0.50864 0.11300 
-0.51610 0.11400 
-0.52358 0.11500 
-0.53110 0.11600 
-0.53865 0.11700 
-0.54623 0.11800 
-0.55384 0.11900 
-0.56148 0.12000 
-0.56915 0.12100 
-0.57685 0.12200 
-0.58458 0.12300 
-0.59233 0.12400 
-0.60012 0.12500 
-0.60793 0.12600 
-0.61577 0.12700 
-0.62364 0.12800 
-0.63154 0.12900 
-0.63946 0.13000 
-0.64741 0.13100 
-0.65538 0.13200 
-0.66338 0.13300 
-0.67141 0.13400 
-0.67946 0.13500 
-0.68754 0.13600 
-0.69564 0.13700 
-0.70376 0.13800 
-0.71191 0.13900 
-0.72008 0.14000 
-0.72828 0.14100 
-0.73650 0.14200 
-0.74474 0.14300 
-0.75301 0.14400 
-0.76130 0.14500 
-0.76961 0.14600 
-0.77794 0.14700 
-0.78630 0.14800 
-0.79467 0.14900 
-0.80307 0.15000 
-0.81149 0.15100 
-0.81993 0.15200 
-0.82839 0.15300 
-0.83687 0.15400 
-0.84537 0.15500 
-0.85389 0.15600 
-0.86243 0.15700 
-0.87099 0.15800 
-0.87956 0.15900 
-0.88816 0.16000 
-0.89678 0.16100 
-0.90541 0.16200 
-0.91406 0.16300 
-0.92274 0.16400 
-0.93142 0.16500 
-0.94013 0.16600 
-0.94885 0.16700 
-0.95760 0.16800 
-0.96635 0.16900 
-0.97513 0.17000 
-0.98392 0.17100 
-0.99273 0.17200 
-1.00155 0.17300 
-1.01040 0.17400 
-1.01925 0.17500 
-1.02813 0.17600 
-1.03701 0.17700 
-1.04592 0.17800 
-1.05484 0.17900 
-1.06377 0.18000 
-1.07272 0.18100 
-1.08168 0.18200 
-1.09066 0.18300 
-1.09965 0.18400 
-1.10866 0.18500 
-1.11768 0.18600 
-1.12672 0.18700 
-1.13577 0.18800 
-1.14483 0.18900 
-1.15390 0.19000 
-1.16299 0.19100 
-1.17210 0.19200 
-1.18121 0.19300 
-1.19034 0.19400 
-1.19948 0.19500 
-1.20863 0.19600 
-1.21780 0.19700 
-1.22698 0.19800 
-1.23617 0.19900 
-1.24537 0.20000 
-1.25458 0.20100 
-1.26381 0.20200 
-1.27304 0.20300 
-1.28229 0.20400 
-1.29155 0.20500 
-1.30082 0.20600 
-1.31011 0.20700 
-1.31940 0.20800 
-1.32871 0.20900 
-1.33802 0.21000 
-1.34735 0.21100 
-1.35668 0.21200 
-1.36603 0.21300 
-1.37539 0.21400 
-1.38475 0.21500 
-1.39413 0.21600 
-1.40352 0.21700 
-1.41291 0.21800 
-1.42232 0.21900 
-1.43173 0.22000 
-1.44116 0.22100 
-1.45059 0.22200 
-1.46004 0.22300 
-1.46949 0.22400 
-1.47895 0.22500 
-1.48842 0.22600 
-1.49790 0.22700 
-1.50739 0.22800 
-1.51688 0.22900 
-1.52639 0.23000 
-1.53590 0.23100 
-1.54542 0.23200 
-1.55495 0.23300 
-1.56449 0.23400 
-1.57404 0.23500 
-1.58359 0.23600 
-1.59315 0.23700 
-1.60272 0.23800 
-1.61230 0.23900 
-1.62188 0.24000 
-1.63148 0.24100 
-1.64107 0.24200 
-1.65068 0.24300 
-1.66030 0.24400 
-1.66992 0.24500 
-1.67955 0.24600 
-1.68918 0.24700 
-1.69882 0.24800 
-1.70847 0.24900 
-1.71813 0.25000 
-1.72779 0.25100 
-1.73746 0.25200 
-1.74713 0.25300 
-1.75682 0.25400 
-1.76650 0.25500 
-1.77620 0.25600 
-1.78590 0.25700 
-1.79561 0.25800 
-1.80532 0.25900 
-1.81504 0.26000 
-1.82476 0.26100 
-1.83449 0.26200 
-1.84423 0.26300 
-1.85397 0.26400 
-1.86372 0.26500 
-1.87347 0.26600 
-1.88323 0.26700 
-1.89300 0.26800 
-1.90277 0.26900 
-1.91254 0.27000 
-1.92233 0.27100 
-1.93211 0.27200 
-1.94190 0.27300 
-1.95170 0.27400 
-1.96150 0.27500 
-1.97131 0.27600 
-1.98112 0.27700 
-1.99094 0.27800 
-2.00076 0.27900 
-2.01058 0.28000 
-2.02041 0.28100 
-2.03025 0.28200 
-2.04009 0.28300 
-2.04993 0.28400 
-2.05978 0.28500 
-2.06964 0.28600 
-2.07949 0.28700 
-2.08936 0.28800 
-2.09922 0.28900 
-2.10909 0.29000 
-2.11897 0.29100 
-2.12885 0.29200 
-2.13873 0.29300 
-2.14862 0.29400 
-2.15851 0.29500 
-2.16841 0.29600 
-2.17831 0.29700 
-2.18821 0.29800 
-2.19812 0.29900 
-2.20803 0.30000 
-2.21794 0.30100 
-2.22786 0.30200 
-2.23778 0.30300 
-2.24771 0.30400 
-2.25764 0.30500 
-2.26757 0.30600 
-2.27751 0.30700 
-2.28745 0.30800 
-2.29739 0.30900 
-2.30734 0.31000 
-2.31729 0.31100 
-2.32724 0.31200 
-2.33720 0.31300 
-2.34716 0.31400 
-2.35712 0.31500 
-2.36709 0.31600 
-2.37706 0.31700 
-2.38703 0.31800 
-2.39701 0.31900 
-2.40698 0.32000 
-2.41697 0.32100 
-2.42695 0.32200 
-2.43694 0.32300 
-2.44693 0.32400 
-2.45692 0.32500 
-2.46692 0.32600 
-2.47692 0.32700 
-2.48692 0.32800 
-2.49692 0.32900 
-2.50693 0.33000 
-2.51694 0.33100 
-2.52695 0.33200 
-2.53697 0.33300 
-2.54699 0.33400 
-2.55701 0.33500 
-2.56703 0.33600 
-2.57705 0.33700 
-2.58708 0.33800 
-2.59711 0.33900 
-2.60714 0.34000 
-2.61718 0.34100 
-2.62722 0.34200 
-2.63726 0.34300 
-2.64730 0.34400 
-2.65734 0.34500 
-2.66739 0.34600 
-2.67744 0.34700 
-2.68749 0.34800 
-2.69754 0.34900 
-2.70760 0.35000 
-2.71765 0.35100 
-2.72771 0.35200 
-2.73778 0.35300 
-2.74784 0.35400 
-2.75790 0.35500 
-2.76797 0.35600 
-2.77804 0.35700 
-2.78811 0.35800 
-2.79819 0.35900 
-2.80826 0.36000 
-2.81834 0.36100 
-2.82842 0.36200 
-2.83850 0.36300 
-2.84858 0.36400 
-2.85867 0.36500 
-2.86875 0.36600 
-2.87884 0.36700 
-2.88893 0.36800 
-2.89902 0.36900 
-2.90912 0.37000 
-2.91921 0.37100 
-2.92931 0.37200 
-2.93941 0.37300 
-2.94951 0.37400 
-2.95961 0.37500 
-2.96971 0.37600 
-2.97982 0.37700 
-2.98992 0.37800 
-3.00003 0.37900 
-3.01014 0.38000 
-3.02025 0.38100 
-3.03036 0.38200 
-3.04048 0.38300 
-3.05059 0.38400 
-3.06071 0.38500 
-3.07083 0.38600 
-3.08095 0.38700 
-3.09107 0.38800 
-3.10119 0.38900 
-3.11131 0.39000 
-3.12144 0.39100 
-3.13157 0.39200 
-3.14169 0.39300 
-3.15182 0.39400 
-3.16195 0.39500 
-3.17208 0.39600 
-3.18222 0.39700 
-3.19235 0.39800 
-3.20249 0.39900 
-3.21262 0.40000 
-3.22276 0.40100 
-3.23290 0.40200 
-3.24304 0.40300 
-3.25318 0.40400 
-3.26332 0.40500 
-3.27347 0.40600 
-3.28361 0.40700 
-3.29376 0.40800 
-3.30390 0.40900 
-3.31405 0.41000 
-3.32420 0.41100 
-3.33435 0.41200 
-3.34450 0.41300 
-3.35465 0.41400 
-3.36481 0.41500 
-3.37496 0.41600 
-3.38511 0.41700 
-3.39527 0.41800 
-3.40543 0.41900 
-3.41559 0.42000 
-3.42574 0.42100 
-3.43590 0.42200 
-3.44607 0.42300 
-3.45623 0.42400 
-3.46639 0.42500 
-3.47655 0.42600 
-3.48672 0.42700 
-3.49688 0.42800 
-3.50705 0.42900 
-3.51722 0.43000 
-3.52738 0.43100 
-3.53755 0.43200 
-3.54772 0.43300 
-3.55789 0.43400 
-3.56806 0.43500 
-3.57824 0.43600 
-3.58841 0.43700 
-3.59858 0.43800 
-3.60876 0.43900 
-3.61893 0.44000 
-3.62911 0.44100 
-3.63928 0.44200 
-3.64946 0.44300 
-3.65964 0.44400 
-3.66982 0.44500 
-3.68000 0.44600 
-3.69018 0.44700 
-3.70036 0.44800 
-3.71054 0.44900 
-3.72072 0.45000 
-3.73091 0.45100 
-3.74109 0.45200 
-3.75127 0.45300 
-3.76146 0.45400 
-3.77164 0.45500 
-3.78183 0.45600 
-3.79202 0.45700 
-3.80221 0.45800 
-3.81239 0.45900 
-3.82258 0.46000 
-3.83277 0.46100 
-3.84296 0.46200 
-3.85315 0.46300 
-3.86334 0.46400 
-3.87353 0.46500 
-3.88373 0.46600 
-3.89392 0.46700 
-3.90411 0.46800 
-3.91431 0.46900 
-3.92450 0.47000 
-3.93470 0.47100 
-3.94489 0.47200 
-3.95509 0.47300 
-3.96528 0.47400 
-3.97548 0.47500 
-3.98568 0.47600 
-3.99588 0.47700 
-4.00608 0.47800 
-4.01628 0.47900 
-4.02647 0.48000 
-4.03667 0.48100 
-4.04688 0.48200 
-4.05708 0.48300 
-4.06728 0.48400 
-4.07748 0.48500 
-4.08768 0.48600 
-4.09788 0.48700 
-4.10809 0.48800 
-4.11829 0.48900 
-4.12850 0.49000 
-4.13870 0.49100 
-4.14891 0.49200 
-4.15911 0.49300 
-4.16932 0.49400 
-4.17952 0.49500 
-4.18973 0.49600 
-4.19994 0.49700 
-4.21014 0.49800 
-4.22035 0.49900 
-4.23056 0.50000 
-4.24077 0.50100 
-4.25098 0.50200 
-4.26119 0.50300 
-4.27140 0.50400 
-4.28161 0.50500 
-4.29182 0.50600 
-4.30203 0.50700 
-4.31224 0.50800 
-4.32245 0.50900 
-4.33266 0.51000 
-4.34287 0.51100 
-4.35309 0.51200 
-4.36330 0.51300 
-4.37351 0.51400 
-4.38372 0.51500 
-4.39394 0.51600 
-4.40415 0.51700 
-4.41437 0.51800 
-4.42458 0.51900 
-4.43480 0.52000 
-4.44501 0.52100 
-4.45523 0.52200 
-4.46544 0.52300 
-4.47566 0.52400 
-4.48588 0.52500 
-4.49609 0.52600 
-4.50631 0.52700 
-4.51653 0.52800 
-4.52674 0.52900 
-4.53696 0.53000 
-4.54718 0.53100 
-4.55740 0.53200 
-4.56762 0.53300 
-4.57784 0.53400 
-4.58806 0.53500 
-4.59827 0.53600 
-4.60849 0.53700 
-4.61871 0.53800 
-4.62893 0.53900 
-4.63915 0.54000 
-4.64938 0.54100 
-4.65960 0.54200 
-4.66982 0.54300 
-4.68004 0.54400 
-4.69026 0.54500 
-4.70048 0.54600 
-4.71070 0.54700 
-4.72093 0.54800 
-4.73115 0.54900 
-4.74137 0.55000 
-4.75159 0.55100 
-4.76182 0.55200 
-4.77204 0.55300 
-4.78226 0.55400 
-4.79249 0.55500 
-4.80271 0.55600 
-4.81294 0.55700 
-4.82316 0.55800 
-4.83339 0.55900 
-4.84361 0.56000 
-4.85383 0.56100 
-4.86406 0.56200 
-4.87429 0.56300 
-4.88451 0.56400 
-4.89474 0.56500 
-4.90496 0.56600 
-4.91519 0.56700 
-4.92541 0.56800 
-4.93564 0.56900 
-4.94587 0.57000 
-4.95609 0.57100 
-4.96632 0.57200 
-4.97655 0.57300 
-4.98677 0.57400 
-4.99700 0.57500 
-5.00723 0.57600 
-5.01746 0.57700 
-5.02769 0.57800 
-5.03791 0.57900 
-5.04814 0.58000 
-5.05837 0.58100 
-5.06860 0.58200 
-5.07883 0.58300 
-5.08906 0.58400 
-5.09928 0.58500 
-5.10951 0.58600 
-5.11974 0.58700 
-5.12997 0.58800 
-5.14020 0.58900 
-5.15043 0.59000 
-5.16066 0.59100 
-5.17089 0.59200 
-5.18112 0.59300 
-5.19135 0.59400 
-5.20158 0.59500 
-5.21181 0.59600 
-5.22204 0.59700 
-5.23227 0.59800 
-5.24250 0.59900 
-5.25273 0.60000 
-5.26297 0.60100 
-5.27320 0.60200 
-5.28343 0.60300 
-5.29366 0.60400 
-5.30389 0.60500 
-5.31412 0.60600 
-5.32435 0.60700 
-5.33459 0.60800 
-5.34482 0.60900 
-5.35505 0.61000 
-5.36528 0.61100 
-5.37551 0.61200 
-5.38575 0.61300 
-5.39598 0.61400 
-5.40621 0.61500 
-5.41644 0.61600 
-5.42668 0.61700 
-5.43691 0.61800 
-5.44714 0.61900 
-5.45738 0.62000 
-5.46761 0.62100 
-5.47784 0.62200 
-5.48808 0.62300 
-5.49831 0.62400 
-5.50854 0.62500 
-5.51878 0.62600 
-5.52901 0.62700 
-5.53924 0.62800 
-5.54948 0.62900 
-5.55971 0.63000 
-5.56995 0.63100 
-5.58018 0.63200 
-5.59041 0.63300 
-5.60065 0.63400 
-5.61088 0.63500 
-5.62112 0.63600 
-5.63135 0.63700 
-5.64159 0.63800 
-5.65182 0.63900 
-5.66206 0.64000 
-5.67229 0.64100 
-5.68253 0.64200 
-5.69276 0.64300 
-5.70300 0.64400 
-5.71323 0.64500 
-5.72347 0.64600 
-5.73370 0.64700 
-5.74394 0.64800 
-5.75417 0.64900 
-5.76441 0.65000 
-5.77464 0.65100 
-5.78488 0.65200 
-5.79512 0.65300 
-5.80535 0.65400 
-5.81559 0.65500 
-5.82582 0.65600 
-5.83606 0.65700 
-5.84629 0.65800 
-5.85653 0.65900 
-5.86677 0.66000 
-5.87700 0.66100 
-5.88724 0.66200 
-5.89748 0.66300 
-5.90771 0.66400 
-5.91795 0.66500 
-5.92819 0.66600 
-5.93842 0.66700 
-5.94866 0.66800 
-5.95890 0.66900 
-5.96913 0.67000 
-5.97937 0.67100 
-5.98961 0.67200 
-5.99984 0.67300 
-6.01008 0.67400 
-6.02032 0.67500 
-6.03055 0.67600 
-6.04079 0.67700 
-6.05103 0.67800 
-6.06127 0.67900 
-6.07150 0.68000 
-6.08174 0.68100 
-6.09198 0.68200 
-6.10222 0.68300 
-6.11245 0.68400 
-6.12269 0.68500 
-6.13293 0.68600 
-6.14317 0.68700 
-6.15340 0.68800 
-6.16364 0.68900 
-6.17388 0.69000 
-6.18412 0.69100 
-6.19435 0.69200 
-6.20459 0.69300 
-6.21483 0.69400 
-6.22507 0.69500 
-6.23531 0.69600 
-6.24554 0.69700 
-6.25578 0.69800 
-6.26602 0.69900 
-6.27626 0.70000 
-6.28650 0.70100 
-6.29673 0.70200 
-6.30697 0.70300 
-6.31721 0.70400 
-6.32745 0.70500 
-6.33769 0.70600 
-6.34793 0.70700 
-6.35816 0.70800 
-6.36840 0.70900 
-6.37864 0.71000 
-6.38888 0.71100 
-6.39912 0.71200 
-6.40936 0.71300 
-6.41960 0.71400 
-6.42984 0.71500 
-6.44007 0.71600 
-6.45031 0.71700 
-6.46055 0.71800 
-6.47079 0.71900 
-6.48103 0.72000 
-6.49127 0.72100 
-6.50151 0.72200 
-6.51175 0.72300 
-6.52198 0.72400 
-6.53222 0.72500 
-6.54246 0.72600 
-6.55270 0.72700 
-6.56294 0.72800 
-6.57318 0.72900 
-6.58342 0.73000 
-6.59366 0.73100 
-6.60390 0.73200 
-6.61414 0.73300 
-6.62438 0.73400 
-6.63462 0.73500 
-6.64485 0.73600 
-6.65509 0.73700 
-6.66533 0.73800 
-6.67557 0.73900 
-6.68581 0.74000 
-6.69605 0.74100 
-6.70629 0.74200 
-6.71653 0.74300 
-6.72677 0.74400 
-6.73701 0.74500 
-6.74725 0.74600 
-6.75749 0.74700 
-6.76773 0.74800 
-6.77797 0.74900 
-6.78821 0.75000 
-6.79845 0.75100 
-6.80869 0.75200 
-6.81893 0.75300 
-6.82917 0.75400 
-6.83941 0.75500 
-6.84965 0.75600 
-6.85989 0.75700 
-6.87013 0.75800 
-6.88037 0.75900 
-6.89061 0.76000 
-6.90085 0.76100 
-6.91109 0.76200 
-6.92133 0.76300 
-6.93157 0.76400 
-6.94181 0.76500 
-6.95205 0.76600 
-6.96229 0.76700 
-6.97253 0.76800 
-6.98277 0.76900 
-6.99301 0.77000 
-7.00325 0.77100 
-7.01349 0.77200 
-7.02373 0.77300 
-7.03397 0.77400 
-7.04421 0.77500 
-7.05445 0.77600 
-7.06469 0.77700 
-7.07493 0.77800 
-7.08517 0.77900 
-7.09541 0.78000 
-7.10565 0.78100 
-7.11589 0.78200 
-7.12613 0.78300 
-7.13637 0.78400 
-7.14661 0.78500 
-7.15685 0.78600 
-7.16709 0.78700 
-7.17733 0.78800 
-7.18757 0.78900 
-7.19781 0.79000 
-7.20805 0.79100 
-7.21829 0.79200 
-7.22853 0.79300 
-7.23877 0.79400 
-7.24901 0.79500 
-7.25925 0.79600 
-7.26949 0.79700 
-7.27973 0.79800 
-7.28997 0.79900 
-7.30021 0.80000 
-7.31045 0.80100 
-7.32069 0.80200 
-7.33094 0.80300 
-7.34118 0.80400 
-7.35142 0.80500 
-7.36166 0.80600 
-7.37190 0.80700 
-7.38214 0.80800 
-7.39238 0.80900 
-7.40262 0.81000 
-7.41286 0.81100 
-7.42310 0.81200 
-7.43334 0.81300 
-7.44358 0.81400 
-7.45382 0.81500 
-7.46406 0.81600 
-7.47430 0.81700 
-7.48454 0.81800 
-7.49479 0.81900 
-7.50503 0.82000 
-7.51527 0.82100 
-7.52551 0.82200 
-7.53575 0.82300 
-7.54599 0.82400 
-7.55623 0.82500 
-7.56647 0.82600 
-7.57671 0.82700 
-7.58695 0.82800 
-7.59719 0.82900 
-7.60743 0.83000 
-7.61767 0.83100 
-7.62792 0.83200 
-7.63816 0.83300 
-7.64840 0.83400 
-7.65864 0.83500 
-7.66888 0.83600 
-7.67912 0.83700 
-7.68936 0.83800 
-7.69960 0.83900 
-7.70984 0.84000 
-7.72008 0.84100 
-7.73032 0.84200 
-7.74056 0.84300 
-7.75081 0.84400 
-7.76105 0.84500 
-7.77129 0.84600 
-7.78153 0.84700 
-7.79177 0.84800 
-7.80201 0.84900 
-7.81225 0.85000 
-7.82249 0.85100 
-7.83273 0.85200 
-7.84297 0.85300 
-7.85322 0.85400 
-7.86346 0.85500 
-7.87370 0.85600 
-7.88394 0.85700 
-7.89418 0.85800 
-7.90442 0.85900 
-7.91466 0.86000 
-7.92490 0.86100 
-7.93514 0.86200 
-7.94538 0.86300 
-7.95563 0.86400 
-7.96587 0.86500 
-7.97611 0.86600 
-7.98635 0.86700 
-7.99659 0.86800 
-8.00683 0.86900 
-8.01707 0.87000 
-8.02731 0.87100 
-8.03755 0.87200 
-8.04780 0.87300 
-8.05804 0.87400 
-8.06828 0.87500 
-8.07852 0.87600 
-8.08876 0.87700 
-8.09900 0.87800 
-8.10924 0.87900 
-8.11948 0.88000 
-8.12972 0.88100 
-8.13997 0.88200 
-8.15021 0.88300 
-8.16045 0.88400 
-8.17069 0.88500 
-8.18093 0.88600 
-8.19117 0.88700 
-8.20141 0.88800 
-8.21165 0.88900 
-8.22190 0.89000 
-8.23214 0.89100 
-8.24238 0.89200 
-8.25262 0.89300 
-8.26286 0.89400 
-8.27310 0.89500 
-8.28334 0.89600 
-8.29358 0.89700 
-8.30382 0.89800 
-8.31407 0.89900 
-8.32431 0.90000 
-8.33455 0.90100 
-8.34479 0.90200 
-8.35503 0.90300 
-8.36527 0.90400 
-8.37551 0.90500 
-8.38575 0.90600 
-8.39600 0.90700 
-8.40624 0.90800 
-8.41648 0.90900 
-8.42672 0.91000 
-8.43696 0.91100 
-8.44720 0.91200 
-8.45744 0.91300 
-8.46768 0.91400 
-8.47793 0.91500 
-8.48817 0.91600 
-8.49841 0.91700 
-8.50865 0.91800 
-8.51889 0.91900 
-8.52913 0.92000 
-8.53937 0.92100 
-8.54962 0.92200 
-8.55986 0.92300 
-8.57010 0.92400 
-8.58034 0.92500 
-8.59058 0.92600 
-8.60082 0.92700 
-8.61106 0.92800 
-8.62130 0.92900 
-8.63155 0.93000 
-8.64179 0.93100 
-8.65203 0.93200 
-8.66227 0.93300 
-8.67251 0.93400 
-8.68275 0.93500 
-8.69299 0.93600 
-8.70324 0.93700 
-8.71348 0.93800 
-8.72372 0.93900 
-8.73396 0.94000 
-8.74420 0.94100 
-8.75444 0.94200 
-8.76468 0.94300 
-8.77492 0.94400 
-8.78517 0.94500 
-8.79541 0.94600 
-8.80565 0.94700 
-8.81589 0.94800 
-8.82613 0.94900 
-8.83637 0.95000 
-8.84661 0.95100 
-8.85686 0.95200 
-8.86710 0.95300 
-8.87734 0.95400 
-8.88758 0.95500 
-8.89782 0.95600 
-8.90806 0.95700 
-8.91830 0.95800 
-8.92855 0.95900 
-8.93879 0.96000 
-8.94903 0.96100 
-8.95927 0.96200 
-8.96951 0.96300 
-8.97975 0.96400 
-8.98999 0.96500 
-9.00024 0.96600 
-9.01048 0.96700 
-9.02072 0.96800 
-9.03096 0.96900 
-9.04120 0.97000 
-9.05144 0.97100 
-9.06168 0.97200 
-9.07193 0.97300 
-9.08217 0.97400 
-9.09241 0.97500 
-9.10265 0.97600 
-9.11289 0.97700 
-9.12313 0.97800 
-9.13337 0.97900 
-9.14362 0.98000 
-9.15386 0.98100 
-9.16410 0.98200 
-9.17434 0.98300 
-9.18458 0.98400 
-9.19482 0.98500 
-9.20506 0.98600 
-9.21531 0.98700 
-9.22555 0.98800 
-9.23579 0.98900 
-9.24603 0.99000 
-9.25627 0.99100 
-9.26651 0.99200 
-9.27675 0.99300 
-9.28700 0.99400 
-9.29724 0.99500 
-9.30748 0.99600 
-9.31772 0.99700 
-9.32796 0.99800 
-9.33820 0.99900 
