0.00000 0.00000 
0.03511 0.00100 
0.09514 0.00200 
0.15867 0.00300 
0.22218 0.00400 
0.28508 0.00500 
0.34727 0.00600 
0.40875 0.00700 
0.46952 0.00800 
0.52960 0.00900 
0.58899 0.01000 
0.64770 0.01100 
0.70573 0.01200 
0.76310 0.01300 
0.81981 0.01400 
0.87586 0.01500 
0.93128 0.01600 
0.98606 0.01700 
1.04021 0.01800 
1.09374 0.01900 
1.14665 0.02000 
1.19896 0.02100 
1.25067 0.02200 
1.30178 0.02300 
1.35231 0.02400 
1.40226 0.02500 
1.45164 0.02600 
1.50044 0.02700 
1.54869 0.02800 
1.59639 0.02900 
1.64353 0.03000 
1.69014 0.03100 
1.73621 0.03200 
1.78175 0.03300 
1.82677 0.03400 
1.87128 0.03500 
1.91527 0.03600 
1.95876 0.03700 
2.00175 0.03800 
2.04424 0.03900 
2.08625 0.04000 
2.12778 0.04100 
2.16883 0.04200 
2.20940 0.04300 
2.24952 0.04400 
2.28917 0.04500 
2.32837 0.04600 
2.36711 0.04700 
2.40542 0.04800 
2.44328 0.04900 
2.48071 0.05000 
2.51771 0.05100 
2.55428 0.05200 
2.59044 0.05300 
2.62618 0.05400 
2.66151 0.05500 
2.69643 0.05600 
2.73095 0.05700 
2.76508 0.05800 
2.79882 0.05900 
2.83217 0.06000 
2.86513 0.06100 
2.89772 0.06200 
2.92993 0.06300 
2.96178 0.06400 
2.99325 0.06500 
3.02437 0.06600 
3.05513 0.06700 
3.08554 0.06800 
3.11560 0.06900 
3.14531 0.07000 
3.17468 0.07100 
3.20372 0.07200 
3.23242 0.07300 
3.26079 0.07400 
3.28884 0.07500 
3.31657 0.07600 
3.34397 0.07700 
3.37107 0.07800 
3.39785 0.07900 
3.42432 0.08000 
3.45049 0.08100 
3.47636 0.08200 
3.50194 0.08300 
3.52722 0.08400 
3.55221 0.08500 
3.57691 0.08600 
3.60133 0.08700 
3.62547 0.08800 
3.64933 0.08900 
3.67292 0.09000 
3.69624 0.09100 
3.71929 0.09200 
3.74208 0.09300 
3.76460 0.09400 
3.78687 0.09500 
3.80888 0.09600 
3.83064 0.09700 
3.85214 0.09800 
3.87341 0.09900 
3.89442 0.10000 
3.91520 0.10100 
3.93574 0.10200 
3.95604 0.10300 
3.97611 0.10400 
3.99595 0.10500 
4.01556 0.10600 
4.03495 0.10700 
4.05411 0.10800 
4.07306 0.10900 
4.09178 0.11000 
4.11030 0.11100 
4.12860 0.11200 
4.14669 0.11300 
4.16457 0.11400 
4.18225 0.11500 
4.19972 0.11600 
4.21699 0.11700 
4.23407 0.11800 
4.25095 0.11900 
4.26764 0.12000 
4.28413 0.12100 
4.30044 0.12200 
4.31655 0.12300 
4.33249 0.12400 
4.34824 0.12500 
4.36381 0.12600 
4.37920 0.12700 
4.39441 0.12800 
4.40945 0.12900 
4.42432 0.13000 
4.43902 0.13100 
4.45355 0.13200 
4.46791 0.13300 
4.48210 0.13400 
4.49614 0.13500 
4.51001 0.13600 
4.52373 0.13700 
4.53728 0.13800 
4.55068 0.13900 
4.56393 0.14000 
4.57703 0.14100 
4.58997 0.14200 
4.60277 0.14300 
4.61542 0.14400 
4.62792 0.14500 
4.64028 0.14600 
4.65250 0.14700 
4.66458 0.14800 
4.67652 0.14900 
4.68832 0.15000 
4.69999 0.15100 
4.71153 0.15200 
4.72293 0.15300 
4.73420 0.15400 
4.74534 0.15500 
4.75635 0.15600 
4.76724 0.15700 
4.77800 0.15800 
4.78864 0.15900 
4.79916 0.16000 
4.80956 0.16100 
4.81983 0.16200 
4.82999 0.16300 
4.84004 0.16400 
4.84996 0.16500 
4.85978 0.16600 
4.86948 0.16700 
4.87907 0.16800 
4.88855 0.16900 
4.89792 0.17000 
4.90718 0.17100 
4.91634 0.17200 
4.92539 0.17300 
4.93434 0.17400 
4.94318 0.17500 
4.95193 0.17600 
4.96057 0.17700 
4.96912 0.17800 
4.97756 0.17900 
4.98591 0.18000 
4.99417 0.18100 
5.00233 0.18200 
5.01039 0.18300 
5.01836 0.18400 
5.02625 0.18500 
5.03404 0.18600 
5.04173 0.18700 
5.04934 0.18800 
5.05686 0.18900 
5.06430 0.19000 
5.07164 0.19100 
5.07891 0.19200 
5.08609 0.19300 
5.09319 0.19400 
5.10021 0.19500 
5.10715 0.19600 
5.11401 0.19700 
5.12079 0.19800 
5.12749 0.19900 
5.13411 0.20000 
5.14066 0.20100 
5.14714 0.20200 
5.15354 0.20300 
5.15986 0.20400 
5.16612 0.20500 
5.17230 0.20600 
5.17841 0.20700 
5.18445 0.20800 
5.19043 0.20900 
5.19633 0.21000 
5.20217 0.21100 
5.20794 0.21200 
5.21364 0.21300 
5.21928 0.21400 
5.22485 0.21500 
5.23036 0.21600 
5.23581 0.21700 
5.24119 0.21800 
5.24652 0.21900 
5.25178 0.22000 
5.25698 0.22100 
5.26212 0.22200 
5.26720 0.22300 
5.27223 0.22400 
5.27720 0.22500 
5.28211 0.22600 
5.28696 0.22700 
5.29176 0.22800 
5.29650 0.22900 
5.30119 0.23000 
5.30583 0.23100 
5.31041 0.23200 
5.31494 0.23300 
5.31941 0.23400 
5.32384 0.23500 
5.32822 0.23600 
5.33254 0.23700 
5.33682 0.23800 
5.34104 0.23900 
5.34522 0.24000 
5.34935 0.24100 
5.35344 0.24200 
5.35747 0.24300 
5.36146 0.24400 
5.36541 0.24500 
5.36931 0.24600 
5.37316 0.24700 
5.37697 0.24800 
5.38074 0.24900 
5.38446 0.25000 
5.38814 0.25100 
5.39178 0.25200 
5.39538 0.25300 
5.39894 0.25400 
5.40245 0.25500 
5.40593 0.25600 
5.40936 0.25700 
5.41276 0.25800 
5.41611 0.25900 
5.41943 0.26000 
5.42271 0.26100 
5.42596 0.26200 
5.42916 0.26300 
5.43233 0.26400 
5.43546 0.26500 
5.43856 0.26600 
5.44162 0.26700 
5.44465 0.26800 
5.44764 0.26900 
5.45059 0.27000 
5.45352 0.27100 
5.45641 0.27200 
5.45926 0.27300 
5.46209 0.27400 
5.46488 0.27500 
5.46764 0.27600 
5.47037 0.27700 
5.47306 0.27800 
5.47573 0.27900 
5.47836 0.28000 
5.48097 0.28100 
5.48354 0.28200 
5.48609 0.28300 
5.48861 0.28400 
5.49110 0.28500 
5.49356 0.28600 
5.49599 0.28700 
5.49839 0.28800 
5.50077 0.28900 
5.50312 0.29000 
5.50544 0.29100 
5.50773 0.29200 
5.51000 0.29300 
5.51225 0.29400 
5.51446 0.29500 
5.51666 0.29600 
5.51882 0.29700 
5.52096 0.29800 
5.52308 0.29900 
5.52517 0.30000 
5.52724 0.30100 
5.52929 0.30200 
5.53131 0.30300 
5.53331 0.30400 
5.53528 0.30500 
5.53724 0.30600 
5.53917 0.30700 
5.54108 0.30800 
5.54296 0.30900 
5.54483 0.31000 
5.54667 0.31100 
5.54849 0.31200 
5.55029 0.31300 
5.55207 0.31400 
5.55383 0.31500 
5.55557 0.31600 
5.55729 0.31700 
5.55899 0.31800 
5.56067 0.31900 
5.56234 0.32000 
5.56398 0.32100 
5.56560 0.32200 
5.56721 0.32300 
5.56879 0.32400 
5.57036 0.32500 
5.57191 0.32600 
5.57344 0.32700 
5.57496 0.32800 
5.57646 0.32900 
5.57794 0.33000 
5.57940 0.33100 
5.58085 0.33200 
5.58228 0.33300 
5.58369 0.33400 
5.58509 0.33500 
5.58647 0.33600 
5.58784 0.33700 
5.58919 0.33800 
5.59052 0.33900 
5.59184 0.34000 
5.59314 0.34100 
5.59443 0.34200 
5.59571 0.34300 
5.59697 0.34400 
5.59821 0.34500 
5.59944 0.34600 
5.60066 0.34700 
5.60186 0.34800 
5.60305 0.34900 
5.60423 0.35000 
5.60539 0.35100 
5.60654 0.35200 
5.60768 0.35300 
5.60880 0.35400 
5.60991 0.35500 
5.61101 0.35600 
5.61209 0.35700 
5.61316 0.35800 
5.61422 0.35900 
5.61527 0.36000 
5.61631 0.36100 
5.61733 0.36200 
5.61834 0.36300 
5.61934 0.36400 
5.62033 0.36500 
5.62131 0.36600 
5.62228 0.36700 
5.62323 0.36800 
5.62418 0.36900 
5.62511 0.37000 
5.62603 0.37100 
5.62695 0.37200 
5.62785 0.37300 
5.62874 0.37400 
5.62962 0.37500 
5.63049 0.37600 
5.63135 0.37700 
5.63221 0.37800 
5.63305 0.37900 
5.63388 0.38000 
5.63470 0.38100 
5.63552 0.38200 
5.63632 0.38300 
5.63711 0.38400 
5.63790 0.38500 
5.63868 0.38600 
5.63944 0.38700 
5.64020 0.38800 
5.64095 0.38900 
5.64169 0.39000 
5.64243 0.39100 
5.64315 0.39200 
5.64387 0.39300 
5.64457 0.39400 
5.64527 0.39500 
5.64597 0.39600 
5.64665 0.39700 
5.64733 0.39800 
5.64799 0.39900 
5.64866 0.40000 
5.64931 0.40100 
5.64995 0.40200 
5.65059 0.40300 
5.65122 0.40400 
5.65185 0.40500 
5.65246 0.40600 
5.65307 0.40700 
5.65367 0.40800 
5.65427 0.40900 
5.65486 0.41000 
5.65544 0.41100 
5.65602 0.41200 
5.65658 0.41300 
5.65715 0.41400 
5.65770 0.41500 
5.65825 0.41600 
5.65879 0.41700 
5.65933 0.41800 
5.65986 0.41900 
5.66039 0.42000 
5.66091 0.42100 
5.66142 0.42200 
5.66192 0.42300 
5.66243 0.42400 
5.66292 0.42500 
5.66341 0.42600 
5.66389 0.42700 
5.66437 0.42800 
5.66485 0.42900 
5.66531 0.43000 
5.66577 0.43100 
5.66623 0.43200 
5.66668 0.43300 
5.66713 0.43400 
5.66757 0.43500 
5.66801 0.43600 
5.66844 0.43700 
5.66886 0.43800 
5.66928 0.43900 
5.66970 0.44000 
5.67011 0.44100 
5.67052 0.44200 
5.67092 0.44300 
5.67132 0.44400 
5.67171 0.44500 
5.67210 0.44600 
5.67249 0.44700 
5.67287 0.44800 
5.67324 0.44900 
5.67361 0.45000 
5.67398 0.45100 
5.67434 0.45200 
5.67470 0.45300 
5.67505 0.45400 
5.67540 0.45500 
5.67575 0.45600 
5.67609 0.45700 
5.67643 0.45800 
5.67677 0.45900 
5.67710 0.46000 
5.67742 0.46100 
5.67775 0.46200 
5.67807 0.46300 
5.67838 0.46400 
5.67869 0.46500 
5.67900 0.46600 
5.67931 0.46700 
5.67961 0.46800 
5.67991 0.46900 
5.68020 0.47000 
5.68049 0.47100 
5.68078 0.47200 
5.68107 0.47300 
5.68135 0.47400 
5.68162 0.47500 
5.68190 0.47600 
5.68217 0.47700 
5.68244 0.47800 
5.68271 0.47900 
5.68297 0.48000 
5.68323 0.48100 
5.68349 0.48200 
5.68374 0.48300 
5.68399 0.48400 
5.68424 0.48500 
5.68448 0.48600 
5.68473 0.48700 
5.68497 0.48800 
5.68520 0.48900 
5.68544 0.49000 
5.68567 0.49100 
5.68590 0.49200 
5.68612 0.49300 
5.68635 0.49400 
5.68657 0.49500 
5.68679 0.49600 
5.68700 0.49700 
5.68722 0.49800 
5.68743 0.49900 
5.68764 0.50000 
5.68784 0.50100 
5.68805 0.50200 
5.68825 0.50300 
5.68845 0.50400 
5.68865 0.50500 
5.68884 0.50600 
5.68903 0.50700 
5.68922 0.50800 
5.68941 0.50900 
5.68960 0.51000 
5.68978 0.51100 
5.68996 0.51200 
5.69014 0.51300 
5.69032 0.51400 
5.69050 0.51500 
5.69067 0.51600 
5.69084 0.51700 
5.69101 0.51800 
5.69118 0.51900 
5.69135 0.52000 
5.69151 0.52100 
5.69167 0.52200 
5.69183 0.52300 
5.69199 0.52400 
5.69215 0.52500 
5.69230 0.52600 
5.69246 0.52700 
5.69261 0.52800 
5.69276 0.52900 
5.69291 0.53000 
5.69305 0.53100 
5.69320 0.53200 
5.69334 0.53300 
5.69348 0.53400 
5.69362 0.53500 
5.69376 0.53600 
5.69390 0.53700 
5.69403 0.53800 
5.69416 0.53900 
5.69430 0.54000 
5.69443 0.54100 
5.69456 0.54200 
5.69468 0.54300 
5.69481 0.54400 
5.69493 0.54500 
5.69506 0.54600 
5.69518 0.54700 
5.69530 0.54800 
5.69542 0.54900 
5.69554 0.55000 
5.69565 0.55100 
5.69577 0.55200 
5.69588 0.55300 
5.69599 0.55400 
5.69610 0.55500 
5.69621 0.55600 
5.69632 0.55700 
5.69643 0.55800 
5.69654 0.55900 
5.69664 0.56000 
5.69675 0.56100 
5.69685 0.56200 
5.69695 0.56300 
5.69705 0.56400 
5.69715 0.56500 
5.69725 0.56600 
5.69734 0.56700 
5.69744 0.56800 
5.69753 0.56900 
5.69763 0.57000 
5.69772 0.57100 
5.69781 0.57200 
5.69790 0.57300 
5.69799 0.57400 
5.69808 0.57500 
5.69817 0.57600 
5.69825 0.57700 
5.69834 0.57800 
5.69842 0.57900 
5.69851 0.58000 
5.69859 0.58100 
5.69867 0.58200 
5.69875 0.58300 
5.69883 0.58400 
5.69891 0.58500 
5.69899 0.58600 
5.69906 0.58700 
5.69914 0.58800 
5.69921 0.58900 
5.69929 0.59000 
5.69936 0.59100 
5.69944 0.59200 
5.69951 0.59300 
5.69958 0.59400 
5.69965 0.59500 
5.69972 0.59600 
5.69979 0.59700 
5.69985 0.59800 
5.69992 0.59900 
5.69999 0.60000 
5.70005 0.60100 
5.70012 0.60200 
5.70018 0.60300 
5.70025 0.60400 
5.70031 0.60500 
5.70037 0.60600 
5.70043 0.60700 
5.70049 0.60800 
5.70055 0.60900 
5.70061 0.61000 
5.70067 0.61100 
5.70073 0.61200 
5.70078 0.61300 
5.70084 0.61400 
5.70090 0.61500 
5.70095 0.61600 
5.70101 0.61700 
5.70106 0.61800 
5.70111 0.61900 
5.70117 0.62000 
5.70122 0.62100 
5.70127 0.62200 
5.70132 0.62300 
5.70137 0.62400 
5.70142 0.62500 
5.70147 0.62600 
5.70152 0.62700 
5.70157 0.62800 
5.70161 0.62900 
5.70166 0.63000 
5.70171 0.63100 
5.70175 0.63200 
5.70180 0.63300 
5.70184 0.63400 
5.70189 0.63500 
5.70193 0.63600 
5.70197 0.63700 
5.70202 0.63800 
5.70206 0.63900 
5.70210 0.64000 
5.70214 0.64100 
5.70218 0.64200 
5.70222 0.64300 
5.70226 0.64400 
5.70230 0.64500 
5.70234 0.64600 
5.70238 0.64700 
5.70242 0.64800 
5.70246 0.64900 
5.70250 0.65000 
5.70253 0.65100 
5.70257 0.65200 
5.70260 0.65300 
5.70264 0.65400 
5.70268 0.65500 
5.70271 0.65600 
5.70274 0.65700 
5.70278 0.65800 
5.70281 0.65900 
5.70285 0.66000 
5.70288 0.66100 
5.70291 0.66200 
5.70294 0.66300 
5.70298 0.66400 
5.70301 0.66500 
5.70304 0.66600 
5.70307 0.66700 
5.70310 0.66800 
5.70313 0.66900 
5.70316 0.67000 
5.70319 0.67100 
5.70322 0.67200 
5.70325 0.67300 
5.70327 0.67400 
5.70330 0.67500 
5.70333 0.67600 
5.70336 0.67700 
5.70338 0.67800 
5.70341 0.67900 
5.70344 0.68000 
5.70346 0.68100 
5.70349 0.68200 
5.70352 0.68300 
5.70354 0.68400 
5.70357 0.68500 
5.70359 0.68600 
5.70361 0.68700 
5.70364 0.68800 
5.70366 0.68900 
5.70369 0.69000 
5.70371 0.69100 
5.70373 0.69200 
5.70376 0.69300 
5.70378 0.69400 
5.70380 0.69500 
5.70382 0.69600 
5.70384 0.69700 
5.70387 0.69800 
5.70389 0.69900 
5.70391 0.70000 
5.70393 0.70100 
5.70395 0.70200 
5.70397 0.70300 
5.70399 0.70400 
5.70401 0.70500 
5.70403 0.70600 
5.70405 0.70700 
5.70407 0.70800 
5.70409 0.70900 
5.70411 0.71000 
5.70412 0.71100 
5.70414 0.71200 
5.70416 0.71300 
5.70418 0.71400 
5.70420 0.71500 
5.70421 0.71600 
5.70423 0.71700 
5.70425 0.71800 
5.70427 0.71900 
5.70428 0.72000 
5.70430 0.72100 
5.70431 0.72200 
5.70433 0.72300 
5.70435 0.72400 
5.70436 0.72500 
5.70438 0.72600 
5.70439 0.72700 
5.70441 0.72800 
5.70442 0.72900 
5.70444 0.73000 
5.70445 0.73100 
5.70447 0.73200 
5.70448 0.73300 
5.70450 0.73400 
5.70451 0.73500 
5.70453 0.73600 
5.70454 0.73700 
5.70455 0.73800 
5.70457 0.73900 
5.70458 0.74000 
5.70459 0.74100 
5.70461 0.74200 
5.70462 0.74300 
5.70463 0.74400 
5.70464 0.74500 
5.70466 0.74600 
5.70467 0.74700 
5.70468 0.74800 
5.70469 0.74900 
5.70470 0.75000 
5.70472 0.75100 
5.70473 0.75200 
5.70474 0.75300 
5.70475 0.75400 
5.70476 0.75500 
5.70477 0.75600 
5.70478 0.75700 
5.70479 0.75800 
5.70481 0.75900 
5.70482 0.76000 
5.70483 0.76100 
5.70484 0.76200 
5.70485 0.76300 
5.70486 0.76400 
5.70487 0.76500 
5.70488 0.76600 
5.70489 0.76700 
5.70490 0.76800 
5.70491 0.76900 
5.70491 0.77000 
5.70492 0.77100 
5.70493 0.77200 
5.70494 0.77300 
5.70495 0.77400 
5.70496 0.77500 
5.70497 0.77600 
5.70498 0.77700 
5.70499 0.77800 
5.70500 0.77900 
5.70500 0.78000 
5.70501 0.78100 
5.70502 0.78200 
5.70503 0.78300 
5.70504 0.78400 
5.70504 0.78500 
5.70505 0.78600 
5.70506 0.78700 
5.70507 0.78800 
5.70507 0.78900 
5.70508 0.79000 
5.70509 0.79100 
5.70510 0.79200 
5.70510 0.79300 
5.70511 0.79400 
5.70512 0.79500 
5.70513 0.79600 
5.70513 0.79700 
5.70514 0.79800 
5.70515 0.79900 
5.70515 0.80000 
5.70516 0.80100 
5.70517 0.80200 
5.70517 0.80300 
5.70518 0.80400 
5.70519 0.80500 
5.70519 0.80600 
5.70520 0.80700 
5.70520 0.80800 
5.70521 0.80900 
5.70522 0.81000 
5.70522 0.81100 
5.70523 0.81200 
5.70523 0.81300 
5.70524 0.81400 
5.70524 0.81500 
5.70525 0.81600 
5.70526 0.81700 
5.70526 0.81800 
5.70527 0.81900 
5.70527 0.82000 
5.70528 0.82100 
5.70528 0.82200 
5.70529 0.82300 
5.70529 0.82400 
5.70530 0.82500 
5.70530 0.82600 
5.70531 0.82700 
5.70531 0.82800 
5.70532 0.82900 
5.70532 0.83000 
5.70533 0.83100 
5.70533 0.83200 
5.70534 0.83300 
5.70534 0.83400 
5.70534 0.83500 
5.70535 0.83600 
5.70535 0.83700 
5.70536 0.83800 
5.70536 0.83900 
5.70537 0.84000 
5.70537 0.84100 
5.70537 0.84200 
5.70538 0.84300 
5.70538 0.84400 
5.70539 0.84500 
5.70539 0.84600 
5.70539 0.84700 
5.70540 0.84800 
5.70540 0.84900 
5.70541 0.85000 
5.70541 0.85100 
5.70541 0.85200 
5.70542 0.85300 
5.70542 0.85400 
5.70542 0.85500 
5.70543 0.85600 
5.70543 0.85700 
5.70543 0.85800 
5.70544 0.85900 
5.70544 0.86000 
5.70544 0.86100 
5.70545 0.86200 
5.70545 0.86300 
5.70545 0.86400 
5.70546 0.86500 
5.70546 0.86600 
5.70546 0.86700 
5.70547 0.86800 
5.70547 0.86900 
5.70547 0.87000 
5.70548 0.87100 
5.70548 0.87200 
5.70548 0.87300 
5.70548 0.87400 
5.70549 0.87500 
5.70549 0.87600 
5.70549 0.87700 
5.70550 0.87800 
5.70550 0.87900 
5.70550 0.88000 
5.70550 0.88100 
5.70551 0.88200 
5.70551 0.88300 
5.70551 0.88400 
5.70551 0.88500 
5.70552 0.88600 
5.70552 0.88700 
5.70552 0.88800 
5.70552 0.88900 
5.70553 0.89000 
5.70553 0.89100 
5.70553 0.89200 
5.70553 0.89300 
5.70553 0.89400 
5.70554 0.89500 
5.70554 0.89600 
5.70554 0.89700 
5.70554 0.89800 
5.70555 0.89900 
5.70555 0.90000 
5.70555 0.90100 
5.70555 0.90200 
5.70555 0.90300 
5.70556 0.90400 
5.70556 0.90500 
5.70556 0.90600 
5.70556 0.90700 
5.70556 0.90800 
5.70557 0.90900 
5.70557 0.91000 
5.70557 0.91100 
5.70557 0.91200 
5.70557 0.91300 
5.70558 0.91400 
5.70558 0.91500 
5.70558 0.91600 
5.70558 0.91700 
5.70558 0.91800 
5.70558 0.91900 
5.70559 0.92000 
5.70559 0.92100 
5.70559 0.92200 
5.70559 0.92300 
5.70559 0.92400 
5.70559 0.92500 
5.70560 0.92600 
5.70560 0.92700 
5.70560 0.92800 
5.70560 0.92900 
5.70560 0.93000 
5.70560 0.93100 
5.70560 0.93200 
5.70561 0.93300 
5.70561 0.93400 
5.70561 0.93500 
5.70561 0.93600 
5.70561 0.93700 
5.70561 0.93800 
5.70561 0.93900 
5.70562 0.94000 
5.70562 0.94100 
5.70562 0.94200 
5.70562 0.94300 
5.70562 0.94400 
5.70562 0.94500 
5.70562 0.94600 
5.70562 0.94700 
5.70563 0.94800 
5.70563 0.94900 
5.70563 0.95000 
5.70563 0.95100 
5.70563 0.95200 
5.70563 0.95300 
5.70563 0.95400 
5.70563 0.95500 
5.70563 0.95600 
5.70564 0.95700 
5.70564 0.95800 
5.70564 0.95900 
5.70564 0.96000 
5.70564 0.96100 
5.70564 0.96200 
5.70564 0.96300 
5.70564 0.96400 
5.70564 0.96500 
5.70565 0.96600 
5.70565 0.96700 
5.70565 0.96800 
5.70565 0.96900 
5.70565 0.97000 
5.70565 0.97100 
5.70565 0.97200 
5.70565 0.97300 
5.70565 0.97400 
5.70565 0.97500 
5.70565 0.97600 
5.70566 0.97700 
5.70566 0.97800 
5.70566 0.97900 
5.70566 0.98000 
5.70566 0.98100 
5.70566 0.98200 
5.70566 0.98300 
5.70566 0.98400 
5.70566 0.98500 
5.70566 0.98600 
5.70566 0.98700 
5.70566 0.98800 
5.70567 0.98900 
5.70567 0.99000 
5.70567 0.99100 
5.70567 0.99200 
5.70567 0.99300 
5.70567 0.99400 
5.70567 0.99500 
5.70567 0.99600 
5.70567 0.99700 
5.70567 0.99800 
5.70567 0.99900 
5.70567 1.00000 
5.70567 1.00100 
5.70567 1.00200 
5.70568 1.00300 
5.70568 1.00400 
5.70568 1.00500 
5.70568 1.00600 
5.70568 1.00700 
5.70568 1.00800 
5.70568 1.00900 
5.70568 1.01000 
5.70568 1.01100 
5.70568 1.01200 
5.70568 1.01300 
5.70568 1.01400 
5.70568 1.01500 
5.70568 1.01600 
5.70568 1.01700 
5.70568 1.01800 
5.70568 1.01900 
5.70569 1.02000 
5.70569 1.02100 
5.70569 1.02200 
5.70569 1.02300 
5.70569 1.02400 
5.70569 1.02500 
5.70569 1.02600 
5.70569 1.02700 
5.70569 1.02800 
5.70569 1.02900 
5.70569 1.03000 
5.70569 1.03100 
5.70569 1.03200 
5.70569 1.03300 
5.70569 1.03400 
5.70569 1.03500 
5.70569 1.03600 
5.70569 1.03700 
5.70569 1.03800 
5.70569 1.03900 
5.70569 1.04000 
5.70570 1.04100 
5.70570 1.04200 
5.70570 1.04300 
5.70570 1.04400 
5.70570 1.04500 
5.70570 1.04600 
5.70570 1.04700 
5.70570 1.04800 
5.70570 1.04900 
5.70570 1.05000 
5.70570 1.05100 
5.70570 1.05200 
5.70570 1.05300 
5.70570 1.05400 
5.70570 1.05500 
5.70570 1.05600 
5.70570 1.05700 
5.70570 1.05800 
5.70570 1.05900 
5.70570 1.06000 
5.70570 1.06100 
5.70570 1.06200 
5.70570 1.06300 
5.70570 1.06400 
5.70570 1.06500 
5.70570 1.06600 
5.70570 1.06700 
5.70570 1.06800 
5.70571 1.06900 
5.70571 1.07000 
5.70571 1.07100 
5.70571 1.07200 
5.70571 1.07300 
5.70571 1.07400 
5.70571 1.07500 
5.70571 1.07600 
5.70571 1.07700 
5.70571 1.07800 
5.70571 1.07900 
5.70571 1.08000 
5.70571 1.08100 
5.70571 1.08200 
5.70571 1.08300 
5.70571 1.08400 
5.70571 1.08500 
5.70571 1.08600 
5.70571 1.08700 
5.70571 1.08800 
5.70571 1.08900 
5.70571 1.09000 
5.70571 1.09100 
5.70571 1.09200 
5.70571 1.09300 
5.70571 1.09400 
5.70571 1.09500 
5.70571 1.09600 
5.70571 1.09700 
5.70571 1.09800 
5.70571 1.09900 
5.70571 1.10000 
5.70571 1.10100 
5.70571 1.10200 
5.70571 1.10300 
5.70571 1.10400 
5.70571 1.10500 
5.70571 1.10600 
5.70571 1.10700 
5.70571 1.10800 
5.70571 1.10900 
5.70572 1.11000 
5.70572 1.11100 
5.70572 1.11200 
5.70572 1.11300 
5.70572 1.11400 
5.70572 1.11500 
5.70572 1.11600 
5.70572 1.11700 
5.70572 1.11800 
5.70572 1.11900 
5.70572 1.12000 
5.70572 1.12100 
5.70572 1.12200 
5.70572 1.12300 
5.70572 1.12400 
5.70572 1.12500 
5.70572 1.12600 
5.70572 1.12700 
5.70572 1.12800 
5.70572 1.12900 
5.70572 1.13000 
5.70572 1.13100 
5.70572 1.13200 
5.70572 1.13300 
5.70572 1.13400 
5.70572 1.13500 
5.70572 1.13600 
5.70572 1.13700 
5.70572 1.13800 
5.70572 1.13900 
5.70572 1.14000 
5.70572 1.14100 
5.70572 1.14200 
5.70572 1.14300 
5.70572 1.14400 
5.70572 1.14500 
5.70572 1.14600 
5.70572 1.14700 
5.70572 1.14800 
5.70572 1.14900 
5.70572 1.15000 
5.70572 1.15100 
5.70572 1.15200 
5.70572 1.15300 
5.70572 1.15400 
5.70572 1.15500 
5.70572 1.15600 
5.70572 1.15700 
5.70572 1.15800 
5.70572 1.15900 
5.70572 1.16000 
5.70572 1.16100 
5.70572 1.16200 
5.70572 1.16300 
5.70572 1.16400 
5.70572 1.16500 
5.70572 1.16600 
5.70572 1.16700 
5.70572 1.16800 
5.70572 1.16900 
5.70572 1.17000 
5.70572 1.17100 
5.70572 1.17200 
5.70572 1.17300 
5.70572 1.17400 
5.70572 1.17500 
5.70572 1.17600 
5.70572 1.17700 
5.70572 1.17800 
5.70572 1.17900 
5.70572 1.18000 
5.70572 1.18100 
5.70572 1.18200 
5.70572 1.18300 
5.70572 1.18400 
5.70572 1.18500 
5.70572 1.18600 
5.70572 1.18700 
5.70572 1.18800 
5.70572 1.18900 
5.70572 1.19000 
5.70573 1.19100 
5.70573 1.19200 
5.70573 1.19300 
5.70573 1.19400 
5.70573 1.19500 
5.70573 1.19600 
5.70573 1.19700 
5.70573 1.19800 
5.70573 1.19900 
5.70573 1.20000 
5.70573 1.20100 
5.70573 1.20200 
5.70573 1.20300 
5.70573 1.20400 
5.70573 1.20500 
5.70573 1.20600 
5.70573 1.20700 
5.70573 1.20800 
5.70573 1.20900 
5.70573 1.21000 
5.70573 1.21100 
5.70573 1.21200 
5.70573 1.21300 
5.70573 1.21400 
5.70573 1.21500 
5.70573 1.21600 
5.70573 1.21700 
5.70573 1.21800 
5.70573 1.21900 
5.70573 1.22000 
5.70573 1.22100 
5.70573 1.22200 
5.70573 1.22300 
5.70573 1.22400 
5.70573 1.22500 
5.70573 1.22600 
5.70573 1.22700 
5.70573 1.22800 
5.70573 1.22900 
5.70573 1.23000 
5.70573 1.23100 
5.70573 1.23200 
5.70573 1.23300 
5.70573 1.23400 
5.70573 1.23500 
5.70573 1.23600 
5.70573 1.23700 
5.70573 1.23800 
5.70573 1.23900 
5.70573 1.24000 
5.70573 1.24100 
5.70573 1.24200 
5.70573 1.24300 
5.70573 1.24400 
5.70573 1.24500 
5.70573 1.24600 
5.70573 1.24700 
5.70573 1.24800 
5.70573 1.24900 
5.70573 1.25000 
5.70573 1.25100 
5.70573 1.25200 
5.70573 1.25300 
5.70573 1.25400 
5.70573 1.25500 
5.70573 1.25600 
5.70573 1.25700 
5.70573 1.25800 
5.70573 1.25900 
5.70573 1.26000 
5.70573 1.26100 
5.70573 1.26200 
5.70573 1.26300 
5.70573 1.26400 
5.70573 1.26500 
5.70573 1.26600 
5.70573 1.26700 
5.70573 1.26800 
5.70573 1.26900 
5.70573 1.27000 
5.70573 1.27100 
5.70573 1.27200 
5.70573 1.27300 
5.70573 1.27400 
5.70573 1.27500 
5.70573 1.27600 
5.70573 1.27700 
5.70573 1.27800 
5.70573 1.27900 
5.70573 1.28000 
5.70573 1.28100 
5.70573 1.28200 
5.70573 1.28300 
5.70573 1.28400 
5.70573 1.28500 
5.70573 1.28600 
5.70573 1.28700 
5.70573 1.28800 
5.70573 1.28900 
5.70573 1.29000 
5.70573 1.29100 
5.70573 1.29200 
5.70573 1.29300 
5.70573 1.29400 
5.70573 1.29500 
5.70573 1.29600 
5.70573 1.29700 
5.70573 1.29800 
5.70573 1.29900 
5.70573 1.30000 
5.70573 1.30100 
5.70573 1.30200 
5.70573 1.30300 
5.70573 1.30400 
5.70573 1.30500 
5.70573 1.30600 
5.70573 1.30700 
5.70573 1.30800 
5.70573 1.30900 
5.70573 1.31000 
5.70573 1.31100 
5.70573 1.31200 
5.70573 1.31300 
5.70573 1.31400 
5.70573 1.31500 
5.70573 1.31600 
5.70573 1.31700 
5.70573 1.31800 
5.70573 1.31900 
5.70573 1.32000 
5.70573 1.32100 
5.70573 1.32200 
5.70573 1.32300 
5.70573 1.32400 
5.70573 1.32500 
5.70573 1.32600 
5.70573 1.32700 
5.70573 1.32800 
5.70573 1.32900 
5.70573 1.33000 
5.70573 1.33100 
5.70573 1.33200 
5.70573 1.33300 
5.70573 1.33400 
5.70573 1.33500 
5.70573 1.33600 
5.70573 1.33700 
5.70573 1.33800 
5.70573 1.33900 
5.70573 1.34000 
5.70573 1.34100 
5.70573 1.34200 
5.70573 1.34300 
5.70573 1.34400 
5.70573 1.34500 
5.70573 1.34600 
5.70573 1.34700 
5.70573 1.34800 
5.70573 1.34900 
5.70573 1.35000 
5.70573 1.35100 
5.70573 1.35200 
5.70573 1.35300 
5.70573 1.35400 
5.70573 1.35500 
5.70573 1.35600 
5.70573 1.35700 
5.70573 1.35800 
5.70573 1.35900 
5.70573 1.36000 
5.70573 1.36100 
5.70573 1.36200 
5.70573 1.36300 
5.70573 1.36400 
5.70573 1.36500 
5.70573 1.36600 
5.70573 1.36700 
5.70573 1.36800 
5.70573 1.36900 
5.70573 1.37000 
5.70573 1.37100 
5.70573 1.37200 
5.70573 1.37300 
5.70573 1.37400 
5.70573 1.37500 
5.70573 1.37600 
5.70573 1.37700 
5.70573 1.37800 
5.70573 1.37900 
5.70573 1.38000 
5.70573 1.38100 
5.70573 1.38200 
5.70573 1.38300 
5.70573 1.38400 
5.70573 1.38500 
5.70573 1.38600 
5.70573 1.38700 
5.70573 1.38800 
5.70573 1.38900 
5.70573 1.39000 
5.70573 1.39100 
5.70573 1.39200 
5.70573 1.39300 
5.70573 1.39400 
5.70573 1.39500 
5.70573 1.39600 
5.70573 1.39700 
5.70573 1.39800 
5.70573 1.39900 
5.70573 1.40000 
5.70573 1.40100 
5.70573 1.40200 
5.70573 1.40300 
5.70573 1.40400 
5.70573 1.40500 
5.70573 1.40600 
5.70573 1.40700 
5.70573 1.40800 
5.70573 1.40900 
5.70573 1.41000 
5.70573 1.41100 
5.70573 1.41200 
5.70573 1.41300 
5.70573 1.41400 
5.70573 1.41500 
5.70573 1.41600 
5.70573 1.41700 
5.70573 1.41800 
5.70573 1.41900 
5.70573 1.42000 
5.70573 1.42100 
5.70573 1.42200 
5.70573 1.42300 
5.70573 1.42400 
5.70573 1.42500 
5.70573 1.42600 
5.70573 1.42700 
5.70573 1.42800 
5.70573 1.42900 
5.70573 1.43000 
5.70573 1.43100 
5.70573 1.43200 
5.70573 1.43300 
5.70573 1.43400 
5.70573 1.43500 
5.70573 1.43600 
5.70573 1.43700 
5.70573 1.43800 
5.70573 1.43900 
5.70573 1.44000 
5.70573 1.44100 
5.70573 1.44200 
5.70573 1.44300 
5.70573 1.44400 
5.70573 1.44500 
5.70573 1.44600 
5.70573 1.44700 
5.70573 1.44800 
5.70573 1.44900 
5.70573 1.45000 
5.70573 1.45100 
5.70573 1.45200 
5.70573 1.45300 
5.70573 1.45400 
5.70573 1.45500 
5.70573 1.45600 
5.70573 1.45700 
5.70573 1.45800 
5.70573 1.45900 
5.70573 1.46000 
5.70573 1.46100 
5.70573 1.46200 
5.70573 1.46300 
5.70573 1.46400 
5.70573 1.46500 
5.70573 1.46600 
5.70573 1.46700 
5.70573 1.46800 
5.70573 1.46900 
5.70573 1.47000 
5.70573 1.47100 
5.70573 1.47200 
5.70573 1.47300 
5.70573 1.47400 
5.70573 1.47500 
5.70573 1.47600 
5.70573 1.47700 
5.70573 1.47800 
5.70573 1.47900 
5.70573 1.48000 
5.70573 1.48100 
5.70573 1.48200 
5.70573 1.48300 
5.70573 1.48400 
5.70573 1.48500 
5.70573 1.48600 
5.70573 1.48700 
5.70573 1.48800 
5.70573 1.48900 
5.70573 1.49000 
5.70573 1.49100 
5.70573 1.49200 
5.70573 1.49300 
5.70573 1.49400 
5.70573 1.49500 
5.70573 1.49600 
5.70573 1.49700 
5.70573 1.49800 
5.70573 1.49900 
5.70573 1.50000 
5.70573 1.50100 
5.70573 1.50200 
5.70573 1.50300 
5.70573 1.50400 
5.70573 1.50500 
5.70573 1.50600 
5.70573 1.50700 
5.70573 1.50800 
5.70573 1.50900 
5.70573 1.51000 
5.70573 1.51100 
5.70573 1.51200 
5.70573 1.51300 
5.70573 1.51400 
5.70573 1.51500 
5.70573 1.51600 
5.70573 1.51700 
5.70573 1.51800 
5.70573 1.51900 
5.70573 1.52000 
5.70573 1.52100 
5.70573 1.52200 
5.70573 1.52300 
5.70573 1.52400 
5.70573 1.52500 
5.70573 1.52600 
5.70573 1.52700 
5.70573 1.52800 
5.70573 1.52900 
5.70573 1.53000 
5.70573 1.53100 
5.70573 1.53200 
5.70573 1.53300 
5.70573 1.53400 
5.70573 1.53500 
5.70573 1.53600 
5.70573 1.53700 
5.70573 1.53800 
5.70573 1.53900 
5.70573 1.54000 
5.70573 1.54100 
5.70573 1.54200 
5.70573 1.54300 
5.70573 1.54400 
5.70573 1.54500 
5.70573 1.54600 
5.70573 1.54700 
5.70573 1.54800 
5.70573 1.54900 
5.70573 1.55000 
5.70573 1.55100 
5.70573 1.55200 
5.70573 1.55300 
5.70573 1.55400 
5.70573 1.55500 
5.70573 1.55600 
5.70573 1.55700 
5.70573 1.55800 
5.70573 1.55900 
5.70573 1.56000 
5.70573 1.56100 
5.70573 1.56200 
5.70573 1.56300 
5.70573 1.56400 
5.70573 1.56500 
5.70573 1.56600 
5.70573 1.56700 
5.70573 1.56800 
5.70573 1.56900 
5.70573 1.57000 
5.70573 1.57100 
5.70573 1.57200 
5.70573 1.57300 
5.70573 1.57400 
5.70573 1.57500 
5.70573 1.57600 
5.70573 1.57700 
5.70573 1.57800 
5.70573 1.57900 
5.70573 1.58000 
5.70573 1.58100 
5.70573 1.58200 
5.70573 1.58300 
5.70573 1.58400 
5.70573 1.58500 
5.70573 1.58600 
5.70573 1.58700 
5.70573 1.58800 
5.70573 1.58900 
5.70573 1.59000 
5.70573 1.59100 
5.70573 1.59200 
5.70573 1.59300 
5.70573 1.59400 
5.70573 1.59500 
5.70573 1.59600 
5.70573 1.59700 
5.70573 1.59800 
5.70573 1.59900 
5.70573 1.60000 
5.70573 1.60100 
5.70573 1.60200 
5.70573 1.60300 
5.70573 1.60400 
5.70573 1.60500 
5.70573 1.60600 
5.70573 1.60700 
5.70573 1.60800 
5.70573 1.60900 
5.70573 1.61000 
5.70573 1.61100 
5.70573 1.61200 
5.70573 1.61300 
5.70573 1.61400 
5.70573 1.61500 
5.70573 1.61600 
5.70573 1.61700 
5.70573 1.61800 
5.70573 1.61900 
5.70573 1.62000 
5.70573 1.62100 
5.70573 1.62200 
5.70573 1.62300 
5.70573 1.62400 
5.70573 1.62500 
5.70573 1.62600 
5.70573 1.62700 
5.70573 1.62800 
5.70573 1.62900 
5.70573 1.63000 
5.70573 1.63100 
5.70573 1.63200 
5.70573 1.63300 
5.70573 1.63400 
5.70573 1.63500 
5.70573 1.63600 
5.70573 1.63700 
5.70573 1.63800 
5.70573 1.63900 
5.70573 1.64000 
5.70573 1.64100 
5.70573 1.64200 
5.70573 1.64300 
5.70573 1.64400 
5.70573 1.64500 
5.70573 1.64600 
5.70573 1.64700 
5.70573 1.64800 
5.70573 1.64900 
5.70573 1.65000 
5.70573 1.65100 
5.70573 1.65200 
5.70573 1.65300 
5.70573 1.65400 
5.70573 1.65500 
5.70573 1.65600 
5.70573 1.65700 
5.70573 1.65800 
5.70573 1.65900 
5.70573 1.66000 
5.70573 1.66100 
5.70573 1.66200 
5.70573 1.66300 
5.70573 1.66400 
5.70573 1.66500 
5.70573 1.66600 
5.70573 1.66700 
5.70573 1.66800 
5.70573 1.66900 
5.70573 1.67000 
5.70573 1.67100 
5.70573 1.67200 
5.70573 1.67300 
5.70573 1.67400 
5.70573 1.67500 
5.70573 1.67600 
5.70573 1.67700 
5.70573 1.67800 
5.70573 1.67900 
5.70573 1.68000 
5.70573 1.68100 
5.70573 1.68200 
5.70573 1.68300 
5.70573 1.68400 
5.70573 1.68500 
5.70573 1.68600 
5.70573 1.68700 
5.70573 1.68800 
5.70573 1.68900 
5.70573 1.69000 
5.70573 1.69100 
5.70573 1.69200 
5.70573 1.69300 
5.70573 1.69400 
5.70573 1.69500 
5.70573 1.69600 
5.70573 1.69700 
5.70573 1.69800 
5.70573 1.69900 
5.70573 1.70000 
5.70573 1.70100 
5.70573 1.70200 
5.70573 1.70300 
5.70573 1.70400 
5.70573 1.70500 
5.70573 1.70600 
5.70573 1.70700 
5.70573 1.70800 
5.70573 1.70900 
5.70573 1.71000 
5.70573 1.71100 
5.70573 1.71200 
5.70573 1.71300 
5.70573 1.71400 
5.70573 1.71500 
5.70573 1.71600 
5.70573 1.71700 
5.70573 1.71800 
5.70573 1.71900 
5.70573 1.72000 
5.70573 1.72100 
5.70573 1.72200 
5.70573 1.72300 
5.70573 1.72400 
5.70573 1.72500 
5.70573 1.72600 
5.70573 1.72700 
5.70573 1.72800 
5.70573 1.72900 
5.70573 1.73000 
5.70573 1.73100 
5.70573 1.73200 
5.70573 1.73300 
5.70573 1.73400 
5.70573 1.73500 
5.70573 1.73600 
5.70573 1.73700 
5.70573 1.73800 
5.70573 1.73900 
5.70573 1.74000 
5.70573 1.74100 
5.70573 1.74200 
5.70573 1.74300 
5.70573 1.74400 
5.70573 1.74500 
5.70573 1.74600 
5.70573 1.74700 
5.70573 1.74800 
5.70573 1.74900 
5.70573 1.75000 
5.70573 1.75100 
5.70573 1.75200 
5.70573 1.75300 
5.70573 1.75400 
5.70573 1.75500 
5.70573 1.75600 
5.70573 1.75700 
5.70573 1.75800 
5.70573 1.75900 
5.70573 1.76000 
5.70573 1.76100 
5.70573 1.76200 
5.70573 1.76300 
5.70573 1.76400 
5.70573 1.76500 
5.70573 1.76600 
5.70573 1.76700 
5.70573 1.76800 
5.70573 1.76900 
5.70573 1.77000 
5.70573 1.77100 
5.70573 1.77200 
5.70573 1.77300 
5.70573 1.77400 
5.70573 1.77500 
5.70573 1.77600 
5.70573 1.77700 
5.70573 1.77800 
5.70573 1.77900 
5.70573 1.78000 
5.70573 1.78100 
5.70573 1.78200 
5.70573 1.78300 
5.70573 1.78400 
5.70573 1.78500 
5.70573 1.78600 
5.70573 1.78700 
5.70573 1.78800 
5.70573 1.78900 
5.70573 1.79000 
5.70573 1.79100 
5.70573 1.79200 
5.70573 1.79300 
5.70573 1.79400 
5.70573 1.79500 
5.70573 1.79600 
5.70573 1.79700 
5.70573 1.79800 
5.70573 1.79900 
5.70573 1.80000 
5.70573 1.80100 
5.70573 1.80200 
5.70573 1.80300 
5.70573 1.80400 
5.70573 1.80500 
5.70573 1.80600 
5.70573 1.80700 
5.70573 1.80800 
5.70573 1.80900 
5.70573 1.81000 
5.70573 1.81100 
5.70573 1.81200 
5.70573 1.81300 
5.70573 1.81400 
5.70573 1.81500 
5.70573 1.81600 
5.70573 1.81700 
5.70573 1.81800 
5.70573 1.81900 
5.70573 1.82000 
5.70573 1.82100 
5.70573 1.82200 
5.70573 1.82300 
5.70573 1.82400 
5.70573 1.82500 
5.70573 1.82600 
5.70573 1.82700 
5.70573 1.82800 
5.70573 1.82900 
5.70573 1.83000 
5.70573 1.83100 
5.70573 1.83200 
5.70573 1.83300 
5.70573 1.83400 
5.70573 1.83500 
5.70573 1.83600 
5.70573 1.83700 
5.70573 1.83800 
5.70573 1.83900 
5.70573 1.84000 
5.70573 1.84100 
5.70573 1.84200 
5.70573 1.84300 
5.70573 1.84400 
5.70573 1.84500 
5.70573 1.84600 
5.70573 1.84700 
5.70573 1.84800 
5.70573 1.84900 
5.70573 1.85000 
5.70573 1.85100 
5.70573 1.85200 
5.70573 1.85300 
5.70573 1.85400 
5.70573 1.85500 
5.70573 1.85600 
5.70573 1.85700 
5.70573 1.85800 
5.70573 1.85900 
5.70573 1.86000 
5.70573 1.86100 
5.70573 1.86200 
5.70573 1.86300 
5.70573 1.86400 
5.70573 1.86500 
5.70573 1.86600 
5.70573 1.86700 
5.70573 1.86800 
5.70573 1.86900 
5.70573 1.87000 
5.70573 1.87100 
5.70573 1.87200 
5.70573 1.87300 
5.70573 1.87400 
5.70573 1.87500 
5.70573 1.87600 
5.70573 1.87700 
5.70573 1.87800 
5.70573 1.87900 
5.70573 1.88000 
5.70573 1.88100 
5.70573 1.88200 
5.70573 1.88300 
5.70573 1.88400 
5.70573 1.88500 
5.70573 1.88600 
5.70573 1.88700 
5.70573 1.88800 
5.70573 1.88900 
5.70573 1.89000 
5.70573 1.89100 
5.70573 1.89200 
5.70573 1.89300 
5.70573 1.89400 
5.70573 1.89500 
5.70573 1.89600 
5.70573 1.89700 
5.70573 1.89800 
5.70573 1.89900 
5.70573 1.90000 
5.70573 1.90100 
5.70573 1.90200 
5.70573 1.90300 
5.70573 1.90400 
5.70573 1.90500 
5.70573 1.90600 
5.70573 1.90700 
5.70573 1.90800 
5.70573 1.90900 
5.70573 1.91000 
5.70573 1.91100 
5.70573 1.91200 
5.70573 1.91300 
5.70573 1.91400 
5.70573 1.91500 
5.70573 1.91600 
5.70573 1.91700 
5.70573 1.91800 
5.70573 1.91900 
5.70573 1.92000 
5.70573 1.92100 
5.70573 1.92200 
5.70573 1.92300 
5.70573 1.92400 
5.70573 1.92500 
5.70573 1.92600 
5.70573 1.92700 
5.70573 1.92800 
5.70573 1.92900 
5.70573 1.93000 
5.70573 1.93100 
5.70573 1.93200 
5.70573 1.93300 
5.70573 1.93400 
5.70573 1.93500 
5.70573 1.93600 
5.70573 1.93700 
5.70573 1.93800 
5.70573 1.93900 
5.70573 1.94000 
5.70573 1.94100 
5.70573 1.94200 
5.70573 1.94300 
5.70573 1.94400 
5.70573 1.94500 
5.70573 1.94600 
5.70573 1.94700 
5.70573 1.94800 
5.70573 1.94900 
5.70573 1.95000 
5.70573 1.95100 
5.70573 1.95200 
5.70573 1.95300 
5.70573 1.95400 
5.70573 1.95500 
5.70573 1.95600 
5.70573 1.95700 
5.70573 1.95800 
5.70573 1.95900 
5.70573 1.96000 
5.70573 1.96100 
5.70573 1.96200 
5.70573 1.96300 
5.70573 1.96400 
5.70573 1.96500 
5.70573 1.96600 
5.70573 1.96700 
5.70573 1.96800 
5.70573 1.96900 
5.70573 1.97000 
5.70573 1.97100 
5.70573 1.97200 
5.70573 1.97300 
5.70573 1.97400 
5.70573 1.97500 
5.70573 1.97600 
5.70573 1.97700 
5.70573 1.97800 
5.70573 1.97900 
5.70573 1.98000 
5.70573 1.98100 
5.70573 1.98200 
5.70573 1.98300 
5.70573 1.98400 
5.70573 1.98500 
5.70573 1.98600 
5.70573 1.98700 
5.70573 1.98800 
5.70573 1.98900 
5.70573 1.99000 
5.70573 1.99100 
5.70573 1.99200 
5.70573 1.99300 
5.70573 1.99400 
5.70573 1.99500 
5.70573 1.99600 
5.70573 1.99700 
5.70573 1.99800 
5.70573 1.99900 
5.70573 2.00000 
5.70573 2.00100 
5.70573 2.00200 
5.70573 2.00300 
5.70573 2.00400 
5.70573 2.00500 
5.70573 2.00600 
5.70573 2.00700 
5.70573 2.00800 
5.70573 2.00900 
5.70573 2.01000 
5.70573 2.01100 
5.70573 2.01200 
5.70573 2.01300 
5.70573 2.01400 
5.70573 2.01500 
5.70573 2.01600 
5.70573 2.01700 
5.70573 2.01800 
5.70573 2.01900 
5.70573 2.02000 
5.70573 2.02100 
5.70573 2.02200 
5.70573 2.02300 
5.70573 2.02400 
5.70573 2.02500 
5.70573 2.02600 
5.70573 2.02700 
5.70573 2.02800 
5.70573 2.02900 
5.70573 2.03000 
5.70573 2.03100 
5.70573 2.03200 
5.70573 2.03300 
5.70573 2.03400 
5.70573 2.03500 
5.70573 2.03600 
5.70573 2.03700 
5.70573 2.03800 
5.70573 2.03900 
5.70573 2.04000 
5.70573 2.04100 
5.70573 2.04200 
5.70573 2.04300 
5.70573 2.04400 
5.70573 2.04500 
5.70573 2.04600 
5.70573 2.04700 
5.70573 2.04800 
5.70573 2.04900 
5.70573 2.05000 
5.70573 2.05100 
5.70573 2.05200 
5.70573 2.05300 
5.70573 2.05400 
5.70573 2.05500 
5.70573 2.05600 
5.70573 2.05700 
5.70573 2.05800 
5.70573 2.05900 
5.70573 2.06000 
5.70573 2.06100 
5.70573 2.06200 
5.70573 2.06300 
5.70573 2.06400 
5.70573 2.06500 
5.70573 2.06600 
5.70573 2.06700 
5.70573 2.06800 
5.70573 2.06900 
5.70573 2.07000 
5.70573 2.07100 
5.70573 2.07200 
5.70573 2.07300 
5.70573 2.07400 
5.70573 2.07500 
5.70573 2.07600 
5.70573 2.07700 
5.70573 2.07800 
5.70573 2.07900 
5.70573 2.08000 
5.70573 2.08100 
5.70573 2.08200 
5.70573 2.08300 
5.70573 2.08400 
5.70573 2.08500 
5.70573 2.08600 
5.70573 2.08700 
5.70573 2.08800 
5.70573 2.08900 
5.70573 2.09000 
5.70573 2.09100 
5.70573 2.09200 
5.70573 2.09300 
5.70573 2.09400 
5.70573 2.09500 
5.70573 2.09600 
5.70573 2.09700 
5.70573 2.09800 
5.70573 2.09900 
5.70573 2.10000 
5.70573 2.10100 
5.70573 2.10200 
5.70573 2.10300 
5.70573 2.10400 
5.70573 2.10500 
5.70573 2.10600 
5.70573 2.10700 
5.70573 2.10800 
5.70573 2.10900 
5.70573 2.11000 
5.70573 2.11100 
5.70573 2.11200 
5.70573 2.11300 
5.70573 2.11400 
5.70573 2.11500 
5.70573 2.11600 
5.70573 2.11700 
5.70573 2.11800 
5.70573 2.11900 
5.70573 2.12000 
5.70573 2.12100 
5.70573 2.12200 
5.70573 2.12300 
5.70573 2.12400 
5.70573 2.12500 
5.70573 2.12600 
5.70573 2.12700 
5.70573 2.12800 
5.70573 2.12900 
5.70573 2.13000 
5.70573 2.13100 
5.70573 2.13200 
5.70573 2.13300 
5.70573 2.13400 
5.70573 2.13500 
5.70573 2.13600 
5.70573 2.13700 
5.70573 2.13800 
5.70573 2.13900 
5.70573 2.14000 
5.70573 2.14100 
5.70573 2.14200 
5.70573 2.14300 
5.70573 2.14400 
5.70573 2.14500 
5.70573 2.14600 
5.70573 2.14700 
5.70573 2.14800 
5.70573 2.14900 
5.70573 2.15000 
5.70573 2.15100 
5.70573 2.15200 
5.70573 2.15300 
5.70573 2.15400 
5.70573 2.15500 
5.70573 2.15600 
5.70573 2.15700 
5.70573 2.15800 
5.70573 2.15900 
5.70573 2.16000 
5.70573 2.16100 
5.70573 2.16200 
5.70573 2.16300 
5.70573 2.16400 
5.70573 2.16500 
5.70573 2.16600 
5.70573 2.16700 
5.70573 2.16800 
5.70573 2.16900 
5.70573 2.17000 
5.70573 2.17100 
5.70573 2.17200 
5.70573 2.17300 
5.70573 2.17400 
5.70573 2.17500 
5.70573 2.17600 
5.70573 2.17700 
5.70573 2.17800 
5.70573 2.17900 
5.70573 2.18000 
5.70573 2.18100 
5.70573 2.18200 
5.70573 2.18300 
5.70573 2.18400 
5.70573 2.18500 
5.70573 2.18600 
5.70573 2.18700 
5.70573 2.18800 
5.70573 2.18900 
5.70573 2.19000 
5.70573 2.19100 
5.70573 2.19200 
5.70573 2.19300 
5.70573 2.19400 
5.70573 2.19500 
5.70573 2.19600 
5.70573 2.19700 
5.70573 2.19800 
5.70573 2.19900 
5.70573 2.20000 
5.70573 2.20100 
5.70573 2.20200 
5.70573 2.20300 
5.70573 2.20400 
5.70573 2.20500 
5.70573 2.20600 
5.70573 2.20700 
5.70573 2.20800 
5.70573 2.20900 
5.70573 2.21000 
5.70573 2.21100 
5.70573 2.21200 
5.70573 2.21300 
5.70573 2.21400 
5.70573 2.21500 
5.70573 2.21600 
5.70573 2.21700 
5.70573 2.21800 
5.70573 2.21900 
5.70573 2.22000 
5.70573 2.22100 
5.70573 2.22200 
5.70573 2.22300 
5.70573 2.22400 
5.70573 2.22500 
5.70573 2.22600 
5.70573 2.22700 
5.70573 2.22800 
5.70573 2.22900 
5.70573 2.23000 
5.70573 2.23100 
5.70573 2.23200 
5.70573 2.23300 
5.70573 2.23400 
5.70573 2.23500 
5.70573 2.23600 
5.70573 2.23700 
5.70573 2.23800 
5.70573 2.23900 
5.70573 2.24000 
5.70573 2.24100 
5.70573 2.24200 
5.70573 2.24300 
5.70573 2.24400 
5.70573 2.24500 
5.70573 2.24600 
5.70573 2.24700 
5.70573 2.24800 
5.70573 2.24900 
5.70573 2.25000 
5.70573 2.25100 
5.70573 2.25200 
5.70573 2.25300 
5.70573 2.25400 
5.70573 2.25500 
5.70573 2.25600 
5.70573 2.25700 
5.70573 2.25800 
5.70573 2.25900 
5.70573 2.26000 
5.70573 2.26100 
5.70573 2.26200 
5.70573 2.26300 
5.70573 2.26400 
5.70573 2.26500 
5.70573 2.26600 
5.70573 2.26700 
5.70573 2.26800 
5.70573 2.26900 
5.70573 2.27000 
5.70573 2.27100 
5.70573 2.27200 
5.70573 2.27300 
5.70573 2.27400 
5.70573 2.27500 
5.70573 2.27600 
5.70573 2.27700 
5.70573 2.27800 
5.70573 2.27900 
5.70573 2.28000 
5.70573 2.28100 
5.70573 2.28200 
5.70573 2.28300 
5.70573 2.28400 
5.70573 2.28500 
5.70573 2.28600 
5.70573 2.28700 
5.70573 2.28800 
5.70573 2.28900 
5.70573 2.29000 
5.70573 2.29100 
5.70573 2.29200 
5.70573 2.29300 
5.70573 2.29400 
5.70573 2.29500 
5.70573 2.29600 
5.70573 2.29700 
5.70573 2.29800 
5.70573 2.29900 
5.70573 2.30000 
5.70573 2.30100 
5.70573 2.30200 
5.70573 2.30300 
5.70573 2.30400 
5.70573 2.30500 
5.70573 2.30600 
5.70573 2.30700 
5.70573 2.30800 
5.70573 2.30900 
5.70573 2.31000 
5.70573 2.31100 
5.70573 2.31200 
5.70573 2.31300 
5.70573 2.31400 
5.70573 2.31500 
5.70573 2.31600 
5.70573 2.31700 
5.70573 2.31800 
5.70573 2.31900 
5.70573 2.32000 
5.70573 2.32100 
5.70573 2.32200 
5.70573 2.32300 
5.70573 2.32400 
5.70573 2.32500 
5.70573 2.32600 
5.70573 2.32700 
5.70573 2.32800 
5.70573 2.32900 
5.70573 2.33000 
5.70573 2.33100 
5.70573 2.33200 
5.70573 2.33300 
5.70573 2.33400 
5.70573 2.33500 
5.70573 2.33600 
5.70573 2.33700 
5.70573 2.33800 
5.70573 2.33900 
5.70573 2.34000 
5.70573 2.34100 
5.70573 2.34200 
5.70573 2.34300 
5.70573 2.34400 
5.70573 2.34500 
5.70573 2.34600 
5.70573 2.34700 
5.70573 2.34800 
5.70573 2.34900 
5.70573 2.35000 
5.70573 2.35100 
5.70573 2.35200 
5.70573 2.35300 
5.70573 2.35400 
5.70573 2.35500 
5.70573 2.35600 
5.70573 2.35700 
5.70573 2.35800 
5.70573 2.35900 
5.70573 2.36000 
5.70573 2.36100 
5.70573 2.36200 
5.70573 2.36300 
5.70573 2.36400 
5.70573 2.36500 
5.70573 2.36600 
5.70573 2.36700 
5.70573 2.36800 
5.70573 2.36900 
5.70573 2.37000 
5.70573 2.37100 
5.70573 2.37200 
5.70573 2.37300 
5.70573 2.37400 
5.70573 2.37500 
5.70573 2.37600 
5.70573 2.37700 
5.70573 2.37800 
5.70573 2.37900 
5.70573 2.38000 
5.70573 2.38100 
5.70573 2.38200 
5.70573 2.38300 
5.70573 2.38400 
5.70573 2.38500 
5.70573 2.38600 
5.70573 2.38700 
5.70573 2.38800 
5.70573 2.38900 
5.70573 2.39000 
5.70573 2.39100 
5.70573 2.39200 
5.70573 2.39300 
5.70573 2.39400 
5.70573 2.39500 
5.70573 2.39600 
5.70573 2.39700 
5.70573 2.39800 
5.70573 2.39900 
5.70573 2.40000 
5.70573 2.40100 
5.70573 2.40200 
5.70573 2.40300 
5.70573 2.40400 
5.70573 2.40500 
5.70573 2.40600 
5.70573 2.40700 
5.70573 2.40800 
5.70573 2.40900 
5.70573 2.41000 
5.70573 2.41100 
5.70573 2.41200 
5.70573 2.41300 
5.70573 2.41400 
5.70573 2.41500 
5.70573 2.41600 
5.70573 2.41700 
5.70573 2.41800 
5.70573 2.41900 
5.70573 2.42000 
5.70573 2.42100 
5.70573 2.42200 
5.70573 2.42300 
5.70573 2.42400 
5.70573 2.42500 
5.70573 2.42600 
5.70573 2.42700 
5.70573 2.42800 
5.70573 2.42900 
5.70573 2.43000 
5.70573 2.43100 
5.70573 2.43200 
5.70573 2.43300 
5.70573 2.43400 
5.70573 2.43500 
5.70573 2.43600 
5.70573 2.43700 
5.70573 2.43800 
5.70573 2.43900 
5.70573 2.44000 
5.70573 2.44100 
5.70573 2.44200 
5.70573 2.44300 
5.70573 2.44400 
5.70573 2.44500 
5.70573 2.44600 
5.70573 2.44700 
5.70573 2.44800 
5.70573 2.44900 
5.70573 2.45000 
5.70573 2.45100 
5.70573 2.45200 
5.70573 2.45300 
5.70573 2.45400 
5.70573 2.45500 
5.70573 2.45600 
5.70573 2.45700 
5.70573 2.45800 
5.70573 2.45900 
5.70573 2.46000 
5.70573 2.46100 
5.70573 2.46200 
5.70573 2.46300 
5.70573 2.46400 
5.70573 2.46500 
5.70573 2.46600 
5.70573 2.46700 
5.70573 2.46800 
5.70573 2.46900 
5.70573 2.47000 
5.70573 2.47100 
5.70573 2.47200 
5.70573 2.47300 
5.70573 2.47400 
5.70573 2.47500 
5.70573 2.47600 
5.70573 2.47700 
5.70573 2.47800 
5.70573 2.47900 
5.70573 2.48000 
5.70573 2.48100 
5.70573 2.48200 
5.70573 2.48300 
5.70573 2.48400 
5.70573 2.48500 
5.70573 2.48600 
5.70573 2.48700 
5.70573 2.48800 
5.70573 2.48900 
5.70573 2.49000 
5.70573 2.49100 
5.70573 2.49200 
5.70573 2.49300 
5.70573 2.49400 
5.70573 2.49500 
5.70573 2.49600 
5.70573 2.49700 
5.70573 2.49800 
5.70573 2.49900 
5.70573 2.50000 
5.70573 2.50100 
5.70573 2.50200 
5.70573 2.50300 
5.70573 2.50400 
5.70573 2.50500 
5.70573 2.50600 
5.70573 2.50700 
5.70573 2.50800 
5.70573 2.50900 
5.70573 2.51000 
5.70573 2.51100 
5.70573 2.51200 
5.70573 2.51300 
5.70573 2.51400 
5.70573 2.51500 
5.70573 2.51600 
5.70573 2.51700 
5.70573 2.51800 
5.70573 2.51900 
5.70573 2.52000 
5.70573 2.52100 
5.70573 2.52200 
5.70573 2.52300 
5.70573 2.52400 
5.70573 2.52500 
5.70573 2.52600 
5.70573 2.52700 
5.70573 2.52800 
5.70573 2.52900 
5.70573 2.53000 
5.70573 2.53100 
5.70573 2.53200 
5.70573 2.53300 
5.70573 2.53400 
5.70573 2.53500 
5.70573 2.53600 
5.70573 2.53700 
5.70573 2.53800 
5.70573 2.53900 
5.70573 2.54000 
5.70573 2.54100 
5.70573 2.54200 
5.70573 2.54300 
5.70573 2.54400 
5.70573 2.54500 
5.70573 2.54600 
5.70573 2.54700 
5.70573 2.54800 
5.70573 2.54900 
5.70573 2.55000 
5.70573 2.55100 
5.70573 2.55200 
5.70573 2.55300 
5.70573 2.55400 
5.70573 2.55500 
5.70573 2.55600 
5.70573 2.55700 
5.70573 2.55800 
5.70573 2.55900 
5.70573 2.56000 
5.70573 2.56100 
5.70573 2.56200 
5.70573 2.56300 
5.70573 2.56400 
5.70573 2.56500 
5.70573 2.56600 
5.70573 2.56700 
5.70573 2.56800 
5.70573 2.56900 
5.70573 2.57000 
5.70573 2.57100 
5.70573 2.57200 
5.70573 2.57300 
5.70573 2.57400 
5.70573 2.57500 
5.70573 2.57600 
5.70573 2.57700 
5.70573 2.57800 
5.70573 2.57900 
5.70573 2.58000 
5.70573 2.58100 
5.70573 2.58200 
5.70573 2.58300 
5.70573 2.58400 
5.70573 2.58500 
5.70573 2.58600 
5.70573 2.58700 
5.70573 2.58800 
5.70573 2.58900 
5.70573 2.59000 
5.70573 2.59100 
5.70573 2.59200 
5.70573 2.59300 
5.70573 2.59400 
5.70573 2.59500 
5.70573 2.59600 
5.70573 2.59700 
5.70573 2.59800 
5.70573 2.59900 
5.70573 2.60000 
5.70573 2.60100 
5.70573 2.60200 
5.70573 2.60300 
5.70573 2.60400 
5.70573 2.60500 
5.70573 2.60600 
5.70573 2.60700 
5.70573 2.60800 
5.70573 2.60900 
5.70573 2.61000 
5.70573 2.61100 
5.70573 2.61200 
5.70573 2.61300 
5.70573 2.61400 
5.70573 2.61500 
5.70573 2.61600 
5.70573 2.61700 
5.70573 2.61800 
5.70573 2.61900 
5.70573 2.62000 
5.70573 2.62100 
5.70573 2.62200 
5.70573 2.62300 
5.70573 2.62400 
5.70573 2.62500 
5.70573 2.62600 
5.70573 2.62700 
5.70573 2.62800 
5.70573 2.62900 
5.70573 2.63000 
5.70573 2.63100 
5.70573 2.63200 
5.70573 2.63300 
5.70573 2.63400 
5.70573 2.63500 
5.70573 2.63600 
5.70573 2.63700 
5.70573 2.63800 
5.70573 2.63900 
5.70573 2.64000 
5.70573 2.64100 
5.70573 2.64200 
5.70573 2.64300 
5.70573 2.64400 
5.70573 2.64500 
5.70573 2.64600 
5.70573 2.64700 
5.70573 2.64800 
5.70573 2.64900 
5.70573 2.65000 
5.70573 2.65100 
5.70573 2.65200 
5.70573 2.65300 
5.70573 2.65400 
5.70573 2.65500 
5.70573 2.65600 
5.70573 2.65700 
5.70573 2.65800 
5.70573 2.65900 
5.70573 2.66000 
5.70573 2.66100 
5.70573 2.66200 
5.70573 2.66300 
5.70573 2.66400 
5.70573 2.66500 
5.70573 2.66600 
5.70573 2.66700 
5.70573 2.66800 
5.70573 2.66900 
5.70573 2.67000 
5.70573 2.67100 
5.70573 2.67200 
5.70573 2.67300 
5.70573 2.67400 
5.70573 2.67500 
5.70573 2.67600 
5.70573 2.67700 
5.70573 2.67800 
5.70573 2.67900 
5.70573 2.68000 
5.70573 2.68100 
5.70573 2.68200 
5.70573 2.68300 
5.70573 2.68400 
5.70573 2.68500 
5.70573 2.68600 
5.70573 2.68700 
5.70573 2.68800 
5.70573 2.68900 
5.70573 2.69000 
5.70573 2.69100 
5.70573 2.69200 
5.70573 2.69300 
5.70573 2.69400 
5.70573 2.69500 
5.70573 2.69600 
5.70573 2.69700 
5.70573 2.69800 
5.70573 2.69900 
5.70573 2.70000 
5.70573 2.70100 
5.70573 2.70200 
5.70573 2.70300 
5.70573 2.70400 
5.70573 2.70500 
5.70573 2.70600 
5.70573 2.70700 
5.70573 2.70800 
5.70573 2.70900 
5.70573 2.71000 
5.70573 2.71100 
5.70573 2.71200 
5.70573 2.71300 
5.70573 2.71400 
5.70573 2.71500 
5.70573 2.71600 
5.70573 2.71700 
5.70573 2.71800 
5.70573 2.71900 
5.70573 2.72000 
5.70573 2.72100 
5.70573 2.72200 
5.70573 2.72300 
5.70573 2.72400 
5.70573 2.72500 
5.70573 2.72600 
5.70573 2.72700 
5.70573 2.72800 
5.70573 2.72900 
5.70573 2.73000 
5.70573 2.73100 
5.70573 2.73200 
5.70573 2.73300 
5.70573 2.73400 
5.70573 2.73500 
5.70573 2.73600 
5.70573 2.73700 
5.70573 2.73800 
5.70573 2.73900 
5.70573 2.74000 
5.70573 2.74100 
5.70573 2.74200 
5.70573 2.74300 
5.70573 2.74400 
5.70573 2.74500 
5.70573 2.74600 
5.70573 2.74700 
5.70573 2.74800 
5.70573 2.74900 
5.70573 2.75000 
5.70573 2.75100 
5.70573 2.75200 
5.70573 2.75300 
5.70573 2.75400 
5.70573 2.75500 
5.70573 2.75600 
5.70573 2.75700 
5.70573 2.75800 
5.70573 2.75900 
5.70573 2.76000 
5.70573 2.76100 
5.70573 2.76200 
5.70573 2.76300 
5.70573 2.76400 
5.70573 2.76500 
5.70573 2.76600 
5.70573 2.76700 
5.70573 2.76800 
5.70573 2.76900 
5.70573 2.77000 
5.70573 2.77100 
5.70573 2.77200 
5.70573 2.77300 
5.70573 2.77400 
5.70573 2.77500 
5.70573 2.77600 
5.70573 2.77700 
5.70573 2.77800 
5.70573 2.77900 
5.70573 2.78000 
5.70573 2.78100 
5.70573 2.78200 
5.70573 2.78300 
5.70573 2.78400 
5.70573 2.78500 
5.70573 2.78600 
5.70573 2.78700 
5.70573 2.78800 
5.70573 2.78900 
5.70573 2.79000 
5.70573 2.79100 
5.70573 2.79200 
5.70573 2.79300 
5.70573 2.79400 
5.70573 2.79500 
5.70573 2.79600 
5.70573 2.79700 
5.70573 2.79800 
5.70573 2.79900 
5.70573 2.80000 
5.70573 2.80100 
5.70573 2.80200 
5.70573 2.80300 
5.70573 2.80400 
5.70573 2.80500 
5.70573 2.80600 
5.70573 2.80700 
5.70573 2.80800 
5.70573 2.80900 
5.70573 2.81000 
5.70573 2.81100 
5.70573 2.81200 
5.70573 2.81300 
5.70573 2.81400 
5.70573 2.81500 
5.70573 2.81600 
5.70573 2.81700 
5.70573 2.81800 
5.70573 2.81900 
5.70573 2.82000 
5.70573 2.82100 
5.70573 2.82200 
5.70573 2.82300 
5.70573 2.82400 
5.70573 2.82500 
5.70573 2.82600 
5.70573 2.82700 
5.70573 2.82800 
5.70573 2.82900 
5.70573 2.83000 
5.70573 2.83100 
5.70573 2.83200 
5.70573 2.83300 
5.70573 2.83400 
5.70573 2.83500 
5.70573 2.83600 
5.70573 2.83700 
5.70573 2.83800 
5.70573 2.83900 
5.70573 2.84000 
5.70573 2.84100 
5.70573 2.84200 
5.70573 2.84300 
5.70573 2.84400 
5.70573 2.84500 
5.70573 2.84600 
5.70573 2.84700 
5.70573 2.84800 
5.70573 2.84900 
5.70573 2.85000 
5.70573 2.85100 
5.70573 2.85200 
5.70573 2.85300 
5.70573 2.85400 
5.70573 2.85500 
5.70573 2.85600 
5.70573 2.85700 
5.70573 2.85800 
5.70573 2.85900 
5.70573 2.86000 
5.70573 2.86100 
5.70573 2.86200 
5.70573 2.86300 
5.70573 2.86400 
5.70573 2.86500 
5.70573 2.86600 
5.70573 2.86700 
5.70573 2.86800 
5.70573 2.86900 
5.70573 2.87000 
5.70573 2.87100 
5.70573 2.87200 
5.70573 2.87300 
5.70573 2.87400 
5.70573 2.87500 
5.70573 2.87600 
5.70573 2.87700 
5.70573 2.87800 
5.70573 2.87900 
5.70573 2.88000 
5.70573 2.88100 
5.70573 2.88200 
5.70573 2.88300 
5.70573 2.88400 
5.70573 2.88500 
5.70573 2.88600 
5.70573 2.88700 
5.70573 2.88800 
5.70573 2.88900 
5.70573 2.89000 
5.70573 2.89100 
5.70573 2.89200 
5.70573 2.89300 
5.70573 2.89400 
5.70573 2.89500 
5.70573 2.89600 
5.70573 2.89700 
5.70573 2.89800 
5.70573 2.89900 
5.70573 2.90000 
5.70573 2.90100 
5.70573 2.90200 
5.70573 2.90300 
5.70573 2.90400 
5.70573 2.90500 
5.70573 2.90600 
5.70573 2.90700 
5.70573 2.90800 
5.70573 2.90900 
5.70573 2.91000 
5.70573 2.91100 
5.70573 2.91200 
5.70573 2.91300 
5.70573 2.91400 
5.70573 2.91500 
5.70573 2.91600 
5.70573 2.91700 
5.70573 2.91800 
5.70573 2.91900 
5.70573 2.92000 
5.70573 2.92100 
5.70573 2.92200 
5.70573 2.92300 
5.70573 2.92400 
5.70573 2.92500 
5.70573 2.92600 
5.70573 2.92700 
5.70573 2.92800 
5.70573 2.92900 
5.70573 2.93000 
5.70573 2.93100 
5.70573 2.93200 
5.70573 2.93300 
5.70573 2.93400 
5.70573 2.93500 
5.70573 2.93600 
5.70573 2.93700 
5.70573 2.93800 
5.70573 2.93900 
5.70573 2.94000 
5.70573 2.94100 
5.70573 2.94200 
5.70573 2.94300 
5.70573 2.94400 
5.70573 2.94500 
5.70573 2.94600 
5.70573 2.94700 
5.70573 2.94800 
5.70573 2.94900 
5.70573 2.95000 
5.70573 2.95100 
5.70573 2.95200 
5.70573 2.95300 
5.70573 2.95400 
5.70573 2.95500 
5.70573 2.95600 
5.70573 2.95700 
5.70573 2.95800 
5.70573 2.95900 
5.70573 2.96000 
5.70573 2.96100 
5.70573 2.96200 
5.70573 2.96300 
5.70573 2.96400 
5.70573 2.96500 
5.70573 2.96600 
5.70573 2.96700 
5.70573 2.96800 
5.70573 2.96900 
5.70573 2.97000 
5.70573 2.97100 
5.70573 2.97200 
5.70573 2.97300 
5.70573 2.97400 
5.70573 2.97500 
5.70573 2.97600 
5.70573 2.97700 
5.70573 2.97800 
5.70573 2.97900 
5.70573 2.98000 
5.70573 2.98100 
5.70573 2.98200 
5.70573 2.98300 
5.70573 2.98400 
5.70573 2.98500 
5.70573 2.98600 
5.70573 2.98700 
5.70573 2.98800 
5.70573 2.98900 
5.70573 2.99000 
5.70573 2.99100 
5.70573 2.99200 
5.70573 2.99300 
5.70573 2.99400 
5.70573 2.99500 
5.70573 2.99600 
5.70573 2.99700 
5.70573 2.99800 
5.70573 2.99900 
5.70573 3.00000 
5.70573 3.00100 
5.70573 3.00200 
5.70573 3.00300 
5.70573 3.00400 
5.70573 3.00500 
5.70573 3.00600 
5.70573 3.00700 
5.70573 3.00800 
5.70573 3.00900 
5.70573 3.01000 
5.70573 3.01100 
5.70573 3.01200 
5.70573 3.01300 
5.70573 3.01400 
5.70573 3.01500 
5.70573 3.01600 
5.70573 3.01700 
5.70573 3.01800 
5.70573 3.01900 
5.70573 3.02000 
5.70573 3.02100 
5.70573 3.02200 
5.70573 3.02300 
5.70573 3.02400 
5.70573 3.02500 
5.70573 3.02600 
5.70573 3.02700 
5.70573 3.02800 
5.70573 3.02900 
5.70573 3.03000 
5.70573 3.03100 
5.70573 3.03200 
5.70573 3.03300 
5.70573 3.03400 
5.70573 3.03500 
5.70573 3.03600 
5.70573 3.03700 
5.70573 3.03800 
5.70573 3.03900 
5.70573 3.04000 
5.70573 3.04100 
5.70573 3.04200 
5.70573 3.04300 
5.70573 3.04400 
5.70573 3.04500 
5.70573 3.04600 
5.70573 3.04700 
5.70573 3.04800 
5.70573 3.04900 
5.70573 3.05000 
5.70573 3.05100 
5.70573 3.05200 
5.70573 3.05300 
5.70573 3.05400 
5.70573 3.05500 
5.70573 3.05600 
5.70573 3.05700 
5.70573 3.05800 
5.70573 3.05900 
5.70573 3.06000 
5.70573 3.06100 
5.70573 3.06200 
5.70573 3.06300 
5.70573 3.06400 
5.70573 3.06500 
5.70573 3.06600 
5.70573 3.06700 
5.70573 3.06800 
5.70573 3.06900 
5.70573 3.07000 
5.70573 3.07100 
5.70573 3.07200 
5.70573 3.07300 
5.70573 3.07400 
5.70573 3.07500 
5.70573 3.07600 
5.70573 3.07700 
5.70573 3.07800 
5.70573 3.07900 
5.70573 3.08000 
5.70573 3.08100 
5.70573 3.08200 
5.70573 3.08300 
5.70573 3.08400 
5.70573 3.08500 
5.70573 3.08600 
5.70573 3.08700 
5.70573 3.08800 
5.70573 3.08900 
5.70573 3.09000 
5.70573 3.09100 
5.70573 3.09200 
5.70573 3.09300 
5.70573 3.09400 
5.70573 3.09500 
5.70573 3.09600 
5.70573 3.09700 
5.70573 3.09800 
5.70573 3.09900 
5.70573 3.10000 
5.70573 3.10100 
5.70573 3.10200 
5.70573 3.10300 
5.70573 3.10400 
5.70573 3.10500 
5.70573 3.10600 
5.70573 3.10700 
5.70573 3.10800 
5.70573 3.10900 
5.70573 3.11000 
5.70573 3.11100 
5.70573 3.11200 
5.70573 3.11300 
5.70573 3.11400 
5.70573 3.11500 
5.70573 3.11600 
5.70573 3.11700 
5.70573 3.11800 
5.70573 3.11900 
5.70573 3.12000 
5.70573 3.12100 
5.70573 3.12200 
5.70573 3.12300 
5.70573 3.12400 
5.70573 3.12500 
5.70573 3.12600 
5.70573 3.12700 
5.70573 3.12800 
5.70573 3.12900 
5.70573 3.13000 
5.70573 3.13100 
5.70573 3.13200 
5.70573 3.13300 
5.70573 3.13400 
5.70573 3.13500 
5.70573 3.13600 
5.70573 3.13700 
5.70573 3.13800 
5.70573 3.13900 
5.70573 3.14000 
5.70573 3.14100 
5.70573 3.14200 
5.70573 3.14300 
5.70573 3.14400 
5.70573 3.14500 
5.70573 3.14600 
5.70573 3.14700 
5.70573 3.14800 
5.70573 3.14900 
5.70573 3.15000 
5.70573 3.15100 
5.70573 3.15200 
5.70573 3.15300 
5.70573 3.15400 
5.70573 3.15500 
5.70573 3.15600 
5.70573 3.15700 
5.70573 3.15800 
5.70573 3.15900 
5.70573 3.16000 
5.70573 3.16100 
5.70573 3.16200 
5.70573 3.16300 
5.70573 3.16400 
5.70573 3.16500 
5.70573 3.16600 
5.70573 3.16700 
5.70573 3.16800 
5.70573 3.16900 
5.70573 3.17000 
5.70573 3.17100 
5.70573 3.17200 
5.70573 3.17300 
5.70573 3.17400 
5.70573 3.17500 
5.70573 3.17600 
5.70573 3.17700 
5.70573 3.17800 
5.70573 3.17900 
5.70573 3.18000 
5.70573 3.18100 
5.70573 3.18200 
5.70573 3.18300 
5.70573 3.18400 
5.70573 3.18500 
5.70573 3.18600 
5.70573 3.18700 
5.70573 3.18800 
5.70573 3.18900 
5.70573 3.19000 
5.70573 3.19100 
5.70573 3.19200 
5.70573 3.19300 
5.70573 3.19400 
5.70573 3.19500 
5.70573 3.19600 
5.70573 3.19700 
5.70573 3.19800 
5.70573 3.19900 
5.70573 3.20000 
5.70573 3.20100 
5.70573 3.20200 
5.70573 3.20300 
5.70573 3.20400 
5.70573 3.20500 
5.70573 3.20600 
5.70573 3.20700 
5.70573 3.20800 
5.70573 3.20900 
5.70573 3.21000 
5.70573 3.21100 
5.70573 3.21200 
5.70573 3.21300 
5.70573 3.21400 
5.70573 3.21500 
5.70573 3.21600 
5.70573 3.21700 
5.70573 3.21800 
5.70573 3.21900 
5.70573 3.22000 
5.70573 3.22100 
5.70573 3.22200 
5.70573 3.22300 
5.70573 3.22400 
5.70573 3.22500 
5.70573 3.22600 
5.70573 3.22700 
5.70573 3.22800 
5.70573 3.22900 
5.70573 3.23000 
5.70573 3.23100 
5.70573 3.23200 
5.70573 3.23300 
5.70573 3.23400 
5.70573 3.23500 
5.70573 3.23600 
5.70573 3.23700 
5.70573 3.23800 
5.70573 3.23900 
5.70573 3.24000 
5.70573 3.24100 
5.70573 3.24200 
5.70573 3.24300 
5.70573 3.24400 
5.70573 3.24500 
5.70573 3.24600 
5.70573 3.24700 
5.70573 3.24800 
5.70573 3.24900 
5.70573 3.25000 
5.70573 3.25100 
5.70573 3.25200 
5.70573 3.25300 
5.70573 3.25400 
5.70573 3.25500 
5.70573 3.25600 
5.70573 3.25700 
5.70573 3.25800 
5.70573 3.25900 
5.70573 3.26000 
5.70573 3.26100 
5.70573 3.26200 
5.70573 3.26300 
5.70573 3.26400 
5.70573 3.26500 
5.70573 3.26600 
5.70573 3.26700 
5.70573 3.26800 
5.70573 3.26900 
5.70573 3.27000 
5.70573 3.27100 
5.70573 3.27200 
5.70573 3.27300 
5.70573 3.27400 
5.70573 3.27500 
5.70573 3.27600 
5.70573 3.27700 
5.70573 3.27800 
5.70573 3.27900 
5.70573 3.28000 
5.70573 3.28100 
5.70573 3.28200 
5.70573 3.28300 
5.70573 3.28400 
5.70573 3.28500 
5.70573 3.28600 
5.70573 3.28700 
5.70573 3.28800 
5.70573 3.28900 
5.70573 3.29000 
5.70573 3.29100 
5.70573 3.29200 
5.70573 3.29300 
5.70573 3.29400 
5.70573 3.29500 
5.70573 3.29600 
5.70573 3.29700 
5.70573 3.29800 
5.70573 3.29900 
5.70573 3.30000 
5.70573 3.30100 
5.70573 3.30200 
5.70573 3.30300 
5.70573 3.30400 
5.70573 3.30500 
5.70573 3.30600 
5.70573 3.30700 
5.70573 3.30800 
5.70573 3.30900 
5.70573 3.31000 
5.70573 3.31100 
5.70573 3.31200 
5.70573 3.31300 
5.70573 3.31400 
5.70573 3.31500 
5.70573 3.31600 
5.70573 3.31700 
5.70573 3.31800 
5.70573 3.31900 
5.70573 3.32000 
5.70573 3.32100 
5.70573 3.32200 
5.70573 3.32300 
5.70573 3.32400 
5.70573 3.32500 
5.70573 3.32600 
5.70573 3.32700 
5.70573 3.32800 
5.70573 3.32900 
5.70573 3.33000 
5.70573 3.33100 
5.70573 3.33200 
5.70573 3.33300 
5.70573 3.33400 
5.70573 3.33500 
5.70573 3.33600 
5.70573 3.33700 
5.70573 3.33800 
5.70573 3.33900 
5.70573 3.34000 
5.70573 3.34100 
5.70573 3.34200 
5.70573 3.34300 
5.70573 3.34400 
5.70573 3.34500 
5.70573 3.34600 
5.70573 3.34700 
5.70573 3.34800 
5.70573 3.34900 
5.70573 3.35000 
5.70573 3.35100 
5.70573 3.35200 
5.70573 3.35300 
5.70573 3.35400 
5.70573 3.35500 
5.70573 3.35600 
5.70573 3.35700 
5.70573 3.35800 
5.70573 3.35900 
5.70573 3.36000 
5.70573 3.36100 
5.70573 3.36200 
5.70573 3.36300 
5.70573 3.36400 
5.70573 3.36500 
5.70573 3.36600 
5.70573 3.36700 
5.70573 3.36800 
5.70573 3.36900 
5.70573 3.37000 
5.70573 3.37100 
5.70573 3.37200 
5.70573 3.37300 
5.70573 3.37400 
5.70573 3.37500 
5.70573 3.37600 
5.70573 3.37700 
5.70573 3.37800 
5.70573 3.37900 
5.70573 3.38000 
5.70573 3.38100 
5.70573 3.38200 
5.70573 3.38300 
5.70573 3.38400 
5.70573 3.38500 
5.70573 3.38600 
5.70573 3.38700 
5.70573 3.38800 
5.70573 3.38900 
5.70573 3.39000 
5.70573 3.39100 
5.70573 3.39200 
5.70573 3.39300 
5.70573 3.39400 
5.70573 3.39500 
5.70573 3.39600 
5.70573 3.39700 
5.70573 3.39800 
5.70573 3.39900 
5.70573 3.40000 
5.70573 3.40100 
5.70573 3.40200 
5.70573 3.40300 
5.70573 3.40400 
5.70573 3.40500 
5.70573 3.40600 
5.70573 3.40700 
5.70573 3.40800 
5.70573 3.40900 
5.70573 3.41000 
5.70573 3.41100 
5.70573 3.41200 
5.70573 3.41300 
5.70573 3.41400 
5.70573 3.41500 
5.70573 3.41600 
5.70573 3.41700 
5.70573 3.41800 
5.70573 3.41900 
5.70573 3.42000 
5.70573 3.42100 
5.70573 3.42200 
5.70573 3.42300 
5.70573 3.42400 
5.70573 3.42500 
5.70573 3.42600 
5.70573 3.42700 
5.70573 3.42800 
5.70573 3.42900 
5.70573 3.43000 
5.70573 3.43100 
5.70573 3.43200 
5.70573 3.43300 
5.70573 3.43400 
5.70573 3.43500 
5.70573 3.43600 
5.70573 3.43700 
5.70573 3.43800 
5.70573 3.43900 
5.70573 3.44000 
5.70573 3.44100 
5.70573 3.44200 
5.70573 3.44300 
5.70573 3.44400 
5.70573 3.44500 
5.70573 3.44600 
5.70573 3.44700 
5.70573 3.44800 
5.70573 3.44900 
5.70573 3.45000 
5.70573 3.45100 
5.70573 3.45200 
5.70573 3.45300 
5.70573 3.45400 
5.70573 3.45500 
5.70573 3.45600 
5.70573 3.45700 
5.70573 3.45800 
5.70573 3.45900 
5.70573 3.46000 
5.70573 3.46100 
5.70573 3.46200 
5.70573 3.46300 
5.70573 3.46400 
5.70573 3.46500 
5.70573 3.46600 
5.70573 3.46700 
5.70573 3.46800 
5.70573 3.46900 
5.70573 3.47000 
5.70573 3.47100 
5.70573 3.47200 
5.70573 3.47300 
5.70573 3.47400 
5.70573 3.47500 
5.70573 3.47600 
5.70573 3.47700 
5.70573 3.47800 
5.70573 3.47900 
5.70573 3.48000 
5.70573 3.48100 
5.70573 3.48200 
5.70573 3.48300 
5.70573 3.48400 
5.70573 3.48500 
5.70573 3.48600 
5.70573 3.48700 
5.70573 3.48800 
5.70573 3.48900 
5.70573 3.49000 
5.70573 3.49100 
5.70573 3.49200 
5.70573 3.49300 
5.70573 3.49400 
5.70573 3.49500 
5.70573 3.49600 
5.70573 3.49700 
5.70573 3.49800 
5.70573 3.49900 
5.70573 3.50000 
5.70573 3.50100 
5.70573 3.50200 
5.70573 3.50300 
5.70573 3.50400 
5.70573 3.50500 
5.70573 3.50600 
5.70573 3.50700 
5.70573 3.50800 
5.70573 3.50900 
5.70573 3.51000 
5.70573 3.51100 
5.70573 3.51200 
5.70573 3.51300 
5.70573 3.51400 
5.70573 3.51500 
5.70573 3.51600 
5.70573 3.51700 
5.70573 3.51800 
5.70573 3.51900 
5.70573 3.52000 
5.70573 3.52100 
5.70573 3.52200 
5.70573 3.52300 
5.70573 3.52400 
5.70573 3.52500 
5.70573 3.52600 
5.70573 3.52700 
5.70573 3.52800 
5.70573 3.52900 
5.70573 3.53000 
5.70573 3.53100 
5.70573 3.53200 
5.70573 3.53300 
5.70573 3.53400 
5.70573 3.53500 
5.70573 3.53600 
5.70573 3.53700 
5.70573 3.53800 
5.70573 3.53900 
5.70573 3.54000 
5.70573 3.54100 
5.70573 3.54200 
5.70573 3.54300 
5.70573 3.54400 
5.70573 3.54500 
5.70573 3.54600 
5.70573 3.54700 
5.70573 3.54800 
5.70573 3.54900 
5.70573 3.55000 
5.70573 3.55100 
5.70573 3.55200 
5.70573 3.55300 
5.70573 3.55400 
5.70573 3.55500 
5.70573 3.55600 
5.70573 3.55700 
5.70573 3.55800 
5.70573 3.55900 
5.70573 3.56000 
5.70573 3.56100 
5.70573 3.56200 
5.70573 3.56300 
5.70573 3.56400 
5.70573 3.56500 
5.70573 3.56600 
5.70573 3.56700 
5.70573 3.56800 
5.70573 3.56900 
5.70573 3.57000 
5.70573 3.57100 
5.70573 3.57200 
5.70573 3.57300 
5.70573 3.57400 
5.70573 3.57500 
5.70573 3.57600 
5.70573 3.57700 
5.70573 3.57800 
5.70573 3.57900 
5.70573 3.58000 
5.70573 3.58100 
5.70573 3.58200 
5.70573 3.58300 
5.70573 3.58400 
5.70573 3.58500 
5.70573 3.58600 
5.70573 3.58700 
5.70573 3.58800 
5.70573 3.58900 
5.70573 3.59000 
5.70573 3.59100 
5.70573 3.59200 
5.70573 3.59300 
5.70573 3.59400 
5.70573 3.59500 
5.70573 3.59600 
5.70573 3.59700 
5.70573 3.59800 
5.70573 3.59900 
5.70573 3.60000 
5.70573 3.60100 
5.70573 3.60200 
5.70573 3.60300 
5.70573 3.60400 
5.70573 3.60500 
5.70573 3.60600 
5.70573 3.60700 
5.70573 3.60800 
5.70573 3.60900 
5.70573 3.61000 
5.70573 3.61100 
5.70573 3.61200 
5.70573 3.61300 
5.70573 3.61400 
5.70573 3.61500 
5.70573 3.61600 
5.70573 3.61700 
5.70573 3.61800 
5.70573 3.61900 
5.70573 3.62000 
5.70573 3.62100 
5.70573 3.62200 
5.70573 3.62300 
5.70573 3.62400 
5.70573 3.62500 
5.70573 3.62600 
5.70573 3.62700 
5.70573 3.62800 
5.70573 3.62900 
5.70573 3.63000 
5.70573 3.63100 
5.70573 3.63200 
5.70573 3.63300 
5.70573 3.63400 
5.70573 3.63500 
5.70573 3.63600 
5.70573 3.63700 
5.70573 3.63800 
5.70573 3.63900 
5.70573 3.64000 
5.70573 3.64100 
5.70573 3.64200 
5.70573 3.64300 
5.70573 3.64400 
5.70573 3.64500 
5.70573 3.64600 
5.70573 3.64700 
5.70573 3.64800 
5.70573 3.64900 
5.70573 3.65000 
5.70573 3.65100 
5.70573 3.65200 
5.70573 3.65300 
5.70573 3.65400 
5.70573 3.65500 
5.70573 3.65600 
5.70573 3.65700 
5.70573 3.65800 
5.70573 3.65900 
5.70573 3.66000 
5.70573 3.66100 
5.70573 3.66200 
5.70573 3.66300 
5.70573 3.66400 
5.70573 3.66500 
5.70573 3.66600 
5.70573 3.66700 
5.70573 3.66800 
5.70573 3.66900 
5.70573 3.67000 
5.70573 3.67100 
5.70573 3.67200 
5.70573 3.67300 
5.70573 3.67400 
5.70573 3.67500 
5.70573 3.67600 
5.70573 3.67700 
5.70573 3.67800 
5.70573 3.67900 
5.70573 3.68000 
5.70573 3.68100 
5.70573 3.68200 
5.70573 3.68300 
5.70573 3.68400 
5.70573 3.68500 
5.70573 3.68600 
5.70573 3.68700 
5.70573 3.68800 
5.70573 3.68900 
5.70573 3.69000 
5.70573 3.69100 
5.70573 3.69200 
5.70573 3.69300 
5.70573 3.69400 
5.70573 3.69500 
5.70573 3.69600 
5.70573 3.69700 
5.70573 3.69800 
5.70573 3.69900 
5.70573 3.70000 
5.70573 3.70100 
5.70573 3.70200 
5.70573 3.70300 
5.70573 3.70400 
5.70573 3.70500 
5.70573 3.70600 
5.70573 3.70700 
5.70573 3.70800 
5.70573 3.70900 
5.70573 3.71000 
5.70573 3.71100 
5.70573 3.71200 
5.70573 3.71300 
5.70573 3.71400 
5.70573 3.71500 
5.70573 3.71600 
5.70573 3.71700 
5.70573 3.71800 
5.70573 3.71900 
5.70573 3.72000 
5.70573 3.72100 
5.70573 3.72200 
5.70573 3.72300 
5.70573 3.72400 
5.70573 3.72500 
5.70573 3.72600 
5.70573 3.72700 
5.70573 3.72800 
5.70573 3.72900 
5.70573 3.73000 
5.70573 3.73100 
5.70573 3.73200 
5.70573 3.73300 
5.70573 3.73400 
5.70573 3.73500 
5.70573 3.73600 
5.70573 3.73700 
5.70573 3.73800 
5.70573 3.73900 
5.70573 3.74000 
5.70573 3.74100 
5.70573 3.74200 
5.70573 3.74300 
5.70573 3.74400 
5.70573 3.74500 
5.70573 3.74600 
5.70573 3.74700 
5.70573 3.74800 
5.70573 3.74900 
5.70573 3.75000 
5.70573 3.75100 
5.70573 3.75200 
5.70573 3.75300 
5.70573 3.75400 
5.70573 3.75500 
5.70573 3.75600 
5.70573 3.75700 
5.70573 3.75800 
5.70573 3.75900 
5.70573 3.76000 
5.70573 3.76100 
5.70573 3.76200 
5.70573 3.76300 
5.70573 3.76400 
5.70573 3.76500 
5.70573 3.76600 
5.70573 3.76700 
5.70573 3.76800 
5.70573 3.76900 
5.70573 3.77000 
5.70573 3.77100 
5.70573 3.77200 
5.70573 3.77300 
5.70573 3.77400 
5.70573 3.77500 
5.70573 3.77600 
5.70573 3.77700 
5.70573 3.77800 
5.70573 3.77900 
5.70573 3.78000 
5.70573 3.78100 
5.70573 3.78200 
5.70573 3.78300 
5.70573 3.78400 
5.70573 3.78500 
5.70573 3.78600 
5.70573 3.78700 
5.70573 3.78800 
5.70573 3.78900 
5.70573 3.79000 
5.70573 3.79100 
5.70573 3.79200 
5.70573 3.79300 
5.70573 3.79400 
5.70573 3.79500 
5.70573 3.79600 
5.70573 3.79700 
5.70573 3.79800 
5.70573 3.79900 
5.70573 3.80000 
5.70573 3.80100 
5.70573 3.80200 
5.70573 3.80300 
5.70573 3.80400 
5.70573 3.80500 
5.70573 3.80600 
5.70573 3.80700 
5.70573 3.80800 
5.70573 3.80900 
5.70573 3.81000 
5.70573 3.81100 
5.70573 3.81200 
5.70573 3.81300 
5.70573 3.81400 
5.70573 3.81500 
5.70573 3.81600 
5.70573 3.81700 
5.70573 3.81800 
5.70573 3.81900 
5.70573 3.82000 
5.70573 3.82100 
5.70573 3.82200 
5.70573 3.82300 
5.70573 3.82400 
5.70573 3.82500 
5.70573 3.82600 
5.70573 3.82700 
5.70573 3.82800 
5.70573 3.82900 
5.70573 3.83000 
5.70573 3.83100 
5.70573 3.83200 
5.70573 3.83300 
5.70573 3.83400 
5.70573 3.83500 
5.70573 3.83600 
5.70573 3.83700 
5.70573 3.83800 
5.70573 3.83900 
5.70573 3.84000 
5.70573 3.84100 
5.70573 3.84200 
5.70573 3.84300 
5.70573 3.84400 
5.70573 3.84500 
5.70573 3.84600 
5.70573 3.84700 
5.70573 3.84800 
5.70573 3.84900 
5.70573 3.85000 
5.70573 3.85100 
5.70573 3.85200 
5.70573 3.85300 
5.70573 3.85400 
5.70573 3.85500 
5.70573 3.85600 
5.70573 3.85700 
5.70573 3.85800 
5.70573 3.85900 
5.70573 3.86000 
5.70573 3.86100 
5.70573 3.86200 
5.70573 3.86300 
5.70573 3.86400 
5.70573 3.86500 
5.70573 3.86600 
5.70573 3.86700 
5.70573 3.86800 
5.70573 3.86900 
5.70573 3.87000 
5.70573 3.87100 
5.70573 3.87200 
5.70573 3.87300 
5.70573 3.87400 
5.70573 3.87500 
5.70573 3.87600 
5.70573 3.87700 
5.70573 3.87800 
5.70573 3.87900 
5.70573 3.88000 
5.70573 3.88100 
5.70573 3.88200 
5.70573 3.88300 
5.70573 3.88400 
5.70573 3.88500 
5.70573 3.88600 
5.70573 3.88700 
5.70573 3.88800 
5.70573 3.88900 
5.70573 3.89000 
5.70573 3.89100 
5.70573 3.89200 
5.70573 3.89300 
5.70573 3.89400 
5.70573 3.89500 
5.70573 3.89600 
5.70573 3.89700 
5.70573 3.89800 
5.70573 3.89900 
5.70573 3.90000 
5.70573 3.90100 
5.70573 3.90200 
5.70573 3.90300 
5.70573 3.90400 
5.70573 3.90500 
5.70573 3.90600 
5.70573 3.90700 
5.70573 3.90800 
5.70573 3.90900 
5.70573 3.91000 
5.70573 3.91100 
5.70573 3.91200 
5.70573 3.91300 
5.70573 3.91400 
5.70573 3.91500 
5.70573 3.91600 
5.70573 3.91700 
5.70573 3.91800 
5.70573 3.91900 
5.70573 3.92000 
5.70573 3.92100 
5.70573 3.92200 
5.70573 3.92300 
5.70573 3.92400 
5.70573 3.92500 
5.70573 3.92600 
5.70573 3.92700 
5.70573 3.92800 
5.70573 3.92900 
5.70573 3.93000 
5.70573 3.93100 
5.70573 3.93200 
5.70573 3.93300 
5.70573 3.93400 
5.70573 3.93500 
5.70573 3.93600 
5.70573 3.93700 
5.70573 3.93800 
5.70573 3.93900 
5.70573 3.94000 
5.70573 3.94100 
5.70573 3.94200 
5.70573 3.94300 
5.70573 3.94400 
5.70573 3.94500 
5.70573 3.94600 
5.70573 3.94700 
5.70573 3.94800 
5.70573 3.94900 
5.70573 3.95000 
5.70573 3.95100 
5.70573 3.95200 
5.70573 3.95300 
5.70573 3.95400 
5.70573 3.95500 
5.70573 3.95600 
5.70573 3.95700 
5.70573 3.95800 
5.70573 3.95900 
5.70573 3.96000 
5.70573 3.96100 
5.70573 3.96200 
5.70573 3.96300 
5.70573 3.96400 
5.70573 3.96500 
5.70573 3.96600 
5.70573 3.96700 
5.70573 3.96800 
5.70573 3.96900 
5.70573 3.97000 
5.70573 3.97100 
5.70573 3.97200 
5.70573 3.97300 
5.70573 3.97400 
5.70573 3.97500 
5.70573 3.97600 
5.70573 3.97700 
5.70573 3.97800 
5.70573 3.97900 
5.70573 3.98000 
5.70573 3.98100 
5.70573 3.98200 
5.70573 3.98300 
5.70573 3.98400 
5.70573 3.98500 
5.70573 3.98600 
5.70573 3.98700 
5.70573 3.98800 
5.70573 3.98900 
5.70573 3.99000 
5.70573 3.99100 
5.70573 3.99200 
5.70573 3.99300 
5.70573 3.99400 
5.70573 3.99500 
5.70573 3.99600 
5.70573 3.99700 
5.70573 3.99800 
5.70573 3.99900 
5.70573 4.00000 
5.70573 4.00100 
5.70573 4.00200 
5.70573 4.00300 
5.70573 4.00400 
5.70573 4.00500 
5.70573 4.00600 
5.70573 4.00700 
5.70573 4.00800 
5.70573 4.00900 
5.70573 4.01000 
5.70573 4.01100 
5.70573 4.01200 
5.70573 4.01300 
5.70573 4.01400 
5.70573 4.01500 
5.70573 4.01600 
5.70573 4.01700 
5.70573 4.01800 
5.70573 4.01900 
5.70573 4.02000 
5.70573 4.02100 
5.70573 4.02200 
5.70573 4.02300 
5.70573 4.02400 
5.70573 4.02500 
5.70573 4.02600 
5.70573 4.02700 
5.70573 4.02800 
5.70573 4.02900 
5.70573 4.03000 
5.70573 4.03100 
5.70573 4.03200 
5.70573 4.03300 
5.70573 4.03400 
5.70573 4.03500 
5.70573 4.03600 
5.70573 4.03700 
5.70573 4.03800 
5.70573 4.03900 
5.70573 4.04000 
5.70573 4.04100 
5.70573 4.04200 
5.70573 4.04300 
5.70573 4.04400 
5.70573 4.04500 
5.70573 4.04600 
5.70573 4.04700 
5.70573 4.04800 
5.70573 4.04900 
5.70573 4.05000 
5.70573 4.05100 
5.70573 4.05200 
5.70573 4.05300 
5.70573 4.05400 
5.70573 4.05500 
5.70573 4.05600 
5.70573 4.05700 
5.70573 4.05800 
5.70573 4.05900 
5.70573 4.06000 
5.70573 4.06100 
5.70573 4.06200 
5.70573 4.06300 
5.70573 4.06400 
5.70573 4.06500 
5.70573 4.06600 
5.70573 4.06700 
5.70573 4.06800 
5.70573 4.06900 
5.70573 4.07000 
5.70573 4.07100 
5.70573 4.07200 
5.70573 4.07300 
5.70573 4.07400 
5.70573 4.07500 
5.70573 4.07600 
5.70573 4.07700 
5.70573 4.07800 
5.70573 4.07900 
5.70573 4.08000 
5.70573 4.08100 
5.70573 4.08200 
5.70573 4.08300 
5.70573 4.08400 
5.70573 4.08500 
5.70573 4.08600 
5.70573 4.08700 
5.70573 4.08800 
5.70573 4.08900 
5.70573 4.09000 
5.70573 4.09100 
5.70573 4.09200 
5.70573 4.09300 
5.70573 4.09400 
5.70573 4.09500 
5.70573 4.09600 
5.70573 4.09700 
5.70573 4.09800 
5.70573 4.09900 
5.70573 4.10000 
5.70573 4.10100 
5.70573 4.10200 
5.70573 4.10300 
5.70573 4.10400 
5.70573 4.10500 
5.70573 4.10600 
5.70573 4.10700 
5.70573 4.10800 
5.70573 4.10900 
5.70573 4.11000 
5.70573 4.11100 
5.70573 4.11200 
5.70573 4.11300 
5.70573 4.11400 
5.70573 4.11500 
5.70573 4.11600 
5.70573 4.11700 
5.70573 4.11800 
5.70573 4.11900 
5.70573 4.12000 
5.70573 4.12100 
5.70573 4.12200 
5.70573 4.12300 
5.70573 4.12400 
5.70573 4.12500 
5.70573 4.12600 
5.70573 4.12700 
5.70573 4.12800 
5.70573 4.12900 
5.70573 4.13000 
5.70573 4.13100 
5.70573 4.13200 
5.70573 4.13300 
5.70573 4.13400 
5.70573 4.13500 
5.70573 4.13600 
5.70573 4.13700 
5.70573 4.13800 
5.70573 4.13900 
5.70573 4.14000 
5.70573 4.14100 
5.70573 4.14200 
5.70573 4.14300 
5.70573 4.14400 
5.70573 4.14500 
5.70573 4.14600 
5.70573 4.14700 
5.70573 4.14800 
5.70573 4.14900 
5.70573 4.15000 
5.70573 4.15100 
5.70573 4.15200 
5.70573 4.15300 
5.70573 4.15400 
5.70573 4.15500 
5.70573 4.15600 
5.70573 4.15700 
5.70573 4.15800 
5.70573 4.15900 
5.70573 4.16000 
5.70573 4.16100 
5.70573 4.16200 
5.70573 4.16300 
5.70573 4.16400 
5.70573 4.16500 
5.70573 4.16600 
5.70573 4.16700 
5.70573 4.16800 
5.70573 4.16900 
5.70573 4.17000 
5.70573 4.17100 
5.70573 4.17200 
5.70573 4.17300 
5.70573 4.17400 
5.70573 4.17500 
5.70573 4.17600 
5.70573 4.17700 
5.70573 4.17800 
5.70573 4.17900 
5.70573 4.18000 
5.70573 4.18100 
5.70573 4.18200 
5.70573 4.18300 
5.70573 4.18400 
5.70573 4.18500 
5.70573 4.18600 
5.70573 4.18700 
5.70573 4.18800 
5.70573 4.18900 
5.70573 4.19000 
5.70573 4.19100 
5.70573 4.19200 
5.70573 4.19300 
5.70573 4.19400 
5.70573 4.19500 
5.70573 4.19600 
5.70573 4.19700 
5.70573 4.19800 
5.70573 4.19900 
5.70573 4.20000 
5.70573 4.20100 
5.70573 4.20200 
5.70573 4.20300 
5.70573 4.20400 
5.70573 4.20500 
5.70573 4.20600 
5.70573 4.20700 
5.70573 4.20800 
5.70573 4.20900 
5.70573 4.21000 
5.70573 4.21100 
5.70573 4.21200 
5.70573 4.21300 
5.70573 4.21400 
5.70573 4.21500 
5.70573 4.21600 
5.70573 4.21700 
5.70573 4.21800 
5.70573 4.21900 
5.70573 4.22000 
5.70573 4.22100 
5.70573 4.22200 
5.70573 4.22300 
5.70573 4.22400 
5.70573 4.22500 
5.70573 4.22600 
5.70573 4.22700 
5.70573 4.22800 
5.70573 4.22900 
5.70573 4.23000 
5.70573 4.23100 
5.70573 4.23200 
5.70573 4.23300 
5.70573 4.23400 
5.70573 4.23500 
5.70573 4.23600 
5.70573 4.23700 
5.70573 4.23800 
5.70573 4.23900 
5.70573 4.24000 
5.70573 4.24100 
5.70573 4.24200 
5.70573 4.24300 
5.70573 4.24400 
5.70573 4.24500 
5.70573 4.24600 
5.70573 4.24700 
5.70573 4.24800 
5.70573 4.24900 
5.70573 4.25000 
5.70573 4.25100 
5.70573 4.25200 
5.70573 4.25300 
5.70573 4.25400 
5.70573 4.25500 
5.70573 4.25600 
5.70573 4.25700 
5.70573 4.25800 
5.70573 4.25900 
5.70573 4.26000 
5.70573 4.26100 
5.70573 4.26200 
5.70573 4.26300 
5.70573 4.26400 
5.70573 4.26500 
5.70573 4.26600 
5.70573 4.26700 
5.70573 4.26800 
5.70573 4.26900 
5.70573 4.27000 
5.70573 4.27100 
5.70573 4.27200 
5.70573 4.27300 
5.70573 4.27400 
5.70573 4.27500 
5.70573 4.27600 
5.70573 4.27700 
5.70573 4.27800 
5.70573 4.27900 
5.70573 4.28000 
5.70573 4.28100 
5.70573 4.28200 
5.70573 4.28300 
5.70573 4.28400 
5.70573 4.28500 
5.70573 4.28600 
5.70573 4.28700 
5.70573 4.28800 
5.70573 4.28900 
5.70573 4.29000 
5.70573 4.29100 
5.70573 4.29200 
5.70573 4.29300 
5.70573 4.29400 
5.70573 4.29500 
5.70573 4.29600 
5.70573 4.29700 
5.70573 4.29800 
5.70573 4.29900 
5.70573 4.30000 
5.70573 4.30100 
5.70573 4.30200 
5.70573 4.30300 
5.70573 4.30400 
5.70573 4.30500 
5.70573 4.30600 
5.70573 4.30700 
5.70573 4.30800 
5.70573 4.30900 
5.70573 4.31000 
5.70573 4.31100 
5.70573 4.31200 
5.70573 4.31300 
5.70573 4.31400 
5.70573 4.31500 
5.70573 4.31600 
5.70573 4.31700 
5.70573 4.31800 
5.70573 4.31900 
5.70573 4.32000 
5.70573 4.32100 
5.70573 4.32200 
5.70573 4.32300 
5.70573 4.32400 
5.70573 4.32500 
5.70573 4.32600 
5.70573 4.32700 
5.70573 4.32800 
5.70573 4.32900 
5.70573 4.33000 
5.70573 4.33100 
5.70573 4.33200 
5.70573 4.33300 
5.70573 4.33400 
5.70573 4.33500 
5.70573 4.33600 
5.70573 4.33700 
5.70573 4.33800 
5.70573 4.33900 
5.70573 4.34000 
5.70573 4.34100 
5.70573 4.34200 
5.70573 4.34300 
5.70573 4.34400 
5.70573 4.34500 
5.70573 4.34600 
5.70573 4.34700 
5.70573 4.34800 
5.70573 4.34900 
5.70573 4.35000 
5.70573 4.35100 
5.70573 4.35200 
5.70573 4.35300 
5.70573 4.35400 
5.70573 4.35500 
5.70573 4.35600 
5.70573 4.35700 
5.70573 4.35800 
5.70573 4.35900 
5.70573 4.36000 
5.70573 4.36100 
5.70573 4.36200 
5.70573 4.36300 
5.70573 4.36400 
5.70573 4.36500 
5.70573 4.36600 
5.70573 4.36700 
5.70573 4.36800 
5.70573 4.36900 
5.70573 4.37000 
5.70573 4.37100 
5.70573 4.37200 
5.70573 4.37300 
5.70573 4.37400 
5.70573 4.37500 
5.70573 4.37600 
5.70573 4.37700 
5.70573 4.37800 
5.70573 4.37900 
5.70573 4.38000 
5.70573 4.38100 
5.70573 4.38200 
5.70573 4.38300 
5.70573 4.38400 
5.70573 4.38500 
5.70573 4.38600 
5.70573 4.38700 
5.70573 4.38800 
5.70573 4.38900 
5.70573 4.39000 
5.70573 4.39100 
5.70573 4.39200 
5.70573 4.39300 
5.70573 4.39400 
5.70573 4.39500 
5.70573 4.39600 
5.70573 4.39700 
5.70573 4.39800 
5.70573 4.39900 
5.70573 4.40000 
5.70573 4.40100 
5.70573 4.40200 
5.70573 4.40300 
5.70573 4.40400 
5.70573 4.40500 
5.70573 4.40600 
5.70573 4.40700 
5.70573 4.40800 
5.70573 4.40900 
5.70573 4.41000 
5.70573 4.41100 
5.70573 4.41200 
5.70573 4.41300 
5.70573 4.41400 
5.70573 4.41500 
5.70573 4.41600 
5.70573 4.41700 
5.70573 4.41800 
5.70573 4.41900 
5.70573 4.42000 
5.70573 4.42100 
5.70573 4.42200 
5.70573 4.42300 
5.70573 4.42400 
5.70573 4.42500 
5.70573 4.42600 
5.70573 4.42700 
5.70573 4.42800 
5.70573 4.42900 
5.70573 4.43000 
5.70573 4.43100 
5.70573 4.43200 
5.70573 4.43300 
5.70573 4.43400 
5.70573 4.43500 
5.70573 4.43600 
5.70573 4.43700 
5.70573 4.43800 
5.70573 4.43900 
5.70573 4.44000 
5.70573 4.44100 
5.70573 4.44200 
5.70573 4.44300 
5.70573 4.44400 
5.70573 4.44500 
5.70573 4.44600 
5.70573 4.44700 
5.70573 4.44800 
5.70573 4.44900 
5.70573 4.45000 
5.70573 4.45100 
5.70573 4.45200 
5.70573 4.45300 
5.70573 4.45400 
5.70573 4.45500 
5.70573 4.45600 
5.70573 4.45700 
5.70573 4.45800 
5.70573 4.45900 
5.70573 4.46000 
5.70573 4.46100 
5.70573 4.46200 
5.70573 4.46300 
5.70573 4.46400 
5.70573 4.46500 
5.70573 4.46600 
5.70573 4.46700 
5.70573 4.46800 
5.70573 4.46900 
5.70573 4.47000 
5.70573 4.47100 
5.70573 4.47200 
5.70573 4.47300 
5.70573 4.47400 
5.70573 4.47500 
5.70573 4.47600 
5.70573 4.47700 
5.70573 4.47800 
5.70573 4.47900 
5.70573 4.48000 
5.70573 4.48100 
5.70573 4.48200 
5.70573 4.48300 
5.70573 4.48400 
5.70573 4.48500 
5.70573 4.48600 
5.70573 4.48700 
5.70573 4.48800 
5.70573 4.48900 
5.70573 4.49000 
5.70573 4.49100 
5.70573 4.49200 
5.70573 4.49300 
5.70573 4.49400 
5.70573 4.49500 
5.70573 4.49600 
5.70573 4.49700 
5.70573 4.49800 
5.70573 4.49900 
5.70573 4.50000 
5.70573 4.50100 
5.70573 4.50200 
5.70573 4.50300 
5.70573 4.50400 
5.70573 4.50500 
5.70573 4.50600 
5.70573 4.50700 
5.70573 4.50800 
5.70573 4.50900 
5.70573 4.51000 
5.70573 4.51100 
5.70573 4.51200 
5.70573 4.51300 
5.70573 4.51400 
5.70573 4.51500 
5.70573 4.51600 
5.70573 4.51700 
5.70573 4.51800 
5.70573 4.51900 
5.70573 4.52000 
5.70573 4.52100 
5.70573 4.52200 
5.70573 4.52300 
5.70573 4.52400 
5.70573 4.52500 
5.70573 4.52600 
5.70573 4.52700 
5.70573 4.52800 
5.70573 4.52900 
5.70573 4.53000 
5.70573 4.53100 
5.70573 4.53200 
5.70573 4.53300 
5.70573 4.53400 
5.70573 4.53500 
5.70573 4.53600 
5.70573 4.53700 
5.70573 4.53800 
5.70573 4.53900 
5.70573 4.54000 
5.70573 4.54100 
5.70573 4.54200 
5.70573 4.54300 
5.70573 4.54400 
5.70573 4.54500 
5.70573 4.54600 
5.70573 4.54700 
5.70573 4.54800 
5.70573 4.54900 
5.70573 4.55000 
5.70573 4.55100 
5.70573 4.55200 
5.70573 4.55300 
5.70573 4.55400 
5.70573 4.55500 
5.70573 4.55600 
5.70573 4.55700 
5.70573 4.55800 
5.70573 4.55900 
5.70573 4.56000 
5.70573 4.56100 
5.70573 4.56200 
5.70573 4.56300 
5.70573 4.56400 
5.70573 4.56500 
5.70573 4.56600 
5.70573 4.56700 
5.70573 4.56800 
5.70573 4.56900 
5.70573 4.57000 
5.70573 4.57100 
5.70573 4.57200 
5.70573 4.57300 
5.70573 4.57400 
5.70573 4.57500 
5.70573 4.57600 
5.70573 4.57700 
5.70573 4.57800 
5.70573 4.57900 
5.70573 4.58000 
5.70573 4.58100 
5.70573 4.58200 
5.70573 4.58300 
5.70573 4.58400 
5.70573 4.58500 
5.70573 4.58600 
5.70573 4.58700 
5.70573 4.58800 
5.70573 4.58900 
5.70573 4.59000 
5.70573 4.59100 
5.70573 4.59200 
5.70573 4.59300 
5.70573 4.59400 
5.70573 4.59500 
5.70573 4.59600 
5.70573 4.59700 
5.70573 4.59800 
5.70573 4.59900 
5.70573 4.60000 
5.70573 4.60100 
5.70573 4.60200 
5.70573 4.60300 
5.70573 4.60400 
5.70573 4.60500 
5.70573 4.60600 
5.70573 4.60700 
5.70573 4.60800 
5.70573 4.60900 
5.70573 4.61000 
5.70573 4.61100 
5.70573 4.61200 
5.70573 4.61300 
5.70573 4.61400 
5.70573 4.61500 
5.70573 4.61600 
5.70573 4.61700 
5.70573 4.61800 
5.70573 4.61900 
5.70573 4.62000 
5.70573 4.62100 
5.70573 4.62200 
5.70573 4.62300 
5.70573 4.62400 
5.70573 4.62500 
5.70573 4.62600 
5.70573 4.62700 
5.70573 4.62800 
5.70573 4.62900 
5.70573 4.63000 
5.70573 4.63100 
5.70573 4.63200 
5.70573 4.63300 
5.70573 4.63400 
5.70573 4.63500 
5.70573 4.63600 
5.70573 4.63700 
5.70573 4.63800 
5.70573 4.63900 
5.70573 4.64000 
5.70573 4.64100 
5.70573 4.64200 
5.70573 4.64300 
5.70573 4.64400 
5.70573 4.64500 
5.70573 4.64600 
5.70573 4.64700 
5.70573 4.64800 
5.70573 4.64900 
5.70573 4.65000 
5.70573 4.65100 
5.70573 4.65200 
5.70573 4.65300 
5.70573 4.65400 
5.70573 4.65500 
5.70573 4.65600 
5.70573 4.65700 
5.70573 4.65800 
5.70573 4.65900 
5.70573 4.66000 
5.70573 4.66100 
5.70573 4.66200 
5.70573 4.66300 
5.70573 4.66400 
5.70573 4.66500 
5.70573 4.66600 
5.70573 4.66700 
5.70573 4.66800 
5.70573 4.66900 
5.70573 4.67000 
5.70573 4.67100 
5.70573 4.67200 
5.70573 4.67300 
5.70573 4.67400 
5.70573 4.67500 
5.70573 4.67600 
5.70573 4.67700 
5.70573 4.67800 
5.70573 4.67900 
5.70573 4.68000 
5.70573 4.68100 
5.70573 4.68200 
5.70573 4.68300 
5.70573 4.68400 
5.70573 4.68500 
5.70573 4.68600 
5.70573 4.68700 
5.70573 4.68800 
5.70573 4.68900 
5.70573 4.69000 
5.70573 4.69100 
5.70573 4.69200 
5.70573 4.69300 
5.70573 4.69400 
5.70573 4.69500 
5.70573 4.69600 
5.70573 4.69700 
5.70573 4.69800 
5.70573 4.69900 
5.70573 4.70000 
5.70573 4.70100 
5.70573 4.70200 
5.70573 4.70300 
5.70573 4.70400 
5.70573 4.70500 
5.70573 4.70600 
5.70573 4.70700 
5.70573 4.70800 
5.70573 4.70900 
5.70573 4.71000 
5.70573 4.71100 
5.70573 4.71200 
5.70573 4.71300 
5.70573 4.71400 
5.70573 4.71500 
5.70573 4.71600 
5.70573 4.71700 
5.70573 4.71800 
5.70573 4.71900 
5.70573 4.72000 
5.70573 4.72100 
5.70573 4.72200 
5.70573 4.72300 
5.70573 4.72400 
5.70573 4.72500 
5.70573 4.72600 
5.70573 4.72700 
5.70573 4.72800 
5.70573 4.72900 
5.70573 4.73000 
5.70573 4.73100 
5.70573 4.73200 
5.70573 4.73300 
5.70573 4.73400 
5.70573 4.73500 
5.70573 4.73600 
5.70573 4.73700 
5.70573 4.73800 
5.70573 4.73900 
5.70573 4.74000 
5.70573 4.74100 
5.70573 4.74200 
5.70573 4.74300 
5.70573 4.74400 
5.70573 4.74500 
5.70573 4.74600 
5.70573 4.74700 
5.70573 4.74800 
5.70573 4.74900 
5.70573 4.75000 
5.70573 4.75100 
5.70573 4.75200 
5.70573 4.75300 
5.70573 4.75400 
5.70573 4.75500 
5.70573 4.75600 
5.70573 4.75700 
5.70573 4.75800 
5.70573 4.75900 
5.70573 4.76000 
5.70573 4.76100 
5.70573 4.76200 
5.70573 4.76300 
5.70573 4.76400 
5.70573 4.76500 
5.70573 4.76600 
5.70573 4.76700 
5.70573 4.76800 
5.70573 4.76900 
5.70573 4.77000 
5.70573 4.77100 
5.70573 4.77200 
5.70573 4.77300 
5.70573 4.77400 
5.70573 4.77500 
5.70573 4.77600 
5.70573 4.77700 
5.70573 4.77800 
5.70573 4.77900 
5.70573 4.78000 
5.70573 4.78100 
5.70573 4.78200 
5.70573 4.78300 
5.70573 4.78400 
5.70573 4.78500 
5.70573 4.78600 
5.70573 4.78700 
5.70573 4.78800 
5.70573 4.78900 
5.70573 4.79000 
5.70573 4.79100 
5.70573 4.79200 
5.70573 4.79300 
5.70573 4.79400 
5.70573 4.79500 
5.70573 4.79600 
5.70573 4.79700 
5.70573 4.79800 
5.70573 4.79900 
5.70573 4.80000 
5.70573 4.80100 
5.70573 4.80200 
5.70573 4.80300 
5.70573 4.80400 
5.70573 4.80500 
5.70573 4.80600 
5.70573 4.80700 
5.70573 4.80800 
5.70573 4.80900 
5.70573 4.81000 
5.70573 4.81100 
5.70573 4.81200 
5.70573 4.81300 
5.70573 4.81400 
5.70573 4.81500 
5.70573 4.81600 
5.70573 4.81700 
5.70573 4.81800 
5.70573 4.81900 
5.70573 4.82000 
5.70573 4.82100 
5.70573 4.82200 
5.70573 4.82300 
5.70573 4.82400 
5.70573 4.82500 
5.70573 4.82600 
5.70573 4.82700 
5.70573 4.82800 
5.70573 4.82900 
5.70573 4.83000 
5.70573 4.83100 
5.70573 4.83200 
5.70573 4.83300 
5.70573 4.83400 
5.70573 4.83500 
5.70573 4.83600 
5.70573 4.83700 
5.70573 4.83800 
5.70573 4.83900 
5.70573 4.84000 
5.70573 4.84100 
5.70573 4.84200 
5.70573 4.84300 
5.70573 4.84400 
5.70573 4.84500 
5.70573 4.84600 
5.70573 4.84700 
5.70573 4.84800 
5.70573 4.84900 
5.70573 4.85000 
5.70573 4.85100 
5.70573 4.85200 
5.70573 4.85300 
5.70573 4.85400 
5.70573 4.85500 
5.70573 4.85600 
5.70573 4.85700 
5.70573 4.85800 
5.70573 4.85900 
5.70573 4.86000 
5.70573 4.86100 
5.70573 4.86200 
5.70573 4.86300 
5.70573 4.86400 
5.70573 4.86500 
5.70573 4.86600 
5.70573 4.86700 
5.70573 4.86800 
5.70573 4.86900 
5.70573 4.87000 
5.70573 4.87100 
5.70573 4.87200 
5.70573 4.87300 
5.70573 4.87400 
5.70573 4.87500 
5.70573 4.87600 
5.70573 4.87700 
5.70573 4.87800 
5.70573 4.87900 
5.70573 4.88000 
5.70573 4.88100 
5.70573 4.88200 
5.70573 4.88300 
5.70573 4.88400 
5.70573 4.88500 
5.70573 4.88600 
5.70573 4.88700 
5.70573 4.88800 
5.70573 4.88900 
5.70573 4.89000 
5.70573 4.89100 
5.70573 4.89200 
5.70573 4.89300 
5.70573 4.89400 
5.70573 4.89500 
5.70573 4.89600 
5.70573 4.89700 
5.70573 4.89800 
5.70573 4.89900 
5.70573 4.90000 
5.70573 4.90100 
5.70573 4.90200 
5.70573 4.90300 
5.70573 4.90400 
5.70573 4.90500 
5.70573 4.90600 
5.70573 4.90700 
5.70573 4.90800 
5.70573 4.90900 
5.70573 4.91000 
5.70573 4.91100 
5.70573 4.91200 
5.70573 4.91300 
5.70573 4.91400 
5.70573 4.91500 
5.70573 4.91600 
5.70573 4.91700 
5.70573 4.91800 
5.70573 4.91900 
5.70573 4.92000 
5.70573 4.92100 
5.70573 4.92200 
5.70573 4.92300 
5.70573 4.92400 
5.70573 4.92500 
5.70573 4.92600 
5.70573 4.92700 
5.70573 4.92800 
5.70573 4.92900 
5.70573 4.93000 
5.70573 4.93100 
5.70573 4.93200 
5.70573 4.93300 
5.70573 4.93400 
5.70573 4.93500 
5.70573 4.93600 
5.70573 4.93700 
5.70573 4.93800 
5.70573 4.93900 
5.70573 4.94000 
5.70573 4.94100 
5.70573 4.94200 
5.70573 4.94300 
5.70573 4.94400 
5.70573 4.94500 
5.70573 4.94600 
5.70573 4.94700 
5.70573 4.94800 
5.70573 4.94900 
5.70573 4.95000 
5.70573 4.95100 
5.70573 4.95200 
5.70573 4.95300 
5.70573 4.95400 
5.70573 4.95500 
5.70573 4.95600 
5.70573 4.95700 
5.70573 4.95800 
5.70573 4.95900 
5.70573 4.96000 
5.70573 4.96100 
5.70573 4.96200 
5.70573 4.96300 
5.70573 4.96400 
5.70573 4.96500 
5.70573 4.96600 
5.70573 4.96700 
5.70573 4.96800 
5.70573 4.96900 
5.70573 4.97000 
5.70573 4.97100 
5.70573 4.97200 
5.70573 4.97300 
5.70573 4.97400 
5.70573 4.97500 
5.70573 4.97600 
5.70573 4.97700 
5.70573 4.97800 
5.70573 4.97900 
5.70573 4.98000 
5.70573 4.98100 
5.70573 4.98200 
5.70573 4.98300 
5.70573 4.98400 
5.70573 4.98500 
5.70573 4.98600 
5.70573 4.98700 
5.70573 4.98800 
5.70573 4.98900 
5.70573 4.99000 
5.70573 4.99100 
5.70573 4.99200 
5.70573 4.99300 
5.70573 4.99400 
5.70573 4.99500 
5.70573 4.99600 
5.70573 4.99700 
5.70573 4.99800 
5.70573 4.99900 
