0.00000 0.00000 
0.00002 0.00100 
0.00010 0.00200 
0.00021 0.00300 
0.00038 0.00400 
0.00059 0.00500 
0.00085 0.00600 
0.00115 0.00700 
0.00150 0.00800 
0.00189 0.00900 
0.00232 0.01000 
0.00280 0.01100 
0.00332 0.01200 
0.00388 0.01300 
0.00449 0.01400 
0.00513 0.01500 
0.00582 0.01600 
0.00654 0.01700 
0.00731 0.01800 
0.00811 0.01900 
0.00896 0.02000 
0.00984 0.02100 
0.01076 0.02200 
0.01171 0.02300 
0.01271 0.02400 
0.01374 0.02500 
0.01481 0.02600 
0.01591 0.02700 
0.01705 0.02800 
0.01822 0.02900 
0.01943 0.03000 
0.02067 0.03100 
0.02194 0.03200 
0.02325 0.03300 
0.02460 0.03400 
0.02597 0.03500 
0.02738 0.03600 
0.02882 0.03700 
0.03029 0.03800 
0.03179 0.03900 
0.03332 0.04000 
0.03489 0.04100 
0.03648 0.04200 
0.03810 0.04300 
0.03976 0.04400 
0.04144 0.04500 
0.04315 0.04600 
0.04489 0.04700 
0.04665 0.04800 
0.04845 0.04900 
0.05027 0.05000 
0.05212 0.05100 
0.05400 0.05200 
0.05590 0.05300 
0.05783 0.05400 
0.05979 0.05500 
0.06177 0.05600 
0.06377 0.05700 
0.06581 0.05800 
0.06786 0.05900 
0.06994 0.06000 
0.07205 0.06100 
0.07418 0.06200 
0.07633 0.06300 
0.07851 0.06400 
0.08071 0.06500 
0.08293 0.06600 
0.08517 0.06700 
0.08744 0.06800 
0.08973 0.06900 
0.09204 0.07000 
0.09437 0.07100 
0.09673 0.07200 
0.09910 0.07300 
0.10150 0.07400 
0.10392 0.07500 
0.10635 0.07600 
0.10881 0.07700 
0.11129 0.07800 
0.11379 0.07900 
0.11630 0.08000 
0.11884 0.08100 
0.12139 0.08200 
0.12397 0.08300 
0.12656 0.08400 
0.12917 0.08500 
0.13180 0.08600 
0.13445 0.08700 
0.13711 0.08800 
0.13980 0.08900 
0.14250 0.09000 
0.14521 0.09100 
0.14795 0.09200 
0.15070 0.09300 
0.15347 0.09400 
0.15625 0.09500 
0.15905 0.09600 
0.16187 0.09700 
0.16470 0.09800 
0.16755 0.09900 
0.17041 0.10000 
0.17329 0.10100 
0.17618 0.10200 
0.17909 0.10300 
0.18201 0.10400 
0.18495 0.10500 
0.18791 0.10600 
0.19087 0.10700 
0.19385 0.10800 
0.19685 0.10900 
0.19986 0.11000 
0.20288 0.11100 
0.20592 0.11200 
0.20897 0.11300 
0.21203 0.11400 
0.21510 0.11500 
0.21819 0.11600 
0.22129 0.11700 
0.22441 0.11800 
0.22753 0.11900 
0.23067 0.12000 
0.23382 0.12100 
0.23699 0.12200 
0.24016 0.12300 
0.24335 0.12400 
0.24655 0.12500 
0.24976 0.12600 
0.25298 0.12700 
0.25621 0.12800 
0.25945 0.12900 
0.26271 0.13000 
0.26597 0.13100 
0.26925 0.13200 
0.27254 0.13300 
0.27583 0.13400 
0.27914 0.13500 
0.28246 0.13600 
0.28579 0.13700 
0.28912 0.13800 
0.29247 0.13900 
0.29583 0.14000 
0.29920 0.14100 
0.30258 0.14200 
0.30596 0.14300 
0.30936 0.14400 
0.31276 0.14500 
0.31618 0.14600 
0.31960 0.14700 
0.32303 0.14800 
0.32647 0.14900 
0.32992 0.15000 
0.33338 0.15100 
0.33685 0.15200 
0.34032 0.15300 
0.34381 0.15400 
0.34730 0.15500 
0.35080 0.15600 
0.35431 0.15700 
0.35782 0.15800 
0.36135 0.15900 
0.36488 0.16000 
0.36842 0.16100 
0.37197 0.16200 
0.37552 0.16300 
0.37908 0.16400 
0.38265 0.16500 
0.38623 0.16600 
0.38981 0.16700 
0.39341 0.16800 
0.39700 0.16900 
0.40061 0.17000 
0.40422 0.17100 
0.40784 0.17200 
0.41146 0.17300 
0.41510 0.17400 
0.41874 0.17500 
0.42238 0.17600 
0.42603 0.17700 
0.42969 0.17800 
0.43335 0.17900 
0.43702 0.18000 
0.44070 0.18100 
0.44438 0.18200 
0.44807 0.18300 
0.45177 0.18400 
0.45547 0.18500 
0.45917 0.18600 
0.46288 0.18700 
0.46660 0.18800 
0.47032 0.18900 
0.47405 0.19000 
0.47779 0.19100 
0.48153 0.19200 
0.48527 0.19300 
0.48902 0.19400 
0.49278 0.19500 
0.49654 0.19600 
0.50030 0.19700 
0.50407 0.19800 
0.50785 0.19900 
0.51163 0.20000 
0.51542 0.20100 
0.51921 0.20200 
0.52300 0.20300 
0.52680 0.20400 
0.53061 0.20500 
0.53441 0.20600 
0.53823 0.20700 
0.54205 0.20800 
0.54587 0.20900 
0.54970 0.21000 
0.55353 0.21100 
0.55736 0.21200 
0.56120 0.21300 
0.56505 0.21400 
0.56889 0.21500 
0.57275 0.21600 
0.57660 0.21700 
0.58046 0.21800 
0.58433 0.21900 
0.58819 0.22000 
0.59207 0.22100 
0.59594 0.22200 
0.59982 0.22300 
0.60370 0.22400 
0.60759 0.22500 
0.61148 0.22600 
0.61538 0.22700 
0.61927 0.22800 
0.62317 0.22900 
0.62708 0.23000 
0.63099 0.23100 
0.63490 0.23200 
0.63881 0.23300 
0.64273 0.23400 
0.64665 0.23500 
0.65058 0.23600 
0.65451 0.23700 
0.65844 0.23800 
0.66237 0.23900 
0.66631 0.24000 
0.67025 0.24100 
0.67419 0.24200 
0.67814 0.24300 
0.68209 0.24400 
0.68604 0.24500 
0.69000 0.24600 
0.69396 0.24700 
0.69792 0.24800 
0.70188 0.24900 
0.70585 0.25000 
0.70982 0.25100 
0.71379 0.25200 
0.71776 0.25300 
0.72174 0.25400 
0.72572 0.25500 
0.72970 0.25600 
0.73369 0.25700 
0.73768 0.25800 
0.74167 0.25900 
0.74566 0.26000 
0.74966 0.26100 
0.75365 0.26200 
0.75765 0.26300 
0.76166 0.26400 
0.76566 0.26500 
0.76967 0.26600 
0.77368 0.26700 
0.77769 0.26800 
0.78170 0.26900 
0.78572 0.27000 
0.78974 0.27100 
0.79376 0.27200 
0.79778 0.27300 
0.80180 0.27400 
0.80583 0.27500 
0.80986 0.27600 
0.81389 0.27700 
0.81792 0.27800 
0.82196 0.27900 
0.82599 0.28000 
0.83003 0.28100 
0.83407 0.28200 
0.83812 0.28300 
0.84216 0.28400 
0.84621 0.28500 
0.85025 0.28600 
0.85430 0.28700 
0.85836 0.28800 
0.86241 0.28900 
0.86646 0.29000 
0.87052 0.29100 
0.87458 0.29200 
0.87864 0.29300 
0.88270 0.29400 
0.88677 0.29500 
0.89083 0.29600 
0.89490 0.29700 
0.89897 0.29800 
0.90304 0.29900 
0.90711 0.30000 
0.91118 0.30100 
0.91526 0.30200 
0.91933 0.30300 
0.92341 0.30400 
0.92749 0.30500 
0.93157 0.30600 
0.93565 0.30700 
0.93974 0.30800 
0.94382 0.30900 
0.94791 0.31000 
0.95199 0.31100 
0.95608 0.31200 
0.96017 0.31300 
0.96427 0.31400 
0.96836 0.31500 
0.97245 0.31600 
0.97655 0.31700 
0.98065 0.31800 
0.98474 0.31900 
0.98884 0.32000 
0.99294 0.32100 
0.99705 0.32200 
1.00115 0.32300 
1.00525 0.32400 
1.00936 0.32500 
1.01347 0.32600 
1.01757 0.32700 
1.02168 0.32800 
1.02579 0.32900 
1.02990 0.33000 
1.03402 0.33100 
1.03813 0.33200 
1.04224 0.33300 
1.04636 0.33400 
1.05048 0.33500 
1.05459 0.33600 
1.05871 0.33700 
1.06283 0.33800 
1.06695 0.33900 
1.07107 0.34000 
1.07520 0.34100 
1.07932 0.34200 
1.08344 0.34300 
1.08757 0.34400 
1.09170 0.34500 
1.09582 0.34600 
1.09995 0.34700 
1.10408 0.34800 
1.10821 0.34900 
1.11234 0.35000 
1.11647 0.35100 
1.12061 0.35200 
1.12474 0.35300 
1.12887 0.35400 
1.13301 0.35500 
1.13714 0.35600 
1.14128 0.35700 
1.14542 0.35800 
1.14956 0.35900 
1.15370 0.36000 
1.15784 0.36100 
1.16198 0.36200 
1.16612 0.36300 
1.17026 0.36400 
1.17440 0.36500 
1.17855 0.36600 
1.18269 0.36700 
1.18684 0.36800 
1.19098 0.36900 
1.19513 0.37000 
1.19928 0.37100 
1.20342 0.37200 
1.20757 0.37300 
1.21172 0.37400 
1.21587 0.37500 
1.22002 0.37600 
1.22417 0.37700 
1.22833 0.37800 
1.23248 0.37900 
1.23663 0.38000 
1.24079 0.38100 
1.24494 0.38200 
1.24910 0.38300 
1.25325 0.38400 
1.25741 0.38500 
1.26156 0.38600 
1.26572 0.38700 
1.26988 0.38800 
1.27404 0.38900 
1.27820 0.39000 
1.28236 0.39100 
1.28652 0.39200 
1.29068 0.39300 
1.29484 0.39400 
1.29900 0.39500 
1.30316 0.39600 
1.30732 0.39700 
1.31149 0.39800 
1.31565 0.39900 
1.31982 0.40000 
1.32398 0.40100 
1.32815 0.40200 
1.33231 0.40300 
1.33648 0.40400 
1.34064 0.40500 
1.34481 0.40600 
1.34898 0.40700 
1.35315 0.40800 
1.35732 0.40900 
1.36148 0.41000 
1.36565 0.41100 
1.36982 0.41200 
1.37399 0.41300 
1.37817 0.41400 
1.38234 0.41500 
1.38651 0.41600 
1.39068 0.41700 
1.39485 0.41800 
1.39902 0.41900 
1.40320 0.42000 
1.40737 0.42100 
1.41155 0.42200 
1.41572 0.42300 
1.41989 0.42400 
1.42407 0.42500 
1.42824 0.42600 
1.43242 0.42700 
1.43660 0.42800 
1.44077 0.42900 
1.44495 0.43000 
1.44913 0.43100 
1.45330 0.43200 
1.45748 0.43300 
1.46166 0.43400 
1.46584 0.43500 
1.47002 0.43600 
1.47420 0.43700 
1.47838 0.43800 
1.48256 0.43900 
1.48674 0.44000 
1.49092 0.44100 
1.49510 0.44200 
1.49928 0.44300 
1.50346 0.44400 
1.50764 0.44500 
1.51182 0.44600 
1.51601 0.44700 
1.52019 0.44800 
1.52437 0.44900 
1.52855 0.45000 
1.53274 0.45100 
1.53692 0.45200 
1.54111 0.45300 
1.54529 0.45400 
1.54947 0.45500 
1.55366 0.45600 
1.55784 0.45700 
1.56203 0.45800 
1.56621 0.45900 
1.57040 0.46000 
1.57459 0.46100 
1.57877 0.46200 
1.58296 0.46300 
1.58715 0.46400 
1.59133 0.46500 
1.59552 0.46600 
1.59971 0.46700 
1.60390 0.46800 
1.60808 0.46900 
1.61227 0.47000 
1.61646 0.47100 
1.62065 0.47200 
1.62484 0.47300 
1.62903 0.47400 
1.63322 0.47500 
1.63740 0.47600 
1.64159 0.47700 
1.64578 0.47800 
1.64997 0.47900 
1.65416 0.48000 
1.65835 0.48100 
1.66255 0.48200 
1.66674 0.48300 
1.67093 0.48400 
1.67512 0.48500 
1.67931 0.48600 
1.68350 0.48700 
1.68769 0.48800 
1.69188 0.48900 
1.69608 0.49000 
1.70027 0.49100 
1.70446 0.49200 
1.70865 0.49300 
1.71285 0.49400 
1.71704 0.49500 
1.72123 0.49600 
1.72543 0.49700 
1.72962 0.49800 
1.73381 0.49900 
1.73801 0.50000 
1.74220 0.50100 
1.74639 0.50200 
1.75059 0.50300 
1.75478 0.50400 
1.75898 0.50500 
1.76317 0.50600 
1.76737 0.50700 
1.77156 0.50800 
1.77576 0.50900 
1.77995 0.51000 
1.78415 0.51100 
1.78834 0.51200 
1.79254 0.51300 
1.79673 0.51400 
1.80093 0.51500 
1.80513 0.51600 
1.80932 0.51700 
1.81352 0.51800 
1.81771 0.51900 
1.82191 0.52000 
1.82611 0.52100 
1.83030 0.52200 
1.83450 0.52300 
1.83870 0.52400 
1.84290 0.52500 
1.84709 0.52600 
1.85129 0.52700 
1.85549 0.52800 
1.85969 0.52900 
1.86388 0.53000 
1.86808 0.53100 
1.87228 0.53200 
1.87648 0.53300 
1.88067 0.53400 
1.88487 0.53500 
1.88907 0.53600 
1.89327 0.53700 
1.89747 0.53800 
1.90167 0.53900 
1.90587 0.54000 
1.91006 0.54100 
1.91426 0.54200 
1.91846 0.54300 
1.92266 0.54400 
1.92686 0.54500 
1.93106 0.54600 
1.93526 0.54700 
1.93946 0.54800 
1.94366 0.54900 
1.94786 0.55000 
1.95206 0.55100 
1.95626 0.55200 
1.96046 0.55300 
1.96466 0.55400 
1.96886 0.55500 
1.97306 0.55600 
1.97726 0.55700 
1.98146 0.55800 
1.98566 0.55900 
1.98986 0.56000 
1.99406 0.56100 
1.99826 0.56200 
2.00246 0.56300 
2.00666 0.56400 
2.01086 0.56500 
2.01506 0.56600 
2.01927 0.56700 
2.02347 0.56800 
2.02767 0.56900 
2.03187 0.57000 
2.03607 0.57100 
2.04027 0.57200 
2.04447 0.57300 
2.04868 0.57400 
2.05288 0.57500 
2.05708 0.57600 
2.06128 0.57700 
2.06548 0.57800 
2.06968 0.57900 
2.07389 0.58000 
2.07809 0.58100 
2.08229 0.58200 
2.08649 0.58300 
2.09069 0.58400 
2.09490 0.58500 
2.09910 0.58600 
2.10330 0.58700 
2.10750 0.58800 
2.11171 0.58900 
2.11591 0.59000 
2.12011 0.59100 
2.12431 0.59200 
2.12852 0.59300 
2.13272 0.59400 
2.13692 0.59500 
2.14113 0.59600 
2.14533 0.59700 
2.14953 0.59800 
2.15373 0.59900 
2.15794 0.60000 
2.16214 0.60100 
2.16634 0.60200 
2.17055 0.60300 
2.17475 0.60400 
2.17895 0.60500 
2.18316 0.60600 
2.18736 0.60700 
2.19156 0.60800 
2.19577 0.60900 
2.19997 0.61000 
2.20417 0.61100 
2.20838 0.61200 
2.21258 0.61300 
2.21679 0.61400 
2.22099 0.61500 
2.22519 0.61600 
2.22940 0.61700 
2.23360 0.61800 
2.23780 0.61900 
2.24201 0.62000 
2.24621 0.62100 
2.25042 0.62200 
2.25462 0.62300 
2.25882 0.62400 
2.26303 0.62500 
2.26723 0.62600 
2.27144 0.62700 
2.27564 0.62800 
2.27985 0.62900 
2.28405 0.63000 
2.28825 0.63100 
2.29246 0.63200 
2.29666 0.63300 
2.30087 0.63400 
2.30507 0.63500 
2.30928 0.63600 
2.31348 0.63700 
2.31769 0.63800 
2.32189 0.63900 
2.32610 0.64000 
2.33030 0.64100 
2.33450 0.64200 
2.33871 0.64300 
2.34291 0.64400 
2.34712 0.64500 
2.35132 0.64600 
2.35553 0.64700 
2.35973 0.64800 
2.36394 0.64900 
2.36814 0.65000 
2.37235 0.65100 
2.37655 0.65200 
2.38076 0.65300 
2.38496 0.65400 
2.38917 0.65500 
2.39337 0.65600 
2.39758 0.65700 
2.40178 0.65800 
2.40599 0.65900 
2.41020 0.66000 
2.41440 0.66100 
2.41861 0.66200 
2.42281 0.66300 
2.42702 0.66400 
2.43122 0.66500 
2.43543 0.66600 
2.43963 0.66700 
2.44384 0.66800 
2.44804 0.66900 
2.45225 0.67000 
2.45645 0.67100 
2.46066 0.67200 
2.46487 0.67300 
2.46907 0.67400 
2.47328 0.67500 
2.47748 0.67600 
2.48169 0.67700 
2.48589 0.67800 
2.49010 0.67900 
2.49430 0.68000 
2.49851 0.68100 
2.50272 0.68200 
2.50692 0.68300 
2.51113 0.68400 
2.51533 0.68500 
2.51954 0.68600 
2.52375 0.68700 
2.52795 0.68800 
2.53216 0.68900 
2.53636 0.69000 
2.54057 0.69100 
2.54477 0.69200 
2.54898 0.69300 
2.55319 0.69400 
2.55739 0.69500 
2.56160 0.69600 
2.56580 0.69700 
2.57001 0.69800 
2.57422 0.69900 
2.57842 0.70000 
2.58263 0.70100 
2.58684 0.70200 
2.59104 0.70300 
2.59525 0.70400 
2.59945 0.70500 
2.60366 0.70600 
2.60787 0.70700 
2.61207 0.70800 
2.61628 0.70900 
2.62048 0.71000 
2.62469 0.71100 
2.62890 0.71200 
2.63310 0.71300 
2.63731 0.71400 
2.64152 0.71500 
2.64572 0.71600 
2.64993 0.71700 
2.65413 0.71800 
2.65834 0.71900 
2.66255 0.72000 
2.66675 0.72100 
2.67096 0.72200 
2.67517 0.72300 
2.67937 0.72400 
2.68358 0.72500 
2.68779 0.72600 
2.69199 0.72700 
2.69620 0.72800 
2.70040 0.72900 
2.70461 0.73000 
2.70882 0.73100 
2.71302 0.73200 
2.71723 0.73300 
2.72144 0.73400 
2.72564 0.73500 
2.72985 0.73600 
2.73406 0.73700 
2.73826 0.73800 
2.74247 0.73900 
2.74668 0.74000 
2.75088 0.74100 
2.75509 0.74200 
2.75930 0.74300 
2.76350 0.74400 
2.76771 0.74500 
2.77192 0.74600 
2.77612 0.74700 
2.78033 0.74800 
2.78454 0.74900 
2.78874 0.75000 
2.79295 0.75100 
2.79716 0.75200 
2.80136 0.75300 
2.80557 0.75400 
2.80978 0.75500 
2.81398 0.75600 
2.81819 0.75700 
2.82240 0.75800 
2.82660 0.75900 
2.83081 0.76000 
2.83502 0.76100 
2.83922 0.76200 
2.84343 0.76300 
2.84764 0.76400 
2.85184 0.76500 
2.85605 0.76600 
2.86026 0.76700 
2.86446 0.76800 
2.86867 0.76900 
2.87288 0.77000 
2.87708 0.77100 
2.88129 0.77200 
2.88550 0.77300 
2.88971 0.77400 
2.89391 0.77500 
2.89812 0.77600 
2.90233 0.77700 
2.90653 0.77800 
2.91074 0.77900 
2.91495 0.78000 
2.91915 0.78100 
2.92336 0.78200 
2.92757 0.78300 
2.93177 0.78400 
2.93598 0.78500 
2.94019 0.78600 
2.94440 0.78700 
2.94860 0.78800 
2.95281 0.78900 
2.95702 0.79000 
2.96122 0.79100 
2.96543 0.79200 
2.96964 0.79300 
2.97384 0.79400 
2.97805 0.79500 
2.98226 0.79600 
2.98646 0.79700 
2.99067 0.79800 
2.99488 0.79900 
2.99909 0.80000 
3.00329 0.80100 
3.00750 0.80200 
3.01171 0.80300 
3.01591 0.80400 
3.02012 0.80500 
3.02433 0.80600 
3.02854 0.80700 
3.03274 0.80800 
3.03695 0.80900 
3.04116 0.81000 
3.04536 0.81100 
3.04957 0.81200 
3.05378 0.81300 
3.05798 0.81400 
3.06219 0.81500 
3.06640 0.81600 
3.07061 0.81700 
3.07481 0.81800 
3.07902 0.81900 
3.08323 0.82000 
3.08743 0.82100 
3.09164 0.82200 
3.09585 0.82300 
3.10006 0.82400 
3.10426 0.82500 
3.10847 0.82600 
3.11268 0.82700 
3.11688 0.82800 
3.12109 0.82900 
3.12530 0.83000 
3.12951 0.83100 
3.13371 0.83200 
3.13792 0.83300 
3.14213 0.83400 
3.14633 0.83500 
3.15054 0.83600 
3.15475 0.83700 
3.15896 0.83800 
3.16316 0.83900 
3.16737 0.84000 
3.17158 0.84100 
3.17578 0.84200 
3.17999 0.84300 
3.18420 0.84400 
3.18841 0.84500 
3.19261 0.84600 
3.19682 0.84700 
3.20103 0.84800 
3.20523 0.84900 
3.20944 0.85000 
3.21365 0.85100 
3.21786 0.85200 
3.22206 0.85300 
3.22627 0.85400 
3.23048 0.85500 
3.23469 0.85600 
3.23889 0.85700 
3.24310 0.85800 
3.24731 0.85900 
3.25151 0.86000 
3.25572 0.86100 
3.25993 0.86200 
3.26414 0.86300 
3.26834 0.86400 
3.27255 0.86500 
3.27676 0.86600 
3.28096 0.86700 
3.28517 0.86800 
3.28938 0.86900 
3.29359 0.87000 
3.29779 0.87100 
3.30200 0.87200 
3.30621 0.87300 
3.31042 0.87400 
3.31462 0.87500 
3.31883 0.87600 
3.32304 0.87700 
3.32724 0.87800 
3.33145 0.87900 
3.33566 0.88000 
3.33987 0.88100 
3.34407 0.88200 
3.34828 0.88300 
3.35249 0.88400 
3.35670 0.88500 
3.36090 0.88600 
3.36511 0.88700 
3.36932 0.88800 
3.37353 0.88900 
3.37773 0.89000 
3.38194 0.89100 
3.38615 0.89200 
3.39035 0.89300 
3.39456 0.89400 
3.39877 0.89500 
3.40298 0.89600 
3.40718 0.89700 
3.41139 0.89800 
3.41560 0.89900 
3.41981 0.90000 
3.42401 0.90100 
3.42822 0.90200 
3.43243 0.90300 
3.43663 0.90400 
3.44084 0.90500 
3.44505 0.90600 
3.44926 0.90700 
3.45346 0.90800 
3.45767 0.90900 
3.46188 0.91000 
3.46609 0.91100 
3.47029 0.91200 
3.47450 0.91300 
3.47871 0.91400 
3.48292 0.91500 
3.48712 0.91600 
3.49133 0.91700 
3.49554 0.91800 
3.49974 0.91900 
3.50395 0.92000 
3.50816 0.92100 
3.51237 0.92200 
3.51657 0.92300 
3.52078 0.92400 
3.52499 0.92500 
3.52920 0.92600 
3.53340 0.92700 
3.53761 0.92800 
3.54182 0.92900 
3.54603 0.93000 
3.55023 0.93100 
3.55444 0.93200 
3.55865 0.93300 
3.56286 0.93400 
3.56706 0.93500 
3.57127 0.93600 
3.57548 0.93700 
3.57968 0.93800 
3.58389 0.93900 
3.58810 0.94000 
3.59231 0.94100 
3.59651 0.94200 
3.60072 0.94300 
3.60493 0.94400 
3.60914 0.94500 
3.61334 0.94600 
3.61755 0.94700 
3.62176 0.94800 
3.62597 0.94900 
3.63017 0.95000 
3.63438 0.95100 
3.63859 0.95200 
3.64280 0.95300 
3.64700 0.95400 
3.65121 0.95500 
3.65542 0.95600 
3.65963 0.95700 
3.66383 0.95800 
3.66804 0.95900 
3.67225 0.96000 
3.67645 0.96100 
3.68066 0.96200 
3.68487 0.96300 
3.68908 0.96400 
3.69328 0.96500 
3.69749 0.96600 
3.70170 0.96700 
3.70591 0.96800 
3.71011 0.96900 
3.71432 0.97000 
3.71853 0.97100 
3.72274 0.97200 
3.72694 0.97300 
3.73115 0.97400 
3.73536 0.97500 
3.73957 0.97600 
3.74377 0.97700 
3.74798 0.97800 
3.75219 0.97900 
3.75640 0.98000 
3.76060 0.98100 
3.76481 0.98200 
3.76902 0.98300 
3.77322 0.98400 
3.77743 0.98500 
3.78164 0.98600 
3.78585 0.98700 
3.79005 0.98800 
3.79426 0.98900 
3.79847 0.99000 
3.80268 0.99100 
3.80688 0.99200 
3.81109 0.99300 
3.81530 0.99400 
3.81951 0.99500 
3.82371 0.99600 
3.82792 0.99700 
3.83213 0.99800 
3.83634 0.99900 
