0.00000 0.00000 
0.17059 0.00100 
0.33923 0.00200 
0.50595 0.00300 
0.67077 0.00400 
0.83370 0.00500 
0.99478 0.00600 
1.15403 0.00700 
1.31145 0.00800 
1.46709 0.00900 
1.62094 0.01000 
1.77305 0.01100 
1.92341 0.01200 
2.07207 0.01300 
2.21903 0.01400 
2.36431 0.01500 
2.50793 0.01600 
2.64992 0.01700 
2.79029 0.01800 
2.92906 0.01900 
3.06624 0.02000 
3.20187 0.02100 
3.33594 0.02200 
3.46849 0.02300 
3.59952 0.02400 
3.72906 0.02500 
3.85713 0.02600 
3.98373 0.02700 
4.10889 0.02800 
4.23262 0.02900 
4.35494 0.03000 
4.47587 0.03100 
4.59542 0.03200 
4.71361 0.03300 
4.83045 0.03400 
4.94596 0.03500 
5.06015 0.03600 
5.17304 0.03700 
5.28464 0.03800 
5.39497 0.03900 
5.50404 0.04000 
5.61186 0.04100 
5.71846 0.04200 
5.82384 0.04300 
5.92802 0.04400 
6.03102 0.04500 
6.13284 0.04600 
6.23349 0.04700 
6.33300 0.04800 
6.43138 0.04900 
6.52863 0.05000 
6.62478 0.05100 
6.71982 0.05200 
6.81379 0.05300 
6.90668 0.05400 
6.99852 0.05500 
7.08930 0.05600 
7.17905 0.05700 
7.26778 0.05800 
7.35550 0.05900 
7.44221 0.06000 
7.52794 0.06100 
7.61269 0.06200 
7.69648 0.06300 
7.77930 0.06400 
7.86119 0.06500 
7.94214 0.06600 
8.02217 0.06700 
8.10128 0.06800 
8.17949 0.06900 
8.25681 0.07000 
8.33325 0.07100 
8.40882 0.07200 
8.48353 0.07300 
8.55738 0.07400 
8.63039 0.07500 
8.70257 0.07600 
8.77393 0.07700 
8.84447 0.07800 
8.91421 0.07900 
8.98315 0.08000 
9.05131 0.08100 
9.11869 0.08200 
9.18530 0.08300 
9.25115 0.08400 
9.31626 0.08500 
9.38061 0.08600 
9.44424 0.08700 
9.50714 0.08800 
9.56932 0.08900 
9.63079 0.09000 
9.69157 0.09100 
9.75165 0.09200 
9.81104 0.09300 
9.86976 0.09400 
9.92781 0.09500 
9.98519 0.09600 
10.04192 0.09700 
10.09801 0.09800 
10.15345 0.09900 
10.20827 0.10000 
10.26245 0.10100 
10.31602 0.10200 
10.36898 0.10300 
10.42134 0.10400 
10.47310 0.10500 
10.52427 0.10600 
10.57485 0.10700 
10.62486 0.10800 
10.67430 0.10900 
10.72317 0.11000 
10.77149 0.11100 
10.81925 0.11200 
10.86647 0.11300 
10.91316 0.11400 
10.95931 0.11500 
11.00493 0.11600 
11.05004 0.11700 
11.09463 0.11800 
11.13871 0.11900 
11.18229 0.12000 
11.22537 0.12100 
11.26796 0.12200 
11.31007 0.12300 
11.35169 0.12400 
11.39284 0.12500 
11.43353 0.12600 
11.47374 0.12700 
11.51350 0.12800 
11.55281 0.12900 
11.59167 0.13000 
11.63008 0.13100 
11.66806 0.13200 
11.70560 0.13300 
11.74272 0.13400 
11.77941 0.13500 
11.81569 0.13600 
11.85155 0.13700 
11.88700 0.13800 
11.92205 0.13900 
11.95670 0.14000 
11.99095 0.14100 
12.02481 0.14200 
12.05829 0.14300 
12.09139 0.14400 
12.12411 0.14500 
12.15645 0.14600 
12.18843 0.14700 
12.22004 0.14800 
12.25129 0.14900 
12.28219 0.15000 
12.31273 0.15100 
12.34292 0.15200 
12.37277 0.15300 
12.40228 0.15400 
12.43146 0.15500 
12.46030 0.15600 
12.48881 0.15700 
12.51700 0.15800 
12.54486 0.15900 
12.57241 0.16000 
12.59965 0.16100 
12.62657 0.16200 
12.65319 0.16300 
12.67950 0.16400 
12.70551 0.16500 
12.73123 0.16600 
12.75665 0.16700 
12.78179 0.16800 
12.80664 0.16900 
12.83120 0.17000 
12.85548 0.17100 
12.87949 0.17200 
12.90322 0.17300 
12.92669 0.17400 
12.94988 0.17500 
12.97281 0.17600 
12.99548 0.17700 
13.01789 0.17800 
13.04005 0.17900 
13.06195 0.18000 
13.08360 0.18100 
13.10501 0.18200 
13.12617 0.18300 
13.14709 0.18400 
13.16778 0.18500 
13.18822 0.18600 
13.20844 0.18700 
13.22842 0.18800 
13.24818 0.18900 
13.26771 0.19000 
13.28701 0.19100 
13.30610 0.19200 
13.32497 0.19300 
13.34363 0.19400 
13.36207 0.19500 
13.38030 0.19600 
13.39832 0.19700 
13.41614 0.19800 
13.43376 0.19900 
13.45117 0.20000 
13.46839 0.20100 
13.48541 0.20200 
13.50223 0.20300 
13.51887 0.20400 
13.53531 0.20500 
13.55157 0.20600 
13.56764 0.20700 
13.58353 0.20800 
13.59924 0.20900 
13.61475 0.21000 
13.63009 0.21100 
13.64526 0.21200 
13.66025 0.21300 
13.67507 0.21400 
13.68973 0.21500 
13.70421 0.21600 
13.71854 0.21700 
13.73269 0.21800 
13.74669 0.21900 
13.76053 0.22000 
13.77421 0.22100 
13.78773 0.22200 
13.80110 0.22300 
13.81432 0.22400 
13.82739 0.22500 
13.84031 0.22600 
13.85308 0.22700 
13.86571 0.22800 
13.87819 0.22900 
13.89053 0.23000 
13.90273 0.23100 
13.91480 0.23200 
13.92672 0.23300 
13.93851 0.23400 
13.95016 0.23500 
13.96168 0.23600 
13.97307 0.23700 
13.98434 0.23800 
13.99547 0.23900 
14.00647 0.24000 
14.01735 0.24100 
14.02811 0.24200 
14.03875 0.24300 
14.04926 0.24400 
14.05965 0.24500 
14.06993 0.24600 
14.08009 0.24700 
14.09013 0.24800 
14.10006 0.24900 
14.10987 0.25000 
14.11957 0.25100 
14.12917 0.25200 
14.13865 0.25300 
14.14803 0.25400 
14.15730 0.25500 
14.16646 0.25600 
14.17552 0.25700 
14.18447 0.25800 
14.19333 0.25900 
14.20208 0.26000 
14.21073 0.26100 
14.21929 0.26200 
14.22775 0.26300 
14.23611 0.26400 
14.24437 0.26500 
14.25255 0.26600 
14.26063 0.26700 
14.26861 0.26800 
14.27651 0.26900 
14.28432 0.27000 
14.29203 0.27100 
14.29966 0.27200 
14.30720 0.27300 
14.31466 0.27400 
14.32203 0.27500 
14.32932 0.27600 
14.33653 0.27700 
14.34365 0.27800 
14.35069 0.27900 
14.35765 0.28000 
14.36453 0.28100 
14.37134 0.28200 
14.37806 0.28300 
14.38471 0.28400 
14.39129 0.28500 
14.39779 0.28600 
14.40421 0.28700 
14.41056 0.28800 
14.41684 0.28900 
14.42305 0.29000 
14.42919 0.29100 
14.43526 0.29200 
14.44126 0.29300 
14.44719 0.29400 
14.45305 0.29500 
14.45885 0.29600 
14.46458 0.29700 
14.47024 0.29800 
14.47584 0.29900 
14.48138 0.30000 
14.48685 0.30100 
14.49226 0.30200 
14.49761 0.30300 
14.50290 0.30400 
14.50813 0.30500 
14.51330 0.30600 
14.51841 0.30700 
14.52346 0.30800 
14.52846 0.30900 
14.53340 0.31000 
14.53828 0.31100 
14.54311 0.31200 
14.54788 0.31300 
14.55260 0.31400 
14.55726 0.31500 
14.56187 0.31600 
14.56643 0.31700 
14.57094 0.31800 
14.57539 0.31900 
14.57979 0.32000 
14.58415 0.32100 
14.58845 0.32200 
14.59271 0.32300 
14.59691 0.32400 
14.60107 0.32500 
14.60518 0.32600 
14.60925 0.32700 
14.61326 0.32800 
14.61723 0.32900 
14.62116 0.33000 
14.62504 0.33100 
14.62888 0.33200 
14.63267 0.33300 
14.63642 0.33400 
14.64013 0.33500 
14.64380 0.33600 
14.64742 0.33700 
14.65100 0.33800 
14.65454 0.33900 
14.65805 0.34000 
14.66151 0.34100 
14.66493 0.34200 
14.66831 0.34300 
14.67166 0.34400 
14.67496 0.34500 
14.67823 0.34600 
14.68146 0.34700 
14.68466 0.34800 
14.68781 0.34900 
14.69093 0.35000 
14.69402 0.35100 
14.69707 0.35200 
14.70009 0.35300 
14.70307 0.35400 
14.70602 0.35500 
14.70893 0.35600 
14.71181 0.35700 
14.71466 0.35800 
14.71748 0.35900 
14.72026 0.36000 
14.72301 0.36100 
14.72573 0.36200 
14.72842 0.36300 
14.73108 0.36400 
14.73371 0.36500 
14.73631 0.36600 
14.73888 0.36700 
14.74142 0.36800 
14.74393 0.36900 
14.74642 0.37000 
14.74887 0.37100 
14.75130 0.37200 
14.75370 0.37300 
14.75607 0.37400 
14.75842 0.37500 
14.76073 0.37600 
14.76303 0.37700 
14.76529 0.37800 
14.76753 0.37900 
14.76975 0.38000 
14.77194 0.38100 
14.77410 0.38200 
14.77624 0.38300 
14.77835 0.38400 
14.78045 0.38500 
14.78251 0.38600 
14.78456 0.38700 
14.78658 0.38800 
14.78858 0.38900 
14.79055 0.39000 
14.79250 0.39100 
14.79443 0.39200 
14.79634 0.39300 
14.79823 0.39400 
14.80009 0.39500 
14.80194 0.39600 
14.80376 0.39700 
14.80556 0.39800 
14.80734 0.39900 
14.80910 0.40000 
14.81084 0.40100 
14.81256 0.40200 
14.81427 0.40300 
14.81595 0.40400 
14.81761 0.40500 
14.81925 0.40600 
14.82088 0.40700 
14.82249 0.40800 
14.82407 0.40900 
14.82564 0.41000 
14.82720 0.41100 
14.82873 0.41200 
14.83025 0.41300 
14.83175 0.41400 
14.83323 0.41500 
14.83470 0.41600 
14.83615 0.41700 
14.83758 0.41800 
14.83900 0.41900 
14.84040 0.42000 
14.84178 0.42100 
14.84315 0.42200 
14.84450 0.42300 
14.84584 0.42400 
14.84716 0.42500 
14.84847 0.42600 
14.84976 0.42700 
14.85104 0.42800 
14.85230 0.42900 
14.85355 0.43000 
14.85479 0.43100 
14.85601 0.43200 
14.85721 0.43300 
14.85841 0.43400 
14.85958 0.43500 
14.86075 0.43600 
14.86190 0.43700 
14.86304 0.43800 
14.86417 0.43900 
14.86528 0.44000 
14.86638 0.44100 
14.86747 0.44200 
14.86855 0.44300 
14.86961 0.44400 
14.87066 0.44500 
14.87170 0.44600 
14.87273 0.44700 
14.87374 0.44800 
14.87475 0.44900 
14.87574 0.45000 
14.87672 0.45100 
14.87769 0.45200 
14.87865 0.45300 
14.87960 0.45400 
14.88054 0.45500 
14.88147 0.45600 
14.88238 0.45700 
14.88329 0.45800 
14.88418 0.45900 
14.88507 0.46000 
14.88594 0.46100 
14.88681 0.46200 
14.88766 0.46300 
14.88851 0.46400 
14.88935 0.46500 
14.89017 0.46600 
14.89099 0.46700 
14.89180 0.46800 
14.89260 0.46900 
14.89339 0.47000 
14.89417 0.47100 
14.89494 0.47200 
14.89570 0.47300 
14.89645 0.47400 
14.89720 0.47500 
14.89794 0.47600 
14.89867 0.47700 
14.89939 0.47800 
14.90010 0.47900 
14.90080 0.48000 
14.90150 0.48100 
14.90219 0.48200 
14.90287 0.48300 
14.90354 0.48400 
14.90420 0.48500 
14.90486 0.48600 
14.90551 0.48700 
14.90615 0.48800 
14.90679 0.48900 
14.90741 0.49000 
14.90804 0.49100 
14.90865 0.49200 
14.90926 0.49300 
14.90986 0.49400 
14.91045 0.49500 
14.91103 0.49600 
14.91161 0.49700 
14.91219 0.49800 
14.91275 0.49900 
14.91331 0.50000 
14.91387 0.50100 
14.91441 0.50200 
14.91496 0.50300 
14.91549 0.50400 
14.91602 0.50500 
14.91654 0.50600 
14.91706 0.50700 
14.91757 0.50800 
14.91808 0.50900 
14.91858 0.51000 
14.91907 0.51100 
14.91956 0.51200 
14.92004 0.51300 
14.92052 0.51400 
14.92099 0.51500 
14.92146 0.51600 
14.92192 0.51700 
14.92237 0.51800 
14.92283 0.51900 
14.92327 0.52000 
14.92371 0.52100 
14.92415 0.52200 
14.92458 0.52300 
14.92500 0.52400 
14.92543 0.52500 
14.92584 0.52600 
14.92625 0.52700 
14.92666 0.52800 
14.92706 0.52900 
14.92746 0.53000 
14.92785 0.53100 
14.92824 0.53200 
14.92863 0.53300 
14.92901 0.53400 
14.92938 0.53500 
14.92975 0.53600 
14.93012 0.53700 
14.93049 0.53800 
14.93084 0.53900 
14.93120 0.54000 
14.93155 0.54100 
14.93190 0.54200 
14.93224 0.54300 
14.93258 0.54400 
14.93291 0.54500 
14.93325 0.54600 
14.93357 0.54700 
14.93390 0.54800 
14.93422 0.54900 
14.93453 0.55000 
14.93485 0.55100 
14.93516 0.55200 
14.93546 0.55300 
14.93577 0.55400 
14.93607 0.55500 
14.93636 0.55600 
14.93665 0.55700 
14.93694 0.55800 
14.93723 0.55900 
14.93751 0.56000 
14.93779 0.56100 
14.93807 0.56200 
14.93834 0.56300 
14.93861 0.56400 
14.93888 0.56500 
14.93914 0.56600 
14.93940 0.56700 
14.93966 0.56800 
14.93991 0.56900 
14.94017 0.57000 
14.94042 0.57100 
14.94066 0.57200 
14.94091 0.57300 
14.94115 0.57400 
14.94138 0.57500 
14.94162 0.57600 
14.94185 0.57700 
14.94208 0.57800 
14.94231 0.57900 
14.94254 0.58000 
14.94276 0.58100 
14.94298 0.58200 
14.94319 0.58300 
14.94341 0.58400 
14.94362 0.58500 
14.94383 0.58600 
14.94404 0.58700 
14.94425 0.58800 
14.94445 0.58900 
14.94465 0.59000 
14.94485 0.59100 
14.94504 0.59200 
14.94524 0.59300 
14.94543 0.59400 
14.94562 0.59500 
14.94581 0.59600 
14.94599 0.59700 
14.94617 0.59800 
14.94636 0.59900 
14.94654 0.60000 
14.94671 0.60100 
14.94689 0.60200 
14.94706 0.60300 
14.94723 0.60400 
14.94740 0.60500 
14.94757 0.60600 
14.94773 0.60700 
14.94790 0.60800 
14.94806 0.60900 
14.94822 0.61000 
14.94838 0.61100 
14.94853 0.61200 
14.94869 0.61300 
14.94884 0.61400 
14.94899 0.61500 
14.94914 0.61600 
14.94929 0.61700 
14.94943 0.61800 
14.94958 0.61900 
14.94972 0.62000 
14.94986 0.62100 
14.95000 0.62200 
14.95014 0.62300 
14.95027 0.62400 
14.95041 0.62500 
14.95054 0.62600 
14.95067 0.62700 
14.95080 0.62800 
14.95093 0.62900 
14.95106 0.63000 
14.95118 0.63100 
14.95131 0.63200 
14.95143 0.63300 
14.95155 0.63400 
14.95167 0.63500 
14.95179 0.63600 
14.95191 0.63700 
14.95203 0.63800 
14.95214 0.63900 
14.95225 0.64000 
14.95237 0.64100 
14.95248 0.64200 
14.95259 0.64300 
14.95270 0.64400 
14.95280 0.64500 
14.95291 0.64600 
14.95301 0.64700 
14.95312 0.64800 
14.95322 0.64900 
14.95332 0.65000 
14.95342 0.65100 
14.95352 0.65200 
14.95362 0.65300 
14.95371 0.65400 
14.95381 0.65500 
14.95390 0.65600 
14.95400 0.65700 
14.95409 0.65800 
14.95418 0.65900 
14.95427 0.66000 
14.95436 0.66100 
14.95445 0.66200 
14.95454 0.66300 
14.95462 0.66400 
14.95471 0.66500 
14.95479 0.66600 
14.95488 0.66700 
14.95496 0.66800 
14.95504 0.66900 
14.95512 0.67000 
14.95520 0.67100 
14.95528 0.67200 
14.95536 0.67300 
14.95544 0.67400 
14.95551 0.67500 
14.95559 0.67600 
14.95566 0.67700 
14.95573 0.67800 
14.95581 0.67900 
14.95588 0.68000 
14.95595 0.68100 
14.95602 0.68200 
14.95609 0.68300 
14.95616 0.68400 
14.95623 0.68500 
14.95629 0.68600 
14.95636 0.68700 
14.95643 0.68800 
14.95649 0.68900 
14.95656 0.69000 
14.95662 0.69100 
14.95668 0.69200 
14.95674 0.69300 
14.95680 0.69400 
14.95687 0.69500 
14.95693 0.69600 
14.95698 0.69700 
14.95704 0.69800 
14.95710 0.69900 
14.95716 0.70000 
14.95721 0.70100 
14.95727 0.70200 
14.95733 0.70300 
14.95738 0.70400 
14.95744 0.70500 
14.95749 0.70600 
14.95754 0.70700 
14.95759 0.70800 
14.95765 0.70900 
14.95770 0.71000 
14.95775 0.71100 
14.95780 0.71200 
14.95785 0.71300 
14.95790 0.71400 
14.95794 0.71500 
14.95799 0.71600 
14.95804 0.71700 
14.95808 0.71800 
14.95813 0.71900 
14.95818 0.72000 
14.95822 0.72100 
14.95827 0.72200 
14.95831 0.72300 
14.95835 0.72400 
14.95840 0.72500 
14.95844 0.72600 
14.95848 0.72700 
14.95852 0.72800 
14.95856 0.72900 
14.95861 0.73000 
14.95865 0.73100 
14.95868 0.73200 
14.95872 0.73300 
14.95876 0.73400 
14.95880 0.73500 
14.95884 0.73600 
14.95888 0.73700 
14.95891 0.73800 
14.95895 0.73900 
14.95899 0.74000 
14.95902 0.74100 
14.95906 0.74200 
14.95909 0.74300 
14.95913 0.74400 
14.95916 0.74500 
14.95920 0.74600 
14.95923 0.74700 
14.95926 0.74800 
14.95930 0.74900 
14.95933 0.75000 
14.95936 0.75100 
14.95939 0.75200 
14.95942 0.75300 
14.95945 0.75400 
14.95948 0.75500 
14.95952 0.75600 
14.95954 0.75700 
14.95957 0.75800 
14.95960 0.75900 
14.95963 0.76000 
14.95966 0.76100 
14.95969 0.76200 
14.95972 0.76300 
14.95974 0.76400 
14.95977 0.76500 
14.95980 0.76600 
14.95983 0.76700 
14.95985 0.76800 
14.95988 0.76900 
14.95990 0.77000 
14.95993 0.77100 
14.95995 0.77200 
14.95998 0.77300 
14.96000 0.77400 
14.96003 0.77500 
14.96005 0.77600 
14.96008 0.77700 
14.96010 0.77800 
14.96012 0.77900 
14.96015 0.78000 
14.96017 0.78100 
14.96019 0.78200 
14.96021 0.78300 
14.96024 0.78400 
14.96026 0.78500 
14.96028 0.78600 
14.96030 0.78700 
14.96032 0.78800 
14.96034 0.78900 
14.96036 0.79000 
14.96038 0.79100 
14.96040 0.79200 
14.96042 0.79300 
14.96044 0.79400 
14.96046 0.79500 
14.96048 0.79600 
14.96050 0.79700 
14.96052 0.79800 
14.96054 0.79900 
14.96056 0.80000 
14.96057 0.80100 
14.96059 0.80200 
14.96061 0.80300 
14.96063 0.80400 
14.96064 0.80500 
14.96066 0.80600 
14.96068 0.80700 
14.96069 0.80800 
14.96071 0.80900 
14.96073 0.81000 
14.96074 0.81100 
14.96076 0.81200 
14.96078 0.81300 
14.96079 0.81400 
14.96081 0.81500 
14.96082 0.81600 
14.96084 0.81700 
14.96085 0.81800 
14.96087 0.81900 
14.96088 0.82000 
14.96090 0.82100 
14.96091 0.82200 
14.96092 0.82300 
14.96094 0.82400 
14.96095 0.82500 
14.96097 0.82600 
14.96098 0.82700 
14.96099 0.82800 
14.96100 0.82900 
14.96102 0.83000 
14.96103 0.83100 
14.96104 0.83200 
14.96106 0.83300 
14.96107 0.83400 
14.96108 0.83500 
14.96109 0.83600 
14.96110 0.83700 
14.96112 0.83800 
14.96113 0.83900 
14.96114 0.84000 
14.96115 0.84100 
14.96116 0.84200 
14.96117 0.84300 
14.96119 0.84400 
14.96120 0.84500 
14.96121 0.84600 
14.96122 0.84700 
14.96123 0.84800 
14.96124 0.84900 
14.96125 0.85000 
14.96126 0.85100 
14.96127 0.85200 
14.96128 0.85300 
14.96129 0.85400 
14.96130 0.85500 
14.96131 0.85600 
14.96132 0.85700 
14.96133 0.85800 
14.96134 0.85900 
14.96135 0.86000 
14.96136 0.86100 
14.96136 0.86200 
14.96137 0.86300 
14.96138 0.86400 
14.96139 0.86500 
14.96140 0.86600 
14.96141 0.86700 
14.96142 0.86800 
14.96143 0.86900 
14.96143 0.87000 
14.96144 0.87100 
14.96145 0.87200 
14.96146 0.87300 
14.96147 0.87400 
14.96147 0.87500 
14.96148 0.87600 
14.96149 0.87700 
14.96150 0.87800 
14.96150 0.87900 
14.96151 0.88000 
14.96152 0.88100 
14.96153 0.88200 
14.96153 0.88300 
14.96154 0.88400 
14.96155 0.88500 
14.96155 0.88600 
14.96156 0.88700 
14.96157 0.88800 
14.96157 0.88900 
14.96158 0.89000 
14.96159 0.89100 
14.96159 0.89200 
14.96160 0.89300 
14.96161 0.89400 
14.96161 0.89500 
14.96162 0.89600 
14.96162 0.89700 
14.96163 0.89800 
14.96164 0.89900 
14.96164 0.90000 
14.96165 0.90100 
14.96165 0.90200 
14.96166 0.90300 
14.96166 0.90400 
14.96167 0.90500 
14.96168 0.90600 
14.96168 0.90700 
14.96169 0.90800 
14.96169 0.90900 
14.96170 0.91000 
14.96170 0.91100 
14.96171 0.91200 
14.96171 0.91300 
14.96172 0.91400 
14.96172 0.91500 
14.96173 0.91600 
14.96173 0.91700 
14.96174 0.91800 
14.96174 0.91900 
14.96175 0.92000 
14.96175 0.92100 
14.96175 0.92200 
14.96176 0.92300 
14.96176 0.92400 
14.96177 0.92500 
14.96177 0.92600 
14.96178 0.92700 
14.96178 0.92800 
14.96179 0.92900 
14.96179 0.93000 
14.96179 0.93100 
14.96180 0.93200 
14.96180 0.93300 
14.96181 0.93400 
14.96181 0.93500 
14.96181 0.93600 
14.96182 0.93700 
14.96182 0.93800 
14.96182 0.93900 
14.96183 0.94000 
14.96183 0.94100 
14.96184 0.94200 
14.96184 0.94300 
14.96184 0.94400 
14.96185 0.94500 
14.96185 0.94600 
14.96185 0.94700 
14.96186 0.94800 
14.96186 0.94900 
14.96186 0.95000 
14.96187 0.95100 
14.96187 0.95200 
14.96187 0.95300 
14.96188 0.95400 
14.96188 0.95500 
14.96188 0.95600 
14.96189 0.95700 
14.96189 0.95800 
14.96189 0.95900 
14.96189 0.96000 
14.96190 0.96100 
14.96190 0.96200 
14.96190 0.96300 
14.96191 0.96400 
14.96191 0.96500 
14.96191 0.96600 
14.96191 0.96700 
14.96192 0.96800 
14.96192 0.96900 
14.96192 0.97000 
14.96192 0.97100 
14.96193 0.97200 
14.96193 0.97300 
14.96193 0.97400 
14.96194 0.97500 
14.96194 0.97600 
14.96194 0.97700 
14.96194 0.97800 
14.96194 0.97900 
14.96195 0.98000 
14.96195 0.98100 
14.96195 0.98200 
14.96195 0.98300 
14.96196 0.98400 
14.96196 0.98500 
14.96196 0.98600 
14.96196 0.98700 
14.96197 0.98800 
14.96197 0.98900 
14.96197 0.99000 
14.96197 0.99100 
14.96197 0.99200 
14.96198 0.99300 
14.96198 0.99400 
14.96198 0.99500 
14.96198 0.99600 
14.96198 0.99700 
14.96199 0.99800 
14.96199 0.99900 
