0.00000 0.00000 
0.00008 0.00100 
0.00030 0.00200 
0.00067 0.00300 
0.00119 0.00400 
0.00186 0.00500 
0.00267 0.00600 
0.00362 0.00700 
0.00471 0.00800 
0.00593 0.00900 
0.00730 0.01000 
0.00880 0.01100 
0.01043 0.01200 
0.01220 0.01300 
0.01409 0.01400 
0.01612 0.01500 
0.01827 0.01600 
0.02055 0.01700 
0.02295 0.01800 
0.02548 0.01900 
0.02813 0.02000 
0.03090 0.02100 
0.03379 0.02200 
0.03679 0.02300 
0.03992 0.02400 
0.04315 0.02500 
0.04651 0.02600 
0.04997 0.02700 
0.05355 0.02800 
0.05723 0.02900 
0.06102 0.03000 
0.06493 0.03100 
0.06893 0.03200 
0.07305 0.03300 
0.07726 0.03400 
0.08158 0.03500 
0.08600 0.03600 
0.09052 0.03700 
0.09514 0.03800 
0.09986 0.03900 
0.10467 0.04000 
0.10959 0.04100 
0.11459 0.04200 
0.11969 0.04300 
0.12488 0.04400 
0.13016 0.04500 
0.13554 0.04600 
0.14100 0.04700 
0.14655 0.04800 
0.15219 0.04900 
0.15792 0.05000 
0.16373 0.05100 
0.16962 0.05200 
0.17560 0.05300 
0.18166 0.05400 
0.18780 0.05500 
0.19403 0.05600 
0.20033 0.05700 
0.20671 0.05800 
0.21317 0.05900 
0.21971 0.06000 
0.22632 0.06100 
0.23301 0.06200 
0.23977 0.06300 
0.24661 0.06400 
0.25352 0.06500 
0.26050 0.06600 
0.26755 0.06700 
0.27468 0.06800 
0.28187 0.06900 
0.28913 0.07000 
0.29646 0.07100 
0.30385 0.07200 
0.31132 0.07300 
0.31884 0.07400 
0.32644 0.07500 
0.33409 0.07600 
0.34181 0.07700 
0.34960 0.07800 
0.35744 0.07900 
0.36535 0.08000 
0.37332 0.08100 
0.38134 0.08200 
0.38943 0.08300 
0.39757 0.08400 
0.40578 0.08500 
0.41403 0.08600 
0.42235 0.08700 
0.43072 0.08800 
0.43915 0.08900 
0.44763 0.09000 
0.45617 0.09100 
0.46476 0.09200 
0.47340 0.09300 
0.48209 0.09400 
0.49084 0.09500 
0.49963 0.09600 
0.50848 0.09700 
0.51738 0.09800 
0.52632 0.09900 
0.53532 0.10000 
0.54436 0.10100 
0.55345 0.10200 
0.56259 0.10300 
0.57177 0.10400 
0.58100 0.10500 
0.59028 0.10600 
0.59960 0.10700 
0.60897 0.10800 
0.61837 0.10900 
0.62783 0.11000 
0.63732 0.11100 
0.64686 0.11200 
0.65644 0.11300 
0.66606 0.11400 
0.67572 0.11500 
0.68543 0.11600 
0.69517 0.11700 
0.70495 0.11800 
0.71477 0.11900 
0.72463 0.12000 
0.73453 0.12100 
0.74447 0.12200 
0.75444 0.12300 
0.76445 0.12400 
0.77450 0.12500 
0.78458 0.12600 
0.79470 0.12700 
0.80486 0.12800 
0.81505 0.12900 
0.82527 0.13000 
0.83553 0.13100 
0.84582 0.13200 
0.85615 0.13300 
0.86650 0.13400 
0.87689 0.13500 
0.88732 0.13600 
0.89777 0.13700 
0.90826 0.13800 
0.91878 0.13900 
0.92932 0.14000 
0.93990 0.14100 
0.95051 0.14200 
0.96115 0.14300 
0.97182 0.14400 
0.98251 0.14500 
0.99324 0.14600 
1.00399 0.14700 
1.01478 0.14800 
1.02559 0.14900 
1.03642 0.15000 
1.04729 0.15100 
1.05818 0.15200 
1.06910 0.15300 
1.08004 0.15400 
1.09101 0.15500 
1.10201 0.15600 
1.11303 0.15700 
1.12408 0.15800 
1.13515 0.15900 
1.14624 0.16000 
1.15736 0.16100 
1.16850 0.16200 
1.17967 0.16300 
1.19086 0.16400 
1.20208 0.16500 
1.21331 0.16600 
1.22457 0.16700 
1.23585 0.16800 
1.24716 0.16900 
1.25848 0.17000 
1.26983 0.17100 
1.28120 0.17200 
1.29258 0.17300 
1.30399 0.17400 
1.31543 0.17500 
1.32688 0.17600 
1.33835 0.17700 
1.34984 0.17800 
1.36135 0.17900 
1.37288 0.18000 
1.38443 0.18100 
1.39600 0.18200 
1.40758 0.18300 
1.41919 0.18400 
1.43081 0.18500 
1.44246 0.18600 
1.45412 0.18700 
1.46580 0.18800 
1.47749 0.18900 
1.48920 0.19000 
1.50093 0.19100 
1.51268 0.19200 
1.52444 0.19300 
1.53623 0.19400 
1.54802 0.19500 
1.55984 0.19600 
1.57166 0.19700 
1.58351 0.19800 
1.59537 0.19900 
1.60725 0.20000 
1.61914 0.20100 
1.63104 0.20200 
1.64296 0.20300 
1.65490 0.20400 
1.66685 0.20500 
1.67882 0.20600 
1.69080 0.20700 
1.70279 0.20800 
1.71480 0.20900 
1.72682 0.21000 
1.73886 0.21100 
1.75091 0.21200 
1.76297 0.21300 
1.77504 0.21400 
1.78713 0.21500 
1.79923 0.21600 
1.81135 0.21700 
1.82347 0.21800 
1.83561 0.21900 
1.84777 0.22000 
1.85993 0.22100 
1.87210 0.22200 
1.88429 0.22300 
1.89649 0.22400 
1.90870 0.22500 
1.92092 0.22600 
1.93316 0.22700 
1.94540 0.22800 
1.95766 0.22900 
1.96993 0.23000 
1.98220 0.23100 
1.99449 0.23200 
2.00679 0.23300 
2.01910 0.23400 
2.03142 0.23500 
2.04375 0.23600 
2.05609 0.23700 
2.06844 0.23800 
2.08080 0.23900 
2.09317 0.24000 
2.10555 0.24100 
2.11794 0.24200 
2.13034 0.24300 
2.14274 0.24400 
2.15516 0.24500 
2.16759 0.24600 
2.18002 0.24700 
2.19247 0.24800 
2.20492 0.24900 
2.21738 0.25000 
2.22985 0.25100 
2.24233 0.25200 
2.25481 0.25300 
2.26731 0.25400 
2.27981 0.25500 
2.29233 0.25600 
2.30485 0.25700 
2.31737 0.25800 
2.32991 0.25900 
2.34245 0.26000 
2.35500 0.26100 
2.36756 0.26200 
2.38013 0.26300 
2.39270 0.26400 
2.40528 0.26500 
2.41787 0.26600 
2.43046 0.26700 
2.44307 0.26800 
2.45568 0.26900 
2.46829 0.27000 
2.48091 0.27100 
2.49354 0.27200 
2.50618 0.27300 
2.51882 0.27400 
2.53147 0.27500 
2.54413 0.27600 
2.55679 0.27700 
2.56946 0.27800 
2.58214 0.27900 
2.59482 0.28000 
2.60751 0.28100 
2.62020 0.28200 
2.63290 0.28300 
2.64560 0.28400 
2.65831 0.28500 
2.67103 0.28600 
2.68375 0.28700 
2.69648 0.28800 
2.70922 0.28900 
2.72196 0.29000 
2.73470 0.29100 
2.74745 0.29200 
2.76021 0.29300 
2.77297 0.29400 
2.78573 0.29500 
2.79850 0.29600 
2.81128 0.29700 
2.82406 0.29800 
2.83685 0.29900 
2.84964 0.30000 
2.86243 0.30100 
2.87523 0.30200 
2.88804 0.30300 
2.90085 0.30400 
2.91366 0.30500 
2.92648 0.30600 
2.93931 0.30700 
2.95214 0.30800 
2.96497 0.30900 
2.97781 0.31000 
2.99065 0.31100 
3.00349 0.31200 
3.01634 0.31300 
3.02920 0.31400 
3.04206 0.31500 
3.05492 0.31600 
3.06778 0.31700 
3.08065 0.31800 
3.09353 0.31900 
3.10641 0.32000 
3.11929 0.32100 
3.13218 0.32200 
3.14507 0.32300 
3.15796 0.32400 
3.17086 0.32500 
3.18376 0.32600 
3.19666 0.32700 
3.20957 0.32800 
3.22248 0.32900 
3.23540 0.33000 
3.24832 0.33100 
3.26124 0.33200 
3.27416 0.33300 
3.28709 0.33400 
3.30002 0.33500 
3.31296 0.33600 
3.32590 0.33700 
3.33884 0.33800 
3.35178 0.33900 
3.36473 0.34000 
3.37768 0.34100 
3.39064 0.34200 
3.40359 0.34300 
3.41655 0.34400 
3.42952 0.34500 
3.44248 0.34600 
3.45545 0.34700 
3.46842 0.34800 
3.48140 0.34900 
3.49437 0.35000 
3.50735 0.35100 
3.52034 0.35200 
3.53332 0.35300 
3.54631 0.35400 
3.55930 0.35500 
3.57229 0.35600 
3.58529 0.35700 
3.59829 0.35800 
3.61129 0.35900 
3.62429 0.36000 
3.63730 0.36100 
3.65030 0.36200 
3.66331 0.36300 
3.67633 0.36400 
3.68934 0.36500 
3.70236 0.36600 
3.71538 0.36700 
3.72840 0.36800 
3.74142 0.36900 
3.75445 0.37000 
3.76748 0.37100 
3.78051 0.37200 
3.79354 0.37300 
3.80658 0.37400 
3.81961 0.37500 
3.83265 0.37600 
3.84569 0.37700 
3.85874 0.37800 
3.87178 0.37900 
3.88483 0.38000 
3.89788 0.38100 
3.91093 0.38200 
3.92398 0.38300 
3.93704 0.38400 
3.95009 0.38500 
3.96315 0.38600 
3.97621 0.38700 
3.98927 0.38800 
4.00234 0.38900 
4.01540 0.39000 
4.02847 0.39100 
4.04154 0.39200 
4.05461 0.39300 
4.06768 0.39400 
4.08076 0.39500 
4.09383 0.39600 
4.10691 0.39700 
4.11999 0.39800 
4.13307 0.39900 
4.14615 0.40000 
4.15923 0.40100 
4.17232 0.40200 
4.18540 0.40300 
4.19849 0.40400 
4.21158 0.40500 
4.22467 0.40600 
4.23776 0.40700 
4.25086 0.40800 
4.26395 0.40900 
4.27705 0.41000 
4.29015 0.41100 
4.30325 0.41200 
4.31635 0.41300 
4.32945 0.41400 
4.34255 0.41500 
4.35566 0.41600 
4.36876 0.41700 
4.38187 0.41800 
4.39498 0.41900 
4.40809 0.42000 
4.42120 0.42100 
4.43431 0.42200 
4.44743 0.42300 
4.46054 0.42400 
4.47366 0.42500 
4.48677 0.42600 
4.49989 0.42700 
4.51301 0.42800 
4.52613 0.42900 
4.53925 0.43000 
4.55237 0.43100 
4.56550 0.43200 
4.57862 0.43300 
4.59175 0.43400 
4.60488 0.43500 
4.61800 0.43600 
4.63113 0.43700 
4.64426 0.43800 
4.65739 0.43900 
4.67052 0.44000 
4.68366 0.44100 
4.69679 0.44200 
4.70993 0.44300 
4.72306 0.44400 
4.73620 0.44500 
4.74934 0.44600 
4.76247 0.44700 
4.77561 0.44800 
4.78875 0.44900 
4.80189 0.45000 
4.81504 0.45100 
4.82818 0.45200 
4.84132 0.45300 
4.85447 0.45400 
4.86761 0.45500 
4.88076 0.45600 
4.89391 0.45700 
4.90705 0.45800 
4.92020 0.45900 
4.93335 0.46000 
4.94650 0.46100 
4.95965 0.46200 
4.97280 0.46300 
4.98596 0.46400 
4.99911 0.46500 
5.01226 0.46600 
5.02542 0.46700 
5.03857 0.46800 
5.05173 0.46900 
5.06489 0.47000 
5.07804 0.47100 
5.09120 0.47200 
5.10436 0.47300 
5.11752 0.47400 
5.13068 0.47500 
5.14384 0.47600 
5.15700 0.47700 
5.17017 0.47800 
5.18333 0.47900 
5.19649 0.48000 
5.20966 0.48100 
5.22282 0.48200 
5.23599 0.48300 
5.24915 0.48400 
5.26232 0.48500 
5.27548 0.48600 
5.28865 0.48700 
5.30182 0.48800 
5.31499 0.48900 
5.32816 0.49000 
5.34133 0.49100 
5.35450 0.49200 
5.36767 0.49300 
5.38084 0.49400 
5.39401 0.49500 
5.40719 0.49600 
5.42036 0.49700 
5.43353 0.49800 
5.44671 0.49900 
5.45988 0.50000 
5.47305 0.50100 
5.48623 0.50200 
5.49941 0.50300 
5.51258 0.50400 
5.52576 0.50500 
5.53894 0.50600 
5.55211 0.50700 
5.56529 0.50800 
5.57847 0.50900 
5.59165 0.51000 
5.60483 0.51100 
5.61801 0.51200 
5.63119 0.51300 
5.64437 0.51400 
5.65755 0.51500 
5.67073 0.51600 
5.68392 0.51700 
5.69710 0.51800 
5.71028 0.51900 
5.72346 0.52000 
5.73665 0.52100 
5.74983 0.52200 
5.76302 0.52300 
5.77620 0.52400 
5.78939 0.52500 
5.80257 0.52600 
5.81576 0.52700 
5.82894 0.52800 
5.84213 0.52900 
5.85532 0.53000 
5.86850 0.53100 
5.88169 0.53200 
5.89488 0.53300 
5.90807 0.53400 
5.92126 0.53500 
5.93445 0.53600 
5.94764 0.53700 
5.96083 0.53800 
5.97402 0.53900 
5.98721 0.54000 
6.00040 0.54100 
6.01359 0.54200 
6.02678 0.54300 
6.03997 0.54400 
6.05316 0.54500 
6.06635 0.54600 
6.07955 0.54700 
6.09274 0.54800 
6.10593 0.54900 
6.11912 0.55000 
6.13232 0.55100 
6.14551 0.55200 
6.15871 0.55300 
6.17190 0.55400 
6.18509 0.55500 
6.19829 0.55600 
6.21148 0.55700 
6.22468 0.55800 
6.23788 0.55900 
6.25107 0.56000 
6.26427 0.56100 
6.27746 0.56200 
6.29066 0.56300 
6.30386 0.56400 
6.31705 0.56500 
6.33025 0.56600 
6.34345 0.56700 
6.35665 0.56800 
6.36984 0.56900 
6.38304 0.57000 
6.39624 0.57100 
6.40944 0.57200 
6.42264 0.57300 
6.43584 0.57400 
6.44904 0.57500 
6.46224 0.57600 
6.47544 0.57700 
6.48864 0.57800 
6.50184 0.57900 
6.51504 0.58000 
6.52824 0.58100 
6.54144 0.58200 
6.55464 0.58300 
6.56784 0.58400 
6.58104 0.58500 
6.59424 0.58600 
6.60744 0.58700 
6.62065 0.58800 
6.63385 0.58900 
6.64705 0.59000 
6.66025 0.59100 
6.67345 0.59200 
6.68666 0.59300 
6.69986 0.59400 
6.71306 0.59500 
6.72627 0.59600 
6.73947 0.59700 
6.75267 0.59800 
6.76588 0.59900 
6.77908 0.60000 
6.79228 0.60100 
6.80549 0.60200 
6.81869 0.60300 
6.83190 0.60400 
6.84510 0.60500 
6.85831 0.60600 
6.87151 0.60700 
6.88472 0.60800 
6.89792 0.60900 
6.91113 0.61000 
6.92433 0.61100 
6.93754 0.61200 
6.95074 0.61300 
6.96395 0.61400 
6.97715 0.61500 
6.99036 0.61600 
7.00357 0.61700 
7.01677 0.61800 
7.02998 0.61900 
7.04319 0.62000 
7.05639 0.62100 
7.06960 0.62200 
7.08281 0.62300 
7.09601 0.62400 
7.10922 0.62500 
7.12243 0.62600 
7.13564 0.62700 
7.14884 0.62800 
7.16205 0.62900 
7.17526 0.63000 
7.18847 0.63100 
7.20167 0.63200 
7.21488 0.63300 
7.22809 0.63400 
7.24130 0.63500 
7.25451 0.63600 
7.26772 0.63700 
7.28093 0.63800 
7.29413 0.63900 
7.30734 0.64000 
7.32055 0.64100 
7.33376 0.64200 
7.34697 0.64300 
7.36018 0.64400 
7.37339 0.64500 
7.38660 0.64600 
7.39981 0.64700 
7.41302 0.64800 
7.42623 0.64900 
7.43944 0.65000 
7.45265 0.65100 
7.46586 0.65200 
7.47907 0.65300 
7.49228 0.65400 
7.50549 0.65500 
7.51870 0.65600 
7.53191 0.65700 
7.54512 0.65800 
7.55833 0.65900 
7.57154 0.66000 
7.58475 0.66100 
7.59796 0.66200 
7.61117 0.66300 
7.62438 0.66400 
7.63759 0.66500 
7.65080 0.66600 
7.66402 0.66700 
7.67723 0.66800 
7.69044 0.66900 
7.70365 0.67000 
7.71686 0.67100 
7.73007 0.67200 
7.74328 0.67300 
7.75650 0.67400 
7.76971 0.67500 
7.78292 0.67600 
7.79613 0.67700 
7.80934 0.67800 
7.82256 0.67900 
7.83577 0.68000 
7.84898 0.68100 
7.86219 0.68200 
7.87540 0.68300 
7.88862 0.68400 
7.90183 0.68500 
7.91504 0.68600 
7.92825 0.68700 
7.94147 0.68800 
7.95468 0.68900 
7.96789 0.69000 
7.98110 0.69100 
7.99432 0.69200 
8.00753 0.69300 
8.02074 0.69400 
8.03396 0.69500 
8.04717 0.69600 
8.06038 0.69700 
8.07359 0.69800 
8.08681 0.69900 
8.10002 0.70000 
8.11323 0.70100 
8.12645 0.70200 
8.13966 0.70300 
8.15287 0.70400 
8.16609 0.70500 
8.17930 0.70600 
8.19251 0.70700 
8.20573 0.70800 
8.21894 0.70900 
8.23216 0.71000 
8.24537 0.71100 
8.25858 0.71200 
8.27180 0.71300 
8.28501 0.71400 
8.29822 0.71500 
8.31144 0.71600 
8.32465 0.71700 
8.33787 0.71800 
8.35108 0.71900 
8.36429 0.72000 
8.37751 0.72100 
8.39072 0.72200 
8.40394 0.72300 
8.41715 0.72400 
8.43037 0.72500 
8.44358 0.72600 
8.45679 0.72700 
8.47001 0.72800 
8.48322 0.72900 
8.49644 0.73000 
8.50965 0.73100 
8.52287 0.73200 
8.53608 0.73300 
8.54930 0.73400 
8.56251 0.73500 
8.57572 0.73600 
8.58894 0.73700 
8.60215 0.73800 
8.61537 0.73900 
8.62858 0.74000 
8.64180 0.74100 
8.65501 0.74200 
8.66823 0.74300 
8.68144 0.74400 
8.69466 0.74500 
8.70787 0.74600 
8.72109 0.74700 
8.73430 0.74800 
8.74752 0.74900 
8.76073 0.75000 
8.77395 0.75100 
8.78716 0.75200 
8.80038 0.75300 
8.81359 0.75400 
8.82681 0.75500 
8.84002 0.75600 
8.85324 0.75700 
8.86645 0.75800 
8.87967 0.75900 
8.89289 0.76000 
8.90610 0.76100 
8.91932 0.76200 
8.93253 0.76300 
8.94575 0.76400 
8.95896 0.76500 
8.97218 0.76600 
8.98539 0.76700 
8.99861 0.76800 
9.01183 0.76900 
9.02504 0.77000 
9.03826 0.77100 
9.05147 0.77200 
9.06469 0.77300 
9.07790 0.77400 
9.09112 0.77500 
9.10433 0.77600 
9.11755 0.77700 
9.13077 0.77800 
9.14398 0.77900 
9.15720 0.78000 
9.17041 0.78100 
9.18363 0.78200 
9.19685 0.78300 
9.21006 0.78400 
9.22328 0.78500 
9.23649 0.78600 
9.24971 0.78700 
9.26293 0.78800 
9.27614 0.78900 
9.28936 0.79000 
9.30257 0.79100 
9.31579 0.79200 
9.32901 0.79300 
9.34222 0.79400 
9.35544 0.79500 
9.36865 0.79600 
9.38187 0.79700 
9.39509 0.79800 
9.40830 0.79900 
9.42152 0.80000 
9.43473 0.80100 
9.44795 0.80200 
9.46117 0.80300 
9.47438 0.80400 
9.48760 0.80500 
9.50082 0.80600 
9.51403 0.80700 
9.52725 0.80800 
9.54046 0.80900 
9.55368 0.81000 
9.56690 0.81100 
9.58011 0.81200 
9.59333 0.81300 
9.60655 0.81400 
9.61976 0.81500 
9.63298 0.81600 
9.64620 0.81700 
9.65941 0.81800 
9.67263 0.81900 
9.68585 0.82000 
9.69906 0.82100 
9.71228 0.82200 
9.72549 0.82300 
9.73871 0.82400 
9.75193 0.82500 
9.76514 0.82600 
9.77836 0.82700 
9.79158 0.82800 
9.80479 0.82900 
9.81801 0.83000 
9.83123 0.83100 
9.84444 0.83200 
9.85766 0.83300 
9.87088 0.83400 
9.88409 0.83500 
9.89731 0.83600 
9.91053 0.83700 
9.92374 0.83800 
9.93696 0.83900 
9.95018 0.84000 
9.96339 0.84100 
9.97661 0.84200 
9.98983 0.84300 
10.00304 0.84400 
10.01626 0.84500 
10.02948 0.84600 
10.04269 0.84700 
10.05591 0.84800 
10.06913 0.84900 
10.08234 0.85000 
10.09556 0.85100 
10.10878 0.85200 
10.12200 0.85300 
10.13521 0.85400 
10.14843 0.85500 
10.16165 0.85600 
10.17486 0.85700 
10.18808 0.85800 
10.20130 0.85900 
10.21451 0.86000 
10.22773 0.86100 
10.24095 0.86200 
10.25416 0.86300 
10.26738 0.86400 
10.28060 0.86500 
10.29381 0.86600 
10.30703 0.86700 
10.32025 0.86800 
10.33347 0.86900 
10.34668 0.87000 
10.35990 0.87100 
10.37312 0.87200 
10.38633 0.87300 
10.39955 0.87400 
10.41277 0.87500 
10.42598 0.87600 
10.43920 0.87700 
10.45242 0.87800 
10.46564 0.87900 
10.47885 0.88000 
10.49207 0.88100 
10.50529 0.88200 
10.51850 0.88300 
10.53172 0.88400 
10.54494 0.88500 
10.55815 0.88600 
10.57137 0.88700 
10.58459 0.88800 
10.59781 0.88900 
10.61102 0.89000 
10.62424 0.89100 
10.63746 0.89200 
10.65067 0.89300 
10.66389 0.89400 
10.67711 0.89500 
10.69033 0.89600 
10.70354 0.89700 
10.71676 0.89800 
10.72998 0.89900 
10.74319 0.90000 
10.75641 0.90100 
10.76963 0.90200 
10.78285 0.90300 
10.79606 0.90400 
10.80928 0.90500 
10.82250 0.90600 
10.83571 0.90700 
10.84893 0.90800 
10.86215 0.90900 
10.87537 0.91000 
10.88858 0.91100 
10.90180 0.91200 
10.91502 0.91300 
10.92823 0.91400 
10.94145 0.91500 
10.95467 0.91600 
10.96789 0.91700 
10.98110 0.91800 
10.99432 0.91900 
11.00754 0.92000 
11.02076 0.92100 
11.03397 0.92200 
11.04719 0.92300 
11.06041 0.92400 
11.07362 0.92500 
11.08684 0.92600 
11.10006 0.92700 
11.11328 0.92800 
11.12649 0.92900 
11.13971 0.93000 
11.15293 0.93100 
11.16615 0.93200 
11.17936 0.93300 
11.19258 0.93400 
11.20580 0.93500 
11.21901 0.93600 
11.23223 0.93700 
11.24545 0.93800 
11.25867 0.93900 
11.27188 0.94000 
11.28510 0.94100 
11.29832 0.94200 
11.31154 0.94300 
11.32475 0.94400 
11.33797 0.94500 
11.35119 0.94600 
11.36440 0.94700 
11.37762 0.94800 
11.39084 0.94900 
11.40406 0.95000 
11.41727 0.95100 
11.43049 0.95200 
11.44371 0.95300 
11.45693 0.95400 
11.47014 0.95500 
11.48336 0.95600 
11.49658 0.95700 
11.50980 0.95800 
11.52301 0.95900 
11.53623 0.96000 
11.54945 0.96100 
11.56266 0.96200 
11.57588 0.96300 
11.58910 0.96400 
11.60232 0.96500 
11.61553 0.96600 
11.62875 0.96700 
11.64197 0.96800 
11.65519 0.96900 
11.66840 0.97000 
11.68162 0.97100 
11.69484 0.97200 
11.70806 0.97300 
11.72127 0.97400 
11.73449 0.97500 
11.74771 0.97600 
11.76093 0.97700 
11.77414 0.97800 
11.78736 0.97900 
11.80058 0.98000 
11.81380 0.98100 
11.82701 0.98200 
11.84023 0.98300 
11.85345 0.98400 
11.86667 0.98500 
11.87988 0.98600 
11.89310 0.98700 
11.90632 0.98800 
11.91953 0.98900 
11.93275 0.99000 
11.94597 0.99100 
11.95919 0.99200 
11.97240 0.99300 
11.98562 0.99400 
11.99884 0.99500 
12.01206 0.99600 
12.02527 0.99700 
12.03849 0.99800 
12.05171 0.99900 
