0.00000 0.00000 
0.00002 0.00100 
0.00006 0.00200 
0.00014 0.00300 
0.00025 0.00400 
0.00038 0.00500 
0.00055 0.00600 
0.00074 0.00700 
0.00097 0.00800 
0.00122 0.00900 
0.00150 0.01000 
0.00180 0.01100 
0.00214 0.01200 
0.00250 0.01300 
0.00289 0.01400 
0.00331 0.01500 
0.00375 0.01600 
0.00421 0.01700 
0.00471 0.01800 
0.00522 0.01900 
0.00577 0.02000 
0.00633 0.02100 
0.00693 0.02200 
0.00754 0.02300 
0.00818 0.02400 
0.00885 0.02500 
0.00953 0.02600 
0.01024 0.02700 
0.01098 0.02800 
0.01173 0.02900 
0.01251 0.03000 
0.01331 0.03100 
0.01413 0.03200 
0.01497 0.03300 
0.01584 0.03400 
0.01672 0.03500 
0.01763 0.03600 
0.01856 0.03700 
0.01950 0.03800 
0.02047 0.03900 
0.02146 0.04000 
0.02246 0.04100 
0.02349 0.04200 
0.02454 0.04300 
0.02560 0.04400 
0.02668 0.04500 
0.02778 0.04600 
0.02890 0.04700 
0.03004 0.04800 
0.03120 0.04900 
0.03237 0.05000 
0.03356 0.05100 
0.03477 0.05200 
0.03600 0.05300 
0.03724 0.05400 
0.03850 0.05500 
0.03977 0.05600 
0.04107 0.05700 
0.04237 0.05800 
0.04370 0.05900 
0.04504 0.06000 
0.04639 0.06100 
0.04776 0.06200 
0.04915 0.06300 
0.05055 0.06400 
0.05197 0.06500 
0.05340 0.06600 
0.05484 0.06700 
0.05630 0.06800 
0.05778 0.06900 
0.05927 0.07000 
0.06077 0.07100 
0.06229 0.07200 
0.06382 0.07300 
0.06536 0.07400 
0.06691 0.07500 
0.06848 0.07600 
0.07007 0.07700 
0.07166 0.07800 
0.07327 0.07900 
0.07489 0.08000 
0.07652 0.08100 
0.07817 0.08200 
0.07983 0.08300 
0.08150 0.08400 
0.08318 0.08500 
0.08487 0.08600 
0.08657 0.08700 
0.08829 0.08800 
0.09002 0.08900 
0.09176 0.09000 
0.09351 0.09100 
0.09527 0.09200 
0.09704 0.09300 
0.09882 0.09400 
0.10061 0.09500 
0.10242 0.09600 
0.10423 0.09700 
0.10605 0.09800 
0.10789 0.09900 
0.10973 0.10000 
0.11158 0.10100 
0.11345 0.10200 
0.11532 0.10300 
0.11720 0.10400 
0.11909 0.10500 
0.12099 0.10600 
0.12291 0.10700 
0.12482 0.10800 
0.12675 0.10900 
0.12869 0.11000 
0.13064 0.11100 
0.13259 0.11200 
0.13456 0.11300 
0.13653 0.11400 
0.13851 0.11500 
0.14050 0.11600 
0.14249 0.11700 
0.14450 0.11800 
0.14651 0.11900 
0.14853 0.12000 
0.15056 0.12100 
0.15260 0.12200 
0.15464 0.12300 
0.15669 0.12400 
0.15875 0.12500 
0.16082 0.12600 
0.16289 0.12700 
0.16498 0.12800 
0.16706 0.12900 
0.16916 0.13000 
0.17126 0.13100 
0.17337 0.13200 
0.17549 0.13300 
0.17761 0.13400 
0.17974 0.13500 
0.18188 0.13600 
0.18402 0.13700 
0.18617 0.13800 
0.18833 0.13900 
0.19049 0.14000 
0.19266 0.14100 
0.19483 0.14200 
0.19701 0.14300 
0.19920 0.14400 
0.20139 0.14500 
0.20359 0.14600 
0.20579 0.14700 
0.20800 0.14800 
0.21022 0.14900 
0.21244 0.15000 
0.21467 0.15100 
0.21690 0.15200 
0.21914 0.15300 
0.22138 0.15400 
0.22363 0.15500 
0.22588 0.15600 
0.22814 0.15700 
0.23041 0.15800 
0.23268 0.15900 
0.23495 0.16000 
0.23723 0.16100 
0.23951 0.16200 
0.24180 0.16300 
0.24410 0.16400 
0.24639 0.16500 
0.24870 0.16600 
0.25100 0.16700 
0.25332 0.16800 
0.25563 0.16900 
0.25795 0.17000 
0.26028 0.17100 
0.26261 0.17200 
0.26495 0.17300 
0.26728 0.17400 
0.26963 0.17500 
0.27197 0.17600 
0.27432 0.17700 
0.27668 0.17800 
0.27904 0.17900 
0.28140 0.18000 
0.28377 0.18100 
0.28614 0.18200 
0.28852 0.18300 
0.29090 0.18400 
0.29328 0.18500 
0.29566 0.18600 
0.29806 0.18700 
0.30045 0.18800 
0.30285 0.18900 
0.30525 0.19000 
0.30765 0.19100 
0.31006 0.19200 
0.31247 0.19300 
0.31489 0.19400 
0.31730 0.19500 
0.31973 0.19600 
0.32215 0.19700 
0.32458 0.19800 
0.32701 0.19900 
0.32944 0.20000 
0.33188 0.20100 
0.33432 0.20200 
0.33677 0.20300 
0.33921 0.20400 
0.34166 0.20500 
0.34411 0.20600 
0.34657 0.20700 
0.34903 0.20800 
0.35149 0.20900 
0.35395 0.21000 
0.35642 0.21100 
0.35889 0.21200 
0.36136 0.21300 
0.36384 0.21400 
0.36631 0.21500 
0.36880 0.21600 
0.37128 0.21700 
0.37376 0.21800 
0.37625 0.21900 
0.37874 0.22000 
0.38124 0.22100 
0.38373 0.22200 
0.38623 0.22300 
0.38873 0.22400 
0.39123 0.22500 
0.39374 0.22600 
0.39624 0.22700 
0.39875 0.22800 
0.40127 0.22900 
0.40378 0.23000 
0.40630 0.23100 
0.40882 0.23200 
0.41134 0.23300 
0.41386 0.23400 
0.41638 0.23500 
0.41891 0.23600 
0.42144 0.23700 
0.42397 0.23800 
0.42651 0.23900 
0.42904 0.24000 
0.43158 0.24100 
0.43412 0.24200 
0.43666 0.24300 
0.43920 0.24400 
0.44175 0.24500 
0.44429 0.24600 
0.44684 0.24700 
0.44939 0.24800 
0.45195 0.24900 
0.45450 0.25000 
0.45706 0.25100 
0.45961 0.25200 
0.46217 0.25300 
0.46473 0.25400 
0.46730 0.25500 
0.46986 0.25600 
0.47243 0.25700 
0.47499 0.25800 
0.47756 0.25900 
0.48013 0.26000 
0.48271 0.26100 
0.48528 0.26200 
0.48786 0.26300 
0.49043 0.26400 
0.49301 0.26500 
0.49559 0.26600 
0.49817 0.26700 
0.50076 0.26800 
0.50334 0.26900 
0.50593 0.27000 
0.50851 0.27100 
0.51110 0.27200 
0.51369 0.27300 
0.51629 0.27400 
0.51888 0.27500 
0.52147 0.27600 
0.52407 0.27700 
0.52666 0.27800 
0.52926 0.27900 
0.53186 0.28000 
0.53446 0.28100 
0.53706 0.28200 
0.53967 0.28300 
0.54227 0.28400 
0.54488 0.28500 
0.54748 0.28600 
0.55009 0.28700 
0.55270 0.28800 
0.55531 0.28900 
0.55792 0.29000 
0.56053 0.29100 
0.56315 0.29200 
0.56576 0.29300 
0.56838 0.29400 
0.57099 0.29500 
0.57361 0.29600 
0.57623 0.29700 
0.57885 0.29800 
0.58147 0.29900 
0.58409 0.30000 
0.58671 0.30100 
0.58934 0.30200 
0.59196 0.30300 
0.59459 0.30400 
0.59721 0.30500 
0.59984 0.30600 
0.60247 0.30700 
0.60510 0.30800 
0.60773 0.30900 
0.61036 0.31000 
0.61299 0.31100 
0.61563 0.31200 
0.61826 0.31300 
0.62089 0.31400 
0.62353 0.31500 
0.62617 0.31600 
0.62880 0.31700 
0.63144 0.31800 
0.63408 0.31900 
0.63672 0.32000 
0.63936 0.32100 
0.64200 0.32200 
0.64464 0.32300 
0.64729 0.32400 
0.64993 0.32500 
0.65257 0.32600 
0.65522 0.32700 
0.65786 0.32800 
0.66051 0.32900 
0.66316 0.33000 
0.66581 0.33100 
0.66845 0.33200 
0.67110 0.33300 
0.67375 0.33400 
0.67640 0.33500 
0.67906 0.33600 
0.68171 0.33700 
0.68436 0.33800 
0.68701 0.33900 
0.68967 0.34000 
0.69232 0.34100 
0.69498 0.34200 
0.69763 0.34300 
0.70029 0.34400 
0.70295 0.34500 
0.70560 0.34600 
0.70826 0.34700 
0.71092 0.34800 
0.71358 0.34900 
0.71624 0.35000 
0.71890 0.35100 
0.72156 0.35200 
0.72422 0.35300 
0.72689 0.35400 
0.72955 0.35500 
0.73221 0.35600 
0.73487 0.35700 
0.73754 0.35800 
0.74020 0.35900 
0.74287 0.36000 
0.74553 0.36100 
0.74820 0.36200 
0.75087 0.36300 
0.75353 0.36400 
0.75620 0.36500 
0.75887 0.36600 
0.76154 0.36700 
0.76421 0.36800 
0.76688 0.36900 
0.76955 0.37000 
0.77222 0.37100 
0.77489 0.37200 
0.77756 0.37300 
0.78023 0.37400 
0.78290 0.37500 
0.78558 0.37600 
0.78825 0.37700 
0.79092 0.37800 
0.79360 0.37900 
0.79627 0.38000 
0.79895 0.38100 
0.80162 0.38200 
0.80430 0.38300 
0.80697 0.38400 
0.80965 0.38500 
0.81232 0.38600 
0.81500 0.38700 
0.81768 0.38800 
0.82036 0.38900 
0.82303 0.39000 
0.82571 0.39100 
0.82839 0.39200 
0.83107 0.39300 
0.83375 0.39400 
0.83643 0.39500 
0.83911 0.39600 
0.84179 0.39700 
0.84447 0.39800 
0.84715 0.39900 
0.84983 0.40000 
0.85252 0.40100 
0.85520 0.40200 
0.85788 0.40300 
0.86056 0.40400 
0.86325 0.40500 
0.86593 0.40600 
0.86861 0.40700 
0.87130 0.40800 
0.87398 0.40900 
0.87666 0.41000 
0.87935 0.41100 
0.88203 0.41200 
0.88472 0.41300 
0.88740 0.41400 
0.89009 0.41500 
0.89278 0.41600 
0.89546 0.41700 
0.89815 0.41800 
0.90084 0.41900 
0.90352 0.42000 
0.90621 0.42100 
0.90890 0.42200 
0.91159 0.42300 
0.91427 0.42400 
0.91696 0.42500 
0.91965 0.42600 
0.92234 0.42700 
0.92503 0.42800 
0.92772 0.42900 
0.93041 0.43000 
0.93310 0.43100 
0.93579 0.43200 
0.93848 0.43300 
0.94117 0.43400 
0.94386 0.43500 
0.94655 0.43600 
0.94924 0.43700 
0.95193 0.43800 
0.95462 0.43900 
0.95731 0.44000 
0.96001 0.44100 
0.96270 0.44200 
0.96539 0.44300 
0.96808 0.44400 
0.97078 0.44500 
0.97347 0.44600 
0.97616 0.44700 
0.97885 0.44800 
0.98155 0.44900 
0.98424 0.45000 
0.98693 0.45100 
0.98963 0.45200 
0.99232 0.45300 
0.99502 0.45400 
0.99771 0.45500 
1.00041 0.45600 
1.00310 0.45700 
1.00580 0.45800 
1.00849 0.45900 
1.01119 0.46000 
1.01388 0.46100 
1.01658 0.46200 
1.01927 0.46300 
1.02197 0.46400 
1.02466 0.46500 
1.02736 0.46600 
1.03006 0.46700 
1.03275 0.46800 
1.03545 0.46900 
1.03815 0.47000 
1.04084 0.47100 
1.04354 0.47200 
1.04624 0.47300 
1.04893 0.47400 
1.05163 0.47500 
1.05433 0.47600 
1.05703 0.47700 
1.05972 0.47800 
1.06242 0.47900 
1.06512 0.48000 
1.06782 0.48100 
1.07052 0.48200 
1.07322 0.48300 
1.07591 0.48400 
1.07861 0.48500 
1.08131 0.48600 
1.08401 0.48700 
1.08671 0.48800 
1.08941 0.48900 
1.09211 0.49000 
1.09481 0.49100 
1.09751 0.49200 
1.10021 0.49300 
1.10291 0.49400 
1.10561 0.49500 
1.10831 0.49600 
1.11101 0.49700 
1.11371 0.49800 
1.11641 0.49900 
1.11911 0.50000 
1.12181 0.50100 
1.12451 0.50200 
1.12721 0.50300 
1.12991 0.50400 
1.13261 0.50500 
1.13531 0.50600 
1.13801 0.50700 
1.14071 0.50800 
1.14341 0.50900 
1.14612 0.51000 
1.14882 0.51100 
1.15152 0.51200 
1.15422 0.51300 
1.15692 0.51400 
1.15962 0.51500 
1.16233 0.51600 
1.16503 0.51700 
1.16773 0.51800 
1.17043 0.51900 
1.17313 0.52000 
1.17584 0.52100 
1.17854 0.52200 
1.18124 0.52300 
1.18394 0.52400 
1.18665 0.52500 
1.18935 0.52600 
1.19205 0.52700 
1.19475 0.52800 
1.19746 0.52900 
1.20016 0.53000 
1.20286 0.53100 
1.20557 0.53200 
1.20827 0.53300 
1.21097 0.53400 
1.21367 0.53500 
1.21638 0.53600 
1.21908 0.53700 
1.22178 0.53800 
1.22449 0.53900 
1.22719 0.54000 
1.22990 0.54100 
1.23260 0.54200 
1.23530 0.54300 
1.23801 0.54400 
1.24071 0.54500 
1.24341 0.54600 
1.24612 0.54700 
1.24882 0.54800 
1.25153 0.54900 
1.25423 0.55000 
1.25694 0.55100 
1.25964 0.55200 
1.26234 0.55300 
1.26505 0.55400 
1.26775 0.55500 
1.27046 0.55600 
1.27316 0.55700 
1.27587 0.55800 
1.27857 0.55900 
1.28128 0.56000 
1.28398 0.56100 
1.28669 0.56200 
1.28939 0.56300 
1.29210 0.56400 
1.29480 0.56500 
1.29751 0.56600 
1.30021 0.56700 
1.30292 0.56800 
1.30562 0.56900 
1.30833 0.57000 
1.31103 0.57100 
1.31374 0.57200 
1.31644 0.57300 
1.31915 0.57400 
1.32185 0.57500 
1.32456 0.57600 
1.32726 0.57700 
1.32997 0.57800 
1.33267 0.57900 
1.33538 0.58000 
1.33809 0.58100 
1.34079 0.58200 
1.34350 0.58300 
1.34620 0.58400 
1.34891 0.58500 
1.35162 0.58600 
1.35432 0.58700 
1.35703 0.58800 
1.35973 0.58900 
1.36244 0.59000 
1.36515 0.59100 
1.36785 0.59200 
1.37056 0.59300 
1.37326 0.59400 
1.37597 0.59500 
1.37868 0.59600 
1.38138 0.59700 
1.38409 0.59800 
1.38679 0.59900 
1.38950 0.60000 
1.39221 0.60100 
1.39491 0.60200 
1.39762 0.60300 
1.40033 0.60400 
1.40303 0.60500 
1.40574 0.60600 
1.40845 0.60700 
1.41115 0.60800 
1.41386 0.60900 
1.41657 0.61000 
1.41927 0.61100 
1.42198 0.61200 
1.42469 0.61300 
1.42739 0.61400 
1.43010 0.61500 
1.43281 0.61600 
1.43551 0.61700 
1.43822 0.61800 
1.44093 0.61900 
1.44363 0.62000 
1.44634 0.62100 
1.44905 0.62200 
1.45176 0.62300 
1.45446 0.62400 
1.45717 0.62500 
1.45988 0.62600 
1.46258 0.62700 
1.46529 0.62800 
1.46800 0.62900 
1.47071 0.63000 
1.47341 0.63100 
1.47612 0.63200 
1.47883 0.63300 
1.48153 0.63400 
1.48424 0.63500 
1.48695 0.63600 
1.48966 0.63700 
1.49236 0.63800 
1.49507 0.63900 
1.49778 0.64000 
1.50049 0.64100 
1.50319 0.64200 
1.50590 0.64300 
1.50861 0.64400 
1.51132 0.64500 
1.51402 0.64600 
1.51673 0.64700 
1.51944 0.64800 
1.52215 0.64900 
1.52485 0.65000 
1.52756 0.65100 
1.53027 0.65200 
1.53298 0.65300 
1.53568 0.65400 
1.53839 0.65500 
1.54110 0.65600 
1.54381 0.65700 
1.54652 0.65800 
1.54922 0.65900 
1.55193 0.66000 
1.55464 0.66100 
1.55735 0.66200 
1.56005 0.66300 
1.56276 0.66400 
1.56547 0.66500 
1.56818 0.66600 
1.57089 0.66700 
1.57359 0.66800 
1.57630 0.66900 
1.57901 0.67000 
1.58172 0.67100 
1.58443 0.67200 
1.58713 0.67300 
1.58984 0.67400 
1.59255 0.67500 
1.59526 0.67600 
1.59796 0.67700 
1.60067 0.67800 
1.60338 0.67900 
1.60609 0.68000 
1.60880 0.68100 
1.61151 0.68200 
1.61421 0.68300 
1.61692 0.68400 
1.61963 0.68500 
1.62234 0.68600 
1.62505 0.68700 
1.62775 0.68800 
1.63046 0.68900 
1.63317 0.69000 
1.63588 0.69100 
1.63859 0.69200 
1.64129 0.69300 
1.64400 0.69400 
1.64671 0.69500 
1.64942 0.69600 
1.65213 0.69700 
1.65484 0.69800 
1.65754 0.69900 
1.66025 0.70000 
1.66296 0.70100 
1.66567 0.70200 
1.66838 0.70300 
1.67109 0.70400 
1.67379 0.70500 
1.67650 0.70600 
1.67921 0.70700 
1.68192 0.70800 
1.68463 0.70900 
1.68734 0.71000 
1.69004 0.71100 
1.69275 0.71200 
1.69546 0.71300 
1.69817 0.71400 
1.70088 0.71500 
1.70359 0.71600 
1.70630 0.71700 
1.70900 0.71800 
1.71171 0.71900 
1.71442 0.72000 
1.71713 0.72100 
1.71984 0.72200 
1.72255 0.72300 
1.72525 0.72400 
1.72796 0.72500 
1.73067 0.72600 
1.73338 0.72700 
1.73609 0.72800 
1.73880 0.72900 
1.74151 0.73000 
1.74421 0.73100 
1.74692 0.73200 
1.74963 0.73300 
1.75234 0.73400 
1.75505 0.73500 
1.75776 0.73600 
1.76047 0.73700 
1.76317 0.73800 
1.76588 0.73900 
1.76859 0.74000 
1.77130 0.74100 
1.77401 0.74200 
1.77672 0.74300 
1.77943 0.74400 
1.78213 0.74500 
1.78484 0.74600 
1.78755 0.74700 
1.79026 0.74800 
1.79297 0.74900 
1.79568 0.75000 
1.79839 0.75100 
1.80110 0.75200 
1.80380 0.75300 
1.80651 0.75400 
1.80922 0.75500 
1.81193 0.75600 
1.81464 0.75700 
1.81735 0.75800 
1.82006 0.75900 
1.82277 0.76000 
1.82547 0.76100 
1.82818 0.76200 
1.83089 0.76300 
1.83360 0.76400 
1.83631 0.76500 
1.83902 0.76600 
1.84173 0.76700 
1.84444 0.76800 
1.84714 0.76900 
1.84985 0.77000 
1.85256 0.77100 
1.85527 0.77200 
1.85798 0.77300 
1.86069 0.77400 
1.86340 0.77500 
1.86611 0.77600 
1.86881 0.77700 
1.87152 0.77800 
1.87423 0.77900 
1.87694 0.78000 
1.87965 0.78100 
1.88236 0.78200 
1.88507 0.78300 
1.88778 0.78400 
1.89049 0.78500 
1.89319 0.78600 
1.89590 0.78700 
1.89861 0.78800 
1.90132 0.78900 
1.90403 0.79000 
1.90674 0.79100 
1.90945 0.79200 
1.91216 0.79300 
1.91487 0.79400 
1.91757 0.79500 
1.92028 0.79600 
1.92299 0.79700 
1.92570 0.79800 
1.92841 0.79900 
1.93112 0.80000 
1.93383 0.80100 
1.93654 0.80200 
1.93925 0.80300 
1.94195 0.80400 
1.94466 0.80500 
1.94737 0.80600 
1.95008 0.80700 
1.95279 0.80800 
1.95550 0.80900 
1.95821 0.81000 
1.96092 0.81100 
1.96363 0.81200 
1.96633 0.81300 
1.96904 0.81400 
1.97175 0.81500 
1.97446 0.81600 
1.97717 0.81700 
1.97988 0.81800 
1.98259 0.81900 
1.98530 0.82000 
1.98801 0.82100 
1.99072 0.82200 
1.99342 0.82300 
1.99613 0.82400 
1.99884 0.82500 
2.00155 0.82600 
2.00426 0.82700 
2.00697 0.82800 
2.00968 0.82900 
2.01239 0.83000 
2.01510 0.83100 
2.01781 0.83200 
2.02051 0.83300 
2.02322 0.83400 
2.02593 0.83500 
2.02864 0.83600 
2.03135 0.83700 
2.03406 0.83800 
2.03677 0.83900 
2.03948 0.84000 
2.04219 0.84100 
2.04490 0.84200 
2.04760 0.84300 
2.05031 0.84400 
2.05302 0.84500 
2.05573 0.84600 
2.05844 0.84700 
2.06115 0.84800 
2.06386 0.84900 
2.06657 0.85000 
2.06928 0.85100 
2.07199 0.85200 
2.07469 0.85300 
2.07740 0.85400 
2.08011 0.85500 
2.08282 0.85600 
2.08553 0.85700 
2.08824 0.85800 
2.09095 0.85900 
2.09366 0.86000 
2.09637 0.86100 
2.09908 0.86200 
2.10179 0.86300 
2.10449 0.86400 
2.10720 0.86500 
2.10991 0.86600 
2.11262 0.86700 
2.11533 0.86800 
2.11804 0.86900 
2.12075 0.87000 
2.12346 0.87100 
2.12617 0.87200 
2.12888 0.87300 
2.13158 0.87400 
2.13429 0.87500 
2.13700 0.87600 
2.13971 0.87700 
2.14242 0.87800 
2.14513 0.87900 
2.14784 0.88000 
2.15055 0.88100 
2.15326 0.88200 
2.15597 0.88300 
2.15868 0.88400 
2.16138 0.88500 
2.16409 0.88600 
2.16680 0.88700 
2.16951 0.88800 
2.17222 0.88900 
2.17493 0.89000 
2.17764 0.89100 
2.18035 0.89200 
2.18306 0.89300 
2.18577 0.89400 
2.18848 0.89500 
2.19118 0.89600 
2.19389 0.89700 
2.19660 0.89800 
2.19931 0.89900 
2.20202 0.90000 
2.20473 0.90100 
2.20744 0.90200 
2.21015 0.90300 
2.21286 0.90400 
2.21557 0.90500 
2.21828 0.90600 
2.22098 0.90700 
2.22369 0.90800 
2.22640 0.90900 
2.22911 0.91000 
2.23182 0.91100 
2.23453 0.91200 
2.23724 0.91300 
2.23995 0.91400 
2.24266 0.91500 
2.24537 0.91600 
2.24808 0.91700 
2.25079 0.91800 
2.25349 0.91900 
2.25620 0.92000 
2.25891 0.92100 
2.26162 0.92200 
2.26433 0.92300 
2.26704 0.92400 
2.26975 0.92500 
2.27246 0.92600 
2.27517 0.92700 
2.27788 0.92800 
2.28059 0.92900 
2.28329 0.93000 
2.28600 0.93100 
2.28871 0.93200 
2.29142 0.93300 
2.29413 0.93400 
2.29684 0.93500 
2.29955 0.93600 
2.30226 0.93700 
2.30497 0.93800 
2.30768 0.93900 
2.31039 0.94000 
2.31310 0.94100 
2.31580 0.94200 
2.31851 0.94300 
2.32122 0.94400 
2.32393 0.94500 
2.32664 0.94600 
2.32935 0.94700 
2.33206 0.94800 
2.33477 0.94900 
2.33748 0.95000 
2.34019 0.95100 
2.34290 0.95200 
2.34560 0.95300 
2.34831 0.95400 
2.35102 0.95500 
2.35373 0.95600 
2.35644 0.95700 
2.35915 0.95800 
2.36186 0.95900 
2.36457 0.96000 
2.36728 0.96100 
2.36999 0.96200 
2.37270 0.96300 
2.37541 0.96400 
2.37811 0.96500 
2.38082 0.96600 
2.38353 0.96700 
2.38624 0.96800 
2.38895 0.96900 
2.39166 0.97000 
2.39437 0.97100 
2.39708 0.97200 
2.39979 0.97300 
2.40250 0.97400 
2.40521 0.97500 
2.40792 0.97600 
2.41062 0.97700 
2.41333 0.97800 
2.41604 0.97900 
2.41875 0.98000 
2.42146 0.98100 
2.42417 0.98200 
2.42688 0.98300 
2.42959 0.98400 
2.43230 0.98500 
2.43501 0.98600 
2.43772 0.98700 
2.44043 0.98800 
2.44313 0.98900 
2.44584 0.99000 
2.44855 0.99100 
2.45126 0.99200 
2.45397 0.99300 
2.45668 0.99400 
2.45939 0.99500 
2.46210 0.99600 
2.46481 0.99700 
2.46752 0.99800 
2.47023 0.99900 
