0.00000 0.00000 
-0.09969 0.00100 
-0.19823 0.00200 
-0.29566 0.00300 
-0.39197 0.00400 
-0.48718 0.00500 
-0.58131 0.00600 
-0.67436 0.00700 
-0.76636 0.00800 
-0.85730 0.00900 
-0.94721 0.01000 
-1.03609 0.01100 
-1.12396 0.01200 
-1.21083 0.01300 
-1.29670 0.01400 
-1.38160 0.01500 
-1.46553 0.01600 
-1.54850 0.01700 
-1.63053 0.01800 
-1.71162 0.01900 
-1.79178 0.02000 
-1.87103 0.02100 
-1.94938 0.02200 
-2.02684 0.02300 
-2.10341 0.02400 
-2.17910 0.02500 
-2.25394 0.02600 
-2.32792 0.02700 
-2.40106 0.02800 
-2.47337 0.02900 
-2.54485 0.03000 
-2.61552 0.03100 
-2.68538 0.03200 
-2.75444 0.03300 
-2.82272 0.03400 
-2.89022 0.03500 
-2.95694 0.03600 
-3.02291 0.03700 
-3.08813 0.03800 
-3.15260 0.03900 
-3.21633 0.04000 
-3.27934 0.04100 
-3.34163 0.04200 
-3.40321 0.04300 
-3.46409 0.04400 
-3.52428 0.04500 
-3.58378 0.04600 
-3.64260 0.04700 
-3.70075 0.04800 
-3.75823 0.04900 
-3.81506 0.05000 
-3.87124 0.05100 
-3.92679 0.05200 
-3.98170 0.05300 
-4.03598 0.05400 
-4.08964 0.05500 
-4.14269 0.05600 
-4.19514 0.05700 
-4.24699 0.05800 
-4.29825 0.05900 
-4.34892 0.06000 
-4.39901 0.06100 
-4.44854 0.06200 
-4.49750 0.06300 
-4.54590 0.06400 
-4.59375 0.06500 
-4.64105 0.06600 
-4.68782 0.06700 
-4.73405 0.06800 
-4.77975 0.06900 
-4.82493 0.07000 
-4.86960 0.07100 
-4.91376 0.07200 
-4.95741 0.07300 
-5.00057 0.07400 
-5.04324 0.07500 
-5.08541 0.07600 
-5.12711 0.07700 
-5.16833 0.07800 
-5.20909 0.07900 
-5.24937 0.08000 
-5.28920 0.08100 
-5.32858 0.08200 
-5.36750 0.08300 
-5.40598 0.08400 
-5.44402 0.08500 
-5.48163 0.08600 
-5.51881 0.08700 
-5.55557 0.08800 
-5.59190 0.08900 
-5.62783 0.09000 
-5.66334 0.09100 
-5.69845 0.09200 
-5.73315 0.09300 
-5.76747 0.09400 
-5.80139 0.09500 
-5.83492 0.09600 
-5.86807 0.09700 
-5.90084 0.09800 
-5.93324 0.09900 
-5.96527 0.10000 
-5.99694 0.10100 
-6.02824 0.10200 
-6.05919 0.10300 
-6.08978 0.10400 
-6.12003 0.10500 
-6.14993 0.10600 
-6.17949 0.10700 
-6.20871 0.10800 
-6.23760 0.10900 
-6.26616 0.11000 
-6.29440 0.11100 
-6.32231 0.11200 
-6.34990 0.11300 
-6.37718 0.11400 
-6.40415 0.11500 
-6.43081 0.11600 
-6.45717 0.11700 
-6.48323 0.11800 
-6.50899 0.11900 
-6.53445 0.12000 
-6.55963 0.12100 
-6.58452 0.12200 
-6.60912 0.12300 
-6.63345 0.12400 
-6.65749 0.12500 
-6.68127 0.12600 
-6.70477 0.12700 
-6.72800 0.12800 
-6.75097 0.12900 
-6.77368 0.13000 
-6.79613 0.13100 
-6.81832 0.13200 
-6.84026 0.13300 
-6.86195 0.13400 
-6.88339 0.13500 
-6.90459 0.13600 
-6.92555 0.13700 
-6.94626 0.13800 
-6.96674 0.13900 
-6.98699 0.14000 
-7.00701 0.14100 
-7.02680 0.14200 
-7.04636 0.14300 
-7.06570 0.14400 
-7.08482 0.14500 
-7.10372 0.14600 
-7.12241 0.14700 
-7.14088 0.14800 
-7.15914 0.14900 
-7.17719 0.15000 
-7.19504 0.15100 
-7.21269 0.15200 
-7.23013 0.15300 
-7.24738 0.15400 
-7.26442 0.15500 
-7.28128 0.15600 
-7.29794 0.15700 
-7.31441 0.15800 
-7.33069 0.15900 
-7.34679 0.16000 
-7.36271 0.16100 
-7.37844 0.16200 
-7.39400 0.16300 
-7.40937 0.16400 
-7.42457 0.16500 
-7.43960 0.16600 
-7.45446 0.16700 
-7.46915 0.16800 
-7.48367 0.16900 
-7.49802 0.17000 
-7.51221 0.17100 
-7.52624 0.17200 
-7.54011 0.17300 
-7.55382 0.17400 
-7.56737 0.17500 
-7.58077 0.17600 
-7.59402 0.17700 
-7.60712 0.17800 
-7.62006 0.17900 
-7.63286 0.18000 
-7.64552 0.18100 
-7.65803 0.18200 
-7.67039 0.18300 
-7.68262 0.18400 
-7.69470 0.18500 
-7.70665 0.18600 
-7.71847 0.18700 
-7.73014 0.18800 
-7.74169 0.18900 
-7.75310 0.19000 
-7.76438 0.19100 
-7.77554 0.19200 
-7.78656 0.19300 
-7.79747 0.19400 
-7.80824 0.19500 
-7.81890 0.19600 
-7.82943 0.19700 
-7.83984 0.19800 
-7.85014 0.19900 
-7.86031 0.20000 
-7.87037 0.20100 
-7.88032 0.20200 
-7.89015 0.20300 
-7.89987 0.20400 
-7.90947 0.20500 
-7.91897 0.20600 
-7.92835 0.20700 
-7.93763 0.20800 
-7.94680 0.20900 
-7.95587 0.21000 
-7.96484 0.21100 
-7.97370 0.21200 
-7.98246 0.21300 
-7.99112 0.21400 
-7.99969 0.21500 
-8.00815 0.21600 
-8.01652 0.21700 
-8.02480 0.21800 
-8.03298 0.21900 
-8.04107 0.22000 
-8.04906 0.22100 
-8.05697 0.22200 
-8.06478 0.22300 
-8.07250 0.22400 
-8.08014 0.22500 
-8.08769 0.22600 
-8.09516 0.22700 
-8.10254 0.22800 
-8.10983 0.22900 
-8.11704 0.23000 
-8.12417 0.23100 
-8.13122 0.23200 
-8.13819 0.23300 
-8.14508 0.23400 
-8.15189 0.23500 
-8.15863 0.23600 
-8.16528 0.23700 
-8.17186 0.23800 
-8.17837 0.23900 
-8.18480 0.24000 
-8.19116 0.24100 
-8.19745 0.24200 
-8.20366 0.24300 
-8.20981 0.24400 
-8.21588 0.24500 
-8.22188 0.24600 
-8.22782 0.24700 
-8.23369 0.24800 
-8.23949 0.24900 
-8.24523 0.25000 
-8.25090 0.25100 
-8.25651 0.25200 
-8.26205 0.25300 
-8.26753 0.25400 
-8.27294 0.25500 
-8.27830 0.25600 
-8.28359 0.25700 
-8.28883 0.25800 
-8.29400 0.25900 
-8.29912 0.26000 
-8.30417 0.26100 
-8.30917 0.26200 
-8.31412 0.26300 
-8.31900 0.26400 
-8.32383 0.26500 
-8.32861 0.26600 
-8.33333 0.26700 
-8.33800 0.26800 
-8.34261 0.26900 
-8.34718 0.27000 
-8.35169 0.27100 
-8.35614 0.27200 
-8.36055 0.27300 
-8.36491 0.27400 
-8.36922 0.27500 
-8.37348 0.27600 
-8.37769 0.27700 
-8.38185 0.27800 
-8.38597 0.27900 
-8.39003 0.28000 
-8.39406 0.28100 
-8.39803 0.28200 
-8.40196 0.28300 
-8.40585 0.28400 
-8.40969 0.28500 
-8.41349 0.28600 
-8.41725 0.28700 
-8.42096 0.28800 
-8.42463 0.28900 
-8.42826 0.29000 
-8.43184 0.29100 
-8.43539 0.29200 
-8.43889 0.29300 
-8.44236 0.29400 
-8.44579 0.29500 
-8.44917 0.29600 
-8.45252 0.29700 
-8.45583 0.29800 
-8.45911 0.29900 
-8.46234 0.30000 
-8.46554 0.30100 
-8.46871 0.30200 
-8.47183 0.30300 
-8.47492 0.30400 
-8.47798 0.30500 
-8.48100 0.30600 
-8.48399 0.30700 
-8.48694 0.30800 
-8.48986 0.30900 
-8.49275 0.31000 
-8.49560 0.31100 
-8.49842 0.31200 
-8.50121 0.31300 
-8.50397 0.31400 
-8.50669 0.31500 
-8.50939 0.31600 
-8.51205 0.31700 
-8.51468 0.31800 
-8.51729 0.31900 
-8.51986 0.32000 
-8.52240 0.32100 
-8.52492 0.32200 
-8.52741 0.32300 
-8.52986 0.32400 
-8.53229 0.32500 
-8.53470 0.32600 
-8.53707 0.32700 
-8.53942 0.32800 
-8.54174 0.32900 
-8.54403 0.33000 
-8.54630 0.33100 
-8.54854 0.33200 
-8.55076 0.33300 
-8.55295 0.33400 
-8.55512 0.33500 
-8.55726 0.33600 
-8.55938 0.33700 
-8.56147 0.33800 
-8.56354 0.33900 
-8.56559 0.34000 
-8.56761 0.34100 
-8.56961 0.34200 
-8.57159 0.34300 
-8.57354 0.34400 
-8.57547 0.34500 
-8.57738 0.34600 
-8.57927 0.34700 
-8.58114 0.34800 
-8.58298 0.34900 
-8.58481 0.35000 
-8.58661 0.35100 
-8.58839 0.35200 
-8.59016 0.35300 
-8.59190 0.35400 
-8.59362 0.35500 
-8.59533 0.35600 
-8.59701 0.35700 
-8.59867 0.35800 
-8.60032 0.35900 
-8.60195 0.36000 
-8.60355 0.36100 
-8.60514 0.36200 
-8.60672 0.36300 
-8.60827 0.36400 
-8.60981 0.36500 
-8.61133 0.36600 
-8.61283 0.36700 
-8.61431 0.36800 
-8.61578 0.36900 
-8.61723 0.37000 
-8.61867 0.37100 
-8.62009 0.37200 
-8.62149 0.37300 
-8.62287 0.37400 
-8.62425 0.37500 
-8.62560 0.37600 
-8.62694 0.37700 
-8.62826 0.37800 
-8.62957 0.37900 
-8.63087 0.38000 
-8.63215 0.38100 
-8.63341 0.38200 
-8.63466 0.38300 
-8.63590 0.38400 
-8.63712 0.38500 
-8.63833 0.38600 
-8.63952 0.38700 
-8.64070 0.38800 
-8.64187 0.38900 
-8.64302 0.39000 
-8.64417 0.39100 
-8.64529 0.39200 
-8.64641 0.39300 
-8.64751 0.39400 
-8.64860 0.39500 
-8.64968 0.39600 
-8.65074 0.39700 
-8.65180 0.39800 
-8.65284 0.39900 
-8.65387 0.40000 
-8.65488 0.40100 
-8.65589 0.40200 
-8.65688 0.40300 
-8.65787 0.40400 
-8.65884 0.40500 
-8.65980 0.40600 
-8.66075 0.40700 
-8.66169 0.40800 
-8.66262 0.40900 
-8.66353 0.41000 
-8.66444 0.41100 
-8.66534 0.41200 
-8.66622 0.41300 
-8.66710 0.41400 
-8.66797 0.41500 
-8.66882 0.41600 
-8.66967 0.41700 
-8.67051 0.41800 
-8.67134 0.41900 
-8.67215 0.42000 
-8.67296 0.42100 
-8.67376 0.42200 
-8.67455 0.42300 
-8.67534 0.42400 
-8.67611 0.42500 
-8.67687 0.42600 
-8.67763 0.42700 
-8.67837 0.42800 
-8.67911 0.42900 
-8.67984 0.43000 
-8.68056 0.43100 
-8.68128 0.43200 
-8.68198 0.43300 
-8.68268 0.43400 
-8.68337 0.43500 
-8.68405 0.43600 
-8.68472 0.43700 
-8.68539 0.43800 
-8.68605 0.43900 
-8.68670 0.44000 
-8.68734 0.44100 
-8.68798 0.44200 
-8.68861 0.44300 
-8.68923 0.44400 
-8.68984 0.44500 
-8.69045 0.44600 
-8.69105 0.44700 
-8.69164 0.44800 
-8.69223 0.44900 
-8.69281 0.45000 
-8.69338 0.45100 
-8.69395 0.45200 
-8.69451 0.45300 
-8.69507 0.45400 
-8.69561 0.45500 
-8.69616 0.45600 
-8.69669 0.45700 
-8.69722 0.45800 
-8.69774 0.45900 
-8.69826 0.46000 
-8.69877 0.46100 
-8.69928 0.46200 
-8.69978 0.46300 
-8.70027 0.46400 
-8.70076 0.46500 
-8.70124 0.46600 
-8.70172 0.46700 
-8.70219 0.46800 
-8.70266 0.46900 
-8.70312 0.47000 
-8.70358 0.47100 
-8.70403 0.47200 
-8.70447 0.47300 
-8.70491 0.47400 
-8.70535 0.47500 
-8.70578 0.47600 
-8.70621 0.47700 
-8.70663 0.47800 
-8.70704 0.47900 
-8.70745 0.48000 
-8.70786 0.48100 
-8.70826 0.48200 
-8.70866 0.48300 
-8.70905 0.48400 
-8.70944 0.48500 
-8.70983 0.48600 
-8.71021 0.48700 
-8.71058 0.48800 
-8.71095 0.48900 
-8.71132 0.49000 
-8.71168 0.49100 
-8.71204 0.49200 
-8.71240 0.49300 
-8.71275 0.49400 
-8.71309 0.49500 
-8.71344 0.49600 
-8.71377 0.49700 
-8.71411 0.49800 
-8.71444 0.49900 
-8.71477 0.50000 
-8.71509 0.50100 
-8.71541 0.50200 
-8.71573 0.50300 
-8.71604 0.50400 
-8.71635 0.50500 
-8.71665 0.50600 
-8.71696 0.50700 
-8.71726 0.50800 
-8.71755 0.50900 
-8.71784 0.51000 
-8.71813 0.51100 
-8.71842 0.51200 
-8.71870 0.51300 
-8.71898 0.51400 
-8.71926 0.51500 
-8.71953 0.51600 
-8.71980 0.51700 
-8.72006 0.51800 
-8.72033 0.51900 
-8.72059 0.52000 
-8.72085 0.52100 
-8.72110 0.52200 
-8.72135 0.52300 
-8.72160 0.52400 
-8.72185 0.52500 
-8.72209 0.52600 
-8.72233 0.52700 
-8.72257 0.52800 
-8.72280 0.52900 
-8.72304 0.53000 
-8.72327 0.53100 
-8.72349 0.53200 
-8.72372 0.53300 
-8.72394 0.53400 
-8.72416 0.53500 
-8.72438 0.53600 
-8.72459 0.53700 
-8.72481 0.53800 
-8.72501 0.53900 
-8.72522 0.54000 
-8.72543 0.54100 
-8.72563 0.54200 
-8.72583 0.54300 
-8.72603 0.54400 
-8.72622 0.54500 
-8.72642 0.54600 
-8.72661 0.54700 
-8.72680 0.54800 
-8.72699 0.54900 
-8.72717 0.55000 
-8.72735 0.55100 
-8.72754 0.55200 
-8.72771 0.55300 
-8.72789 0.55400 
-8.72807 0.55500 
-8.72824 0.55600 
-8.72841 0.55700 
-8.72858 0.55800 
-8.72875 0.55900 
-8.72891 0.56000 
-8.72907 0.56100 
-8.72924 0.56200 
-8.72940 0.56300 
-8.72955 0.56400 
-8.72971 0.56500 
-8.72986 0.56600 
-8.73002 0.56700 
-8.73017 0.56800 
-8.73032 0.56900 
-8.73046 0.57000 
-8.73061 0.57100 
-8.73075 0.57200 
-8.73090 0.57300 
-8.73104 0.57400 
-8.73118 0.57500 
-8.73131 0.57600 
-8.73145 0.57700 
-8.73158 0.57800 
-8.73172 0.57900 
-8.73185 0.58000 
-8.73198 0.58100 
-8.73211 0.58200 
-8.73223 0.58300 
-8.73236 0.58400 
-8.73248 0.58500 
-8.73261 0.58600 
-8.73273 0.58700 
-8.73285 0.58800 
-8.73297 0.58900 
-8.73308 0.59000 
-8.73320 0.59100 
-8.73331 0.59200 
-8.73343 0.59300 
-8.73354 0.59400 
-8.73365 0.59500 
-8.73376 0.59600 
-8.73387 0.59700 
-8.73398 0.59800 
-8.73408 0.59900 
-8.73419 0.60000 
-8.73429 0.60100 
-8.73439 0.60200 
-8.73449 0.60300 
-8.73459 0.60400 
-8.73469 0.60500 
-8.73479 0.60600 
-8.73489 0.60700 
-8.73498 0.60800 
-8.73508 0.60900 
-8.73517 0.61000 
-8.73526 0.61100 
-8.73535 0.61200 
-8.73544 0.61300 
-8.73553 0.61400 
-8.73562 0.61500 
-8.73571 0.61600 
-8.73580 0.61700 
-8.73588 0.61800 
-8.73596 0.61900 
-8.73605 0.62000 
-8.73613 0.62100 
-8.73621 0.62200 
-8.73629 0.62300 
-8.73637 0.62400 
-8.73645 0.62500 
-8.73653 0.62600 
-8.73661 0.62700 
-8.73668 0.62800 
-8.73676 0.62900 
-8.73683 0.63000 
-8.73690 0.63100 
-8.73698 0.63200 
-8.73705 0.63300 
-8.73712 0.63400 
-8.73719 0.63500 
-8.73726 0.63600 
-8.73733 0.63700 
-8.73740 0.63800 
-8.73746 0.63900 
-8.73753 0.64000 
-8.73760 0.64100 
-8.73766 0.64200 
-8.73772 0.64300 
-8.73779 0.64400 
-8.73785 0.64500 
-8.73791 0.64600 
-8.73797 0.64700 
-8.73803 0.64800 
-8.73809 0.64900 
-8.73815 0.65000 
-8.73821 0.65100 
-8.73827 0.65200 
-8.73833 0.65300 
-8.73838 0.65400 
-8.73844 0.65500 
-8.73849 0.65600 
-8.73855 0.65700 
-8.73860 0.65800 
-8.73866 0.65900 
-8.73871 0.66000 
-8.73876 0.66100 
-8.73881 0.66200 
-8.73886 0.66300 
-8.73891 0.66400 
-8.73896 0.66500 
-8.73901 0.66600 
-8.73906 0.66700 
-8.73911 0.66800 
-8.73916 0.66900 
-8.73921 0.67000 
-8.73925 0.67100 
-8.73930 0.67200 
-8.73934 0.67300 
-8.73939 0.67400 
-8.73943 0.67500 
-8.73948 0.67600 
-8.73952 0.67700 
-8.73956 0.67800 
-8.73961 0.67900 
-8.73965 0.68000 
-8.73969 0.68100 
-8.73973 0.68200 
-8.73977 0.68300 
-8.73981 0.68400 
-8.73985 0.68500 
-8.73989 0.68600 
-8.73993 0.68700 
-8.73997 0.68800 
-8.74001 0.68900 
-8.74004 0.69000 
-8.74008 0.69100 
-8.74012 0.69200 
-8.74015 0.69300 
-8.74019 0.69400 
-8.74022 0.69500 
-8.74026 0.69600 
-8.74029 0.69700 
-8.74033 0.69800 
-8.74036 0.69900 
-8.74040 0.70000 
-8.74043 0.70100 
-8.74046 0.70200 
-8.74049 0.70300 
-8.74053 0.70400 
-8.74056 0.70500 
-8.74059 0.70600 
-8.74062 0.70700 
-8.74065 0.70800 
-8.74068 0.70900 
-8.74071 0.71000 
-8.74074 0.71100 
-8.74077 0.71200 
-8.74080 0.71300 
-8.74083 0.71400 
-8.74086 0.71500 
-8.74088 0.71600 
-8.74091 0.71700 
-8.74094 0.71800 
-8.74096 0.71900 
-8.74099 0.72000 
-8.74102 0.72100 
-8.74104 0.72200 
-8.74107 0.72300 
-8.74110 0.72400 
-8.74112 0.72500 
-8.74115 0.72600 
-8.74117 0.72700 
-8.74119 0.72800 
-8.74122 0.72900 
-8.74124 0.73000 
-8.74127 0.73100 
-8.74129 0.73200 
-8.74131 0.73300 
-8.74133 0.73400 
-8.74136 0.73500 
-8.74138 0.73600 
-8.74140 0.73700 
-8.74142 0.73800 
-8.74144 0.73900 
-8.74147 0.74000 
-8.74149 0.74100 
-8.74151 0.74200 
-8.74153 0.74300 
-8.74155 0.74400 
-8.74157 0.74500 
-8.74159 0.74600 
-8.74161 0.74700 
-8.74163 0.74800 
-8.74165 0.74900 
-8.74166 0.75000 
-8.74168 0.75100 
-8.74170 0.75200 
-8.74172 0.75300 
-8.74174 0.75400 
-8.74176 0.75500 
-8.74177 0.75600 
-8.74179 0.75700 
-8.74181 0.75800 
-8.74183 0.75900 
-8.74184 0.76000 
-8.74186 0.76100 
-8.74188 0.76200 
-8.74189 0.76300 
-8.74191 0.76400 
-8.74192 0.76500 
-8.74194 0.76600 
-8.74196 0.76700 
-8.74197 0.76800 
-8.74199 0.76900 
-8.74200 0.77000 
-8.74202 0.77100 
-8.74203 0.77200 
-8.74205 0.77300 
-8.74206 0.77400 
-8.74207 0.77500 
-8.74209 0.77600 
-8.74210 0.77700 
-8.74212 0.77800 
-8.74213 0.77900 
-8.74214 0.78000 
-8.74216 0.78100 
-8.74217 0.78200 
-8.74218 0.78300 
-8.74220 0.78400 
-8.74221 0.78500 
-8.74222 0.78600 
-8.74223 0.78700 
-8.74225 0.78800 
-8.74226 0.78900 
-8.74227 0.79000 
-8.74228 0.79100 
-8.74229 0.79200 
-8.74230 0.79300 
-8.74232 0.79400 
-8.74233 0.79500 
-8.74234 0.79600 
-8.74235 0.79700 
-8.74236 0.79800 
-8.74237 0.79900 
-8.74238 0.80000 
-8.74239 0.80100 
-8.74240 0.80200 
-8.74241 0.80300 
-8.74242 0.80400 
-8.74243 0.80500 
-8.74244 0.80600 
-8.74245 0.80700 
-8.74246 0.80800 
-8.74247 0.80900 
-8.74248 0.81000 
-8.74249 0.81100 
-8.74250 0.81200 
-8.74251 0.81300 
-8.74252 0.81400 
-8.74253 0.81500 
-8.74254 0.81600 
-8.74255 0.81700 
-8.74256 0.81800 
-8.74256 0.81900 
-8.74257 0.82000 
-8.74258 0.82100 
-8.74259 0.82200 
-8.74260 0.82300 
-8.74261 0.82400 
-8.74261 0.82500 
-8.74262 0.82600 
-8.74263 0.82700 
-8.74264 0.82800 
-8.74264 0.82900 
-8.74265 0.83000 
-8.74266 0.83100 
-8.74267 0.83200 
-8.74267 0.83300 
-8.74268 0.83400 
-8.74269 0.83500 
-8.74270 0.83600 
-8.74270 0.83700 
-8.74271 0.83800 
-8.74272 0.83900 
-8.74272 0.84000 
-8.74273 0.84100 
-8.74274 0.84200 
-8.74274 0.84300 
-8.74275 0.84400 
-8.74276 0.84500 
-8.74276 0.84600 
-8.74277 0.84700 
-8.74278 0.84800 
-8.74278 0.84900 
-8.74279 0.85000 
-8.74279 0.85100 
-8.74280 0.85200 
-8.74281 0.85300 
-8.74281 0.85400 
-8.74282 0.85500 
-8.74282 0.85600 
-8.74283 0.85700 
-8.74283 0.85800 
-8.74284 0.85900 
-8.74284 0.86000 
-8.74285 0.86100 
-8.74285 0.86200 
-8.74286 0.86300 
-8.74287 0.86400 
-8.74287 0.86500 
-8.74288 0.86600 
-8.74288 0.86700 
-8.74289 0.86800 
-8.74289 0.86900 
-8.74290 0.87000 
-8.74290 0.87100 
-8.74290 0.87200 
-8.74291 0.87300 
-8.74291 0.87400 
-8.74292 0.87500 
-8.74292 0.87600 
-8.74293 0.87700 
-8.74293 0.87800 
-8.74294 0.87900 
-8.74294 0.88000 
-8.74294 0.88100 
-8.74295 0.88200 
-8.74295 0.88300 
-8.74296 0.88400 
-8.74296 0.88500 
-8.74297 0.88600 
-8.74297 0.88700 
-8.74297 0.88800 
-8.74298 0.88900 
-8.74298 0.89000 
-8.74298 0.89100 
-8.74299 0.89200 
-8.74299 0.89300 
-8.74300 0.89400 
-8.74300 0.89500 
-8.74300 0.89600 
-8.74301 0.89700 
-8.74301 0.89800 
-8.74301 0.89900 
-8.74302 0.90000 
-8.74302 0.90100 
-8.74302 0.90200 
-8.74303 0.90300 
-8.74303 0.90400 
-8.74303 0.90500 
-8.74304 0.90600 
-8.74304 0.90700 
-8.74304 0.90800 
-8.74305 0.90900 
-8.74305 0.91000 
-8.74305 0.91100 
-8.74305 0.91200 
-8.74306 0.91300 
-8.74306 0.91400 
-8.74306 0.91500 
-8.74307 0.91600 
-8.74307 0.91700 
-8.74307 0.91800 
-8.74307 0.91900 
-8.74308 0.92000 
-8.74308 0.92100 
-8.74308 0.92200 
-8.74309 0.92300 
-8.74309 0.92400 
-8.74309 0.92500 
-8.74309 0.92600 
-8.74310 0.92700 
-8.74310 0.92800 
-8.74310 0.92900 
-8.74310 0.93000 
-8.74311 0.93100 
-8.74311 0.93200 
-8.74311 0.93300 
-8.74311 0.93400 
-8.74312 0.93500 
-8.74312 0.93600 
-8.74312 0.93700 
-8.74312 0.93800 
-8.74312 0.93900 
-8.74313 0.94000 
-8.74313 0.94100 
-8.74313 0.94200 
-8.74313 0.94300 
-8.74313 0.94400 
-8.74314 0.94500 
-8.74314 0.94600 
-8.74314 0.94700 
-8.74314 0.94800 
-8.74314 0.94900 
-8.74315 0.95000 
-8.74315 0.95100 
-8.74315 0.95200 
-8.74315 0.95300 
-8.74315 0.95400 
-8.74316 0.95500 
-8.74316 0.95600 
-8.74316 0.95700 
-8.74316 0.95800 
-8.74316 0.95900 
-8.74316 0.96000 
-8.74317 0.96100 
-8.74317 0.96200 
-8.74317 0.96300 
-8.74317 0.96400 
-8.74317 0.96500 
-8.74317 0.96600 
-8.74318 0.96700 
-8.74318 0.96800 
-8.74318 0.96900 
-8.74318 0.97000 
-8.74318 0.97100 
-8.74318 0.97200 
-8.74319 0.97300 
-8.74319 0.97400 
-8.74319 0.97500 
-8.74319 0.97600 
-8.74319 0.97700 
-8.74319 0.97800 
-8.74319 0.97900 
-8.74320 0.98000 
-8.74320 0.98100 
-8.74320 0.98200 
-8.74320 0.98300 
-8.74320 0.98400 
-8.74320 0.98500 
-8.74320 0.98600 
-8.74320 0.98700 
-8.74321 0.98800 
-8.74321 0.98900 
-8.74321 0.99000 
-8.74321 0.99100 
-8.74321 0.99200 
-8.74321 0.99300 
-8.74321 0.99400 
-8.74321 0.99500 
-8.74322 0.99600 
-8.74322 0.99700 
-8.74322 0.99800 
-8.74322 0.99900 
