0.00000 0.00000 
0.00002 0.00100 
0.00010 0.00200 
0.00026 0.00300 
0.00050 0.00400 
0.00082 0.00500 
0.00122 0.00600 
0.00170 0.00700 
0.00226 0.00800 
0.00289 0.00900 
0.00360 0.01000 
0.00438 0.01100 
0.00524 0.01200 
0.00617 0.01300 
0.00717 0.01400 
0.00825 0.01500 
0.00939 0.01600 
0.01061 0.01700 
0.01189 0.01800 
0.01324 0.01900 
0.01466 0.02000 
0.01615 0.02100 
0.01770 0.02200 
0.01931 0.02300 
0.02099 0.02400 
0.02274 0.02500 
0.02455 0.02600 
0.02641 0.02700 
0.02835 0.02800 
0.03034 0.02900 
0.03239 0.03000 
0.03450 0.03100 
0.03667 0.03200 
0.03890 0.03300 
0.04118 0.03400 
0.04352 0.03500 
0.04592 0.03600 
0.04837 0.03700 
0.05088 0.03800 
0.05344 0.03900 
0.05606 0.04000 
0.05873 0.04100 
0.06145 0.04200 
0.06422 0.04300 
0.06705 0.04400 
0.06992 0.04500 
0.07284 0.04600 
0.07582 0.04700 
0.07884 0.04800 
0.08191 0.04900 
0.08503 0.05000 
0.08819 0.05100 
0.09140 0.05200 
0.09466 0.05300 
0.09796 0.05400 
0.10131 0.05500 
0.10471 0.05600 
0.10814 0.05700 
0.11162 0.05800 
0.11515 0.05900 
0.11871 0.06000 
0.12232 0.06100 
0.12597 0.06200 
0.12966 0.06300 
0.13339 0.06400 
0.13716 0.06500 
0.14097 0.06600 
0.14482 0.06700 
0.14871 0.06800 
0.15263 0.06900 
0.15660 0.07000 
0.16060 0.07100 
0.16464 0.07200 
0.16871 0.07300 
0.17283 0.07400 
0.17697 0.07500 
0.18116 0.07600 
0.18537 0.07700 
0.18963 0.07800 
0.19391 0.07900 
0.19823 0.08000 
0.20258 0.08100 
0.20697 0.08200 
0.21139 0.08300 
0.21584 0.08400 
0.22032 0.08500 
0.22484 0.08600 
0.22938 0.08700 
0.23396 0.08800 
0.23856 0.08900 
0.24320 0.09000 
0.24787 0.09100 
0.25256 0.09200 
0.25729 0.09300 
0.26204 0.09400 
0.26682 0.09500 
0.27163 0.09600 
0.27647 0.09700 
0.28133 0.09800 
0.28623 0.09900 
0.29114 0.10000 
0.29609 0.10100 
0.30106 0.10200 
0.30606 0.10300 
0.31108 0.10400 
0.31613 0.10500 
0.32120 0.10600 
0.32630 0.10700 
0.33142 0.10800 
0.33657 0.10900 
0.34174 0.11000 
0.34693 0.11100 
0.35215 0.11200 
0.35739 0.11300 
0.36265 0.11400 
0.36793 0.11500 
0.37324 0.11600 
0.37857 0.11700 
0.38392 0.11800 
0.38929 0.11900 
0.39469 0.12000 
0.40010 0.12100 
0.40554 0.12200 
0.41099 0.12300 
0.41647 0.12400 
0.42197 0.12500 
0.42748 0.12600 
0.43302 0.12700 
0.43857 0.12800 
0.44415 0.12900 
0.44974 0.13000 
0.45535 0.13100 
0.46098 0.13200 
0.46663 0.13300 
0.47230 0.13400 
0.47798 0.13500 
0.48369 0.13600 
0.48941 0.13700 
0.49514 0.13800 
0.50090 0.13900 
0.50667 0.14000 
0.51246 0.14100 
0.51826 0.14200 
0.52408 0.14300 
0.52992 0.14400 
0.53577 0.14500 
0.54164 0.14600 
0.54752 0.14700 
0.55342 0.14800 
0.55934 0.14900 
0.56527 0.15000 
0.57121 0.15100 
0.57717 0.15200 
0.58314 0.15300 
0.58913 0.15400 
0.59513 0.15500 
0.60115 0.15600 
0.60718 0.15700 
0.61322 0.15800 
0.61928 0.15900 
0.62535 0.16000 
0.63143 0.16100 
0.63753 0.16200 
0.64364 0.16300 
0.64976 0.16400 
0.65590 0.16500 
0.66205 0.16600 
0.66821 0.16700 
0.67438 0.16800 
0.68056 0.16900 
0.68676 0.17000 
0.69297 0.17100 
0.69919 0.17200 
0.70542 0.17300 
0.71166 0.17400 
0.71792 0.17500 
0.72418 0.17600 
0.73046 0.17700 
0.73675 0.17800 
0.74304 0.17900 
0.74935 0.18000 
0.75567 0.18100 
0.76200 0.18200 
0.76834 0.18300 
0.77469 0.18400 
0.78105 0.18500 
0.78742 0.18600 
0.79380 0.18700 
0.80019 0.18800 
0.80659 0.18900 
0.81299 0.19000 
0.81941 0.19100 
0.82584 0.19200 
0.83228 0.19300 
0.83872 0.19400 
0.84518 0.19500 
0.85164 0.19600 
0.85811 0.19700 
0.86459 0.19800 
0.87108 0.19900 
0.87758 0.20000 
0.88409 0.20100 
0.89060 0.20200 
0.89712 0.20300 
0.90365 0.20400 
0.91019 0.20500 
0.91674 0.20600 
0.92329 0.20700 
0.92985 0.20800 
0.93642 0.20900 
0.94300 0.21000 
0.94958 0.21100 
0.95617 0.21200 
0.96277 0.21300 
0.96938 0.21400 
0.97599 0.21500 
0.98261 0.21600 
0.98924 0.21700 
0.99587 0.21800 
1.00251 0.21900 
1.00916 0.22000 
1.01582 0.22100 
1.02248 0.22200 
1.02914 0.22300 
1.03582 0.22400 
1.04250 0.22500 
1.04918 0.22600 
1.05587 0.22700 
1.06257 0.22800 
1.06928 0.22900 
1.07599 0.23000 
1.08270 0.23100 
1.08942 0.23200 
1.09615 0.23300 
1.10288 0.23400 
1.10962 0.23500 
1.11637 0.23600 
1.12312 0.23700 
1.12987 0.23800 
1.13663 0.23900 
1.14340 0.24000 
1.15017 0.24100 
1.15695 0.24200 
1.16373 0.24300 
1.17052 0.24400 
1.17731 0.24500 
1.18410 0.24600 
1.19091 0.24700 
1.19771 0.24800 
1.20452 0.24900 
1.21134 0.25000 
1.21816 0.25100 
1.22499 0.25200 
1.23182 0.25300 
1.23865 0.25400 
1.24549 0.25500 
1.25233 0.25600 
1.25918 0.25700 
1.26603 0.25800 
1.27289 0.25900 
1.27975 0.26000 
1.28661 0.26100 
1.29348 0.26200 
1.30036 0.26300 
1.30723 0.26400 
1.31411 0.26500 
1.32100 0.26600 
1.32789 0.26700 
1.33478 0.26800 
1.34168 0.26900 
1.34858 0.27000 
1.35548 0.27100 
1.36239 0.27200 
1.36930 0.27300 
1.37621 0.27400 
1.38313 0.27500 
1.39005 0.27600 
1.39698 0.27700 
1.40391 0.27800 
1.41084 0.27900 
1.41777 0.28000 
1.42471 0.28100 
1.43166 0.28200 
1.43860 0.28300 
1.44555 0.28400 
1.45250 0.28500 
1.45946 0.28600 
1.46641 0.28700 
1.47337 0.28800 
1.48034 0.28900 
1.48730 0.29000 
1.49427 0.29100 
1.50125 0.29200 
1.50822 0.29300 
1.51520 0.29400 
1.52218 0.29500 
1.52917 0.29600 
1.53615 0.29700 
1.54314 0.29800 
1.55013 0.29900 
1.55713 0.30000 
1.56413 0.30100 
1.57113 0.30200 
1.57813 0.30300 
1.58514 0.30400 
1.59214 0.30500 
1.59915 0.30600 
1.60617 0.30700 
1.61318 0.30800 
1.62020 0.30900 
1.62722 0.31000 
1.63424 0.31100 
1.64127 0.31200 
1.64829 0.31300 
1.65532 0.31400 
1.66235 0.31500 
1.66939 0.31600 
1.67642 0.31700 
1.68346 0.31800 
1.69050 0.31900 
1.69754 0.32000 
1.70459 0.32100 
1.71163 0.32200 
1.71868 0.32300 
1.72573 0.32400 
1.73278 0.32500 
1.73984 0.32600 
1.74690 0.32700 
1.75395 0.32800 
1.76101 0.32900 
1.76808 0.33000 
1.77514 0.33100 
1.78221 0.33200 
1.78927 0.33300 
1.79634 0.33400 
1.80341 0.33500 
1.81049 0.33600 
1.81756 0.33700 
1.82464 0.33800 
1.83172 0.33900 
1.83880 0.34000 
1.84588 0.34100 
1.85296 0.34200 
1.86005 0.34300 
1.86713 0.34400 
1.87422 0.34500 
1.88131 0.34600 
1.88840 0.34700 
1.89549 0.34800 
1.90259 0.34900 
1.90968 0.35000 
1.91678 0.35100 
1.92388 0.35200 
1.93098 0.35300 
1.93808 0.35400 
1.94518 0.35500 
1.95229 0.35600 
1.95939 0.35700 
1.96650 0.35800 
1.97361 0.35900 
1.98072 0.36000 
1.98783 0.36100 
1.99494 0.36200 
2.00205 0.36300 
2.00917 0.36400 
2.01628 0.36500 
2.02340 0.36600 
2.03052 0.36700 
2.03764 0.36800 
2.04476 0.36900 
2.05188 0.37000 
2.05900 0.37100 
2.06613 0.37200 
2.07325 0.37300 
2.08038 0.37400 
2.08751 0.37500 
2.09464 0.37600 
2.10177 0.37700 
2.10890 0.37800 
2.11603 0.37900 
2.12316 0.38000 
2.13030 0.38100 
2.13743 0.38200 
2.14457 0.38300 
2.15171 0.38400 
2.15885 0.38500 
2.16599 0.38600 
2.17313 0.38700 
2.18027 0.38800 
2.18741 0.38900 
2.19455 0.39000 
2.20170 0.39100 
2.20884 0.39200 
2.21599 0.39300 
2.22313 0.39400 
2.23028 0.39500 
2.23743 0.39600 
2.24458 0.39700 
2.25173 0.39800 
2.25888 0.39900 
2.26603 0.40000 
2.27319 0.40100 
2.28034 0.40200 
2.28750 0.40300 
2.29465 0.40400 
2.30181 0.40500 
2.30896 0.40600 
2.31612 0.40700 
2.32328 0.40800 
2.33044 0.40900 
2.33760 0.41000 
2.34476 0.41100 
2.35192 0.41200 
2.35908 0.41300 
2.36625 0.41400 
2.37341 0.41500 
2.38057 0.41600 
2.38774 0.41700 
2.39490 0.41800 
2.40207 0.41900 
2.40924 0.42000 
2.41641 0.42100 
2.42357 0.42200 
2.43074 0.42300 
2.43791 0.42400 
2.44508 0.42500 
2.45225 0.42600 
2.45942 0.42700 
2.46660 0.42800 
2.47377 0.42900 
2.48094 0.43000 
2.48812 0.43100 
2.49529 0.43200 
2.50247 0.43300 
2.50964 0.43400 
2.51682 0.43500 
2.52399 0.43600 
2.53117 0.43700 
2.53835 0.43800 
2.54553 0.43900 
2.55271 0.44000 
2.55989 0.44100 
2.56707 0.44200 
2.57425 0.44300 
2.58143 0.44400 
2.58861 0.44500 
2.59579 0.44600 
2.60297 0.44700 
2.61016 0.44800 
2.61734 0.44900 
2.62452 0.45000 
2.63171 0.45100 
2.63889 0.45200 
2.64608 0.45300 
2.65326 0.45400 
2.66045 0.45500 
2.66763 0.45600 
2.67482 0.45700 
2.68201 0.45800 
2.68920 0.45900 
2.69639 0.46000 
2.70357 0.46100 
2.71076 0.46200 
2.71795 0.46300 
2.72514 0.46400 
2.73233 0.46500 
2.73952 0.46600 
2.74671 0.46700 
2.75391 0.46800 
2.76110 0.46900 
2.76829 0.47000 
2.77548 0.47100 
2.78268 0.47200 
2.78987 0.47300 
2.79706 0.47400 
2.80426 0.47500 
2.81145 0.47600 
2.81865 0.47700 
2.82584 0.47800 
2.83304 0.47900 
2.84023 0.48000 
2.84743 0.48100 
2.85462 0.48200 
2.86182 0.48300 
2.86902 0.48400 
2.87622 0.48500 
2.88341 0.48600 
2.89061 0.48700 
2.89781 0.48800 
2.90501 0.48900 
2.91221 0.49000 
2.91941 0.49100 
2.92660 0.49200 
2.93380 0.49300 
2.94100 0.49400 
2.94820 0.49500 
2.95541 0.49600 
2.96261 0.49700 
2.96981 0.49800 
2.97701 0.49900 
2.98421 0.50000 
2.99141 0.50100 
2.99861 0.50200 
3.00582 0.50300 
3.01302 0.50400 
3.02022 0.50500 
3.02743 0.50600 
3.03463 0.50700 
3.04183 0.50800 
3.04904 0.50900 
3.05624 0.51000 
3.06344 0.51100 
3.07065 0.51200 
3.07785 0.51300 
3.08506 0.51400 
3.09226 0.51500 
3.09947 0.51600 
3.10668 0.51700 
3.11388 0.51800 
3.12109 0.51900 
3.12829 0.52000 
3.13550 0.52100 
3.14271 0.52200 
3.14991 0.52300 
3.15712 0.52400 
3.16433 0.52500 
3.17154 0.52600 
3.17874 0.52700 
3.18595 0.52800 
3.19316 0.52900 
3.20037 0.53000 
3.20758 0.53100 
3.21478 0.53200 
3.22199 0.53300 
3.22920 0.53400 
3.23641 0.53500 
3.24362 0.53600 
3.25083 0.53700 
3.25804 0.53800 
3.26525 0.53900 
3.27246 0.54000 
3.27967 0.54100 
3.28688 0.54200 
3.29409 0.54300 
3.30130 0.54400 
3.30851 0.54500 
3.31572 0.54600 
3.32294 0.54700 
3.33015 0.54800 
3.33736 0.54900 
3.34457 0.55000 
3.35178 0.55100 
3.35899 0.55200 
3.36621 0.55300 
3.37342 0.55400 
3.38063 0.55500 
3.38784 0.55600 
3.39506 0.55700 
3.40227 0.55800 
3.40948 0.55900 
3.41669 0.56000 
3.42391 0.56100 
3.43112 0.56200 
3.43833 0.56300 
3.44555 0.56400 
3.45276 0.56500 
3.45997 0.56600 
3.46719 0.56700 
3.47440 0.56800 
3.48162 0.56900 
3.48883 0.57000 
3.49605 0.57100 
3.50326 0.57200 
3.51047 0.57300 
3.51769 0.57400 
3.52490 0.57500 
3.53212 0.57600 
3.53933 0.57700 
3.54655 0.57800 
3.55376 0.57900 
3.56098 0.58000 
3.56820 0.58100 
3.57541 0.58200 
3.58263 0.58300 
3.58984 0.58400 
3.59706 0.58500 
3.60427 0.58600 
3.61149 0.58700 
3.61871 0.58800 
3.62592 0.58900 
3.63314 0.59000 
3.64036 0.59100 
3.64757 0.59200 
3.65479 0.59300 
3.66201 0.59400 
3.66922 0.59500 
3.67644 0.59600 
3.68366 0.59700 
3.69087 0.59800 
3.69809 0.59900 
3.70531 0.60000 
3.71253 0.60100 
3.71974 0.60200 
3.72696 0.60300 
3.73418 0.60400 
3.74140 0.60500 
3.74861 0.60600 
3.75583 0.60700 
3.76305 0.60800 
3.77027 0.60900 
3.77748 0.61000 
3.78470 0.61100 
3.79192 0.61200 
3.79914 0.61300 
3.80636 0.61400 
3.81358 0.61500 
3.82079 0.61600 
3.82801 0.61700 
3.83523 0.61800 
3.84245 0.61900 
3.84967 0.62000 
3.85689 0.62100 
3.86411 0.62200 
3.87133 0.62300 
3.87854 0.62400 
3.88576 0.62500 
3.89298 0.62600 
3.90020 0.62700 
3.90742 0.62800 
3.91464 0.62900 
3.92186 0.63000 
3.92908 0.63100 
3.93630 0.63200 
3.94352 0.63300 
3.95074 0.63400 
3.95796 0.63500 
3.96518 0.63600 
3.97240 0.63700 
3.97962 0.63800 
3.98684 0.63900 
3.99406 0.64000 
4.00128 0.64100 
4.00850 0.64200 
4.01572 0.64300 
4.02294 0.64400 
4.03016 0.64500 
4.03738 0.64600 
4.04460 0.64700 
4.05182 0.64800 
4.05904 0.64900 
4.06626 0.65000 
4.07348 0.65100 
4.08070 0.65200 
4.08792 0.65300 
4.09514 0.65400 
4.10236 0.65500 
4.10958 0.65600 
4.11680 0.65700 
4.12402 0.65800 
4.13124 0.65900 
4.13847 0.66000 
4.14569 0.66100 
4.15291 0.66200 
4.16013 0.66300 
4.16735 0.66400 
4.17457 0.66500 
4.18179 0.66600 
4.18901 0.66700 
4.19623 0.66800 
4.20346 0.66900 
4.21068 0.67000 
4.21790 0.67100 
4.22512 0.67200 
4.23234 0.67300 
4.23956 0.67400 
4.24678 0.67500 
4.25401 0.67600 
4.26123 0.67700 
4.26845 0.67800 
4.27567 0.67900 
4.28289 0.68000 
4.29011 0.68100 
4.29733 0.68200 
4.30456 0.68300 
4.31178 0.68400 
4.31900 0.68500 
4.32622 0.68600 
4.33344 0.68700 
4.34067 0.68800 
4.34789 0.68900 
4.35511 0.69000 
4.36233 0.69100 
4.36955 0.69200 
4.37678 0.69300 
4.38400 0.69400 
4.39122 0.69500 
4.39844 0.69600 
4.40566 0.69700 
4.41289 0.69800 
4.42011 0.69900 
4.42733 0.70000 
4.43455 0.70100 
4.44177 0.70200 
4.44900 0.70300 
4.45622 0.70400 
4.46344 0.70500 
4.47066 0.70600 
4.47789 0.70700 
4.48511 0.70800 
4.49233 0.70900 
4.49955 0.71000 
4.50678 0.71100 
4.51400 0.71200 
4.52122 0.71300 
4.52844 0.71400 
4.53567 0.71500 
4.54289 0.71600 
4.55011 0.71700 
4.55733 0.71800 
4.56456 0.71900 
4.57178 0.72000 
4.57900 0.72100 
4.58623 0.72200 
4.59345 0.72300 
4.60067 0.72400 
4.60789 0.72500 
4.61512 0.72600 
4.62234 0.72700 
4.62956 0.72800 
4.63678 0.72900 
4.64401 0.73000 
4.65123 0.73100 
4.65845 0.73200 
4.66568 0.73300 
4.67290 0.73400 
4.68012 0.73500 
4.68735 0.73600 
4.69457 0.73700 
4.70179 0.73800 
4.70901 0.73900 
4.71624 0.74000 
4.72346 0.74100 
4.73068 0.74200 
4.73791 0.74300 
4.74513 0.74400 
4.75235 0.74500 
4.75958 0.74600 
4.76680 0.74700 
4.77402 0.74800 
4.78125 0.74900 
4.78847 0.75000 
4.79569 0.75100 
4.80292 0.75200 
4.81014 0.75300 
4.81736 0.75400 
4.82459 0.75500 
4.83181 0.75600 
4.83903 0.75700 
4.84626 0.75800 
4.85348 0.75900 
4.86070 0.76000 
4.86793 0.76100 
4.87515 0.76200 
4.88237 0.76300 
4.88960 0.76400 
4.89682 0.76500 
4.90404 0.76600 
4.91127 0.76700 
4.91849 0.76800 
4.92571 0.76900 
4.93294 0.77000 
4.94016 0.77100 
4.94738 0.77200 
4.95461 0.77300 
4.96183 0.77400 
4.96905 0.77500 
4.97628 0.77600 
4.98350 0.77700 
4.99072 0.77800 
4.99795 0.77900 
5.00517 0.78000 
5.01240 0.78100 
5.01962 0.78200 
5.02684 0.78300 
5.03407 0.78400 
5.04129 0.78500 
5.04851 0.78600 
5.05574 0.78700 
5.06296 0.78800 
5.07018 0.78900 
5.07741 0.79000 
5.08463 0.79100 
5.09186 0.79200 
5.09908 0.79300 
5.10630 0.79400 
5.11353 0.79500 
5.12075 0.79600 
5.12797 0.79700 
5.13520 0.79800 
5.14242 0.79900 
5.14965 0.80000 
5.15687 0.80100 
5.16409 0.80200 
5.17132 0.80300 
5.17854 0.80400 
5.18577 0.80500 
5.19299 0.80600 
5.20021 0.80700 
5.20744 0.80800 
5.21466 0.80900 
5.22188 0.81000 
5.22911 0.81100 
5.23633 0.81200 
5.24356 0.81300 
5.25078 0.81400 
5.25800 0.81500 
5.26523 0.81600 
5.27245 0.81700 
5.27968 0.81800 
5.28690 0.81900 
5.29412 0.82000 
5.30135 0.82100 
5.30857 0.82200 
5.31580 0.82300 
5.32302 0.82400 
5.33024 0.82500 
5.33747 0.82600 
5.34469 0.82700 
5.35192 0.82800 
5.35914 0.82900 
5.36636 0.83000 
5.37359 0.83100 
5.38081 0.83200 
5.38804 0.83300 
5.39526 0.83400 
5.40248 0.83500 
5.40971 0.83600 
5.41693 0.83700 
5.42416 0.83800 
5.43138 0.83900 
5.43860 0.84000 
5.44583 0.84100 
5.45305 0.84200 
5.46028 0.84300 
5.46750 0.84400 
5.47472 0.84500 
5.48195 0.84600 
5.48917 0.84700 
5.49640 0.84800 
5.50362 0.84900 
5.51084 0.85000 
5.51807 0.85100 
5.52529 0.85200 
5.53252 0.85300 
5.53974 0.85400 
5.54697 0.85500 
5.55419 0.85600 
5.56141 0.85700 
5.56864 0.85800 
5.57586 0.85900 
5.58309 0.86000 
5.59031 0.86100 
5.59753 0.86200 
5.60476 0.86300 
5.61198 0.86400 
5.61921 0.86500 
5.62643 0.86600 
5.63366 0.86700 
5.64088 0.86800 
5.64810 0.86900 
5.65533 0.87000 
5.66255 0.87100 
5.66978 0.87200 
5.67700 0.87300 
5.68422 0.87400 
5.69145 0.87500 
5.69867 0.87600 
5.70590 0.87700 
5.71312 0.87800 
5.72035 0.87900 
5.72757 0.88000 
5.73479 0.88100 
5.74202 0.88200 
5.74924 0.88300 
5.75647 0.88400 
5.76369 0.88500 
5.77092 0.88600 
5.77814 0.88700 
5.78536 0.88800 
5.79259 0.88900 
5.79981 0.89000 
5.80704 0.89100 
5.81426 0.89200 
5.82149 0.89300 
5.82871 0.89400 
5.83593 0.89500 
5.84316 0.89600 
5.85038 0.89700 
5.85761 0.89800 
5.86483 0.89900 
5.87206 0.90000 
5.87928 0.90100 
5.88650 0.90200 
5.89373 0.90300 
5.90095 0.90400 
5.90818 0.90500 
5.91540 0.90600 
5.92263 0.90700 
5.92985 0.90800 
5.93707 0.90900 
5.94430 0.91000 
5.95152 0.91100 
5.95875 0.91200 
5.96597 0.91300 
5.97320 0.91400 
5.98042 0.91500 
5.98764 0.91600 
5.99487 0.91700 
6.00209 0.91800 
6.00932 0.91900 
6.01654 0.92000 
6.02377 0.92100 
6.03099 0.92200 
6.03821 0.92300 
6.04544 0.92400 
6.05266 0.92500 
6.05989 0.92600 
6.06711 0.92700 
6.07434 0.92800 
6.08156 0.92900 
6.08878 0.93000 
6.09601 0.93100 
6.10323 0.93200 
6.11046 0.93300 
6.11768 0.93400 
6.12491 0.93500 
6.13213 0.93600 
6.13936 0.93700 
6.14658 0.93800 
6.15380 0.93900 
6.16103 0.94000 
6.16825 0.94100 
6.17548 0.94200 
6.18270 0.94300 
6.18993 0.94400 
6.19715 0.94500 
6.20437 0.94600 
6.21160 0.94700 
6.21882 0.94800 
6.22605 0.94900 
6.23327 0.95000 
6.24050 0.95100 
6.24772 0.95200 
6.25495 0.95300 
6.26217 0.95400 
6.26939 0.95500 
6.27662 0.95600 
6.28384 0.95700 
6.29107 0.95800 
6.29829 0.95900 
6.30552 0.96000 
6.31274 0.96100 
6.31997 0.96200 
6.32719 0.96300 
6.33441 0.96400 
6.34164 0.96500 
6.34886 0.96600 
6.35609 0.96700 
6.36331 0.96800 
6.37054 0.96900 
6.37776 0.97000 
6.38498 0.97100 
6.39221 0.97200 
6.39943 0.97300 
6.40666 0.97400 
6.41388 0.97500 
6.42111 0.97600 
6.42833 0.97700 
6.43556 0.97800 
6.44278 0.97900 
6.45000 0.98000 
6.45723 0.98100 
6.46445 0.98200 
6.47168 0.98300 
6.47890 0.98400 
6.48613 0.98500 
6.49335 0.98600 
6.50058 0.98700 
6.50780 0.98800 
6.51502 0.98900 
6.52225 0.99000 
6.52947 0.99100 
6.53670 0.99200 
6.54392 0.99300 
6.55115 0.99400 
6.55837 0.99500 
6.56560 0.99600 
6.57282 0.99700 
6.58004 0.99800 
6.58727 0.99900 
6.59449 1.00000 
6.60172 1.00100 
6.60894 1.00200 
6.61617 1.00300 
6.62339 1.00400 
6.63062 1.00500 
6.63784 1.00600 
6.64506 1.00700 
6.65229 1.00800 
6.65951 1.00900 
6.66674 1.01000 
6.67396 1.01100 
6.68119 1.01200 
6.68841 1.01300 
6.69564 1.01400 
6.70286 1.01500 
6.71008 1.01600 
6.71731 1.01700 
6.72453 1.01800 
6.73176 1.01900 
6.73898 1.02000 
6.74621 1.02100 
6.75343 1.02200 
6.76066 1.02300 
6.76788 1.02400 
6.77511 1.02500 
6.78233 1.02600 
6.78955 1.02700 
6.79678 1.02800 
6.80400 1.02900 
6.81123 1.03000 
6.81845 1.03100 
6.82568 1.03200 
6.83290 1.03300 
6.84013 1.03400 
6.84735 1.03500 
6.85457 1.03600 
6.86180 1.03700 
6.86902 1.03800 
6.87625 1.03900 
6.88347 1.04000 
6.89070 1.04100 
6.89792 1.04200 
6.90515 1.04300 
6.91237 1.04400 
6.91959 1.04500 
6.92682 1.04600 
6.93404 1.04700 
6.94127 1.04800 
6.94849 1.04900 
6.95572 1.05000 
6.96294 1.05100 
6.97017 1.05200 
6.97739 1.05300 
6.98461 1.05400 
6.99184 1.05500 
6.99906 1.05600 
7.00629 1.05700 
7.01351 1.05800 
7.02074 1.05900 
7.02796 1.06000 
7.03519 1.06100 
7.04241 1.06200 
7.04964 1.06300 
7.05686 1.06400 
7.06408 1.06500 
7.07131 1.06600 
7.07853 1.06700 
7.08576 1.06800 
7.09298 1.06900 
7.10021 1.07000 
7.10743 1.07100 
7.11466 1.07200 
7.12188 1.07300 
7.12910 1.07400 
7.13633 1.07500 
7.14355 1.07600 
7.15078 1.07700 
7.15800 1.07800 
7.16523 1.07900 
7.17245 1.08000 
7.17968 1.08100 
7.18690 1.08200 
7.19413 1.08300 
7.20135 1.08400 
7.20857 1.08500 
7.21580 1.08600 
7.22302 1.08700 
7.23025 1.08800 
7.23747 1.08900 
7.24470 1.09000 
7.25192 1.09100 
7.25915 1.09200 
7.26637 1.09300 
7.27359 1.09400 
7.28082 1.09500 
7.28804 1.09600 
7.29527 1.09700 
7.30249 1.09800 
7.30972 1.09900 
7.31694 1.10000 
7.32417 1.10100 
7.33139 1.10200 
7.33862 1.10300 
7.34584 1.10400 
7.35306 1.10500 
7.36029 1.10600 
7.36751 1.10700 
7.37474 1.10800 
7.38196 1.10900 
7.38919 1.11000 
7.39641 1.11100 
7.40364 1.11200 
7.41086 1.11300 
7.41808 1.11400 
7.42531 1.11500 
7.43253 1.11600 
7.43976 1.11700 
7.44698 1.11800 
7.45421 1.11900 
7.46143 1.12000 
7.46866 1.12100 
7.47588 1.12200 
7.48311 1.12300 
7.49033 1.12400 
7.49755 1.12500 
7.50478 1.12600 
7.51200 1.12700 
7.51923 1.12800 
7.52645 1.12900 
7.53368 1.13000 
7.54090 1.13100 
7.54813 1.13200 
7.55535 1.13300 
7.56257 1.13400 
7.56980 1.13500 
7.57702 1.13600 
7.58425 1.13700 
7.59147 1.13800 
7.59870 1.13900 
7.60592 1.14000 
7.61315 1.14100 
7.62037 1.14200 
7.62760 1.14300 
7.63482 1.14400 
7.64204 1.14500 
7.64927 1.14600 
7.65649 1.14700 
7.66372 1.14800 
7.67094 1.14900 
7.67817 1.15000 
7.68539 1.15100 
7.69262 1.15200 
7.69984 1.15300 
7.70706 1.15400 
7.71429 1.15500 
7.72151 1.15600 
7.72874 1.15700 
7.73596 1.15800 
7.74319 1.15900 
7.75041 1.16000 
7.75764 1.16100 
7.76486 1.16200 
7.77209 1.16300 
7.77931 1.16400 
7.78653 1.16500 
7.79376 1.16600 
7.80098 1.16700 
7.80821 1.16800 
7.81543 1.16900 
7.82266 1.17000 
7.82988 1.17100 
7.83711 1.17200 
7.84433 1.17300 
7.85156 1.17400 
7.85878 1.17500 
7.86600 1.17600 
7.87323 1.17700 
7.88045 1.17800 
7.88768 1.17900 
7.89490 1.18000 
7.90213 1.18100 
7.90935 1.18200 
7.91658 1.18300 
7.92380 1.18400 
7.93102 1.18500 
7.93825 1.18600 
7.94547 1.18700 
7.95270 1.18800 
7.95992 1.18900 
7.96715 1.19000 
7.97437 1.19100 
7.98160 1.19200 
7.98882 1.19300 
7.99605 1.19400 
8.00327 1.19500 
8.01049 1.19600 
8.01772 1.19700 
8.02494 1.19800 
8.03217 1.19900 
8.03939 1.20000 
8.04662 1.20100 
8.05384 1.20200 
8.06107 1.20300 
8.06829 1.20400 
8.07552 1.20500 
8.08274 1.20600 
8.08996 1.20700 
8.09719 1.20800 
8.10441 1.20900 
8.11164 1.21000 
8.11886 1.21100 
8.12609 1.21200 
8.13331 1.21300 
8.14054 1.21400 
8.14776 1.21500 
8.15498 1.21600 
8.16221 1.21700 
8.16943 1.21800 
8.17666 1.21900 
8.18388 1.22000 
8.19111 1.22100 
8.19833 1.22200 
8.20556 1.22300 
8.21278 1.22400 
8.22001 1.22500 
8.22723 1.22600 
8.23445 1.22700 
8.24168 1.22800 
8.24890 1.22900 
8.25613 1.23000 
8.26335 1.23100 
8.27058 1.23200 
8.27780 1.23300 
8.28503 1.23400 
8.29225 1.23500 
8.29948 1.23600 
8.30670 1.23700 
8.31392 1.23800 
8.32115 1.23900 
8.32837 1.24000 
8.33560 1.24100 
8.34282 1.24200 
8.35005 1.24300 
8.35727 1.24400 
8.36450 1.24500 
8.37172 1.24600 
8.37894 1.24700 
8.38617 1.24800 
8.39339 1.24900 
8.40062 1.25000 
8.40784 1.25100 
8.41507 1.25200 
8.42229 1.25300 
8.42952 1.25400 
8.43674 1.25500 
8.44397 1.25600 
8.45119 1.25700 
8.45841 1.25800 
8.46564 1.25900 
8.47286 1.26000 
8.48009 1.26100 
8.48731 1.26200 
8.49454 1.26300 
8.50176 1.26400 
8.50899 1.26500 
8.51621 1.26600 
8.52344 1.26700 
8.53066 1.26800 
8.53788 1.26900 
8.54511 1.27000 
8.55233 1.27100 
8.55956 1.27200 
8.56678 1.27300 
8.57401 1.27400 
8.58123 1.27500 
8.58846 1.27600 
8.59568 1.27700 
8.60291 1.27800 
8.61013 1.27900 
8.61735 1.28000 
8.62458 1.28100 
8.63180 1.28200 
8.63903 1.28300 
8.64625 1.28400 
8.65348 1.28500 
8.66070 1.28600 
8.66793 1.28700 
8.67515 1.28800 
8.68237 1.28900 
8.68960 1.29000 
8.69682 1.29100 
8.70405 1.29200 
8.71127 1.29300 
8.71850 1.29400 
8.72572 1.29500 
8.73295 1.29600 
8.74017 1.29700 
8.74740 1.29800 
8.75462 1.29900 
8.76184 1.30000 
8.76907 1.30100 
8.77629 1.30200 
8.78352 1.30300 
8.79074 1.30400 
8.79797 1.30500 
8.80519 1.30600 
8.81242 1.30700 
8.81964 1.30800 
8.82687 1.30900 
8.83409 1.31000 
8.84131 1.31100 
8.84854 1.31200 
8.85576 1.31300 
8.86299 1.31400 
8.87021 1.31500 
8.87744 1.31600 
8.88466 1.31700 
8.89189 1.31800 
8.89911 1.31900 
8.90633 1.32000 
8.91356 1.32100 
8.92078 1.32200 
8.92801 1.32300 
8.93523 1.32400 
8.94246 1.32500 
8.94968 1.32600 
8.95691 1.32700 
8.96413 1.32800 
8.97136 1.32900 
8.97858 1.33000 
8.98580 1.33100 
8.99303 1.33200 
9.00025 1.33300 
9.00748 1.33400 
9.01470 1.33500 
9.02193 1.33600 
9.02915 1.33700 
9.03638 1.33800 
9.04360 1.33900 
9.05083 1.34000 
9.05805 1.34100 
9.06527 1.34200 
9.07250 1.34300 
9.07972 1.34400 
9.08695 1.34500 
9.09417 1.34600 
9.10140 1.34700 
9.10862 1.34800 
9.11585 1.34900 
9.12307 1.35000 
9.13030 1.35100 
9.13752 1.35200 
9.14474 1.35300 
9.15197 1.35400 
9.15919 1.35500 
9.16642 1.35600 
9.17364 1.35700 
9.18087 1.35800 
9.18809 1.35900 
9.19532 1.36000 
9.20254 1.36100 
9.20976 1.36200 
9.21699 1.36300 
9.22421 1.36400 
9.23144 1.36500 
9.23866 1.36600 
9.24589 1.36700 
9.25311 1.36800 
9.26034 1.36900 
9.26756 1.37000 
9.27479 1.37100 
9.28201 1.37200 
9.28923 1.37300 
9.29646 1.37400 
9.30368 1.37500 
9.31091 1.37600 
9.31813 1.37700 
9.32536 1.37800 
9.33258 1.37900 
9.33981 1.38000 
9.34703 1.38100 
9.35426 1.38200 
9.36148 1.38300 
9.36870 1.38400 
9.37593 1.38500 
9.38315 1.38600 
9.39038 1.38700 
9.39760 1.38800 
9.40483 1.38900 
9.41205 1.39000 
9.41928 1.39100 
9.42650 1.39200 
9.43373 1.39300 
9.44095 1.39400 
9.44817 1.39500 
9.45540 1.39600 
9.46262 1.39700 
9.46985 1.39800 
9.47707 1.39900 
9.48430 1.40000 
9.49152 1.40100 
9.49875 1.40200 
9.50597 1.40300 
9.51319 1.40400 
9.52042 1.40500 
9.52764 1.40600 
9.53487 1.40700 
9.54209 1.40800 
9.54932 1.40900 
9.55654 1.41000 
9.56377 1.41100 
9.57099 1.41200 
9.57822 1.41300 
9.58544 1.41400 
9.59266 1.41500 
9.59989 1.41600 
9.60711 1.41700 
9.61434 1.41800 
9.62156 1.41900 
9.62879 1.42000 
9.63601 1.42100 
9.64324 1.42200 
9.65046 1.42300 
9.65769 1.42400 
9.66491 1.42500 
9.67213 1.42600 
9.67936 1.42700 
9.68658 1.42800 
9.69381 1.42900 
9.70103 1.43000 
9.70826 1.43100 
9.71548 1.43200 
9.72271 1.43300 
9.72993 1.43400 
9.73715 1.43500 
9.74438 1.43600 
9.75160 1.43700 
9.75883 1.43800 
9.76605 1.43900 
9.77328 1.44000 
9.78050 1.44100 
9.78773 1.44200 
9.79495 1.44300 
9.80218 1.44400 
9.80940 1.44500 
9.81662 1.44600 
9.82385 1.44700 
9.83107 1.44800 
9.83830 1.44900 
9.84552 1.45000 
9.85275 1.45100 
9.85997 1.45200 
9.86720 1.45300 
9.87442 1.45400 
9.88165 1.45500 
9.88887 1.45600 
9.89609 1.45700 
9.90332 1.45800 
9.91054 1.45900 
9.91777 1.46000 
9.92499 1.46100 
9.93222 1.46200 
9.93944 1.46300 
9.94667 1.46400 
9.95389 1.46500 
9.96112 1.46600 
9.96834 1.46700 
9.97556 1.46800 
9.98279 1.46900 
9.99001 1.47000 
9.99724 1.47100 
10.00446 1.47200 
10.01169 1.47300 
10.01891 1.47400 
10.02614 1.47500 
10.03336 1.47600 
10.04058 1.47700 
10.04781 1.47800 
10.05503 1.47900 
10.06226 1.48000 
10.06948 1.48100 
10.07671 1.48200 
10.08393 1.48300 
10.09116 1.48400 
10.09838 1.48500 
10.10561 1.48600 
10.11283 1.48700 
10.12005 1.48800 
10.12728 1.48900 
10.13450 1.49000 
10.14173 1.49100 
10.14895 1.49200 
10.15618 1.49300 
10.16340 1.49400 
10.17063 1.49500 
10.17785 1.49600 
10.18508 1.49700 
10.19230 1.49800 
10.19952 1.49900 
10.20675 1.50000 
10.21397 1.50100 
10.22120 1.50200 
10.22842 1.50300 
10.23565 1.50400 
10.24287 1.50500 
10.25010 1.50600 
10.25732 1.50700 
10.26455 1.50800 
10.27177 1.50900 
10.27899 1.51000 
10.28622 1.51100 
10.29344 1.51200 
10.30067 1.51300 
10.30789 1.51400 
10.31512 1.51500 
10.32234 1.51600 
10.32957 1.51700 
10.33679 1.51800 
10.34401 1.51900 
10.35124 1.52000 
10.35846 1.52100 
10.36569 1.52200 
10.37291 1.52300 
10.38014 1.52400 
10.38736 1.52500 
10.39459 1.52600 
10.40181 1.52700 
10.40904 1.52800 
10.41626 1.52900 
10.42348 1.53000 
10.43071 1.53100 
10.43793 1.53200 
10.44516 1.53300 
10.45238 1.53400 
10.45961 1.53500 
10.46683 1.53600 
10.47406 1.53700 
10.48128 1.53800 
10.48851 1.53900 
10.49573 1.54000 
10.50295 1.54100 
10.51018 1.54200 
10.51740 1.54300 
10.52463 1.54400 
10.53185 1.54500 
10.53908 1.54600 
10.54630 1.54700 
10.55353 1.54800 
10.56075 1.54900 
10.56798 1.55000 
10.57520 1.55100 
10.58242 1.55200 
10.58965 1.55300 
10.59687 1.55400 
10.60410 1.55500 
10.61132 1.55600 
10.61855 1.55700 
10.62577 1.55800 
10.63300 1.55900 
10.64022 1.56000 
10.64744 1.56100 
10.65467 1.56200 
10.66189 1.56300 
10.66912 1.56400 
10.67634 1.56500 
10.68357 1.56600 
10.69079 1.56700 
10.69802 1.56800 
10.70524 1.56900 
10.71247 1.57000 
10.71969 1.57100 
10.72691 1.57200 
10.73414 1.57300 
10.74136 1.57400 
10.74859 1.57500 
10.75581 1.57600 
10.76304 1.57700 
10.77026 1.57800 
10.77749 1.57900 
10.78471 1.58000 
10.79194 1.58100 
10.79916 1.58200 
10.80638 1.58300 
10.81361 1.58400 
10.82083 1.58500 
10.82806 1.58600 
10.83528 1.58700 
10.84251 1.58800 
10.84973 1.58900 
10.85696 1.59000 
10.86418 1.59100 
10.87141 1.59200 
10.87863 1.59300 
10.88585 1.59400 
10.89308 1.59500 
10.90030 1.59600 
10.90753 1.59700 
10.91475 1.59800 
10.92198 1.59900 
10.92920 1.60000 
10.93643 1.60100 
10.94365 1.60200 
10.95087 1.60300 
10.95810 1.60400 
10.96532 1.60500 
10.97255 1.60600 
10.97977 1.60700 
10.98700 1.60800 
10.99422 1.60900 
11.00145 1.61000 
11.00867 1.61100 
11.01590 1.61200 
11.02312 1.61300 
11.03034 1.61400 
11.03757 1.61500 
11.04479 1.61600 
11.05202 1.61700 
11.05924 1.61800 
11.06647 1.61900 
11.07369 1.62000 
11.08092 1.62100 
11.08814 1.62200 
11.09537 1.62300 
11.10259 1.62400 
11.10981 1.62500 
11.11704 1.62600 
11.12426 1.62700 
11.13149 1.62800 
11.13871 1.62900 
11.14594 1.63000 
11.15316 1.63100 
11.16039 1.63200 
11.16761 1.63300 
11.17484 1.63400 
11.18206 1.63500 
11.18928 1.63600 
11.19651 1.63700 
11.20373 1.63800 
11.21096 1.63900 
11.21818 1.64000 
11.22541 1.64100 
11.23263 1.64200 
11.23986 1.64300 
11.24708 1.64400 
11.25430 1.64500 
11.26153 1.64600 
11.26875 1.64700 
11.27598 1.64800 
11.28320 1.64900 
11.29043 1.65000 
11.29765 1.65100 
11.30488 1.65200 
11.31210 1.65300 
11.31933 1.65400 
11.32655 1.65500 
11.33377 1.65600 
11.34100 1.65700 
11.34822 1.65800 
11.35545 1.65900 
11.36267 1.66000 
11.36990 1.66100 
11.37712 1.66200 
11.38435 1.66300 
11.39157 1.66400 
11.39880 1.66500 
11.40602 1.66600 
11.41324 1.66700 
11.42047 1.66800 
11.42769 1.66900 
11.43492 1.67000 
11.44214 1.67100 
11.44937 1.67200 
11.45659 1.67300 
11.46382 1.67400 
11.47104 1.67500 
11.47827 1.67600 
11.48549 1.67700 
11.49271 1.67800 
11.49994 1.67900 
11.50716 1.68000 
11.51439 1.68100 
11.52161 1.68200 
11.52884 1.68300 
11.53606 1.68400 
11.54329 1.68500 
11.55051 1.68600 
11.55773 1.68700 
11.56496 1.68800 
11.57218 1.68900 
11.57941 1.69000 
11.58663 1.69100 
11.59386 1.69200 
11.60108 1.69300 
11.60831 1.69400 
11.61553 1.69500 
11.62276 1.69600 
11.62998 1.69700 
11.63720 1.69800 
11.64443 1.69900 
11.65165 1.70000 
11.65888 1.70100 
11.66610 1.70200 
11.67333 1.70300 
11.68055 1.70400 
11.68778 1.70500 
11.69500 1.70600 
11.70223 1.70700 
11.70945 1.70800 
11.71667 1.70900 
11.72390 1.71000 
11.73112 1.71100 
11.73835 1.71200 
11.74557 1.71300 
11.75280 1.71400 
11.76002 1.71500 
11.76725 1.71600 
11.77447 1.71700 
11.78170 1.71800 
11.78892 1.71900 
11.79614 1.72000 
11.80337 1.72100 
11.81059 1.72200 
11.81782 1.72300 
11.82504 1.72400 
11.83227 1.72500 
11.83949 1.72600 
11.84672 1.72700 
11.85394 1.72800 
11.86116 1.72900 
11.86839 1.73000 
11.87561 1.73100 
11.88284 1.73200 
11.89006 1.73300 
11.89729 1.73400 
11.90451 1.73500 
11.91174 1.73600 
11.91896 1.73700 
11.92619 1.73800 
11.93341 1.73900 
11.94063 1.74000 
11.94786 1.74100 
11.95508 1.74200 
11.96231 1.74300 
11.96953 1.74400 
11.97676 1.74500 
11.98398 1.74600 
11.99121 1.74700 
11.99843 1.74800 
12.00566 1.74900 
12.01288 1.75000 
12.02010 1.75100 
12.02733 1.75200 
12.03455 1.75300 
12.04178 1.75400 
12.04900 1.75500 
12.05623 1.75600 
12.06345 1.75700 
12.07068 1.75800 
12.07790 1.75900 
12.08513 1.76000 
12.09235 1.76100 
12.09957 1.76200 
12.10680 1.76300 
12.11402 1.76400 
12.12125 1.76500 
12.12847 1.76600 
12.13570 1.76700 
12.14292 1.76800 
12.15015 1.76900 
12.15737 1.77000 
12.16459 1.77100 
12.17182 1.77200 
12.17904 1.77300 
12.18627 1.77400 
12.19349 1.77500 
12.20072 1.77600 
12.20794 1.77700 
12.21517 1.77800 
12.22239 1.77900 
12.22962 1.78000 
12.23684 1.78100 
12.24406 1.78200 
12.25129 1.78300 
12.25851 1.78400 
12.26574 1.78500 
12.27296 1.78600 
12.28019 1.78700 
12.28741 1.78800 
12.29464 1.78900 
12.30186 1.79000 
12.30909 1.79100 
12.31631 1.79200 
12.32353 1.79300 
12.33076 1.79400 
12.33798 1.79500 
12.34521 1.79600 
12.35243 1.79700 
12.35966 1.79800 
12.36688 1.79900 
12.37411 1.80000 
12.38133 1.80100 
12.38856 1.80200 
12.39578 1.80300 
12.40300 1.80400 
12.41023 1.80500 
12.41745 1.80600 
12.42468 1.80700 
12.43190 1.80800 
12.43913 1.80900 
12.44635 1.81000 
12.45358 1.81100 
12.46080 1.81200 
12.46802 1.81300 
12.47525 1.81400 
12.48247 1.81500 
12.48970 1.81600 
12.49692 1.81700 
12.50415 1.81800 
12.51137 1.81900 
12.51860 1.82000 
12.52582 1.82100 
12.53305 1.82200 
12.54027 1.82300 
12.54749 1.82400 
12.55472 1.82500 
12.56194 1.82600 
12.56917 1.82700 
12.57639 1.82800 
12.58362 1.82900 
12.59084 1.83000 
12.59807 1.83100 
12.60529 1.83200 
12.61252 1.83300 
12.61974 1.83400 
12.62696 1.83500 
12.63419 1.83600 
12.64141 1.83700 
12.64864 1.83800 
12.65586 1.83900 
12.66309 1.84000 
12.67031 1.84100 
12.67754 1.84200 
12.68476 1.84300 
12.69199 1.84400 
12.69921 1.84500 
12.70643 1.84600 
12.71366 1.84700 
12.72088 1.84800 
12.72811 1.84900 
12.73533 1.85000 
12.74256 1.85100 
12.74978 1.85200 
12.75701 1.85300 
12.76423 1.85400 
12.77145 1.85500 
12.77868 1.85600 
12.78590 1.85700 
12.79313 1.85800 
12.80035 1.85900 
12.80758 1.86000 
12.81480 1.86100 
12.82203 1.86200 
12.82925 1.86300 
12.83648 1.86400 
12.84370 1.86500 
12.85092 1.86600 
12.85815 1.86700 
12.86537 1.86800 
12.87260 1.86900 
12.87982 1.87000 
12.88705 1.87100 
12.89427 1.87200 
12.90150 1.87300 
12.90872 1.87400 
12.91595 1.87500 
12.92317 1.87600 
12.93039 1.87700 
12.93762 1.87800 
12.94484 1.87900 
12.95207 1.88000 
12.95929 1.88100 
12.96652 1.88200 
12.97374 1.88300 
12.98097 1.88400 
12.98819 1.88500 
12.99542 1.88600 
13.00264 1.88700 
13.00986 1.88800 
13.01709 1.88900 
13.02431 1.89000 
13.03154 1.89100 
13.03876 1.89200 
13.04599 1.89300 
13.05321 1.89400 
13.06044 1.89500 
13.06766 1.89600 
13.07488 1.89700 
13.08211 1.89800 
13.08933 1.89900 
13.09656 1.90000 
13.10378 1.90100 
13.11101 1.90200 
13.11823 1.90300 
13.12546 1.90400 
13.13268 1.90500 
13.13991 1.90600 
13.14713 1.90700 
13.15435 1.90800 
13.16158 1.90900 
13.16880 1.91000 
13.17603 1.91100 
13.18325 1.91200 
13.19048 1.91300 
13.19770 1.91400 
13.20493 1.91500 
13.21215 1.91600 
13.21938 1.91700 
13.22660 1.91800 
13.23382 1.91900 
13.24105 1.92000 
13.24827 1.92100 
13.25550 1.92200 
13.26272 1.92300 
13.26995 1.92400 
13.27717 1.92500 
13.28440 1.92600 
13.29162 1.92700 
13.29884 1.92800 
13.30607 1.92900 
13.31329 1.93000 
13.32052 1.93100 
13.32774 1.93200 
13.33497 1.93300 
13.34219 1.93400 
13.34942 1.93500 
13.35664 1.93600 
13.36387 1.93700 
13.37109 1.93800 
13.37831 1.93900 
13.38554 1.94000 
13.39276 1.94100 
13.39999 1.94200 
13.40721 1.94300 
13.41444 1.94400 
13.42166 1.94500 
13.42889 1.94600 
13.43611 1.94700 
13.44334 1.94800 
13.45056 1.94900 
13.45778 1.95000 
13.46501 1.95100 
13.47223 1.95200 
13.47946 1.95300 
13.48668 1.95400 
13.49391 1.95500 
13.50113 1.95600 
13.50836 1.95700 
13.51558 1.95800 
13.52281 1.95900 
13.53003 1.96000 
13.53725 1.96100 
13.54448 1.96200 
13.55170 1.96300 
13.55893 1.96400 
13.56615 1.96500 
13.57338 1.96600 
13.58060 1.96700 
13.58783 1.96800 
13.59505 1.96900 
13.60227 1.97000 
13.60950 1.97100 
13.61672 1.97200 
13.62395 1.97300 
13.63117 1.97400 
13.63840 1.97500 
13.64562 1.97600 
13.65285 1.97700 
13.66007 1.97800 
13.66730 1.97900 
13.67452 1.98000 
13.68174 1.98100 
13.68897 1.98200 
13.69619 1.98300 
13.70342 1.98400 
13.71064 1.98500 
13.71787 1.98600 
13.72509 1.98700 
13.73232 1.98800 
13.73954 1.98900 
13.74677 1.99000 
13.75399 1.99100 
13.76121 1.99200 
13.76844 1.99300 
13.77566 1.99400 
13.78289 1.99500 
13.79011 1.99600 
13.79734 1.99700 
13.80456 1.99800 
13.81179 1.99900 
13.81901 2.00000 
13.82624 2.00100 
13.83346 2.00200 
13.84068 2.00300 
13.84791 2.00400 
13.85513 2.00500 
13.86236 2.00600 
13.86958 2.00700 
13.87681 2.00800 
13.88403 2.00900 
13.89126 2.01000 
13.89848 2.01100 
13.90570 2.01200 
13.91293 2.01300 
13.92015 2.01400 
13.92738 2.01500 
13.93460 2.01600 
13.94183 2.01700 
13.94905 2.01800 
13.95628 2.01900 
13.96350 2.02000 
13.97073 2.02100 
13.97795 2.02200 
13.98517 2.02300 
13.99240 2.02400 
13.99962 2.02500 
14.00685 2.02600 
14.01407 2.02700 
14.02130 2.02800 
14.02852 2.02900 
14.03575 2.03000 
14.04297 2.03100 
14.05020 2.03200 
14.05742 2.03300 
14.06464 2.03400 
14.07187 2.03500 
14.07909 2.03600 
14.08632 2.03700 
14.09354 2.03800 
14.10077 2.03900 
14.10799 2.04000 
14.11522 2.04100 
14.12244 2.04200 
14.12967 2.04300 
14.13689 2.04400 
14.14411 2.04500 
14.15134 2.04600 
14.15856 2.04700 
14.16579 2.04800 
14.17301 2.04900 
14.18024 2.05000 
14.18746 2.05100 
14.19469 2.05200 
14.20191 2.05300 
14.20913 2.05400 
14.21636 2.05500 
14.22358 2.05600 
14.23081 2.05700 
14.23803 2.05800 
14.24526 2.05900 
14.25248 2.06000 
14.25971 2.06100 
14.26693 2.06200 
14.27416 2.06300 
14.28138 2.06400 
14.28860 2.06500 
14.29583 2.06600 
14.30305 2.06700 
14.31028 2.06800 
14.31750 2.06900 
14.32473 2.07000 
14.33195 2.07100 
14.33918 2.07200 
14.34640 2.07300 
14.35363 2.07400 
14.36085 2.07500 
14.36807 2.07600 
14.37530 2.07700 
14.38252 2.07800 
14.38975 2.07900 
14.39697 2.08000 
14.40420 2.08100 
14.41142 2.08200 
14.41865 2.08300 
14.42587 2.08400 
14.43310 2.08500 
14.44032 2.08600 
14.44754 2.08700 
14.45477 2.08800 
14.46199 2.08900 
14.46922 2.09000 
14.47644 2.09100 
14.48367 2.09200 
14.49089 2.09300 
14.49812 2.09400 
14.50534 2.09500 
14.51256 2.09600 
14.51979 2.09700 
14.52701 2.09800 
14.53424 2.09900 
14.54146 2.10000 
14.54869 2.10100 
14.55591 2.10200 
14.56314 2.10300 
14.57036 2.10400 
14.57759 2.10500 
14.58481 2.10600 
14.59203 2.10700 
14.59926 2.10800 
14.60648 2.10900 
14.61371 2.11000 
14.62093 2.11100 
14.62816 2.11200 
14.63538 2.11300 
14.64261 2.11400 
14.64983 2.11500 
14.65706 2.11600 
14.66428 2.11700 
14.67150 2.11800 
14.67873 2.11900 
14.68595 2.12000 
14.69318 2.12100 
14.70040 2.12200 
14.70763 2.12300 
14.71485 2.12400 
14.72208 2.12500 
14.72930 2.12600 
14.73653 2.12700 
14.74375 2.12800 
14.75097 2.12900 
14.75820 2.13000 
14.76542 2.13100 
14.77265 2.13200 
14.77987 2.13300 
14.78710 2.13400 
14.79432 2.13500 
14.80155 2.13600 
14.80877 2.13700 
14.81599 2.13800 
14.82322 2.13900 
14.83044 2.14000 
14.83767 2.14100 
14.84489 2.14200 
14.85212 2.14300 
14.85934 2.14400 
14.86657 2.14500 
14.87379 2.14600 
14.88102 2.14700 
14.88824 2.14800 
14.89546 2.14900 
14.90269 2.15000 
14.90991 2.15100 
14.91714 2.15200 
14.92436 2.15300 
14.93159 2.15400 
14.93881 2.15500 
14.94604 2.15600 
14.95326 2.15700 
14.96049 2.15800 
14.96771 2.15900 
14.97493 2.16000 
14.98216 2.16100 
14.98938 2.16200 
14.99661 2.16300 
15.00383 2.16400 
15.01106 2.16500 
15.01828 2.16600 
15.02551 2.16700 
15.03273 2.16800 
15.03996 2.16900 
15.04718 2.17000 
15.05440 2.17100 
15.06163 2.17200 
15.06885 2.17300 
15.07608 2.17400 
15.08330 2.17500 
15.09053 2.17600 
15.09775 2.17700 
15.10498 2.17800 
15.11220 2.17900 
15.11942 2.18000 
15.12665 2.18100 
15.13387 2.18200 
15.14110 2.18300 
15.14832 2.18400 
15.15555 2.18500 
15.16277 2.18600 
15.17000 2.18700 
15.17722 2.18800 
15.18445 2.18900 
15.19167 2.19000 
15.19889 2.19100 
15.20612 2.19200 
15.21334 2.19300 
15.22057 2.19400 
15.22779 2.19500 
15.23502 2.19600 
15.24224 2.19700 
15.24947 2.19800 
15.25669 2.19900 
15.26392 2.20000 
15.27114 2.20100 
15.27836 2.20200 
15.28559 2.20300 
15.29281 2.20400 
15.30004 2.20500 
15.30726 2.20600 
15.31449 2.20700 
15.32171 2.20800 
15.32894 2.20900 
15.33616 2.21000 
15.34339 2.21100 
15.35061 2.21200 
15.35783 2.21300 
15.36506 2.21400 
15.37228 2.21500 
15.37951 2.21600 
15.38673 2.21700 
15.39396 2.21800 
15.40118 2.21900 
15.40841 2.22000 
15.41563 2.22100 
15.42285 2.22200 
15.43008 2.22300 
15.43730 2.22400 
15.44453 2.22500 
15.45175 2.22600 
15.45898 2.22700 
15.46620 2.22800 
15.47343 2.22900 
15.48065 2.23000 
15.48788 2.23100 
15.49510 2.23200 
15.50232 2.23300 
15.50955 2.23400 
15.51677 2.23500 
15.52400 2.23600 
15.53122 2.23700 
15.53845 2.23800 
15.54567 2.23900 
15.55290 2.24000 
15.56012 2.24100 
15.56735 2.24200 
15.57457 2.24300 
15.58179 2.24400 
15.58902 2.24500 
15.59624 2.24600 
15.60347 2.24700 
15.61069 2.24800 
15.61792 2.24900 
15.62514 2.25000 
15.63237 2.25100 
15.63959 2.25200 
15.64682 2.25300 
15.65404 2.25400 
15.66126 2.25500 
15.66849 2.25600 
15.67571 2.25700 
15.68294 2.25800 
15.69016 2.25900 
15.69739 2.26000 
15.70461 2.26100 
15.71184 2.26200 
15.71906 2.26300 
15.72628 2.26400 
15.73351 2.26500 
15.74073 2.26600 
15.74796 2.26700 
15.75518 2.26800 
15.76241 2.26900 
15.76963 2.27000 
15.77686 2.27100 
15.78408 2.27200 
15.79131 2.27300 
15.79853 2.27400 
15.80575 2.27500 
15.81298 2.27600 
15.82020 2.27700 
15.82743 2.27800 
15.83465 2.27900 
15.84188 2.28000 
15.84910 2.28100 
15.85633 2.28200 
15.86355 2.28300 
15.87078 2.28400 
15.87800 2.28500 
15.88522 2.28600 
15.89245 2.28700 
15.89967 2.28800 
15.90690 2.28900 
15.91412 2.29000 
15.92135 2.29100 
15.92857 2.29200 
15.93580 2.29300 
15.94302 2.29400 
15.95025 2.29500 
15.95747 2.29600 
15.96469 2.29700 
15.97192 2.29800 
15.97914 2.29900 
15.98637 2.30000 
15.99359 2.30100 
16.00082 2.30200 
16.00804 2.30300 
16.01527 2.30400 
16.02249 2.30500 
16.02971 2.30600 
16.03694 2.30700 
16.04416 2.30800 
16.05139 2.30900 
16.05861 2.31000 
16.06584 2.31100 
16.07306 2.31200 
16.08029 2.31300 
16.08751 2.31400 
16.09474 2.31500 
16.10196 2.31600 
16.10918 2.31700 
16.11641 2.31800 
16.12363 2.31900 
16.13086 2.32000 
16.13808 2.32100 
16.14531 2.32200 
16.15253 2.32300 
16.15976 2.32400 
16.16698 2.32500 
16.17421 2.32600 
16.18143 2.32700 
16.18865 2.32800 
16.19588 2.32900 
16.20310 2.33000 
16.21033 2.33100 
16.21755 2.33200 
16.22478 2.33300 
16.23200 2.33400 
16.23923 2.33500 
16.24645 2.33600 
16.25368 2.33700 
16.26090 2.33800 
16.26812 2.33900 
16.27535 2.34000 
16.28257 2.34100 
16.28980 2.34200 
16.29702 2.34300 
16.30425 2.34400 
16.31147 2.34500 
16.31870 2.34600 
16.32592 2.34700 
16.33314 2.34800 
16.34037 2.34900 
16.34759 2.35000 
16.35482 2.35100 
16.36204 2.35200 
16.36927 2.35300 
16.37649 2.35400 
16.38372 2.35500 
16.39094 2.35600 
16.39817 2.35700 
16.40539 2.35800 
16.41261 2.35900 
16.41984 2.36000 
16.42706 2.36100 
16.43429 2.36200 
16.44151 2.36300 
16.44874 2.36400 
16.45596 2.36500 
16.46319 2.36600 
16.47041 2.36700 
16.47764 2.36800 
16.48486 2.36900 
16.49208 2.37000 
16.49931 2.37100 
16.50653 2.37200 
16.51376 2.37300 
16.52098 2.37400 
16.52821 2.37500 
16.53543 2.37600 
16.54266 2.37700 
16.54988 2.37800 
16.55711 2.37900 
16.56433 2.38000 
16.57155 2.38100 
16.57878 2.38200 
16.58600 2.38300 
16.59323 2.38400 
16.60045 2.38500 
16.60768 2.38600 
16.61490 2.38700 
16.62213 2.38800 
16.62935 2.38900 
16.63657 2.39000 
16.64380 2.39100 
16.65102 2.39200 
16.65825 2.39300 
16.66547 2.39400 
16.67270 2.39500 
16.67992 2.39600 
16.68715 2.39700 
16.69437 2.39800 
16.70160 2.39900 
16.70882 2.40000 
16.71604 2.40100 
16.72327 2.40200 
16.73049 2.40300 
16.73772 2.40400 
16.74494 2.40500 
16.75217 2.40600 
16.75939 2.40700 
16.76662 2.40800 
16.77384 2.40900 
16.78107 2.41000 
16.78829 2.41100 
16.79551 2.41200 
16.80274 2.41300 
16.80996 2.41400 
16.81719 2.41500 
16.82441 2.41600 
16.83164 2.41700 
16.83886 2.41800 
16.84609 2.41900 
16.85331 2.42000 
16.86054 2.42100 
16.86776 2.42200 
16.87498 2.42300 
16.88221 2.42400 
16.88943 2.42500 
16.89666 2.42600 
16.90388 2.42700 
16.91111 2.42800 
16.91833 2.42900 
16.92556 2.43000 
16.93278 2.43100 
16.94000 2.43200 
16.94723 2.43300 
16.95445 2.43400 
16.96168 2.43500 
16.96890 2.43600 
16.97613 2.43700 
16.98335 2.43800 
16.99058 2.43900 
16.99780 2.44000 
17.00503 2.44100 
17.01225 2.44200 
17.01947 2.44300 
17.02670 2.44400 
17.03392 2.44500 
17.04115 2.44600 
17.04837 2.44700 
17.05560 2.44800 
17.06282 2.44900 
17.07005 2.45000 
17.07727 2.45100 
17.08450 2.45200 
17.09172 2.45300 
17.09894 2.45400 
17.10617 2.45500 
17.11339 2.45600 
17.12062 2.45700 
17.12784 2.45800 
17.13507 2.45900 
17.14229 2.46000 
17.14952 2.46100 
17.15674 2.46200 
17.16397 2.46300 
17.17119 2.46400 
17.17841 2.46500 
17.18564 2.46600 
17.19286 2.46700 
17.20009 2.46800 
17.20731 2.46900 
17.21454 2.47000 
17.22176 2.47100 
17.22899 2.47200 
17.23621 2.47300 
17.24343 2.47400 
17.25066 2.47500 
17.25788 2.47600 
17.26511 2.47700 
17.27233 2.47800 
17.27956 2.47900 
17.28678 2.48000 
17.29401 2.48100 
17.30123 2.48200 
17.30846 2.48300 
17.31568 2.48400 
17.32290 2.48500 
17.33013 2.48600 
17.33735 2.48700 
17.34458 2.48800 
17.35180 2.48900 
17.35903 2.49000 
17.36625 2.49100 
17.37348 2.49200 
17.38070 2.49300 
17.38793 2.49400 
17.39515 2.49500 
17.40237 2.49600 
17.40960 2.49700 
17.41682 2.49800 
17.42405 2.49900 
17.43127 2.50000 
17.43850 2.50100 
17.44572 2.50200 
17.45295 2.50300 
17.46017 2.50400 
17.46740 2.50500 
17.47462 2.50600 
17.48184 2.50700 
17.48907 2.50800 
17.49629 2.50900 
17.50352 2.51000 
17.51074 2.51100 
17.51797 2.51200 
17.52519 2.51300 
17.53242 2.51400 
17.53964 2.51500 
17.54686 2.51600 
17.55409 2.51700 
17.56131 2.51800 
17.56854 2.51900 
17.57576 2.52000 
17.58299 2.52100 
17.59021 2.52200 
17.59744 2.52300 
17.60466 2.52400 
17.61189 2.52500 
17.61911 2.52600 
17.62633 2.52700 
17.63356 2.52800 
17.64078 2.52900 
17.64801 2.53000 
17.65523 2.53100 
17.66246 2.53200 
17.66968 2.53300 
17.67691 2.53400 
17.68413 2.53500 
17.69136 2.53600 
17.69858 2.53700 
17.70580 2.53800 
17.71303 2.53900 
17.72025 2.54000 
17.72748 2.54100 
17.73470 2.54200 
17.74193 2.54300 
17.74915 2.54400 
17.75638 2.54500 
17.76360 2.54600 
17.77082 2.54700 
17.77805 2.54800 
17.78527 2.54900 
17.79250 2.55000 
17.79972 2.55100 
17.80695 2.55200 
17.81417 2.55300 
17.82140 2.55400 
17.82862 2.55500 
17.83585 2.55600 
17.84307 2.55700 
17.85029 2.55800 
17.85752 2.55900 
17.86474 2.56000 
17.87197 2.56100 
17.87919 2.56200 
17.88642 2.56300 
17.89364 2.56400 
17.90087 2.56500 
17.90809 2.56600 
17.91532 2.56700 
17.92254 2.56800 
17.92976 2.56900 
17.93699 2.57000 
17.94421 2.57100 
17.95144 2.57200 
17.95866 2.57300 
17.96589 2.57400 
17.97311 2.57500 
17.98034 2.57600 
17.98756 2.57700 
17.99479 2.57800 
18.00201 2.57900 
18.00923 2.58000 
18.01646 2.58100 
18.02368 2.58200 
18.03091 2.58300 
18.03813 2.58400 
18.04536 2.58500 
18.05258 2.58600 
18.05981 2.58700 
18.06703 2.58800 
18.07425 2.58900 
18.08148 2.59000 
18.08870 2.59100 
18.09593 2.59200 
18.10315 2.59300 
18.11038 2.59400 
18.11760 2.59500 
18.12483 2.59600 
18.13205 2.59700 
18.13928 2.59800 
18.14650 2.59900 
18.15372 2.60000 
18.16095 2.60100 
18.16817 2.60200 
18.17540 2.60300 
18.18262 2.60400 
18.18985 2.60500 
18.19707 2.60600 
18.20430 2.60700 
18.21152 2.60800 
18.21875 2.60900 
18.22597 2.61000 
18.23319 2.61100 
18.24042 2.61200 
18.24764 2.61300 
18.25487 2.61400 
18.26209 2.61500 
18.26932 2.61600 
18.27654 2.61700 
18.28377 2.61800 
18.29099 2.61900 
18.29822 2.62000 
18.30544 2.62100 
18.31266 2.62200 
18.31989 2.62300 
18.32711 2.62400 
18.33434 2.62500 
18.34156 2.62600 
18.34879 2.62700 
18.35601 2.62800 
18.36324 2.62900 
18.37046 2.63000 
18.37768 2.63100 
18.38491 2.63200 
18.39213 2.63300 
18.39936 2.63400 
18.40658 2.63500 
18.41381 2.63600 
18.42103 2.63700 
18.42826 2.63800 
18.43548 2.63900 
18.44271 2.64000 
18.44993 2.64100 
18.45715 2.64200 
18.46438 2.64300 
18.47160 2.64400 
18.47883 2.64500 
18.48605 2.64600 
18.49328 2.64700 
18.50050 2.64800 
18.50773 2.64900 
18.51495 2.65000 
18.52218 2.65100 
18.52940 2.65200 
18.53662 2.65300 
18.54385 2.65400 
18.55107 2.65500 
18.55830 2.65600 
18.56552 2.65700 
18.57275 2.65800 
18.57997 2.65900 
18.58720 2.66000 
18.59442 2.66100 
18.60165 2.66200 
18.60887 2.66300 
18.61609 2.66400 
18.62332 2.66500 
18.63054 2.66600 
18.63777 2.66700 
18.64499 2.66800 
18.65222 2.66900 
18.65944 2.67000 
18.66667 2.67100 
18.67389 2.67200 
18.68111 2.67300 
18.68834 2.67400 
18.69556 2.67500 
18.70279 2.67600 
18.71001 2.67700 
18.71724 2.67800 
18.72446 2.67900 
18.73169 2.68000 
18.73891 2.68100 
18.74614 2.68200 
18.75336 2.68300 
18.76058 2.68400 
18.76781 2.68500 
18.77503 2.68600 
18.78226 2.68700 
18.78948 2.68800 
18.79671 2.68900 
18.80393 2.69000 
18.81116 2.69100 
18.81838 2.69200 
18.82561 2.69300 
18.83283 2.69400 
18.84005 2.69500 
18.84728 2.69600 
18.85450 2.69700 
18.86173 2.69800 
18.86895 2.69900 
18.87618 2.70000 
18.88340 2.70100 
18.89063 2.70200 
18.89785 2.70300 
18.90508 2.70400 
18.91230 2.70500 
18.91952 2.70600 
18.92675 2.70700 
18.93397 2.70800 
18.94120 2.70900 
18.94842 2.71000 
18.95565 2.71100 
18.96287 2.71200 
18.97010 2.71300 
18.97732 2.71400 
18.98454 2.71500 
18.99177 2.71600 
18.99899 2.71700 
19.00622 2.71800 
19.01344 2.71900 
19.02067 2.72000 
19.02789 2.72100 
19.03512 2.72200 
19.04234 2.72300 
19.04957 2.72400 
19.05679 2.72500 
19.06401 2.72600 
19.07124 2.72700 
19.07846 2.72800 
19.08569 2.72900 
19.09291 2.73000 
19.10014 2.73100 
19.10736 2.73200 
19.11459 2.73300 
19.12181 2.73400 
19.12904 2.73500 
19.13626 2.73600 
19.14348 2.73700 
19.15071 2.73800 
19.15793 2.73900 
19.16516 2.74000 
19.17238 2.74100 
19.17961 2.74200 
19.18683 2.74300 
19.19406 2.74400 
19.20128 2.74500 
19.20851 2.74600 
19.21573 2.74700 
19.22295 2.74800 
19.23018 2.74900 
19.23740 2.75000 
19.24463 2.75100 
19.25185 2.75200 
19.25908 2.75300 
19.26630 2.75400 
19.27353 2.75500 
19.28075 2.75600 
19.28797 2.75700 
19.29520 2.75800 
19.30242 2.75900 
19.30965 2.76000 
19.31687 2.76100 
19.32410 2.76200 
19.33132 2.76300 
19.33855 2.76400 
19.34577 2.76500 
19.35300 2.76600 
19.36022 2.76700 
19.36744 2.76800 
19.37467 2.76900 
19.38189 2.77000 
19.38912 2.77100 
19.39634 2.77200 
19.40357 2.77300 
19.41079 2.77400 
19.41802 2.77500 
19.42524 2.77600 
19.43247 2.77700 
19.43969 2.77800 
19.44691 2.77900 
19.45414 2.78000 
19.46136 2.78100 
19.46859 2.78200 
19.47581 2.78300 
19.48304 2.78400 
19.49026 2.78500 
19.49749 2.78600 
19.50471 2.78700 
19.51194 2.78800 
19.51916 2.78900 
19.52638 2.79000 
19.53361 2.79100 
19.54083 2.79200 
19.54806 2.79300 
19.55528 2.79400 
19.56251 2.79500 
19.56973 2.79600 
19.57696 2.79700 
19.58418 2.79800 
19.59140 2.79900 
19.59863 2.80000 
19.60585 2.80100 
19.61308 2.80200 
19.62030 2.80300 
19.62753 2.80400 
19.63475 2.80500 
19.64198 2.80600 
19.64920 2.80700 
19.65643 2.80800 
19.66365 2.80900 
19.67087 2.81000 
19.67810 2.81100 
19.68532 2.81200 
19.69255 2.81300 
19.69977 2.81400 
19.70700 2.81500 
19.71422 2.81600 
19.72145 2.81700 
19.72867 2.81800 
19.73590 2.81900 
19.74312 2.82000 
19.75034 2.82100 
19.75757 2.82200 
19.76479 2.82300 
19.77202 2.82400 
19.77924 2.82500 
19.78647 2.82600 
19.79369 2.82700 
19.80092 2.82800 
19.80814 2.82900 
19.81537 2.83000 
19.82259 2.83100 
19.82981 2.83200 
19.83704 2.83300 
19.84426 2.83400 
19.85149 2.83500 
19.85871 2.83600 
19.86594 2.83700 
19.87316 2.83800 
19.88039 2.83900 
19.88761 2.84000 
19.89483 2.84100 
19.90206 2.84200 
19.90928 2.84300 
19.91651 2.84400 
19.92373 2.84500 
19.93096 2.84600 
19.93818 2.84700 
19.94541 2.84800 
19.95263 2.84900 
19.95986 2.85000 
19.96708 2.85100 
19.97430 2.85200 
19.98153 2.85300 
19.98875 2.85400 
19.99598 2.85500 
20.00320 2.85600 
20.01043 2.85700 
20.01765 2.85800 
20.02488 2.85900 
20.03210 2.86000 
20.03933 2.86100 
20.04655 2.86200 
20.05377 2.86300 
20.06100 2.86400 
20.06822 2.86500 
20.07545 2.86600 
20.08267 2.86700 
20.08990 2.86800 
20.09712 2.86900 
20.10435 2.87000 
20.11157 2.87100 
20.11880 2.87200 
20.12602 2.87300 
20.13324 2.87400 
20.14047 2.87500 
20.14769 2.87600 
20.15492 2.87700 
20.16214 2.87800 
20.16937 2.87900 
20.17659 2.88000 
20.18382 2.88100 
20.19104 2.88200 
20.19826 2.88300 
20.20549 2.88400 
20.21271 2.88500 
20.21994 2.88600 
20.22716 2.88700 
20.23439 2.88800 
20.24161 2.88900 
20.24884 2.89000 
20.25606 2.89100 
20.26329 2.89200 
20.27051 2.89300 
20.27773 2.89400 
20.28496 2.89500 
20.29218 2.89600 
20.29941 2.89700 
20.30663 2.89800 
20.31386 2.89900 
20.32108 2.90000 
20.32831 2.90100 
20.33553 2.90200 
20.34276 2.90300 
20.34998 2.90400 
20.35720 2.90500 
20.36443 2.90600 
20.37165 2.90700 
20.37888 2.90800 
20.38610 2.90900 
20.39333 2.91000 
20.40055 2.91100 
20.40778 2.91200 
20.41500 2.91300 
20.42223 2.91400 
20.42945 2.91500 
20.43667 2.91600 
20.44390 2.91700 
20.45112 2.91800 
20.45835 2.91900 
20.46557 2.92000 
20.47280 2.92100 
20.48002 2.92200 
20.48725 2.92300 
20.49447 2.92400 
20.50169 2.92500 
20.50892 2.92600 
20.51614 2.92700 
20.52337 2.92800 
20.53059 2.92900 
20.53782 2.93000 
20.54504 2.93100 
20.55227 2.93200 
20.55949 2.93300 
20.56672 2.93400 
20.57394 2.93500 
20.58116 2.93600 
20.58839 2.93700 
20.59561 2.93800 
20.60284 2.93900 
20.61006 2.94000 
20.61729 2.94100 
20.62451 2.94200 
20.63174 2.94300 
20.63896 2.94400 
20.64619 2.94500 
20.65341 2.94600 
20.66063 2.94700 
20.66786 2.94800 
20.67508 2.94900 
20.68231 2.95000 
20.68953 2.95100 
20.69676 2.95200 
20.70398 2.95300 
20.71121 2.95400 
20.71843 2.95500 
20.72566 2.95600 
20.73288 2.95700 
20.74010 2.95800 
20.74733 2.95900 
20.75455 2.96000 
20.76178 2.96100 
20.76900 2.96200 
20.77623 2.96300 
20.78345 2.96400 
20.79068 2.96500 
20.79790 2.96600 
20.80512 2.96700 
20.81235 2.96800 
20.81957 2.96900 
20.82680 2.97000 
20.83402 2.97100 
20.84125 2.97200 
20.84847 2.97300 
20.85570 2.97400 
20.86292 2.97500 
20.87015 2.97600 
20.87737 2.97700 
20.88459 2.97800 
20.89182 2.97900 
20.89904 2.98000 
20.90627 2.98100 
20.91349 2.98200 
20.92072 2.98300 
20.92794 2.98400 
20.93517 2.98500 
20.94239 2.98600 
20.94962 2.98700 
20.95684 2.98800 
20.96406 2.98900 
20.97129 2.99000 
20.97851 2.99100 
20.98574 2.99200 
20.99296 2.99300 
21.00019 2.99400 
21.00741 2.99500 
21.01464 2.99600 
21.02186 2.99700 
21.02909 2.99800 
21.03631 2.99900 
21.04353 3.00000 
21.05076 3.00100 
21.05798 3.00200 
21.06521 3.00300 
21.07243 3.00400 
21.07966 3.00500 
21.08688 3.00600 
21.09411 3.00700 
21.10133 3.00800 
21.10855 3.00900 
21.11578 3.01000 
21.12300 3.01100 
21.13023 3.01200 
21.13745 3.01300 
21.14468 3.01400 
21.15190 3.01500 
21.15913 3.01600 
21.16635 3.01700 
21.17358 3.01800 
21.18080 3.01900 
21.18802 3.02000 
21.19525 3.02100 
21.20247 3.02200 
21.20970 3.02300 
21.21692 3.02400 
21.22415 3.02500 
21.23137 3.02600 
21.23860 3.02700 
21.24582 3.02800 
21.25305 3.02900 
21.26027 3.03000 
21.26749 3.03100 
21.27472 3.03200 
21.28194 3.03300 
21.28917 3.03400 
21.29639 3.03500 
21.30362 3.03600 
21.31084 3.03700 
21.31807 3.03800 
21.32529 3.03900 
21.33252 3.04000 
21.33974 3.04100 
21.34696 3.04200 
21.35419 3.04300 
21.36141 3.04400 
21.36864 3.04500 
21.37586 3.04600 
21.38309 3.04700 
21.39031 3.04800 
21.39754 3.04900 
21.40476 3.05000 
21.41198 3.05100 
21.41921 3.05200 
21.42643 3.05300 
21.43366 3.05400 
21.44088 3.05500 
21.44811 3.05600 
21.45533 3.05700 
21.46256 3.05800 
21.46978 3.05900 
21.47701 3.06000 
21.48423 3.06100 
21.49145 3.06200 
21.49868 3.06300 
21.50590 3.06400 
21.51313 3.06500 
21.52035 3.06600 
21.52758 3.06700 
21.53480 3.06800 
21.54203 3.06900 
21.54925 3.07000 
21.55648 3.07100 
21.56370 3.07200 
21.57092 3.07300 
21.57815 3.07400 
21.58537 3.07500 
21.59260 3.07600 
21.59982 3.07700 
21.60705 3.07800 
21.61427 3.07900 
21.62150 3.08000 
21.62872 3.08100 
21.63595 3.08200 
21.64317 3.08300 
21.65039 3.08400 
21.65762 3.08500 
21.66484 3.08600 
21.67207 3.08700 
21.67929 3.08800 
21.68652 3.08900 
21.69374 3.09000 
21.70097 3.09100 
21.70819 3.09200 
21.71541 3.09300 
21.72264 3.09400 
21.72986 3.09500 
21.73709 3.09600 
21.74431 3.09700 
21.75154 3.09800 
21.75876 3.09900 
21.76599 3.10000 
21.77321 3.10100 
21.78044 3.10200 
21.78766 3.10300 
21.79488 3.10400 
21.80211 3.10500 
21.80933 3.10600 
21.81656 3.10700 
21.82378 3.10800 
21.83101 3.10900 
21.83823 3.11000 
21.84546 3.11100 
21.85268 3.11200 
21.85991 3.11300 
21.86713 3.11400 
21.87435 3.11500 
21.88158 3.11600 
21.88880 3.11700 
21.89603 3.11800 
21.90325 3.11900 
21.91048 3.12000 
21.91770 3.12100 
21.92493 3.12200 
21.93215 3.12300 
21.93938 3.12400 
21.94660 3.12500 
21.95382 3.12600 
21.96105 3.12700 
21.96827 3.12800 
21.97550 3.12900 
21.98272 3.13000 
21.98995 3.13100 
21.99717 3.13200 
22.00440 3.13300 
22.01162 3.13400 
22.01884 3.13500 
22.02607 3.13600 
22.03329 3.13700 
22.04052 3.13800 
22.04774 3.13900 
22.05497 3.14000 
22.06219 3.14100 
22.06942 3.14200 
22.07664 3.14300 
22.08387 3.14400 
22.09109 3.14500 
22.09831 3.14600 
22.10554 3.14700 
22.11276 3.14800 
22.11999 3.14900 
22.12721 3.15000 
22.13444 3.15100 
22.14166 3.15200 
22.14889 3.15300 
22.15611 3.15400 
22.16334 3.15500 
22.17056 3.15600 
22.17778 3.15700 
22.18501 3.15800 
22.19223 3.15900 
22.19946 3.16000 
22.20668 3.16100 
22.21391 3.16200 
22.22113 3.16300 
22.22836 3.16400 
22.23558 3.16500 
22.24281 3.16600 
22.25003 3.16700 
22.25725 3.16800 
22.26448 3.16900 
22.27170 3.17000 
22.27893 3.17100 
22.28615 3.17200 
22.29338 3.17300 
22.30060 3.17400 
22.30783 3.17500 
22.31505 3.17600 
22.32227 3.17700 
22.32950 3.17800 
22.33672 3.17900 
22.34395 3.18000 
22.35117 3.18100 
22.35840 3.18200 
22.36562 3.18300 
22.37285 3.18400 
22.38007 3.18500 
22.38730 3.18600 
22.39452 3.18700 
22.40174 3.18800 
22.40897 3.18900 
22.41619 3.19000 
22.42342 3.19100 
22.43064 3.19200 
22.43787 3.19300 
22.44509 3.19400 
22.45232 3.19500 
22.45954 3.19600 
22.46677 3.19700 
22.47399 3.19800 
22.48121 3.19900 
22.48844 3.20000 
22.49566 3.20100 
22.50289 3.20200 
22.51011 3.20300 
22.51734 3.20400 
22.52456 3.20500 
22.53179 3.20600 
22.53901 3.20700 
22.54623 3.20800 
22.55346 3.20900 
22.56068 3.21000 
22.56791 3.21100 
22.57513 3.21200 
22.58236 3.21300 
22.58958 3.21400 
22.59681 3.21500 
22.60403 3.21600 
22.61126 3.21700 
22.61848 3.21800 
22.62570 3.21900 
22.63293 3.22000 
22.64015 3.22100 
22.64738 3.22200 
22.65460 3.22300 
22.66183 3.22400 
22.66905 3.22500 
22.67628 3.22600 
22.68350 3.22700 
22.69073 3.22800 
22.69795 3.22900 
22.70517 3.23000 
22.71240 3.23100 
22.71962 3.23200 
22.72685 3.23300 
22.73407 3.23400 
22.74130 3.23500 
22.74852 3.23600 
22.75575 3.23700 
22.76297 3.23800 
22.77020 3.23900 
22.77742 3.24000 
22.78464 3.24100 
22.79187 3.24200 
22.79909 3.24300 
22.80632 3.24400 
22.81354 3.24500 
22.82077 3.24600 
22.82799 3.24700 
22.83522 3.24800 
22.84244 3.24900 
22.84966 3.25000 
22.85689 3.25100 
22.86411 3.25200 
22.87134 3.25300 
22.87856 3.25400 
22.88579 3.25500 
22.89301 3.25600 
22.90024 3.25700 
22.90746 3.25800 
22.91469 3.25900 
22.92191 3.26000 
22.92913 3.26100 
22.93636 3.26200 
22.94358 3.26300 
22.95081 3.26400 
22.95803 3.26500 
22.96526 3.26600 
22.97248 3.26700 
22.97971 3.26800 
22.98693 3.26900 
22.99416 3.27000 
23.00138 3.27100 
23.00860 3.27200 
23.01583 3.27300 
23.02305 3.27400 
23.03028 3.27500 
23.03750 3.27600 
23.04473 3.27700 
23.05195 3.27800 
23.05918 3.27900 
23.06640 3.28000 
23.07363 3.28100 
23.08085 3.28200 
23.08807 3.28300 
23.09530 3.28400 
23.10252 3.28500 
23.10975 3.28600 
23.11697 3.28700 
23.12420 3.28800 
23.13142 3.28900 
23.13865 3.29000 
23.14587 3.29100 
23.15309 3.29200 
23.16032 3.29300 
23.16754 3.29400 
23.17477 3.29500 
23.18199 3.29600 
23.18922 3.29700 
23.19644 3.29800 
23.20367 3.29900 
23.21089 3.30000 
23.21812 3.30100 
23.22534 3.30200 
23.23256 3.30300 
23.23979 3.30400 
23.24701 3.30500 
23.25424 3.30600 
23.26146 3.30700 
23.26869 3.30800 
23.27591 3.30900 
23.28314 3.31000 
23.29036 3.31100 
23.29759 3.31200 
23.30481 3.31300 
23.31203 3.31400 
23.31926 3.31500 
23.32648 3.31600 
23.33371 3.31700 
23.34093 3.31800 
23.34816 3.31900 
23.35538 3.32000 
23.36261 3.32100 
23.36983 3.32200 
23.37706 3.32300 
23.38428 3.32400 
23.39150 3.32500 
23.39873 3.32600 
23.40595 3.32700 
23.41318 3.32800 
23.42040 3.32900 
23.42763 3.33000 
23.43485 3.33100 
23.44208 3.33200 
23.44930 3.33300 
23.45652 3.33400 
23.46375 3.33500 
23.47097 3.33600 
23.47820 3.33700 
23.48542 3.33800 
23.49265 3.33900 
23.49987 3.34000 
23.50710 3.34100 
23.51432 3.34200 
23.52155 3.34300 
23.52877 3.34400 
23.53599 3.34500 
23.54322 3.34600 
23.55044 3.34700 
23.55767 3.34800 
23.56489 3.34900 
23.57212 3.35000 
23.57934 3.35100 
23.58657 3.35200 
23.59379 3.35300 
23.60102 3.35400 
23.60824 3.35500 
23.61546 3.35600 
23.62269 3.35700 
23.62991 3.35800 
23.63714 3.35900 
23.64436 3.36000 
23.65159 3.36100 
23.65881 3.36200 
23.66604 3.36300 
23.67326 3.36400 
23.68049 3.36500 
23.68771 3.36600 
23.69493 3.36700 
23.70216 3.36800 
23.70938 3.36900 
23.71661 3.37000 
23.72383 3.37100 
23.73106 3.37200 
23.73828 3.37300 
23.74551 3.37400 
23.75273 3.37500 
23.75995 3.37600 
23.76718 3.37700 
23.77440 3.37800 
23.78163 3.37900 
23.78885 3.38000 
23.79608 3.38100 
23.80330 3.38200 
23.81053 3.38300 
23.81775 3.38400 
23.82498 3.38500 
23.83220 3.38600 
23.83942 3.38700 
23.84665 3.38800 
23.85387 3.38900 
23.86110 3.39000 
23.86832 3.39100 
23.87555 3.39200 
23.88277 3.39300 
23.89000 3.39400 
23.89722 3.39500 
23.90445 3.39600 
23.91167 3.39700 
23.91889 3.39800 
23.92612 3.39900 
23.93334 3.40000 
23.94057 3.40100 
23.94779 3.40200 
23.95502 3.40300 
23.96224 3.40400 
23.96947 3.40500 
23.97669 3.40600 
23.98392 3.40700 
23.99114 3.40800 
23.99836 3.40900 
24.00559 3.41000 
24.01281 3.41100 
24.02004 3.41200 
24.02726 3.41300 
24.03449 3.41400 
24.04171 3.41500 
24.04894 3.41600 
24.05616 3.41700 
24.06338 3.41800 
24.07061 3.41900 
24.07783 3.42000 
24.08506 3.42100 
24.09228 3.42200 
24.09951 3.42300 
24.10673 3.42400 
24.11396 3.42500 
24.12118 3.42600 
24.12841 3.42700 
24.13563 3.42800 
24.14285 3.42900 
24.15008 3.43000 
24.15730 3.43100 
24.16453 3.43200 
24.17175 3.43300 
24.17898 3.43400 
24.18620 3.43500 
24.19343 3.43600 
24.20065 3.43700 
24.20788 3.43800 
24.21510 3.43900 
24.22232 3.44000 
24.22955 3.44100 
24.23677 3.44200 
24.24400 3.44300 
24.25122 3.44400 
24.25845 3.44500 
24.26567 3.44600 
24.27290 3.44700 
24.28012 3.44800 
24.28735 3.44900 
24.29457 3.45000 
24.30179 3.45100 
24.30902 3.45200 
24.31624 3.45300 
24.32347 3.45400 
24.33069 3.45500 
24.33792 3.45600 
24.34514 3.45700 
24.35237 3.45800 
24.35959 3.45900 
24.36681 3.46000 
24.37404 3.46100 
24.38126 3.46200 
24.38849 3.46300 
24.39571 3.46400 
24.40294 3.46500 
24.41016 3.46600 
24.41739 3.46700 
24.42461 3.46800 
24.43184 3.46900 
24.43906 3.47000 
24.44628 3.47100 
24.45351 3.47200 
24.46073 3.47300 
24.46796 3.47400 
24.47518 3.47500 
24.48241 3.47600 
24.48963 3.47700 
24.49686 3.47800 
24.50408 3.47900 
24.51131 3.48000 
24.51853 3.48100 
24.52575 3.48200 
24.53298 3.48300 
24.54020 3.48400 
24.54743 3.48500 
24.55465 3.48600 
24.56188 3.48700 
24.56910 3.48800 
24.57633 3.48900 
24.58355 3.49000 
24.59078 3.49100 
24.59800 3.49200 
24.60522 3.49300 
24.61245 3.49400 
24.61967 3.49500 
24.62690 3.49600 
24.63412 3.49700 
24.64135 3.49800 
24.64857 3.49900 
24.65580 3.50000 
24.66302 3.50100 
24.67024 3.50200 
24.67747 3.50300 
24.68469 3.50400 
24.69192 3.50500 
24.69914 3.50600 
24.70637 3.50700 
24.71359 3.50800 
24.72082 3.50900 
24.72804 3.51000 
24.73527 3.51100 
24.74249 3.51200 
24.74971 3.51300 
24.75694 3.51400 
24.76416 3.51500 
24.77139 3.51600 
24.77861 3.51700 
24.78584 3.51800 
24.79306 3.51900 
24.80029 3.52000 
24.80751 3.52100 
24.81474 3.52200 
24.82196 3.52300 
24.82918 3.52400 
24.83641 3.52500 
24.84363 3.52600 
24.85086 3.52700 
24.85808 3.52800 
24.86531 3.52900 
24.87253 3.53000 
24.87976 3.53100 
24.88698 3.53200 
24.89421 3.53300 
24.90143 3.53400 
24.90865 3.53500 
24.91588 3.53600 
24.92310 3.53700 
24.93033 3.53800 
24.93755 3.53900 
24.94478 3.54000 
24.95200 3.54100 
24.95923 3.54200 
24.96645 3.54300 
24.97367 3.54400 
24.98090 3.54500 
24.98812 3.54600 
24.99535 3.54700 
25.00257 3.54800 
25.00980 3.54900 
25.01702 3.55000 
25.02425 3.55100 
25.03147 3.55200 
25.03870 3.55300 
25.04592 3.55400 
25.05314 3.55500 
25.06037 3.55600 
25.06759 3.55700 
25.07482 3.55800 
25.08204 3.55900 
25.08927 3.56000 
25.09649 3.56100 
25.10372 3.56200 
25.11094 3.56300 
25.11817 3.56400 
25.12539 3.56500 
25.13261 3.56600 
25.13984 3.56700 
25.14706 3.56800 
25.15429 3.56900 
25.16151 3.57000 
25.16874 3.57100 
25.17596 3.57200 
25.18319 3.57300 
25.19041 3.57400 
25.19764 3.57500 
25.20486 3.57600 
25.21208 3.57700 
25.21931 3.57800 
25.22653 3.57900 
25.23376 3.58000 
25.24098 3.58100 
25.24821 3.58200 
25.25543 3.58300 
25.26266 3.58400 
25.26988 3.58500 
25.27710 3.58600 
25.28433 3.58700 
25.29155 3.58800 
25.29878 3.58900 
25.30600 3.59000 
25.31323 3.59100 
25.32045 3.59200 
25.32768 3.59300 
25.33490 3.59400 
25.34213 3.59500 
25.34935 3.59600 
25.35657 3.59700 
25.36380 3.59800 
25.37102 3.59900 
25.37825 3.60000 
25.38547 3.60100 
25.39270 3.60200 
25.39992 3.60300 
25.40715 3.60400 
25.41437 3.60500 
25.42160 3.60600 
25.42882 3.60700 
25.43604 3.60800 
25.44327 3.60900 
25.45049 3.61000 
25.45772 3.61100 
25.46494 3.61200 
25.47217 3.61300 
25.47939 3.61400 
25.48662 3.61500 
25.49384 3.61600 
25.50107 3.61700 
25.50829 3.61800 
25.51551 3.61900 
25.52274 3.62000 
25.52996 3.62100 
25.53719 3.62200 
25.54441 3.62300 
25.55164 3.62400 
25.55886 3.62500 
25.56609 3.62600 
25.57331 3.62700 
25.58053 3.62800 
25.58776 3.62900 
25.59498 3.63000 
25.60221 3.63100 
25.60943 3.63200 
25.61666 3.63300 
25.62388 3.63400 
25.63111 3.63500 
25.63833 3.63600 
25.64556 3.63700 
25.65278 3.63800 
25.66000 3.63900 
25.66723 3.64000 
25.67445 3.64100 
25.68168 3.64200 
25.68890 3.64300 
25.69613 3.64400 
25.70335 3.64500 
25.71058 3.64600 
25.71780 3.64700 
25.72503 3.64800 
25.73225 3.64900 
25.73947 3.65000 
25.74670 3.65100 
25.75392 3.65200 
25.76115 3.65300 
25.76837 3.65400 
25.77560 3.65500 
25.78282 3.65600 
25.79005 3.65700 
25.79727 3.65800 
25.80450 3.65900 
25.81172 3.66000 
25.81894 3.66100 
25.82617 3.66200 
25.83339 3.66300 
25.84062 3.66400 
25.84784 3.66500 
25.85507 3.66600 
25.86229 3.66700 
25.86952 3.66800 
25.87674 3.66900 
25.88396 3.67000 
25.89119 3.67100 
25.89841 3.67200 
25.90564 3.67300 
25.91286 3.67400 
25.92009 3.67500 
25.92731 3.67600 
25.93454 3.67700 
25.94176 3.67800 
25.94899 3.67900 
25.95621 3.68000 
25.96343 3.68100 
25.97066 3.68200 
25.97788 3.68300 
25.98511 3.68400 
25.99233 3.68500 
25.99956 3.68600 
26.00678 3.68700 
26.01401 3.68800 
26.02123 3.68900 
26.02846 3.69000 
26.03568 3.69100 
26.04290 3.69200 
26.05013 3.69300 
26.05735 3.69400 
26.06458 3.69500 
26.07180 3.69600 
26.07903 3.69700 
26.08625 3.69800 
26.09348 3.69900 
26.10070 3.70000 
26.10793 3.70100 
26.11515 3.70200 
26.12237 3.70300 
26.12960 3.70400 
26.13682 3.70500 
26.14405 3.70600 
26.15127 3.70700 
26.15850 3.70800 
26.16572 3.70900 
26.17295 3.71000 
26.18017 3.71100 
26.18739 3.71200 
26.19462 3.71300 
26.20184 3.71400 
26.20907 3.71500 
26.21629 3.71600 
26.22352 3.71700 
26.23074 3.71800 
26.23797 3.71900 
26.24519 3.72000 
26.25242 3.72100 
26.25964 3.72200 
26.26686 3.72300 
26.27409 3.72400 
26.28131 3.72500 
26.28854 3.72600 
26.29576 3.72700 
26.30299 3.72800 
26.31021 3.72900 
26.31744 3.73000 
26.32466 3.73100 
26.33189 3.73200 
26.33911 3.73300 
26.34633 3.73400 
26.35356 3.73500 
26.36078 3.73600 
26.36801 3.73700 
26.37523 3.73800 
26.38246 3.73900 
26.38968 3.74000 
26.39691 3.74100 
26.40413 3.74200 
26.41136 3.74300 
26.41858 3.74400 
26.42580 3.74500 
26.43303 3.74600 
26.44025 3.74700 
26.44748 3.74800 
26.45470 3.74900 
26.46193 3.75000 
26.46915 3.75100 
26.47638 3.75200 
26.48360 3.75300 
26.49082 3.75400 
26.49805 3.75500 
26.50527 3.75600 
26.51250 3.75700 
26.51972 3.75800 
26.52695 3.75900 
26.53417 3.76000 
26.54140 3.76100 
26.54862 3.76200 
26.55585 3.76300 
26.56307 3.76400 
26.57029 3.76500 
26.57752 3.76600 
26.58474 3.76700 
26.59197 3.76800 
26.59919 3.76900 
26.60642 3.77000 
26.61364 3.77100 
26.62087 3.77200 
26.62809 3.77300 
26.63532 3.77400 
26.64254 3.77500 
26.64976 3.77600 
26.65699 3.77700 
26.66421 3.77800 
26.67144 3.77900 
26.67866 3.78000 
26.68589 3.78100 
26.69311 3.78200 
26.70034 3.78300 
26.70756 3.78400 
26.71479 3.78500 
26.72201 3.78600 
26.72923 3.78700 
26.73646 3.78800 
26.74368 3.78900 
26.75091 3.79000 
26.75813 3.79100 
26.76536 3.79200 
26.77258 3.79300 
26.77981 3.79400 
26.78703 3.79500 
26.79425 3.79600 
26.80148 3.79700 
26.80870 3.79800 
26.81593 3.79900 
26.82315 3.80000 
26.83038 3.80100 
26.83760 3.80200 
26.84483 3.80300 
26.85205 3.80400 
26.85928 3.80500 
26.86650 3.80600 
26.87372 3.80700 
26.88095 3.80800 
26.88817 3.80900 
26.89540 3.81000 
26.90262 3.81100 
26.90985 3.81200 
26.91707 3.81300 
26.92430 3.81400 
26.93152 3.81500 
26.93875 3.81600 
26.94597 3.81700 
26.95319 3.81800 
26.96042 3.81900 
26.96764 3.82000 
26.97487 3.82100 
26.98209 3.82200 
26.98932 3.82300 
26.99654 3.82400 
27.00377 3.82500 
27.01099 3.82600 
27.01821 3.82700 
27.02544 3.82800 
27.03266 3.82900 
27.03989 3.83000 
27.04711 3.83100 
27.05434 3.83200 
27.06156 3.83300 
27.06879 3.83400 
27.07601 3.83500 
27.08324 3.83600 
27.09046 3.83700 
27.09768 3.83800 
27.10491 3.83900 
27.11213 3.84000 
27.11936 3.84100 
27.12658 3.84200 
27.13381 3.84300 
27.14103 3.84400 
27.14826 3.84500 
27.15548 3.84600 
27.16271 3.84700 
27.16993 3.84800 
27.17715 3.84900 
27.18438 3.85000 
27.19160 3.85100 
27.19883 3.85200 
27.20605 3.85300 
27.21328 3.85400 
27.22050 3.85500 
27.22773 3.85600 
27.23495 3.85700 
27.24218 3.85800 
27.24940 3.85900 
27.25662 3.86000 
27.26385 3.86100 
27.27107 3.86200 
27.27830 3.86300 
27.28552 3.86400 
27.29275 3.86500 
27.29997 3.86600 
27.30720 3.86700 
27.31442 3.86800 
27.32164 3.86900 
27.32887 3.87000 
27.33609 3.87100 
27.34332 3.87200 
27.35054 3.87300 
27.35777 3.87400 
27.36499 3.87500 
27.37222 3.87600 
27.37944 3.87700 
27.38667 3.87800 
27.39389 3.87900 
27.40111 3.88000 
27.40834 3.88100 
27.41556 3.88200 
27.42279 3.88300 
27.43001 3.88400 
27.43724 3.88500 
27.44446 3.88600 
27.45169 3.88700 
27.45891 3.88800 
27.46614 3.88900 
27.47336 3.89000 
27.48058 3.89100 
27.48781 3.89200 
27.49503 3.89300 
27.50226 3.89400 
27.50948 3.89500 
27.51671 3.89600 
27.52393 3.89700 
27.53116 3.89800 
27.53838 3.89900 
27.54561 3.90000 
27.55283 3.90100 
27.56005 3.90200 
27.56728 3.90300 
27.57450 3.90400 
27.58173 3.90500 
27.58895 3.90600 
27.59618 3.90700 
27.60340 3.90800 
27.61063 3.90900 
27.61785 3.91000 
27.62507 3.91100 
27.63230 3.91200 
27.63952 3.91300 
27.64675 3.91400 
27.65397 3.91500 
27.66120 3.91600 
27.66842 3.91700 
27.67565 3.91800 
27.68287 3.91900 
27.69010 3.92000 
27.69732 3.92100 
27.70454 3.92200 
27.71177 3.92300 
27.71899 3.92400 
27.72622 3.92500 
27.73344 3.92600 
27.74067 3.92700 
27.74789 3.92800 
27.75512 3.92900 
27.76234 3.93000 
27.76957 3.93100 
27.77679 3.93200 
27.78401 3.93300 
27.79124 3.93400 
27.79846 3.93500 
27.80569 3.93600 
27.81291 3.93700 
27.82014 3.93800 
27.82736 3.93900 
27.83459 3.94000 
27.84181 3.94100 
27.84904 3.94200 
27.85626 3.94300 
27.86348 3.94400 
27.87071 3.94500 
27.87793 3.94600 
27.88516 3.94700 
27.89238 3.94800 
27.89961 3.94900 
27.90683 3.95000 
27.91406 3.95100 
27.92128 3.95200 
27.92850 3.95300 
27.93573 3.95400 
27.94295 3.95500 
27.95018 3.95600 
27.95740 3.95700 
27.96463 3.95800 
27.97185 3.95900 
27.97908 3.96000 
27.98630 3.96100 
27.99353 3.96200 
28.00075 3.96300 
28.00797 3.96400 
28.01520 3.96500 
28.02242 3.96600 
28.02965 3.96700 
28.03687 3.96800 
28.04410 3.96900 
28.05132 3.97000 
28.05855 3.97100 
28.06577 3.97200 
28.07300 3.97300 
28.08022 3.97400 
28.08744 3.97500 
28.09467 3.97600 
28.10189 3.97700 
28.10912 3.97800 
28.11634 3.97900 
28.12357 3.98000 
28.13079 3.98100 
28.13802 3.98200 
28.14524 3.98300 
28.15247 3.98400 
28.15969 3.98500 
28.16691 3.98600 
28.17414 3.98700 
28.18136 3.98800 
28.18859 3.98900 
28.19581 3.99000 
28.20304 3.99100 
28.21026 3.99200 
28.21749 3.99300 
28.22471 3.99400 
28.23193 3.99500 
28.23916 3.99600 
28.24638 3.99700 
28.25361 3.99800 
28.26083 3.99900 
28.26806 4.00000 
28.27528 4.00100 
28.28251 4.00200 
28.28973 4.00300 
28.29696 4.00400 
28.30418 4.00500 
28.31140 4.00600 
28.31863 4.00700 
28.32585 4.00800 
28.33308 4.00900 
28.34030 4.01000 
28.34753 4.01100 
28.35475 4.01200 
28.36198 4.01300 
28.36920 4.01400 
28.37643 4.01500 
28.38365 4.01600 
28.39087 4.01700 
28.39810 4.01800 
28.40532 4.01900 
28.41255 4.02000 
28.41977 4.02100 
28.42700 4.02200 
28.43422 4.02300 
28.44145 4.02400 
28.44867 4.02500 
28.45590 4.02600 
28.46312 4.02700 
28.47034 4.02800 
28.47757 4.02900 
28.48479 4.03000 
28.49202 4.03100 
28.49924 4.03200 
28.50647 4.03300 
28.51369 4.03400 
28.52092 4.03500 
28.52814 4.03600 
28.53536 4.03700 
28.54259 4.03800 
28.54981 4.03900 
28.55704 4.04000 
28.56426 4.04100 
28.57149 4.04200 
28.57871 4.04300 
28.58594 4.04400 
28.59316 4.04500 
28.60039 4.04600 
28.60761 4.04700 
28.61483 4.04800 
28.62206 4.04900 
28.62928 4.05000 
28.63651 4.05100 
28.64373 4.05200 
28.65096 4.05300 
28.65818 4.05400 
28.66541 4.05500 
28.67263 4.05600 
28.67986 4.05700 
28.68708 4.05800 
28.69430 4.05900 
28.70153 4.06000 
28.70875 4.06100 
28.71598 4.06200 
28.72320 4.06300 
28.73043 4.06400 
28.73765 4.06500 
28.74488 4.06600 
28.75210 4.06700 
28.75933 4.06800 
28.76655 4.06900 
28.77377 4.07000 
28.78100 4.07100 
28.78822 4.07200 
28.79545 4.07300 
28.80267 4.07400 
28.80990 4.07500 
28.81712 4.07600 
28.82435 4.07700 
28.83157 4.07800 
28.83879 4.07900 
28.84602 4.08000 
28.85324 4.08100 
28.86047 4.08200 
28.86769 4.08300 
28.87492 4.08400 
28.88214 4.08500 
28.88937 4.08600 
28.89659 4.08700 
28.90382 4.08800 
28.91104 4.08900 
28.91826 4.09000 
28.92549 4.09100 
28.93271 4.09200 
28.93994 4.09300 
28.94716 4.09400 
28.95439 4.09500 
28.96161 4.09600 
28.96884 4.09700 
28.97606 4.09800 
28.98329 4.09900 
28.99051 4.10000 
28.99773 4.10100 
29.00496 4.10200 
29.01218 4.10300 
29.01941 4.10400 
29.02663 4.10500 
29.03386 4.10600 
29.04108 4.10700 
29.04831 4.10800 
29.05553 4.10900 
29.06276 4.11000 
29.06998 4.11100 
29.07720 4.11200 
29.08443 4.11300 
29.09165 4.11400 
29.09888 4.11500 
29.10610 4.11600 
29.11333 4.11700 
29.12055 4.11800 
29.12778 4.11900 
29.13500 4.12000 
29.14222 4.12100 
29.14945 4.12200 
29.15667 4.12300 
29.16390 4.12400 
29.17112 4.12500 
29.17835 4.12600 
29.18557 4.12700 
29.19280 4.12800 
29.20002 4.12900 
29.20725 4.13000 
29.21447 4.13100 
29.22169 4.13200 
29.22892 4.13300 
29.23614 4.13400 
29.24337 4.13500 
29.25059 4.13600 
29.25782 4.13700 
29.26504 4.13800 
29.27227 4.13900 
29.27949 4.14000 
29.28672 4.14100 
29.29394 4.14200 
29.30116 4.14300 
29.30839 4.14400 
29.31561 4.14500 
29.32284 4.14600 
29.33006 4.14700 
29.33729 4.14800 
29.34451 4.14900 
29.35174 4.15000 
29.35896 4.15100 
29.36619 4.15200 
29.37341 4.15300 
29.38063 4.15400 
29.38786 4.15500 
29.39508 4.15600 
29.40231 4.15700 
29.40953 4.15800 
29.41676 4.15900 
29.42398 4.16000 
29.43121 4.16100 
29.43843 4.16200 
29.44565 4.16300 
29.45288 4.16400 
29.46010 4.16500 
29.46733 4.16600 
29.47455 4.16700 
29.48178 4.16800 
29.48900 4.16900 
29.49623 4.17000 
29.50345 4.17100 
29.51068 4.17200 
29.51790 4.17300 
29.52512 4.17400 
29.53235 4.17500 
29.53957 4.17600 
29.54680 4.17700 
29.55402 4.17800 
29.56125 4.17900 
29.56847 4.18000 
29.57570 4.18100 
29.58292 4.18200 
29.59015 4.18300 
29.59737 4.18400 
29.60459 4.18500 
29.61182 4.18600 
29.61904 4.18700 
29.62627 4.18800 
29.63349 4.18900 
29.64072 4.19000 
29.64794 4.19100 
29.65517 4.19200 
29.66239 4.19300 
29.66962 4.19400 
29.67684 4.19500 
29.68406 4.19600 
29.69129 4.19700 
29.69851 4.19800 
29.70574 4.19900 
29.71296 4.20000 
29.72019 4.20100 
29.72741 4.20200 
29.73464 4.20300 
29.74186 4.20400 
29.74908 4.20500 
29.75631 4.20600 
29.76353 4.20700 
29.77076 4.20800 
29.77798 4.20900 
29.78521 4.21000 
29.79243 4.21100 
29.79966 4.21200 
29.80688 4.21300 
29.81411 4.21400 
29.82133 4.21500 
29.82855 4.21600 
29.83578 4.21700 
29.84300 4.21800 
29.85023 4.21900 
29.85745 4.22000 
29.86468 4.22100 
29.87190 4.22200 
29.87913 4.22300 
29.88635 4.22400 
29.89358 4.22500 
29.90080 4.22600 
29.90802 4.22700 
29.91525 4.22800 
29.92247 4.22900 
29.92970 4.23000 
29.93692 4.23100 
29.94415 4.23200 
29.95137 4.23300 
29.95860 4.23400 
29.96582 4.23500 
29.97305 4.23600 
29.98027 4.23700 
29.98749 4.23800 
29.99472 4.23900 
30.00194 4.24000 
30.00917 4.24100 
30.01639 4.24200 
30.02362 4.24300 
30.03084 4.24400 
30.03807 4.24500 
30.04529 4.24600 
30.05251 4.24700 
30.05974 4.24800 
30.06696 4.24900 
30.07419 4.25000 
30.08141 4.25100 
30.08864 4.25200 
30.09586 4.25300 
30.10309 4.25400 
30.11031 4.25500 
30.11754 4.25600 
30.12476 4.25700 
30.13198 4.25800 
30.13921 4.25900 
30.14643 4.26000 
30.15366 4.26100 
30.16088 4.26200 
30.16811 4.26300 
30.17533 4.26400 
30.18256 4.26500 
30.18978 4.26600 
30.19701 4.26700 
30.20423 4.26800 
30.21145 4.26900 
30.21868 4.27000 
30.22590 4.27100 
30.23313 4.27200 
30.24035 4.27300 
30.24758 4.27400 
30.25480 4.27500 
30.26203 4.27600 
30.26925 4.27700 
30.27648 4.27800 
30.28370 4.27900 
30.29092 4.28000 
30.29815 4.28100 
30.30537 4.28200 
30.31260 4.28300 
30.31982 4.28400 
30.32705 4.28500 
30.33427 4.28600 
30.34150 4.28700 
30.34872 4.28800 
30.35594 4.28900 
30.36317 4.29000 
30.37039 4.29100 
30.37762 4.29200 
30.38484 4.29300 
30.39207 4.29400 
30.39929 4.29500 
30.40652 4.29600 
30.41374 4.29700 
30.42097 4.29800 
30.42819 4.29900 
30.43541 4.30000 
30.44264 4.30100 
30.44986 4.30200 
30.45709 4.30300 
30.46431 4.30400 
30.47154 4.30500 
30.47876 4.30600 
30.48599 4.30700 
30.49321 4.30800 
30.50044 4.30900 
30.50766 4.31000 
30.51488 4.31100 
30.52211 4.31200 
30.52933 4.31300 
30.53656 4.31400 
30.54378 4.31500 
30.55101 4.31600 
30.55823 4.31700 
30.56546 4.31800 
30.57268 4.31900 
30.57991 4.32000 
30.58713 4.32100 
30.59435 4.32200 
30.60158 4.32300 
30.60880 4.32400 
30.61603 4.32500 
30.62325 4.32600 
30.63048 4.32700 
30.63770 4.32800 
30.64493 4.32900 
30.65215 4.33000 
30.65937 4.33100 
30.66660 4.33200 
30.67382 4.33300 
30.68105 4.33400 
30.68827 4.33500 
30.69550 4.33600 
30.70272 4.33700 
30.70995 4.33800 
30.71717 4.33900 
30.72440 4.34000 
30.73162 4.34100 
30.73884 4.34200 
30.74607 4.34300 
30.75329 4.34400 
30.76052 4.34500 
30.76774 4.34600 
30.77497 4.34700 
30.78219 4.34800 
30.78942 4.34900 
30.79664 4.35000 
30.80387 4.35100 
30.81109 4.35200 
30.81831 4.35300 
30.82554 4.35400 
30.83276 4.35500 
30.83999 4.35600 
30.84721 4.35700 
30.85444 4.35800 
30.86166 4.35900 
30.86889 4.36000 
30.87611 4.36100 
30.88334 4.36200 
30.89056 4.36300 
30.89778 4.36400 
30.90501 4.36500 
30.91223 4.36600 
30.91946 4.36700 
30.92668 4.36800 
30.93391 4.36900 
30.94113 4.37000 
30.94836 4.37100 
30.95558 4.37200 
30.96280 4.37300 
30.97003 4.37400 
30.97725 4.37500 
30.98448 4.37600 
30.99170 4.37700 
30.99893 4.37800 
31.00615 4.37900 
31.01338 4.38000 
31.02060 4.38100 
31.02783 4.38200 
31.03505 4.38300 
31.04227 4.38400 
31.04950 4.38500 
31.05672 4.38600 
31.06395 4.38700 
31.07117 4.38800 
31.07840 4.38900 
31.08562 4.39000 
31.09285 4.39100 
31.10007 4.39200 
31.10730 4.39300 
31.11452 4.39400 
31.12174 4.39500 
31.12897 4.39600 
31.13619 4.39700 
31.14342 4.39800 
31.15064 4.39900 
31.15787 4.40000 
31.16509 4.40100 
31.17232 4.40200 
31.17954 4.40300 
31.18677 4.40400 
31.19399 4.40500 
31.20121 4.40600 
31.20844 4.40700 
31.21566 4.40800 
31.22289 4.40900 
31.23011 4.41000 
31.23734 4.41100 
31.24456 4.41200 
31.25179 4.41300 
31.25901 4.41400 
31.26623 4.41500 
31.27346 4.41600 
31.28068 4.41700 
31.28791 4.41800 
31.29513 4.41900 
31.30236 4.42000 
31.30958 4.42100 
31.31681 4.42200 
31.32403 4.42300 
31.33126 4.42400 
31.33848 4.42500 
31.34570 4.42600 
31.35293 4.42700 
31.36015 4.42800 
31.36738 4.42900 
31.37460 4.43000 
31.38183 4.43100 
31.38905 4.43200 
31.39628 4.43300 
31.40350 4.43400 
31.41073 4.43500 
31.41795 4.43600 
31.42517 4.43700 
31.43240 4.43800 
31.43962 4.43900 
31.44685 4.44000 
31.45407 4.44100 
31.46130 4.44200 
31.46852 4.44300 
31.47575 4.44400 
31.48297 4.44500 
31.49019 4.44600 
31.49742 4.44700 
31.50464 4.44800 
31.51187 4.44900 
31.51909 4.45000 
31.52632 4.45100 
31.53354 4.45200 
31.54077 4.45300 
31.54799 4.45400 
31.55522 4.45500 
31.56244 4.45600 
31.56966 4.45700 
31.57689 4.45800 
31.58411 4.45900 
31.59134 4.46000 
31.59856 4.46100 
31.60579 4.46200 
31.61301 4.46300 
31.62024 4.46400 
31.62746 4.46500 
31.63469 4.46600 
31.64191 4.46700 
31.64913 4.46800 
31.65636 4.46900 
31.66358 4.47000 
31.67081 4.47100 
31.67803 4.47200 
31.68526 4.47300 
31.69248 4.47400 
31.69971 4.47500 
31.70693 4.47600 
31.71416 4.47700 
31.72138 4.47800 
31.72860 4.47900 
31.73583 4.48000 
31.74305 4.48100 
31.75028 4.48200 
31.75750 4.48300 
31.76473 4.48400 
31.77195 4.48500 
31.77918 4.48600 
31.78640 4.48700 
31.79362 4.48800 
31.80085 4.48900 
31.80807 4.49000 
31.81530 4.49100 
31.82252 4.49200 
31.82975 4.49300 
31.83697 4.49400 
31.84420 4.49500 
31.85142 4.49600 
31.85865 4.49700 
31.86587 4.49800 
31.87309 4.49900 
31.88032 4.50000 
31.88754 4.50100 
31.89477 4.50200 
31.90199 4.50300 
31.90922 4.50400 
31.91644 4.50500 
31.92367 4.50600 
31.93089 4.50700 
31.93812 4.50800 
31.94534 4.50900 
31.95256 4.51000 
31.95979 4.51100 
31.96701 4.51200 
31.97424 4.51300 
31.98146 4.51400 
31.98869 4.51500 
31.99591 4.51600 
32.00314 4.51700 
32.01036 4.51800 
32.01759 4.51900 
32.02481 4.52000 
32.03203 4.52100 
32.03926 4.52200 
32.04648 4.52300 
32.05371 4.52400 
32.06093 4.52500 
32.06816 4.52600 
32.07538 4.52700 
32.08261 4.52800 
32.08983 4.52900 
32.09705 4.53000 
32.10428 4.53100 
32.11150 4.53200 
32.11873 4.53300 
32.12595 4.53400 
32.13318 4.53500 
32.14040 4.53600 
32.14763 4.53700 
32.15485 4.53800 
32.16208 4.53900 
32.16930 4.54000 
32.17652 4.54100 
32.18375 4.54200 
32.19097 4.54300 
32.19820 4.54400 
32.20542 4.54500 
32.21265 4.54600 
32.21987 4.54700 
32.22710 4.54800 
32.23432 4.54900 
32.24155 4.55000 
32.24877 4.55100 
32.25599 4.55200 
32.26322 4.55300 
32.27044 4.55400 
32.27767 4.55500 
32.28489 4.55600 
32.29212 4.55700 
32.29934 4.55800 
32.30657 4.55900 
32.31379 4.56000 
32.32102 4.56100 
32.32824 4.56200 
32.33546 4.56300 
32.34269 4.56400 
32.34991 4.56500 
32.35714 4.56600 
32.36436 4.56700 
32.37159 4.56800 
32.37881 4.56900 
32.38604 4.57000 
32.39326 4.57100 
32.40048 4.57200 
32.40771 4.57300 
32.41493 4.57400 
32.42216 4.57500 
32.42938 4.57600 
32.43661 4.57700 
32.44383 4.57800 
32.45106 4.57900 
32.45828 4.58000 
32.46551 4.58100 
32.47273 4.58200 
32.47995 4.58300 
32.48718 4.58400 
32.49440 4.58500 
32.50163 4.58600 
32.50885 4.58700 
32.51608 4.58800 
32.52330 4.58900 
32.53053 4.59000 
32.53775 4.59100 
32.54498 4.59200 
32.55220 4.59300 
32.55942 4.59400 
32.56665 4.59500 
32.57387 4.59600 
32.58110 4.59700 
32.58832 4.59800 
32.59555 4.59900 
32.60277 4.60000 
32.61000 4.60100 
32.61722 4.60200 
32.62445 4.60300 
32.63167 4.60400 
32.63889 4.60500 
32.64612 4.60600 
32.65334 4.60700 
32.66057 4.60800 
32.66779 4.60900 
32.67502 4.61000 
32.68224 4.61100 
32.68947 4.61200 
32.69669 4.61300 
32.70391 4.61400 
32.71114 4.61500 
32.71836 4.61600 
32.72559 4.61700 
32.73281 4.61800 
32.74004 4.61900 
32.74726 4.62000 
32.75449 4.62100 
32.76171 4.62200 
32.76894 4.62300 
32.77616 4.62400 
32.78338 4.62500 
32.79061 4.62600 
32.79783 4.62700 
32.80506 4.62800 
32.81228 4.62900 
32.81951 4.63000 
32.82673 4.63100 
32.83396 4.63200 
32.84118 4.63300 
32.84841 4.63400 
32.85563 4.63500 
32.86285 4.63600 
32.87008 4.63700 
32.87730 4.63800 
32.88453 4.63900 
32.89175 4.64000 
32.89898 4.64100 
32.90620 4.64200 
32.91343 4.64300 
32.92065 4.64400 
32.92788 4.64500 
32.93510 4.64600 
32.94232 4.64700 
32.94955 4.64800 
32.95677 4.64900 
32.96400 4.65000 
32.97122 4.65100 
32.97845 4.65200 
32.98567 4.65300 
32.99290 4.65400 
33.00012 4.65500 
33.00734 4.65600 
33.01457 4.65700 
33.02179 4.65800 
33.02902 4.65900 
33.03624 4.66000 
33.04347 4.66100 
33.05069 4.66200 
33.05792 4.66300 
33.06514 4.66400 
33.07237 4.66500 
33.07959 4.66600 
33.08681 4.66700 
33.09404 4.66800 
33.10126 4.66900 
33.10849 4.67000 
33.11571 4.67100 
33.12294 4.67200 
33.13016 4.67300 
33.13739 4.67400 
33.14461 4.67500 
33.15184 4.67600 
33.15906 4.67700 
33.16628 4.67800 
33.17351 4.67900 
33.18073 4.68000 
33.18796 4.68100 
33.19518 4.68200 
33.20241 4.68300 
33.20963 4.68400 
33.21686 4.68500 
33.22408 4.68600 
33.23131 4.68700 
33.23853 4.68800 
33.24575 4.68900 
33.25298 4.69000 
33.26020 4.69100 
33.26743 4.69200 
33.27465 4.69300 
33.28188 4.69400 
33.28910 4.69500 
33.29633 4.69600 
33.30355 4.69700 
33.31077 4.69800 
33.31800 4.69900 
33.32522 4.70000 
33.33245 4.70100 
33.33967 4.70200 
33.34690 4.70300 
33.35412 4.70400 
33.36135 4.70500 
33.36857 4.70600 
33.37580 4.70700 
33.38302 4.70800 
33.39024 4.70900 
33.39747 4.71000 
33.40469 4.71100 
33.41192 4.71200 
33.41914 4.71300 
33.42637 4.71400 
33.43359 4.71500 
33.44082 4.71600 
33.44804 4.71700 
33.45527 4.71800 
33.46249 4.71900 
33.46971 4.72000 
33.47694 4.72100 
33.48416 4.72200 
33.49139 4.72300 
33.49861 4.72400 
33.50584 4.72500 
33.51306 4.72600 
33.52029 4.72700 
33.52751 4.72800 
33.53474 4.72900 
33.54196 4.73000 
33.54918 4.73100 
33.55641 4.73200 
33.56363 4.73300 
33.57086 4.73400 
33.57808 4.73500 
33.58531 4.73600 
33.59253 4.73700 
33.59976 4.73800 
33.60698 4.73900 
33.61420 4.74000 
33.62143 4.74100 
33.62865 4.74200 
33.63588 4.74300 
33.64310 4.74400 
33.65033 4.74500 
33.65755 4.74600 
33.66478 4.74700 
33.67200 4.74800 
33.67923 4.74900 
33.68645 4.75000 
33.69367 4.75100 
33.70090 4.75200 
33.70812 4.75300 
33.71535 4.75400 
33.72257 4.75500 
33.72980 4.75600 
33.73702 4.75700 
33.74425 4.75800 
33.75147 4.75900 
33.75870 4.76000 
33.76592 4.76100 
33.77314 4.76200 
33.78037 4.76300 
33.78759 4.76400 
33.79482 4.76500 
33.80204 4.76600 
33.80927 4.76700 
33.81649 4.76800 
33.82372 4.76900 
33.83094 4.77000 
33.83817 4.77100 
33.84539 4.77200 
33.85261 4.77300 
33.85984 4.77400 
33.86706 4.77500 
33.87429 4.77600 
33.88151 4.77700 
33.88874 4.77800 
33.89596 4.77900 
33.90319 4.78000 
33.91041 4.78100 
33.91763 4.78200 
33.92486 4.78300 
33.93208 4.78400 
33.93931 4.78500 
33.94653 4.78600 
33.95376 4.78700 
33.96098 4.78800 
33.96821 4.78900 
33.97543 4.79000 
33.98266 4.79100 
33.98988 4.79200 
33.99710 4.79300 
34.00433 4.79400 
34.01155 4.79500 
34.01878 4.79600 
34.02600 4.79700 
34.03323 4.79800 
34.04045 4.79900 
34.04768 4.80000 
34.05490 4.80100 
34.06213 4.80200 
34.06935 4.80300 
34.07657 4.80400 
34.08380 4.80500 
34.09102 4.80600 
34.09825 4.80700 
34.10547 4.80800 
34.11270 4.80900 
34.11992 4.81000 
34.12715 4.81100 
34.13437 4.81200 
34.14160 4.81300 
34.14882 4.81400 
34.15604 4.81500 
34.16327 4.81600 
34.17049 4.81700 
34.17772 4.81800 
34.18494 4.81900 
34.19217 4.82000 
34.19939 4.82100 
34.20662 4.82200 
34.21384 4.82300 
34.22106 4.82400 
34.22829 4.82500 
34.23551 4.82600 
34.24274 4.82700 
34.24996 4.82800 
34.25719 4.82900 
34.26441 4.83000 
34.27164 4.83100 
34.27886 4.83200 
34.28609 4.83300 
34.29331 4.83400 
34.30053 4.83500 
34.30776 4.83600 
34.31498 4.83700 
34.32221 4.83800 
34.32943 4.83900 
34.33666 4.84000 
34.34388 4.84100 
34.35111 4.84200 
34.35833 4.84300 
34.36556 4.84400 
34.37278 4.84500 
34.38000 4.84600 
34.38723 4.84700 
34.39445 4.84800 
34.40168 4.84900 
34.40890 4.85000 
34.41613 4.85100 
34.42335 4.85200 
34.43058 4.85300 
34.43780 4.85400 
34.44503 4.85500 
34.45225 4.85600 
34.45947 4.85700 
34.46670 4.85800 
34.47392 4.85900 
34.48115 4.86000 
34.48837 4.86100 
34.49560 4.86200 
34.50282 4.86300 
34.51005 4.86400 
34.51727 4.86500 
34.52449 4.86600 
34.53172 4.86700 
34.53894 4.86800 
34.54617 4.86900 
34.55339 4.87000 
34.56062 4.87100 
34.56784 4.87200 
34.57507 4.87300 
34.58229 4.87400 
34.58952 4.87500 
34.59674 4.87600 
34.60396 4.87700 
34.61119 4.87800 
34.61841 4.87900 
34.62564 4.88000 
34.63286 4.88100 
34.64009 4.88200 
34.64731 4.88300 
34.65454 4.88400 
34.66176 4.88500 
34.66899 4.88600 
34.67621 4.88700 
34.68343 4.88800 
34.69066 4.88900 
34.69788 4.89000 
34.70511 4.89100 
34.71233 4.89200 
34.71956 4.89300 
34.72678 4.89400 
34.73401 4.89500 
34.74123 4.89600 
34.74846 4.89700 
34.75568 4.89800 
34.76290 4.89900 
34.77013 4.90000 
34.77735 4.90100 
34.78458 4.90200 
34.79180 4.90300 
34.79903 4.90400 
34.80625 4.90500 
34.81348 4.90600 
34.82070 4.90700 
34.82792 4.90800 
34.83515 4.90900 
34.84237 4.91000 
34.84960 4.91100 
34.85682 4.91200 
34.86405 4.91300 
34.87127 4.91400 
34.87850 4.91500 
34.88572 4.91600 
34.89295 4.91700 
34.90017 4.91800 
34.90739 4.91900 
34.91462 4.92000 
34.92184 4.92100 
34.92907 4.92200 
34.93629 4.92300 
34.94352 4.92400 
34.95074 4.92500 
34.95797 4.92600 
34.96519 4.92700 
34.97242 4.92800 
34.97964 4.92900 
34.98686 4.93000 
34.99409 4.93100 
35.00131 4.93200 
35.00854 4.93300 
35.01576 4.93400 
35.02299 4.93500 
35.03021 4.93600 
35.03744 4.93700 
35.04466 4.93800 
35.05189 4.93900 
35.05911 4.94000 
35.06633 4.94100 
35.07356 4.94200 
35.08078 4.94300 
35.08801 4.94400 
35.09523 4.94500 
35.10246 4.94600 
35.10968 4.94700 
35.11691 4.94800 
35.12413 4.94900 
35.13135 4.95000 
35.13858 4.95100 
35.14580 4.95200 
35.15303 4.95300 
35.16025 4.95400 
35.16748 4.95500 
35.17470 4.95600 
35.18193 4.95700 
35.18915 4.95800 
35.19638 4.95900 
35.20360 4.96000 
35.21082 4.96100 
35.21805 4.96200 
35.22527 4.96300 
35.23250 4.96400 
35.23972 4.96500 
35.24695 4.96600 
35.25417 4.96700 
35.26140 4.96800 
35.26862 4.96900 
35.27585 4.97000 
35.28307 4.97100 
35.29029 4.97200 
35.29752 4.97300 
35.30474 4.97400 
35.31197 4.97500 
35.31919 4.97600 
35.32642 4.97700 
35.33364 4.97800 
35.34087 4.97900 
35.34809 4.98000 
35.35532 4.98100 
35.36254 4.98200 
35.36976 4.98300 
35.37699 4.98400 
35.38421 4.98500 
35.39144 4.98600 
35.39866 4.98700 
35.40589 4.98800 
35.41311 4.98900 
35.42034 4.99000 
35.42756 4.99100 
35.43478 4.99200 
35.44201 4.99300 
35.44923 4.99400 
35.45646 4.99500 
35.46368 4.99600 
35.47091 4.99700 
35.47813 4.99800 
35.48536 4.99900 
