0.00000 0.00000 
0.04446 0.00100 
0.12046 0.00200 
0.20091 0.00300 
0.28133 0.00400 
0.36096 0.00500 
0.43971 0.00600 
0.51755 0.00700 
0.59451 0.00800 
0.67058 0.00900 
0.74578 0.01000 
0.82011 0.01100 
0.89359 0.01200 
0.96623 0.01300 
1.03803 0.01400 
1.10901 0.01500 
1.17918 0.01600 
1.24854 0.01700 
1.31710 0.01800 
1.38488 0.01900 
1.45188 0.02000 
1.51811 0.02100 
1.58359 0.02200 
1.64831 0.02300 
1.71229 0.02400 
1.77553 0.02500 
1.83805 0.02600 
1.89985 0.02700 
1.96094 0.02800 
2.02133 0.02900 
2.08103 0.03000 
2.14004 0.03100 
2.19838 0.03200 
2.25604 0.03300 
2.31305 0.03400 
2.36940 0.03500 
2.42510 0.03600 
2.48016 0.03700 
2.53460 0.03800 
2.58840 0.03900 
2.64159 0.04000 
2.69417 0.04100 
2.74615 0.04200 
2.79753 0.04300 
2.84832 0.04400 
2.89853 0.04500 
2.94816 0.04600 
2.99722 0.04700 
3.04572 0.04800 
3.09366 0.04900 
3.14105 0.05000 
3.18790 0.05100 
3.23421 0.05200 
3.27999 0.05300 
3.32525 0.05400 
3.36998 0.05500 
3.41420 0.05600 
3.45791 0.05700 
3.50113 0.05800 
3.54384 0.05900 
3.58607 0.06000 
3.62781 0.06100 
3.66907 0.06200 
3.70986 0.06300 
3.75018 0.06400 
3.79004 0.06500 
3.82944 0.06600 
3.86839 0.06700 
3.90689 0.06800 
3.94495 0.06900 
3.98257 0.07000 
4.01977 0.07100 
4.05653 0.07200 
4.09287 0.07300 
4.12880 0.07400 
4.16431 0.07500 
4.19942 0.07600 
4.23412 0.07700 
4.26843 0.07800 
4.30234 0.07900 
4.33586 0.08000 
4.36900 0.08100 
4.40175 0.08200 
4.43413 0.08300 
4.46614 0.08400 
4.49779 0.08500 
4.52906 0.08600 
4.55998 0.08700 
4.59055 0.08800 
4.62076 0.08900 
4.65063 0.09000 
4.68016 0.09100 
4.70934 0.09200 
4.73820 0.09300 
4.76672 0.09400 
4.79491 0.09500 
4.82278 0.09600 
4.85033 0.09700 
4.87756 0.09800 
4.90448 0.09900 
4.93110 0.10000 
4.95740 0.10100 
4.98341 0.10200 
5.00912 0.10300 
5.03453 0.10400 
5.05965 0.10500 
5.08448 0.10600 
5.10903 0.10700 
5.13329 0.10800 
5.15728 0.10900 
5.18099 0.11000 
5.20443 0.11100 
5.22760 0.11200 
5.25051 0.11300 
5.27315 0.11400 
5.29553 0.11500 
5.31766 0.11600 
5.33953 0.11700 
5.36115 0.11800 
5.38252 0.11900 
5.40365 0.12000 
5.42454 0.12100 
5.44518 0.12200 
5.46559 0.12300 
5.48577 0.12400 
5.50571 0.12500 
5.52542 0.12600 
5.54491 0.12700 
5.56418 0.12800 
5.58322 0.12900 
5.60205 0.13000 
5.62066 0.13100 
5.63905 0.13200 
5.65724 0.13300 
5.67521 0.13400 
5.69298 0.13500 
5.71055 0.13600 
5.72791 0.13700 
5.74508 0.13800 
5.76204 0.13900 
5.77882 0.14000 
5.79540 0.14100 
5.81179 0.14200 
5.82799 0.14300 
5.84401 0.14400 
5.85984 0.14500 
5.87549 0.14600 
5.89097 0.14700 
5.90626 0.14800 
5.92138 0.14900 
5.93632 0.15000 
5.95110 0.15100 
5.96570 0.15200 
5.98014 0.15300 
5.99441 0.15400 
6.00852 0.15500 
6.02246 0.15600 
6.03625 0.15700 
6.04988 0.15800 
6.06335 0.15900 
6.07666 0.16000 
6.08983 0.16100 
6.10284 0.16200 
6.11570 0.16300 
6.12842 0.16400 
6.14099 0.16500 
6.15342 0.16600 
6.16570 0.16700 
6.17784 0.16800 
6.18984 0.16900 
6.20171 0.17000 
6.21344 0.17100 
6.22503 0.17200 
6.23649 0.17300 
6.24782 0.17400 
6.25902 0.17500 
6.27010 0.17600 
6.28104 0.17700 
6.29186 0.17800 
6.30255 0.17900 
6.31313 0.18000 
6.32358 0.18100 
6.33391 0.18200 
6.34412 0.18300 
6.35422 0.18400 
6.36420 0.18500 
6.37406 0.18600 
6.38381 0.18700 
6.39345 0.18800 
6.40298 0.18900 
6.41240 0.19000 
6.42171 0.19100 
6.43091 0.19200 
6.44000 0.19300 
6.44899 0.19400 
6.45788 0.19500 
6.46666 0.19600 
6.47535 0.19700 
6.48393 0.19800 
6.49242 0.19900 
6.50080 0.20000 
6.50910 0.20100 
6.51729 0.20200 
6.52540 0.20300 
6.53341 0.20400 
6.54132 0.20500 
6.54915 0.20600 
6.55689 0.20700 
6.56454 0.20800 
6.57210 0.20900 
6.57958 0.21000 
6.58697 0.21100 
6.59427 0.21200 
6.60149 0.21300 
6.60863 0.21400 
6.61569 0.21500 
6.62266 0.21600 
6.62956 0.21700 
6.63638 0.21800 
6.64312 0.21900 
6.64978 0.22000 
6.65636 0.22100 
6.66287 0.22200 
6.66931 0.22300 
6.67567 0.22400 
6.68196 0.22500 
6.68818 0.22600 
6.69432 0.22700 
6.70040 0.22800 
6.70640 0.22900 
6.71234 0.23000 
6.71821 0.23100 
6.72401 0.23200 
6.72974 0.23300 
6.73541 0.23400 
6.74102 0.23500 
6.74656 0.23600 
6.75203 0.23700 
6.75745 0.23800 
6.76280 0.23900 
6.76809 0.24000 
6.77332 0.24100 
6.77849 0.24200 
6.78360 0.24300 
6.78865 0.24400 
6.79364 0.24500 
6.79858 0.24600 
6.80346 0.24700 
6.80829 0.24800 
6.81305 0.24900 
6.81777 0.25000 
6.82243 0.25100 
6.82704 0.25200 
6.83159 0.25300 
6.83609 0.25400 
6.84054 0.25500 
6.84494 0.25600 
6.84929 0.25700 
6.85359 0.25800 
6.85784 0.25900 
6.86204 0.26000 
6.86620 0.26100 
6.87030 0.26200 
6.87436 0.26300 
6.87837 0.26400 
6.88234 0.26500 
6.88626 0.26600 
6.89014 0.26700 
6.89397 0.26800 
6.89775 0.26900 
6.90150 0.27000 
6.90520 0.27100 
6.90886 0.27200 
6.91247 0.27300 
6.91605 0.27400 
6.91958 0.27500 
6.92308 0.27600 
6.92653 0.27700 
6.92995 0.27800 
6.93332 0.27900 
6.93666 0.28000 
6.93996 0.28100 
6.94322 0.28200 
6.94644 0.28300 
6.94962 0.28400 
6.95277 0.28500 
6.95589 0.28600 
6.95897 0.28700 
6.96201 0.28800 
6.96502 0.28900 
6.96799 0.29000 
6.97093 0.29100 
6.97384 0.29200 
6.97671 0.29300 
6.97955 0.29400 
6.98236 0.29500 
6.98513 0.29600 
6.98788 0.29700 
6.99059 0.29800 
6.99327 0.29900 
6.99592 0.30000 
6.99854 0.30100 
7.00113 0.30200 
7.00369 0.30300 
7.00622 0.30400 
7.00872 0.30500 
7.01119 0.30600 
7.01364 0.30700 
7.01605 0.30800 
7.01844 0.30900 
7.02080 0.31000 
7.02314 0.31100 
7.02545 0.31200 
7.02773 0.31300 
7.02998 0.31400 
7.03221 0.31500 
7.03441 0.31600 
7.03659 0.31700 
7.03874 0.31800 
7.04087 0.31900 
7.04298 0.32000 
7.04506 0.32100 
7.04711 0.32200 
7.04914 0.32300 
7.05115 0.32400 
7.05314 0.32500 
7.05510 0.32600 
7.05704 0.32700 
7.05896 0.32800 
7.06086 0.32900 
7.06273 0.33000 
7.06458 0.33100 
7.06641 0.33200 
7.06823 0.33300 
7.07002 0.33400 
7.07178 0.33500 
7.07353 0.33600 
7.07526 0.33700 
7.07697 0.33800 
7.07866 0.33900 
7.08033 0.34000 
7.08198 0.34100 
7.08362 0.34200 
7.08523 0.34300 
7.08682 0.34400 
7.08840 0.34500 
7.08996 0.34600 
7.09150 0.34700 
7.09302 0.34800 
7.09453 0.34900 
7.09602 0.35000 
7.09749 0.35100 
7.09894 0.35200 
7.10038 0.35300 
7.10180 0.35400 
7.10321 0.35500 
7.10460 0.35600 
7.10597 0.35700 
7.10733 0.35800 
7.10867 0.35900 
7.11000 0.36000 
7.11131 0.36100 
7.11261 0.36200 
7.11389 0.36300 
7.11515 0.36400 
7.11641 0.36500 
7.11764 0.36600 
7.11887 0.36700 
7.12008 0.36800 
7.12127 0.36900 
7.12246 0.37000 
7.12362 0.37100 
7.12478 0.37200 
7.12592 0.37300 
7.12705 0.37400 
7.12817 0.37500 
7.12927 0.37600 
7.13036 0.37700 
7.13144 0.37800 
7.13250 0.37900 
7.13356 0.38000 
7.13460 0.38100 
7.13563 0.38200 
7.13665 0.38300 
7.13765 0.38400 
7.13865 0.38500 
7.13963 0.38600 
7.14060 0.38700 
7.14156 0.38800 
7.14251 0.38900 
7.14345 0.39000 
7.14438 0.39100 
7.14530 0.39200 
7.14620 0.39300 
7.14710 0.39400 
7.14799 0.39500 
7.14886 0.39600 
7.14973 0.39700 
7.15058 0.39800 
7.15143 0.39900 
7.15227 0.40000 
7.15309 0.40100 
7.15391 0.40200 
7.15472 0.40300 
7.15552 0.40400 
7.15631 0.40500 
7.15709 0.40600 
7.15786 0.40700 
7.15862 0.40800 
7.15938 0.40900 
7.16012 0.41000 
7.16086 0.41100 
7.16159 0.41200 
7.16231 0.41300 
7.16302 0.41400 
7.16372 0.41500 
7.16442 0.41600 
7.16510 0.41700 
7.16578 0.41800 
7.16646 0.41900 
7.16712 0.42000 
7.16778 0.42100 
7.16843 0.42200 
7.16907 0.42300 
7.16970 0.42400 
7.17033 0.42500 
7.17095 0.42600 
7.17156 0.42700 
7.17217 0.42800 
7.17276 0.42900 
7.17336 0.43000 
7.17394 0.43100 
7.17452 0.43200 
7.17509 0.43300 
7.17566 0.43400 
7.17621 0.43500 
7.17677 0.43600 
7.17731 0.43700 
7.17785 0.43800 
7.17839 0.43900 
7.17891 0.44000 
7.17943 0.44100 
7.17995 0.44200 
7.18046 0.44300 
7.18096 0.44400 
7.18146 0.44500 
7.18195 0.44600 
7.18244 0.44700 
7.18292 0.44800 
7.18340 0.44900 
7.18387 0.45000 
7.18433 0.45100 
7.18479 0.45200 
7.18524 0.45300 
7.18569 0.45400 
7.18613 0.45500 
7.18657 0.45600 
7.18701 0.45700 
7.18744 0.45800 
7.18786 0.45900 
7.18828 0.46000 
7.18869 0.46100 
7.18910 0.46200 
7.18950 0.46300 
7.18990 0.46400 
7.19030 0.46500 
7.19069 0.46600 
7.19108 0.46700 
7.19146 0.46800 
7.19184 0.46900 
7.19221 0.47000 
7.19258 0.47100 
7.19294 0.47200 
7.19330 0.47300 
7.19366 0.47400 
7.19401 0.47500 
7.19436 0.47600 
7.19470 0.47700 
7.19504 0.47800 
7.19538 0.47900 
7.19571 0.48000 
7.19604 0.48100 
7.19637 0.48200 
7.19669 0.48300 
7.19700 0.48400 
7.19732 0.48500 
7.19763 0.48600 
7.19794 0.48700 
7.19824 0.48800 
7.19854 0.48900 
7.19884 0.49000 
7.19913 0.49100 
7.19942 0.49200 
7.19970 0.49300 
7.19999 0.49400 
7.20027 0.49500 
7.20054 0.49600 
7.20082 0.49700 
7.20109 0.49800 
7.20136 0.49900 
7.20162 0.50000 
7.20188 0.50100 
7.20214 0.50200 
7.20239 0.50300 
7.20265 0.50400 
7.20290 0.50500 
7.20314 0.50600 
7.20339 0.50700 
7.20363 0.50800 
7.20387 0.50900 
7.20410 0.51000 
7.20434 0.51100 
7.20457 0.51200 
7.20479 0.51300 
7.20502 0.51400 
7.20524 0.51500 
7.20546 0.51600 
7.20568 0.51700 
7.20589 0.51800 
7.20611 0.51900 
7.20632 0.52000 
7.20652 0.52100 
7.20673 0.52200 
7.20693 0.52300 
7.20713 0.52400 
7.20733 0.52500 
7.20753 0.52600 
7.20772 0.52700 
7.20791 0.52800 
7.20810 0.52900 
7.20829 0.53000 
7.20848 0.53100 
7.20866 0.53200 
7.20884 0.53300 
7.20902 0.53400 
7.20920 0.53500 
7.20937 0.53600 
7.20954 0.53700 
7.20971 0.53800 
7.20988 0.53900 
7.21005 0.54000 
7.21022 0.54100 
7.21038 0.54200 
7.21054 0.54300 
7.21070 0.54400 
7.21086 0.54500 
7.21101 0.54600 
7.21117 0.54700 
7.21132 0.54800 
7.21147 0.54900 
7.21162 0.55000 
7.21177 0.55100 
7.21191 0.55200 
7.21206 0.55300 
7.21220 0.55400 
7.21234 0.55500 
7.21248 0.55600 
7.21261 0.55700 
7.21275 0.55800 
7.21289 0.55900 
7.21302 0.56000 
7.21315 0.56100 
7.21328 0.56200 
7.21341 0.56300 
7.21353 0.56400 
7.21366 0.56500 
7.21378 0.56600 
7.21391 0.56700 
7.21403 0.56800 
7.21415 0.56900 
7.21427 0.57000 
7.21438 0.57100 
7.21450 0.57200 
7.21461 0.57300 
7.21473 0.57400 
7.21484 0.57500 
7.21495 0.57600 
7.21506 0.57700 
7.21516 0.57800 
7.21527 0.57900 
7.21538 0.58000 
7.21548 0.58100 
7.21558 0.58200 
7.21569 0.58300 
7.21579 0.58400 
7.21589 0.58500 
7.21599 0.58600 
7.21608 0.58700 
7.21618 0.58800 
7.21627 0.58900 
7.21637 0.59000 
7.21646 0.59100 
7.21655 0.59200 
7.21664 0.59300 
7.21673 0.59400 
7.21682 0.59500 
7.21691 0.59600 
7.21700 0.59700 
7.21708 0.59800 
7.21717 0.59900 
7.21725 0.60000 
7.21734 0.60100 
7.21742 0.60200 
7.21750 0.60300 
7.21758 0.60400 
7.21766 0.60500 
7.21774 0.60600 
7.21781 0.60700 
7.21789 0.60800 
7.21797 0.60900 
7.21804 0.61000 
7.21811 0.61100 
7.21819 0.61200 
7.21826 0.61300 
7.21833 0.61400 
7.21840 0.61500 
7.21847 0.61600 
7.21854 0.61700 
7.21861 0.61800 
7.21868 0.61900 
7.21874 0.62000 
7.21881 0.62100 
7.21887 0.62200 
7.21894 0.62300 
7.21900 0.62400 
7.21907 0.62500 
7.21913 0.62600 
7.21919 0.62700 
7.21925 0.62800 
7.21931 0.62900 
7.21937 0.63000 
7.21943 0.63100 
7.21949 0.63200 
7.21954 0.63300 
7.21960 0.63400 
7.21966 0.63500 
7.21971 0.63600 
7.21977 0.63700 
7.21982 0.63800 
7.21988 0.63900 
7.21993 0.64000 
7.21998 0.64100 
7.22003 0.64200 
7.22008 0.64300 
7.22014 0.64400 
7.22019 0.64500 
7.22023 0.64600 
7.22028 0.64700 
7.22033 0.64800 
7.22038 0.64900 
7.22043 0.65000 
7.22047 0.65100 
7.22052 0.65200 
7.22057 0.65300 
7.22061 0.65400 
7.22066 0.65500 
7.22070 0.65600 
7.22074 0.65700 
7.22079 0.65800 
7.22083 0.65900 
7.22087 0.66000 
7.22091 0.66100 
7.22095 0.66200 
7.22099 0.66300 
7.22103 0.66400 
7.22107 0.66500 
7.22111 0.66600 
7.22115 0.66700 
7.22119 0.66800 
7.22123 0.66900 
7.22127 0.67000 
7.22130 0.67100 
7.22134 0.67200 
7.22138 0.67300 
7.22141 0.67400 
7.22145 0.67500 
7.22148 0.67600 
7.22152 0.67700 
7.22155 0.67800 
7.22159 0.67900 
7.22162 0.68000 
7.22165 0.68100 
7.22169 0.68200 
7.22172 0.68300 
7.22175 0.68400 
7.22178 0.68500 
7.22181 0.68600 
7.22184 0.68700 
7.22187 0.68800 
7.22190 0.68900 
7.22193 0.69000 
7.22196 0.69100 
7.22199 0.69200 
7.22202 0.69300 
7.22205 0.69400 
7.22208 0.69500 
7.22211 0.69600 
7.22213 0.69700 
7.22216 0.69800 
7.22219 0.69900 
7.22222 0.70000 
7.22224 0.70100 
7.22227 0.70200 
7.22229 0.70300 
7.22232 0.70400 
7.22234 0.70500 
7.22237 0.70600 
7.22239 0.70700 
7.22242 0.70800 
7.22244 0.70900 
7.22247 0.71000 
7.22249 0.71100 
7.22251 0.71200 
7.22254 0.71300 
7.22256 0.71400 
7.22258 0.71500 
7.22260 0.71600 
7.22262 0.71700 
7.22265 0.71800 
7.22267 0.71900 
7.22269 0.72000 
7.22271 0.72100 
7.22273 0.72200 
7.22275 0.72300 
7.22277 0.72400 
7.22279 0.72500 
7.22281 0.72600 
7.22283 0.72700 
7.22285 0.72800 
7.22287 0.72900 
7.22289 0.73000 
7.22291 0.73100 
7.22292 0.73200 
7.22294 0.73300 
7.22296 0.73400 
7.22298 0.73500 
7.22300 0.73600 
7.22301 0.73700 
7.22303 0.73800 
7.22305 0.73900 
7.22306 0.74000 
7.22308 0.74100 
7.22310 0.74200 
7.22311 0.74300 
7.22313 0.74400 
7.22315 0.74500 
7.22316 0.74600 
7.22318 0.74700 
7.22319 0.74800 
7.22321 0.74900 
7.22322 0.75000 
7.22324 0.75100 
7.22325 0.75200 
7.22327 0.75300 
7.22328 0.75400 
7.22330 0.75500 
7.22331 0.75600 
7.22332 0.75700 
7.22334 0.75800 
7.22335 0.75900 
7.22336 0.76000 
7.22338 0.76100 
7.22339 0.76200 
7.22340 0.76300 
7.22342 0.76400 
7.22343 0.76500 
7.22344 0.76600 
7.22345 0.76700 
7.22347 0.76800 
7.22348 0.76900 
7.22349 0.77000 
7.22350 0.77100 
7.22351 0.77200 
7.22352 0.77300 
7.22354 0.77400 
7.22355 0.77500 
7.22356 0.77600 
7.22357 0.77700 
7.22358 0.77800 
7.22359 0.77900 
7.22360 0.78000 
7.22361 0.78100 
7.22362 0.78200 
7.22363 0.78300 
7.22364 0.78400 
7.22365 0.78500 
7.22366 0.78600 
7.22367 0.78700 
7.22368 0.78800 
7.22369 0.78900 
7.22370 0.79000 
7.22371 0.79100 
7.22372 0.79200 
7.22373 0.79300 
7.22374 0.79400 
7.22375 0.79500 
7.22376 0.79600 
7.22377 0.79700 
7.22377 0.79800 
7.22378 0.79900 
7.22379 0.80000 
7.22380 0.80100 
7.22381 0.80200 
7.22382 0.80300 
7.22382 0.80400 
7.22383 0.80500 
7.22384 0.80600 
7.22385 0.80700 
7.22386 0.80800 
7.22386 0.80900 
7.22387 0.81000 
7.22388 0.81100 
7.22389 0.81200 
7.22389 0.81300 
7.22390 0.81400 
7.22391 0.81500 
7.22391 0.81600 
7.22392 0.81700 
7.22393 0.81800 
7.22393 0.81900 
7.22394 0.82000 
7.22395 0.82100 
7.22395 0.82200 
7.22396 0.82300 
7.22397 0.82400 
7.22397 0.82500 
7.22398 0.82600 
7.22399 0.82700 
7.22399 0.82800 
7.22400 0.82900 
7.22400 0.83000 
7.22401 0.83100 
7.22402 0.83200 
7.22402 0.83300 
7.22403 0.83400 
7.22403 0.83500 
7.22404 0.83600 
7.22404 0.83700 
7.22405 0.83800 
7.22406 0.83900 
7.22406 0.84000 
7.22407 0.84100 
7.22407 0.84200 
7.22408 0.84300 
7.22408 0.84400 
7.22409 0.84500 
7.22409 0.84600 
7.22410 0.84700 
7.22410 0.84800 
7.22411 0.84900 
7.22411 0.85000 
7.22412 0.85100 
7.22412 0.85200 
7.22412 0.85300 
7.22413 0.85400 
7.22413 0.85500 
7.22414 0.85600 
7.22414 0.85700 
7.22415 0.85800 
7.22415 0.85900 
7.22416 0.86000 
7.22416 0.86100 
7.22416 0.86200 
7.22417 0.86300 
7.22417 0.86400 
7.22418 0.86500 
7.22418 0.86600 
7.22418 0.86700 
7.22419 0.86800 
7.22419 0.86900 
7.22420 0.87000 
7.22420 0.87100 
7.22420 0.87200 
7.22421 0.87300 
7.22421 0.87400 
7.22421 0.87500 
7.22422 0.87600 
7.22422 0.87700 
7.22422 0.87800 
7.22423 0.87900 
7.22423 0.88000 
7.22423 0.88100 
7.22424 0.88200 
7.22424 0.88300 
7.22424 0.88400 
7.22425 0.88500 
7.22425 0.88600 
7.22425 0.88700 
7.22426 0.88800 
7.22426 0.88900 
7.22426 0.89000 
7.22427 0.89100 
7.22427 0.89200 
7.22427 0.89300 
7.22427 0.89400 
7.22428 0.89500 
7.22428 0.89600 
7.22428 0.89700 
7.22429 0.89800 
7.22429 0.89900 
7.22429 0.90000 
7.22429 0.90100 
7.22430 0.90200 
7.22430 0.90300 
7.22430 0.90400 
7.22430 0.90500 
7.22431 0.90600 
7.22431 0.90700 
7.22431 0.90800 
7.22431 0.90900 
7.22432 0.91000 
7.22432 0.91100 
7.22432 0.91200 
7.22432 0.91300 
7.22433 0.91400 
7.22433 0.91500 
7.22433 0.91600 
7.22433 0.91700 
7.22433 0.91800 
7.22434 0.91900 
7.22434 0.92000 
7.22434 0.92100 
7.22434 0.92200 
7.22434 0.92300 
7.22435 0.92400 
7.22435 0.92500 
7.22435 0.92600 
7.22435 0.92700 
7.22435 0.92800 
7.22436 0.92900 
7.22436 0.93000 
7.22436 0.93100 
7.22436 0.93200 
7.22436 0.93300 
7.22437 0.93400 
7.22437 0.93500 
7.22437 0.93600 
7.22437 0.93700 
7.22437 0.93800 
7.22437 0.93900 
7.22438 0.94000 
7.22438 0.94100 
7.22438 0.94200 
7.22438 0.94300 
7.22438 0.94400 
7.22438 0.94500 
7.22439 0.94600 
7.22439 0.94700 
7.22439 0.94800 
7.22439 0.94900 
7.22439 0.95000 
7.22439 0.95100 
7.22440 0.95200 
7.22440 0.95300 
7.22440 0.95400 
7.22440 0.95500 
7.22440 0.95600 
7.22440 0.95700 
7.22440 0.95800 
7.22441 0.95900 
7.22441 0.96000 
7.22441 0.96100 
7.22441 0.96200 
7.22441 0.96300 
7.22441 0.96400 
7.22441 0.96500 
7.22441 0.96600 
7.22442 0.96700 
7.22442 0.96800 
7.22442 0.96900 
7.22442 0.97000 
7.22442 0.97100 
7.22442 0.97200 
7.22442 0.97300 
7.22442 0.97400 
7.22443 0.97500 
7.22443 0.97600 
7.22443 0.97700 
7.22443 0.97800 
7.22443 0.97900 
7.22443 0.98000 
7.22443 0.98100 
7.22443 0.98200 
7.22443 0.98300 
7.22443 0.98400 
7.22444 0.98500 
7.22444 0.98600 
7.22444 0.98700 
7.22444 0.98800 
7.22444 0.98900 
7.22444 0.99000 
7.22444 0.99100 
7.22444 0.99200 
7.22444 0.99300 
7.22444 0.99400 
7.22445 0.99500 
7.22445 0.99600 
7.22445 0.99700 
7.22445 0.99800 
7.22445 0.99900 
7.22445 1.00000 
7.22445 1.00100 
7.22445 1.00200 
7.22445 1.00300 
7.22445 1.00400 
7.22445 1.00500 
7.22445 1.00600 
7.22446 1.00700 
7.22446 1.00800 
7.22446 1.00900 
7.22446 1.01000 
7.22446 1.01100 
7.22446 1.01200 
7.22446 1.01300 
7.22446 1.01400 
7.22446 1.01500 
7.22446 1.01600 
7.22446 1.01700 
7.22446 1.01800 
7.22446 1.01900 
7.22446 1.02000 
7.22447 1.02100 
7.22447 1.02200 
7.22447 1.02300 
7.22447 1.02400 
7.22447 1.02500 
7.22447 1.02600 
7.22447 1.02700 
7.22447 1.02800 
7.22447 1.02900 
7.22447 1.03000 
7.22447 1.03100 
7.22447 1.03200 
7.22447 1.03300 
7.22447 1.03400 
7.22447 1.03500 
7.22447 1.03600 
7.22448 1.03700 
7.22448 1.03800 
7.22448 1.03900 
7.22448 1.04000 
7.22448 1.04100 
7.22448 1.04200 
7.22448 1.04300 
7.22448 1.04400 
7.22448 1.04500 
7.22448 1.04600 
7.22448 1.04700 
7.22448 1.04800 
7.22448 1.04900 
7.22448 1.05000 
7.22448 1.05100 
7.22448 1.05200 
7.22448 1.05300 
7.22448 1.05400 
7.22448 1.05500 
7.22448 1.05600 
7.22449 1.05700 
7.22449 1.05800 
7.22449 1.05900 
7.22449 1.06000 
7.22449 1.06100 
7.22449 1.06200 
7.22449 1.06300 
7.22449 1.06400 
7.22449 1.06500 
7.22449 1.06600 
7.22449 1.06700 
7.22449 1.06800 
7.22449 1.06900 
7.22449 1.07000 
7.22449 1.07100 
7.22449 1.07200 
7.22449 1.07300 
7.22449 1.07400 
7.22449 1.07500 
7.22449 1.07600 
7.22449 1.07700 
7.22449 1.07800 
7.22449 1.07900 
7.22449 1.08000 
7.22449 1.08100 
7.22449 1.08200 
7.22449 1.08300 
7.22450 1.08400 
7.22450 1.08500 
7.22450 1.08600 
7.22450 1.08700 
7.22450 1.08800 
7.22450 1.08900 
7.22450 1.09000 
7.22450 1.09100 
7.22450 1.09200 
7.22450 1.09300 
7.22450 1.09400 
7.22450 1.09500 
7.22450 1.09600 
7.22450 1.09700 
7.22450 1.09800 
7.22450 1.09900 
7.22450 1.10000 
7.22450 1.10100 
7.22450 1.10200 
7.22450 1.10300 
7.22450 1.10400 
7.22450 1.10500 
7.22450 1.10600 
7.22450 1.10700 
7.22450 1.10800 
7.22450 1.10900 
7.22450 1.11000 
7.22450 1.11100 
7.22450 1.11200 
7.22450 1.11300 
7.22450 1.11400 
7.22450 1.11500 
7.22450 1.11600 
7.22450 1.11700 
7.22450 1.11800 
7.22450 1.11900 
7.22450 1.12000 
7.22451 1.12100 
7.22451 1.12200 
7.22451 1.12300 
7.22451 1.12400 
7.22451 1.12500 
7.22451 1.12600 
7.22451 1.12700 
7.22451 1.12800 
7.22451 1.12900 
7.22451 1.13000 
7.22451 1.13100 
7.22451 1.13200 
7.22451 1.13300 
7.22451 1.13400 
7.22451 1.13500 
7.22451 1.13600 
7.22451 1.13700 
7.22451 1.13800 
7.22451 1.13900 
7.22451 1.14000 
7.22451 1.14100 
7.22451 1.14200 
7.22451 1.14300 
7.22451 1.14400 
7.22451 1.14500 
7.22451 1.14600 
7.22451 1.14700 
7.22451 1.14800 
7.22451 1.14900 
7.22451 1.15000 
7.22451 1.15100 
7.22451 1.15200 
7.22451 1.15300 
7.22451 1.15400 
7.22451 1.15500 
7.22451 1.15600 
7.22451 1.15700 
7.22451 1.15800 
7.22451 1.15900 
7.22451 1.16000 
7.22451 1.16100 
7.22451 1.16200 
7.22451 1.16300 
7.22451 1.16400 
7.22451 1.16500 
7.22451 1.16600 
7.22451 1.16700 
7.22451 1.16800 
7.22451 1.16900 
7.22451 1.17000 
7.22451 1.17100 
7.22451 1.17200 
7.22451 1.17300 
7.22451 1.17400 
7.22451 1.17500 
7.22451 1.17600 
7.22451 1.17700 
7.22451 1.17800 
7.22451 1.17900 
7.22451 1.18000 
7.22451 1.18100 
7.22451 1.18200 
7.22451 1.18300 
7.22451 1.18400 
7.22451 1.18500 
7.22451 1.18600 
7.22451 1.18700 
7.22451 1.18800 
7.22451 1.18900 
7.22452 1.19000 
7.22452 1.19100 
7.22452 1.19200 
7.22452 1.19300 
7.22452 1.19400 
7.22452 1.19500 
7.22452 1.19600 
7.22452 1.19700 
7.22452 1.19800 
7.22452 1.19900 
7.22452 1.20000 
7.22452 1.20100 
7.22452 1.20200 
7.22452 1.20300 
7.22452 1.20400 
7.22452 1.20500 
7.22452 1.20600 
7.22452 1.20700 
7.22452 1.20800 
7.22452 1.20900 
7.22452 1.21000 
7.22452 1.21100 
7.22452 1.21200 
7.22452 1.21300 
7.22452 1.21400 
7.22452 1.21500 
7.22452 1.21600 
7.22452 1.21700 
7.22452 1.21800 
7.22452 1.21900 
7.22452 1.22000 
7.22452 1.22100 
7.22452 1.22200 
7.22452 1.22300 
7.22452 1.22400 
7.22452 1.22500 
7.22452 1.22600 
7.22452 1.22700 
7.22452 1.22800 
7.22452 1.22900 
7.22452 1.23000 
7.22452 1.23100 
7.22452 1.23200 
7.22452 1.23300 
7.22452 1.23400 
7.22452 1.23500 
7.22452 1.23600 
7.22452 1.23700 
7.22452 1.23800 
7.22452 1.23900 
7.22452 1.24000 
7.22452 1.24100 
7.22452 1.24200 
7.22452 1.24300 
7.22452 1.24400 
7.22452 1.24500 
7.22452 1.24600 
7.22452 1.24700 
7.22452 1.24800 
7.22452 1.24900 
7.22452 1.25000 
7.22452 1.25100 
7.22452 1.25200 
7.22452 1.25300 
7.22452 1.25400 
7.22452 1.25500 
7.22452 1.25600 
7.22452 1.25700 
7.22452 1.25800 
7.22452 1.25900 
7.22452 1.26000 
7.22452 1.26100 
7.22452 1.26200 
7.22452 1.26300 
7.22452 1.26400 
7.22452 1.26500 
7.22452 1.26600 
7.22452 1.26700 
7.22452 1.26800 
7.22452 1.26900 
7.22452 1.27000 
7.22452 1.27100 
7.22452 1.27200 
7.22452 1.27300 
7.22452 1.27400 
7.22452 1.27500 
7.22452 1.27600 
7.22452 1.27700 
7.22452 1.27800 
7.22452 1.27900 
7.22452 1.28000 
7.22452 1.28100 
7.22452 1.28200 
7.22452 1.28300 
7.22452 1.28400 
7.22452 1.28500 
7.22452 1.28600 
7.22452 1.28700 
7.22452 1.28800 
7.22452 1.28900 
7.22452 1.29000 
7.22452 1.29100 
7.22452 1.29200 
7.22452 1.29300 
7.22452 1.29400 
7.22452 1.29500 
7.22452 1.29600 
7.22452 1.29700 
7.22452 1.29800 
7.22452 1.29900 
7.22452 1.30000 
7.22452 1.30100 
7.22452 1.30200 
7.22452 1.30300 
7.22452 1.30400 
7.22452 1.30500 
7.22452 1.30600 
7.22452 1.30700 
7.22452 1.30800 
7.22452 1.30900 
7.22452 1.31000 
7.22452 1.31100 
7.22452 1.31200 
7.22452 1.31300 
7.22452 1.31400 
7.22452 1.31500 
7.22452 1.31600 
7.22452 1.31700 
7.22452 1.31800 
7.22452 1.31900 
7.22452 1.32000 
7.22452 1.32100 
7.22452 1.32200 
7.22452 1.32300 
7.22452 1.32400 
7.22452 1.32500 
7.22452 1.32600 
7.22452 1.32700 
7.22452 1.32800 
7.22452 1.32900 
7.22452 1.33000 
7.22452 1.33100 
7.22452 1.33200 
7.22452 1.33300 
7.22452 1.33400 
7.22452 1.33500 
7.22452 1.33600 
7.22452 1.33700 
7.22452 1.33800 
7.22452 1.33900 
7.22452 1.34000 
7.22452 1.34100 
7.22452 1.34200 
7.22452 1.34300 
7.22452 1.34400 
7.22452 1.34500 
7.22452 1.34600 
7.22452 1.34700 
7.22452 1.34800 
7.22452 1.34900 
7.22452 1.35000 
7.22452 1.35100 
7.22452 1.35200 
7.22452 1.35300 
7.22452 1.35400 
7.22452 1.35500 
7.22452 1.35600 
7.22452 1.35700 
7.22452 1.35800 
7.22452 1.35900 
7.22452 1.36000 
7.22452 1.36100 
7.22452 1.36200 
7.22452 1.36300 
7.22452 1.36400 
7.22452 1.36500 
7.22452 1.36600 
7.22452 1.36700 
7.22452 1.36800 
7.22452 1.36900 
7.22452 1.37000 
7.22452 1.37100 
7.22452 1.37200 
7.22452 1.37300 
7.22452 1.37400 
7.22452 1.37500 
7.22452 1.37600 
7.22452 1.37700 
7.22452 1.37800 
7.22452 1.37900 
7.22452 1.38000 
7.22452 1.38100 
7.22452 1.38200 
7.22452 1.38300 
7.22452 1.38400 
7.22452 1.38500 
7.22452 1.38600 
7.22452 1.38700 
7.22452 1.38800 
7.22452 1.38900 
7.22452 1.39000 
7.22452 1.39100 
7.22452 1.39200 
7.22452 1.39300 
7.22452 1.39400 
7.22452 1.39500 
7.22452 1.39600 
7.22452 1.39700 
7.22452 1.39800 
7.22452 1.39900 
7.22452 1.40000 
7.22452 1.40100 
7.22452 1.40200 
7.22452 1.40300 
7.22452 1.40400 
7.22452 1.40500 
7.22452 1.40600 
7.22452 1.40700 
7.22452 1.40800 
7.22452 1.40900 
7.22452 1.41000 
7.22452 1.41100 
7.22452 1.41200 
7.22452 1.41300 
7.22452 1.41400 
7.22452 1.41500 
7.22452 1.41600 
7.22452 1.41700 
7.22452 1.41800 
7.22452 1.41900 
7.22452 1.42000 
7.22452 1.42100 
7.22452 1.42200 
7.22452 1.42300 
7.22452 1.42400 
7.22452 1.42500 
7.22452 1.42600 
7.22452 1.42700 
7.22452 1.42800 
7.22452 1.42900 
7.22452 1.43000 
7.22452 1.43100 
7.22452 1.43200 
7.22452 1.43300 
7.22452 1.43400 
7.22452 1.43500 
7.22452 1.43600 
7.22452 1.43700 
7.22452 1.43800 
7.22452 1.43900 
7.22452 1.44000 
7.22452 1.44100 
7.22452 1.44200 
7.22452 1.44300 
7.22452 1.44400 
7.22452 1.44500 
7.22452 1.44600 
7.22452 1.44700 
7.22452 1.44800 
7.22452 1.44900 
7.22452 1.45000 
7.22452 1.45100 
7.22452 1.45200 
7.22452 1.45300 
7.22452 1.45400 
7.22452 1.45500 
7.22452 1.45600 
7.22452 1.45700 
7.22452 1.45800 
7.22452 1.45900 
7.22452 1.46000 
7.22452 1.46100 
7.22452 1.46200 
7.22452 1.46300 
7.22452 1.46400 
7.22452 1.46500 
7.22452 1.46600 
7.22452 1.46700 
7.22452 1.46800 
7.22452 1.46900 
7.22452 1.47000 
7.22452 1.47100 
7.22452 1.47200 
7.22452 1.47300 
7.22452 1.47400 
7.22452 1.47500 
7.22452 1.47600 
7.22452 1.47700 
7.22452 1.47800 
7.22452 1.47900 
7.22452 1.48000 
7.22452 1.48100 
7.22452 1.48200 
7.22452 1.48300 
7.22452 1.48400 
7.22452 1.48500 
7.22452 1.48600 
7.22452 1.48700 
7.22452 1.48800 
7.22452 1.48900 
7.22452 1.49000 
7.22452 1.49100 
7.22452 1.49200 
7.22452 1.49300 
7.22452 1.49400 
7.22452 1.49500 
7.22452 1.49600 
7.22452 1.49700 
7.22452 1.49800 
7.22452 1.49900 
7.22452 1.50000 
7.22452 1.50100 
7.22452 1.50200 
7.22452 1.50300 
7.22452 1.50400 
7.22452 1.50500 
7.22452 1.50600 
7.22452 1.50700 
7.22452 1.50800 
7.22452 1.50900 
7.22452 1.51000 
7.22452 1.51100 
7.22452 1.51200 
7.22452 1.51300 
7.22452 1.51400 
7.22452 1.51500 
7.22452 1.51600 
7.22452 1.51700 
7.22452 1.51800 
7.22452 1.51900 
7.22452 1.52000 
7.22452 1.52100 
7.22452 1.52200 
7.22452 1.52300 
7.22452 1.52400 
7.22452 1.52500 
7.22452 1.52600 
7.22452 1.52700 
7.22452 1.52800 
7.22452 1.52900 
7.22452 1.53000 
7.22452 1.53100 
7.22452 1.53200 
7.22452 1.53300 
7.22452 1.53400 
7.22452 1.53500 
7.22452 1.53600 
7.22452 1.53700 
7.22452 1.53800 
7.22452 1.53900 
7.22452 1.54000 
7.22452 1.54100 
7.22452 1.54200 
7.22452 1.54300 
7.22452 1.54400 
7.22452 1.54500 
7.22452 1.54600 
7.22452 1.54700 
7.22452 1.54800 
7.22452 1.54900 
7.22452 1.55000 
7.22452 1.55100 
7.22452 1.55200 
7.22452 1.55300 
7.22452 1.55400 
7.22452 1.55500 
7.22452 1.55600 
7.22452 1.55700 
7.22452 1.55800 
7.22452 1.55900 
7.22452 1.56000 
7.22452 1.56100 
7.22452 1.56200 
7.22452 1.56300 
7.22452 1.56400 
7.22452 1.56500 
7.22452 1.56600 
7.22452 1.56700 
7.22452 1.56800 
7.22452 1.56900 
7.22452 1.57000 
7.22452 1.57100 
7.22452 1.57200 
7.22452 1.57300 
7.22452 1.57400 
7.22452 1.57500 
7.22452 1.57600 
7.22452 1.57700 
7.22452 1.57800 
7.22452 1.57900 
7.22452 1.58000 
7.22452 1.58100 
7.22452 1.58200 
7.22452 1.58300 
7.22452 1.58400 
7.22452 1.58500 
7.22452 1.58600 
7.22452 1.58700 
7.22452 1.58800 
7.22452 1.58900 
7.22452 1.59000 
7.22452 1.59100 
7.22452 1.59200 
7.22452 1.59300 
7.22452 1.59400 
7.22452 1.59500 
7.22452 1.59600 
7.22452 1.59700 
7.22452 1.59800 
7.22452 1.59900 
7.22452 1.60000 
7.22452 1.60100 
7.22452 1.60200 
7.22452 1.60300 
7.22452 1.60400 
7.22452 1.60500 
7.22452 1.60600 
7.22452 1.60700 
7.22452 1.60800 
7.22452 1.60900 
7.22452 1.61000 
7.22452 1.61100 
7.22452 1.61200 
7.22452 1.61300 
7.22452 1.61400 
7.22452 1.61500 
7.22452 1.61600 
7.22452 1.61700 
7.22452 1.61800 
7.22452 1.61900 
7.22452 1.62000 
7.22452 1.62100 
7.22452 1.62200 
7.22452 1.62300 
7.22452 1.62400 
7.22452 1.62500 
7.22452 1.62600 
7.22452 1.62700 
7.22452 1.62800 
7.22452 1.62900 
7.22452 1.63000 
7.22452 1.63100 
7.22452 1.63200 
7.22452 1.63300 
7.22452 1.63400 
7.22452 1.63500 
7.22452 1.63600 
7.22452 1.63700 
7.22452 1.63800 
7.22452 1.63900 
7.22452 1.64000 
7.22452 1.64100 
7.22452 1.64200 
7.22452 1.64300 
7.22452 1.64400 
7.22452 1.64500 
7.22452 1.64600 
7.22452 1.64700 
7.22452 1.64800 
7.22452 1.64900 
7.22452 1.65000 
7.22452 1.65100 
7.22452 1.65200 
7.22452 1.65300 
7.22452 1.65400 
7.22452 1.65500 
7.22452 1.65600 
7.22452 1.65700 
7.22452 1.65800 
7.22452 1.65900 
7.22452 1.66000 
7.22452 1.66100 
7.22452 1.66200 
7.22452 1.66300 
7.22452 1.66400 
7.22452 1.66500 
7.22452 1.66600 
7.22452 1.66700 
7.22452 1.66800 
7.22452 1.66900 
7.22452 1.67000 
7.22452 1.67100 
7.22452 1.67200 
7.22452 1.67300 
7.22452 1.67400 
7.22452 1.67500 
7.22452 1.67600 
7.22452 1.67700 
7.22452 1.67800 
7.22452 1.67900 
7.22452 1.68000 
7.22452 1.68100 
7.22452 1.68200 
7.22452 1.68300 
7.22452 1.68400 
7.22452 1.68500 
7.22452 1.68600 
7.22452 1.68700 
7.22452 1.68800 
7.22452 1.68900 
7.22452 1.69000 
7.22452 1.69100 
7.22452 1.69200 
7.22452 1.69300 
7.22452 1.69400 
7.22452 1.69500 
7.22452 1.69600 
7.22452 1.69700 
7.22452 1.69800 
7.22452 1.69900 
7.22452 1.70000 
7.22452 1.70100 
7.22452 1.70200 
7.22452 1.70300 
7.22452 1.70400 
7.22452 1.70500 
7.22452 1.70600 
7.22452 1.70700 
7.22452 1.70800 
7.22452 1.70900 
7.22452 1.71000 
7.22452 1.71100 
7.22452 1.71200 
7.22452 1.71300 
7.22452 1.71400 
7.22452 1.71500 
7.22452 1.71600 
7.22452 1.71700 
7.22452 1.71800 
7.22452 1.71900 
7.22452 1.72000 
7.22452 1.72100 
7.22452 1.72200 
7.22452 1.72300 
7.22452 1.72400 
7.22452 1.72500 
7.22452 1.72600 
7.22452 1.72700 
7.22452 1.72800 
7.22452 1.72900 
7.22452 1.73000 
7.22452 1.73100 
7.22452 1.73200 
7.22452 1.73300 
7.22452 1.73400 
7.22452 1.73500 
7.22452 1.73600 
7.22452 1.73700 
7.22452 1.73800 
7.22452 1.73900 
7.22452 1.74000 
7.22452 1.74100 
7.22452 1.74200 
7.22452 1.74300 
7.22452 1.74400 
7.22452 1.74500 
7.22452 1.74600 
7.22452 1.74700 
7.22452 1.74800 
7.22452 1.74900 
7.22452 1.75000 
7.22452 1.75100 
7.22452 1.75200 
7.22452 1.75300 
7.22452 1.75400 
7.22452 1.75500 
7.22452 1.75600 
7.22452 1.75700 
7.22452 1.75800 
7.22452 1.75900 
7.22452 1.76000 
7.22452 1.76100 
7.22452 1.76200 
7.22452 1.76300 
7.22452 1.76400 
7.22452 1.76500 
7.22452 1.76600 
7.22452 1.76700 
7.22452 1.76800 
7.22452 1.76900 
7.22452 1.77000 
7.22452 1.77100 
7.22452 1.77200 
7.22452 1.77300 
7.22452 1.77400 
7.22452 1.77500 
7.22452 1.77600 
7.22452 1.77700 
7.22452 1.77800 
7.22452 1.77900 
7.22452 1.78000 
7.22452 1.78100 
7.22452 1.78200 
7.22452 1.78300 
7.22452 1.78400 
7.22452 1.78500 
7.22452 1.78600 
7.22452 1.78700 
7.22452 1.78800 
7.22452 1.78900 
7.22452 1.79000 
7.22452 1.79100 
7.22452 1.79200 
7.22452 1.79300 
7.22452 1.79400 
7.22452 1.79500 
7.22452 1.79600 
7.22452 1.79700 
7.22452 1.79800 
7.22452 1.79900 
7.22452 1.80000 
7.22452 1.80100 
7.22452 1.80200 
7.22452 1.80300 
7.22452 1.80400 
7.22452 1.80500 
7.22452 1.80600 
7.22452 1.80700 
7.22452 1.80800 
7.22452 1.80900 
7.22452 1.81000 
7.22452 1.81100 
7.22452 1.81200 
7.22452 1.81300 
7.22452 1.81400 
7.22452 1.81500 
7.22452 1.81600 
7.22452 1.81700 
7.22452 1.81800 
7.22452 1.81900 
7.22452 1.82000 
7.22452 1.82100 
7.22452 1.82200 
7.22452 1.82300 
7.22452 1.82400 
7.22452 1.82500 
7.22452 1.82600 
7.22452 1.82700 
7.22452 1.82800 
7.22452 1.82900 
7.22452 1.83000 
7.22452 1.83100 
7.22452 1.83200 
7.22452 1.83300 
7.22452 1.83400 
7.22452 1.83500 
7.22452 1.83600 
7.22452 1.83700 
7.22452 1.83800 
7.22452 1.83900 
7.22452 1.84000 
7.22452 1.84100 
7.22452 1.84200 
7.22452 1.84300 
7.22452 1.84400 
7.22452 1.84500 
7.22452 1.84600 
7.22452 1.84700 
7.22452 1.84800 
7.22452 1.84900 
7.22452 1.85000 
7.22452 1.85100 
7.22452 1.85200 
7.22452 1.85300 
7.22452 1.85400 
7.22452 1.85500 
7.22452 1.85600 
7.22452 1.85700 
7.22452 1.85800 
7.22452 1.85900 
7.22452 1.86000 
7.22452 1.86100 
7.22452 1.86200 
7.22452 1.86300 
7.22452 1.86400 
7.22452 1.86500 
7.22452 1.86600 
7.22452 1.86700 
7.22452 1.86800 
7.22452 1.86900 
7.22452 1.87000 
7.22452 1.87100 
7.22452 1.87200 
7.22452 1.87300 
7.22452 1.87400 
7.22452 1.87500 
7.22452 1.87600 
7.22452 1.87700 
7.22452 1.87800 
7.22452 1.87900 
7.22452 1.88000 
7.22452 1.88100 
7.22452 1.88200 
7.22452 1.88300 
7.22452 1.88400 
7.22452 1.88500 
7.22452 1.88600 
7.22452 1.88700 
7.22452 1.88800 
7.22452 1.88900 
7.22452 1.89000 
7.22452 1.89100 
7.22452 1.89200 
7.22452 1.89300 
7.22452 1.89400 
7.22452 1.89500 
7.22452 1.89600 
7.22452 1.89700 
7.22452 1.89800 
7.22452 1.89900 
7.22452 1.90000 
7.22452 1.90100 
7.22452 1.90200 
7.22452 1.90300 
7.22452 1.90400 
7.22452 1.90500 
7.22452 1.90600 
7.22452 1.90700 
7.22452 1.90800 
7.22452 1.90900 
7.22452 1.91000 
7.22452 1.91100 
7.22452 1.91200 
7.22452 1.91300 
7.22452 1.91400 
7.22452 1.91500 
7.22452 1.91600 
7.22452 1.91700 
7.22452 1.91800 
7.22452 1.91900 
7.22452 1.92000 
7.22452 1.92100 
7.22452 1.92200 
7.22452 1.92300 
7.22452 1.92400 
7.22452 1.92500 
7.22452 1.92600 
7.22452 1.92700 
7.22452 1.92800 
7.22452 1.92900 
7.22452 1.93000 
7.22452 1.93100 
7.22452 1.93200 
7.22452 1.93300 
7.22452 1.93400 
7.22452 1.93500 
7.22452 1.93600 
7.22452 1.93700 
7.22452 1.93800 
7.22452 1.93900 
7.22452 1.94000 
7.22452 1.94100 
7.22452 1.94200 
7.22452 1.94300 
7.22452 1.94400 
7.22452 1.94500 
7.22452 1.94600 
7.22452 1.94700 
7.22452 1.94800 
7.22452 1.94900 
7.22452 1.95000 
7.22452 1.95100 
7.22452 1.95200 
7.22452 1.95300 
7.22452 1.95400 
7.22452 1.95500 
7.22452 1.95600 
7.22452 1.95700 
7.22452 1.95800 
7.22452 1.95900 
7.22452 1.96000 
7.22452 1.96100 
7.22452 1.96200 
7.22452 1.96300 
7.22452 1.96400 
7.22452 1.96500 
7.22452 1.96600 
7.22452 1.96700 
7.22452 1.96800 
7.22452 1.96900 
7.22452 1.97000 
7.22452 1.97100 
7.22452 1.97200 
7.22452 1.97300 
7.22452 1.97400 
7.22452 1.97500 
7.22452 1.97600 
7.22452 1.97700 
7.22452 1.97800 
7.22452 1.97900 
7.22452 1.98000 
7.22452 1.98100 
7.22452 1.98200 
7.22452 1.98300 
7.22452 1.98400 
7.22452 1.98500 
7.22452 1.98600 
7.22452 1.98700 
7.22452 1.98800 
7.22452 1.98900 
7.22452 1.99000 
7.22452 1.99100 
7.22452 1.99200 
7.22452 1.99300 
7.22452 1.99400 
7.22452 1.99500 
7.22452 1.99600 
7.22452 1.99700 
7.22452 1.99800 
7.22452 1.99900 
7.22452 2.00000 
7.22452 2.00100 
7.22452 2.00200 
7.22452 2.00300 
7.22452 2.00400 
7.22452 2.00500 
7.22452 2.00600 
7.22452 2.00700 
7.22452 2.00800 
7.22452 2.00900 
7.22452 2.01000 
7.22452 2.01100 
7.22452 2.01200 
7.22452 2.01300 
7.22452 2.01400 
7.22452 2.01500 
7.22452 2.01600 
7.22452 2.01700 
7.22452 2.01800 
7.22452 2.01900 
7.22452 2.02000 
7.22452 2.02100 
7.22452 2.02200 
7.22452 2.02300 
7.22452 2.02400 
7.22452 2.02500 
7.22452 2.02600 
7.22452 2.02700 
7.22452 2.02800 
7.22452 2.02900 
7.22452 2.03000 
7.22452 2.03100 
7.22452 2.03200 
7.22452 2.03300 
7.22452 2.03400 
7.22452 2.03500 
7.22452 2.03600 
7.22452 2.03700 
7.22452 2.03800 
7.22452 2.03900 
7.22452 2.04000 
7.22452 2.04100 
7.22452 2.04200 
7.22452 2.04300 
7.22452 2.04400 
7.22452 2.04500 
7.22452 2.04600 
7.22452 2.04700 
7.22452 2.04800 
7.22452 2.04900 
7.22452 2.05000 
7.22452 2.05100 
7.22452 2.05200 
7.22452 2.05300 
7.22452 2.05400 
7.22452 2.05500 
7.22452 2.05600 
7.22452 2.05700 
7.22452 2.05800 
7.22452 2.05900 
7.22452 2.06000 
7.22452 2.06100 
7.22452 2.06200 
7.22452 2.06300 
7.22452 2.06400 
7.22452 2.06500 
7.22452 2.06600 
7.22452 2.06700 
7.22452 2.06800 
7.22452 2.06900 
7.22452 2.07000 
7.22452 2.07100 
7.22452 2.07200 
7.22452 2.07300 
7.22452 2.07400 
7.22452 2.07500 
7.22452 2.07600 
7.22452 2.07700 
7.22452 2.07800 
7.22452 2.07900 
7.22452 2.08000 
7.22452 2.08100 
7.22452 2.08200 
7.22452 2.08300 
7.22452 2.08400 
7.22452 2.08500 
7.22452 2.08600 
7.22452 2.08700 
7.22452 2.08800 
7.22452 2.08900 
7.22452 2.09000 
7.22452 2.09100 
7.22452 2.09200 
7.22452 2.09300 
7.22452 2.09400 
7.22452 2.09500 
7.22452 2.09600 
7.22452 2.09700 
7.22452 2.09800 
7.22452 2.09900 
7.22452 2.10000 
7.22452 2.10100 
7.22452 2.10200 
7.22452 2.10300 
7.22452 2.10400 
7.22452 2.10500 
7.22452 2.10600 
7.22452 2.10700 
7.22452 2.10800 
7.22452 2.10900 
7.22452 2.11000 
7.22452 2.11100 
7.22452 2.11200 
7.22452 2.11300 
7.22452 2.11400 
7.22452 2.11500 
7.22452 2.11600 
7.22452 2.11700 
7.22452 2.11800 
7.22452 2.11900 
7.22452 2.12000 
7.22452 2.12100 
7.22452 2.12200 
7.22452 2.12300 
7.22452 2.12400 
7.22452 2.12500 
7.22452 2.12600 
7.22452 2.12700 
7.22452 2.12800 
7.22452 2.12900 
7.22452 2.13000 
7.22452 2.13100 
7.22452 2.13200 
7.22452 2.13300 
7.22452 2.13400 
7.22452 2.13500 
7.22452 2.13600 
7.22452 2.13700 
7.22452 2.13800 
7.22452 2.13900 
7.22452 2.14000 
7.22452 2.14100 
7.22452 2.14200 
7.22452 2.14300 
7.22452 2.14400 
7.22452 2.14500 
7.22452 2.14600 
7.22452 2.14700 
7.22452 2.14800 
7.22452 2.14900 
7.22452 2.15000 
7.22452 2.15100 
7.22452 2.15200 
7.22452 2.15300 
7.22452 2.15400 
7.22452 2.15500 
7.22452 2.15600 
7.22452 2.15700 
7.22452 2.15800 
7.22452 2.15900 
7.22452 2.16000 
7.22452 2.16100 
7.22452 2.16200 
7.22452 2.16300 
7.22452 2.16400 
7.22452 2.16500 
7.22452 2.16600 
7.22452 2.16700 
7.22452 2.16800 
7.22452 2.16900 
7.22452 2.17000 
7.22452 2.17100 
7.22452 2.17200 
7.22452 2.17300 
7.22452 2.17400 
7.22452 2.17500 
7.22452 2.17600 
7.22452 2.17700 
7.22452 2.17800 
7.22452 2.17900 
7.22452 2.18000 
7.22452 2.18100 
7.22452 2.18200 
7.22452 2.18300 
7.22452 2.18400 
7.22452 2.18500 
7.22452 2.18600 
7.22452 2.18700 
7.22452 2.18800 
7.22452 2.18900 
7.22452 2.19000 
7.22452 2.19100 
7.22452 2.19200 
7.22452 2.19300 
7.22452 2.19400 
7.22452 2.19500 
7.22452 2.19600 
7.22452 2.19700 
7.22452 2.19800 
7.22452 2.19900 
7.22452 2.20000 
7.22452 2.20100 
7.22452 2.20200 
7.22452 2.20300 
7.22452 2.20400 
7.22452 2.20500 
7.22452 2.20600 
7.22452 2.20700 
7.22452 2.20800 
7.22452 2.20900 
7.22452 2.21000 
7.22452 2.21100 
7.22452 2.21200 
7.22452 2.21300 
7.22452 2.21400 
7.22452 2.21500 
7.22452 2.21600 
7.22452 2.21700 
7.22452 2.21800 
7.22452 2.21900 
7.22452 2.22000 
7.22452 2.22100 
7.22452 2.22200 
7.22452 2.22300 
7.22452 2.22400 
7.22452 2.22500 
7.22452 2.22600 
7.22452 2.22700 
7.22452 2.22800 
7.22452 2.22900 
7.22452 2.23000 
7.22452 2.23100 
7.22452 2.23200 
7.22452 2.23300 
7.22452 2.23400 
7.22452 2.23500 
7.22452 2.23600 
7.22452 2.23700 
7.22452 2.23800 
7.22452 2.23900 
7.22452 2.24000 
7.22452 2.24100 
7.22452 2.24200 
7.22452 2.24300 
7.22452 2.24400 
7.22452 2.24500 
7.22452 2.24600 
7.22452 2.24700 
7.22452 2.24800 
7.22452 2.24900 
7.22452 2.25000 
7.22452 2.25100 
7.22452 2.25200 
7.22452 2.25300 
7.22452 2.25400 
7.22452 2.25500 
7.22452 2.25600 
7.22452 2.25700 
7.22452 2.25800 
7.22452 2.25900 
7.22452 2.26000 
7.22452 2.26100 
7.22452 2.26200 
7.22452 2.26300 
7.22452 2.26400 
7.22452 2.26500 
7.22452 2.26600 
7.22452 2.26700 
7.22452 2.26800 
7.22452 2.26900 
7.22452 2.27000 
7.22452 2.27100 
7.22452 2.27200 
7.22452 2.27300 
7.22452 2.27400 
7.22452 2.27500 
7.22452 2.27600 
7.22452 2.27700 
7.22452 2.27800 
7.22452 2.27900 
7.22452 2.28000 
7.22452 2.28100 
7.22452 2.28200 
7.22452 2.28300 
7.22452 2.28400 
7.22452 2.28500 
7.22452 2.28600 
7.22452 2.28700 
7.22452 2.28800 
7.22452 2.28900 
7.22452 2.29000 
7.22452 2.29100 
7.22452 2.29200 
7.22452 2.29300 
7.22452 2.29400 
7.22452 2.29500 
7.22452 2.29600 
7.22452 2.29700 
7.22452 2.29800 
7.22452 2.29900 
7.22452 2.30000 
7.22452 2.30100 
7.22452 2.30200 
7.22452 2.30300 
7.22452 2.30400 
7.22452 2.30500 
7.22452 2.30600 
7.22452 2.30700 
7.22452 2.30800 
7.22452 2.30900 
7.22452 2.31000 
7.22452 2.31100 
7.22452 2.31200 
7.22452 2.31300 
7.22452 2.31400 
7.22452 2.31500 
7.22452 2.31600 
7.22452 2.31700 
7.22452 2.31800 
7.22452 2.31900 
7.22452 2.32000 
7.22452 2.32100 
7.22452 2.32200 
7.22452 2.32300 
7.22452 2.32400 
7.22452 2.32500 
7.22452 2.32600 
7.22452 2.32700 
7.22452 2.32800 
7.22452 2.32900 
7.22452 2.33000 
7.22452 2.33100 
7.22452 2.33200 
7.22452 2.33300 
7.22452 2.33400 
7.22452 2.33500 
7.22452 2.33600 
7.22452 2.33700 
7.22452 2.33800 
7.22452 2.33900 
7.22452 2.34000 
7.22452 2.34100 
7.22452 2.34200 
7.22452 2.34300 
7.22452 2.34400 
7.22452 2.34500 
7.22452 2.34600 
7.22452 2.34700 
7.22452 2.34800 
7.22452 2.34900 
7.22452 2.35000 
7.22452 2.35100 
7.22452 2.35200 
7.22452 2.35300 
7.22452 2.35400 
7.22452 2.35500 
7.22452 2.35600 
7.22452 2.35700 
7.22452 2.35800 
7.22452 2.35900 
7.22452 2.36000 
7.22452 2.36100 
7.22452 2.36200 
7.22452 2.36300 
7.22452 2.36400 
7.22452 2.36500 
7.22452 2.36600 
7.22452 2.36700 
7.22452 2.36800 
7.22452 2.36900 
7.22452 2.37000 
7.22452 2.37100 
7.22452 2.37200 
7.22452 2.37300 
7.22452 2.37400 
7.22452 2.37500 
7.22452 2.37600 
7.22452 2.37700 
7.22452 2.37800 
7.22452 2.37900 
7.22452 2.38000 
7.22452 2.38100 
7.22452 2.38200 
7.22452 2.38300 
7.22452 2.38400 
7.22452 2.38500 
7.22452 2.38600 
7.22452 2.38700 
7.22452 2.38800 
7.22452 2.38900 
7.22452 2.39000 
7.22452 2.39100 
7.22452 2.39200 
7.22452 2.39300 
7.22452 2.39400 
7.22452 2.39500 
7.22452 2.39600 
7.22452 2.39700 
7.22452 2.39800 
7.22452 2.39900 
7.22452 2.40000 
7.22452 2.40100 
7.22452 2.40200 
7.22452 2.40300 
7.22452 2.40400 
7.22452 2.40500 
7.22452 2.40600 
7.22452 2.40700 
7.22452 2.40800 
7.22452 2.40900 
7.22452 2.41000 
7.22452 2.41100 
7.22452 2.41200 
7.22452 2.41300 
7.22452 2.41400 
7.22452 2.41500 
7.22452 2.41600 
7.22452 2.41700 
7.22452 2.41800 
7.22452 2.41900 
7.22452 2.42000 
7.22452 2.42100 
7.22452 2.42200 
7.22452 2.42300 
7.22452 2.42400 
7.22452 2.42500 
7.22452 2.42600 
7.22452 2.42700 
7.22452 2.42800 
7.22452 2.42900 
7.22452 2.43000 
7.22452 2.43100 
7.22452 2.43200 
7.22452 2.43300 
7.22452 2.43400 
7.22452 2.43500 
7.22452 2.43600 
7.22452 2.43700 
7.22452 2.43800 
7.22452 2.43900 
7.22452 2.44000 
7.22452 2.44100 
7.22452 2.44200 
7.22452 2.44300 
7.22452 2.44400 
7.22452 2.44500 
7.22452 2.44600 
7.22452 2.44700 
7.22452 2.44800 
7.22452 2.44900 
7.22452 2.45000 
7.22452 2.45100 
7.22452 2.45200 
7.22452 2.45300 
7.22452 2.45400 
7.22452 2.45500 
7.22452 2.45600 
7.22452 2.45700 
7.22452 2.45800 
7.22452 2.45900 
7.22452 2.46000 
7.22452 2.46100 
7.22452 2.46200 
7.22452 2.46300 
7.22452 2.46400 
7.22452 2.46500 
7.22452 2.46600 
7.22452 2.46700 
7.22452 2.46800 
7.22452 2.46900 
7.22452 2.47000 
7.22452 2.47100 
7.22452 2.47200 
7.22452 2.47300 
7.22452 2.47400 
7.22452 2.47500 
7.22452 2.47600 
7.22452 2.47700 
7.22452 2.47800 
7.22452 2.47900 
7.22452 2.48000 
7.22452 2.48100 
7.22452 2.48200 
7.22452 2.48300 
7.22452 2.48400 
7.22452 2.48500 
7.22452 2.48600 
7.22452 2.48700 
7.22452 2.48800 
7.22452 2.48900 
7.22452 2.49000 
7.22452 2.49100 
7.22452 2.49200 
7.22452 2.49300 
7.22452 2.49400 
7.22452 2.49500 
7.22452 2.49600 
7.22452 2.49700 
7.22452 2.49800 
7.22452 2.49900 
7.22452 2.50000 
7.22452 2.50100 
7.22452 2.50200 
7.22452 2.50300 
7.22452 2.50400 
7.22452 2.50500 
7.22452 2.50600 
7.22452 2.50700 
7.22452 2.50800 
7.22452 2.50900 
7.22452 2.51000 
7.22452 2.51100 
7.22452 2.51200 
7.22452 2.51300 
7.22452 2.51400 
7.22452 2.51500 
7.22452 2.51600 
7.22452 2.51700 
7.22452 2.51800 
7.22452 2.51900 
7.22452 2.52000 
7.22452 2.52100 
7.22452 2.52200 
7.22452 2.52300 
7.22452 2.52400 
7.22452 2.52500 
7.22452 2.52600 
7.22452 2.52700 
7.22452 2.52800 
7.22452 2.52900 
7.22452 2.53000 
7.22452 2.53100 
7.22452 2.53200 
7.22452 2.53300 
7.22452 2.53400 
7.22452 2.53500 
7.22452 2.53600 
7.22452 2.53700 
7.22452 2.53800 
7.22452 2.53900 
7.22452 2.54000 
7.22452 2.54100 
7.22452 2.54200 
7.22452 2.54300 
7.22452 2.54400 
7.22452 2.54500 
7.22452 2.54600 
7.22452 2.54700 
7.22452 2.54800 
7.22452 2.54900 
7.22452 2.55000 
7.22452 2.55100 
7.22452 2.55200 
7.22452 2.55300 
7.22452 2.55400 
7.22452 2.55500 
7.22452 2.55600 
7.22452 2.55700 
7.22452 2.55800 
7.22452 2.55900 
7.22452 2.56000 
7.22452 2.56100 
7.22452 2.56200 
7.22452 2.56300 
7.22452 2.56400 
7.22452 2.56500 
7.22452 2.56600 
7.22452 2.56700 
7.22452 2.56800 
7.22452 2.56900 
7.22452 2.57000 
7.22452 2.57100 
7.22452 2.57200 
7.22452 2.57300 
7.22452 2.57400 
7.22452 2.57500 
7.22452 2.57600 
7.22452 2.57700 
7.22452 2.57800 
7.22452 2.57900 
7.22452 2.58000 
7.22452 2.58100 
7.22452 2.58200 
7.22452 2.58300 
7.22452 2.58400 
7.22452 2.58500 
7.22452 2.58600 
7.22452 2.58700 
7.22452 2.58800 
7.22452 2.58900 
7.22452 2.59000 
7.22452 2.59100 
7.22452 2.59200 
7.22452 2.59300 
7.22452 2.59400 
7.22452 2.59500 
7.22452 2.59600 
7.22452 2.59700 
7.22452 2.59800 
7.22452 2.59900 
7.22452 2.60000 
7.22452 2.60100 
7.22452 2.60200 
7.22452 2.60300 
7.22452 2.60400 
7.22452 2.60500 
7.22452 2.60600 
7.22452 2.60700 
7.22452 2.60800 
7.22452 2.60900 
7.22452 2.61000 
7.22452 2.61100 
7.22452 2.61200 
7.22452 2.61300 
7.22452 2.61400 
7.22452 2.61500 
7.22452 2.61600 
7.22452 2.61700 
7.22452 2.61800 
7.22452 2.61900 
7.22452 2.62000 
7.22452 2.62100 
7.22452 2.62200 
7.22452 2.62300 
7.22452 2.62400 
7.22452 2.62500 
7.22452 2.62600 
7.22452 2.62700 
7.22452 2.62800 
7.22452 2.62900 
7.22452 2.63000 
7.22452 2.63100 
7.22452 2.63200 
7.22452 2.63300 
7.22452 2.63400 
7.22452 2.63500 
7.22452 2.63600 
7.22452 2.63700 
7.22452 2.63800 
7.22452 2.63900 
7.22452 2.64000 
7.22452 2.64100 
7.22452 2.64200 
7.22452 2.64300 
7.22452 2.64400 
7.22452 2.64500 
7.22452 2.64600 
7.22452 2.64700 
7.22452 2.64800 
7.22452 2.64900 
7.22452 2.65000 
7.22452 2.65100 
7.22452 2.65200 
7.22452 2.65300 
7.22452 2.65400 
7.22452 2.65500 
7.22452 2.65600 
7.22452 2.65700 
7.22452 2.65800 
7.22452 2.65900 
7.22452 2.66000 
7.22452 2.66100 
7.22452 2.66200 
7.22452 2.66300 
7.22452 2.66400 
7.22452 2.66500 
7.22452 2.66600 
7.22452 2.66700 
7.22452 2.66800 
7.22452 2.66900 
7.22452 2.67000 
7.22452 2.67100 
7.22452 2.67200 
7.22452 2.67300 
7.22452 2.67400 
7.22452 2.67500 
7.22452 2.67600 
7.22452 2.67700 
7.22452 2.67800 
7.22452 2.67900 
7.22452 2.68000 
7.22452 2.68100 
7.22452 2.68200 
7.22452 2.68300 
7.22452 2.68400 
7.22452 2.68500 
7.22452 2.68600 
7.22452 2.68700 
7.22452 2.68800 
7.22452 2.68900 
7.22452 2.69000 
7.22452 2.69100 
7.22452 2.69200 
7.22452 2.69300 
7.22452 2.69400 
7.22452 2.69500 
7.22452 2.69600 
7.22452 2.69700 
7.22452 2.69800 
7.22452 2.69900 
7.22452 2.70000 
7.22452 2.70100 
7.22452 2.70200 
7.22452 2.70300 
7.22452 2.70400 
7.22452 2.70500 
7.22452 2.70600 
7.22452 2.70700 
7.22452 2.70800 
7.22452 2.70900 
7.22452 2.71000 
7.22452 2.71100 
7.22452 2.71200 
7.22452 2.71300 
7.22452 2.71400 
7.22452 2.71500 
7.22452 2.71600 
7.22452 2.71700 
7.22452 2.71800 
7.22452 2.71900 
7.22452 2.72000 
7.22452 2.72100 
7.22452 2.72200 
7.22452 2.72300 
7.22452 2.72400 
7.22452 2.72500 
7.22452 2.72600 
7.22452 2.72700 
7.22452 2.72800 
7.22452 2.72900 
7.22452 2.73000 
7.22452 2.73100 
7.22452 2.73200 
7.22452 2.73300 
7.22452 2.73400 
7.22452 2.73500 
7.22452 2.73600 
7.22452 2.73700 
7.22452 2.73800 
7.22452 2.73900 
7.22452 2.74000 
7.22452 2.74100 
7.22452 2.74200 
7.22452 2.74300 
7.22452 2.74400 
7.22452 2.74500 
7.22452 2.74600 
7.22452 2.74700 
7.22452 2.74800 
7.22452 2.74900 
7.22452 2.75000 
7.22452 2.75100 
7.22452 2.75200 
7.22452 2.75300 
7.22452 2.75400 
7.22452 2.75500 
7.22452 2.75600 
7.22452 2.75700 
7.22452 2.75800 
7.22452 2.75900 
7.22452 2.76000 
7.22452 2.76100 
7.22452 2.76200 
7.22452 2.76300 
7.22452 2.76400 
7.22452 2.76500 
7.22452 2.76600 
7.22452 2.76700 
7.22452 2.76800 
7.22452 2.76900 
7.22452 2.77000 
7.22452 2.77100 
7.22452 2.77200 
7.22452 2.77300 
7.22452 2.77400 
7.22452 2.77500 
7.22452 2.77600 
7.22452 2.77700 
7.22452 2.77800 
7.22452 2.77900 
7.22452 2.78000 
7.22452 2.78100 
7.22452 2.78200 
7.22452 2.78300 
7.22452 2.78400 
7.22452 2.78500 
7.22452 2.78600 
7.22452 2.78700 
7.22452 2.78800 
7.22452 2.78900 
7.22452 2.79000 
7.22452 2.79100 
7.22452 2.79200 
7.22452 2.79300 
7.22452 2.79400 
7.22452 2.79500 
7.22452 2.79600 
7.22452 2.79700 
7.22452 2.79800 
7.22452 2.79900 
7.22452 2.80000 
7.22452 2.80100 
7.22452 2.80200 
7.22452 2.80300 
7.22452 2.80400 
7.22452 2.80500 
7.22452 2.80600 
7.22452 2.80700 
7.22452 2.80800 
7.22452 2.80900 
7.22452 2.81000 
7.22452 2.81100 
7.22452 2.81200 
7.22452 2.81300 
7.22452 2.81400 
7.22452 2.81500 
7.22452 2.81600 
7.22452 2.81700 
7.22452 2.81800 
7.22452 2.81900 
7.22452 2.82000 
7.22452 2.82100 
7.22452 2.82200 
7.22452 2.82300 
7.22452 2.82400 
7.22452 2.82500 
7.22452 2.82600 
7.22452 2.82700 
7.22452 2.82800 
7.22452 2.82900 
7.22452 2.83000 
7.22452 2.83100 
7.22452 2.83200 
7.22452 2.83300 
7.22452 2.83400 
7.22452 2.83500 
7.22452 2.83600 
7.22452 2.83700 
7.22452 2.83800 
7.22452 2.83900 
7.22452 2.84000 
7.22452 2.84100 
7.22452 2.84200 
7.22452 2.84300 
7.22452 2.84400 
7.22452 2.84500 
7.22452 2.84600 
7.22452 2.84700 
7.22452 2.84800 
7.22452 2.84900 
7.22452 2.85000 
7.22452 2.85100 
7.22452 2.85200 
7.22452 2.85300 
7.22452 2.85400 
7.22452 2.85500 
7.22452 2.85600 
7.22452 2.85700 
7.22452 2.85800 
7.22452 2.85900 
7.22452 2.86000 
7.22452 2.86100 
7.22452 2.86200 
7.22452 2.86300 
7.22452 2.86400 
7.22452 2.86500 
7.22452 2.86600 
7.22452 2.86700 
7.22452 2.86800 
7.22452 2.86900 
7.22452 2.87000 
7.22452 2.87100 
7.22452 2.87200 
7.22452 2.87300 
7.22452 2.87400 
7.22452 2.87500 
7.22452 2.87600 
7.22452 2.87700 
7.22452 2.87800 
7.22452 2.87900 
7.22452 2.88000 
7.22452 2.88100 
7.22452 2.88200 
7.22452 2.88300 
7.22452 2.88400 
7.22452 2.88500 
7.22452 2.88600 
7.22452 2.88700 
7.22452 2.88800 
7.22452 2.88900 
7.22452 2.89000 
7.22452 2.89100 
7.22452 2.89200 
7.22452 2.89300 
7.22452 2.89400 
7.22452 2.89500 
7.22452 2.89600 
7.22452 2.89700 
7.22452 2.89800 
7.22452 2.89900 
7.22452 2.90000 
7.22452 2.90100 
7.22452 2.90200 
7.22452 2.90300 
7.22452 2.90400 
7.22452 2.90500 
7.22452 2.90600 
7.22452 2.90700 
7.22452 2.90800 
7.22452 2.90900 
7.22452 2.91000 
7.22452 2.91100 
7.22452 2.91200 
7.22452 2.91300 
7.22452 2.91400 
7.22452 2.91500 
7.22452 2.91600 
7.22452 2.91700 
7.22452 2.91800 
7.22452 2.91900 
7.22452 2.92000 
7.22452 2.92100 
7.22452 2.92200 
7.22452 2.92300 
7.22452 2.92400 
7.22452 2.92500 
7.22452 2.92600 
7.22452 2.92700 
7.22452 2.92800 
7.22452 2.92900 
7.22452 2.93000 
7.22452 2.93100 
7.22452 2.93200 
7.22452 2.93300 
7.22452 2.93400 
7.22452 2.93500 
7.22452 2.93600 
7.22452 2.93700 
7.22452 2.93800 
7.22452 2.93900 
7.22452 2.94000 
7.22452 2.94100 
7.22452 2.94200 
7.22452 2.94300 
7.22452 2.94400 
7.22452 2.94500 
7.22452 2.94600 
7.22452 2.94700 
7.22452 2.94800 
7.22452 2.94900 
7.22452 2.95000 
7.22452 2.95100 
7.22452 2.95200 
7.22452 2.95300 
7.22452 2.95400 
7.22452 2.95500 
7.22452 2.95600 
7.22452 2.95700 
7.22452 2.95800 
7.22452 2.95900 
7.22452 2.96000 
7.22452 2.96100 
7.22452 2.96200 
7.22452 2.96300 
7.22452 2.96400 
7.22452 2.96500 
7.22452 2.96600 
7.22452 2.96700 
7.22452 2.96800 
7.22452 2.96900 
7.22452 2.97000 
7.22452 2.97100 
7.22452 2.97200 
7.22452 2.97300 
7.22452 2.97400 
7.22452 2.97500 
7.22452 2.97600 
7.22452 2.97700 
7.22452 2.97800 
7.22452 2.97900 
7.22452 2.98000 
7.22452 2.98100 
7.22452 2.98200 
7.22452 2.98300 
7.22452 2.98400 
7.22452 2.98500 
7.22452 2.98600 
7.22452 2.98700 
7.22452 2.98800 
7.22452 2.98900 
7.22452 2.99000 
7.22452 2.99100 
7.22452 2.99200 
7.22452 2.99300 
7.22452 2.99400 
7.22452 2.99500 
7.22452 2.99600 
7.22452 2.99700 
7.22452 2.99800 
7.22452 2.99900 
7.22452 3.00000 
7.22452 3.00100 
7.22452 3.00200 
7.22452 3.00300 
7.22452 3.00400 
7.22452 3.00500 
7.22452 3.00600 
7.22452 3.00700 
7.22452 3.00800 
7.22452 3.00900 
7.22452 3.01000 
7.22452 3.01100 
7.22452 3.01200 
7.22452 3.01300 
7.22452 3.01400 
7.22452 3.01500 
7.22452 3.01600 
7.22452 3.01700 
7.22452 3.01800 
7.22452 3.01900 
7.22452 3.02000 
7.22452 3.02100 
7.22452 3.02200 
7.22452 3.02300 
7.22452 3.02400 
7.22452 3.02500 
7.22452 3.02600 
7.22452 3.02700 
7.22452 3.02800 
7.22452 3.02900 
7.22452 3.03000 
7.22452 3.03100 
7.22452 3.03200 
7.22452 3.03300 
7.22452 3.03400 
7.22452 3.03500 
7.22452 3.03600 
7.22452 3.03700 
7.22452 3.03800 
7.22452 3.03900 
7.22452 3.04000 
7.22452 3.04100 
7.22452 3.04200 
7.22452 3.04300 
7.22452 3.04400 
7.22452 3.04500 
7.22452 3.04600 
7.22452 3.04700 
7.22452 3.04800 
7.22452 3.04900 
7.22452 3.05000 
7.22452 3.05100 
7.22452 3.05200 
7.22452 3.05300 
7.22452 3.05400 
7.22452 3.05500 
7.22452 3.05600 
7.22452 3.05700 
7.22452 3.05800 
7.22452 3.05900 
7.22452 3.06000 
7.22452 3.06100 
7.22452 3.06200 
7.22452 3.06300 
7.22452 3.06400 
7.22452 3.06500 
7.22452 3.06600 
7.22452 3.06700 
7.22452 3.06800 
7.22452 3.06900 
7.22452 3.07000 
7.22452 3.07100 
7.22452 3.07200 
7.22452 3.07300 
7.22452 3.07400 
7.22452 3.07500 
7.22452 3.07600 
7.22452 3.07700 
7.22452 3.07800 
7.22452 3.07900 
7.22452 3.08000 
7.22452 3.08100 
7.22452 3.08200 
7.22452 3.08300 
7.22452 3.08400 
7.22452 3.08500 
7.22452 3.08600 
7.22452 3.08700 
7.22452 3.08800 
7.22452 3.08900 
7.22452 3.09000 
7.22452 3.09100 
7.22452 3.09200 
7.22452 3.09300 
7.22452 3.09400 
7.22452 3.09500 
7.22452 3.09600 
7.22452 3.09700 
7.22452 3.09800 
7.22452 3.09900 
7.22452 3.10000 
7.22452 3.10100 
7.22452 3.10200 
7.22452 3.10300 
7.22452 3.10400 
7.22452 3.10500 
7.22452 3.10600 
7.22452 3.10700 
7.22452 3.10800 
7.22452 3.10900 
7.22452 3.11000 
7.22452 3.11100 
7.22452 3.11200 
7.22452 3.11300 
7.22452 3.11400 
7.22452 3.11500 
7.22452 3.11600 
7.22452 3.11700 
7.22452 3.11800 
7.22452 3.11900 
7.22452 3.12000 
7.22452 3.12100 
7.22452 3.12200 
7.22452 3.12300 
7.22452 3.12400 
7.22452 3.12500 
7.22452 3.12600 
7.22452 3.12700 
7.22452 3.12800 
7.22452 3.12900 
7.22452 3.13000 
7.22452 3.13100 
7.22452 3.13200 
7.22452 3.13300 
7.22452 3.13400 
7.22452 3.13500 
7.22452 3.13600 
7.22452 3.13700 
7.22452 3.13800 
7.22452 3.13900 
7.22452 3.14000 
7.22452 3.14100 
7.22452 3.14200 
7.22452 3.14300 
7.22452 3.14400 
7.22452 3.14500 
7.22452 3.14600 
7.22452 3.14700 
7.22452 3.14800 
7.22452 3.14900 
7.22452 3.15000 
7.22452 3.15100 
7.22452 3.15200 
7.22452 3.15300 
7.22452 3.15400 
7.22452 3.15500 
7.22452 3.15600 
7.22452 3.15700 
7.22452 3.15800 
7.22452 3.15900 
7.22452 3.16000 
7.22452 3.16100 
7.22452 3.16200 
7.22452 3.16300 
7.22452 3.16400 
7.22452 3.16500 
7.22452 3.16600 
7.22452 3.16700 
7.22452 3.16800 
7.22452 3.16900 
7.22452 3.17000 
7.22452 3.17100 
7.22452 3.17200 
7.22452 3.17300 
7.22452 3.17400 
7.22452 3.17500 
7.22452 3.17600 
7.22452 3.17700 
7.22452 3.17800 
7.22452 3.17900 
7.22452 3.18000 
7.22452 3.18100 
7.22452 3.18200 
7.22452 3.18300 
7.22452 3.18400 
7.22452 3.18500 
7.22452 3.18600 
7.22452 3.18700 
7.22452 3.18800 
7.22452 3.18900 
7.22452 3.19000 
7.22452 3.19100 
7.22452 3.19200 
7.22452 3.19300 
7.22452 3.19400 
7.22452 3.19500 
7.22452 3.19600 
7.22452 3.19700 
7.22452 3.19800 
7.22452 3.19900 
7.22452 3.20000 
7.22452 3.20100 
7.22452 3.20200 
7.22452 3.20300 
7.22452 3.20400 
7.22452 3.20500 
7.22452 3.20600 
7.22452 3.20700 
7.22452 3.20800 
7.22452 3.20900 
7.22452 3.21000 
7.22452 3.21100 
7.22452 3.21200 
7.22452 3.21300 
7.22452 3.21400 
7.22452 3.21500 
7.22452 3.21600 
7.22452 3.21700 
7.22452 3.21800 
7.22452 3.21900 
7.22452 3.22000 
7.22452 3.22100 
7.22452 3.22200 
7.22452 3.22300 
7.22452 3.22400 
7.22452 3.22500 
7.22452 3.22600 
7.22452 3.22700 
7.22452 3.22800 
7.22452 3.22900 
7.22452 3.23000 
7.22452 3.23100 
7.22452 3.23200 
7.22452 3.23300 
7.22452 3.23400 
7.22452 3.23500 
7.22452 3.23600 
7.22452 3.23700 
7.22452 3.23800 
7.22452 3.23900 
7.22452 3.24000 
7.22452 3.24100 
7.22452 3.24200 
7.22452 3.24300 
7.22452 3.24400 
7.22452 3.24500 
7.22452 3.24600 
7.22452 3.24700 
7.22452 3.24800 
7.22452 3.24900 
7.22452 3.25000 
7.22452 3.25100 
7.22452 3.25200 
7.22452 3.25300 
7.22452 3.25400 
7.22452 3.25500 
7.22452 3.25600 
7.22452 3.25700 
7.22452 3.25800 
7.22452 3.25900 
7.22452 3.26000 
7.22452 3.26100 
7.22452 3.26200 
7.22452 3.26300 
7.22452 3.26400 
7.22452 3.26500 
7.22452 3.26600 
7.22452 3.26700 
7.22452 3.26800 
7.22452 3.26900 
7.22452 3.27000 
7.22452 3.27100 
7.22452 3.27200 
7.22452 3.27300 
7.22452 3.27400 
7.22452 3.27500 
7.22452 3.27600 
7.22452 3.27700 
7.22452 3.27800 
7.22452 3.27900 
7.22452 3.28000 
7.22452 3.28100 
7.22452 3.28200 
7.22452 3.28300 
7.22452 3.28400 
7.22452 3.28500 
7.22452 3.28600 
7.22452 3.28700 
7.22452 3.28800 
7.22452 3.28900 
7.22452 3.29000 
7.22452 3.29100 
7.22452 3.29200 
7.22452 3.29300 
7.22452 3.29400 
7.22452 3.29500 
7.22452 3.29600 
7.22452 3.29700 
7.22452 3.29800 
7.22452 3.29900 
7.22452 3.30000 
7.22452 3.30100 
7.22452 3.30200 
7.22452 3.30300 
7.22452 3.30400 
7.22452 3.30500 
7.22452 3.30600 
7.22452 3.30700 
7.22452 3.30800 
7.22452 3.30900 
7.22452 3.31000 
7.22452 3.31100 
7.22452 3.31200 
7.22452 3.31300 
7.22452 3.31400 
7.22452 3.31500 
7.22452 3.31600 
7.22452 3.31700 
7.22452 3.31800 
7.22452 3.31900 
7.22452 3.32000 
7.22452 3.32100 
7.22452 3.32200 
7.22452 3.32300 
7.22452 3.32400 
7.22452 3.32500 
7.22452 3.32600 
7.22452 3.32700 
7.22452 3.32800 
7.22452 3.32900 
7.22452 3.33000 
7.22452 3.33100 
7.22452 3.33200 
7.22452 3.33300 
7.22452 3.33400 
7.22452 3.33500 
7.22452 3.33600 
7.22452 3.33700 
7.22452 3.33800 
7.22452 3.33900 
7.22452 3.34000 
7.22452 3.34100 
7.22452 3.34200 
7.22452 3.34300 
7.22452 3.34400 
7.22452 3.34500 
7.22452 3.34600 
7.22452 3.34700 
7.22452 3.34800 
7.22452 3.34900 
7.22452 3.35000 
7.22452 3.35100 
7.22452 3.35200 
7.22452 3.35300 
7.22452 3.35400 
7.22452 3.35500 
7.22452 3.35600 
7.22452 3.35700 
7.22452 3.35800 
7.22452 3.35900 
7.22452 3.36000 
7.22452 3.36100 
7.22452 3.36200 
7.22452 3.36300 
7.22452 3.36400 
7.22452 3.36500 
7.22452 3.36600 
7.22452 3.36700 
7.22452 3.36800 
7.22452 3.36900 
7.22452 3.37000 
7.22452 3.37100 
7.22452 3.37200 
7.22452 3.37300 
7.22452 3.37400 
7.22452 3.37500 
7.22452 3.37600 
7.22452 3.37700 
7.22452 3.37800 
7.22452 3.37900 
7.22452 3.38000 
7.22452 3.38100 
7.22452 3.38200 
7.22452 3.38300 
7.22452 3.38400 
7.22452 3.38500 
7.22452 3.38600 
7.22452 3.38700 
7.22452 3.38800 
7.22452 3.38900 
7.22452 3.39000 
7.22452 3.39100 
7.22452 3.39200 
7.22452 3.39300 
7.22452 3.39400 
7.22452 3.39500 
7.22452 3.39600 
7.22452 3.39700 
7.22452 3.39800 
7.22452 3.39900 
7.22452 3.40000 
7.22452 3.40100 
7.22452 3.40200 
7.22452 3.40300 
7.22452 3.40400 
7.22452 3.40500 
7.22452 3.40600 
7.22452 3.40700 
7.22452 3.40800 
7.22452 3.40900 
7.22452 3.41000 
7.22452 3.41100 
7.22452 3.41200 
7.22452 3.41300 
7.22452 3.41400 
7.22452 3.41500 
7.22452 3.41600 
7.22452 3.41700 
7.22452 3.41800 
7.22452 3.41900 
7.22452 3.42000 
7.22452 3.42100 
7.22452 3.42200 
7.22452 3.42300 
7.22452 3.42400 
7.22452 3.42500 
7.22452 3.42600 
7.22452 3.42700 
7.22452 3.42800 
7.22452 3.42900 
7.22452 3.43000 
7.22452 3.43100 
7.22452 3.43200 
7.22452 3.43300 
7.22452 3.43400 
7.22452 3.43500 
7.22452 3.43600 
7.22452 3.43700 
7.22452 3.43800 
7.22452 3.43900 
7.22452 3.44000 
7.22452 3.44100 
7.22452 3.44200 
7.22452 3.44300 
7.22452 3.44400 
7.22452 3.44500 
7.22452 3.44600 
7.22452 3.44700 
7.22452 3.44800 
7.22452 3.44900 
7.22452 3.45000 
7.22452 3.45100 
7.22452 3.45200 
7.22452 3.45300 
7.22452 3.45400 
7.22452 3.45500 
7.22452 3.45600 
7.22452 3.45700 
7.22452 3.45800 
7.22452 3.45900 
7.22452 3.46000 
7.22452 3.46100 
7.22452 3.46200 
7.22452 3.46300 
7.22452 3.46400 
7.22452 3.46500 
7.22452 3.46600 
7.22452 3.46700 
7.22452 3.46800 
7.22452 3.46900 
7.22452 3.47000 
7.22452 3.47100 
7.22452 3.47200 
7.22452 3.47300 
7.22452 3.47400 
7.22452 3.47500 
7.22452 3.47600 
7.22452 3.47700 
7.22452 3.47800 
7.22452 3.47900 
7.22452 3.48000 
7.22452 3.48100 
7.22452 3.48200 
7.22452 3.48300 
7.22452 3.48400 
7.22452 3.48500 
7.22452 3.48600 
7.22452 3.48700 
7.22452 3.48800 
7.22452 3.48900 
7.22452 3.49000 
7.22452 3.49100 
7.22452 3.49200 
7.22452 3.49300 
7.22452 3.49400 
7.22452 3.49500 
7.22452 3.49600 
7.22452 3.49700 
7.22452 3.49800 
7.22452 3.49900 
7.22452 3.50000 
7.22452 3.50100 
7.22452 3.50200 
7.22452 3.50300 
7.22452 3.50400 
7.22452 3.50500 
7.22452 3.50600 
7.22452 3.50700 
7.22452 3.50800 
7.22452 3.50900 
7.22452 3.51000 
7.22452 3.51100 
7.22452 3.51200 
7.22452 3.51300 
7.22452 3.51400 
7.22452 3.51500 
7.22452 3.51600 
7.22452 3.51700 
7.22452 3.51800 
7.22452 3.51900 
7.22452 3.52000 
7.22452 3.52100 
7.22452 3.52200 
7.22452 3.52300 
7.22452 3.52400 
7.22452 3.52500 
7.22452 3.52600 
7.22452 3.52700 
7.22452 3.52800 
7.22452 3.52900 
7.22452 3.53000 
7.22452 3.53100 
7.22452 3.53200 
7.22452 3.53300 
7.22452 3.53400 
7.22452 3.53500 
7.22452 3.53600 
7.22452 3.53700 
7.22452 3.53800 
7.22452 3.53900 
7.22452 3.54000 
7.22452 3.54100 
7.22452 3.54200 
7.22452 3.54300 
7.22452 3.54400 
7.22452 3.54500 
7.22452 3.54600 
7.22452 3.54700 
7.22452 3.54800 
7.22452 3.54900 
7.22452 3.55000 
7.22452 3.55100 
7.22452 3.55200 
7.22452 3.55300 
7.22452 3.55400 
7.22452 3.55500 
7.22452 3.55600 
7.22452 3.55700 
7.22452 3.55800 
7.22452 3.55900 
7.22452 3.56000 
7.22452 3.56100 
7.22452 3.56200 
7.22452 3.56300 
7.22452 3.56400 
7.22452 3.56500 
7.22452 3.56600 
7.22452 3.56700 
7.22452 3.56800 
7.22452 3.56900 
7.22452 3.57000 
7.22452 3.57100 
7.22452 3.57200 
7.22452 3.57300 
7.22452 3.57400 
7.22452 3.57500 
7.22452 3.57600 
7.22452 3.57700 
7.22452 3.57800 
7.22452 3.57900 
7.22452 3.58000 
7.22452 3.58100 
7.22452 3.58200 
7.22452 3.58300 
7.22452 3.58400 
7.22452 3.58500 
7.22452 3.58600 
7.22452 3.58700 
7.22452 3.58800 
7.22452 3.58900 
7.22452 3.59000 
7.22452 3.59100 
7.22452 3.59200 
7.22452 3.59300 
7.22452 3.59400 
7.22452 3.59500 
7.22452 3.59600 
7.22452 3.59700 
7.22452 3.59800 
7.22452 3.59900 
7.22452 3.60000 
7.22452 3.60100 
7.22452 3.60200 
7.22452 3.60300 
7.22452 3.60400 
7.22452 3.60500 
7.22452 3.60600 
7.22452 3.60700 
7.22452 3.60800 
7.22452 3.60900 
7.22452 3.61000 
7.22452 3.61100 
7.22452 3.61200 
7.22452 3.61300 
7.22452 3.61400 
7.22452 3.61500 
7.22452 3.61600 
7.22452 3.61700 
7.22452 3.61800 
7.22452 3.61900 
7.22452 3.62000 
7.22452 3.62100 
7.22452 3.62200 
7.22452 3.62300 
7.22452 3.62400 
7.22452 3.62500 
7.22452 3.62600 
7.22452 3.62700 
7.22452 3.62800 
7.22452 3.62900 
7.22452 3.63000 
7.22452 3.63100 
7.22452 3.63200 
7.22452 3.63300 
7.22452 3.63400 
7.22452 3.63500 
7.22452 3.63600 
7.22452 3.63700 
7.22452 3.63800 
7.22452 3.63900 
7.22452 3.64000 
7.22452 3.64100 
7.22452 3.64200 
7.22452 3.64300 
7.22452 3.64400 
7.22452 3.64500 
7.22452 3.64600 
7.22452 3.64700 
7.22452 3.64800 
7.22452 3.64900 
7.22452 3.65000 
7.22452 3.65100 
7.22452 3.65200 
7.22452 3.65300 
7.22452 3.65400 
7.22452 3.65500 
7.22452 3.65600 
7.22452 3.65700 
7.22452 3.65800 
7.22452 3.65900 
7.22452 3.66000 
7.22452 3.66100 
7.22452 3.66200 
7.22452 3.66300 
7.22452 3.66400 
7.22452 3.66500 
7.22452 3.66600 
7.22452 3.66700 
7.22452 3.66800 
7.22452 3.66900 
7.22452 3.67000 
7.22452 3.67100 
7.22452 3.67200 
7.22452 3.67300 
7.22452 3.67400 
7.22452 3.67500 
7.22452 3.67600 
7.22452 3.67700 
7.22452 3.67800 
7.22452 3.67900 
7.22452 3.68000 
7.22452 3.68100 
7.22452 3.68200 
7.22452 3.68300 
7.22452 3.68400 
7.22452 3.68500 
7.22452 3.68600 
7.22452 3.68700 
7.22452 3.68800 
7.22452 3.68900 
7.22452 3.69000 
7.22452 3.69100 
7.22452 3.69200 
7.22452 3.69300 
7.22452 3.69400 
7.22452 3.69500 
7.22452 3.69600 
7.22452 3.69700 
7.22452 3.69800 
7.22452 3.69900 
7.22452 3.70000 
7.22452 3.70100 
7.22452 3.70200 
7.22452 3.70300 
7.22452 3.70400 
7.22452 3.70500 
7.22452 3.70600 
7.22452 3.70700 
7.22452 3.70800 
7.22452 3.70900 
7.22452 3.71000 
7.22452 3.71100 
7.22452 3.71200 
7.22452 3.71300 
7.22452 3.71400 
7.22452 3.71500 
7.22452 3.71600 
7.22452 3.71700 
7.22452 3.71800 
7.22452 3.71900 
7.22452 3.72000 
7.22452 3.72100 
7.22452 3.72200 
7.22452 3.72300 
7.22452 3.72400 
7.22452 3.72500 
7.22452 3.72600 
7.22452 3.72700 
7.22452 3.72800 
7.22452 3.72900 
7.22452 3.73000 
7.22452 3.73100 
7.22452 3.73200 
7.22452 3.73300 
7.22452 3.73400 
7.22452 3.73500 
7.22452 3.73600 
7.22452 3.73700 
7.22452 3.73800 
7.22452 3.73900 
7.22452 3.74000 
7.22452 3.74100 
7.22452 3.74200 
7.22452 3.74300 
7.22452 3.74400 
7.22452 3.74500 
7.22452 3.74600 
7.22452 3.74700 
7.22452 3.74800 
7.22452 3.74900 
7.22452 3.75000 
7.22452 3.75100 
7.22452 3.75200 
7.22452 3.75300 
7.22452 3.75400 
7.22452 3.75500 
7.22452 3.75600 
7.22452 3.75700 
7.22452 3.75800 
7.22452 3.75900 
7.22452 3.76000 
7.22452 3.76100 
7.22452 3.76200 
7.22452 3.76300 
7.22452 3.76400 
7.22452 3.76500 
7.22452 3.76600 
7.22452 3.76700 
7.22452 3.76800 
7.22452 3.76900 
7.22452 3.77000 
7.22452 3.77100 
7.22452 3.77200 
7.22452 3.77300 
7.22452 3.77400 
7.22452 3.77500 
7.22452 3.77600 
7.22452 3.77700 
7.22452 3.77800 
7.22452 3.77900 
7.22452 3.78000 
7.22452 3.78100 
7.22452 3.78200 
7.22452 3.78300 
7.22452 3.78400 
7.22452 3.78500 
7.22452 3.78600 
7.22452 3.78700 
7.22452 3.78800 
7.22452 3.78900 
7.22452 3.79000 
7.22452 3.79100 
7.22452 3.79200 
7.22452 3.79300 
7.22452 3.79400 
7.22452 3.79500 
7.22452 3.79600 
7.22452 3.79700 
7.22452 3.79800 
7.22452 3.79900 
7.22452 3.80000 
7.22452 3.80100 
7.22452 3.80200 
7.22452 3.80300 
7.22452 3.80400 
7.22452 3.80500 
7.22452 3.80600 
7.22452 3.80700 
7.22452 3.80800 
7.22452 3.80900 
7.22452 3.81000 
7.22452 3.81100 
7.22452 3.81200 
7.22452 3.81300 
7.22452 3.81400 
7.22452 3.81500 
7.22452 3.81600 
7.22452 3.81700 
7.22452 3.81800 
7.22452 3.81900 
7.22452 3.82000 
7.22452 3.82100 
7.22452 3.82200 
7.22452 3.82300 
7.22452 3.82400 
7.22452 3.82500 
7.22452 3.82600 
7.22452 3.82700 
7.22452 3.82800 
7.22452 3.82900 
7.22452 3.83000 
7.22452 3.83100 
7.22452 3.83200 
7.22452 3.83300 
7.22452 3.83400 
7.22452 3.83500 
7.22452 3.83600 
7.22452 3.83700 
7.22452 3.83800 
7.22452 3.83900 
7.22452 3.84000 
7.22452 3.84100 
7.22452 3.84200 
7.22452 3.84300 
7.22452 3.84400 
7.22452 3.84500 
7.22452 3.84600 
7.22452 3.84700 
7.22452 3.84800 
7.22452 3.84900 
7.22452 3.85000 
7.22452 3.85100 
7.22452 3.85200 
7.22452 3.85300 
7.22452 3.85400 
7.22452 3.85500 
7.22452 3.85600 
7.22452 3.85700 
7.22452 3.85800 
7.22452 3.85900 
7.22452 3.86000 
7.22452 3.86100 
7.22452 3.86200 
7.22452 3.86300 
7.22452 3.86400 
7.22452 3.86500 
7.22452 3.86600 
7.22452 3.86700 
7.22452 3.86800 
7.22452 3.86900 
7.22452 3.87000 
7.22452 3.87100 
7.22452 3.87200 
7.22452 3.87300 
7.22452 3.87400 
7.22452 3.87500 
7.22452 3.87600 
7.22452 3.87700 
7.22452 3.87800 
7.22452 3.87900 
7.22452 3.88000 
7.22452 3.88100 
7.22452 3.88200 
7.22452 3.88300 
7.22452 3.88400 
7.22452 3.88500 
7.22452 3.88600 
7.22452 3.88700 
7.22452 3.88800 
7.22452 3.88900 
7.22452 3.89000 
7.22452 3.89100 
7.22452 3.89200 
7.22452 3.89300 
7.22452 3.89400 
7.22452 3.89500 
7.22452 3.89600 
7.22452 3.89700 
7.22452 3.89800 
7.22452 3.89900 
7.22452 3.90000 
7.22452 3.90100 
7.22452 3.90200 
7.22452 3.90300 
7.22452 3.90400 
7.22452 3.90500 
7.22452 3.90600 
7.22452 3.90700 
7.22452 3.90800 
7.22452 3.90900 
7.22452 3.91000 
7.22452 3.91100 
7.22452 3.91200 
7.22452 3.91300 
7.22452 3.91400 
7.22452 3.91500 
7.22452 3.91600 
7.22452 3.91700 
7.22452 3.91800 
7.22452 3.91900 
7.22452 3.92000 
7.22452 3.92100 
7.22452 3.92200 
7.22452 3.92300 
7.22452 3.92400 
7.22452 3.92500 
7.22452 3.92600 
7.22452 3.92700 
7.22452 3.92800 
7.22452 3.92900 
7.22452 3.93000 
7.22452 3.93100 
7.22452 3.93200 
7.22452 3.93300 
7.22452 3.93400 
7.22452 3.93500 
7.22452 3.93600 
7.22452 3.93700 
7.22452 3.93800 
7.22452 3.93900 
7.22452 3.94000 
7.22452 3.94100 
7.22452 3.94200 
7.22452 3.94300 
7.22452 3.94400 
7.22452 3.94500 
7.22452 3.94600 
7.22452 3.94700 
7.22452 3.94800 
7.22452 3.94900 
7.22452 3.95000 
7.22452 3.95100 
7.22452 3.95200 
7.22452 3.95300 
7.22452 3.95400 
7.22452 3.95500 
7.22452 3.95600 
7.22452 3.95700 
7.22452 3.95800 
7.22452 3.95900 
7.22452 3.96000 
7.22452 3.96100 
7.22452 3.96200 
7.22452 3.96300 
7.22452 3.96400 
7.22452 3.96500 
7.22452 3.96600 
7.22452 3.96700 
7.22452 3.96800 
7.22452 3.96900 
7.22452 3.97000 
7.22452 3.97100 
7.22452 3.97200 
7.22452 3.97300 
7.22452 3.97400 
7.22452 3.97500 
7.22452 3.97600 
7.22452 3.97700 
7.22452 3.97800 
7.22452 3.97900 
7.22452 3.98000 
7.22452 3.98100 
7.22452 3.98200 
7.22452 3.98300 
7.22452 3.98400 
7.22452 3.98500 
7.22452 3.98600 
7.22452 3.98700 
7.22452 3.98800 
7.22452 3.98900 
7.22452 3.99000 
7.22452 3.99100 
7.22452 3.99200 
7.22452 3.99300 
7.22452 3.99400 
7.22452 3.99500 
7.22452 3.99600 
7.22452 3.99700 
7.22452 3.99800 
7.22452 3.99900 
7.22452 4.00000 
7.22452 4.00100 
7.22452 4.00200 
7.22452 4.00300 
7.22452 4.00400 
7.22452 4.00500 
7.22452 4.00600 
7.22452 4.00700 
7.22452 4.00800 
7.22452 4.00900 
7.22452 4.01000 
7.22452 4.01100 
7.22452 4.01200 
7.22452 4.01300 
7.22452 4.01400 
7.22452 4.01500 
7.22452 4.01600 
7.22452 4.01700 
7.22452 4.01800 
7.22452 4.01900 
7.22452 4.02000 
7.22452 4.02100 
7.22452 4.02200 
7.22452 4.02300 
7.22452 4.02400 
7.22452 4.02500 
7.22452 4.02600 
7.22452 4.02700 
7.22452 4.02800 
7.22452 4.02900 
7.22452 4.03000 
7.22452 4.03100 
7.22452 4.03200 
7.22452 4.03300 
7.22452 4.03400 
7.22452 4.03500 
7.22452 4.03600 
7.22452 4.03700 
7.22452 4.03800 
7.22452 4.03900 
7.22452 4.04000 
7.22452 4.04100 
7.22452 4.04200 
7.22452 4.04300 
7.22452 4.04400 
7.22452 4.04500 
7.22452 4.04600 
7.22452 4.04700 
7.22452 4.04800 
7.22452 4.04900 
7.22452 4.05000 
7.22452 4.05100 
7.22452 4.05200 
7.22452 4.05300 
7.22452 4.05400 
7.22452 4.05500 
7.22452 4.05600 
7.22452 4.05700 
7.22452 4.05800 
7.22452 4.05900 
7.22452 4.06000 
7.22452 4.06100 
7.22452 4.06200 
7.22452 4.06300 
7.22452 4.06400 
7.22452 4.06500 
7.22452 4.06600 
7.22452 4.06700 
7.22452 4.06800 
7.22452 4.06900 
7.22452 4.07000 
7.22452 4.07100 
7.22452 4.07200 
7.22452 4.07300 
7.22452 4.07400 
7.22452 4.07500 
7.22452 4.07600 
7.22452 4.07700 
7.22452 4.07800 
7.22452 4.07900 
7.22452 4.08000 
7.22452 4.08100 
7.22452 4.08200 
7.22452 4.08300 
7.22452 4.08400 
7.22452 4.08500 
7.22452 4.08600 
7.22452 4.08700 
7.22452 4.08800 
7.22452 4.08900 
7.22452 4.09000 
7.22452 4.09100 
7.22452 4.09200 
7.22452 4.09300 
7.22452 4.09400 
7.22452 4.09500 
7.22452 4.09600 
7.22452 4.09700 
7.22452 4.09800 
7.22452 4.09900 
7.22452 4.10000 
7.22452 4.10100 
7.22452 4.10200 
7.22452 4.10300 
7.22452 4.10400 
7.22452 4.10500 
7.22452 4.10600 
7.22452 4.10700 
7.22452 4.10800 
7.22452 4.10900 
7.22452 4.11000 
7.22452 4.11100 
7.22452 4.11200 
7.22452 4.11300 
7.22452 4.11400 
7.22452 4.11500 
7.22452 4.11600 
7.22452 4.11700 
7.22452 4.11800 
7.22452 4.11900 
7.22452 4.12000 
7.22452 4.12100 
7.22452 4.12200 
7.22452 4.12300 
7.22452 4.12400 
7.22452 4.12500 
7.22452 4.12600 
7.22452 4.12700 
7.22452 4.12800 
7.22452 4.12900 
7.22452 4.13000 
7.22452 4.13100 
7.22452 4.13200 
7.22452 4.13300 
7.22452 4.13400 
7.22452 4.13500 
7.22452 4.13600 
7.22452 4.13700 
7.22452 4.13800 
7.22452 4.13900 
7.22452 4.14000 
7.22452 4.14100 
7.22452 4.14200 
7.22452 4.14300 
7.22452 4.14400 
7.22452 4.14500 
7.22452 4.14600 
7.22452 4.14700 
7.22452 4.14800 
7.22452 4.14900 
7.22452 4.15000 
7.22452 4.15100 
7.22452 4.15200 
7.22452 4.15300 
7.22452 4.15400 
7.22452 4.15500 
7.22452 4.15600 
7.22452 4.15700 
7.22452 4.15800 
7.22452 4.15900 
7.22452 4.16000 
7.22452 4.16100 
7.22452 4.16200 
7.22452 4.16300 
7.22452 4.16400 
7.22452 4.16500 
7.22452 4.16600 
7.22452 4.16700 
7.22452 4.16800 
7.22452 4.16900 
7.22452 4.17000 
7.22452 4.17100 
7.22452 4.17200 
7.22452 4.17300 
7.22452 4.17400 
7.22452 4.17500 
7.22452 4.17600 
7.22452 4.17700 
7.22452 4.17800 
7.22452 4.17900 
7.22452 4.18000 
7.22452 4.18100 
7.22452 4.18200 
7.22452 4.18300 
7.22452 4.18400 
7.22452 4.18500 
7.22452 4.18600 
7.22452 4.18700 
7.22452 4.18800 
7.22452 4.18900 
7.22452 4.19000 
7.22452 4.19100 
7.22452 4.19200 
7.22452 4.19300 
7.22452 4.19400 
7.22452 4.19500 
7.22452 4.19600 
7.22452 4.19700 
7.22452 4.19800 
7.22452 4.19900 
7.22452 4.20000 
7.22452 4.20100 
7.22452 4.20200 
7.22452 4.20300 
7.22452 4.20400 
7.22452 4.20500 
7.22452 4.20600 
7.22452 4.20700 
7.22452 4.20800 
7.22452 4.20900 
7.22452 4.21000 
7.22452 4.21100 
7.22452 4.21200 
7.22452 4.21300 
7.22452 4.21400 
7.22452 4.21500 
7.22452 4.21600 
7.22452 4.21700 
7.22452 4.21800 
7.22452 4.21900 
7.22452 4.22000 
7.22452 4.22100 
7.22452 4.22200 
7.22452 4.22300 
7.22452 4.22400 
7.22452 4.22500 
7.22452 4.22600 
7.22452 4.22700 
7.22452 4.22800 
7.22452 4.22900 
7.22452 4.23000 
7.22452 4.23100 
7.22452 4.23200 
7.22452 4.23300 
7.22452 4.23400 
7.22452 4.23500 
7.22452 4.23600 
7.22452 4.23700 
7.22452 4.23800 
7.22452 4.23900 
7.22452 4.24000 
7.22452 4.24100 
7.22452 4.24200 
7.22452 4.24300 
7.22452 4.24400 
7.22452 4.24500 
7.22452 4.24600 
7.22452 4.24700 
7.22452 4.24800 
7.22452 4.24900 
7.22452 4.25000 
7.22452 4.25100 
7.22452 4.25200 
7.22452 4.25300 
7.22452 4.25400 
7.22452 4.25500 
7.22452 4.25600 
7.22452 4.25700 
7.22452 4.25800 
7.22452 4.25900 
7.22452 4.26000 
7.22452 4.26100 
7.22452 4.26200 
7.22452 4.26300 
7.22452 4.26400 
7.22452 4.26500 
7.22452 4.26600 
7.22452 4.26700 
7.22452 4.26800 
7.22452 4.26900 
7.22452 4.27000 
7.22452 4.27100 
7.22452 4.27200 
7.22452 4.27300 
7.22452 4.27400 
7.22452 4.27500 
7.22452 4.27600 
7.22452 4.27700 
7.22452 4.27800 
7.22452 4.27900 
7.22452 4.28000 
7.22452 4.28100 
7.22452 4.28200 
7.22452 4.28300 
7.22452 4.28400 
7.22452 4.28500 
7.22452 4.28600 
7.22452 4.28700 
7.22452 4.28800 
7.22452 4.28900 
7.22452 4.29000 
7.22452 4.29100 
7.22452 4.29200 
7.22452 4.29300 
7.22452 4.29400 
7.22452 4.29500 
7.22452 4.29600 
7.22452 4.29700 
7.22452 4.29800 
7.22452 4.29900 
7.22452 4.30000 
7.22452 4.30100 
7.22452 4.30200 
7.22452 4.30300 
7.22452 4.30400 
7.22452 4.30500 
7.22452 4.30600 
7.22452 4.30700 
7.22452 4.30800 
7.22452 4.30900 
7.22452 4.31000 
7.22452 4.31100 
7.22452 4.31200 
7.22452 4.31300 
7.22452 4.31400 
7.22452 4.31500 
7.22452 4.31600 
7.22452 4.31700 
7.22452 4.31800 
7.22452 4.31900 
7.22452 4.32000 
7.22452 4.32100 
7.22452 4.32200 
7.22452 4.32300 
7.22452 4.32400 
7.22452 4.32500 
7.22452 4.32600 
7.22452 4.32700 
7.22452 4.32800 
7.22452 4.32900 
7.22452 4.33000 
7.22452 4.33100 
7.22452 4.33200 
7.22452 4.33300 
7.22452 4.33400 
7.22452 4.33500 
7.22452 4.33600 
7.22452 4.33700 
7.22452 4.33800 
7.22452 4.33900 
7.22452 4.34000 
7.22452 4.34100 
7.22452 4.34200 
7.22452 4.34300 
7.22452 4.34400 
7.22452 4.34500 
7.22452 4.34600 
7.22452 4.34700 
7.22452 4.34800 
7.22452 4.34900 
7.22452 4.35000 
7.22452 4.35100 
7.22452 4.35200 
7.22452 4.35300 
7.22452 4.35400 
7.22452 4.35500 
7.22452 4.35600 
7.22452 4.35700 
7.22452 4.35800 
7.22452 4.35900 
7.22452 4.36000 
7.22452 4.36100 
7.22452 4.36200 
7.22452 4.36300 
7.22452 4.36400 
7.22452 4.36500 
7.22452 4.36600 
7.22452 4.36700 
7.22452 4.36800 
7.22452 4.36900 
7.22452 4.37000 
7.22452 4.37100 
7.22452 4.37200 
7.22452 4.37300 
7.22452 4.37400 
7.22452 4.37500 
7.22452 4.37600 
7.22452 4.37700 
7.22452 4.37800 
7.22452 4.37900 
7.22452 4.38000 
7.22452 4.38100 
7.22452 4.38200 
7.22452 4.38300 
7.22452 4.38400 
7.22452 4.38500 
7.22452 4.38600 
7.22452 4.38700 
7.22452 4.38800 
7.22452 4.38900 
7.22452 4.39000 
7.22452 4.39100 
7.22452 4.39200 
7.22452 4.39300 
7.22452 4.39400 
7.22452 4.39500 
7.22452 4.39600 
7.22452 4.39700 
7.22452 4.39800 
7.22452 4.39900 
7.22452 4.40000 
7.22452 4.40100 
7.22452 4.40200 
7.22452 4.40300 
7.22452 4.40400 
7.22452 4.40500 
7.22452 4.40600 
7.22452 4.40700 
7.22452 4.40800 
7.22452 4.40900 
7.22452 4.41000 
7.22452 4.41100 
7.22452 4.41200 
7.22452 4.41300 
7.22452 4.41400 
7.22452 4.41500 
7.22452 4.41600 
7.22452 4.41700 
7.22452 4.41800 
7.22452 4.41900 
7.22452 4.42000 
7.22452 4.42100 
7.22452 4.42200 
7.22452 4.42300 
7.22452 4.42400 
7.22452 4.42500 
7.22452 4.42600 
7.22452 4.42700 
7.22452 4.42800 
7.22452 4.42900 
7.22452 4.43000 
7.22452 4.43100 
7.22452 4.43200 
7.22452 4.43300 
7.22452 4.43400 
7.22452 4.43500 
7.22452 4.43600 
7.22452 4.43700 
7.22452 4.43800 
7.22452 4.43900 
7.22452 4.44000 
7.22452 4.44100 
7.22452 4.44200 
7.22452 4.44300 
7.22452 4.44400 
7.22452 4.44500 
7.22452 4.44600 
7.22452 4.44700 
7.22452 4.44800 
7.22452 4.44900 
7.22452 4.45000 
7.22452 4.45100 
7.22452 4.45200 
7.22452 4.45300 
7.22452 4.45400 
7.22452 4.45500 
7.22452 4.45600 
7.22452 4.45700 
7.22452 4.45800 
7.22452 4.45900 
7.22452 4.46000 
7.22452 4.46100 
7.22452 4.46200 
7.22452 4.46300 
7.22452 4.46400 
7.22452 4.46500 
7.22452 4.46600 
7.22452 4.46700 
7.22452 4.46800 
7.22452 4.46900 
7.22452 4.47000 
7.22452 4.47100 
7.22452 4.47200 
7.22452 4.47300 
7.22452 4.47400 
7.22452 4.47500 
7.22452 4.47600 
7.22452 4.47700 
7.22452 4.47800 
7.22452 4.47900 
7.22452 4.48000 
7.22452 4.48100 
7.22452 4.48200 
7.22452 4.48300 
7.22452 4.48400 
7.22452 4.48500 
7.22452 4.48600 
7.22452 4.48700 
7.22452 4.48800 
7.22452 4.48900 
7.22452 4.49000 
7.22452 4.49100 
7.22452 4.49200 
7.22452 4.49300 
7.22452 4.49400 
7.22452 4.49500 
7.22452 4.49600 
7.22452 4.49700 
7.22452 4.49800 
7.22452 4.49900 
7.22452 4.50000 
7.22452 4.50100 
7.22452 4.50200 
7.22452 4.50300 
7.22452 4.50400 
7.22452 4.50500 
7.22452 4.50600 
7.22452 4.50700 
7.22452 4.50800 
7.22452 4.50900 
7.22452 4.51000 
7.22452 4.51100 
7.22452 4.51200 
7.22452 4.51300 
7.22452 4.51400 
7.22452 4.51500 
7.22452 4.51600 
7.22452 4.51700 
7.22452 4.51800 
7.22452 4.51900 
7.22452 4.52000 
7.22452 4.52100 
7.22452 4.52200 
7.22452 4.52300 
7.22452 4.52400 
7.22452 4.52500 
7.22452 4.52600 
7.22452 4.52700 
7.22452 4.52800 
7.22452 4.52900 
7.22452 4.53000 
7.22452 4.53100 
7.22452 4.53200 
7.22452 4.53300 
7.22452 4.53400 
7.22452 4.53500 
7.22452 4.53600 
7.22452 4.53700 
7.22452 4.53800 
7.22452 4.53900 
7.22452 4.54000 
7.22452 4.54100 
7.22452 4.54200 
7.22452 4.54300 
7.22452 4.54400 
7.22452 4.54500 
7.22452 4.54600 
7.22452 4.54700 
7.22452 4.54800 
7.22452 4.54900 
7.22452 4.55000 
7.22452 4.55100 
7.22452 4.55200 
7.22452 4.55300 
7.22452 4.55400 
7.22452 4.55500 
7.22452 4.55600 
7.22452 4.55700 
7.22452 4.55800 
7.22452 4.55900 
7.22452 4.56000 
7.22452 4.56100 
7.22452 4.56200 
7.22452 4.56300 
7.22452 4.56400 
7.22452 4.56500 
7.22452 4.56600 
7.22452 4.56700 
7.22452 4.56800 
7.22452 4.56900 
7.22452 4.57000 
7.22452 4.57100 
7.22452 4.57200 
7.22452 4.57300 
7.22452 4.57400 
7.22452 4.57500 
7.22452 4.57600 
7.22452 4.57700 
7.22452 4.57800 
7.22452 4.57900 
7.22452 4.58000 
7.22452 4.58100 
7.22452 4.58200 
7.22452 4.58300 
7.22452 4.58400 
7.22452 4.58500 
7.22452 4.58600 
7.22452 4.58700 
7.22452 4.58800 
7.22452 4.58900 
7.22452 4.59000 
7.22452 4.59100 
7.22452 4.59200 
7.22452 4.59300 
7.22452 4.59400 
7.22452 4.59500 
7.22452 4.59600 
7.22452 4.59700 
7.22452 4.59800 
7.22452 4.59900 
7.22452 4.60000 
7.22452 4.60100 
7.22452 4.60200 
7.22452 4.60300 
7.22452 4.60400 
7.22452 4.60500 
7.22452 4.60600 
7.22452 4.60700 
7.22452 4.60800 
7.22452 4.60900 
7.22452 4.61000 
7.22452 4.61100 
7.22452 4.61200 
7.22452 4.61300 
7.22452 4.61400 
7.22452 4.61500 
7.22452 4.61600 
7.22452 4.61700 
7.22452 4.61800 
7.22452 4.61900 
7.22452 4.62000 
7.22452 4.62100 
7.22452 4.62200 
7.22452 4.62300 
7.22452 4.62400 
7.22452 4.62500 
7.22452 4.62600 
7.22452 4.62700 
7.22452 4.62800 
7.22452 4.62900 
7.22452 4.63000 
7.22452 4.63100 
7.22452 4.63200 
7.22452 4.63300 
7.22452 4.63400 
7.22452 4.63500 
7.22452 4.63600 
7.22452 4.63700 
7.22452 4.63800 
7.22452 4.63900 
7.22452 4.64000 
7.22452 4.64100 
7.22452 4.64200 
7.22452 4.64300 
7.22452 4.64400 
7.22452 4.64500 
7.22452 4.64600 
7.22452 4.64700 
7.22452 4.64800 
7.22452 4.64900 
7.22452 4.65000 
7.22452 4.65100 
7.22452 4.65200 
7.22452 4.65300 
7.22452 4.65400 
7.22452 4.65500 
7.22452 4.65600 
7.22452 4.65700 
7.22452 4.65800 
7.22452 4.65900 
7.22452 4.66000 
7.22452 4.66100 
7.22452 4.66200 
7.22452 4.66300 
7.22452 4.66400 
7.22452 4.66500 
7.22452 4.66600 
7.22452 4.66700 
7.22452 4.66800 
7.22452 4.66900 
7.22452 4.67000 
7.22452 4.67100 
7.22452 4.67200 
7.22452 4.67300 
7.22452 4.67400 
7.22452 4.67500 
7.22452 4.67600 
7.22452 4.67700 
7.22452 4.67800 
7.22452 4.67900 
7.22452 4.68000 
7.22452 4.68100 
7.22452 4.68200 
7.22452 4.68300 
7.22452 4.68400 
7.22452 4.68500 
7.22452 4.68600 
7.22452 4.68700 
7.22452 4.68800 
7.22452 4.68900 
7.22452 4.69000 
7.22452 4.69100 
7.22452 4.69200 
7.22452 4.69300 
7.22452 4.69400 
7.22452 4.69500 
7.22452 4.69600 
7.22452 4.69700 
7.22452 4.69800 
7.22452 4.69900 
7.22452 4.70000 
7.22452 4.70100 
7.22452 4.70200 
7.22452 4.70300 
7.22452 4.70400 
7.22452 4.70500 
7.22452 4.70600 
7.22452 4.70700 
7.22452 4.70800 
7.22452 4.70900 
7.22452 4.71000 
7.22452 4.71100 
7.22452 4.71200 
7.22452 4.71300 
7.22452 4.71400 
7.22452 4.71500 
7.22452 4.71600 
7.22452 4.71700 
7.22452 4.71800 
7.22452 4.71900 
7.22452 4.72000 
7.22452 4.72100 
7.22452 4.72200 
7.22452 4.72300 
7.22452 4.72400 
7.22452 4.72500 
7.22452 4.72600 
7.22452 4.72700 
7.22452 4.72800 
7.22452 4.72900 
7.22452 4.73000 
7.22452 4.73100 
7.22452 4.73200 
7.22452 4.73300 
7.22452 4.73400 
7.22452 4.73500 
7.22452 4.73600 
7.22452 4.73700 
7.22452 4.73800 
7.22452 4.73900 
7.22452 4.74000 
7.22452 4.74100 
7.22452 4.74200 
7.22452 4.74300 
7.22452 4.74400 
7.22452 4.74500 
7.22452 4.74600 
7.22452 4.74700 
7.22452 4.74800 
7.22452 4.74900 
7.22452 4.75000 
7.22452 4.75100 
7.22452 4.75200 
7.22452 4.75300 
7.22452 4.75400 
7.22452 4.75500 
7.22452 4.75600 
7.22452 4.75700 
7.22452 4.75800 
7.22452 4.75900 
7.22452 4.76000 
7.22452 4.76100 
7.22452 4.76200 
7.22452 4.76300 
7.22452 4.76400 
7.22452 4.76500 
7.22452 4.76600 
7.22452 4.76700 
7.22452 4.76800 
7.22452 4.76900 
7.22452 4.77000 
7.22452 4.77100 
7.22452 4.77200 
7.22452 4.77300 
7.22452 4.77400 
7.22452 4.77500 
7.22452 4.77600 
7.22452 4.77700 
7.22452 4.77800 
7.22452 4.77900 
7.22452 4.78000 
7.22452 4.78100 
7.22452 4.78200 
7.22452 4.78300 
7.22452 4.78400 
7.22452 4.78500 
7.22452 4.78600 
7.22452 4.78700 
7.22452 4.78800 
7.22452 4.78900 
7.22452 4.79000 
7.22452 4.79100 
7.22452 4.79200 
7.22452 4.79300 
7.22452 4.79400 
7.22452 4.79500 
7.22452 4.79600 
7.22452 4.79700 
7.22452 4.79800 
7.22452 4.79900 
7.22452 4.80000 
7.22452 4.80100 
7.22452 4.80200 
7.22452 4.80300 
7.22452 4.80400 
7.22452 4.80500 
7.22452 4.80600 
7.22452 4.80700 
7.22452 4.80800 
7.22452 4.80900 
7.22452 4.81000 
7.22452 4.81100 
7.22452 4.81200 
7.22452 4.81300 
7.22452 4.81400 
7.22452 4.81500 
7.22452 4.81600 
7.22452 4.81700 
7.22452 4.81800 
7.22452 4.81900 
7.22452 4.82000 
7.22452 4.82100 
7.22452 4.82200 
7.22452 4.82300 
7.22452 4.82400 
7.22452 4.82500 
7.22452 4.82600 
7.22452 4.82700 
7.22452 4.82800 
7.22452 4.82900 
7.22452 4.83000 
7.22452 4.83100 
7.22452 4.83200 
7.22452 4.83300 
7.22452 4.83400 
7.22452 4.83500 
7.22452 4.83600 
7.22452 4.83700 
7.22452 4.83800 
7.22452 4.83900 
7.22452 4.84000 
7.22452 4.84100 
7.22452 4.84200 
7.22452 4.84300 
7.22452 4.84400 
7.22452 4.84500 
7.22452 4.84600 
7.22452 4.84700 
7.22452 4.84800 
7.22452 4.84900 
7.22452 4.85000 
7.22452 4.85100 
7.22452 4.85200 
7.22452 4.85300 
7.22452 4.85400 
7.22452 4.85500 
7.22452 4.85600 
7.22452 4.85700 
7.22452 4.85800 
7.22452 4.85900 
7.22452 4.86000 
7.22452 4.86100 
7.22452 4.86200 
7.22452 4.86300 
7.22452 4.86400 
7.22452 4.86500 
7.22452 4.86600 
7.22452 4.86700 
7.22452 4.86800 
7.22452 4.86900 
7.22452 4.87000 
7.22452 4.87100 
7.22452 4.87200 
7.22452 4.87300 
7.22452 4.87400 
7.22452 4.87500 
7.22452 4.87600 
7.22452 4.87700 
7.22452 4.87800 
7.22452 4.87900 
7.22452 4.88000 
7.22452 4.88100 
7.22452 4.88200 
7.22452 4.88300 
7.22452 4.88400 
7.22452 4.88500 
7.22452 4.88600 
7.22452 4.88700 
7.22452 4.88800 
7.22452 4.88900 
7.22452 4.89000 
7.22452 4.89100 
7.22452 4.89200 
7.22452 4.89300 
7.22452 4.89400 
7.22452 4.89500 
7.22452 4.89600 
7.22452 4.89700 
7.22452 4.89800 
7.22452 4.89900 
7.22452 4.90000 
7.22452 4.90100 
7.22452 4.90200 
7.22452 4.90300 
7.22452 4.90400 
7.22452 4.90500 
7.22452 4.90600 
7.22452 4.90700 
7.22452 4.90800 
7.22452 4.90900 
7.22452 4.91000 
7.22452 4.91100 
7.22452 4.91200 
7.22452 4.91300 
7.22452 4.91400 
7.22452 4.91500 
7.22452 4.91600 
7.22452 4.91700 
7.22452 4.91800 
7.22452 4.91900 
7.22452 4.92000 
7.22452 4.92100 
7.22452 4.92200 
7.22452 4.92300 
7.22452 4.92400 
7.22452 4.92500 
7.22452 4.92600 
7.22452 4.92700 
7.22452 4.92800 
7.22452 4.92900 
7.22452 4.93000 
7.22452 4.93100 
7.22452 4.93200 
7.22452 4.93300 
7.22452 4.93400 
7.22452 4.93500 
7.22452 4.93600 
7.22452 4.93700 
7.22452 4.93800 
7.22452 4.93900 
7.22452 4.94000 
7.22452 4.94100 
7.22452 4.94200 
7.22452 4.94300 
7.22452 4.94400 
7.22452 4.94500 
7.22452 4.94600 
7.22452 4.94700 
7.22452 4.94800 
7.22452 4.94900 
7.22452 4.95000 
7.22452 4.95100 
7.22452 4.95200 
7.22452 4.95300 
7.22452 4.95400 
7.22452 4.95500 
7.22452 4.95600 
7.22452 4.95700 
7.22452 4.95800 
7.22452 4.95900 
7.22452 4.96000 
7.22452 4.96100 
7.22452 4.96200 
7.22452 4.96300 
7.22452 4.96400 
7.22452 4.96500 
7.22452 4.96600 
7.22452 4.96700 
7.22452 4.96800 
7.22452 4.96900 
7.22452 4.97000 
7.22452 4.97100 
7.22452 4.97200 
7.22452 4.97300 
7.22452 4.97400 
7.22452 4.97500 
7.22452 4.97600 
7.22452 4.97700 
7.22452 4.97800 
7.22452 4.97900 
7.22452 4.98000 
7.22452 4.98100 
7.22452 4.98200 
7.22452 4.98300 
7.22452 4.98400 
7.22452 4.98500 
7.22452 4.98600 
7.22452 4.98700 
7.22452 4.98800 
7.22452 4.98900 
7.22452 4.99000 
7.22452 4.99100 
7.22452 4.99200 
7.22452 4.99300 
7.22452 4.99400 
7.22452 4.99500 
7.22452 4.99600 
7.22452 4.99700 
7.22452 4.99800 
7.22452 4.99900 
