0.00000 0.00000 
0.09945 0.00100 
0.19777 0.00200 
0.29496 0.00300 
0.39105 0.00400 
0.48604 0.00500 
0.57995 0.00600 
0.67278 0.00700 
0.76456 0.00800 
0.85529 0.00900 
0.94499 0.01000 
1.03366 0.01100 
1.12132 0.01200 
1.20799 0.01300 
1.29366 0.01400 
1.37836 0.01500 
1.46209 0.01600 
1.54487 0.01700 
1.62670 0.01800 
1.70760 0.01900 
1.78758 0.02000 
1.86664 0.02100 
1.94481 0.02200 
2.02208 0.02300 
2.09847 0.02400 
2.17399 0.02500 
2.24865 0.02600 
2.32246 0.02700 
2.39543 0.02800 
2.46756 0.02900 
2.53888 0.03000 
2.60938 0.03100 
2.67907 0.03200 
2.74798 0.03300 
2.81609 0.03400 
2.88343 0.03500 
2.95000 0.03600 
3.01581 0.03700 
3.08088 0.03800 
3.14520 0.03900 
3.20878 0.04000 
3.27164 0.04100 
3.33379 0.04200 
3.39523 0.04300 
3.45596 0.04400 
3.51600 0.04500 
3.57536 0.04600 
3.63405 0.04700 
3.69206 0.04800 
3.74941 0.04900 
3.80611 0.05000 
3.86216 0.05100 
3.91757 0.05200 
3.97235 0.05300 
4.02650 0.05400 
4.08004 0.05500 
4.13297 0.05600 
4.18529 0.05700 
4.23702 0.05800 
4.28816 0.05900 
4.33871 0.06000 
4.38869 0.06100 
4.43810 0.06200 
4.48694 0.06300 
4.53523 0.06400 
4.58296 0.06500 
4.63016 0.06600 
4.67681 0.06700 
4.72293 0.06800 
4.76853 0.06900 
4.81361 0.07000 
4.85817 0.07100 
4.90223 0.07200 
4.94578 0.07300 
4.98883 0.07400 
5.03140 0.07500 
5.07348 0.07600 
5.11508 0.07700 
5.15620 0.07800 
5.19686 0.07900 
5.23705 0.08000 
5.27679 0.08100 
5.31607 0.08200 
5.35490 0.08300 
5.39329 0.08400 
5.43124 0.08500 
5.46876 0.08600 
5.50586 0.08700 
5.54253 0.08800 
5.57878 0.08900 
5.61462 0.09000 
5.65004 0.09100 
5.68507 0.09200 
5.71970 0.09300 
5.75393 0.09400 
5.78777 0.09500 
5.82122 0.09600 
5.85430 0.09700 
5.88699 0.09800 
5.91932 0.09900 
5.95127 0.10000 
5.98286 0.10100 
6.01409 0.10200 
6.04497 0.10300 
6.07549 0.10400 
6.10566 0.10500 
6.13549 0.10600 
6.16498 0.10700 
6.19414 0.10800 
6.22296 0.10900 
6.25145 0.11000 
6.27962 0.11100 
6.30747 0.11200 
6.33500 0.11300 
6.36221 0.11400 
6.38912 0.11500 
6.41572 0.11600 
6.44201 0.11700 
6.46801 0.11800 
6.49371 0.11900 
6.51911 0.12000 
6.54423 0.12100 
6.56906 0.12200 
6.59361 0.12300 
6.61788 0.12400 
6.64187 0.12500 
6.66558 0.12600 
6.68903 0.12700 
6.71221 0.12800 
6.73512 0.12900 
6.75778 0.13000 
6.78017 0.13100 
6.80231 0.13200 
6.82420 0.13300 
6.84584 0.13400 
6.86723 0.13500 
6.88838 0.13600 
6.90929 0.13700 
6.92996 0.13800 
6.95039 0.13900 
6.97059 0.14000 
6.99056 0.14100 
7.01030 0.14200 
7.02982 0.14300 
7.04911 0.14400 
7.06819 0.14500 
7.08704 0.14600 
7.10569 0.14700 
7.12412 0.14800 
7.14233 0.14900 
7.16035 0.15000 
7.17815 0.15100 
7.19576 0.15200 
7.21316 0.15300 
7.23036 0.15400 
7.24737 0.15500 
7.26419 0.15600 
7.28081 0.15700 
7.29724 0.15800 
7.31349 0.15900 
7.32955 0.16000 
7.34542 0.16100 
7.36112 0.16200 
7.37664 0.16300 
7.39198 0.16400 
7.40714 0.16500 
7.42214 0.16600 
7.43696 0.16700 
7.45161 0.16800 
7.46610 0.16900 
7.48042 0.17000 
7.49458 0.17100 
7.50857 0.17200 
7.52241 0.17300 
7.53609 0.17400 
7.54961 0.17500 
7.56298 0.17600 
7.57619 0.17700 
7.58926 0.17800 
7.60218 0.17900 
7.61495 0.18000 
7.62757 0.18100 
7.64005 0.18200 
7.65239 0.18300 
7.66458 0.18400 
7.67664 0.18500 
7.68856 0.18600 
7.70035 0.18700 
7.71200 0.18800 
7.72351 0.18900 
7.73490 0.19000 
7.74616 0.19100 
7.75728 0.19200 
7.76829 0.19300 
7.77916 0.19400 
7.78991 0.19500 
7.80054 0.19600 
7.81105 0.19700 
7.82144 0.19800 
7.83171 0.19900 
7.84186 0.20000 
7.85190 0.20100 
7.86182 0.20200 
7.87163 0.20300 
7.88133 0.20400 
7.89091 0.20500 
7.90038 0.20600 
7.90974 0.20700 
7.91900 0.20800 
7.92815 0.20900 
7.93720 0.21000 
7.94614 0.21100 
7.95498 0.21200 
7.96372 0.21300 
7.97237 0.21400 
7.98091 0.21500 
7.98936 0.21600 
7.99771 0.21700 
8.00596 0.21800 
8.01412 0.21900 
8.02219 0.22000 
8.03017 0.22100 
8.03805 0.22200 
8.04585 0.22300 
8.05356 0.22400 
8.06117 0.22500 
8.06871 0.22600 
8.07615 0.22700 
8.08352 0.22800 
8.09079 0.22900 
8.09799 0.23000 
8.10510 0.23100 
8.11214 0.23200 
8.11909 0.23300 
8.12596 0.23400 
8.13276 0.23500 
8.13947 0.23600 
8.14611 0.23700 
8.15268 0.23800 
8.15917 0.23900 
8.16559 0.24000 
8.17193 0.24100 
8.17820 0.24200 
8.18440 0.24300 
8.19053 0.24400 
8.19659 0.24500 
8.20258 0.24600 
8.20851 0.24700 
8.21436 0.24800 
8.22015 0.24900 
8.22587 0.25000 
8.23153 0.25100 
8.23712 0.25200 
8.24265 0.25300 
8.24812 0.25400 
8.25352 0.25500 
8.25887 0.25600 
8.26415 0.25700 
8.26937 0.25800 
8.27453 0.25900 
8.27964 0.26000 
8.28468 0.26100 
8.28967 0.26200 
8.29460 0.26300 
8.29948 0.26400 
8.30429 0.26500 
8.30906 0.26600 
8.31377 0.26700 
8.31843 0.26800 
8.32303 0.26900 
8.32758 0.27000 
8.33208 0.27100 
8.33653 0.27200 
8.34093 0.27300 
8.34527 0.27400 
8.34957 0.27500 
8.35382 0.27600 
8.35802 0.27700 
8.36218 0.27800 
8.36628 0.27900 
8.37034 0.28000 
8.37435 0.28100 
8.37832 0.28200 
8.38224 0.28300 
8.38612 0.28400 
8.38995 0.28500 
8.39374 0.28600 
8.39749 0.28700 
8.40119 0.28800 
8.40485 0.28900 
8.40847 0.29000 
8.41205 0.29100 
8.41559 0.29200 
8.41908 0.29300 
8.42254 0.29400 
8.42596 0.29500 
8.42934 0.29600 
8.43268 0.29700 
8.43598 0.29800 
8.43925 0.29900 
8.44248 0.30000 
8.44567 0.30100 
8.44883 0.30200 
8.45195 0.30300 
8.45503 0.30400 
8.45808 0.30500 
8.46109 0.30600 
8.46407 0.30700 
8.46702 0.30800 
8.46993 0.30900 
8.47281 0.31000 
8.47566 0.31100 
8.47847 0.31200 
8.48125 0.31300 
8.48401 0.31400 
8.48672 0.31500 
8.48941 0.31600 
8.49207 0.31700 
8.49470 0.31800 
8.49729 0.31900 
8.49986 0.32000 
8.50240 0.32100 
8.50491 0.32200 
8.50739 0.32300 
8.50984 0.32400 
8.51226 0.32500 
8.51466 0.32600 
8.51703 0.32700 
8.51937 0.32800 
8.52169 0.32900 
8.52398 0.33000 
8.52624 0.33100 
8.52848 0.33200 
8.53069 0.33300 
8.53288 0.33400 
8.53504 0.33500 
8.53717 0.33600 
8.53929 0.33700 
8.54137 0.33800 
8.54344 0.33900 
8.54548 0.34000 
8.54750 0.34100 
8.54949 0.34200 
8.55147 0.34300 
8.55342 0.34400 
8.55534 0.34500 
8.55725 0.34600 
8.55913 0.34700 
8.56099 0.34800 
8.56284 0.34900 
8.56466 0.35000 
8.56645 0.35100 
8.56823 0.35200 
8.56999 0.35300 
8.57173 0.35400 
8.57345 0.35500 
8.57515 0.35600 
8.57683 0.35700 
8.57849 0.35800 
8.58013 0.35900 
8.58175 0.36000 
8.58336 0.36100 
8.58494 0.36200 
8.58651 0.36300 
8.58806 0.36400 
8.58960 0.36500 
8.59111 0.36600 
8.59261 0.36700 
8.59409 0.36800 
8.59556 0.36900 
8.59701 0.37000 
8.59844 0.37100 
8.59985 0.37200 
8.60125 0.37300 
8.60263 0.37400 
8.60400 0.37500 
8.60535 0.37600 
8.60669 0.37700 
8.60801 0.37800 
8.60932 0.37900 
8.61061 0.38000 
8.61188 0.38100 
8.61314 0.38200 
8.61439 0.38300 
8.61563 0.38400 
8.61684 0.38500 
8.61805 0.38600 
8.61924 0.38700 
8.62042 0.38800 
8.62158 0.38900 
8.62274 0.39000 
8.62387 0.39100 
8.62500 0.39200 
8.62611 0.39300 
8.62721 0.39400 
8.62830 0.39500 
8.62937 0.39600 
8.63044 0.39700 
8.63149 0.39800 
8.63253 0.39900 
8.63355 0.40000 
8.63457 0.40100 
8.63557 0.40200 
8.63656 0.40300 
8.63754 0.40400 
8.63851 0.40500 
8.63947 0.40600 
8.64042 0.40700 
8.64136 0.40800 
8.64228 0.40900 
8.64320 0.41000 
8.64410 0.41100 
8.64500 0.41200 
8.64588 0.41300 
8.64676 0.41400 
8.64762 0.41500 
8.64848 0.41600 
8.64932 0.41700 
8.65016 0.41800 
8.65098 0.41900 
8.65180 0.42000 
8.65260 0.42100 
8.65340 0.42200 
8.65419 0.42300 
8.65497 0.42400 
8.65574 0.42500 
8.65650 0.42600 
8.65726 0.42700 
8.65800 0.42800 
8.65874 0.42900 
8.65947 0.43000 
8.66019 0.43100 
8.66090 0.43200 
8.66160 0.43300 
8.66230 0.43400 
8.66298 0.43500 
8.66366 0.43600 
8.66434 0.43700 
8.66500 0.43800 
8.66566 0.43900 
8.66631 0.44000 
8.66695 0.44100 
8.66758 0.44200 
8.66821 0.44300 
8.66883 0.44400 
8.66944 0.44500 
8.67005 0.44600 
8.67065 0.44700 
8.67124 0.44800 
8.67183 0.44900 
8.67240 0.45000 
8.67298 0.45100 
8.67354 0.45200 
8.67410 0.45300 
8.67465 0.45400 
8.67520 0.45500 
8.67574 0.45600 
8.67628 0.45700 
8.67680 0.45800 
8.67733 0.45900 
8.67784 0.46000 
8.67835 0.46100 
8.67886 0.46200 
8.67936 0.46300 
8.67985 0.46400 
8.68034 0.46500 
8.68082 0.46600 
8.68129 0.46700 
8.68177 0.46800 
8.68223 0.46900 
8.68269 0.47000 
8.68315 0.47100 
8.68360 0.47200 
8.68404 0.47300 
8.68448 0.47400 
8.68492 0.47500 
8.68534 0.47600 
8.68577 0.47700 
8.68619 0.47800 
8.68660 0.47900 
8.68701 0.48000 
8.68742 0.48100 
8.68782 0.48200 
8.68822 0.48300 
8.68861 0.48400 
8.68900 0.48500 
8.68938 0.48600 
8.68976 0.48700 
8.69013 0.48800 
8.69050 0.48900 
8.69087 0.49000 
8.69123 0.49100 
8.69159 0.49200 
8.69194 0.49300 
8.69229 0.49400 
8.69264 0.49500 
8.69298 0.49600 
8.69332 0.49700 
8.69365 0.49800 
8.69398 0.49900 
8.69431 0.50000 
8.69463 0.50100 
8.69495 0.50200 
8.69527 0.50300 
8.69558 0.50400 
8.69589 0.50500 
8.69619 0.50600 
8.69649 0.50700 
8.69679 0.50800 
8.69709 0.50900 
8.69738 0.51000 
8.69767 0.51100 
8.69795 0.51200 
8.69823 0.51300 
8.69851 0.51400 
8.69879 0.51500 
8.69906 0.51600 
8.69933 0.51700 
8.69959 0.51800 
8.69986 0.51900 
8.70012 0.52000 
8.70037 0.52100 
8.70063 0.52200 
8.70088 0.52300 
8.70113 0.52400 
8.70137 0.52500 
8.70162 0.52600 
8.70186 0.52700 
8.70209 0.52800 
8.70233 0.52900 
8.70256 0.53000 
8.70279 0.53100 
8.70302 0.53200 
8.70324 0.53300 
8.70346 0.53400 
8.70368 0.53500 
8.70390 0.53600 
8.70411 0.53700 
8.70432 0.53800 
8.70453 0.53900 
8.70474 0.54000 
8.70495 0.54100 
8.70515 0.54200 
8.70535 0.54300 
8.70555 0.54400 
8.70574 0.54500 
8.70593 0.54600 
8.70613 0.54700 
8.70631 0.54800 
8.70650 0.54900 
8.70669 0.55000 
8.70687 0.55100 
8.70705 0.55200 
8.70723 0.55300 
8.70740 0.55400 
8.70758 0.55500 
8.70775 0.55600 
8.70792 0.55700 
8.70809 0.55800 
8.70826 0.55900 
8.70842 0.56000 
8.70858 0.56100 
8.70875 0.56200 
8.70890 0.56300 
8.70906 0.56400 
8.70922 0.56500 
8.70937 0.56600 
8.70952 0.56700 
8.70967 0.56800 
8.70982 0.56900 
8.70997 0.57000 
8.71011 0.57100 
8.71026 0.57200 
8.71040 0.57300 
8.71054 0.57400 
8.71068 0.57500 
8.71082 0.57600 
8.71095 0.57700 
8.71109 0.57800 
8.71122 0.57900 
8.71135 0.58000 
8.71148 0.58100 
8.71161 0.58200 
8.71174 0.58300 
8.71186 0.58400 
8.71199 0.58500 
8.71211 0.58600 
8.71223 0.58700 
8.71235 0.58800 
8.71247 0.58900 
8.71258 0.59000 
8.71270 0.59100 
8.71281 0.59200 
8.71293 0.59300 
8.71304 0.59400 
8.71315 0.59500 
8.71326 0.59600 
8.71337 0.59700 
8.71347 0.59800 
8.71358 0.59900 
8.71368 0.60000 
8.71379 0.60100 
8.71389 0.60200 
8.71399 0.60300 
8.71409 0.60400 
8.71419 0.60500 
8.71429 0.60600 
8.71438 0.60700 
8.71448 0.60800 
8.71457 0.60900 
8.71467 0.61000 
8.71476 0.61100 
8.71485 0.61200 
8.71494 0.61300 
8.71503 0.61400 
8.71512 0.61500 
8.71520 0.61600 
8.71529 0.61700 
8.71537 0.61800 
8.71546 0.61900 
8.71554 0.62000 
8.71562 0.62100 
8.71570 0.62200 
8.71578 0.62300 
8.71586 0.62400 
8.71594 0.62500 
8.71602 0.62600 
8.71610 0.62700 
8.71617 0.62800 
8.71625 0.62900 
8.71632 0.63000 
8.71640 0.63100 
8.71647 0.63200 
8.71654 0.63300 
8.71661 0.63400 
8.71668 0.63500 
8.71675 0.63600 
8.71682 0.63700 
8.71689 0.63800 
8.71695 0.63900 
8.71702 0.64000 
8.71708 0.64100 
8.71715 0.64200 
8.71721 0.64300 
8.71728 0.64400 
8.71734 0.64500 
8.71740 0.64600 
8.71746 0.64700 
8.71752 0.64800 
8.71758 0.64900 
8.71764 0.65000 
8.71770 0.65100 
8.71776 0.65200 
8.71781 0.65300 
8.71787 0.65400 
8.71793 0.65500 
8.71798 0.65600 
8.71804 0.65700 
8.71809 0.65800 
8.71814 0.65900 
8.71820 0.66000 
8.71825 0.66100 
8.71830 0.66200 
8.71835 0.66300 
8.71840 0.66400 
8.71845 0.66500 
8.71850 0.66600 
8.71855 0.66700 
8.71860 0.66800 
8.71864 0.66900 
8.71869 0.67000 
8.71874 0.67100 
8.71878 0.67200 
8.71883 0.67300 
8.71887 0.67400 
8.71892 0.67500 
8.71896 0.67600 
8.71901 0.67700 
8.71905 0.67800 
8.71909 0.67900 
8.71913 0.68000 
8.71917 0.68100 
8.71922 0.68200 
8.71926 0.68300 
8.71930 0.68400 
8.71934 0.68500 
8.71937 0.68600 
8.71941 0.68700 
8.71945 0.68800 
8.71949 0.68900 
8.71953 0.69000 
8.71956 0.69100 
8.71960 0.69200 
8.71964 0.69300 
8.71967 0.69400 
8.71971 0.69500 
8.71974 0.69600 
8.71978 0.69700 
8.71981 0.69800 
8.71985 0.69900 
8.71988 0.70000 
8.71991 0.70100 
8.71994 0.70200 
8.71998 0.70300 
8.72001 0.70400 
8.72004 0.70500 
8.72007 0.70600 
8.72010 0.70700 
8.72013 0.70800 
8.72016 0.70900 
8.72019 0.71000 
8.72022 0.71100 
8.72025 0.71200 
8.72028 0.71300 
8.72031 0.71400 
8.72034 0.71500 
8.72036 0.71600 
8.72039 0.71700 
8.72042 0.71800 
8.72045 0.71900 
8.72047 0.72000 
8.72050 0.72100 
8.72052 0.72200 
8.72055 0.72300 
8.72058 0.72400 
8.72060 0.72500 
8.72063 0.72600 
8.72065 0.72700 
8.72067 0.72800 
8.72070 0.72900 
8.72072 0.73000 
8.72075 0.73100 
8.72077 0.73200 
8.72079 0.73300 
8.72081 0.73400 
8.72084 0.73500 
8.72086 0.73600 
8.72088 0.73700 
8.72090 0.73800 
8.72092 0.73900 
8.72095 0.74000 
8.72097 0.74100 
8.72099 0.74200 
8.72101 0.74300 
8.72103 0.74400 
8.72105 0.74500 
8.72107 0.74600 
8.72109 0.74700 
8.72111 0.74800 
8.72113 0.74900 
8.72114 0.75000 
8.72116 0.75100 
8.72118 0.75200 
8.72120 0.75300 
8.72122 0.75400 
8.72124 0.75500 
8.72125 0.75600 
8.72127 0.75700 
8.72129 0.75800 
8.72130 0.75900 
8.72132 0.76000 
8.72134 0.76100 
8.72135 0.76200 
8.72137 0.76300 
8.72139 0.76400 
8.72140 0.76500 
8.72142 0.76600 
8.72143 0.76700 
8.72145 0.76800 
8.72147 0.76900 
8.72148 0.77000 
8.72149 0.77100 
8.72151 0.77200 
8.72152 0.77300 
8.72154 0.77400 
8.72155 0.77500 
8.72157 0.77600 
8.72158 0.77700 
8.72159 0.77800 
8.72161 0.77900 
8.72162 0.78000 
8.72163 0.78100 
8.72165 0.78200 
8.72166 0.78300 
8.72167 0.78400 
8.72169 0.78500 
8.72170 0.78600 
8.72171 0.78700 
8.72172 0.78800 
8.72174 0.78900 
8.72175 0.79000 
8.72176 0.79100 
8.72177 0.79200 
8.72178 0.79300 
8.72179 0.79400 
8.72181 0.79500 
8.72182 0.79600 
8.72183 0.79700 
8.72184 0.79800 
8.72185 0.79900 
8.72186 0.80000 
8.72187 0.80100 
8.72188 0.80200 
8.72189 0.80300 
8.72190 0.80400 
8.72191 0.80500 
8.72192 0.80600 
8.72193 0.80700 
8.72194 0.80800 
8.72195 0.80900 
8.72196 0.81000 
8.72197 0.81100 
8.72198 0.81200 
8.72199 0.81300 
8.72200 0.81400 
8.72201 0.81500 
8.72202 0.81600 
8.72202 0.81700 
8.72203 0.81800 
8.72204 0.81900 
8.72205 0.82000 
8.72206 0.82100 
8.72207 0.82200 
8.72207 0.82300 
8.72208 0.82400 
8.72209 0.82500 
8.72210 0.82600 
8.72211 0.82700 
8.72211 0.82800 
8.72212 0.82900 
8.72213 0.83000 
8.72214 0.83100 
8.72214 0.83200 
8.72215 0.83300 
8.72216 0.83400 
8.72217 0.83500 
8.72217 0.83600 
8.72218 0.83700 
8.72219 0.83800 
8.72219 0.83900 
8.72220 0.84000 
8.72221 0.84100 
8.72221 0.84200 
8.72222 0.84300 
8.72223 0.84400 
8.72223 0.84500 
8.72224 0.84600 
8.72225 0.84700 
8.72225 0.84800 
8.72226 0.84900 
8.72226 0.85000 
8.72227 0.85100 
8.72228 0.85200 
8.72228 0.85300 
8.72229 0.85400 
8.72229 0.85500 
8.72230 0.85600 
8.72230 0.85700 
8.72231 0.85800 
8.72232 0.85900 
8.72232 0.86000 
8.72233 0.86100 
8.72233 0.86200 
8.72234 0.86300 
8.72234 0.86400 
8.72235 0.86500 
8.72235 0.86600 
8.72236 0.86700 
8.72236 0.86800 
8.72237 0.86900 
8.72237 0.87000 
8.72238 0.87100 
8.72238 0.87200 
8.72239 0.87300 
8.72239 0.87400 
8.72240 0.87500 
8.72240 0.87600 
8.72240 0.87700 
8.72241 0.87800 
8.72241 0.87900 
8.72242 0.88000 
8.72242 0.88100 
8.72243 0.88200 
8.72243 0.88300 
8.72243 0.88400 
8.72244 0.88500 
8.72244 0.88600 
8.72245 0.88700 
8.72245 0.88800 
8.72245 0.88900 
8.72246 0.89000 
8.72246 0.89100 
8.72246 0.89200 
8.72247 0.89300 
8.72247 0.89400 
8.72248 0.89500 
8.72248 0.89600 
8.72248 0.89700 
8.72249 0.89800 
8.72249 0.89900 
8.72249 0.90000 
8.72250 0.90100 
8.72250 0.90200 
8.72250 0.90300 
8.72251 0.90400 
8.72251 0.90500 
8.72251 0.90600 
8.72252 0.90700 
8.72252 0.90800 
8.72252 0.90900 
8.72253 0.91000 
8.72253 0.91100 
8.72253 0.91200 
8.72253 0.91300 
8.72254 0.91400 
8.72254 0.91500 
8.72254 0.91600 
8.72255 0.91700 
8.72255 0.91800 
8.72255 0.91900 
8.72255 0.92000 
8.72256 0.92100 
8.72256 0.92200 
8.72256 0.92300 
8.72256 0.92400 
8.72257 0.92500 
8.72257 0.92600 
8.72257 0.92700 
8.72257 0.92800 
8.72258 0.92900 
8.72258 0.93000 
8.72258 0.93100 
8.72258 0.93200 
8.72259 0.93300 
8.72259 0.93400 
8.72259 0.93500 
8.72259 0.93600 
8.72260 0.93700 
8.72260 0.93800 
8.72260 0.93900 
8.72260 0.94000 
8.72260 0.94100 
8.72261 0.94200 
8.72261 0.94300 
8.72261 0.94400 
8.72261 0.94500 
8.72261 0.94600 
8.72262 0.94700 
8.72262 0.94800 
8.72262 0.94900 
8.72262 0.95000 
8.72262 0.95100 
8.72263 0.95200 
8.72263 0.95300 
8.72263 0.95400 
8.72263 0.95500 
8.72263 0.95600 
8.72264 0.95700 
8.72264 0.95800 
8.72264 0.95900 
8.72264 0.96000 
8.72264 0.96100 
8.72264 0.96200 
8.72265 0.96300 
8.72265 0.96400 
8.72265 0.96500 
8.72265 0.96600 
8.72265 0.96700 
8.72265 0.96800 
8.72266 0.96900 
8.72266 0.97000 
8.72266 0.97100 
8.72266 0.97200 
8.72266 0.97300 
8.72266 0.97400 
8.72266 0.97500 
8.72267 0.97600 
8.72267 0.97700 
8.72267 0.97800 
8.72267 0.97900 
8.72267 0.98000 
8.72267 0.98100 
8.72267 0.98200 
8.72268 0.98300 
8.72268 0.98400 
8.72268 0.98500 
8.72268 0.98600 
8.72268 0.98700 
8.72268 0.98800 
8.72268 0.98900 
8.72268 0.99000 
8.72269 0.99100 
8.72269 0.99200 
8.72269 0.99300 
8.72269 0.99400 
8.72269 0.99500 
8.72269 0.99600 
8.72269 0.99700 
8.72269 0.99800 
8.72269 0.99900 
