0.00000 0.00000 
0.00002 0.00100 
0.00012 0.00200 
0.00031 0.00300 
0.00060 0.00400 
0.00099 0.00500 
0.00148 0.00600 
0.00205 0.00700 
0.00273 0.00800 
0.00349 0.00900 
0.00435 0.01000 
0.00529 0.01100 
0.00633 0.01200 
0.00745 0.01300 
0.00866 0.01400 
0.00996 0.01500 
0.01134 0.01600 
0.01280 0.01700 
0.01435 0.01800 
0.01599 0.01900 
0.01770 0.02000 
0.01949 0.02100 
0.02137 0.02200 
0.02332 0.02300 
0.02535 0.02400 
0.02745 0.02500 
0.02963 0.02600 
0.03189 0.02700 
0.03422 0.02800 
0.03663 0.02900 
0.03911 0.03000 
0.04165 0.03100 
0.04427 0.03200 
0.04696 0.03300 
0.04972 0.03400 
0.05255 0.03500 
0.05544 0.03600 
0.05841 0.03700 
0.06143 0.03800 
0.06453 0.03900 
0.06769 0.04000 
0.07091 0.04100 
0.07419 0.04200 
0.07754 0.04300 
0.08095 0.04400 
0.08442 0.04500 
0.08795 0.04600 
0.09154 0.04700 
0.09519 0.04800 
0.09889 0.04900 
0.10266 0.05000 
0.10648 0.05100 
0.11036 0.05200 
0.11429 0.05300 
0.11828 0.05400 
0.12232 0.05500 
0.12642 0.05600 
0.13057 0.05700 
0.13477 0.05800 
0.13902 0.05900 
0.14333 0.06000 
0.14768 0.06100 
0.15209 0.06200 
0.15655 0.06300 
0.16105 0.06400 
0.16560 0.06500 
0.17020 0.06600 
0.17485 0.06700 
0.17955 0.06800 
0.18429 0.06900 
0.18907 0.07000 
0.19391 0.07100 
0.19878 0.07200 
0.20370 0.07300 
0.20867 0.07400 
0.21367 0.07500 
0.21872 0.07600 
0.22382 0.07700 
0.22895 0.07800 
0.23412 0.07900 
0.23934 0.08000 
0.24460 0.08100 
0.24989 0.08200 
0.25523 0.08300 
0.26060 0.08400 
0.26601 0.08500 
0.27146 0.08600 
0.27695 0.08700 
0.28248 0.08800 
0.28804 0.08900 
0.29364 0.09000 
0.29927 0.09100 
0.30494 0.09200 
0.31064 0.09300 
0.31638 0.09400 
0.32216 0.09500 
0.32796 0.09600 
0.33380 0.09700 
0.33968 0.09800 
0.34558 0.09900 
0.35152 0.10000 
0.35749 0.10100 
0.36349 0.10200 
0.36953 0.10300 
0.37559 0.10400 
0.38169 0.10500 
0.38781 0.10600 
0.39397 0.10700 
0.40015 0.10800 
0.40636 0.10900 
0.41260 0.11000 
0.41887 0.11100 
0.42517 0.11200 
0.43150 0.11300 
0.43785 0.11400 
0.44424 0.11500 
0.45064 0.11600 
0.45708 0.11700 
0.46354 0.11800 
0.47003 0.11900 
0.47654 0.12000 
0.48308 0.12100 
0.48964 0.12200 
0.49623 0.12300 
0.50284 0.12400 
0.50947 0.12500 
0.51613 0.12600 
0.52282 0.12700 
0.52953 0.12800 
0.53626 0.12900 
0.54301 0.13000 
0.54979 0.13100 
0.55658 0.13200 
0.56340 0.13300 
0.57025 0.13400 
0.57711 0.13500 
0.58399 0.13600 
0.59090 0.13700 
0.59783 0.13800 
0.60478 0.13900 
0.61174 0.14000 
0.61873 0.14100 
0.62574 0.14200 
0.63277 0.14300 
0.63981 0.14400 
0.64688 0.14500 
0.65397 0.14600 
0.66107 0.14700 
0.66819 0.14800 
0.67533 0.14900 
0.68249 0.15000 
0.68967 0.15100 
0.69686 0.15200 
0.70408 0.15300 
0.71131 0.15400 
0.71855 0.15500 
0.72582 0.15600 
0.73310 0.15700 
0.74039 0.15800 
0.74771 0.15900 
0.75504 0.16000 
0.76238 0.16100 
0.76974 0.16200 
0.77712 0.16300 
0.78451 0.16400 
0.79192 0.16500 
0.79934 0.16600 
0.80678 0.16700 
0.81423 0.16800 
0.82170 0.16900 
0.82918 0.17000 
0.83668 0.17100 
0.84419 0.17200 
0.85171 0.17300 
0.85925 0.17400 
0.86680 0.17500 
0.87437 0.17600 
0.88194 0.17700 
0.88953 0.17800 
0.89714 0.17900 
0.90475 0.18000 
0.91238 0.18100 
0.92003 0.18200 
0.92768 0.18300 
0.93535 0.18400 
0.94303 0.18500 
0.95072 0.18600 
0.95842 0.18700 
0.96613 0.18800 
0.97386 0.18900 
0.98160 0.19000 
0.98934 0.19100 
0.99710 0.19200 
1.00488 0.19300 
1.01266 0.19400 
1.02045 0.19500 
1.02825 0.19600 
1.03607 0.19700 
1.04389 0.19800 
1.05173 0.19900 
1.05957 0.20000 
1.06743 0.20100 
1.07529 0.20200 
1.08317 0.20300 
1.09105 0.20400 
1.09895 0.20500 
1.10685 0.20600 
1.11476 0.20700 
1.12269 0.20800 
1.13062 0.20900 
1.13856 0.21000 
1.14651 0.21100 
1.15447 0.21200 
1.16244 0.21300 
1.17041 0.21400 
1.17840 0.21500 
1.18639 0.21600 
1.19439 0.21700 
1.20240 0.21800 
1.21042 0.21900 
1.21844 0.22000 
1.22648 0.22100 
1.23452 0.22200 
1.24257 0.22300 
1.25063 0.22400 
1.25869 0.22500 
1.26676 0.22600 
1.27484 0.22700 
1.28293 0.22800 
1.29103 0.22900 
1.29913 0.23000 
1.30724 0.23100 
1.31535 0.23200 
1.32347 0.23300 
1.33160 0.23400 
1.33974 0.23500 
1.34788 0.23600 
1.35603 0.23700 
1.36419 0.23800 
1.37235 0.23900 
1.38052 0.24000 
1.38870 0.24100 
1.39688 0.24200 
1.40507 0.24300 
1.41326 0.24400 
1.42146 0.24500 
1.42967 0.24600 
1.43788 0.24700 
1.44610 0.24800 
1.45432 0.24900 
1.46255 0.25000 
1.47079 0.25100 
1.47903 0.25200 
1.48728 0.25300 
1.49553 0.25400 
1.50378 0.25500 
1.51205 0.25600 
1.52031 0.25700 
1.52859 0.25800 
1.53687 0.25900 
1.54515 0.26000 
1.55344 0.26100 
1.56173 0.26200 
1.57003 0.26300 
1.57833 0.26400 
1.58664 0.26500 
1.59495 0.26600 
1.60327 0.26700 
1.61159 0.26800 
1.61992 0.26900 
1.62825 0.27000 
1.63659 0.27100 
1.64493 0.27200 
1.65327 0.27300 
1.66162 0.27400 
1.66997 0.27500 
1.67833 0.27600 
1.68669 0.27700 
1.69506 0.27800 
1.70343 0.27900 
1.71180 0.28000 
1.72018 0.28100 
1.72856 0.28200 
1.73694 0.28300 
1.74533 0.28400 
1.75373 0.28500 
1.76212 0.28600 
1.77053 0.28700 
1.77893 0.28800 
1.78734 0.28900 
1.79575 0.29000 
1.80416 0.29100 
1.81258 0.29200 
1.82101 0.29300 
1.82943 0.29400 
1.83786 0.29500 
1.84629 0.29600 
1.85473 0.29700 
1.86317 0.29800 
1.87161 0.29900 
1.88006 0.30000 
1.88850 0.30100 
1.89696 0.30200 
1.90541 0.30300 
1.91387 0.30400 
1.92233 0.30500 
1.93079 0.30600 
1.93926 0.30700 
1.94773 0.30800 
1.95620 0.30900 
1.96468 0.31000 
1.97316 0.31100 
1.98164 0.31200 
1.99012 0.31300 
1.99861 0.31400 
2.00710 0.31500 
2.01559 0.31600 
2.02409 0.31700 
2.03259 0.31800 
2.04109 0.31900 
2.04959 0.32000 
2.05809 0.32100 
2.06660 0.32200 
2.07511 0.32300 
2.08362 0.32400 
2.09214 0.32500 
2.10066 0.32600 
2.10918 0.32700 
2.11770 0.32800 
2.12622 0.32900 
2.13475 0.33000 
2.14328 0.33100 
2.15181 0.33200 
2.16034 0.33300 
2.16888 0.33400 
2.17742 0.33500 
2.18596 0.33600 
2.19450 0.33700 
2.20304 0.33800 
2.21159 0.33900 
2.22014 0.34000 
2.22869 0.34100 
2.23724 0.34200 
2.24579 0.34300 
2.25435 0.34400 
2.26291 0.34500 
2.27147 0.34600 
2.28003 0.34700 
2.28859 0.34800 
2.29716 0.34900 
2.30572 0.35000 
2.31429 0.35100 
2.32286 0.35200 
2.33143 0.35300 
2.34001 0.35400 
2.34858 0.35500 
2.35716 0.35600 
2.36574 0.35700 
2.37432 0.35800 
2.38290 0.35900 
2.39149 0.36000 
2.40007 0.36100 
2.40866 0.36200 
2.41725 0.36300 
2.42584 0.36400 
2.43443 0.36500 
2.44303 0.36600 
2.45162 0.36700 
2.46022 0.36800 
2.46881 0.36900 
2.47741 0.37000 
2.48601 0.37100 
2.49462 0.37200 
2.50322 0.37300 
2.51182 0.37400 
2.52043 0.37500 
2.52904 0.37600 
2.53765 0.37700 
2.54626 0.37800 
2.55487 0.37900 
2.56348 0.38000 
2.57209 0.38100 
2.58071 0.38200 
2.58932 0.38300 
2.59794 0.38400 
2.60656 0.38500 
2.61518 0.38600 
2.62380 0.38700 
2.63242 0.38800 
2.64105 0.38900 
2.64967 0.39000 
2.65830 0.39100 
2.66692 0.39200 
2.67555 0.39300 
2.68418 0.39400 
2.69281 0.39500 
2.70144 0.39600 
2.71008 0.39700 
2.71871 0.39800 
2.72734 0.39900 
2.73598 0.40000 
2.74461 0.40100 
2.75325 0.40200 
2.76189 0.40300 
2.77053 0.40400 
2.77917 0.40500 
2.78781 0.40600 
2.79645 0.40700 
2.80510 0.40800 
2.81374 0.40900 
2.82238 0.41000 
2.83103 0.41100 
2.83968 0.41200 
2.84832 0.41300 
2.85697 0.41400 
2.86562 0.41500 
2.87427 0.41600 
2.88292 0.41700 
2.89157 0.41800 
2.90023 0.41900 
2.90888 0.42000 
2.91753 0.42100 
2.92619 0.42200 
2.93484 0.42300 
2.94350 0.42400 
2.95216 0.42500 
2.96082 0.42600 
2.96947 0.42700 
2.97813 0.42800 
2.98679 0.42900 
2.99546 0.43000 
3.00412 0.43100 
3.01278 0.43200 
3.02144 0.43300 
3.03011 0.43400 
3.03877 0.43500 
3.04744 0.43600 
3.05610 0.43700 
3.06477 0.43800 
3.07343 0.43900 
3.08210 0.44000 
3.09077 0.44100 
3.09944 0.44200 
3.10811 0.44300 
3.11678 0.44400 
3.12545 0.44500 
3.13412 0.44600 
3.14279 0.44700 
3.15146 0.44800 
3.16014 0.44900 
3.16881 0.45000 
3.17749 0.45100 
3.18616 0.45200 
3.19484 0.45300 
3.20351 0.45400 
3.21219 0.45500 
3.22087 0.45600 
3.22954 0.45700 
3.23822 0.45800 
3.24690 0.45900 
3.25558 0.46000 
3.26426 0.46100 
3.27294 0.46200 
3.28162 0.46300 
3.29030 0.46400 
3.29898 0.46500 
3.30766 0.46600 
3.31634 0.46700 
3.32503 0.46800 
3.33371 0.46900 
3.34239 0.47000 
3.35108 0.47100 
3.35976 0.47200 
3.36845 0.47300 
3.37713 0.47400 
3.38582 0.47500 
3.39451 0.47600 
3.40319 0.47700 
3.41188 0.47800 
3.42057 0.47900 
3.42926 0.48000 
3.43794 0.48100 
3.44663 0.48200 
3.45532 0.48300 
3.46401 0.48400 
3.47270 0.48500 
3.48139 0.48600 
3.49008 0.48700 
3.49877 0.48800 
3.50747 0.48900 
3.51616 0.49000 
3.52485 0.49100 
3.53354 0.49200 
3.54223 0.49300 
3.55093 0.49400 
3.55962 0.49500 
3.56832 0.49600 
3.57701 0.49700 
3.58570 0.49800 
3.59440 0.49900 
3.60309 0.50000 
3.61179 0.50100 
3.62049 0.50200 
3.62918 0.50300 
3.63788 0.50400 
3.64657 0.50500 
3.65527 0.50600 
3.66397 0.50700 
3.67267 0.50800 
3.68136 0.50900 
3.69006 0.51000 
3.69876 0.51100 
3.70746 0.51200 
3.71616 0.51300 
3.72486 0.51400 
3.73356 0.51500 
3.74226 0.51600 
3.75096 0.51700 
3.75966 0.51800 
3.76836 0.51900 
3.77706 0.52000 
3.78576 0.52100 
3.79446 0.52200 
3.80316 0.52300 
3.81186 0.52400 
3.82057 0.52500 
3.82927 0.52600 
3.83797 0.52700 
3.84667 0.52800 
3.85538 0.52900 
3.86408 0.53000 
3.87278 0.53100 
3.88149 0.53200 
3.89019 0.53300 
3.89889 0.53400 
3.90760 0.53500 
3.91630 0.53600 
3.92501 0.53700 
3.93371 0.53800 
3.94242 0.53900 
3.95112 0.54000 
3.95983 0.54100 
3.96854 0.54200 
3.97724 0.54300 
3.98595 0.54400 
3.99465 0.54500 
4.00336 0.54600 
4.01207 0.54700 
4.02077 0.54800 
4.02948 0.54900 
4.03819 0.55000 
4.04690 0.55100 
4.05560 0.55200 
4.06431 0.55300 
4.07302 0.55400 
4.08173 0.55500 
4.09043 0.55600 
4.09914 0.55700 
4.10785 0.55800 
4.11656 0.55900 
4.12527 0.56000 
4.13398 0.56100 
4.14269 0.56200 
4.15140 0.56300 
4.16011 0.56400 
4.16882 0.56500 
4.17753 0.56600 
4.18624 0.56700 
4.19495 0.56800 
4.20366 0.56900 
4.21237 0.57000 
4.22108 0.57100 
4.22979 0.57200 
4.23850 0.57300 
4.24721 0.57400 
4.25592 0.57500 
4.26463 0.57600 
4.27334 0.57700 
4.28205 0.57800 
4.29077 0.57900 
4.29948 0.58000 
4.30819 0.58100 
4.31690 0.58200 
4.32561 0.58300 
4.33433 0.58400 
4.34304 0.58500 
4.35175 0.58600 
4.36046 0.58700 
4.36918 0.58800 
4.37789 0.58900 
4.38660 0.59000 
4.39532 0.59100 
4.40403 0.59200 
4.41274 0.59300 
4.42146 0.59400 
4.43017 0.59500 
4.43888 0.59600 
4.44760 0.59700 
4.45631 0.59800 
4.46502 0.59900 
4.47374 0.60000 
4.48245 0.60100 
4.49117 0.60200 
4.49988 0.60300 
4.50860 0.60400 
4.51731 0.60500 
4.52602 0.60600 
4.53474 0.60700 
4.54345 0.60800 
4.55217 0.60900 
4.56088 0.61000 
4.56960 0.61100 
4.57831 0.61200 
4.58703 0.61300 
4.59574 0.61400 
4.60446 0.61500 
4.61318 0.61600 
4.62189 0.61700 
4.63061 0.61800 
4.63932 0.61900 
4.64804 0.62000 
4.65675 0.62100 
4.66547 0.62200 
4.67419 0.62300 
4.68290 0.62400 
4.69162 0.62500 
4.70033 0.62600 
4.70905 0.62700 
4.71777 0.62800 
4.72648 0.62900 
4.73520 0.63000 
4.74392 0.63100 
4.75263 0.63200 
4.76135 0.63300 
4.77007 0.63400 
4.77878 0.63500 
4.78750 0.63600 
4.79622 0.63700 
4.80494 0.63800 
4.81365 0.63900 
4.82237 0.64000 
4.83109 0.64100 
4.83980 0.64200 
4.84852 0.64300 
4.85724 0.64400 
4.86596 0.64500 
4.87467 0.64600 
4.88339 0.64700 
4.89211 0.64800 
4.90083 0.64900 
4.90955 0.65000 
4.91826 0.65100 
4.92698 0.65200 
4.93570 0.65300 
4.94442 0.65400 
4.95314 0.65500 
4.96185 0.65600 
4.97057 0.65700 
4.97929 0.65800 
4.98801 0.65900 
4.99673 0.66000 
5.00545 0.66100 
5.01416 0.66200 
5.02288 0.66300 
5.03160 0.66400 
5.04032 0.66500 
5.04904 0.66600 
5.05776 0.66700 
5.06648 0.66800 
5.07519 0.66900 
5.08391 0.67000 
5.09263 0.67100 
5.10135 0.67200 
5.11007 0.67300 
5.11879 0.67400 
5.12751 0.67500 
5.13623 0.67600 
5.14495 0.67700 
5.15367 0.67800 
5.16239 0.67900 
5.17110 0.68000 
5.17982 0.68100 
5.18854 0.68200 
5.19726 0.68300 
5.20598 0.68400 
5.21470 0.68500 
5.22342 0.68600 
5.23214 0.68700 
5.24086 0.68800 
5.24958 0.68900 
5.25830 0.69000 
5.26702 0.69100 
5.27574 0.69200 
5.28446 0.69300 
5.29318 0.69400 
5.30190 0.69500 
5.31062 0.69600 
5.31934 0.69700 
5.32806 0.69800 
5.33678 0.69900 
5.34550 0.70000 
5.35422 0.70100 
5.36294 0.70200 
5.37166 0.70300 
5.38038 0.70400 
5.38910 0.70500 
5.39782 0.70600 
5.40654 0.70700 
5.41526 0.70800 
5.42398 0.70900 
5.43270 0.71000 
5.44142 0.71100 
5.45014 0.71200 
5.45886 0.71300 
5.46758 0.71400 
5.47630 0.71500 
5.48502 0.71600 
5.49374 0.71700 
5.50246 0.71800 
5.51118 0.71900 
5.51990 0.72000 
5.52862 0.72100 
5.53735 0.72200 
5.54607 0.72300 
5.55479 0.72400 
5.56351 0.72500 
5.57223 0.72600 
5.58095 0.72700 
5.58967 0.72800 
5.59839 0.72900 
5.60711 0.73000 
5.61583 0.73100 
5.62455 0.73200 
5.63327 0.73300 
5.64199 0.73400 
5.65072 0.73500 
5.65944 0.73600 
5.66816 0.73700 
5.67688 0.73800 
5.68560 0.73900 
5.69432 0.74000 
5.70304 0.74100 
5.71176 0.74200 
5.72048 0.74300 
5.72921 0.74400 
5.73793 0.74500 
5.74665 0.74600 
5.75537 0.74700 
5.76409 0.74800 
5.77281 0.74900 
5.78153 0.75000 
5.79025 0.75100 
5.79897 0.75200 
5.80770 0.75300 
5.81642 0.75400 
5.82514 0.75500 
5.83386 0.75600 
5.84258 0.75700 
5.85130 0.75800 
5.86002 0.75900 
5.86875 0.76000 
5.87747 0.76100 
5.88619 0.76200 
5.89491 0.76300 
5.90363 0.76400 
5.91235 0.76500 
5.92107 0.76600 
5.92980 0.76700 
5.93852 0.76800 
5.94724 0.76900 
5.95596 0.77000 
5.96468 0.77100 
5.97340 0.77200 
5.98212 0.77300 
5.99085 0.77400 
5.99957 0.77500 
6.00829 0.77600 
6.01701 0.77700 
6.02573 0.77800 
6.03445 0.77900 
6.04318 0.78000 
6.05190 0.78100 
6.06062 0.78200 
6.06934 0.78300 
6.07806 0.78400 
6.08678 0.78500 
6.09551 0.78600 
6.10423 0.78700 
6.11295 0.78800 
6.12167 0.78900 
6.13039 0.79000 
6.13912 0.79100 
6.14784 0.79200 
6.15656 0.79300 
6.16528 0.79400 
6.17400 0.79500 
6.18272 0.79600 
6.19145 0.79700 
6.20017 0.79800 
6.20889 0.79900 
6.21761 0.80000 
6.22633 0.80100 
6.23506 0.80200 
6.24378 0.80300 
6.25250 0.80400 
6.26122 0.80500 
6.26994 0.80600 
6.27867 0.80700 
6.28739 0.80800 
6.29611 0.80900 
6.30483 0.81000 
6.31355 0.81100 
6.32228 0.81200 
6.33100 0.81300 
6.33972 0.81400 
6.34844 0.81500 
6.35716 0.81600 
6.36589 0.81700 
6.37461 0.81800 
6.38333 0.81900 
6.39205 0.82000 
6.40077 0.82100 
6.40950 0.82200 
6.41822 0.82300 
6.42694 0.82400 
6.43566 0.82500 
6.44439 0.82600 
6.45311 0.82700 
6.46183 0.82800 
6.47055 0.82900 
6.47927 0.83000 
6.48800 0.83100 
6.49672 0.83200 
6.50544 0.83300 
6.51416 0.83400 
6.52288 0.83500 
6.53161 0.83600 
6.54033 0.83700 
6.54905 0.83800 
6.55777 0.83900 
6.56650 0.84000 
6.57522 0.84100 
6.58394 0.84200 
6.59266 0.84300 
6.60138 0.84400 
6.61011 0.84500 
6.61883 0.84600 
6.62755 0.84700 
6.63627 0.84800 
6.64500 0.84900 
6.65372 0.85000 
6.66244 0.85100 
6.67116 0.85200 
6.67989 0.85300 
6.68861 0.85400 
6.69733 0.85500 
6.70605 0.85600 
6.71477 0.85700 
6.72350 0.85800 
6.73222 0.85900 
6.74094 0.86000 
6.74966 0.86100 
6.75839 0.86200 
6.76711 0.86300 
6.77583 0.86400 
6.78455 0.86500 
6.79328 0.86600 
6.80200 0.86700 
6.81072 0.86800 
6.81944 0.86900 
6.82817 0.87000 
6.83689 0.87100 
6.84561 0.87200 
6.85433 0.87300 
6.86306 0.87400 
6.87178 0.87500 
6.88050 0.87600 
6.88922 0.87700 
6.89794 0.87800 
6.90667 0.87900 
6.91539 0.88000 
6.92411 0.88100 
6.93283 0.88200 
6.94156 0.88300 
6.95028 0.88400 
6.95900 0.88500 
6.96772 0.88600 
6.97645 0.88700 
6.98517 0.88800 
6.99389 0.88900 
7.00261 0.89000 
7.01134 0.89100 
7.02006 0.89200 
7.02878 0.89300 
7.03750 0.89400 
7.04623 0.89500 
7.05495 0.89600 
7.06367 0.89700 
7.07239 0.89800 
7.08112 0.89900 
7.08984 0.90000 
7.09856 0.90100 
7.10728 0.90200 
7.11601 0.90300 
7.12473 0.90400 
7.13345 0.90500 
7.14217 0.90600 
7.15090 0.90700 
7.15962 0.90800 
7.16834 0.90900 
7.17706 0.91000 
7.18579 0.91100 
7.19451 0.91200 
7.20323 0.91300 
7.21195 0.91400 
7.22068 0.91500 
7.22940 0.91600 
7.23812 0.91700 
7.24684 0.91800 
7.25557 0.91900 
7.26429 0.92000 
7.27301 0.92100 
7.28174 0.92200 
7.29046 0.92300 
7.29918 0.92400 
7.30790 0.92500 
7.31663 0.92600 
7.32535 0.92700 
7.33407 0.92800 
7.34279 0.92900 
7.35152 0.93000 
7.36024 0.93100 
7.36896 0.93200 
7.37768 0.93300 
7.38641 0.93400 
7.39513 0.93500 
7.40385 0.93600 
7.41257 0.93700 
7.42130 0.93800 
7.43002 0.93900 
7.43874 0.94000 
7.44746 0.94100 
7.45619 0.94200 
7.46491 0.94300 
7.47363 0.94400 
7.48235 0.94500 
7.49108 0.94600 
7.49980 0.94700 
7.50852 0.94800 
7.51725 0.94900 
7.52597 0.95000 
7.53469 0.95100 
7.54341 0.95200 
7.55214 0.95300 
7.56086 0.95400 
7.56958 0.95500 
7.57830 0.95600 
7.58703 0.95700 
7.59575 0.95800 
7.60447 0.95900 
7.61319 0.96000 
7.62192 0.96100 
7.63064 0.96200 
7.63936 0.96300 
7.64809 0.96400 
7.65681 0.96500 
7.66553 0.96600 
7.67425 0.96700 
7.68298 0.96800 
7.69170 0.96900 
7.70042 0.97000 
7.70914 0.97100 
7.71787 0.97200 
7.72659 0.97300 
7.73531 0.97400 
7.74403 0.97500 
7.75276 0.97600 
7.76148 0.97700 
7.77020 0.97800 
7.77893 0.97900 
7.78765 0.98000 
7.79637 0.98100 
7.80509 0.98200 
7.81382 0.98300 
7.82254 0.98400 
7.83126 0.98500 
7.83998 0.98600 
7.84871 0.98700 
7.85743 0.98800 
7.86615 0.98900 
7.87487 0.99000 
7.88360 0.99100 
7.89232 0.99200 
7.90104 0.99300 
7.90977 0.99400 
7.91849 0.99500 
7.92721 0.99600 
7.93593 0.99700 
7.94466 0.99800 
7.95338 0.99900 
7.96210 1.00000 
7.97082 1.00100 
7.97955 1.00200 
7.98827 1.00300 
7.99699 1.00400 
8.00572 1.00500 
8.01444 1.00600 
8.02316 1.00700 
8.03188 1.00800 
8.04061 1.00900 
8.04933 1.01000 
8.05805 1.01100 
8.06677 1.01200 
8.07550 1.01300 
8.08422 1.01400 
8.09294 1.01500 
8.10167 1.01600 
8.11039 1.01700 
8.11911 1.01800 
8.12783 1.01900 
8.13656 1.02000 
8.14528 1.02100 
8.15400 1.02200 
8.16272 1.02300 
8.17145 1.02400 
8.18017 1.02500 
8.18889 1.02600 
8.19761 1.02700 
8.20634 1.02800 
8.21506 1.02900 
8.22378 1.03000 
8.23251 1.03100 
8.24123 1.03200 
8.24995 1.03300 
8.25867 1.03400 
8.26740 1.03500 
8.27612 1.03600 
8.28484 1.03700 
8.29357 1.03800 
8.30229 1.03900 
8.31101 1.04000 
8.31973 1.04100 
8.32846 1.04200 
8.33718 1.04300 
8.34590 1.04400 
8.35462 1.04500 
8.36335 1.04600 
8.37207 1.04700 
8.38079 1.04800 
8.38952 1.04900 
8.39824 1.05000 
8.40696 1.05100 
8.41568 1.05200 
8.42441 1.05300 
8.43313 1.05400 
8.44185 1.05500 
8.45057 1.05600 
8.45930 1.05700 
8.46802 1.05800 
8.47674 1.05900 
8.48547 1.06000 
8.49419 1.06100 
8.50291 1.06200 
8.51163 1.06300 
8.52036 1.06400 
8.52908 1.06500 
8.53780 1.06600 
8.54652 1.06700 
8.55525 1.06800 
8.56397 1.06900 
8.57269 1.07000 
8.58142 1.07100 
8.59014 1.07200 
8.59886 1.07300 
8.60758 1.07400 
8.61631 1.07500 
8.62503 1.07600 
8.63375 1.07700 
8.64247 1.07800 
8.65120 1.07900 
8.65992 1.08000 
8.66864 1.08100 
8.67737 1.08200 
8.68609 1.08300 
8.69481 1.08400 
8.70353 1.08500 
8.71226 1.08600 
8.72098 1.08700 
8.72970 1.08800 
8.73843 1.08900 
8.74715 1.09000 
8.75587 1.09100 
8.76459 1.09200 
8.77332 1.09300 
8.78204 1.09400 
8.79076 1.09500 
8.79948 1.09600 
8.80821 1.09700 
8.81693 1.09800 
8.82565 1.09900 
8.83438 1.10000 
8.84310 1.10100 
8.85182 1.10200 
8.86054 1.10300 
8.86927 1.10400 
8.87799 1.10500 
8.88671 1.10600 
8.89543 1.10700 
8.90416 1.10800 
8.91288 1.10900 
8.92160 1.11000 
8.93033 1.11100 
8.93905 1.11200 
8.94777 1.11300 
8.95649 1.11400 
8.96522 1.11500 
8.97394 1.11600 
8.98266 1.11700 
8.99139 1.11800 
9.00011 1.11900 
9.00883 1.12000 
9.01755 1.12100 
9.02628 1.12200 
9.03500 1.12300 
9.04372 1.12400 
9.05244 1.12500 
9.06117 1.12600 
9.06989 1.12700 
9.07861 1.12800 
9.08734 1.12900 
9.09606 1.13000 
9.10478 1.13100 
9.11350 1.13200 
9.12223 1.13300 
9.13095 1.13400 
9.13967 1.13500 
9.14840 1.13600 
9.15712 1.13700 
9.16584 1.13800 
9.17456 1.13900 
9.18329 1.14000 
9.19201 1.14100 
9.20073 1.14200 
9.20945 1.14300 
9.21818 1.14400 
9.22690 1.14500 
9.23562 1.14600 
9.24435 1.14700 
9.25307 1.14800 
9.26179 1.14900 
9.27051 1.15000 
9.27924 1.15100 
9.28796 1.15200 
9.29668 1.15300 
9.30541 1.15400 
9.31413 1.15500 
9.32285 1.15600 
9.33157 1.15700 
9.34030 1.15800 
9.34902 1.15900 
9.35774 1.16000 
9.36646 1.16100 
9.37519 1.16200 
9.38391 1.16300 
9.39263 1.16400 
9.40136 1.16500 
9.41008 1.16600 
9.41880 1.16700 
9.42752 1.16800 
9.43625 1.16900 
9.44497 1.17000 
9.45369 1.17100 
9.46242 1.17200 
9.47114 1.17300 
9.47986 1.17400 
9.48858 1.17500 
9.49731 1.17600 
9.50603 1.17700 
9.51475 1.17800 
9.52347 1.17900 
9.53220 1.18000 
9.54092 1.18100 
9.54964 1.18200 
9.55837 1.18300 
9.56709 1.18400 
9.57581 1.18500 
9.58453 1.18600 
9.59326 1.18700 
9.60198 1.18800 
9.61070 1.18900 
9.61943 1.19000 
9.62815 1.19100 
9.63687 1.19200 
9.64559 1.19300 
9.65432 1.19400 
9.66304 1.19500 
9.67176 1.19600 
9.68048 1.19700 
9.68921 1.19800 
9.69793 1.19900 
9.70665 1.20000 
9.71538 1.20100 
9.72410 1.20200 
9.73282 1.20300 
9.74154 1.20400 
9.75027 1.20500 
9.75899 1.20600 
9.76771 1.20700 
9.77644 1.20800 
9.78516 1.20900 
9.79388 1.21000 
9.80260 1.21100 
9.81133 1.21200 
9.82005 1.21300 
9.82877 1.21400 
9.83749 1.21500 
9.84622 1.21600 
9.85494 1.21700 
9.86366 1.21800 
9.87239 1.21900 
9.88111 1.22000 
9.88983 1.22100 
9.89855 1.22200 
9.90728 1.22300 
9.91600 1.22400 
9.92472 1.22500 
9.93345 1.22600 
9.94217 1.22700 
9.95089 1.22800 
9.95961 1.22900 
9.96834 1.23000 
9.97706 1.23100 
9.98578 1.23200 
9.99450 1.23300 
10.00323 1.23400 
10.01195 1.23500 
10.02067 1.23600 
10.02940 1.23700 
10.03812 1.23800 
10.04684 1.23900 
10.05556 1.24000 
10.06429 1.24100 
10.07301 1.24200 
10.08173 1.24300 
10.09046 1.24400 
10.09918 1.24500 
10.10790 1.24600 
10.11662 1.24700 
10.12535 1.24800 
10.13407 1.24900 
10.14279 1.25000 
10.15151 1.25100 
10.16024 1.25200 
10.16896 1.25300 
10.17768 1.25400 
10.18641 1.25500 
10.19513 1.25600 
10.20385 1.25700 
10.21257 1.25800 
10.22130 1.25900 
10.23002 1.26000 
10.23874 1.26100 
10.24747 1.26200 
10.25619 1.26300 
10.26491 1.26400 
10.27363 1.26500 
10.28236 1.26600 
10.29108 1.26700 
10.29980 1.26800 
10.30853 1.26900 
10.31725 1.27000 
10.32597 1.27100 
10.33469 1.27200 
10.34342 1.27300 
10.35214 1.27400 
10.36086 1.27500 
10.36958 1.27600 
10.37831 1.27700 
10.38703 1.27800 
10.39575 1.27900 
10.40448 1.28000 
10.41320 1.28100 
10.42192 1.28200 
10.43064 1.28300 
10.43937 1.28400 
10.44809 1.28500 
10.45681 1.28600 
10.46554 1.28700 
10.47426 1.28800 
10.48298 1.28900 
10.49170 1.29000 
10.50043 1.29100 
10.50915 1.29200 
10.51787 1.29300 
10.52659 1.29400 
10.53532 1.29500 
10.54404 1.29600 
10.55276 1.29700 
10.56149 1.29800 
10.57021 1.29900 
10.57893 1.30000 
10.58765 1.30100 
10.59638 1.30200 
10.60510 1.30300 
10.61382 1.30400 
10.62255 1.30500 
10.63127 1.30600 
10.63999 1.30700 
10.64871 1.30800 
10.65744 1.30900 
10.66616 1.31000 
10.67488 1.31100 
10.68360 1.31200 
10.69233 1.31300 
10.70105 1.31400 
10.70977 1.31500 
10.71850 1.31600 
10.72722 1.31700 
10.73594 1.31800 
10.74466 1.31900 
10.75339 1.32000 
10.76211 1.32100 
10.77083 1.32200 
10.77956 1.32300 
10.78828 1.32400 
10.79700 1.32500 
10.80572 1.32600 
10.81445 1.32700 
10.82317 1.32800 
10.83189 1.32900 
10.84062 1.33000 
10.84934 1.33100 
10.85806 1.33200 
10.86678 1.33300 
10.87551 1.33400 
10.88423 1.33500 
10.89295 1.33600 
10.90167 1.33700 
10.91040 1.33800 
10.91912 1.33900 
10.92784 1.34000 
10.93657 1.34100 
10.94529 1.34200 
10.95401 1.34300 
10.96273 1.34400 
10.97146 1.34500 
10.98018 1.34600 
10.98890 1.34700 
10.99763 1.34800 
11.00635 1.34900 
11.01507 1.35000 
11.02379 1.35100 
11.03252 1.35200 
11.04124 1.35300 
11.04996 1.35400 
11.05868 1.35500 
11.06741 1.35600 
11.07613 1.35700 
11.08485 1.35800 
11.09358 1.35900 
11.10230 1.36000 
11.11102 1.36100 
11.11974 1.36200 
11.12847 1.36300 
11.13719 1.36400 
11.14591 1.36500 
11.15464 1.36600 
11.16336 1.36700 
11.17208 1.36800 
11.18080 1.36900 
11.18953 1.37000 
11.19825 1.37100 
11.20697 1.37200 
11.21570 1.37300 
11.22442 1.37400 
11.23314 1.37500 
11.24186 1.37600 
11.25059 1.37700 
11.25931 1.37800 
11.26803 1.37900 
11.27675 1.38000 
11.28548 1.38100 
11.29420 1.38200 
11.30292 1.38300 
11.31165 1.38400 
11.32037 1.38500 
11.32909 1.38600 
11.33781 1.38700 
11.34654 1.38800 
11.35526 1.38900 
11.36398 1.39000 
11.37271 1.39100 
11.38143 1.39200 
11.39015 1.39300 
11.39887 1.39400 
11.40760 1.39500 
11.41632 1.39600 
11.42504 1.39700 
11.43376 1.39800 
11.44249 1.39900 
11.45121 1.40000 
11.45993 1.40100 
11.46866 1.40200 
11.47738 1.40300 
11.48610 1.40400 
11.49482 1.40500 
11.50355 1.40600 
11.51227 1.40700 
11.52099 1.40800 
11.52972 1.40900 
11.53844 1.41000 
11.54716 1.41100 
11.55588 1.41200 
11.56461 1.41300 
11.57333 1.41400 
11.58205 1.41500 
11.59078 1.41600 
11.59950 1.41700 
11.60822 1.41800 
11.61694 1.41900 
11.62567 1.42000 
11.63439 1.42100 
11.64311 1.42200 
11.65183 1.42300 
11.66056 1.42400 
11.66928 1.42500 
11.67800 1.42600 
11.68673 1.42700 
11.69545 1.42800 
11.70417 1.42900 
11.71289 1.43000 
11.72162 1.43100 
11.73034 1.43200 
11.73906 1.43300 
11.74779 1.43400 
11.75651 1.43500 
11.76523 1.43600 
11.77395 1.43700 
11.78268 1.43800 
11.79140 1.43900 
11.80012 1.44000 
11.80884 1.44100 
11.81757 1.44200 
11.82629 1.44300 
11.83501 1.44400 
11.84374 1.44500 
11.85246 1.44600 
11.86118 1.44700 
11.86990 1.44800 
11.87863 1.44900 
11.88735 1.45000 
11.89607 1.45100 
11.90480 1.45200 
11.91352 1.45300 
11.92224 1.45400 
11.93096 1.45500 
11.93969 1.45600 
11.94841 1.45700 
11.95713 1.45800 
11.96586 1.45900 
11.97458 1.46000 
11.98330 1.46100 
11.99202 1.46200 
12.00075 1.46300 
12.00947 1.46400 
12.01819 1.46500 
12.02691 1.46600 
12.03564 1.46700 
12.04436 1.46800 
12.05308 1.46900 
12.06181 1.47000 
12.07053 1.47100 
12.07925 1.47200 
12.08797 1.47300 
12.09670 1.47400 
12.10542 1.47500 
12.11414 1.47600 
12.12287 1.47700 
12.13159 1.47800 
12.14031 1.47900 
12.14903 1.48000 
12.15776 1.48100 
12.16648 1.48200 
12.17520 1.48300 
12.18392 1.48400 
12.19265 1.48500 
12.20137 1.48600 
12.21009 1.48700 
12.21882 1.48800 
12.22754 1.48900 
12.23626 1.49000 
12.24498 1.49100 
12.25371 1.49200 
12.26243 1.49300 
12.27115 1.49400 
12.27988 1.49500 
12.28860 1.49600 
12.29732 1.49700 
12.30604 1.49800 
12.31477 1.49900 
12.32349 1.50000 
12.33221 1.50100 
12.34094 1.50200 
12.34966 1.50300 
12.35838 1.50400 
12.36710 1.50500 
12.37583 1.50600 
12.38455 1.50700 
12.39327 1.50800 
12.40199 1.50900 
12.41072 1.51000 
12.41944 1.51100 
12.42816 1.51200 
12.43689 1.51300 
12.44561 1.51400 
12.45433 1.51500 
12.46305 1.51600 
12.47178 1.51700 
12.48050 1.51800 
12.48922 1.51900 
12.49795 1.52000 
12.50667 1.52100 
12.51539 1.52200 
12.52411 1.52300 
12.53284 1.52400 
12.54156 1.52500 
12.55028 1.52600 
12.55900 1.52700 
12.56773 1.52800 
12.57645 1.52900 
12.58517 1.53000 
12.59390 1.53100 
12.60262 1.53200 
12.61134 1.53300 
12.62006 1.53400 
12.62879 1.53500 
12.63751 1.53600 
12.64623 1.53700 
12.65496 1.53800 
12.66368 1.53900 
12.67240 1.54000 
12.68112 1.54100 
12.68985 1.54200 
12.69857 1.54300 
12.70729 1.54400 
12.71602 1.54500 
12.72474 1.54600 
12.73346 1.54700 
12.74218 1.54800 
12.75091 1.54900 
12.75963 1.55000 
12.76835 1.55100 
12.77707 1.55200 
12.78580 1.55300 
12.79452 1.55400 
12.80324 1.55500 
12.81197 1.55600 
12.82069 1.55700 
12.82941 1.55800 
12.83813 1.55900 
12.84686 1.56000 
12.85558 1.56100 
12.86430 1.56200 
12.87303 1.56300 
12.88175 1.56400 
12.89047 1.56500 
12.89919 1.56600 
12.90792 1.56700 
12.91664 1.56800 
12.92536 1.56900 
12.93408 1.57000 
12.94281 1.57100 
12.95153 1.57200 
12.96025 1.57300 
12.96898 1.57400 
12.97770 1.57500 
12.98642 1.57600 
12.99514 1.57700 
13.00387 1.57800 
13.01259 1.57900 
13.02131 1.58000 
13.03004 1.58100 
13.03876 1.58200 
13.04748 1.58300 
13.05620 1.58400 
13.06493 1.58500 
13.07365 1.58600 
13.08237 1.58700 
13.09110 1.58800 
13.09982 1.58900 
13.10854 1.59000 
13.11726 1.59100 
13.12599 1.59200 
13.13471 1.59300 
13.14343 1.59400 
13.15215 1.59500 
13.16088 1.59600 
13.16960 1.59700 
13.17832 1.59800 
13.18705 1.59900 
13.19577 1.60000 
13.20449 1.60100 
13.21321 1.60200 
13.22194 1.60300 
13.23066 1.60400 
13.23938 1.60500 
13.24811 1.60600 
13.25683 1.60700 
13.26555 1.60800 
13.27427 1.60900 
13.28300 1.61000 
13.29172 1.61100 
13.30044 1.61200 
13.30916 1.61300 
13.31789 1.61400 
13.32661 1.61500 
13.33533 1.61600 
13.34406 1.61700 
13.35278 1.61800 
13.36150 1.61900 
13.37022 1.62000 
13.37895 1.62100 
13.38767 1.62200 
13.39639 1.62300 
13.40512 1.62400 
13.41384 1.62500 
13.42256 1.62600 
13.43128 1.62700 
13.44001 1.62800 
13.44873 1.62900 
13.45745 1.63000 
13.46618 1.63100 
13.47490 1.63200 
13.48362 1.63300 
13.49234 1.63400 
13.50107 1.63500 
13.50979 1.63600 
13.51851 1.63700 
13.52723 1.63800 
13.53596 1.63900 
13.54468 1.64000 
13.55340 1.64100 
13.56213 1.64200 
13.57085 1.64300 
13.57957 1.64400 
13.58829 1.64500 
13.59702 1.64600 
13.60574 1.64700 
13.61446 1.64800 
13.62319 1.64900 
13.63191 1.65000 
13.64063 1.65100 
13.64935 1.65200 
13.65808 1.65300 
13.66680 1.65400 
13.67552 1.65500 
13.68424 1.65600 
13.69297 1.65700 
13.70169 1.65800 
13.71041 1.65900 
13.71914 1.66000 
13.72786 1.66100 
13.73658 1.66200 
13.74530 1.66300 
13.75403 1.66400 
13.76275 1.66500 
13.77147 1.66600 
13.78020 1.66700 
13.78892 1.66800 
13.79764 1.66900 
13.80636 1.67000 
13.81509 1.67100 
13.82381 1.67200 
13.83253 1.67300 
13.84126 1.67400 
13.84998 1.67500 
13.85870 1.67600 
13.86742 1.67700 
13.87615 1.67800 
13.88487 1.67900 
13.89359 1.68000 
13.90231 1.68100 
13.91104 1.68200 
13.91976 1.68300 
13.92848 1.68400 
13.93721 1.68500 
13.94593 1.68600 
13.95465 1.68700 
13.96337 1.68800 
13.97210 1.68900 
13.98082 1.69000 
13.98954 1.69100 
13.99827 1.69200 
14.00699 1.69300 
14.01571 1.69400 
14.02443 1.69500 
14.03316 1.69600 
14.04188 1.69700 
14.05060 1.69800 
14.05932 1.69900 
14.06805 1.70000 
14.07677 1.70100 
14.08549 1.70200 
14.09422 1.70300 
14.10294 1.70400 
14.11166 1.70500 
14.12038 1.70600 
14.12911 1.70700 
14.13783 1.70800 
14.14655 1.70900 
14.15528 1.71000 
14.16400 1.71100 
14.17272 1.71200 
14.18144 1.71300 
14.19017 1.71400 
14.19889 1.71500 
14.20761 1.71600 
14.21634 1.71700 
14.22506 1.71800 
14.23378 1.71900 
14.24250 1.72000 
14.25123 1.72100 
14.25995 1.72200 
14.26867 1.72300 
14.27739 1.72400 
14.28612 1.72500 
14.29484 1.72600 
14.30356 1.72700 
14.31229 1.72800 
14.32101 1.72900 
14.32973 1.73000 
14.33845 1.73100 
14.34718 1.73200 
14.35590 1.73300 
14.36462 1.73400 
14.37335 1.73500 
14.38207 1.73600 
14.39079 1.73700 
14.39951 1.73800 
14.40824 1.73900 
14.41696 1.74000 
14.42568 1.74100 
14.43440 1.74200 
14.44313 1.74300 
14.45185 1.74400 
14.46057 1.74500 
14.46930 1.74600 
14.47802 1.74700 
14.48674 1.74800 
14.49546 1.74900 
14.50419 1.75000 
14.51291 1.75100 
14.52163 1.75200 
14.53036 1.75300 
14.53908 1.75400 
14.54780 1.75500 
14.55652 1.75600 
14.56525 1.75700 
14.57397 1.75800 
14.58269 1.75900 
14.59142 1.76000 
14.60014 1.76100 
14.60886 1.76200 
14.61758 1.76300 
14.62631 1.76400 
14.63503 1.76500 
14.64375 1.76600 
14.65247 1.76700 
14.66120 1.76800 
14.66992 1.76900 
14.67864 1.77000 
14.68737 1.77100 
14.69609 1.77200 
14.70481 1.77300 
14.71353 1.77400 
14.72226 1.77500 
14.73098 1.77600 
14.73970 1.77700 
14.74843 1.77800 
14.75715 1.77900 
14.76587 1.78000 
14.77459 1.78100 
14.78332 1.78200 
14.79204 1.78300 
14.80076 1.78400 
14.80948 1.78500 
14.81821 1.78600 
14.82693 1.78700 
14.83565 1.78800 
14.84438 1.78900 
14.85310 1.79000 
14.86182 1.79100 
14.87054 1.79200 
14.87927 1.79300 
14.88799 1.79400 
14.89671 1.79500 
14.90544 1.79600 
14.91416 1.79700 
14.92288 1.79800 
14.93160 1.79900 
14.94033 1.80000 
14.94905 1.80100 
14.95777 1.80200 
14.96650 1.80300 
14.97522 1.80400 
14.98394 1.80500 
14.99266 1.80600 
15.00139 1.80700 
15.01011 1.80800 
15.01883 1.80900 
15.02755 1.81000 
15.03628 1.81100 
15.04500 1.81200 
15.05372 1.81300 
15.06245 1.81400 
15.07117 1.81500 
15.07989 1.81600 
15.08861 1.81700 
15.09734 1.81800 
15.10606 1.81900 
15.11478 1.82000 
15.12351 1.82100 
15.13223 1.82200 
15.14095 1.82300 
15.14967 1.82400 
15.15840 1.82500 
15.16712 1.82600 
15.17584 1.82700 
15.18456 1.82800 
15.19329 1.82900 
15.20201 1.83000 
15.21073 1.83100 
15.21946 1.83200 
15.22818 1.83300 
15.23690 1.83400 
15.24562 1.83500 
15.25435 1.83600 
15.26307 1.83700 
15.27179 1.83800 
15.28052 1.83900 
15.28924 1.84000 
15.29796 1.84100 
15.30668 1.84200 
15.31541 1.84300 
15.32413 1.84400 
15.33285 1.84500 
15.34158 1.84600 
15.35030 1.84700 
15.35902 1.84800 
15.36774 1.84900 
15.37647 1.85000 
15.38519 1.85100 
15.39391 1.85200 
15.40263 1.85300 
15.41136 1.85400 
15.42008 1.85500 
15.42880 1.85600 
15.43753 1.85700 
15.44625 1.85800 
15.45497 1.85900 
15.46369 1.86000 
15.47242 1.86100 
15.48114 1.86200 
15.48986 1.86300 
15.49859 1.86400 
15.50731 1.86500 
15.51603 1.86600 
15.52475 1.86700 
15.53348 1.86800 
15.54220 1.86900 
15.55092 1.87000 
15.55964 1.87100 
15.56837 1.87200 
15.57709 1.87300 
15.58581 1.87400 
15.59454 1.87500 
15.60326 1.87600 
15.61198 1.87700 
15.62070 1.87800 
15.62943 1.87900 
15.63815 1.88000 
15.64687 1.88100 
15.65560 1.88200 
15.66432 1.88300 
15.67304 1.88400 
15.68176 1.88500 
15.69049 1.88600 
15.69921 1.88700 
15.70793 1.88800 
15.71666 1.88900 
15.72538 1.89000 
15.73410 1.89100 
15.74282 1.89200 
15.75155 1.89300 
15.76027 1.89400 
15.76899 1.89500 
15.77771 1.89600 
15.78644 1.89700 
15.79516 1.89800 
15.80388 1.89900 
15.81261 1.90000 
15.82133 1.90100 
15.83005 1.90200 
15.83877 1.90300 
15.84750 1.90400 
15.85622 1.90500 
15.86494 1.90600 
15.87367 1.90700 
15.88239 1.90800 
15.89111 1.90900 
15.89983 1.91000 
15.90856 1.91100 
15.91728 1.91200 
15.92600 1.91300 
15.93472 1.91400 
15.94345 1.91500 
15.95217 1.91600 
15.96089 1.91700 
15.96962 1.91800 
15.97834 1.91900 
15.98706 1.92000 
15.99578 1.92100 
16.00451 1.92200 
16.01323 1.92300 
16.02195 1.92400 
16.03068 1.92500 
16.03940 1.92600 
16.04812 1.92700 
16.05684 1.92800 
16.06557 1.92900 
16.07429 1.93000 
16.08301 1.93100 
16.09174 1.93200 
16.10046 1.93300 
16.10918 1.93400 
16.11790 1.93500 
16.12663 1.93600 
16.13535 1.93700 
16.14407 1.93800 
16.15279 1.93900 
16.16152 1.94000 
16.17024 1.94100 
16.17896 1.94200 
16.18769 1.94300 
16.19641 1.94400 
16.20513 1.94500 
16.21385 1.94600 
16.22258 1.94700 
16.23130 1.94800 
16.24002 1.94900 
16.24875 1.95000 
16.25747 1.95100 
16.26619 1.95200 
16.27491 1.95300 
16.28364 1.95400 
16.29236 1.95500 
16.30108 1.95600 
16.30981 1.95700 
16.31853 1.95800 
16.32725 1.95900 
16.33597 1.96000 
16.34470 1.96100 
16.35342 1.96200 
16.36214 1.96300 
16.37086 1.96400 
16.37959 1.96500 
16.38831 1.96600 
16.39703 1.96700 
16.40576 1.96800 
16.41448 1.96900 
16.42320 1.97000 
16.43192 1.97100 
16.44065 1.97200 
16.44937 1.97300 
16.45809 1.97400 
16.46682 1.97500 
16.47554 1.97600 
16.48426 1.97700 
16.49298 1.97800 
16.50171 1.97900 
16.51043 1.98000 
16.51915 1.98100 
16.52787 1.98200 
16.53660 1.98300 
16.54532 1.98400 
16.55404 1.98500 
16.56277 1.98600 
16.57149 1.98700 
16.58021 1.98800 
16.58893 1.98900 
16.59766 1.99000 
16.60638 1.99100 
16.61510 1.99200 
16.62383 1.99300 
16.63255 1.99400 
16.64127 1.99500 
16.64999 1.99600 
16.65872 1.99700 
16.66744 1.99800 
16.67616 1.99900 
16.68489 2.00000 
16.69361 2.00100 
16.70233 2.00200 
16.71105 2.00300 
16.71978 2.00400 
16.72850 2.00500 
16.73722 2.00600 
16.74594 2.00700 
16.75467 2.00800 
16.76339 2.00900 
16.77211 2.01000 
16.78084 2.01100 
16.78956 2.01200 
16.79828 2.01300 
16.80700 2.01400 
16.81573 2.01500 
16.82445 2.01600 
16.83317 2.01700 
16.84190 2.01800 
16.85062 2.01900 
16.85934 2.02000 
16.86806 2.02100 
16.87679 2.02200 
16.88551 2.02300 
16.89423 2.02400 
16.90295 2.02500 
16.91168 2.02600 
16.92040 2.02700 
16.92912 2.02800 
16.93785 2.02900 
16.94657 2.03000 
16.95529 2.03100 
16.96401 2.03200 
16.97274 2.03300 
16.98146 2.03400 
16.99018 2.03500 
16.99891 2.03600 
17.00763 2.03700 
17.01635 2.03800 
17.02507 2.03900 
17.03380 2.04000 
17.04252 2.04100 
17.05124 2.04200 
17.05997 2.04300 
17.06869 2.04400 
17.07741 2.04500 
17.08613 2.04600 
17.09486 2.04700 
17.10358 2.04800 
17.11230 2.04900 
17.12102 2.05000 
17.12975 2.05100 
17.13847 2.05200 
17.14719 2.05300 
17.15592 2.05400 
17.16464 2.05500 
17.17336 2.05600 
17.18208 2.05700 
17.19081 2.05800 
17.19953 2.05900 
17.20825 2.06000 
17.21698 2.06100 
17.22570 2.06200 
17.23442 2.06300 
17.24314 2.06400 
17.25187 2.06500 
17.26059 2.06600 
17.26931 2.06700 
17.27803 2.06800 
17.28676 2.06900 
17.29548 2.07000 
17.30420 2.07100 
17.31293 2.07200 
17.32165 2.07300 
17.33037 2.07400 
17.33909 2.07500 
17.34782 2.07600 
17.35654 2.07700 
17.36526 2.07800 
17.37399 2.07900 
17.38271 2.08000 
17.39143 2.08100 
17.40015 2.08200 
17.40888 2.08300 
17.41760 2.08400 
17.42632 2.08500 
17.43505 2.08600 
17.44377 2.08700 
17.45249 2.08800 
17.46121 2.08900 
17.46994 2.09000 
17.47866 2.09100 
17.48738 2.09200 
17.49610 2.09300 
17.50483 2.09400 
17.51355 2.09500 
17.52227 2.09600 
17.53100 2.09700 
17.53972 2.09800 
17.54844 2.09900 
17.55716 2.10000 
17.56589 2.10100 
17.57461 2.10200 
17.58333 2.10300 
17.59206 2.10400 
17.60078 2.10500 
17.60950 2.10600 
17.61822 2.10700 
17.62695 2.10800 
17.63567 2.10900 
17.64439 2.11000 
17.65311 2.11100 
17.66184 2.11200 
17.67056 2.11300 
17.67928 2.11400 
17.68801 2.11500 
17.69673 2.11600 
17.70545 2.11700 
17.71417 2.11800 
17.72290 2.11900 
17.73162 2.12000 
17.74034 2.12100 
17.74907 2.12200 
17.75779 2.12300 
17.76651 2.12400 
17.77523 2.12500 
17.78396 2.12600 
17.79268 2.12700 
17.80140 2.12800 
17.81013 2.12900 
17.81885 2.13000 
17.82757 2.13100 
17.83629 2.13200 
17.84502 2.13300 
17.85374 2.13400 
17.86246 2.13500 
17.87118 2.13600 
17.87991 2.13700 
17.88863 2.13800 
17.89735 2.13900 
17.90608 2.14000 
17.91480 2.14100 
17.92352 2.14200 
17.93224 2.14300 
17.94097 2.14400 
17.94969 2.14500 
17.95841 2.14600 
17.96714 2.14700 
17.97586 2.14800 
17.98458 2.14900 
17.99330 2.15000 
18.00203 2.15100 
18.01075 2.15200 
18.01947 2.15300 
18.02819 2.15400 
18.03692 2.15500 
18.04564 2.15600 
18.05436 2.15700 
18.06309 2.15800 
18.07181 2.15900 
18.08053 2.16000 
18.08925 2.16100 
18.09798 2.16200 
18.10670 2.16300 
18.11542 2.16400 
18.12415 2.16500 
18.13287 2.16600 
18.14159 2.16700 
18.15031 2.16800 
18.15904 2.16900 
18.16776 2.17000 
18.17648 2.17100 
18.18521 2.17200 
18.19393 2.17300 
18.20265 2.17400 
18.21137 2.17500 
18.22010 2.17600 
18.22882 2.17700 
18.23754 2.17800 
18.24626 2.17900 
18.25499 2.18000 
18.26371 2.18100 
18.27243 2.18200 
18.28116 2.18300 
18.28988 2.18400 
18.29860 2.18500 
18.30732 2.18600 
18.31605 2.18700 
18.32477 2.18800 
18.33349 2.18900 
18.34222 2.19000 
18.35094 2.19100 
18.35966 2.19200 
18.36838 2.19300 
18.37711 2.19400 
18.38583 2.19500 
18.39455 2.19600 
18.40327 2.19700 
18.41200 2.19800 
18.42072 2.19900 
18.42944 2.20000 
18.43817 2.20100 
18.44689 2.20200 
18.45561 2.20300 
18.46433 2.20400 
18.47306 2.20500 
18.48178 2.20600 
18.49050 2.20700 
18.49923 2.20800 
18.50795 2.20900 
18.51667 2.21000 
18.52539 2.21100 
18.53412 2.21200 
18.54284 2.21300 
18.55156 2.21400 
18.56029 2.21500 
18.56901 2.21600 
18.57773 2.21700 
18.58645 2.21800 
18.59518 2.21900 
18.60390 2.22000 
18.61262 2.22100 
18.62134 2.22200 
18.63007 2.22300 
18.63879 2.22400 
18.64751 2.22500 
18.65624 2.22600 
18.66496 2.22700 
18.67368 2.22800 
18.68240 2.22900 
18.69113 2.23000 
18.69985 2.23100 
18.70857 2.23200 
18.71730 2.23300 
18.72602 2.23400 
18.73474 2.23500 
18.74346 2.23600 
18.75219 2.23700 
18.76091 2.23800 
18.76963 2.23900 
18.77835 2.24000 
18.78708 2.24100 
18.79580 2.24200 
18.80452 2.24300 
18.81325 2.24400 
18.82197 2.24500 
18.83069 2.24600 
18.83941 2.24700 
18.84814 2.24800 
18.85686 2.24900 
18.86558 2.25000 
18.87431 2.25100 
18.88303 2.25200 
18.89175 2.25300 
18.90047 2.25400 
18.90920 2.25500 
18.91792 2.25600 
18.92664 2.25700 
18.93537 2.25800 
18.94409 2.25900 
18.95281 2.26000 
18.96153 2.26100 
18.97026 2.26200 
18.97898 2.26300 
18.98770 2.26400 
18.99642 2.26500 
19.00515 2.26600 
19.01387 2.26700 
19.02259 2.26800 
19.03132 2.26900 
19.04004 2.27000 
19.04876 2.27100 
19.05748 2.27200 
19.06621 2.27300 
19.07493 2.27400 
19.08365 2.27500 
19.09238 2.27600 
19.10110 2.27700 
19.10982 2.27800 
19.11854 2.27900 
19.12727 2.28000 
19.13599 2.28100 
19.14471 2.28200 
19.15343 2.28300 
19.16216 2.28400 
19.17088 2.28500 
19.17960 2.28600 
19.18833 2.28700 
19.19705 2.28800 
19.20577 2.28900 
19.21449 2.29000 
19.22322 2.29100 
19.23194 2.29200 
19.24066 2.29300 
19.24939 2.29400 
19.25811 2.29500 
19.26683 2.29600 
19.27555 2.29700 
19.28428 2.29800 
19.29300 2.29900 
19.30172 2.30000 
19.31045 2.30100 
19.31917 2.30200 
19.32789 2.30300 
19.33661 2.30400 
19.34534 2.30500 
19.35406 2.30600 
19.36278 2.30700 
19.37150 2.30800 
19.38023 2.30900 
19.38895 2.31000 
19.39767 2.31100 
19.40640 2.31200 
19.41512 2.31300 
19.42384 2.31400 
19.43256 2.31500 
19.44129 2.31600 
19.45001 2.31700 
19.45873 2.31800 
19.46746 2.31900 
19.47618 2.32000 
19.48490 2.32100 
19.49362 2.32200 
19.50235 2.32300 
19.51107 2.32400 
19.51979 2.32500 
19.52851 2.32600 
19.53724 2.32700 
19.54596 2.32800 
19.55468 2.32900 
19.56341 2.33000 
19.57213 2.33100 
19.58085 2.33200 
19.58957 2.33300 
19.59830 2.33400 
19.60702 2.33500 
19.61574 2.33600 
19.62447 2.33700 
19.63319 2.33800 
19.64191 2.33900 
19.65063 2.34000 
19.65936 2.34100 
19.66808 2.34200 
19.67680 2.34300 
19.68553 2.34400 
19.69425 2.34500 
19.70297 2.34600 
19.71169 2.34700 
19.72042 2.34800 
19.72914 2.34900 
19.73786 2.35000 
19.74658 2.35100 
19.75531 2.35200 
19.76403 2.35300 
19.77275 2.35400 
19.78148 2.35500 
19.79020 2.35600 
19.79892 2.35700 
19.80764 2.35800 
19.81637 2.35900 
19.82509 2.36000 
19.83381 2.36100 
19.84254 2.36200 
19.85126 2.36300 
19.85998 2.36400 
19.86870 2.36500 
19.87743 2.36600 
19.88615 2.36700 
19.89487 2.36800 
19.90359 2.36900 
19.91232 2.37000 
19.92104 2.37100 
19.92976 2.37200 
19.93849 2.37300 
19.94721 2.37400 
19.95593 2.37500 
19.96465 2.37600 
19.97338 2.37700 
19.98210 2.37800 
19.99082 2.37900 
19.99955 2.38000 
20.00827 2.38100 
20.01699 2.38200 
20.02571 2.38300 
20.03444 2.38400 
20.04316 2.38500 
20.05188 2.38600 
20.06061 2.38700 
20.06933 2.38800 
20.07805 2.38900 
20.08677 2.39000 
20.09550 2.39100 
20.10422 2.39200 
20.11294 2.39300 
20.12166 2.39400 
20.13039 2.39500 
20.13911 2.39600 
20.14783 2.39700 
20.15656 2.39800 
20.16528 2.39900 
20.17400 2.40000 
20.18272 2.40100 
20.19145 2.40200 
20.20017 2.40300 
20.20889 2.40400 
20.21762 2.40500 
20.22634 2.40600 
20.23506 2.40700 
20.24378 2.40800 
20.25251 2.40900 
20.26123 2.41000 
20.26995 2.41100 
20.27867 2.41200 
20.28740 2.41300 
20.29612 2.41400 
20.30484 2.41500 
20.31357 2.41600 
20.32229 2.41700 
20.33101 2.41800 
20.33973 2.41900 
20.34846 2.42000 
20.35718 2.42100 
20.36590 2.42200 
20.37463 2.42300 
20.38335 2.42400 
20.39207 2.42500 
20.40079 2.42600 
20.40952 2.42700 
20.41824 2.42800 
20.42696 2.42900 
20.43569 2.43000 
20.44441 2.43100 
20.45313 2.43200 
20.46185 2.43300 
20.47058 2.43400 
20.47930 2.43500 
20.48802 2.43600 
20.49674 2.43700 
20.50547 2.43800 
20.51419 2.43900 
20.52291 2.44000 
20.53164 2.44100 
20.54036 2.44200 
20.54908 2.44300 
20.55780 2.44400 
20.56653 2.44500 
20.57525 2.44600 
20.58397 2.44700 
20.59270 2.44800 
20.60142 2.44900 
20.61014 2.45000 
20.61886 2.45100 
20.62759 2.45200 
20.63631 2.45300 
20.64503 2.45400 
20.65375 2.45500 
20.66248 2.45600 
20.67120 2.45700 
20.67992 2.45800 
20.68865 2.45900 
20.69737 2.46000 
20.70609 2.46100 
20.71481 2.46200 
20.72354 2.46300 
20.73226 2.46400 
20.74098 2.46500 
20.74971 2.46600 
20.75843 2.46700 
20.76715 2.46800 
20.77587 2.46900 
20.78460 2.47000 
20.79332 2.47100 
20.80204 2.47200 
20.81077 2.47300 
20.81949 2.47400 
20.82821 2.47500 
20.83693 2.47600 
20.84566 2.47700 
20.85438 2.47800 
20.86310 2.47900 
20.87182 2.48000 
20.88055 2.48100 
20.88927 2.48200 
20.89799 2.48300 
20.90672 2.48400 
20.91544 2.48500 
20.92416 2.48600 
20.93288 2.48700 
20.94161 2.48800 
20.95033 2.48900 
20.95905 2.49000 
20.96778 2.49100 
20.97650 2.49200 
20.98522 2.49300 
20.99394 2.49400 
21.00267 2.49500 
21.01139 2.49600 
21.02011 2.49700 
21.02883 2.49800 
21.03756 2.49900 
21.04628 2.50000 
21.05500 2.50100 
21.06373 2.50200 
21.07245 2.50300 
21.08117 2.50400 
21.08989 2.50500 
21.09862 2.50600 
21.10734 2.50700 
21.11606 2.50800 
21.12479 2.50900 
21.13351 2.51000 
21.14223 2.51100 
21.15095 2.51200 
21.15968 2.51300 
21.16840 2.51400 
21.17712 2.51500 
21.18585 2.51600 
21.19457 2.51700 
21.20329 2.51800 
21.21201 2.51900 
21.22074 2.52000 
21.22946 2.52100 
21.23818 2.52200 
21.24690 2.52300 
21.25563 2.52400 
21.26435 2.52500 
21.27307 2.52600 
21.28180 2.52700 
21.29052 2.52800 
21.29924 2.52900 
21.30796 2.53000 
21.31669 2.53100 
21.32541 2.53200 
21.33413 2.53300 
21.34286 2.53400 
21.35158 2.53500 
21.36030 2.53600 
21.36902 2.53700 
21.37775 2.53800 
21.38647 2.53900 
21.39519 2.54000 
21.40391 2.54100 
21.41264 2.54200 
21.42136 2.54300 
21.43008 2.54400 
21.43881 2.54500 
21.44753 2.54600 
21.45625 2.54700 
21.46497 2.54800 
21.47370 2.54900 
21.48242 2.55000 
21.49114 2.55100 
21.49987 2.55200 
21.50859 2.55300 
21.51731 2.55400 
21.52603 2.55500 
21.53476 2.55600 
21.54348 2.55700 
21.55220 2.55800 
21.56093 2.55900 
21.56965 2.56000 
21.57837 2.56100 
21.58709 2.56200 
21.59582 2.56300 
21.60454 2.56400 
21.61326 2.56500 
21.62198 2.56600 
21.63071 2.56700 
21.63943 2.56800 
21.64815 2.56900 
21.65688 2.57000 
21.66560 2.57100 
21.67432 2.57200 
21.68304 2.57300 
21.69177 2.57400 
21.70049 2.57500 
21.70921 2.57600 
21.71794 2.57700 
21.72666 2.57800 
21.73538 2.57900 
21.74410 2.58000 
21.75283 2.58100 
21.76155 2.58200 
21.77027 2.58300 
21.77900 2.58400 
21.78772 2.58500 
21.79644 2.58600 
21.80516 2.58700 
21.81389 2.58800 
21.82261 2.58900 
21.83133 2.59000 
21.84005 2.59100 
21.84878 2.59200 
21.85750 2.59300 
21.86622 2.59400 
21.87495 2.59500 
21.88367 2.59600 
21.89239 2.59700 
21.90111 2.59800 
21.90984 2.59900 
21.91856 2.60000 
21.92728 2.60100 
21.93601 2.60200 
21.94473 2.60300 
21.95345 2.60400 
21.96217 2.60500 
21.97090 2.60600 
21.97962 2.60700 
21.98834 2.60800 
21.99706 2.60900 
22.00579 2.61000 
22.01451 2.61100 
22.02323 2.61200 
22.03196 2.61300 
22.04068 2.61400 
22.04940 2.61500 
22.05812 2.61600 
22.06685 2.61700 
22.07557 2.61800 
22.08429 2.61900 
22.09302 2.62000 
22.10174 2.62100 
22.11046 2.62200 
22.11918 2.62300 
22.12791 2.62400 
22.13663 2.62500 
22.14535 2.62600 
22.15408 2.62700 
22.16280 2.62800 
22.17152 2.62900 
22.18024 2.63000 
22.18897 2.63100 
22.19769 2.63200 
22.20641 2.63300 
22.21513 2.63400 
22.22386 2.63500 
22.23258 2.63600 
22.24130 2.63700 
22.25003 2.63800 
22.25875 2.63900 
22.26747 2.64000 
22.27619 2.64100 
22.28492 2.64200 
22.29364 2.64300 
22.30236 2.64400 
22.31109 2.64500 
22.31981 2.64600 
22.32853 2.64700 
22.33725 2.64800 
22.34598 2.64900 
22.35470 2.65000 
22.36342 2.65100 
22.37214 2.65200 
22.38087 2.65300 
22.38959 2.65400 
22.39831 2.65500 
22.40704 2.65600 
22.41576 2.65700 
22.42448 2.65800 
22.43320 2.65900 
22.44193 2.66000 
22.45065 2.66100 
22.45937 2.66200 
22.46810 2.66300 
22.47682 2.66400 
22.48554 2.66500 
22.49426 2.66600 
22.50299 2.66700 
22.51171 2.66800 
22.52043 2.66900 
22.52916 2.67000 
22.53788 2.67100 
22.54660 2.67200 
22.55532 2.67300 
22.56405 2.67400 
22.57277 2.67500 
22.58149 2.67600 
22.59021 2.67700 
22.59894 2.67800 
22.60766 2.67900 
22.61638 2.68000 
22.62511 2.68100 
22.63383 2.68200 
22.64255 2.68300 
22.65127 2.68400 
22.66000 2.68500 
22.66872 2.68600 
22.67744 2.68700 
22.68617 2.68800 
22.69489 2.68900 
22.70361 2.69000 
22.71233 2.69100 
22.72106 2.69200 
22.72978 2.69300 
22.73850 2.69400 
22.74722 2.69500 
22.75595 2.69600 
22.76467 2.69700 
22.77339 2.69800 
22.78212 2.69900 
22.79084 2.70000 
22.79956 2.70100 
22.80828 2.70200 
22.81701 2.70300 
22.82573 2.70400 
22.83445 2.70500 
22.84318 2.70600 
22.85190 2.70700 
22.86062 2.70800 
22.86934 2.70900 
22.87807 2.71000 
22.88679 2.71100 
22.89551 2.71200 
22.90424 2.71300 
22.91296 2.71400 
22.92168 2.71500 
22.93040 2.71600 
22.93913 2.71700 
22.94785 2.71800 
22.95657 2.71900 
22.96529 2.72000 
22.97402 2.72100 
22.98274 2.72200 
22.99146 2.72300 
23.00019 2.72400 
23.00891 2.72500 
23.01763 2.72600 
23.02635 2.72700 
23.03508 2.72800 
23.04380 2.72900 
23.05252 2.73000 
23.06125 2.73100 
23.06997 2.73200 
23.07869 2.73300 
23.08741 2.73400 
23.09614 2.73500 
23.10486 2.73600 
23.11358 2.73700 
23.12230 2.73800 
23.13103 2.73900 
23.13975 2.74000 
23.14847 2.74100 
23.15720 2.74200 
23.16592 2.74300 
23.17464 2.74400 
23.18336 2.74500 
23.19209 2.74600 
23.20081 2.74700 
23.20953 2.74800 
23.21826 2.74900 
23.22698 2.75000 
23.23570 2.75100 
23.24442 2.75200 
23.25315 2.75300 
23.26187 2.75400 
23.27059 2.75500 
23.27932 2.75600 
23.28804 2.75700 
23.29676 2.75800 
23.30548 2.75900 
23.31421 2.76000 
23.32293 2.76100 
23.33165 2.76200 
23.34037 2.76300 
23.34910 2.76400 
23.35782 2.76500 
23.36654 2.76600 
23.37527 2.76700 
23.38399 2.76800 
23.39271 2.76900 
23.40143 2.77000 
23.41016 2.77100 
23.41888 2.77200 
23.42760 2.77300 
23.43633 2.77400 
23.44505 2.77500 
23.45377 2.77600 
23.46249 2.77700 
23.47122 2.77800 
23.47994 2.77900 
23.48866 2.78000 
23.49738 2.78100 
23.50611 2.78200 
23.51483 2.78300 
23.52355 2.78400 
23.53228 2.78500 
23.54100 2.78600 
23.54972 2.78700 
23.55844 2.78800 
23.56717 2.78900 
23.57589 2.79000 
23.58461 2.79100 
23.59334 2.79200 
23.60206 2.79300 
23.61078 2.79400 
23.61950 2.79500 
23.62823 2.79600 
23.63695 2.79700 
23.64567 2.79800 
23.65440 2.79900 
23.66312 2.80000 
23.67184 2.80100 
23.68056 2.80200 
23.68929 2.80300 
23.69801 2.80400 
23.70673 2.80500 
23.71545 2.80600 
23.72418 2.80700 
23.73290 2.80800 
23.74162 2.80900 
23.75035 2.81000 
23.75907 2.81100 
23.76779 2.81200 
23.77651 2.81300 
23.78524 2.81400 
23.79396 2.81500 
23.80268 2.81600 
23.81141 2.81700 
23.82013 2.81800 
23.82885 2.81900 
23.83757 2.82000 
23.84630 2.82100 
23.85502 2.82200 
23.86374 2.82300 
23.87246 2.82400 
23.88119 2.82500 
23.88991 2.82600 
23.89863 2.82700 
23.90736 2.82800 
23.91608 2.82900 
23.92480 2.83000 
23.93352 2.83100 
23.94225 2.83200 
23.95097 2.83300 
23.95969 2.83400 
23.96842 2.83500 
23.97714 2.83600 
23.98586 2.83700 
23.99458 2.83800 
24.00331 2.83900 
24.01203 2.84000 
24.02075 2.84100 
24.02948 2.84200 
24.03820 2.84300 
24.04692 2.84400 
24.05564 2.84500 
24.06437 2.84600 
24.07309 2.84700 
24.08181 2.84800 
24.09053 2.84900 
24.09926 2.85000 
24.10798 2.85100 
24.11670 2.85200 
24.12543 2.85300 
24.13415 2.85400 
24.14287 2.85500 
24.15159 2.85600 
24.16032 2.85700 
24.16904 2.85800 
24.17776 2.85900 
24.18649 2.86000 
24.19521 2.86100 
24.20393 2.86200 
24.21265 2.86300 
24.22138 2.86400 
24.23010 2.86500 
24.23882 2.86600 
24.24754 2.86700 
24.25627 2.86800 
24.26499 2.86900 
24.27371 2.87000 
24.28244 2.87100 
24.29116 2.87200 
24.29988 2.87300 
24.30860 2.87400 
24.31733 2.87500 
24.32605 2.87600 
24.33477 2.87700 
24.34350 2.87800 
24.35222 2.87900 
24.36094 2.88000 
24.36966 2.88100 
24.37839 2.88200 
24.38711 2.88300 
24.39583 2.88400 
24.40456 2.88500 
24.41328 2.88600 
24.42200 2.88700 
24.43072 2.88800 
24.43945 2.88900 
24.44817 2.89000 
24.45689 2.89100 
24.46561 2.89200 
24.47434 2.89300 
24.48306 2.89400 
24.49178 2.89500 
24.50051 2.89600 
24.50923 2.89700 
24.51795 2.89800 
24.52667 2.89900 
24.53540 2.90000 
24.54412 2.90100 
24.55284 2.90200 
24.56157 2.90300 
24.57029 2.90400 
24.57901 2.90500 
24.58773 2.90600 
24.59646 2.90700 
24.60518 2.90800 
24.61390 2.90900 
24.62262 2.91000 
24.63135 2.91100 
24.64007 2.91200 
24.64879 2.91300 
24.65752 2.91400 
24.66624 2.91500 
24.67496 2.91600 
24.68368 2.91700 
24.69241 2.91800 
24.70113 2.91900 
24.70985 2.92000 
24.71858 2.92100 
24.72730 2.92200 
24.73602 2.92300 
24.74474 2.92400 
24.75347 2.92500 
24.76219 2.92600 
24.77091 2.92700 
24.77964 2.92800 
24.78836 2.92900 
24.79708 2.93000 
24.80580 2.93100 
24.81453 2.93200 
24.82325 2.93300 
24.83197 2.93400 
24.84069 2.93500 
24.84942 2.93600 
24.85814 2.93700 
24.86686 2.93800 
24.87559 2.93900 
24.88431 2.94000 
24.89303 2.94100 
24.90175 2.94200 
24.91048 2.94300 
24.91920 2.94400 
24.92792 2.94500 
24.93665 2.94600 
24.94537 2.94700 
24.95409 2.94800 
24.96281 2.94900 
24.97154 2.95000 
24.98026 2.95100 
24.98898 2.95200 
24.99770 2.95300 
25.00643 2.95400 
25.01515 2.95500 
25.02387 2.95600 
25.03260 2.95700 
25.04132 2.95800 
25.05004 2.95900 
25.05876 2.96000 
25.06749 2.96100 
25.07621 2.96200 
25.08493 2.96300 
25.09366 2.96400 
25.10238 2.96500 
25.11110 2.96600 
25.11982 2.96700 
25.12855 2.96800 
25.13727 2.96900 
25.14599 2.97000 
25.15472 2.97100 
25.16344 2.97200 
25.17216 2.97300 
25.18088 2.97400 
25.18961 2.97500 
25.19833 2.97600 
25.20705 2.97700 
25.21577 2.97800 
25.22450 2.97900 
25.23322 2.98000 
25.24194 2.98100 
25.25067 2.98200 
25.25939 2.98300 
25.26811 2.98400 
25.27683 2.98500 
25.28556 2.98600 
25.29428 2.98700 
25.30300 2.98800 
25.31173 2.98900 
25.32045 2.99000 
25.32917 2.99100 
25.33789 2.99200 
25.34662 2.99300 
25.35534 2.99400 
25.36406 2.99500 
25.37278 2.99600 
25.38151 2.99700 
25.39023 2.99800 
25.39895 2.99900 
25.40768 3.00000 
25.41640 3.00100 
25.42512 3.00200 
25.43384 3.00300 
25.44257 3.00400 
25.45129 3.00500 
25.46001 3.00600 
25.46874 3.00700 
25.47746 3.00800 
25.48618 3.00900 
25.49490 3.01000 
25.50363 3.01100 
25.51235 3.01200 
25.52107 3.01300 
25.52980 3.01400 
25.53852 3.01500 
25.54724 3.01600 
25.55596 3.01700 
25.56469 3.01800 
25.57341 3.01900 
25.58213 3.02000 
25.59085 3.02100 
25.59958 3.02200 
25.60830 3.02300 
25.61702 3.02400 
25.62575 3.02500 
25.63447 3.02600 
25.64319 3.02700 
25.65191 3.02800 
25.66064 3.02900 
25.66936 3.03000 
25.67808 3.03100 
25.68681 3.03200 
25.69553 3.03300 
25.70425 3.03400 
25.71297 3.03500 
25.72170 3.03600 
25.73042 3.03700 
25.73914 3.03800 
25.74786 3.03900 
25.75659 3.04000 
25.76531 3.04100 
25.77403 3.04200 
25.78276 3.04300 
25.79148 3.04400 
25.80020 3.04500 
25.80892 3.04600 
25.81765 3.04700 
25.82637 3.04800 
25.83509 3.04900 
25.84382 3.05000 
25.85254 3.05100 
25.86126 3.05200 
25.86998 3.05300 
25.87871 3.05400 
25.88743 3.05500 
25.89615 3.05600 
25.90488 3.05700 
25.91360 3.05800 
25.92232 3.05900 
25.93104 3.06000 
25.93977 3.06100 
25.94849 3.06200 
25.95721 3.06300 
25.96593 3.06400 
25.97466 3.06500 
25.98338 3.06600 
25.99210 3.06700 
26.00083 3.06800 
26.00955 3.06900 
26.01827 3.07000 
26.02699 3.07100 
26.03572 3.07200 
26.04444 3.07300 
26.05316 3.07400 
26.06189 3.07500 
26.07061 3.07600 
26.07933 3.07700 
26.08805 3.07800 
26.09678 3.07900 
26.10550 3.08000 
26.11422 3.08100 
26.12294 3.08200 
26.13167 3.08300 
26.14039 3.08400 
26.14911 3.08500 
26.15784 3.08600 
26.16656 3.08700 
26.17528 3.08800 
26.18400 3.08900 
26.19273 3.09000 
26.20145 3.09100 
26.21017 3.09200 
26.21890 3.09300 
26.22762 3.09400 
26.23634 3.09500 
26.24506 3.09600 
26.25379 3.09700 
26.26251 3.09800 
26.27123 3.09900 
26.27996 3.10000 
26.28868 3.10100 
26.29740 3.10200 
26.30612 3.10300 
26.31485 3.10400 
26.32357 3.10500 
26.33229 3.10600 
26.34101 3.10700 
26.34974 3.10800 
26.35846 3.10900 
26.36718 3.11000 
26.37591 3.11100 
26.38463 3.11200 
26.39335 3.11300 
26.40207 3.11400 
26.41080 3.11500 
26.41952 3.11600 
26.42824 3.11700 
26.43697 3.11800 
26.44569 3.11900 
26.45441 3.12000 
26.46313 3.12100 
26.47186 3.12200 
26.48058 3.12300 
26.48930 3.12400 
26.49802 3.12500 
26.50675 3.12600 
26.51547 3.12700 
26.52419 3.12800 
26.53292 3.12900 
26.54164 3.13000 
26.55036 3.13100 
26.55908 3.13200 
26.56781 3.13300 
26.57653 3.13400 
26.58525 3.13500 
26.59398 3.13600 
26.60270 3.13700 
26.61142 3.13800 
26.62014 3.13900 
26.62887 3.14000 
26.63759 3.14100 
26.64631 3.14200 
26.65504 3.14300 
26.66376 3.14400 
26.67248 3.14500 
26.68120 3.14600 
26.68993 3.14700 
26.69865 3.14800 
26.70737 3.14900 
26.71609 3.15000 
26.72482 3.15100 
26.73354 3.15200 
26.74226 3.15300 
26.75099 3.15400 
26.75971 3.15500 
26.76843 3.15600 
26.77715 3.15700 
26.78588 3.15800 
26.79460 3.15900 
26.80332 3.16000 
26.81205 3.16100 
26.82077 3.16200 
26.82949 3.16300 
26.83821 3.16400 
26.84694 3.16500 
26.85566 3.16600 
26.86438 3.16700 
26.87311 3.16800 
26.88183 3.16900 
26.89055 3.17000 
26.89927 3.17100 
26.90800 3.17200 
26.91672 3.17300 
26.92544 3.17400 
26.93416 3.17500 
26.94289 3.17600 
26.95161 3.17700 
26.96033 3.17800 
26.96906 3.17900 
26.97778 3.18000 
26.98650 3.18100 
26.99522 3.18200 
27.00395 3.18300 
27.01267 3.18400 
27.02139 3.18500 
27.03012 3.18600 
27.03884 3.18700 
27.04756 3.18800 
27.05628 3.18900 
27.06501 3.19000 
27.07373 3.19100 
27.08245 3.19200 
27.09117 3.19300 
27.09990 3.19400 
27.10862 3.19500 
27.11734 3.19600 
27.12607 3.19700 
27.13479 3.19800 
27.14351 3.19900 
27.15223 3.20000 
27.16096 3.20100 
27.16968 3.20200 
27.17840 3.20300 
27.18713 3.20400 
27.19585 3.20500 
27.20457 3.20600 
27.21329 3.20700 
27.22202 3.20800 
27.23074 3.20900 
27.23946 3.21000 
27.24819 3.21100 
27.25691 3.21200 
27.26563 3.21300 
27.27435 3.21400 
27.28308 3.21500 
27.29180 3.21600 
27.30052 3.21700 
27.30924 3.21800 
27.31797 3.21900 
27.32669 3.22000 
27.33541 3.22100 
27.34414 3.22200 
27.35286 3.22300 
27.36158 3.22400 
27.37030 3.22500 
27.37903 3.22600 
27.38775 3.22700 
27.39647 3.22800 
27.40520 3.22900 
27.41392 3.23000 
27.42264 3.23100 
27.43136 3.23200 
27.44009 3.23300 
27.44881 3.23400 
27.45753 3.23500 
27.46625 3.23600 
27.47498 3.23700 
27.48370 3.23800 
27.49242 3.23900 
27.50115 3.24000 
27.50987 3.24100 
27.51859 3.24200 
27.52731 3.24300 
27.53604 3.24400 
27.54476 3.24500 
27.55348 3.24600 
27.56221 3.24700 
27.57093 3.24800 
27.57965 3.24900 
27.58837 3.25000 
27.59710 3.25100 
27.60582 3.25200 
27.61454 3.25300 
27.62327 3.25400 
27.63199 3.25500 
27.64071 3.25600 
27.64943 3.25700 
27.65816 3.25800 
27.66688 3.25900 
27.67560 3.26000 
27.68432 3.26100 
27.69305 3.26200 
27.70177 3.26300 
27.71049 3.26400 
27.71922 3.26500 
27.72794 3.26600 
27.73666 3.26700 
27.74538 3.26800 
27.75411 3.26900 
27.76283 3.27000 
27.77155 3.27100 
27.78028 3.27200 
27.78900 3.27300 
27.79772 3.27400 
27.80644 3.27500 
27.81517 3.27600 
27.82389 3.27700 
27.83261 3.27800 
27.84133 3.27900 
27.85006 3.28000 
27.85878 3.28100 
27.86750 3.28200 
27.87623 3.28300 
27.88495 3.28400 
27.89367 3.28500 
27.90239 3.28600 
27.91112 3.28700 
27.91984 3.28800 
27.92856 3.28900 
27.93729 3.29000 
27.94601 3.29100 
27.95473 3.29200 
27.96345 3.29300 
27.97218 3.29400 
27.98090 3.29500 
27.98962 3.29600 
27.99835 3.29700 
28.00707 3.29800 
28.01579 3.29900 
28.02451 3.30000 
28.03324 3.30100 
28.04196 3.30200 
28.05068 3.30300 
28.05940 3.30400 
28.06813 3.30500 
28.07685 3.30600 
28.08557 3.30700 
28.09430 3.30800 
28.10302 3.30900 
28.11174 3.31000 
28.12046 3.31100 
28.12919 3.31200 
28.13791 3.31300 
28.14663 3.31400 
28.15536 3.31500 
28.16408 3.31600 
28.17280 3.31700 
28.18152 3.31800 
28.19025 3.31900 
28.19897 3.32000 
28.20769 3.32100 
28.21641 3.32200 
28.22514 3.32300 
28.23386 3.32400 
28.24258 3.32500 
28.25131 3.32600 
28.26003 3.32700 
28.26875 3.32800 
28.27747 3.32900 
28.28620 3.33000 
28.29492 3.33100 
28.30364 3.33200 
28.31237 3.33300 
28.32109 3.33400 
28.32981 3.33500 
28.33853 3.33600 
28.34726 3.33700 
28.35598 3.33800 
28.36470 3.33900 
28.37343 3.34000 
28.38215 3.34100 
28.39087 3.34200 
28.39959 3.34300 
28.40832 3.34400 
28.41704 3.34500 
28.42576 3.34600 
28.43448 3.34700 
28.44321 3.34800 
28.45193 3.34900 
28.46065 3.35000 
28.46938 3.35100 
28.47810 3.35200 
28.48682 3.35300 
28.49554 3.35400 
28.50427 3.35500 
28.51299 3.35600 
28.52171 3.35700 
28.53044 3.35800 
28.53916 3.35900 
28.54788 3.36000 
28.55660 3.36100 
28.56533 3.36200 
28.57405 3.36300 
28.58277 3.36400 
28.59149 3.36500 
28.60022 3.36600 
28.60894 3.36700 
28.61766 3.36800 
28.62639 3.36900 
28.63511 3.37000 
28.64383 3.37100 
28.65255 3.37200 
28.66128 3.37300 
28.67000 3.37400 
28.67872 3.37500 
28.68745 3.37600 
28.69617 3.37700 
28.70489 3.37800 
28.71361 3.37900 
28.72234 3.38000 
28.73106 3.38100 
28.73978 3.38200 
28.74851 3.38300 
28.75723 3.38400 
28.76595 3.38500 
28.77467 3.38600 
28.78340 3.38700 
28.79212 3.38800 
28.80084 3.38900 
28.80956 3.39000 
28.81829 3.39100 
28.82701 3.39200 
28.83573 3.39300 
28.84446 3.39400 
28.85318 3.39500 
28.86190 3.39600 
28.87062 3.39700 
28.87935 3.39800 
28.88807 3.39900 
28.89679 3.40000 
28.90552 3.40100 
28.91424 3.40200 
28.92296 3.40300 
28.93168 3.40400 
28.94041 3.40500 
28.94913 3.40600 
28.95785 3.40700 
28.96657 3.40800 
28.97530 3.40900 
28.98402 3.41000 
28.99274 3.41100 
29.00147 3.41200 
29.01019 3.41300 
29.01891 3.41400 
29.02763 3.41500 
29.03636 3.41600 
29.04508 3.41700 
29.05380 3.41800 
29.06253 3.41900 
29.07125 3.42000 
29.07997 3.42100 
29.08869 3.42200 
29.09742 3.42300 
29.10614 3.42400 
29.11486 3.42500 
29.12359 3.42600 
29.13231 3.42700 
29.14103 3.42800 
29.14975 3.42900 
29.15848 3.43000 
29.16720 3.43100 
29.17592 3.43200 
29.18464 3.43300 
29.19337 3.43400 
29.20209 3.43500 
29.21081 3.43600 
29.21954 3.43700 
29.22826 3.43800 
29.23698 3.43900 
29.24570 3.44000 
29.25443 3.44100 
29.26315 3.44200 
29.27187 3.44300 
29.28060 3.44400 
29.28932 3.44500 
29.29804 3.44600 
29.30676 3.44700 
29.31549 3.44800 
29.32421 3.44900 
29.33293 3.45000 
29.34165 3.45100 
29.35038 3.45200 
29.35910 3.45300 
29.36782 3.45400 
29.37655 3.45500 
29.38527 3.45600 
29.39399 3.45700 
29.40271 3.45800 
29.41144 3.45900 
29.42016 3.46000 
29.42888 3.46100 
29.43761 3.46200 
29.44633 3.46300 
29.45505 3.46400 
29.46377 3.46500 
29.47250 3.46600 
29.48122 3.46700 
29.48994 3.46800 
29.49867 3.46900 
29.50739 3.47000 
29.51611 3.47100 
29.52483 3.47200 
29.53356 3.47300 
29.54228 3.47400 
29.55100 3.47500 
29.55972 3.47600 
29.56845 3.47700 
29.57717 3.47800 
29.58589 3.47900 
29.59462 3.48000 
29.60334 3.48100 
29.61206 3.48200 
29.62078 3.48300 
29.62951 3.48400 
29.63823 3.48500 
29.64695 3.48600 
29.65568 3.48700 
29.66440 3.48800 
29.67312 3.48900 
29.68184 3.49000 
29.69057 3.49100 
29.69929 3.49200 
29.70801 3.49300 
29.71673 3.49400 
29.72546 3.49500 
29.73418 3.49600 
29.74290 3.49700 
29.75163 3.49800 
29.76035 3.49900 
29.76907 3.50000 
29.77779 3.50100 
29.78652 3.50200 
29.79524 3.50300 
29.80396 3.50400 
29.81269 3.50500 
29.82141 3.50600 
29.83013 3.50700 
29.83885 3.50800 
29.84758 3.50900 
29.85630 3.51000 
29.86502 3.51100 
29.87375 3.51200 
29.88247 3.51300 
29.89119 3.51400 
29.89991 3.51500 
29.90864 3.51600 
29.91736 3.51700 
29.92608 3.51800 
29.93480 3.51900 
29.94353 3.52000 
29.95225 3.52100 
29.96097 3.52200 
29.96970 3.52300 
29.97842 3.52400 
29.98714 3.52500 
29.99586 3.52600 
30.00459 3.52700 
30.01331 3.52800 
30.02203 3.52900 
30.03076 3.53000 
30.03948 3.53100 
30.04820 3.53200 
30.05692 3.53300 
30.06565 3.53400 
30.07437 3.53500 
30.08309 3.53600 
30.09181 3.53700 
30.10054 3.53800 
30.10926 3.53900 
30.11798 3.54000 
30.12671 3.54100 
30.13543 3.54200 
30.14415 3.54300 
30.15287 3.54400 
30.16160 3.54500 
30.17032 3.54600 
30.17904 3.54700 
30.18777 3.54800 
30.19649 3.54900 
30.20521 3.55000 
30.21393 3.55100 
30.22266 3.55200 
30.23138 3.55300 
30.24010 3.55400 
30.24883 3.55500 
30.25755 3.55600 
30.26627 3.55700 
30.27499 3.55800 
30.28372 3.55900 
30.29244 3.56000 
30.30116 3.56100 
30.30988 3.56200 
30.31861 3.56300 
30.32733 3.56400 
30.33605 3.56500 
30.34478 3.56600 
30.35350 3.56700 
30.36222 3.56800 
30.37094 3.56900 
30.37967 3.57000 
30.38839 3.57100 
30.39711 3.57200 
30.40584 3.57300 
30.41456 3.57400 
30.42328 3.57500 
30.43200 3.57600 
30.44073 3.57700 
30.44945 3.57800 
30.45817 3.57900 
30.46689 3.58000 
30.47562 3.58100 
30.48434 3.58200 
30.49306 3.58300 
30.50179 3.58400 
30.51051 3.58500 
30.51923 3.58600 
30.52795 3.58700 
30.53668 3.58800 
30.54540 3.58900 
30.55412 3.59000 
30.56285 3.59100 
30.57157 3.59200 
30.58029 3.59300 
30.58901 3.59400 
30.59774 3.59500 
30.60646 3.59600 
30.61518 3.59700 
30.62391 3.59800 
30.63263 3.59900 
30.64135 3.60000 
30.65007 3.60100 
30.65880 3.60200 
30.66752 3.60300 
30.67624 3.60400 
30.68496 3.60500 
30.69369 3.60600 
30.70241 3.60700 
30.71113 3.60800 
30.71986 3.60900 
30.72858 3.61000 
30.73730 3.61100 
30.74602 3.61200 
30.75475 3.61300 
30.76347 3.61400 
30.77219 3.61500 
30.78092 3.61600 
30.78964 3.61700 
30.79836 3.61800 
30.80708 3.61900 
30.81581 3.62000 
30.82453 3.62100 
30.83325 3.62200 
30.84197 3.62300 
30.85070 3.62400 
30.85942 3.62500 
30.86814 3.62600 
30.87687 3.62700 
30.88559 3.62800 
30.89431 3.62900 
30.90303 3.63000 
30.91176 3.63100 
30.92048 3.63200 
30.92920 3.63300 
30.93793 3.63400 
30.94665 3.63500 
30.95537 3.63600 
30.96409 3.63700 
30.97282 3.63800 
30.98154 3.63900 
30.99026 3.64000 
30.99899 3.64100 
31.00771 3.64200 
31.01643 3.64300 
31.02515 3.64400 
31.03388 3.64500 
31.04260 3.64600 
31.05132 3.64700 
31.06004 3.64800 
31.06877 3.64900 
31.07749 3.65000 
31.08621 3.65100 
31.09494 3.65200 
31.10366 3.65300 
31.11238 3.65400 
31.12110 3.65500 
31.12983 3.65600 
31.13855 3.65700 
31.14727 3.65800 
31.15600 3.65900 
31.16472 3.66000 
31.17344 3.66100 
31.18216 3.66200 
31.19089 3.66300 
31.19961 3.66400 
31.20833 3.66500 
31.21705 3.66600 
31.22578 3.66700 
31.23450 3.66800 
31.24322 3.66900 
31.25195 3.67000 
31.26067 3.67100 
31.26939 3.67200 
31.27811 3.67300 
31.28684 3.67400 
31.29556 3.67500 
31.30428 3.67600 
31.31301 3.67700 
31.32173 3.67800 
31.33045 3.67900 
31.33917 3.68000 
31.34790 3.68100 
31.35662 3.68200 
31.36534 3.68300 
31.37407 3.68400 
31.38279 3.68500 
31.39151 3.68600 
31.40023 3.68700 
31.40896 3.68800 
31.41768 3.68900 
31.42640 3.69000 
31.43512 3.69100 
31.44385 3.69200 
31.45257 3.69300 
31.46129 3.69400 
31.47002 3.69500 
31.47874 3.69600 
31.48746 3.69700 
31.49618 3.69800 
31.50491 3.69900 
31.51363 3.70000 
31.52235 3.70100 
31.53108 3.70200 
31.53980 3.70300 
31.54852 3.70400 
31.55724 3.70500 
31.56597 3.70600 
31.57469 3.70700 
31.58341 3.70800 
31.59213 3.70900 
31.60086 3.71000 
31.60958 3.71100 
31.61830 3.71200 
31.62703 3.71300 
31.63575 3.71400 
31.64447 3.71500 
31.65319 3.71600 
31.66192 3.71700 
31.67064 3.71800 
31.67936 3.71900 
31.68809 3.72000 
31.69681 3.72100 
31.70553 3.72200 
31.71425 3.72300 
31.72298 3.72400 
31.73170 3.72500 
31.74042 3.72600 
31.74915 3.72700 
31.75787 3.72800 
31.76659 3.72900 
31.77531 3.73000 
31.78404 3.73100 
31.79276 3.73200 
31.80148 3.73300 
31.81020 3.73400 
31.81893 3.73500 
31.82765 3.73600 
31.83637 3.73700 
31.84510 3.73800 
31.85382 3.73900 
31.86254 3.74000 
31.87126 3.74100 
31.87999 3.74200 
31.88871 3.74300 
31.89743 3.74400 
31.90616 3.74500 
31.91488 3.74600 
31.92360 3.74700 
31.93232 3.74800 
31.94105 3.74900 
31.94977 3.75000 
31.95849 3.75100 
31.96721 3.75200 
31.97594 3.75300 
31.98466 3.75400 
31.99338 3.75500 
32.00211 3.75600 
32.01083 3.75700 
32.01955 3.75800 
32.02827 3.75900 
32.03700 3.76000 
32.04572 3.76100 
32.05444 3.76200 
32.06317 3.76300 
32.07189 3.76400 
32.08061 3.76500 
32.08933 3.76600 
32.09806 3.76700 
32.10678 3.76800 
32.11550 3.76900 
32.12423 3.77000 
32.13295 3.77100 
32.14167 3.77200 
32.15039 3.77300 
32.15912 3.77400 
32.16784 3.77500 
32.17656 3.77600 
32.18528 3.77700 
32.19401 3.77800 
32.20273 3.77900 
32.21145 3.78000 
32.22018 3.78100 
32.22890 3.78200 
32.23762 3.78300 
32.24634 3.78400 
32.25507 3.78500 
32.26379 3.78600 
32.27251 3.78700 
32.28124 3.78800 
32.28996 3.78900 
32.29868 3.79000 
32.30740 3.79100 
32.31613 3.79200 
32.32485 3.79300 
32.33357 3.79400 
32.34230 3.79500 
32.35102 3.79600 
32.35974 3.79700 
32.36846 3.79800 
32.37719 3.79900 
32.38591 3.80000 
32.39463 3.80100 
32.40335 3.80200 
32.41208 3.80300 
32.42080 3.80400 
32.42952 3.80500 
32.43825 3.80600 
32.44697 3.80700 
32.45569 3.80800 
32.46441 3.80900 
32.47314 3.81000 
32.48186 3.81100 
32.49058 3.81200 
32.49931 3.81300 
32.50803 3.81400 
32.51675 3.81500 
32.52547 3.81600 
32.53420 3.81700 
32.54292 3.81800 
32.55164 3.81900 
32.56036 3.82000 
32.56909 3.82100 
32.57781 3.82200 
32.58653 3.82300 
32.59526 3.82400 
32.60398 3.82500 
32.61270 3.82600 
32.62142 3.82700 
32.63015 3.82800 
32.63887 3.82900 
32.64759 3.83000 
32.65632 3.83100 
32.66504 3.83200 
32.67376 3.83300 
32.68248 3.83400 
32.69121 3.83500 
32.69993 3.83600 
32.70865 3.83700 
32.71738 3.83800 
32.72610 3.83900 
32.73482 3.84000 
32.74354 3.84100 
32.75227 3.84200 
32.76099 3.84300 
32.76971 3.84400 
32.77843 3.84500 
32.78716 3.84600 
32.79588 3.84700 
32.80460 3.84800 
32.81333 3.84900 
32.82205 3.85000 
32.83077 3.85100 
32.83949 3.85200 
32.84822 3.85300 
32.85694 3.85400 
32.86566 3.85500 
32.87439 3.85600 
32.88311 3.85700 
32.89183 3.85800 
32.90055 3.85900 
32.90928 3.86000 
32.91800 3.86100 
32.92672 3.86200 
32.93544 3.86300 
32.94417 3.86400 
32.95289 3.86500 
32.96161 3.86600 
32.97034 3.86700 
32.97906 3.86800 
32.98778 3.86900 
32.99650 3.87000 
33.00523 3.87100 
33.01395 3.87200 
33.02267 3.87300 
33.03140 3.87400 
33.04012 3.87500 
33.04884 3.87600 
33.05756 3.87700 
33.06629 3.87800 
33.07501 3.87900 
33.08373 3.88000 
33.09246 3.88100 
33.10118 3.88200 
33.10990 3.88300 
33.11862 3.88400 
33.12735 3.88500 
33.13607 3.88600 
33.14479 3.88700 
33.15351 3.88800 
33.16224 3.88900 
33.17096 3.89000 
33.17968 3.89100 
33.18841 3.89200 
33.19713 3.89300 
33.20585 3.89400 
33.21457 3.89500 
33.22330 3.89600 
33.23202 3.89700 
33.24074 3.89800 
33.24947 3.89900 
33.25819 3.90000 
33.26691 3.90100 
33.27563 3.90200 
33.28436 3.90300 
33.29308 3.90400 
33.30180 3.90500 
33.31052 3.90600 
33.31925 3.90700 
33.32797 3.90800 
33.33669 3.90900 
33.34542 3.91000 
33.35414 3.91100 
33.36286 3.91200 
33.37158 3.91300 
33.38031 3.91400 
33.38903 3.91500 
33.39775 3.91600 
33.40648 3.91700 
33.41520 3.91800 
33.42392 3.91900 
33.43264 3.92000 
33.44137 3.92100 
33.45009 3.92200 
33.45881 3.92300 
33.46754 3.92400 
33.47626 3.92500 
33.48498 3.92600 
33.49370 3.92700 
33.50243 3.92800 
33.51115 3.92900 
33.51987 3.93000 
33.52859 3.93100 
33.53732 3.93200 
33.54604 3.93300 
33.55476 3.93400 
33.56349 3.93500 
33.57221 3.93600 
33.58093 3.93700 
33.58965 3.93800 
33.59838 3.93900 
33.60710 3.94000 
33.61582 3.94100 
33.62455 3.94200 
33.63327 3.94300 
33.64199 3.94400 
33.65071 3.94500 
33.65944 3.94600 
33.66816 3.94700 
33.67688 3.94800 
33.68560 3.94900 
33.69433 3.95000 
33.70305 3.95100 
33.71177 3.95200 
33.72050 3.95300 
33.72922 3.95400 
33.73794 3.95500 
33.74666 3.95600 
33.75539 3.95700 
33.76411 3.95800 
33.77283 3.95900 
33.78156 3.96000 
33.79028 3.96100 
33.79900 3.96200 
33.80772 3.96300 
33.81645 3.96400 
33.82517 3.96500 
33.83389 3.96600 
33.84262 3.96700 
33.85134 3.96800 
33.86006 3.96900 
33.86878 3.97000 
33.87751 3.97100 
33.88623 3.97200 
33.89495 3.97300 
33.90367 3.97400 
33.91240 3.97500 
33.92112 3.97600 
33.92984 3.97700 
33.93857 3.97800 
33.94729 3.97900 
33.95601 3.98000 
33.96473 3.98100 
33.97346 3.98200 
33.98218 3.98300 
33.99090 3.98400 
33.99963 3.98500 
34.00835 3.98600 
34.01707 3.98700 
34.02579 3.98800 
34.03452 3.98900 
34.04324 3.99000 
34.05196 3.99100 
34.06068 3.99200 
34.06941 3.99300 
34.07813 3.99400 
34.08685 3.99500 
34.09558 3.99600 
34.10430 3.99700 
34.11302 3.99800 
34.12174 3.99900 
34.13047 4.00000 
34.13919 4.00100 
34.14791 4.00200 
34.15664 4.00300 
34.16536 4.00400 
34.17408 4.00500 
34.18280 4.00600 
34.19153 4.00700 
34.20025 4.00800 
34.20897 4.00900 
34.21770 4.01000 
34.22642 4.01100 
34.23514 4.01200 
34.24386 4.01300 
34.25259 4.01400 
34.26131 4.01500 
34.27003 4.01600 
34.27875 4.01700 
34.28748 4.01800 
34.29620 4.01900 
34.30492 4.02000 
34.31365 4.02100 
34.32237 4.02200 
34.33109 4.02300 
34.33981 4.02400 
34.34854 4.02500 
34.35726 4.02600 
34.36598 4.02700 
34.37471 4.02800 
34.38343 4.02900 
34.39215 4.03000 
34.40087 4.03100 
34.40960 4.03200 
34.41832 4.03300 
34.42704 4.03400 
34.43576 4.03500 
34.44449 4.03600 
34.45321 4.03700 
34.46193 4.03800 
34.47066 4.03900 
34.47938 4.04000 
34.48810 4.04100 
34.49682 4.04200 
34.50555 4.04300 
34.51427 4.04400 
34.52299 4.04500 
34.53172 4.04600 
34.54044 4.04700 
34.54916 4.04800 
34.55788 4.04900 
34.56661 4.05000 
34.57533 4.05100 
34.58405 4.05200 
34.59278 4.05300 
34.60150 4.05400 
34.61022 4.05500 
34.61894 4.05600 
34.62767 4.05700 
34.63639 4.05800 
34.64511 4.05900 
34.65383 4.06000 
34.66256 4.06100 
34.67128 4.06200 
34.68000 4.06300 
34.68873 4.06400 
34.69745 4.06500 
34.70617 4.06600 
34.71489 4.06700 
34.72362 4.06800 
34.73234 4.06900 
34.74106 4.07000 
34.74979 4.07100 
34.75851 4.07200 
34.76723 4.07300 
34.77595 4.07400 
34.78468 4.07500 
34.79340 4.07600 
34.80212 4.07700 
34.81084 4.07800 
34.81957 4.07900 
34.82829 4.08000 
34.83701 4.08100 
34.84574 4.08200 
34.85446 4.08300 
34.86318 4.08400 
34.87190 4.08500 
34.88063 4.08600 
34.88935 4.08700 
34.89807 4.08800 
34.90680 4.08900 
34.91552 4.09000 
34.92424 4.09100 
34.93296 4.09200 
34.94169 4.09300 
34.95041 4.09400 
34.95913 4.09500 
34.96786 4.09600 
34.97658 4.09700 
34.98530 4.09800 
34.99402 4.09900 
35.00275 4.10000 
35.01147 4.10100 
35.02019 4.10200 
35.02891 4.10300 
35.03764 4.10400 
35.04636 4.10500 
35.05508 4.10600 
35.06381 4.10700 
35.07253 4.10800 
35.08125 4.10900 
35.08997 4.11000 
35.09870 4.11100 
35.10742 4.11200 
35.11614 4.11300 
35.12487 4.11400 
35.13359 4.11500 
35.14231 4.11600 
35.15103 4.11700 
35.15976 4.11800 
35.16848 4.11900 
35.17720 4.12000 
35.18592 4.12100 
35.19465 4.12200 
35.20337 4.12300 
35.21209 4.12400 
35.22082 4.12500 
35.22954 4.12600 
35.23826 4.12700 
35.24698 4.12800 
35.25571 4.12900 
35.26443 4.13000 
35.27315 4.13100 
35.28188 4.13200 
35.29060 4.13300 
35.29932 4.13400 
35.30804 4.13500 
35.31677 4.13600 
35.32549 4.13700 
35.33421 4.13800 
35.34294 4.13900 
35.35166 4.14000 
35.36038 4.14100 
35.36910 4.14200 
35.37783 4.14300 
35.38655 4.14400 
35.39527 4.14500 
35.40399 4.14600 
35.41272 4.14700 
35.42144 4.14800 
35.43016 4.14900 
35.43889 4.15000 
35.44761 4.15100 
35.45633 4.15200 
35.46505 4.15300 
35.47378 4.15400 
35.48250 4.15500 
35.49122 4.15600 
35.49995 4.15700 
35.50867 4.15800 
35.51739 4.15900 
35.52611 4.16000 
35.53484 4.16100 
35.54356 4.16200 
35.55228 4.16300 
35.56100 4.16400 
35.56973 4.16500 
35.57845 4.16600 
35.58717 4.16700 
35.59590 4.16800 
35.60462 4.16900 
35.61334 4.17000 
35.62206 4.17100 
35.63079 4.17200 
35.63951 4.17300 
35.64823 4.17400 
35.65696 4.17500 
35.66568 4.17600 
35.67440 4.17700 
35.68312 4.17800 
35.69185 4.17900 
35.70057 4.18000 
35.70929 4.18100 
35.71802 4.18200 
35.72674 4.18300 
35.73546 4.18400 
35.74418 4.18500 
35.75291 4.18600 
35.76163 4.18700 
35.77035 4.18800 
35.77907 4.18900 
35.78780 4.19000 
35.79652 4.19100 
35.80524 4.19200 
35.81397 4.19300 
35.82269 4.19400 
35.83141 4.19500 
35.84013 4.19600 
35.84886 4.19700 
35.85758 4.19800 
35.86630 4.19900 
35.87503 4.20000 
35.88375 4.20100 
35.89247 4.20200 
35.90119 4.20300 
35.90992 4.20400 
35.91864 4.20500 
35.92736 4.20600 
35.93608 4.20700 
35.94481 4.20800 
35.95353 4.20900 
35.96225 4.21000 
35.97098 4.21100 
35.97970 4.21200 
35.98842 4.21300 
35.99714 4.21400 
36.00587 4.21500 
36.01459 4.21600 
36.02331 4.21700 
36.03204 4.21800 
36.04076 4.21900 
36.04948 4.22000 
36.05820 4.22100 
36.06693 4.22200 
36.07565 4.22300 
36.08437 4.22400 
36.09310 4.22500 
36.10182 4.22600 
36.11054 4.22700 
36.11926 4.22800 
36.12799 4.22900 
36.13671 4.23000 
36.14543 4.23100 
36.15415 4.23200 
36.16288 4.23300 
36.17160 4.23400 
36.18032 4.23500 
36.18905 4.23600 
36.19777 4.23700 
36.20649 4.23800 
36.21521 4.23900 
36.22394 4.24000 
36.23266 4.24100 
36.24138 4.24200 
36.25011 4.24300 
36.25883 4.24400 
36.26755 4.24500 
36.27627 4.24600 
36.28500 4.24700 
36.29372 4.24800 
36.30244 4.24900 
36.31116 4.25000 
36.31989 4.25100 
36.32861 4.25200 
36.33733 4.25300 
36.34606 4.25400 
36.35478 4.25500 
36.36350 4.25600 
36.37222 4.25700 
36.38095 4.25800 
36.38967 4.25900 
36.39839 4.26000 
36.40712 4.26100 
36.41584 4.26200 
36.42456 4.26300 
36.43328 4.26400 
36.44201 4.26500 
36.45073 4.26600 
36.45945 4.26700 
36.46818 4.26800 
36.47690 4.26900 
36.48562 4.27000 
36.49434 4.27100 
36.50307 4.27200 
36.51179 4.27300 
36.52051 4.27400 
36.52923 4.27500 
36.53796 4.27600 
36.54668 4.27700 
36.55540 4.27800 
36.56413 4.27900 
36.57285 4.28000 
36.58157 4.28100 
36.59029 4.28200 
36.59902 4.28300 
36.60774 4.28400 
36.61646 4.28500 
36.62519 4.28600 
36.63391 4.28700 
36.64263 4.28800 
36.65135 4.28900 
36.66008 4.29000 
36.66880 4.29100 
36.67752 4.29200 
36.68624 4.29300 
36.69497 4.29400 
36.70369 4.29500 
36.71241 4.29600 
36.72114 4.29700 
36.72986 4.29800 
36.73858 4.29900 
36.74730 4.30000 
36.75603 4.30100 
36.76475 4.30200 
36.77347 4.30300 
36.78220 4.30400 
36.79092 4.30500 
36.79964 4.30600 
36.80836 4.30700 
36.81709 4.30800 
36.82581 4.30900 
36.83453 4.31000 
36.84326 4.31100 
36.85198 4.31200 
36.86070 4.31300 
36.86942 4.31400 
36.87815 4.31500 
36.88687 4.31600 
36.89559 4.31700 
36.90431 4.31800 
36.91304 4.31900 
36.92176 4.32000 
36.93048 4.32100 
36.93921 4.32200 
36.94793 4.32300 
36.95665 4.32400 
36.96537 4.32500 
36.97410 4.32600 
36.98282 4.32700 
36.99154 4.32800 
37.00027 4.32900 
37.00899 4.33000 
37.01771 4.33100 
37.02643 4.33200 
37.03516 4.33300 
37.04388 4.33400 
37.05260 4.33500 
37.06132 4.33600 
37.07005 4.33700 
37.07877 4.33800 
37.08749 4.33900 
37.09622 4.34000 
37.10494 4.34100 
37.11366 4.34200 
37.12238 4.34300 
37.13111 4.34400 
37.13983 4.34500 
37.14855 4.34600 
37.15728 4.34700 
37.16600 4.34800 
37.17472 4.34900 
37.18344 4.35000 
37.19217 4.35100 
37.20089 4.35200 
37.20961 4.35300 
37.21834 4.35400 
37.22706 4.35500 
37.23578 4.35600 
37.24450 4.35700 
37.25323 4.35800 
37.26195 4.35900 
37.27067 4.36000 
37.27939 4.36100 
37.28812 4.36200 
37.29684 4.36300 
37.30556 4.36400 
37.31429 4.36500 
37.32301 4.36600 
37.33173 4.36700 
37.34045 4.36800 
37.34918 4.36900 
37.35790 4.37000 
37.36662 4.37100 
37.37535 4.37200 
37.38407 4.37300 
37.39279 4.37400 
37.40151 4.37500 
37.41024 4.37600 
37.41896 4.37700 
37.42768 4.37800 
37.43640 4.37900 
37.44513 4.38000 
37.45385 4.38100 
37.46257 4.38200 
37.47130 4.38300 
37.48002 4.38400 
37.48874 4.38500 
37.49746 4.38600 
37.50619 4.38700 
37.51491 4.38800 
37.52363 4.38900 
37.53236 4.39000 
37.54108 4.39100 
37.54980 4.39200 
37.55852 4.39300 
37.56725 4.39400 
37.57597 4.39500 
37.58469 4.39600 
37.59342 4.39700 
37.60214 4.39800 
37.61086 4.39900 
37.61958 4.40000 
37.62831 4.40100 
37.63703 4.40200 
37.64575 4.40300 
37.65447 4.40400 
37.66320 4.40500 
37.67192 4.40600 
37.68064 4.40700 
37.68937 4.40800 
37.69809 4.40900 
37.70681 4.41000 
37.71553 4.41100 
37.72426 4.41200 
37.73298 4.41300 
37.74170 4.41400 
37.75043 4.41500 
37.75915 4.41600 
37.76787 4.41700 
37.77659 4.41800 
37.78532 4.41900 
37.79404 4.42000 
37.80276 4.42100 
37.81149 4.42200 
37.82021 4.42300 
37.82893 4.42400 
37.83765 4.42500 
37.84638 4.42600 
37.85510 4.42700 
37.86382 4.42800 
37.87254 4.42900 
37.88127 4.43000 
37.88999 4.43100 
37.89871 4.43200 
37.90744 4.43300 
37.91616 4.43400 
37.92488 4.43500 
37.93360 4.43600 
37.94233 4.43700 
37.95105 4.43800 
37.95977 4.43900 
37.96850 4.44000 
37.97722 4.44100 
37.98594 4.44200 
37.99466 4.44300 
38.00339 4.44400 
38.01211 4.44500 
38.02083 4.44600 
38.02955 4.44700 
38.03828 4.44800 
38.04700 4.44900 
38.05572 4.45000 
38.06445 4.45100 
38.07317 4.45200 
38.08189 4.45300 
38.09061 4.45400 
38.09934 4.45500 
38.10806 4.45600 
38.11678 4.45700 
38.12551 4.45800 
38.13423 4.45900 
38.14295 4.46000 
38.15167 4.46100 
38.16040 4.46200 
38.16912 4.46300 
38.17784 4.46400 
38.18657 4.46500 
38.19529 4.46600 
38.20401 4.46700 
38.21273 4.46800 
38.22146 4.46900 
38.23018 4.47000 
38.23890 4.47100 
38.24762 4.47200 
38.25635 4.47300 
38.26507 4.47400 
38.27379 4.47500 
38.28252 4.47600 
38.29124 4.47700 
38.29996 4.47800 
38.30868 4.47900 
38.31741 4.48000 
38.32613 4.48100 
38.33485 4.48200 
38.34358 4.48300 
38.35230 4.48400 
38.36102 4.48500 
38.36974 4.48600 
38.37847 4.48700 
38.38719 4.48800 
38.39591 4.48900 
38.40463 4.49000 
38.41336 4.49100 
38.42208 4.49200 
38.43080 4.49300 
38.43953 4.49400 
38.44825 4.49500 
38.45697 4.49600 
38.46569 4.49700 
38.47442 4.49800 
38.48314 4.49900 
38.49186 4.50000 
38.50059 4.50100 
38.50931 4.50200 
38.51803 4.50300 
38.52675 4.50400 
38.53548 4.50500 
38.54420 4.50600 
38.55292 4.50700 
38.56165 4.50800 
38.57037 4.50900 
38.57909 4.51000 
38.58781 4.51100 
38.59654 4.51200 
38.60526 4.51300 
38.61398 4.51400 
38.62270 4.51500 
38.63143 4.51600 
38.64015 4.51700 
38.64887 4.51800 
38.65760 4.51900 
38.66632 4.52000 
38.67504 4.52100 
38.68376 4.52200 
38.69249 4.52300 
38.70121 4.52400 
38.70993 4.52500 
38.71866 4.52600 
38.72738 4.52700 
38.73610 4.52800 
38.74482 4.52900 
38.75355 4.53000 
38.76227 4.53100 
38.77099 4.53200 
38.77971 4.53300 
38.78844 4.53400 
38.79716 4.53500 
38.80588 4.53600 
38.81461 4.53700 
38.82333 4.53800 
38.83205 4.53900 
38.84077 4.54000 
38.84950 4.54100 
38.85822 4.54200 
38.86694 4.54300 
38.87567 4.54400 
38.88439 4.54500 
38.89311 4.54600 
38.90183 4.54700 
38.91056 4.54800 
38.91928 4.54900 
38.92800 4.55000 
38.93673 4.55100 
38.94545 4.55200 
38.95417 4.55300 
38.96289 4.55400 
38.97162 4.55500 
38.98034 4.55600 
38.98906 4.55700 
38.99778 4.55800 
39.00651 4.55900 
39.01523 4.56000 
39.02395 4.56100 
39.03268 4.56200 
39.04140 4.56300 
39.05012 4.56400 
39.05884 4.56500 
39.06757 4.56600 
39.07629 4.56700 
39.08501 4.56800 
39.09374 4.56900 
39.10246 4.57000 
39.11118 4.57100 
39.11990 4.57200 
39.12863 4.57300 
39.13735 4.57400 
39.14607 4.57500 
39.15479 4.57600 
39.16352 4.57700 
39.17224 4.57800 
39.18096 4.57900 
39.18969 4.58000 
39.19841 4.58100 
39.20713 4.58200 
39.21585 4.58300 
39.22458 4.58400 
39.23330 4.58500 
39.24202 4.58600 
39.25075 4.58700 
39.25947 4.58800 
39.26819 4.58900 
39.27691 4.59000 
39.28564 4.59100 
39.29436 4.59200 
39.30308 4.59300 
39.31181 4.59400 
39.32053 4.59500 
39.32925 4.59600 
39.33797 4.59700 
39.34670 4.59800 
39.35542 4.59900 
39.36414 4.60000 
39.37286 4.60100 
39.38159 4.60200 
39.39031 4.60300 
39.39903 4.60400 
39.40776 4.60500 
39.41648 4.60600 
39.42520 4.60700 
39.43392 4.60800 
39.44265 4.60900 
39.45137 4.61000 
39.46009 4.61100 
39.46882 4.61200 
39.47754 4.61300 
39.48626 4.61400 
39.49498 4.61500 
39.50371 4.61600 
39.51243 4.61700 
39.52115 4.61800 
39.52987 4.61900 
39.53860 4.62000 
39.54732 4.62100 
39.55604 4.62200 
39.56477 4.62300 
39.57349 4.62400 
39.58221 4.62500 
39.59093 4.62600 
39.59966 4.62700 
39.60838 4.62800 
39.61710 4.62900 
39.62583 4.63000 
39.63455 4.63100 
39.64327 4.63200 
39.65199 4.63300 
39.66072 4.63400 
39.66944 4.63500 
39.67816 4.63600 
39.68689 4.63700 
39.69561 4.63800 
39.70433 4.63900 
39.71305 4.64000 
39.72178 4.64100 
39.73050 4.64200 
39.73922 4.64300 
39.74794 4.64400 
39.75667 4.64500 
39.76539 4.64600 
39.77411 4.64700 
39.78284 4.64800 
39.79156 4.64900 
39.80028 4.65000 
39.80900 4.65100 
39.81773 4.65200 
39.82645 4.65300 
39.83517 4.65400 
39.84390 4.65500 
39.85262 4.65600 
39.86134 4.65700 
39.87006 4.65800 
39.87879 4.65900 
39.88751 4.66000 
39.89623 4.66100 
39.90495 4.66200 
39.91368 4.66300 
39.92240 4.66400 
39.93112 4.66500 
39.93985 4.66600 
39.94857 4.66700 
39.95729 4.66800 
39.96601 4.66900 
39.97474 4.67000 
39.98346 4.67100 
39.99218 4.67200 
40.00091 4.67300 
40.00963 4.67400 
40.01835 4.67500 
40.02707 4.67600 
40.03580 4.67700 
40.04452 4.67800 
40.05324 4.67900 
40.06197 4.68000 
40.07069 4.68100 
40.07941 4.68200 
40.08813 4.68300 
40.09686 4.68400 
40.10558 4.68500 
40.11430 4.68600 
40.12302 4.68700 
40.13175 4.68800 
40.14047 4.68900 
40.14919 4.69000 
40.15792 4.69100 
40.16664 4.69200 
40.17536 4.69300 
40.18408 4.69400 
40.19281 4.69500 
40.20153 4.69600 
40.21025 4.69700 
40.21898 4.69800 
40.22770 4.69900 
40.23642 4.70000 
40.24514 4.70100 
40.25387 4.70200 
40.26259 4.70300 
40.27131 4.70400 
40.28003 4.70500 
40.28876 4.70600 
40.29748 4.70700 
40.30620 4.70800 
40.31493 4.70900 
40.32365 4.71000 
40.33237 4.71100 
40.34109 4.71200 
40.34982 4.71300 
40.35854 4.71400 
40.36726 4.71500 
40.37599 4.71600 
40.38471 4.71700 
40.39343 4.71800 
40.40215 4.71900 
40.41088 4.72000 
40.41960 4.72100 
40.42832 4.72200 
40.43705 4.72300 
40.44577 4.72400 
40.45449 4.72500 
40.46321 4.72600 
40.47194 4.72700 
40.48066 4.72800 
40.48938 4.72900 
40.49810 4.73000 
40.50683 4.73100 
40.51555 4.73200 
40.52427 4.73300 
40.53300 4.73400 
40.54172 4.73500 
40.55044 4.73600 
40.55916 4.73700 
40.56789 4.73800 
40.57661 4.73900 
40.58533 4.74000 
40.59406 4.74100 
40.60278 4.74200 
40.61150 4.74300 
40.62022 4.74400 
40.62895 4.74500 
40.63767 4.74600 
40.64639 4.74700 
40.65511 4.74800 
40.66384 4.74900 
40.67256 4.75000 
40.68128 4.75100 
40.69001 4.75200 
40.69873 4.75300 
40.70745 4.75400 
40.71617 4.75500 
40.72490 4.75600 
40.73362 4.75700 
40.74234 4.75800 
40.75107 4.75900 
40.75979 4.76000 
40.76851 4.76100 
40.77723 4.76200 
40.78596 4.76300 
40.79468 4.76400 
40.80340 4.76500 
40.81213 4.76600 
40.82085 4.76700 
40.82957 4.76800 
40.83829 4.76900 
40.84702 4.77000 
40.85574 4.77100 
40.86446 4.77200 
40.87318 4.77300 
40.88191 4.77400 
40.89063 4.77500 
40.89935 4.77600 
40.90808 4.77700 
40.91680 4.77800 
40.92552 4.77900 
40.93424 4.78000 
40.94297 4.78100 
40.95169 4.78200 
40.96041 4.78300 
40.96914 4.78400 
40.97786 4.78500 
40.98658 4.78600 
40.99530 4.78700 
41.00403 4.78800 
41.01275 4.78900 
41.02147 4.79000 
41.03019 4.79100 
41.03892 4.79200 
41.04764 4.79300 
41.05636 4.79400 
41.06509 4.79500 
41.07381 4.79600 
41.08253 4.79700 
41.09125 4.79800 
41.09998 4.79900 
41.10870 4.80000 
41.11742 4.80100 
41.12615 4.80200 
41.13487 4.80300 
41.14359 4.80400 
41.15231 4.80500 
41.16104 4.80600 
41.16976 4.80700 
41.17848 4.80800 
41.18721 4.80900 
41.19593 4.81000 
41.20465 4.81100 
41.21337 4.81200 
41.22210 4.81300 
41.23082 4.81400 
41.23954 4.81500 
41.24826 4.81600 
41.25699 4.81700 
41.26571 4.81800 
41.27443 4.81900 
41.28316 4.82000 
41.29188 4.82100 
41.30060 4.82200 
41.30932 4.82300 
41.31805 4.82400 
41.32677 4.82500 
41.33549 4.82600 
41.34422 4.82700 
41.35294 4.82800 
41.36166 4.82900 
41.37038 4.83000 
41.37911 4.83100 
41.38783 4.83200 
41.39655 4.83300 
41.40527 4.83400 
41.41400 4.83500 
41.42272 4.83600 
41.43144 4.83700 
41.44017 4.83800 
41.44889 4.83900 
41.45761 4.84000 
41.46633 4.84100 
41.47506 4.84200 
41.48378 4.84300 
41.49250 4.84400 
41.50123 4.84500 
41.50995 4.84600 
41.51867 4.84700 
41.52739 4.84800 
41.53612 4.84900 
41.54484 4.85000 
41.55356 4.85100 
41.56229 4.85200 
41.57101 4.85300 
41.57973 4.85400 
41.58845 4.85500 
41.59718 4.85600 
41.60590 4.85700 
41.61462 4.85800 
41.62334 4.85900 
41.63207 4.86000 
41.64079 4.86100 
41.64951 4.86200 
41.65824 4.86300 
41.66696 4.86400 
41.67568 4.86500 
41.68440 4.86600 
41.69313 4.86700 
41.70185 4.86800 
41.71057 4.86900 
41.71930 4.87000 
41.72802 4.87100 
41.73674 4.87200 
41.74546 4.87300 
41.75419 4.87400 
41.76291 4.87500 
41.77163 4.87600 
41.78035 4.87700 
41.78908 4.87800 
41.79780 4.87900 
41.80652 4.88000 
41.81525 4.88100 
41.82397 4.88200 
41.83269 4.88300 
41.84141 4.88400 
41.85014 4.88500 
41.85886 4.88600 
41.86758 4.88700 
41.87631 4.88800 
41.88503 4.88900 
41.89375 4.89000 
41.90247 4.89100 
41.91120 4.89200 
41.91992 4.89300 
41.92864 4.89400 
41.93737 4.89500 
41.94609 4.89600 
41.95481 4.89700 
41.96353 4.89800 
41.97226 4.89900 
41.98098 4.90000 
41.98970 4.90100 
41.99842 4.90200 
42.00715 4.90300 
42.01587 4.90400 
42.02459 4.90500 
42.03332 4.90600 
42.04204 4.90700 
42.05076 4.90800 
42.05948 4.90900 
42.06821 4.91000 
42.07693 4.91100 
42.08565 4.91200 
42.09438 4.91300 
42.10310 4.91400 
42.11182 4.91500 
42.12054 4.91600 
42.12927 4.91700 
42.13799 4.91800 
42.14671 4.91900 
42.15543 4.92000 
42.16416 4.92100 
42.17288 4.92200 
42.18160 4.92300 
42.19033 4.92400 
42.19905 4.92500 
42.20777 4.92600 
42.21649 4.92700 
42.22522 4.92800 
42.23394 4.92900 
42.24266 4.93000 
42.25139 4.93100 
42.26011 4.93200 
42.26883 4.93300 
42.27755 4.93400 
42.28628 4.93500 
42.29500 4.93600 
42.30372 4.93700 
42.31245 4.93800 
42.32117 4.93900 
42.32989 4.94000 
42.33861 4.94100 
42.34734 4.94200 
42.35606 4.94300 
42.36478 4.94400 
42.37350 4.94500 
42.38223 4.94600 
42.39095 4.94700 
42.39967 4.94800 
42.40840 4.94900 
42.41712 4.95000 
42.42584 4.95100 
42.43456 4.95200 
42.44329 4.95300 
42.45201 4.95400 
42.46073 4.95500 
42.46946 4.95600 
42.47818 4.95700 
42.48690 4.95800 
42.49562 4.95900 
42.50435 4.96000 
42.51307 4.96100 
42.52179 4.96200 
42.53051 4.96300 
42.53924 4.96400 
42.54796 4.96500 
42.55668 4.96600 
42.56541 4.96700 
42.57413 4.96800 
42.58285 4.96900 
42.59157 4.97000 
42.60030 4.97100 
42.60902 4.97200 
42.61774 4.97300 
42.62647 4.97400 
42.63519 4.97500 
42.64391 4.97600 
42.65263 4.97700 
42.66136 4.97800 
42.67008 4.97900 
42.67880 4.98000 
42.68753 4.98100 
42.69625 4.98200 
42.70497 4.98300 
42.71369 4.98400 
42.72242 4.98500 
42.73114 4.98600 
42.73986 4.98700 
42.74858 4.98800 
42.75731 4.98900 
42.76603 4.99000 
42.77475 4.99100 
42.78348 4.99200 
42.79220 4.99300 
42.80092 4.99400 
42.80964 4.99500 
42.81837 4.99600 
42.82709 4.99700 
42.83581 4.99800 
42.84454 4.99900 
