0.00000 0.00000 
-0.17082 0.00100 
-0.33970 0.00200 
-0.50664 0.00300 
-0.67169 0.00400 
-0.83485 0.00500 
-0.99615 0.00600 
-1.15561 0.00700 
-1.31325 0.00800 
-1.46910 0.00900 
-1.62317 0.01000 
-1.77548 0.01100 
-1.92605 0.01200 
-2.07491 0.01300 
-2.22207 0.01400 
-2.36755 0.01500 
-2.51137 0.01600 
-2.65356 0.01700 
-2.79412 0.01800 
-2.93308 0.01900 
-3.07045 0.02000 
-3.20626 0.02100 
-3.34052 0.02200 
-3.47325 0.02300 
-3.60446 0.02400 
-3.73418 0.02500 
-3.86242 0.02600 
-3.98919 0.02700 
-4.11453 0.02800 
-4.23843 0.02900 
-4.36092 0.03000 
-4.48201 0.03100 
-4.60172 0.03200 
-4.72007 0.03300 
-4.83707 0.03400 
-4.95274 0.03500 
-5.06709 0.03600 
-5.18013 0.03700 
-5.29189 0.03800 
-5.40237 0.03900 
-5.51159 0.04000 
-5.61956 0.04100 
-5.72631 0.04200 
-5.83183 0.04300 
-5.93616 0.04400 
-6.03929 0.04500 
-6.14125 0.04600 
-6.24204 0.04700 
-6.34169 0.04800 
-6.44020 0.04900 
-6.53759 0.05000 
-6.63386 0.05100 
-6.72904 0.05200 
-6.82314 0.05300 
-6.91616 0.05400 
-7.00812 0.05500 
-7.09903 0.05600 
-7.18890 0.05700 
-7.27775 0.05800 
-7.36559 0.05900 
-7.45242 0.06000 
-7.53827 0.06100 
-7.62314 0.06200 
-7.70703 0.06300 
-7.78998 0.06400 
-7.87197 0.06500 
-7.95303 0.06600 
-8.03317 0.06700 
-8.11239 0.06800 
-8.19071 0.06900 
-8.26814 0.07000 
-8.34468 0.07100 
-8.42036 0.07200 
-8.49516 0.07300 
-8.56912 0.07400 
-8.64223 0.07500 
-8.71451 0.07600 
-8.78596 0.07700 
-8.85660 0.07800 
-8.92644 0.07900 
-8.99548 0.08000 
-9.06373 0.08100 
-9.13120 0.08200 
-9.19790 0.08300 
-9.26384 0.08400 
-9.32904 0.08500 
-9.39348 0.08600 
-9.45719 0.08700 
-9.52018 0.08800 
-9.58245 0.08900 
-9.64401 0.09000 
-9.70486 0.09100 
-9.76502 0.09200 
-9.82450 0.09300 
-9.88330 0.09400 
-9.94143 0.09500 
-9.99889 0.09600 
-10.05570 0.09700 
-10.11186 0.09800 
-10.16738 0.09900 
-10.22227 0.10000 
-10.27653 0.10100 
-10.33018 0.10200 
-10.38321 0.10300 
-10.43563 0.10400 
-10.48746 0.10500 
-10.53870 0.10600 
-10.58936 0.10700 
-10.63943 0.10800 
-10.68894 0.10900 
-10.73788 0.11000 
-10.78626 0.11100 
-10.83409 0.11200 
-10.88138 0.11300 
-10.92813 0.11400 
-10.97434 0.11500 
-11.02003 0.11600 
-11.06520 0.11700 
-11.10985 0.11800 
-11.15399 0.11900 
-11.19763 0.12000 
-11.24077 0.12100 
-11.28342 0.12200 
-11.32558 0.12300 
-11.36727 0.12400 
-11.40847 0.12500 
-11.44921 0.12600 
-11.48948 0.12700 
-11.52930 0.12800 
-11.56866 0.12900 
-11.60757 0.13000 
-11.64604 0.13100 
-11.68407 0.13200 
-11.72166 0.13300 
-11.75883 0.13400 
-11.79557 0.13500 
-11.83190 0.13600 
-11.86781 0.13700 
-11.90331 0.13800 
-11.93840 0.13900 
-11.97310 0.14000 
-12.00740 0.14100 
-12.04131 0.14200 
-12.07483 0.14300 
-12.10797 0.14400 
-12.14074 0.14500 
-12.17313 0.14600 
-12.20515 0.14700 
-12.23680 0.14800 
-12.26810 0.14900 
-12.29903 0.15000 
-12.32962 0.15100 
-12.35985 0.15200 
-12.38975 0.15300 
-12.41930 0.15400 
-12.44851 0.15500 
-12.47739 0.15600 
-12.50594 0.15700 
-12.53417 0.15800 
-12.56207 0.15900 
-12.58966 0.16000 
-12.61693 0.16100 
-12.64389 0.16200 
-12.67054 0.16300 
-12.69689 0.16400 
-12.72294 0.16500 
-12.74869 0.16600 
-12.77415 0.16700 
-12.79932 0.16800 
-12.82420 0.16900 
-12.84880 0.17000 
-12.87312 0.17100 
-12.89716 0.17200 
-12.92092 0.17300 
-12.94442 0.17400 
-12.96765 0.17500 
-12.99061 0.17600 
-13.01331 0.17700 
-13.03575 0.17800 
-13.05794 0.17900 
-13.07987 0.18000 
-13.10155 0.18100 
-13.12299 0.18200 
-13.14418 0.18300 
-13.16513 0.18400 
-13.18584 0.18500 
-13.20632 0.18600 
-13.22656 0.18700 
-13.24657 0.18800 
-13.26635 0.18900 
-13.28591 0.19000 
-13.30524 0.19100 
-13.32435 0.19200 
-13.34325 0.19300 
-13.36193 0.19400 
-13.38040 0.19500 
-13.39865 0.19600 
-13.41670 0.19700 
-13.43455 0.19800 
-13.45219 0.19900 
-13.46962 0.20000 
-13.48686 0.20100 
-13.50391 0.20200 
-13.52076 0.20300 
-13.53741 0.20400 
-13.55388 0.20500 
-13.57016 0.20600 
-13.58625 0.20700 
-13.60216 0.20800 
-13.61789 0.20900 
-13.63343 0.21000 
-13.64879 0.21100 
-13.66398 0.21200 
-13.67899 0.21300 
-13.69383 0.21400 
-13.70851 0.21500 
-13.72301 0.21600 
-13.73735 0.21700 
-13.75153 0.21800 
-13.76555 0.21900 
-13.77941 0.22000 
-13.79310 0.22100 
-13.80665 0.22200 
-13.82004 0.22300 
-13.83327 0.22400 
-13.84636 0.22500 
-13.85930 0.22600 
-13.87209 0.22700 
-13.88473 0.22800 
-13.89723 0.22900 
-13.90959 0.23000 
-13.92181 0.23100 
-13.93388 0.23200 
-13.94582 0.23300 
-13.95763 0.23400 
-13.96930 0.23500 
-13.98084 0.23600 
-13.99224 0.23700 
-14.00352 0.23800 
-14.01467 0.23900 
-14.02569 0.24000 
-14.03658 0.24100 
-14.04735 0.24200 
-14.05800 0.24300 
-14.06853 0.24400 
-14.07894 0.24500 
-14.08923 0.24600 
-14.09940 0.24700 
-14.10946 0.24800 
-14.11940 0.24900 
-14.12923 0.25000 
-14.13894 0.25100 
-14.14855 0.25200 
-14.15805 0.25300 
-14.16743 0.25400 
-14.17672 0.25500 
-14.18589 0.25600 
-14.19496 0.25700 
-14.20393 0.25800 
-14.21280 0.25900 
-14.22156 0.26000 
-14.23023 0.26100 
-14.23880 0.26200 
-14.24726 0.26300 
-14.25564 0.26400 
-14.26391 0.26500 
-14.27210 0.26600 
-14.28019 0.26700 
-14.28819 0.26800 
-14.29609 0.26900 
-14.30391 0.27000 
-14.31164 0.27100 
-14.31928 0.27200 
-14.32683 0.27300 
-14.33430 0.27400 
-14.34168 0.27500 
-14.34898 0.27600 
-14.35619 0.27700 
-14.36332 0.27800 
-14.37038 0.27900 
-14.37735 0.28000 
-14.38424 0.28100 
-14.39105 0.28200 
-14.39779 0.28300 
-14.40445 0.28400 
-14.41103 0.28500 
-14.41754 0.28600 
-14.42397 0.28700 
-14.43033 0.28800 
-14.43662 0.28900 
-14.44284 0.29000 
-14.44898 0.29100 
-14.45506 0.29200 
-14.46107 0.29300 
-14.46700 0.29400 
-14.47288 0.29500 
-14.47868 0.29600 
-14.48442 0.29700 
-14.49009 0.29800 
-14.49570 0.29900 
-14.50124 0.30000 
-14.50672 0.30100 
-14.51214 0.30200 
-14.51750 0.30300 
-14.52279 0.30400 
-14.52803 0.30500 
-14.53321 0.30600 
-14.53833 0.30700 
-14.54339 0.30800 
-14.54839 0.30900 
-14.55334 0.31000 
-14.55822 0.31100 
-14.56306 0.31200 
-14.56784 0.31300 
-14.57256 0.31400 
-14.57723 0.31500 
-14.58185 0.31600 
-14.58641 0.31700 
-14.59092 0.31800 
-14.59538 0.31900 
-14.59979 0.32000 
-14.60415 0.32100 
-14.60846 0.32200 
-14.61272 0.32300 
-14.61694 0.32400 
-14.62110 0.32500 
-14.62522 0.32600 
-14.62929 0.32700 
-14.63331 0.32800 
-14.63729 0.32900 
-14.64122 0.33000 
-14.64510 0.33100 
-14.64895 0.33200 
-14.65275 0.33300 
-14.65650 0.33400 
-14.66021 0.33500 
-14.66388 0.33600 
-14.66751 0.33700 
-14.67110 0.33800 
-14.67465 0.33900 
-14.67815 0.34000 
-14.68162 0.34100 
-14.68505 0.34200 
-14.68843 0.34300 
-14.69178 0.34400 
-14.69509 0.34500 
-14.69836 0.34600 
-14.70160 0.34700 
-14.70480 0.34800 
-14.70796 0.34900 
-14.71109 0.35000 
-14.71418 0.35100 
-14.71723 0.35200 
-14.72025 0.35300 
-14.72324 0.35400 
-14.72619 0.35500 
-14.72911 0.35600 
-14.73200 0.35700 
-14.73485 0.35800 
-14.73767 0.35900 
-14.74045 0.36000 
-14.74321 0.36100 
-14.74593 0.36200 
-14.74863 0.36300 
-14.75129 0.36400 
-14.75392 0.36500 
-14.75653 0.36600 
-14.75910 0.36700 
-14.76164 0.36800 
-14.76416 0.36900 
-14.76665 0.37000 
-14.76910 0.37100 
-14.77153 0.37200 
-14.77394 0.37300 
-14.77631 0.37400 
-14.77866 0.37500 
-14.78098 0.37600 
-14.78328 0.37700 
-14.78555 0.37800 
-14.78779 0.37900 
-14.79001 0.38000 
-14.79220 0.38100 
-14.79437 0.38200 
-14.79651 0.38300 
-14.79863 0.38400 
-14.80072 0.38500 
-14.80279 0.38600 
-14.80484 0.38700 
-14.80686 0.38800 
-14.80886 0.38900 
-14.81084 0.39000 
-14.81279 0.39100 
-14.81473 0.39200 
-14.81664 0.39300 
-14.81853 0.39400 
-14.82039 0.39500 
-14.82224 0.39600 
-14.82406 0.39700 
-14.82587 0.39800 
-14.82765 0.39900 
-14.82942 0.40000 
-14.83116 0.40100 
-14.83288 0.40200 
-14.83459 0.40300 
-14.83627 0.40400 
-14.83794 0.40500 
-14.83958 0.40600 
-14.84121 0.40700 
-14.84282 0.40800 
-14.84441 0.40900 
-14.84598 0.41000 
-14.84754 0.41100 
-14.84907 0.41200 
-14.85059 0.41300 
-14.85209 0.41400 
-14.85358 0.41500 
-14.85505 0.41600 
-14.85650 0.41700 
-14.85793 0.41800 
-14.85935 0.41900 
-14.86075 0.42000 
-14.86214 0.42100 
-14.86351 0.42200 
-14.86487 0.42300 
-14.86621 0.42400 
-14.86753 0.42500 
-14.86884 0.42600 
-14.87013 0.42700 
-14.87141 0.42800 
-14.87268 0.42900 
-14.87393 0.43000 
-14.87516 0.43100 
-14.87639 0.43200 
-14.87759 0.43300 
-14.87879 0.43400 
-14.87997 0.43500 
-14.88114 0.43600 
-14.88229 0.43700 
-14.88343 0.43800 
-14.88456 0.43900 
-14.88567 0.44000 
-14.88678 0.44100 
-14.88787 0.44200 
-14.88894 0.44300 
-14.89001 0.44400 
-14.89106 0.44500 
-14.89210 0.44600 
-14.89313 0.44700 
-14.89415 0.44800 
-14.89515 0.44900 
-14.89615 0.45000 
-14.89713 0.45100 
-14.89810 0.45200 
-14.89906 0.45300 
-14.90001 0.45400 
-14.90095 0.45500 
-14.90188 0.45600 
-14.90280 0.45700 
-14.90370 0.45800 
-14.90460 0.45900 
-14.90549 0.46000 
-14.90636 0.46100 
-14.90723 0.46200 
-14.90809 0.46300 
-14.90893 0.46400 
-14.90977 0.46500 
-14.91060 0.46600 
-14.91142 0.46700 
-14.91223 0.46800 
-14.91303 0.46900 
-14.91382 0.47000 
-14.91460 0.47100 
-14.91537 0.47200 
-14.91613 0.47300 
-14.91689 0.47400 
-14.91764 0.47500 
-14.91837 0.47600 
-14.91910 0.47700 
-14.91982 0.47800 
-14.92054 0.47900 
-14.92124 0.48000 
-14.92194 0.48100 
-14.92263 0.48200 
-14.92331 0.48300 
-14.92398 0.48400 
-14.92465 0.48500 
-14.92531 0.48600 
-14.92596 0.48700 
-14.92660 0.48800 
-14.92724 0.48900 
-14.92786 0.49000 
-14.92849 0.49100 
-14.92910 0.49200 
-14.92971 0.49300 
-14.93031 0.49400 
-14.93090 0.49500 
-14.93149 0.49600 
-14.93207 0.49700 
-14.93264 0.49800 
-14.93321 0.49900 
-14.93377 0.50000 
-14.93432 0.50100 
-14.93487 0.50200 
-14.93541 0.50300 
-14.93595 0.50400 
-14.93648 0.50500 
-14.93700 0.50600 
-14.93752 0.50700 
-14.93803 0.50800 
-14.93854 0.50900 
-14.93904 0.51000 
-14.93953 0.51100 
-14.94002 0.51200 
-14.94051 0.51300 
-14.94099 0.51400 
-14.94146 0.51500 
-14.94193 0.51600 
-14.94239 0.51700 
-14.94284 0.51800 
-14.94330 0.51900 
-14.94374 0.52000 
-14.94418 0.52100 
-14.94462 0.52200 
-14.94505 0.52300 
-14.94548 0.52400 
-14.94590 0.52500 
-14.94632 0.52600 
-14.94673 0.52700 
-14.94714 0.52800 
-14.94754 0.52900 
-14.94794 0.53000 
-14.94833 0.53100 
-14.94872 0.53200 
-14.94911 0.53300 
-14.94949 0.53400 
-14.94986 0.53500 
-14.95023 0.53600 
-14.95060 0.53700 
-14.95097 0.53800 
-14.95133 0.53900 
-14.95168 0.54000 
-14.95203 0.54100 
-14.95238 0.54200 
-14.95272 0.54300 
-14.95306 0.54400 
-14.95340 0.54500 
-14.95373 0.54600 
-14.95406 0.54700 
-14.95438 0.54800 
-14.95470 0.54900 
-14.95502 0.55000 
-14.95533 0.55100 
-14.95564 0.55200 
-14.95595 0.55300 
-14.95625 0.55400 
-14.95655 0.55500 
-14.95685 0.55600 
-14.95714 0.55700 
-14.95743 0.55800 
-14.95772 0.55900 
-14.95800 0.56000 
-14.95828 0.56100 
-14.95856 0.56200 
-14.95883 0.56300 
-14.95910 0.56400 
-14.95937 0.56500 
-14.95963 0.56600 
-14.95989 0.56700 
-14.96015 0.56800 
-14.96041 0.56900 
-14.96066 0.57000 
-14.96091 0.57100 
-14.96116 0.57200 
-14.96140 0.57300 
-14.96164 0.57400 
-14.96188 0.57500 
-14.96212 0.57600 
-14.96235 0.57700 
-14.96258 0.57800 
-14.96281 0.57900 
-14.96303 0.58000 
-14.96326 0.58100 
-14.96348 0.58200 
-14.96369 0.58300 
-14.96391 0.58400 
-14.96412 0.58500 
-14.96433 0.58600 
-14.96454 0.58700 
-14.96474 0.58800 
-14.96495 0.58900 
-14.96515 0.59000 
-14.96535 0.59100 
-14.96554 0.59200 
-14.96574 0.59300 
-14.96593 0.59400 
-14.96612 0.59500 
-14.96631 0.59600 
-14.96649 0.59700 
-14.96668 0.59800 
-14.96686 0.59900 
-14.96704 0.60000 
-14.96722 0.60100 
-14.96739 0.60200 
-14.96756 0.60300 
-14.96774 0.60400 
-14.96790 0.60500 
-14.96807 0.60600 
-14.96824 0.60700 
-14.96840 0.60800 
-14.96856 0.60900 
-14.96872 0.61000 
-14.96888 0.61100 
-14.96904 0.61200 
-14.96919 0.61300 
-14.96935 0.61400 
-14.96950 0.61500 
-14.96965 0.61600 
-14.96979 0.61700 
-14.96994 0.61800 
-14.97008 0.61900 
-14.97023 0.62000 
-14.97037 0.62100 
-14.97051 0.62200 
-14.97065 0.62300 
-14.97078 0.62400 
-14.97092 0.62500 
-14.97105 0.62600 
-14.97118 0.62700 
-14.97131 0.62800 
-14.97144 0.62900 
-14.97157 0.63000 
-14.97169 0.63100 
-14.97182 0.63200 
-14.97194 0.63300 
-14.97206 0.63400 
-14.97218 0.63500 
-14.97230 0.63600 
-14.97242 0.63700 
-14.97254 0.63800 
-14.97265 0.63900 
-14.97277 0.64000 
-14.97288 0.64100 
-14.97299 0.64200 
-14.97310 0.64300 
-14.97321 0.64400 
-14.97331 0.64500 
-14.97342 0.64600 
-14.97353 0.64700 
-14.97363 0.64800 
-14.97373 0.64900 
-14.97383 0.65000 
-14.97393 0.65100 
-14.97403 0.65200 
-14.97413 0.65300 
-14.97423 0.65400 
-14.97432 0.65500 
-14.97442 0.65600 
-14.97451 0.65700 
-14.97460 0.65800 
-14.97470 0.65900 
-14.97479 0.66000 
-14.97488 0.66100 
-14.97496 0.66200 
-14.97505 0.66300 
-14.97514 0.66400 
-14.97522 0.66500 
-14.97531 0.66600 
-14.97539 0.66700 
-14.97547 0.66800 
-14.97556 0.66900 
-14.97564 0.67000 
-14.97572 0.67100 
-14.97580 0.67200 
-14.97587 0.67300 
-14.97595 0.67400 
-14.97603 0.67500 
-14.97610 0.67600 
-14.97618 0.67700 
-14.97625 0.67800 
-14.97632 0.67900 
-14.97639 0.68000 
-14.97647 0.68100 
-14.97654 0.68200 
-14.97661 0.68300 
-14.97667 0.68400 
-14.97674 0.68500 
-14.97681 0.68600 
-14.97688 0.68700 
-14.97694 0.68800 
-14.97701 0.68900 
-14.97707 0.69000 
-14.97714 0.69100 
-14.97720 0.69200 
-14.97726 0.69300 
-14.97732 0.69400 
-14.97738 0.69500 
-14.97744 0.69600 
-14.97750 0.69700 
-14.97756 0.69800 
-14.97762 0.69900 
-14.97768 0.70000 
-14.97773 0.70100 
-14.97779 0.70200 
-14.97784 0.70300 
-14.97790 0.70400 
-14.97795 0.70500 
-14.97801 0.70600 
-14.97806 0.70700 
-14.97811 0.70800 
-14.97816 0.70900 
-14.97821 0.71000 
-14.97827 0.71100 
-14.97832 0.71200 
-14.97836 0.71300 
-14.97841 0.71400 
-14.97846 0.71500 
-14.97851 0.71600 
-14.97856 0.71700 
-14.97860 0.71800 
-14.97865 0.71900 
-14.97870 0.72000 
-14.97874 0.72100 
-14.97879 0.72200 
-14.97883 0.72300 
-14.97887 0.72400 
-14.97892 0.72500 
-14.97896 0.72600 
-14.97900 0.72700 
-14.97904 0.72800 
-14.97908 0.72900 
-14.97912 0.73000 
-14.97916 0.73100 
-14.97920 0.73200 
-14.97924 0.73300 
-14.97928 0.73400 
-14.97932 0.73500 
-14.97936 0.73600 
-14.97940 0.73700 
-14.97943 0.73800 
-14.97947 0.73900 
-14.97951 0.74000 
-14.97954 0.74100 
-14.97958 0.74200 
-14.97961 0.74300 
-14.97965 0.74400 
-14.97968 0.74500 
-14.97972 0.74600 
-14.97975 0.74700 
-14.97978 0.74800 
-14.97982 0.74900 
-14.97985 0.75000 
-14.97988 0.75100 
-14.97991 0.75200 
-14.97994 0.75300 
-14.97997 0.75400 
-14.98001 0.75500 
-14.98004 0.75600 
-14.98007 0.75700 
-14.98010 0.75800 
-14.98012 0.75900 
-14.98015 0.76000 
-14.98018 0.76100 
-14.98021 0.76200 
-14.98024 0.76300 
-14.98027 0.76400 
-14.98029 0.76500 
-14.98032 0.76600 
-14.98035 0.76700 
-14.98037 0.76800 
-14.98040 0.76900 
-14.98043 0.77000 
-14.98045 0.77100 
-14.98048 0.77200 
-14.98050 0.77300 
-14.98053 0.77400 
-14.98055 0.77500 
-14.98057 0.77600 
-14.98060 0.77700 
-14.98062 0.77800 
-14.98064 0.77900 
-14.98067 0.78000 
-14.98069 0.78100 
-14.98071 0.78200 
-14.98074 0.78300 
-14.98076 0.78400 
-14.98078 0.78500 
-14.98080 0.78600 
-14.98082 0.78700 
-14.98084 0.78800 
-14.98086 0.78900 
-14.98088 0.79000 
-14.98090 0.79100 
-14.98092 0.79200 
-14.98094 0.79300 
-14.98096 0.79400 
-14.98098 0.79500 
-14.98100 0.79600 
-14.98102 0.79700 
-14.98104 0.79800 
-14.98106 0.79900 
-14.98108 0.80000 
-14.98110 0.80100 
-14.98111 0.80200 
-14.98113 0.80300 
-14.98115 0.80400 
-14.98117 0.80500 
-14.98118 0.80600 
-14.98120 0.80700 
-14.98122 0.80800 
-14.98123 0.80900 
-14.98125 0.81000 
-14.98127 0.81100 
-14.98128 0.81200 
-14.98130 0.81300 
-14.98131 0.81400 
-14.98133 0.81500 
-14.98134 0.81600 
-14.98136 0.81700 
-14.98137 0.81800 
-14.98139 0.81900 
-14.98140 0.82000 
-14.98142 0.82100 
-14.98143 0.82200 
-14.98145 0.82300 
-14.98146 0.82400 
-14.98147 0.82500 
-14.98149 0.82600 
-14.98150 0.82700 
-14.98151 0.82800 
-14.98153 0.82900 
-14.98154 0.83000 
-14.98155 0.83100 
-14.98157 0.83200 
-14.98158 0.83300 
-14.98159 0.83400 
-14.98160 0.83500 
-14.98162 0.83600 
-14.98163 0.83700 
-14.98164 0.83800 
-14.98165 0.83900 
-14.98166 0.84000 
-14.98167 0.84100 
-14.98169 0.84200 
-14.98170 0.84300 
-14.98171 0.84400 
-14.98172 0.84500 
-14.98173 0.84600 
-14.98174 0.84700 
-14.98175 0.84800 
-14.98176 0.84900 
-14.98177 0.85000 
-14.98178 0.85100 
-14.98179 0.85200 
-14.98180 0.85300 
-14.98181 0.85400 
-14.98182 0.85500 
-14.98183 0.85600 
-14.98184 0.85700 
-14.98185 0.85800 
-14.98186 0.85900 
-14.98187 0.86000 
-14.98188 0.86100 
-14.98189 0.86200 
-14.98190 0.86300 
-14.98191 0.86400 
-14.98191 0.86500 
-14.98192 0.86600 
-14.98193 0.86700 
-14.98194 0.86800 
-14.98195 0.86900 
-14.98196 0.87000 
-14.98196 0.87100 
-14.98197 0.87200 
-14.98198 0.87300 
-14.98199 0.87400 
-14.98200 0.87500 
-14.98200 0.87600 
-14.98201 0.87700 
-14.98202 0.87800 
-14.98203 0.87900 
-14.98203 0.88000 
-14.98204 0.88100 
-14.98205 0.88200 
-14.98206 0.88300 
-14.98206 0.88400 
-14.98207 0.88500 
-14.98208 0.88600 
-14.98208 0.88700 
-14.98209 0.88800 
-14.98210 0.88900 
-14.98210 0.89000 
-14.98211 0.89100 
-14.98212 0.89200 
-14.98212 0.89300 
-14.98213 0.89400 
-14.98214 0.89500 
-14.98214 0.89600 
-14.98215 0.89700 
-14.98215 0.89800 
-14.98216 0.89900 
-14.98217 0.90000 
-14.98217 0.90100 
-14.98218 0.90200 
-14.98218 0.90300 
-14.98219 0.90400 
-14.98219 0.90500 
-14.98220 0.90600 
-14.98220 0.90700 
-14.98221 0.90800 
-14.98221 0.90900 
-14.98222 0.91000 
-14.98223 0.91100 
-14.98223 0.91200 
-14.98224 0.91300 
-14.98224 0.91400 
-14.98225 0.91500 
-14.98225 0.91600 
-14.98226 0.91700 
-14.98226 0.91800 
-14.98226 0.91900 
-14.98227 0.92000 
-14.98227 0.92100 
-14.98228 0.92200 
-14.98228 0.92300 
-14.98229 0.92400 
-14.98229 0.92500 
-14.98230 0.92600 
-14.98230 0.92700 
-14.98230 0.92800 
-14.98231 0.92900 
-14.98231 0.93000 
-14.98232 0.93100 
-14.98232 0.93200 
-14.98233 0.93300 
-14.98233 0.93400 
-14.98233 0.93500 
-14.98234 0.93600 
-14.98234 0.93700 
-14.98234 0.93800 
-14.98235 0.93900 
-14.98235 0.94000 
-14.98236 0.94100 
-14.98236 0.94200 
-14.98236 0.94300 
-14.98237 0.94400 
-14.98237 0.94500 
-14.98237 0.94600 
-14.98238 0.94700 
-14.98238 0.94800 
-14.98238 0.94900 
-14.98239 0.95000 
-14.98239 0.95100 
-14.98239 0.95200 
-14.98240 0.95300 
-14.98240 0.95400 
-14.98240 0.95500 
-14.98241 0.95600 
-14.98241 0.95700 
-14.98241 0.95800 
-14.98242 0.95900 
-14.98242 0.96000 
-14.98242 0.96100 
-14.98242 0.96200 
-14.98243 0.96300 
-14.98243 0.96400 
-14.98243 0.96500 
-14.98244 0.96600 
-14.98244 0.96700 
-14.98244 0.96800 
-14.98244 0.96900 
-14.98245 0.97000 
-14.98245 0.97100 
-14.98245 0.97200 
-14.98245 0.97300 
-14.98246 0.97400 
-14.98246 0.97500 
-14.98246 0.97600 
-14.98246 0.97700 
-14.98247 0.97800 
-14.98247 0.97900 
-14.98247 0.98000 
-14.98247 0.98100 
-14.98248 0.98200 
-14.98248 0.98300 
-14.98248 0.98400 
-14.98248 0.98500 
-14.98248 0.98600 
-14.98249 0.98700 
-14.98249 0.98800 
-14.98249 0.98900 
-14.98249 0.99000 
-14.98250 0.99100 
-14.98250 0.99200 
-14.98250 0.99300 
-14.98250 0.99400 
-14.98250 0.99500 
-14.98251 0.99600 
-14.98251 0.99700 
-14.98251 0.99800 
-14.98251 0.99900 
