0.00000 0.00000 
0.00001 0.00100 
0.00006 0.00200 
0.00015 0.00300 
0.00029 0.00400 
0.00048 0.00500 
0.00071 0.00600 
0.00099 0.00700 
0.00132 0.00800 
0.00168 0.00900 
0.00210 0.01000 
0.00255 0.01100 
0.00305 0.01200 
0.00359 0.01300 
0.00418 0.01400 
0.00480 0.01500 
0.00547 0.01600 
0.00618 0.01700 
0.00692 0.01800 
0.00771 0.01900 
0.00854 0.02000 
0.00940 0.02100 
0.01031 0.02200 
0.01125 0.02300 
0.01223 0.02400 
0.01324 0.02500 
0.01430 0.02600 
0.01538 0.02700 
0.01651 0.02800 
0.01767 0.02900 
0.01886 0.03000 
0.02009 0.03100 
0.02136 0.03200 
0.02265 0.03300 
0.02399 0.03400 
0.02535 0.03500 
0.02675 0.03600 
0.02817 0.03700 
0.02963 0.03800 
0.03113 0.03900 
0.03265 0.04000 
0.03420 0.04100 
0.03579 0.04200 
0.03740 0.04300 
0.03905 0.04400 
0.04072 0.04500 
0.04242 0.04600 
0.04416 0.04700 
0.04592 0.04800 
0.04770 0.04900 
0.04952 0.05000 
0.05136 0.05100 
0.05323 0.05200 
0.05513 0.05300 
0.05706 0.05400 
0.05901 0.05500 
0.06098 0.05600 
0.06298 0.05700 
0.06501 0.05800 
0.06706 0.05900 
0.06914 0.06000 
0.07124 0.06100 
0.07336 0.06200 
0.07551 0.06300 
0.07769 0.06400 
0.07988 0.06500 
0.08210 0.06600 
0.08434 0.06700 
0.08661 0.06800 
0.08889 0.06900 
0.09120 0.07000 
0.09353 0.07100 
0.09589 0.07200 
0.09826 0.07300 
0.10065 0.07400 
0.10307 0.07500 
0.10551 0.07600 
0.10796 0.07700 
0.11044 0.07800 
0.11293 0.07900 
0.11545 0.08000 
0.11799 0.08100 
0.12054 0.08200 
0.12311 0.08300 
0.12571 0.08400 
0.12832 0.08500 
0.13095 0.08600 
0.13359 0.08700 
0.13626 0.08800 
0.13894 0.08900 
0.14164 0.09000 
0.14436 0.09100 
0.14709 0.09200 
0.14984 0.09300 
0.15261 0.09400 
0.15540 0.09500 
0.15820 0.09600 
0.16102 0.09700 
0.16385 0.09800 
0.16670 0.09900 
0.16956 0.10000 
0.17244 0.10100 
0.17534 0.10200 
0.17825 0.10300 
0.18117 0.10400 
0.18411 0.10500 
0.18707 0.10600 
0.19003 0.10700 
0.19302 0.10800 
0.19601 0.10900 
0.19903 0.11000 
0.20205 0.11100 
0.20509 0.11200 
0.20814 0.11300 
0.21120 0.11400 
0.21428 0.11500 
0.21737 0.11600 
0.22048 0.11700 
0.22359 0.11800 
0.22672 0.11900 
0.22986 0.12000 
0.23302 0.12100 
0.23618 0.12200 
0.23936 0.12300 
0.24255 0.12400 
0.24575 0.12500 
0.24896 0.12600 
0.25219 0.12700 
0.25542 0.12800 
0.25867 0.12900 
0.26193 0.13000 
0.26519 0.13100 
0.26847 0.13200 
0.27176 0.13300 
0.27506 0.13400 
0.27837 0.13500 
0.28170 0.13600 
0.28503 0.13700 
0.28837 0.13800 
0.29172 0.13900 
0.29508 0.14000 
0.29845 0.14100 
0.30183 0.14200 
0.30522 0.14300 
0.30862 0.14400 
0.31203 0.14500 
0.31545 0.14600 
0.31887 0.14700 
0.32231 0.14800 
0.32575 0.14900 
0.32921 0.15000 
0.33267 0.15100 
0.33614 0.15200 
0.33962 0.15300 
0.34311 0.15400 
0.34660 0.15500 
0.35010 0.15600 
0.35362 0.15700 
0.35714 0.15800 
0.36066 0.15900 
0.36420 0.16000 
0.36774 0.16100 
0.37129 0.16200 
0.37485 0.16300 
0.37842 0.16400 
0.38199 0.16500 
0.38557 0.16600 
0.38916 0.16700 
0.39275 0.16800 
0.39635 0.16900 
0.39996 0.17000 
0.40358 0.17100 
0.40720 0.17200 
0.41083 0.17300 
0.41447 0.17400 
0.41811 0.17500 
0.42176 0.17600 
0.42541 0.17700 
0.42907 0.17800 
0.43274 0.17900 
0.43642 0.18000 
0.44010 0.18100 
0.44378 0.18200 
0.44748 0.18300 
0.45117 0.18400 
0.45488 0.18500 
0.45859 0.18600 
0.46230 0.18700 
0.46602 0.18800 
0.46975 0.18900 
0.47348 0.19000 
0.47722 0.19100 
0.48097 0.19200 
0.48471 0.19300 
0.48847 0.19400 
0.49223 0.19500 
0.49599 0.19600 
0.49976 0.19700 
0.50353 0.19800 
0.50731 0.19900 
0.51110 0.20000 
0.51489 0.20100 
0.51868 0.20200 
0.52248 0.20300 
0.52628 0.20400 
0.53009 0.20500 
0.53390 0.20600 
0.53772 0.20700 
0.54154 0.20800 
0.54537 0.20900 
0.54920 0.21000 
0.55303 0.21100 
0.55687 0.21200 
0.56071 0.21300 
0.56456 0.21400 
0.56841 0.21500 
0.57227 0.21600 
0.57613 0.21700 
0.57999 0.21800 
0.58386 0.21900 
0.58773 0.22000 
0.59160 0.22100 
0.59548 0.22200 
0.59936 0.22300 
0.60325 0.22400 
0.60714 0.22500 
0.61103 0.22600 
0.61493 0.22700 
0.61883 0.22800 
0.62274 0.22900 
0.62664 0.23000 
0.63056 0.23100 
0.63447 0.23200 
0.63839 0.23300 
0.64231 0.23400 
0.64623 0.23500 
0.65016 0.23600 
0.65409 0.23700 
0.65803 0.23800 
0.66196 0.23900 
0.66590 0.24000 
0.66985 0.24100 
0.67379 0.24200 
0.67774 0.24300 
0.68170 0.24400 
0.68565 0.24500 
0.68961 0.24600 
0.69357 0.24700 
0.69754 0.24800 
0.70150 0.24900 
0.70547 0.25000 
0.70944 0.25100 
0.71342 0.25200 
0.71740 0.25300 
0.72138 0.25400 
0.72536 0.25500 
0.72935 0.25600 
0.73333 0.25700 
0.73732 0.25800 
0.74132 0.25900 
0.74531 0.26000 
0.74931 0.26100 
0.75331 0.26200 
0.75731 0.26300 
0.76132 0.26400 
0.76532 0.26500 
0.76933 0.26600 
0.77335 0.26700 
0.77736 0.26800 
0.78138 0.26900 
0.78540 0.27000 
0.78942 0.27100 
0.79344 0.27200 
0.79746 0.27300 
0.80149 0.27400 
0.80552 0.27500 
0.80955 0.27600 
0.81358 0.27700 
0.81762 0.27800 
0.82166 0.27900 
0.82569 0.28000 
0.82974 0.28100 
0.83378 0.28200 
0.83782 0.28300 
0.84187 0.28400 
0.84592 0.28500 
0.84997 0.28600 
0.85402 0.28700 
0.85807 0.28800 
0.86213 0.28900 
0.86619 0.29000 
0.87025 0.29100 
0.87431 0.29200 
0.87837 0.29300 
0.88243 0.29400 
0.88650 0.29500 
0.89057 0.29600 
0.89464 0.29700 
0.89871 0.29800 
0.90278 0.29900 
0.90685 0.30000 
0.91093 0.30100 
0.91501 0.30200 
0.91908 0.30300 
0.92316 0.30400 
0.92724 0.30500 
0.93133 0.30600 
0.93541 0.30700 
0.93950 0.30800 
0.94358 0.30900 
0.94767 0.31000 
0.95176 0.31100 
0.95585 0.31200 
0.95995 0.31300 
0.96404 0.31400 
0.96813 0.31500 
0.97223 0.31600 
0.97633 0.31700 
0.98043 0.31800 
0.98453 0.31900 
0.98863 0.32000 
0.99273 0.32100 
0.99683 0.32200 
1.00094 0.32300 
1.00505 0.32400 
1.00915 0.32500 
1.01326 0.32600 
1.01737 0.32700 
1.02148 0.32800 
1.02559 0.32900 
1.02971 0.33000 
1.03382 0.33100 
1.03793 0.33200 
1.04205 0.33300 
1.04617 0.33400 
1.05029 0.33500 
1.05441 0.33600 
1.05853 0.33700 
1.06265 0.33800 
1.06677 0.33900 
1.07089 0.34000 
1.07502 0.34100 
1.07914 0.34200 
1.08327 0.34300 
1.08739 0.34400 
1.09152 0.34500 
1.09565 0.34600 
1.09978 0.34700 
1.10391 0.34800 
1.10804 0.34900 
1.11217 0.35000 
1.11631 0.35100 
1.12044 0.35200 
1.12458 0.35300 
1.12871 0.35400 
1.13285 0.35500 
1.13699 0.35600 
1.14112 0.35700 
1.14526 0.35800 
1.14940 0.35900 
1.15354 0.36000 
1.15768 0.36100 
1.16183 0.36200 
1.16597 0.36300 
1.17011 0.36400 
1.17426 0.36500 
1.17840 0.36600 
1.18255 0.36700 
1.18669 0.36800 
1.19084 0.36900 
1.19499 0.37000 
1.19914 0.37100 
1.20329 0.37200 
1.20744 0.37300 
1.21159 0.37400 
1.21574 0.37500 
1.21989 0.37600 
1.22404 0.37700 
1.22820 0.37800 
1.23235 0.37900 
1.23650 0.38000 
1.24066 0.38100 
1.24481 0.38200 
1.24897 0.38300 
1.25313 0.38400 
1.25728 0.38500 
1.26144 0.38600 
1.26560 0.38700 
1.26976 0.38800 
1.27392 0.38900 
1.27808 0.39000 
1.28224 0.39100 
1.28640 0.39200 
1.29056 0.39300 
1.29472 0.39400 
1.29889 0.39500 
1.30305 0.39600 
1.30721 0.39700 
1.31138 0.39800 
1.31554 0.39900 
1.31971 0.40000 
1.32387 0.40100 
1.32804 0.40200 
1.33221 0.40300 
1.33637 0.40400 
1.34054 0.40500 
1.34471 0.40600 
1.34888 0.40700 
1.35305 0.40800 
1.35722 0.40900 
1.36139 0.41000 
1.36556 0.41100 
1.36973 0.41200 
1.37390 0.41300 
1.37807 0.41400 
1.38224 0.41500 
1.38642 0.41600 
1.39059 0.41700 
1.39476 0.41800 
1.39893 0.41900 
1.40311 0.42000 
1.40728 0.42100 
1.41146 0.42200 
1.41563 0.42300 
1.41981 0.42400 
1.42398 0.42500 
1.42816 0.42600 
1.43234 0.42700 
1.43651 0.42800 
1.44069 0.42900 
1.44487 0.43000 
1.44905 0.43100 
1.45322 0.43200 
1.45740 0.43300 
1.46158 0.43400 
1.46576 0.43500 
1.46994 0.43600 
1.47412 0.43700 
1.47830 0.43800 
1.48248 0.43900 
1.48666 0.44000 
1.49084 0.44100 
1.49503 0.44200 
1.49921 0.44300 
1.50339 0.44400 
1.50757 0.44500 
1.51175 0.44600 
1.51594 0.44700 
1.52012 0.44800 
1.52430 0.44900 
1.52849 0.45000 
1.53267 0.45100 
1.53686 0.45200 
1.54104 0.45300 
1.54523 0.45400 
1.54941 0.45500 
1.55360 0.45600 
1.55778 0.45700 
1.56197 0.45800 
1.56615 0.45900 
1.57034 0.46000 
1.57453 0.46100 
1.57871 0.46200 
1.58290 0.46300 
1.58709 0.46400 
1.59127 0.46500 
1.59546 0.46600 
1.59965 0.46700 
1.60384 0.46800 
1.60803 0.46900 
1.61222 0.47000 
1.61640 0.47100 
1.62059 0.47200 
1.62478 0.47300 
1.62897 0.47400 
1.63316 0.47500 
1.63735 0.47600 
1.64154 0.47700 
1.64573 0.47800 
1.64992 0.47900 
1.65411 0.48000 
1.65830 0.48100 
1.66250 0.48200 
1.66669 0.48300 
1.67088 0.48400 
1.67507 0.48500 
1.67926 0.48600 
1.68345 0.48700 
1.68765 0.48800 
1.69184 0.48900 
1.69603 0.49000 
1.70022 0.49100 
1.70442 0.49200 
1.70861 0.49300 
1.71280 0.49400 
1.71700 0.49500 
1.72119 0.49600 
1.72538 0.49700 
1.72958 0.49800 
1.73377 0.49900 
1.73796 0.50000 
1.74216 0.50100 
1.74635 0.50200 
1.75055 0.50300 
1.75474 0.50400 
1.75894 0.50500 
1.76313 0.50600 
1.76733 0.50700 
1.77152 0.50800 
1.77572 0.50900 
1.77991 0.51000 
1.78411 0.51100 
1.78830 0.51200 
1.79250 0.51300 
1.79670 0.51400 
1.80089 0.51500 
1.80509 0.51600 
1.80929 0.51700 
1.81348 0.51800 
1.81768 0.51900 
1.82188 0.52000 
1.82607 0.52100 
1.83027 0.52200 
1.83447 0.52300 
1.83866 0.52400 
1.84286 0.52500 
1.84706 0.52600 
1.85126 0.52700 
1.85546 0.52800 
1.85965 0.52900 
1.86385 0.53000 
1.86805 0.53100 
1.87225 0.53200 
1.87645 0.53300 
1.88064 0.53400 
1.88484 0.53500 
1.88904 0.53600 
1.89324 0.53700 
1.89744 0.53800 
1.90164 0.53900 
1.90584 0.54000 
1.91004 0.54100 
1.91424 0.54200 
1.91843 0.54300 
1.92263 0.54400 
1.92683 0.54500 
1.93103 0.54600 
1.93523 0.54700 
1.93943 0.54800 
1.94363 0.54900 
1.94783 0.55000 
1.95203 0.55100 
1.95623 0.55200 
1.96043 0.55300 
1.96463 0.55400 
1.96883 0.55500 
1.97303 0.55600 
1.97723 0.55700 
1.98143 0.55800 
1.98564 0.55900 
1.98984 0.56000 
1.99404 0.56100 
1.99824 0.56200 
2.00244 0.56300 
2.00664 0.56400 
2.01084 0.56500 
2.01504 0.56600 
2.01924 0.56700 
2.02345 0.56800 
2.02765 0.56900 
2.03185 0.57000 
2.03605 0.57100 
2.04025 0.57200 
2.04445 0.57300 
2.04865 0.57400 
2.05286 0.57500 
2.05706 0.57600 
2.06126 0.57700 
2.06546 0.57800 
2.06966 0.57900 
2.07387 0.58000 
2.07807 0.58100 
2.08227 0.58200 
2.08647 0.58300 
2.09068 0.58400 
2.09488 0.58500 
2.09908 0.58600 
2.10328 0.58700 
2.10749 0.58800 
2.11169 0.58900 
2.11589 0.59000 
2.12009 0.59100 
2.12430 0.59200 
2.12850 0.59300 
2.13270 0.59400 
2.13691 0.59500 
2.14111 0.59600 
2.14531 0.59700 
2.14951 0.59800 
2.15372 0.59900 
2.15792 0.60000 
2.16212 0.60100 
2.16633 0.60200 
2.17053 0.60300 
2.17473 0.60400 
2.17894 0.60500 
2.18314 0.60600 
2.18734 0.60700 
2.19155 0.60800 
2.19575 0.60900 
2.19996 0.61000 
2.20416 0.61100 
2.20836 0.61200 
2.21257 0.61300 
2.21677 0.61400 
2.22097 0.61500 
2.22518 0.61600 
2.22938 0.61700 
2.23359 0.61800 
2.23779 0.61900 
2.24200 0.62000 
2.24620 0.62100 
2.25040 0.62200 
2.25461 0.62300 
2.25881 0.62400 
2.26302 0.62500 
2.26722 0.62600 
2.27142 0.62700 
2.27563 0.62800 
2.27983 0.62900 
2.28404 0.63000 
2.28824 0.63100 
2.29245 0.63200 
2.29665 0.63300 
2.30086 0.63400 
2.30506 0.63500 
2.30927 0.63600 
2.31347 0.63700 
2.31767 0.63800 
2.32188 0.63900 
2.32608 0.64000 
2.33029 0.64100 
2.33449 0.64200 
2.33870 0.64300 
2.34290 0.64400 
2.34711 0.64500 
2.35131 0.64600 
2.35552 0.64700 
2.35972 0.64800 
2.36393 0.64900 
2.36813 0.65000 
2.37234 0.65100 
2.37654 0.65200 
2.38075 0.65300 
2.38495 0.65400 
2.38916 0.65500 
2.39336 0.65600 
2.39757 0.65700 
2.40178 0.65800 
2.40598 0.65900 
2.41019 0.66000 
2.41439 0.66100 
2.41860 0.66200 
2.42280 0.66300 
2.42701 0.66400 
2.43121 0.66500 
2.43542 0.66600 
2.43962 0.66700 
2.44383 0.66800 
2.44804 0.66900 
2.45224 0.67000 
2.45645 0.67100 
2.46065 0.67200 
2.46486 0.67300 
2.46906 0.67400 
2.47327 0.67500 
2.47747 0.67600 
2.48168 0.67700 
2.48589 0.67800 
2.49009 0.67900 
2.49430 0.68000 
2.49850 0.68100 
2.50271 0.68200 
2.50692 0.68300 
2.51112 0.68400 
2.51533 0.68500 
2.51953 0.68600 
2.52374 0.68700 
2.52794 0.68800 
2.53215 0.68900 
2.53636 0.69000 
2.54056 0.69100 
2.54477 0.69200 
2.54897 0.69300 
2.55318 0.69400 
2.55739 0.69500 
2.56159 0.69600 
2.56580 0.69700 
2.57000 0.69800 
2.57421 0.69900 
2.57842 0.70000 
2.58262 0.70100 
2.58683 0.70200 
2.59104 0.70300 
2.59524 0.70400 
2.59945 0.70500 
2.60365 0.70600 
2.60786 0.70700 
2.61207 0.70800 
2.61627 0.70900 
2.62048 0.71000 
2.62469 0.71100 
2.62889 0.71200 
2.63310 0.71300 
2.63730 0.71400 
2.64151 0.71500 
2.64572 0.71600 
2.64992 0.71700 
2.65413 0.71800 
2.65834 0.71900 
2.66254 0.72000 
2.66675 0.72100 
2.67096 0.72200 
2.67516 0.72300 
2.67937 0.72400 
2.68357 0.72500 
2.68778 0.72600 
2.69199 0.72700 
2.69619 0.72800 
2.70040 0.72900 
2.70461 0.73000 
2.70881 0.73100 
2.71302 0.73200 
2.71723 0.73300 
2.72143 0.73400 
2.72564 0.73500 
2.72985 0.73600 
2.73405 0.73700 
2.73826 0.73800 
2.74247 0.73900 
2.74667 0.74000 
2.75088 0.74100 
2.75509 0.74200 
2.75929 0.74300 
2.76350 0.74400 
2.76771 0.74500 
2.77191 0.74600 
2.77612 0.74700 
2.78033 0.74800 
2.78453 0.74900 
2.78874 0.75000 
2.79295 0.75100 
2.79715 0.75200 
2.80136 0.75300 
2.80557 0.75400 
2.80977 0.75500 
2.81398 0.75600 
2.81819 0.75700 
2.82239 0.75800 
2.82660 0.75900 
2.83081 0.76000 
2.83501 0.76100 
2.83922 0.76200 
2.84343 0.76300 
2.84763 0.76400 
2.85184 0.76500 
2.85605 0.76600 
2.86025 0.76700 
2.86446 0.76800 
2.86867 0.76900 
2.87287 0.77000 
2.87708 0.77100 
2.88129 0.77200 
2.88550 0.77300 
2.88970 0.77400 
2.89391 0.77500 
2.89812 0.77600 
2.90232 0.77700 
2.90653 0.77800 
2.91074 0.77900 
2.91494 0.78000 
2.91915 0.78100 
2.92336 0.78200 
2.92756 0.78300 
2.93177 0.78400 
2.93598 0.78500 
2.94019 0.78600 
2.94439 0.78700 
2.94860 0.78800 
2.95281 0.78900 
2.95701 0.79000 
2.96122 0.79100 
2.96543 0.79200 
2.96963 0.79300 
2.97384 0.79400 
2.97805 0.79500 
2.98226 0.79600 
2.98646 0.79700 
2.99067 0.79800 
2.99488 0.79900 
2.99908 0.80000 
3.00329 0.80100 
3.00750 0.80200 
3.01170 0.80300 
3.01591 0.80400 
3.02012 0.80500 
3.02433 0.80600 
3.02853 0.80700 
3.03274 0.80800 
3.03695 0.80900 
3.04115 0.81000 
3.04536 0.81100 
3.04957 0.81200 
3.05378 0.81300 
3.05798 0.81400 
3.06219 0.81500 
3.06640 0.81600 
3.07060 0.81700 
3.07481 0.81800 
3.07902 0.81900 
3.08323 0.82000 
3.08743 0.82100 
3.09164 0.82200 
3.09585 0.82300 
3.10005 0.82400 
3.10426 0.82500 
3.10847 0.82600 
3.11268 0.82700 
3.11688 0.82800 
3.12109 0.82900 
3.12530 0.83000 
3.12950 0.83100 
3.13371 0.83200 
3.13792 0.83300 
3.14213 0.83400 
3.14633 0.83500 
3.15054 0.83600 
3.15475 0.83700 
3.15895 0.83800 
3.16316 0.83900 
3.16737 0.84000 
3.17158 0.84100 
3.17578 0.84200 
3.17999 0.84300 
3.18420 0.84400 
3.18840 0.84500 
3.19261 0.84600 
3.19682 0.84700 
3.20103 0.84800 
3.20523 0.84900 
3.20944 0.85000 
3.21365 0.85100 
3.21786 0.85200 
3.22206 0.85300 
3.22627 0.85400 
3.23048 0.85500 
3.23468 0.85600 
3.23889 0.85700 
3.24310 0.85800 
3.24731 0.85900 
3.25151 0.86000 
3.25572 0.86100 
3.25993 0.86200 
3.26413 0.86300 
3.26834 0.86400 
3.27255 0.86500 
3.27676 0.86600 
3.28096 0.86700 
3.28517 0.86800 
3.28938 0.86900 
3.29359 0.87000 
3.29779 0.87100 
3.30200 0.87200 
3.30621 0.87300 
3.31041 0.87400 
3.31462 0.87500 
3.31883 0.87600 
3.32304 0.87700 
3.32724 0.87800 
3.33145 0.87900 
3.33566 0.88000 
3.33987 0.88100 
3.34407 0.88200 
3.34828 0.88300 
3.35249 0.88400 
3.35670 0.88500 
3.36090 0.88600 
3.36511 0.88700 
3.36932 0.88800 
3.37352 0.88900 
3.37773 0.89000 
3.38194 0.89100 
3.38615 0.89200 
3.39035 0.89300 
3.39456 0.89400 
3.39877 0.89500 
3.40298 0.89600 
3.40718 0.89700 
3.41139 0.89800 
3.41560 0.89900 
3.41980 0.90000 
3.42401 0.90100 
3.42822 0.90200 
3.43243 0.90300 
3.43663 0.90400 
3.44084 0.90500 
3.44505 0.90600 
3.44926 0.90700 
3.45346 0.90800 
3.45767 0.90900 
3.46188 0.91000 
3.46609 0.91100 
3.47029 0.91200 
3.47450 0.91300 
3.47871 0.91400 
3.48291 0.91500 
3.48712 0.91600 
3.49133 0.91700 
3.49554 0.91800 
3.49974 0.91900 
3.50395 0.92000 
3.50816 0.92100 
3.51237 0.92200 
3.51657 0.92300 
3.52078 0.92400 
3.52499 0.92500 
3.52920 0.92600 
3.53340 0.92700 
3.53761 0.92800 
3.54182 0.92900 
3.54603 0.93000 
3.55023 0.93100 
3.55444 0.93200 
3.55865 0.93300 
3.56285 0.93400 
3.56706 0.93500 
3.57127 0.93600 
3.57548 0.93700 
3.57968 0.93800 
3.58389 0.93900 
3.58810 0.94000 
3.59231 0.94100 
3.59651 0.94200 
3.60072 0.94300 
3.60493 0.94400 
3.60914 0.94500 
3.61334 0.94600 
3.61755 0.94700 
3.62176 0.94800 
3.62597 0.94900 
3.63017 0.95000 
3.63438 0.95100 
3.63859 0.95200 
3.64280 0.95300 
3.64700 0.95400 
3.65121 0.95500 
3.65542 0.95600 
3.65962 0.95700 
3.66383 0.95800 
3.66804 0.95900 
3.67225 0.96000 
3.67645 0.96100 
3.68066 0.96200 
3.68487 0.96300 
3.68908 0.96400 
3.69328 0.96500 
3.69749 0.96600 
3.70170 0.96700 
3.70591 0.96800 
3.71011 0.96900 
3.71432 0.97000 
3.71853 0.97100 
3.72274 0.97200 
3.72694 0.97300 
3.73115 0.97400 
3.73536 0.97500 
3.73957 0.97600 
3.74377 0.97700 
3.74798 0.97800 
3.75219 0.97900 
3.75639 0.98000 
3.76060 0.98100 
3.76481 0.98200 
3.76902 0.98300 
3.77322 0.98400 
3.77743 0.98500 
3.78164 0.98600 
3.78585 0.98700 
3.79005 0.98800 
3.79426 0.98900 
3.79847 0.99000 
3.80268 0.99100 
3.80688 0.99200 
3.81109 0.99300 
3.81530 0.99400 
3.81951 0.99500 
3.82371 0.99600 
3.82792 0.99700 
3.83213 0.99800 
3.83634 0.99900 
3.84054 1.00000 
3.84475 1.00100 
3.84896 1.00200 
3.85317 1.00300 
3.85737 1.00400 
3.86158 1.00500 
3.86579 1.00600 
3.87000 1.00700 
3.87420 1.00800 
3.87841 1.00900 
3.88262 1.01000 
3.88682 1.01100 
3.89103 1.01200 
3.89524 1.01300 
3.89945 1.01400 
3.90365 1.01500 
3.90786 1.01600 
3.91207 1.01700 
3.91628 1.01800 
3.92048 1.01900 
3.92469 1.02000 
3.92890 1.02100 
3.93311 1.02200 
3.93731 1.02300 
3.94152 1.02400 
3.94573 1.02500 
3.94994 1.02600 
3.95414 1.02700 
3.95835 1.02800 
3.96256 1.02900 
3.96677 1.03000 
3.97097 1.03100 
3.97518 1.03200 
3.97939 1.03300 
3.98360 1.03400 
3.98780 1.03500 
3.99201 1.03600 
3.99622 1.03700 
4.00043 1.03800 
4.00463 1.03900 
4.00884 1.04000 
4.01305 1.04100 
4.01726 1.04200 
4.02146 1.04300 
4.02567 1.04400 
4.02988 1.04500 
4.03408 1.04600 
4.03829 1.04700 
4.04250 1.04800 
4.04671 1.04900 
4.05091 1.05000 
4.05512 1.05100 
4.05933 1.05200 
4.06354 1.05300 
4.06774 1.05400 
4.07195 1.05500 
4.07616 1.05600 
4.08037 1.05700 
4.08457 1.05800 
4.08878 1.05900 
4.09299 1.06000 
4.09720 1.06100 
4.10140 1.06200 
4.10561 1.06300 
4.10982 1.06400 
4.11403 1.06500 
4.11823 1.06600 
4.12244 1.06700 
4.12665 1.06800 
4.13086 1.06900 
4.13506 1.07000 
4.13927 1.07100 
4.14348 1.07200 
4.14769 1.07300 
4.15189 1.07400 
4.15610 1.07500 
4.16031 1.07600 
4.16452 1.07700 
4.16872 1.07800 
4.17293 1.07900 
4.17714 1.08000 
4.18135 1.08100 
4.18555 1.08200 
4.18976 1.08300 
4.19397 1.08400 
4.19818 1.08500 
4.20238 1.08600 
4.20659 1.08700 
4.21080 1.08800 
4.21501 1.08900 
4.21921 1.09000 
4.22342 1.09100 
4.22763 1.09200 
4.23183 1.09300 
4.23604 1.09400 
4.24025 1.09500 
4.24446 1.09600 
4.24866 1.09700 
4.25287 1.09800 
4.25708 1.09900 
4.26129 1.10000 
4.26549 1.10100 
4.26970 1.10200 
4.27391 1.10300 
4.27812 1.10400 
4.28232 1.10500 
4.28653 1.10600 
4.29074 1.10700 
4.29495 1.10800 
4.29915 1.10900 
4.30336 1.11000 
4.30757 1.11100 
4.31178 1.11200 
4.31598 1.11300 
4.32019 1.11400 
4.32440 1.11500 
4.32861 1.11600 
4.33281 1.11700 
4.33702 1.11800 
4.34123 1.11900 
4.34544 1.12000 
4.34964 1.12100 
4.35385 1.12200 
4.35806 1.12300 
4.36227 1.12400 
4.36647 1.12500 
4.37068 1.12600 
4.37489 1.12700 
4.37910 1.12800 
4.38330 1.12900 
4.38751 1.13000 
4.39172 1.13100 
4.39593 1.13200 
4.40013 1.13300 
4.40434 1.13400 
4.40855 1.13500 
4.41276 1.13600 
4.41696 1.13700 
4.42117 1.13800 
4.42538 1.13900 
4.42959 1.14000 
4.43379 1.14100 
4.43800 1.14200 
4.44221 1.14300 
4.44641 1.14400 
4.45062 1.14500 
4.45483 1.14600 
4.45904 1.14700 
4.46324 1.14800 
4.46745 1.14900 
4.47166 1.15000 
4.47587 1.15100 
4.48007 1.15200 
4.48428 1.15300 
4.48849 1.15400 
4.49270 1.15500 
4.49690 1.15600 
4.50111 1.15700 
4.50532 1.15800 
4.50953 1.15900 
4.51373 1.16000 
4.51794 1.16100 
4.52215 1.16200 
4.52636 1.16300 
4.53056 1.16400 
4.53477 1.16500 
4.53898 1.16600 
4.54319 1.16700 
4.54739 1.16800 
4.55160 1.16900 
4.55581 1.17000 
4.56002 1.17100 
4.56422 1.17200 
4.56843 1.17300 
4.57264 1.17400 
4.57685 1.17500 
4.58105 1.17600 
4.58526 1.17700 
4.58947 1.17800 
4.59368 1.17900 
4.59788 1.18000 
4.60209 1.18100 
4.60630 1.18200 
4.61051 1.18300 
4.61471 1.18400 
4.61892 1.18500 
4.62313 1.18600 
4.62734 1.18700 
4.63154 1.18800 
4.63575 1.18900 
4.63996 1.19000 
4.64417 1.19100 
4.64837 1.19200 
4.65258 1.19300 
4.65679 1.19400 
4.66100 1.19500 
4.66520 1.19600 
4.66941 1.19700 
4.67362 1.19800 
4.67783 1.19900 
4.68203 1.20000 
4.68624 1.20100 
4.69045 1.20200 
4.69465 1.20300 
4.69886 1.20400 
4.70307 1.20500 
4.70728 1.20600 
4.71148 1.20700 
4.71569 1.20800 
4.71990 1.20900 
4.72411 1.21000 
4.72831 1.21100 
4.73252 1.21200 
4.73673 1.21300 
4.74094 1.21400 
4.74514 1.21500 
4.74935 1.21600 
4.75356 1.21700 
4.75777 1.21800 
4.76197 1.21900 
4.76618 1.22000 
4.77039 1.22100 
4.77460 1.22200 
4.77880 1.22300 
4.78301 1.22400 
4.78722 1.22500 
4.79143 1.22600 
4.79563 1.22700 
4.79984 1.22800 
4.80405 1.22900 
4.80826 1.23000 
4.81246 1.23100 
4.81667 1.23200 
4.82088 1.23300 
4.82509 1.23400 
4.82929 1.23500 
4.83350 1.23600 
4.83771 1.23700 
4.84192 1.23800 
4.84612 1.23900 
4.85033 1.24000 
4.85454 1.24100 
4.85875 1.24200 
4.86295 1.24300 
4.86716 1.24400 
4.87137 1.24500 
4.87558 1.24600 
4.87978 1.24700 
4.88399 1.24800 
4.88820 1.24900 
4.89241 1.25000 
4.89661 1.25100 
4.90082 1.25200 
4.90503 1.25300 
4.90924 1.25400 
4.91344 1.25500 
4.91765 1.25600 
4.92186 1.25700 
4.92607 1.25800 
4.93027 1.25900 
4.93448 1.26000 
4.93869 1.26100 
4.94290 1.26200 
4.94710 1.26300 
4.95131 1.26400 
4.95552 1.26500 
4.95973 1.26600 
4.96393 1.26700 
4.96814 1.26800 
4.97235 1.26900 
4.97655 1.27000 
4.98076 1.27100 
4.98497 1.27200 
4.98918 1.27300 
4.99338 1.27400 
4.99759 1.27500 
5.00180 1.27600 
5.00601 1.27700 
5.01021 1.27800 
5.01442 1.27900 
5.01863 1.28000 
5.02284 1.28100 
5.02704 1.28200 
5.03125 1.28300 
5.03546 1.28400 
5.03967 1.28500 
5.04387 1.28600 
5.04808 1.28700 
5.05229 1.28800 
5.05650 1.28900 
5.06070 1.29000 
5.06491 1.29100 
5.06912 1.29200 
5.07333 1.29300 
5.07753 1.29400 
5.08174 1.29500 
5.08595 1.29600 
5.09016 1.29700 
5.09436 1.29800 
5.09857 1.29900 
5.10278 1.30000 
5.10699 1.30100 
5.11119 1.30200 
5.11540 1.30300 
5.11961 1.30400 
5.12382 1.30500 
5.12802 1.30600 
5.13223 1.30700 
5.13644 1.30800 
5.14065 1.30900 
5.14485 1.31000 
5.14906 1.31100 
5.15327 1.31200 
5.15748 1.31300 
5.16168 1.31400 
5.16589 1.31500 
5.17010 1.31600 
5.17431 1.31700 
5.17851 1.31800 
5.18272 1.31900 
5.18693 1.32000 
5.19114 1.32100 
5.19534 1.32200 
5.19955 1.32300 
5.20376 1.32400 
5.20797 1.32500 
5.21217 1.32600 
5.21638 1.32700 
5.22059 1.32800 
5.22480 1.32900 
5.22900 1.33000 
5.23321 1.33100 
5.23742 1.33200 
5.24163 1.33300 
5.24583 1.33400 
5.25004 1.33500 
5.25425 1.33600 
5.25845 1.33700 
5.26266 1.33800 
5.26687 1.33900 
5.27108 1.34000 
5.27528 1.34100 
5.27949 1.34200 
5.28370 1.34300 
5.28791 1.34400 
5.29211 1.34500 
5.29632 1.34600 
5.30053 1.34700 
5.30474 1.34800 
5.30894 1.34900 
5.31315 1.35000 
5.31736 1.35100 
5.32157 1.35200 
5.32577 1.35300 
5.32998 1.35400 
5.33419 1.35500 
5.33840 1.35600 
5.34260 1.35700 
5.34681 1.35800 
5.35102 1.35900 
5.35523 1.36000 
5.35943 1.36100 
5.36364 1.36200 
5.36785 1.36300 
5.37206 1.36400 
5.37626 1.36500 
5.38047 1.36600 
5.38468 1.36700 
5.38889 1.36800 
5.39309 1.36900 
5.39730 1.37000 
5.40151 1.37100 
5.40572 1.37200 
5.40992 1.37300 
5.41413 1.37400 
5.41834 1.37500 
5.42255 1.37600 
5.42675 1.37700 
5.43096 1.37800 
5.43517 1.37900 
5.43938 1.38000 
5.44358 1.38100 
5.44779 1.38200 
5.45200 1.38300 
5.45621 1.38400 
5.46041 1.38500 
5.46462 1.38600 
5.46883 1.38700 
5.47304 1.38800 
5.47724 1.38900 
5.48145 1.39000 
5.48566 1.39100 
5.48987 1.39200 
5.49407 1.39300 
5.49828 1.39400 
5.50249 1.39500 
5.50670 1.39600 
5.51090 1.39700 
5.51511 1.39800 
5.51932 1.39900 
5.52353 1.40000 
5.52773 1.40100 
5.53194 1.40200 
5.53615 1.40300 
5.54035 1.40400 
5.54456 1.40500 
5.54877 1.40600 
5.55298 1.40700 
5.55718 1.40800 
5.56139 1.40900 
5.56560 1.41000 
5.56981 1.41100 
5.57401 1.41200 
5.57822 1.41300 
5.58243 1.41400 
5.58664 1.41500 
5.59084 1.41600 
5.59505 1.41700 
5.59926 1.41800 
5.60347 1.41900 
5.60767 1.42000 
5.61188 1.42100 
5.61609 1.42200 
5.62030 1.42300 
5.62450 1.42400 
5.62871 1.42500 
5.63292 1.42600 
5.63713 1.42700 
5.64133 1.42800 
5.64554 1.42900 
5.64975 1.43000 
5.65396 1.43100 
5.65816 1.43200 
5.66237 1.43300 
5.66658 1.43400 
5.67079 1.43500 
5.67499 1.43600 
5.67920 1.43700 
5.68341 1.43800 
5.68762 1.43900 
5.69182 1.44000 
5.69603 1.44100 
5.70024 1.44200 
5.70445 1.44300 
5.70865 1.44400 
5.71286 1.44500 
5.71707 1.44600 
5.72128 1.44700 
5.72548 1.44800 
5.72969 1.44900 
5.73390 1.45000 
5.73811 1.45100 
5.74231 1.45200 
5.74652 1.45300 
5.75073 1.45400 
5.75494 1.45500 
5.75914 1.45600 
5.76335 1.45700 
5.76756 1.45800 
5.77177 1.45900 
5.77597 1.46000 
5.78018 1.46100 
5.78439 1.46200 
5.78860 1.46300 
5.79280 1.46400 
5.79701 1.46500 
5.80122 1.46600 
5.80543 1.46700 
5.80963 1.46800 
5.81384 1.46900 
5.81805 1.47000 
5.82225 1.47100 
5.82646 1.47200 
5.83067 1.47300 
5.83488 1.47400 
5.83908 1.47500 
5.84329 1.47600 
5.84750 1.47700 
5.85171 1.47800 
5.85591 1.47900 
5.86012 1.48000 
5.86433 1.48100 
5.86854 1.48200 
5.87274 1.48300 
5.87695 1.48400 
5.88116 1.48500 
5.88537 1.48600 
5.88957 1.48700 
5.89378 1.48800 
5.89799 1.48900 
5.90220 1.49000 
5.90640 1.49100 
5.91061 1.49200 
5.91482 1.49300 
5.91903 1.49400 
5.92323 1.49500 
5.92744 1.49600 
5.93165 1.49700 
5.93586 1.49800 
5.94006 1.49900 
5.94427 1.50000 
5.94848 1.50100 
5.95269 1.50200 
5.95689 1.50300 
5.96110 1.50400 
5.96531 1.50500 
5.96952 1.50600 
5.97372 1.50700 
5.97793 1.50800 
5.98214 1.50900 
5.98635 1.51000 
5.99055 1.51100 
5.99476 1.51200 
5.99897 1.51300 
6.00318 1.51400 
6.00738 1.51500 
6.01159 1.51600 
6.01580 1.51700 
6.02001 1.51800 
6.02421 1.51900 
6.02842 1.52000 
6.03263 1.52100 
6.03684 1.52200 
6.04104 1.52300 
6.04525 1.52400 
6.04946 1.52500 
6.05367 1.52600 
6.05787 1.52700 
6.06208 1.52800 
6.06629 1.52900 
6.07050 1.53000 
6.07470 1.53100 
6.07891 1.53200 
6.08312 1.53300 
6.08733 1.53400 
6.09153 1.53500 
6.09574 1.53600 
6.09995 1.53700 
6.10416 1.53800 
6.10836 1.53900 
6.11257 1.54000 
6.11678 1.54100 
6.12098 1.54200 
6.12519 1.54300 
6.12940 1.54400 
6.13361 1.54500 
6.13781 1.54600 
6.14202 1.54700 
6.14623 1.54800 
6.15044 1.54900 
6.15464 1.55000 
6.15885 1.55100 
6.16306 1.55200 
6.16727 1.55300 
6.17147 1.55400 
6.17568 1.55500 
6.17989 1.55600 
6.18410 1.55700 
6.18830 1.55800 
6.19251 1.55900 
6.19672 1.56000 
6.20093 1.56100 
6.20513 1.56200 
6.20934 1.56300 
6.21355 1.56400 
6.21776 1.56500 
6.22196 1.56600 
6.22617 1.56700 
6.23038 1.56800 
6.23459 1.56900 
6.23879 1.57000 
6.24300 1.57100 
6.24721 1.57200 
6.25142 1.57300 
6.25562 1.57400 
6.25983 1.57500 
6.26404 1.57600 
6.26825 1.57700 
6.27245 1.57800 
6.27666 1.57900 
6.28087 1.58000 
6.28508 1.58100 
6.28928 1.58200 
6.29349 1.58300 
6.29770 1.58400 
6.30191 1.58500 
6.30611 1.58600 
6.31032 1.58700 
6.31453 1.58800 
6.31874 1.58900 
6.32294 1.59000 
6.32715 1.59100 
6.33136 1.59200 
6.33557 1.59300 
6.33977 1.59400 
6.34398 1.59500 
6.34819 1.59600 
6.35240 1.59700 
6.35660 1.59800 
6.36081 1.59900 
6.36502 1.60000 
6.36923 1.60100 
6.37343 1.60200 
6.37764 1.60300 
6.38185 1.60400 
6.38606 1.60500 
6.39026 1.60600 
6.39447 1.60700 
6.39868 1.60800 
6.40288 1.60900 
6.40709 1.61000 
6.41130 1.61100 
6.41551 1.61200 
6.41971 1.61300 
6.42392 1.61400 
6.42813 1.61500 
6.43234 1.61600 
6.43654 1.61700 
6.44075 1.61800 
6.44496 1.61900 
6.44917 1.62000 
6.45337 1.62100 
6.45758 1.62200 
6.46179 1.62300 
6.46600 1.62400 
6.47020 1.62500 
6.47441 1.62600 
6.47862 1.62700 
6.48283 1.62800 
6.48703 1.62900 
6.49124 1.63000 
6.49545 1.63100 
6.49966 1.63200 
6.50386 1.63300 
6.50807 1.63400 
6.51228 1.63500 
6.51649 1.63600 
6.52069 1.63700 
6.52490 1.63800 
6.52911 1.63900 
6.53332 1.64000 
6.53752 1.64100 
6.54173 1.64200 
6.54594 1.64300 
6.55015 1.64400 
6.55435 1.64500 
6.55856 1.64600 
6.56277 1.64700 
6.56698 1.64800 
6.57118 1.64900 
6.57539 1.65000 
6.57960 1.65100 
6.58381 1.65200 
6.58801 1.65300 
6.59222 1.65400 
6.59643 1.65500 
6.60064 1.65600 
6.60484 1.65700 
6.60905 1.65800 
6.61326 1.65900 
6.61747 1.66000 
6.62167 1.66100 
6.62588 1.66200 
6.63009 1.66300 
6.63430 1.66400 
6.63850 1.66500 
6.64271 1.66600 
6.64692 1.66700 
6.65113 1.66800 
6.65533 1.66900 
6.65954 1.67000 
6.66375 1.67100 
6.66796 1.67200 
6.67216 1.67300 
6.67637 1.67400 
6.68058 1.67500 
6.68479 1.67600 
6.68899 1.67700 
6.69320 1.67800 
6.69741 1.67900 
6.70161 1.68000 
6.70582 1.68100 
6.71003 1.68200 
6.71424 1.68300 
6.71844 1.68400 
6.72265 1.68500 
6.72686 1.68600 
6.73107 1.68700 
6.73527 1.68800 
6.73948 1.68900 
6.74369 1.69000 
6.74790 1.69100 
6.75210 1.69200 
6.75631 1.69300 
6.76052 1.69400 
6.76473 1.69500 
6.76893 1.69600 
6.77314 1.69700 
6.77735 1.69800 
6.78156 1.69900 
6.78576 1.70000 
6.78997 1.70100 
6.79418 1.70200 
6.79839 1.70300 
6.80259 1.70400 
6.80680 1.70500 
6.81101 1.70600 
6.81522 1.70700 
6.81942 1.70800 
6.82363 1.70900 
6.82784 1.71000 
6.83205 1.71100 
6.83625 1.71200 
6.84046 1.71300 
6.84467 1.71400 
6.84888 1.71500 
6.85308 1.71600 
6.85729 1.71700 
6.86150 1.71800 
6.86571 1.71900 
6.86991 1.72000 
6.87412 1.72100 
6.87833 1.72200 
6.88254 1.72300 
6.88674 1.72400 
6.89095 1.72500 
6.89516 1.72600 
6.89937 1.72700 
6.90357 1.72800 
6.90778 1.72900 
6.91199 1.73000 
6.91620 1.73100 
6.92040 1.73200 
6.92461 1.73300 
6.92882 1.73400 
6.93303 1.73500 
6.93723 1.73600 
6.94144 1.73700 
6.94565 1.73800 
6.94986 1.73900 
6.95406 1.74000 
6.95827 1.74100 
6.96248 1.74200 
6.96669 1.74300 
6.97089 1.74400 
6.97510 1.74500 
6.97931 1.74600 
6.98351 1.74700 
6.98772 1.74800 
6.99193 1.74900 
6.99614 1.75000 
7.00034 1.75100 
7.00455 1.75200 
7.00876 1.75300 
7.01297 1.75400 
7.01717 1.75500 
7.02138 1.75600 
7.02559 1.75700 
7.02980 1.75800 
7.03400 1.75900 
7.03821 1.76000 
7.04242 1.76100 
7.04663 1.76200 
7.05083 1.76300 
7.05504 1.76400 
7.05925 1.76500 
7.06346 1.76600 
7.06766 1.76700 
7.07187 1.76800 
7.07608 1.76900 
7.08029 1.77000 
7.08449 1.77100 
7.08870 1.77200 
7.09291 1.77300 
7.09712 1.77400 
7.10132 1.77500 
7.10553 1.77600 
7.10974 1.77700 
7.11395 1.77800 
7.11815 1.77900 
7.12236 1.78000 
7.12657 1.78100 
7.13078 1.78200 
7.13498 1.78300 
7.13919 1.78400 
7.14340 1.78500 
7.14761 1.78600 
7.15181 1.78700 
7.15602 1.78800 
7.16023 1.78900 
7.16444 1.79000 
7.16864 1.79100 
7.17285 1.79200 
7.17706 1.79300 
7.18127 1.79400 
7.18547 1.79500 
7.18968 1.79600 
7.19389 1.79700 
7.19810 1.79800 
7.20230 1.79900 
7.20651 1.80000 
7.21072 1.80100 
7.21493 1.80200 
7.21913 1.80300 
7.22334 1.80400 
7.22755 1.80500 
7.23176 1.80600 
7.23596 1.80700 
7.24017 1.80800 
7.24438 1.80900 
7.24859 1.81000 
7.25279 1.81100 
7.25700 1.81200 
7.26121 1.81300 
7.26542 1.81400 
7.26962 1.81500 
7.27383 1.81600 
7.27804 1.81700 
7.28224 1.81800 
7.28645 1.81900 
7.29066 1.82000 
7.29487 1.82100 
7.29907 1.82200 
7.30328 1.82300 
7.30749 1.82400 
7.31170 1.82500 
7.31590 1.82600 
7.32011 1.82700 
7.32432 1.82800 
7.32853 1.82900 
7.33273 1.83000 
7.33694 1.83100 
7.34115 1.83200 
7.34536 1.83300 
7.34956 1.83400 
7.35377 1.83500 
7.35798 1.83600 
7.36219 1.83700 
7.36639 1.83800 
7.37060 1.83900 
7.37481 1.84000 
7.37902 1.84100 
7.38322 1.84200 
7.38743 1.84300 
7.39164 1.84400 
7.39585 1.84500 
7.40005 1.84600 
7.40426 1.84700 
7.40847 1.84800 
7.41268 1.84900 
7.41688 1.85000 
7.42109 1.85100 
7.42530 1.85200 
7.42951 1.85300 
7.43371 1.85400 
7.43792 1.85500 
7.44213 1.85600 
7.44634 1.85700 
7.45054 1.85800 
7.45475 1.85900 
7.45896 1.86000 
7.46317 1.86100 
7.46737 1.86200 
7.47158 1.86300 
7.47579 1.86400 
7.48000 1.86500 
7.48420 1.86600 
7.48841 1.86700 
7.49262 1.86800 
7.49683 1.86900 
7.50103 1.87000 
7.50524 1.87100 
7.50945 1.87200 
7.51366 1.87300 
7.51786 1.87400 
7.52207 1.87500 
7.52628 1.87600 
7.53049 1.87700 
7.53469 1.87800 
7.53890 1.87900 
7.54311 1.88000 
7.54732 1.88100 
7.55152 1.88200 
7.55573 1.88300 
7.55994 1.88400 
7.56415 1.88500 
7.56835 1.88600 
7.57256 1.88700 
7.57677 1.88800 
7.58097 1.88900 
7.58518 1.89000 
7.58939 1.89100 
7.59360 1.89200 
7.59780 1.89300 
7.60201 1.89400 
7.60622 1.89500 
7.61043 1.89600 
7.61463 1.89700 
7.61884 1.89800 
7.62305 1.89900 
7.62726 1.90000 
7.63146 1.90100 
7.63567 1.90200 
7.63988 1.90300 
7.64409 1.90400 
7.64829 1.90500 
7.65250 1.90600 
7.65671 1.90700 
7.66092 1.90800 
7.66512 1.90900 
7.66933 1.91000 
7.67354 1.91100 
7.67775 1.91200 
7.68195 1.91300 
7.68616 1.91400 
7.69037 1.91500 
7.69458 1.91600 
7.69878 1.91700 
7.70299 1.91800 
7.70720 1.91900 
7.71141 1.92000 
7.71561 1.92100 
7.71982 1.92200 
7.72403 1.92300 
7.72824 1.92400 
7.73244 1.92500 
7.73665 1.92600 
7.74086 1.92700 
7.74507 1.92800 
7.74927 1.92900 
7.75348 1.93000 
7.75769 1.93100 
7.76190 1.93200 
7.76610 1.93300 
7.77031 1.93400 
7.77452 1.93500 
7.77873 1.93600 
7.78293 1.93700 
7.78714 1.93800 
7.79135 1.93900 
7.79556 1.94000 
7.79976 1.94100 
7.80397 1.94200 
7.80818 1.94300 
7.81239 1.94400 
7.81659 1.94500 
7.82080 1.94600 
7.82501 1.94700 
7.82922 1.94800 
7.83342 1.94900 
7.83763 1.95000 
7.84184 1.95100 
7.84605 1.95200 
7.85025 1.95300 
7.85446 1.95400 
7.85867 1.95500 
7.86287 1.95600 
7.86708 1.95700 
7.87129 1.95800 
7.87550 1.95900 
7.87970 1.96000 
7.88391 1.96100 
7.88812 1.96200 
7.89233 1.96300 
7.89653 1.96400 
7.90074 1.96500 
7.90495 1.96600 
7.90916 1.96700 
7.91336 1.96800 
7.91757 1.96900 
7.92178 1.97000 
7.92599 1.97100 
7.93019 1.97200 
7.93440 1.97300 
7.93861 1.97400 
7.94282 1.97500 
7.94702 1.97600 
7.95123 1.97700 
7.95544 1.97800 
7.95965 1.97900 
7.96385 1.98000 
7.96806 1.98100 
7.97227 1.98200 
7.97648 1.98300 
7.98068 1.98400 
7.98489 1.98500 
7.98910 1.98600 
7.99331 1.98700 
7.99751 1.98800 
8.00172 1.98900 
8.00593 1.99000 
8.01014 1.99100 
8.01434 1.99200 
8.01855 1.99300 
8.02276 1.99400 
8.02697 1.99500 
8.03117 1.99600 
8.03538 1.99700 
8.03959 1.99800 
8.04380 1.99900 
8.04800 2.00000 
8.05221 2.00100 
8.05642 2.00200 
8.06063 2.00300 
8.06483 2.00400 
8.06904 2.00500 
8.07325 2.00600 
8.07746 2.00700 
8.08166 2.00800 
8.08587 2.00900 
8.09008 2.01000 
8.09429 2.01100 
8.09849 2.01200 
8.10270 2.01300 
8.10691 2.01400 
8.11112 2.01500 
8.11532 2.01600 
8.11953 2.01700 
8.12374 2.01800 
8.12795 2.01900 
8.13215 2.02000 
8.13636 2.02100 
8.14057 2.02200 
8.14478 2.02300 
8.14898 2.02400 
8.15319 2.02500 
8.15740 2.02600 
8.16160 2.02700 
8.16581 2.02800 
8.17002 2.02900 
8.17423 2.03000 
8.17843 2.03100 
8.18264 2.03200 
8.18685 2.03300 
8.19106 2.03400 
8.19526 2.03500 
8.19947 2.03600 
8.20368 2.03700 
8.20789 2.03800 
8.21209 2.03900 
8.21630 2.04000 
8.22051 2.04100 
8.22472 2.04200 
8.22892 2.04300 
8.23313 2.04400 
8.23734 2.04500 
8.24155 2.04600 
8.24575 2.04700 
8.24996 2.04800 
8.25417 2.04900 
8.25838 2.05000 
8.26258 2.05100 
8.26679 2.05200 
8.27100 2.05300 
8.27521 2.05400 
8.27941 2.05500 
8.28362 2.05600 
8.28783 2.05700 
8.29204 2.05800 
8.29624 2.05900 
8.30045 2.06000 
8.30466 2.06100 
8.30887 2.06200 
8.31307 2.06300 
8.31728 2.06400 
8.32149 2.06500 
8.32570 2.06600 
8.32990 2.06700 
8.33411 2.06800 
8.33832 2.06900 
8.34253 2.07000 
8.34673 2.07100 
8.35094 2.07200 
8.35515 2.07300 
8.35936 2.07400 
8.36356 2.07500 
8.36777 2.07600 
8.37198 2.07700 
8.37619 2.07800 
8.38039 2.07900 
8.38460 2.08000 
8.38881 2.08100 
8.39302 2.08200 
8.39722 2.08300 
8.40143 2.08400 
8.40564 2.08500 
8.40985 2.08600 
8.41405 2.08700 
8.41826 2.08800 
8.42247 2.08900 
8.42668 2.09000 
8.43088 2.09100 
8.43509 2.09200 
8.43930 2.09300 
8.44350 2.09400 
8.44771 2.09500 
8.45192 2.09600 
8.45613 2.09700 
8.46033 2.09800 
8.46454 2.09900 
8.46875 2.10000 
8.47296 2.10100 
8.47716 2.10200 
8.48137 2.10300 
8.48558 2.10400 
8.48979 2.10500 
8.49399 2.10600 
8.49820 2.10700 
8.50241 2.10800 
8.50662 2.10900 
8.51082 2.11000 
8.51503 2.11100 
8.51924 2.11200 
8.52345 2.11300 
8.52765 2.11400 
8.53186 2.11500 
8.53607 2.11600 
8.54028 2.11700 
8.54448 2.11800 
8.54869 2.11900 
8.55290 2.12000 
8.55711 2.12100 
8.56131 2.12200 
8.56552 2.12300 
8.56973 2.12400 
8.57394 2.12500 
8.57814 2.12600 
8.58235 2.12700 
8.58656 2.12800 
8.59077 2.12900 
8.59497 2.13000 
8.59918 2.13100 
8.60339 2.13200 
8.60760 2.13300 
8.61180 2.13400 
8.61601 2.13500 
8.62022 2.13600 
8.62443 2.13700 
8.62863 2.13800 
8.63284 2.13900 
8.63705 2.14000 
8.64126 2.14100 
8.64546 2.14200 
8.64967 2.14300 
8.65388 2.14400 
8.65809 2.14500 
8.66229 2.14600 
8.66650 2.14700 
8.67071 2.14800 
8.67492 2.14900 
8.67912 2.15000 
8.68333 2.15100 
8.68754 2.15200 
8.69175 2.15300 
8.69595 2.15400 
8.70016 2.15500 
8.70437 2.15600 
8.70858 2.15700 
8.71278 2.15800 
8.71699 2.15900 
8.72120 2.16000 
8.72541 2.16100 
8.72961 2.16200 
8.73382 2.16300 
8.73803 2.16400 
8.74223 2.16500 
8.74644 2.16600 
8.75065 2.16700 
8.75486 2.16800 
8.75906 2.16900 
8.76327 2.17000 
8.76748 2.17100 
8.77169 2.17200 
8.77589 2.17300 
8.78010 2.17400 
8.78431 2.17500 
8.78852 2.17600 
8.79272 2.17700 
8.79693 2.17800 
8.80114 2.17900 
8.80535 2.18000 
8.80955 2.18100 
8.81376 2.18200 
8.81797 2.18300 
8.82218 2.18400 
8.82638 2.18500 
8.83059 2.18600 
8.83480 2.18700 
8.83901 2.18800 
8.84321 2.18900 
8.84742 2.19000 
8.85163 2.19100 
8.85584 2.19200 
8.86004 2.19300 
8.86425 2.19400 
8.86846 2.19500 
8.87267 2.19600 
8.87687 2.19700 
8.88108 2.19800 
8.88529 2.19900 
8.88950 2.20000 
8.89370 2.20100 
8.89791 2.20200 
8.90212 2.20300 
8.90633 2.20400 
8.91053 2.20500 
8.91474 2.20600 
8.91895 2.20700 
8.92316 2.20800 
8.92736 2.20900 
8.93157 2.21000 
8.93578 2.21100 
8.93999 2.21200 
8.94419 2.21300 
8.94840 2.21400 
8.95261 2.21500 
8.95682 2.21600 
8.96102 2.21700 
8.96523 2.21800 
8.96944 2.21900 
8.97365 2.22000 
8.97785 2.22100 
8.98206 2.22200 
8.98627 2.22300 
8.99048 2.22400 
8.99468 2.22500 
8.99889 2.22600 
9.00310 2.22700 
9.00731 2.22800 
9.01151 2.22900 
9.01572 2.23000 
9.01993 2.23100 
9.02414 2.23200 
9.02834 2.23300 
9.03255 2.23400 
9.03676 2.23500 
9.04096 2.23600 
9.04517 2.23700 
9.04938 2.23800 
9.05359 2.23900 
9.05779 2.24000 
9.06200 2.24100 
9.06621 2.24200 
9.07042 2.24300 
9.07462 2.24400 
9.07883 2.24500 
9.08304 2.24600 
9.08725 2.24700 
9.09145 2.24800 
9.09566 2.24900 
9.09987 2.25000 
9.10408 2.25100 
9.10828 2.25200 
9.11249 2.25300 
9.11670 2.25400 
9.12091 2.25500 
9.12511 2.25600 
9.12932 2.25700 
9.13353 2.25800 
9.13774 2.25900 
9.14194 2.26000 
9.14615 2.26100 
9.15036 2.26200 
9.15457 2.26300 
9.15877 2.26400 
9.16298 2.26500 
9.16719 2.26600 
9.17140 2.26700 
9.17560 2.26800 
9.17981 2.26900 
9.18402 2.27000 
9.18823 2.27100 
9.19243 2.27200 
9.19664 2.27300 
9.20085 2.27400 
9.20506 2.27500 
9.20926 2.27600 
9.21347 2.27700 
9.21768 2.27800 
9.22189 2.27900 
9.22609 2.28000 
9.23030 2.28100 
9.23451 2.28200 
9.23872 2.28300 
9.24292 2.28400 
9.24713 2.28500 
9.25134 2.28600 
9.25555 2.28700 
9.25975 2.28800 
9.26396 2.28900 
9.26817 2.29000 
9.27238 2.29100 
9.27658 2.29200 
9.28079 2.29300 
9.28500 2.29400 
9.28921 2.29500 
9.29341 2.29600 
9.29762 2.29700 
9.30183 2.29800 
9.30604 2.29900 
9.31024 2.30000 
9.31445 2.30100 
9.31866 2.30200 
9.32286 2.30300 
9.32707 2.30400 
9.33128 2.30500 
9.33549 2.30600 
9.33969 2.30700 
9.34390 2.30800 
9.34811 2.30900 
9.35232 2.31000 
9.35652 2.31100 
9.36073 2.31200 
9.36494 2.31300 
9.36915 2.31400 
9.37335 2.31500 
9.37756 2.31600 
9.38177 2.31700 
9.38598 2.31800 
9.39018 2.31900 
9.39439 2.32000 
9.39860 2.32100 
9.40281 2.32200 
9.40701 2.32300 
9.41122 2.32400 
9.41543 2.32500 
9.41964 2.32600 
9.42384 2.32700 
9.42805 2.32800 
9.43226 2.32900 
9.43647 2.33000 
9.44067 2.33100 
9.44488 2.33200 
9.44909 2.33300 
9.45330 2.33400 
9.45750 2.33500 
9.46171 2.33600 
9.46592 2.33700 
9.47013 2.33800 
9.47433 2.33900 
9.47854 2.34000 
9.48275 2.34100 
9.48696 2.34200 
9.49116 2.34300 
9.49537 2.34400 
9.49958 2.34500 
9.50379 2.34600 
9.50799 2.34700 
9.51220 2.34800 
9.51641 2.34900 
9.52062 2.35000 
9.52482 2.35100 
9.52903 2.35200 
9.53324 2.35300 
9.53745 2.35400 
9.54165 2.35500 
9.54586 2.35600 
9.55007 2.35700 
9.55428 2.35800 
9.55848 2.35900 
9.56269 2.36000 
9.56690 2.36100 
9.57111 2.36200 
9.57531 2.36300 
9.57952 2.36400 
9.58373 2.36500 
9.58794 2.36600 
9.59214 2.36700 
9.59635 2.36800 
9.60056 2.36900 
9.60477 2.37000 
9.60897 2.37100 
9.61318 2.37200 
9.61739 2.37300 
9.62159 2.37400 
9.62580 2.37500 
9.63001 2.37600 
9.63422 2.37700 
9.63842 2.37800 
9.64263 2.37900 
9.64684 2.38000 
9.65105 2.38100 
9.65525 2.38200 
9.65946 2.38300 
9.66367 2.38400 
9.66788 2.38500 
9.67208 2.38600 
9.67629 2.38700 
9.68050 2.38800 
9.68471 2.38900 
9.68891 2.39000 
9.69312 2.39100 
9.69733 2.39200 
9.70154 2.39300 
9.70574 2.39400 
9.70995 2.39500 
9.71416 2.39600 
9.71837 2.39700 
9.72257 2.39800 
9.72678 2.39900 
9.73099 2.40000 
9.73520 2.40100 
9.73940 2.40200 
9.74361 2.40300 
9.74782 2.40400 
9.75203 2.40500 
9.75623 2.40600 
9.76044 2.40700 
9.76465 2.40800 
9.76886 2.40900 
9.77306 2.41000 
9.77727 2.41100 
9.78148 2.41200 
9.78569 2.41300 
9.78989 2.41400 
9.79410 2.41500 
9.79831 2.41600 
9.80252 2.41700 
9.80672 2.41800 
9.81093 2.41900 
9.81514 2.42000 
9.81935 2.42100 
9.82355 2.42200 
9.82776 2.42300 
9.83197 2.42400 
9.83618 2.42500 
9.84038 2.42600 
9.84459 2.42700 
9.84880 2.42800 
9.85301 2.42900 
9.85721 2.43000 
9.86142 2.43100 
9.86563 2.43200 
9.86984 2.43300 
9.87404 2.43400 
9.87825 2.43500 
9.88246 2.43600 
9.88667 2.43700 
9.89087 2.43800 
9.89508 2.43900 
9.89929 2.44000 
9.90349 2.44100 
9.90770 2.44200 
9.91191 2.44300 
9.91612 2.44400 
9.92032 2.44500 
9.92453 2.44600 
9.92874 2.44700 
9.93295 2.44800 
9.93715 2.44900 
9.94136 2.45000 
9.94557 2.45100 
9.94978 2.45200 
9.95398 2.45300 
9.95819 2.45400 
9.96240 2.45500 
9.96661 2.45600 
9.97081 2.45700 
9.97502 2.45800 
9.97923 2.45900 
9.98344 2.46000 
9.98764 2.46100 
9.99185 2.46200 
9.99606 2.46300 
10.00027 2.46400 
10.00447 2.46500 
10.00868 2.46600 
10.01289 2.46700 
10.01710 2.46800 
10.02130 2.46900 
10.02551 2.47000 
10.02972 2.47100 
10.03393 2.47200 
10.03813 2.47300 
10.04234 2.47400 
10.04655 2.47500 
10.05076 2.47600 
10.05496 2.47700 
10.05917 2.47800 
10.06338 2.47900 
10.06759 2.48000 
10.07179 2.48100 
10.07600 2.48200 
10.08021 2.48300 
10.08442 2.48400 
10.08862 2.48500 
10.09283 2.48600 
10.09704 2.48700 
10.10125 2.48800 
10.10545 2.48900 
10.10966 2.49000 
10.11387 2.49100 
10.11808 2.49200 
10.12228 2.49300 
10.12649 2.49400 
10.13070 2.49500 
10.13491 2.49600 
10.13911 2.49700 
10.14332 2.49800 
10.14753 2.49900 
10.15174 2.50000 
10.15594 2.50100 
10.16015 2.50200 
10.16436 2.50300 
10.16857 2.50400 
10.17277 2.50500 
10.17698 2.50600 
10.18119 2.50700 
10.18540 2.50800 
10.18960 2.50900 
10.19381 2.51000 
10.19802 2.51100 
10.20222 2.51200 
10.20643 2.51300 
10.21064 2.51400 
10.21485 2.51500 
10.21905 2.51600 
10.22326 2.51700 
10.22747 2.51800 
10.23168 2.51900 
10.23588 2.52000 
10.24009 2.52100 
10.24430 2.52200 
10.24851 2.52300 
10.25271 2.52400 
10.25692 2.52500 
10.26113 2.52600 
10.26534 2.52700 
10.26954 2.52800 
10.27375 2.52900 
10.27796 2.53000 
10.28217 2.53100 
10.28637 2.53200 
10.29058 2.53300 
10.29479 2.53400 
10.29900 2.53500 
10.30320 2.53600 
10.30741 2.53700 
10.31162 2.53800 
10.31583 2.53900 
10.32003 2.54000 
10.32424 2.54100 
10.32845 2.54200 
10.33266 2.54300 
10.33686 2.54400 
10.34107 2.54500 
10.34528 2.54600 
10.34949 2.54700 
10.35369 2.54800 
10.35790 2.54900 
10.36211 2.55000 
10.36632 2.55100 
10.37052 2.55200 
10.37473 2.55300 
10.37894 2.55400 
10.38315 2.55500 
10.38735 2.55600 
10.39156 2.55700 
10.39577 2.55800 
10.39998 2.55900 
10.40418 2.56000 
10.40839 2.56100 
10.41260 2.56200 
10.41681 2.56300 
10.42101 2.56400 
10.42522 2.56500 
10.42943 2.56600 
10.43364 2.56700 
10.43784 2.56800 
10.44205 2.56900 
10.44626 2.57000 
10.45047 2.57100 
10.45467 2.57200 
10.45888 2.57300 
10.46309 2.57400 
10.46730 2.57500 
10.47150 2.57600 
10.47571 2.57700 
10.47992 2.57800 
10.48412 2.57900 
10.48833 2.58000 
10.49254 2.58100 
10.49675 2.58200 
10.50095 2.58300 
10.50516 2.58400 
10.50937 2.58500 
10.51358 2.58600 
10.51778 2.58700 
10.52199 2.58800 
10.52620 2.58900 
10.53041 2.59000 
10.53461 2.59100 
10.53882 2.59200 
10.54303 2.59300 
10.54724 2.59400 
10.55144 2.59500 
10.55565 2.59600 
10.55986 2.59700 
10.56407 2.59800 
10.56827 2.59900 
10.57248 2.60000 
10.57669 2.60100 
10.58090 2.60200 
10.58510 2.60300 
10.58931 2.60400 
10.59352 2.60500 
10.59773 2.60600 
10.60193 2.60700 
10.60614 2.60800 
10.61035 2.60900 
10.61456 2.61000 
10.61876 2.61100 
10.62297 2.61200 
10.62718 2.61300 
10.63139 2.61400 
10.63559 2.61500 
10.63980 2.61600 
10.64401 2.61700 
10.64822 2.61800 
10.65242 2.61900 
10.65663 2.62000 
10.66084 2.62100 
10.66505 2.62200 
10.66925 2.62300 
10.67346 2.62400 
10.67767 2.62500 
10.68188 2.62600 
10.68608 2.62700 
10.69029 2.62800 
10.69450 2.62900 
10.69871 2.63000 
10.70291 2.63100 
10.70712 2.63200 
10.71133 2.63300 
10.71554 2.63400 
10.71974 2.63500 
10.72395 2.63600 
10.72816 2.63700 
10.73237 2.63800 
10.73657 2.63900 
10.74078 2.64000 
10.74499 2.64100 
10.74920 2.64200 
10.75340 2.64300 
10.75761 2.64400 
10.76182 2.64500 
10.76603 2.64600 
10.77023 2.64700 
10.77444 2.64800 
10.77865 2.64900 
10.78285 2.65000 
10.78706 2.65100 
10.79127 2.65200 
10.79548 2.65300 
10.79968 2.65400 
10.80389 2.65500 
10.80810 2.65600 
10.81231 2.65700 
10.81651 2.65800 
10.82072 2.65900 
10.82493 2.66000 
10.82914 2.66100 
10.83334 2.66200 
10.83755 2.66300 
10.84176 2.66400 
10.84597 2.66500 
10.85017 2.66600 
10.85438 2.66700 
10.85859 2.66800 
10.86280 2.66900 
10.86700 2.67000 
10.87121 2.67100 
10.87542 2.67200 
10.87963 2.67300 
10.88383 2.67400 
10.88804 2.67500 
10.89225 2.67600 
10.89646 2.67700 
10.90066 2.67800 
10.90487 2.67900 
10.90908 2.68000 
10.91329 2.68100 
10.91749 2.68200 
10.92170 2.68300 
10.92591 2.68400 
10.93012 2.68500 
10.93432 2.68600 
10.93853 2.68700 
10.94274 2.68800 
10.94695 2.68900 
10.95115 2.69000 
10.95536 2.69100 
10.95957 2.69200 
10.96378 2.69300 
10.96798 2.69400 
10.97219 2.69500 
10.97640 2.69600 
10.98061 2.69700 
10.98481 2.69800 
10.98902 2.69900 
10.99323 2.70000 
10.99744 2.70100 
11.00164 2.70200 
11.00585 2.70300 
11.01006 2.70400 
11.01427 2.70500 
11.01847 2.70600 
11.02268 2.70700 
11.02689 2.70800 
11.03110 2.70900 
11.03530 2.71000 
11.03951 2.71100 
11.04372 2.71200 
11.04793 2.71300 
11.05213 2.71400 
11.05634 2.71500 
11.06055 2.71600 
11.06476 2.71700 
11.06896 2.71800 
11.07317 2.71900 
11.07738 2.72000 
11.08158 2.72100 
11.08579 2.72200 
11.09000 2.72300 
11.09421 2.72400 
11.09841 2.72500 
11.10262 2.72600 
11.10683 2.72700 
11.11104 2.72800 
11.11524 2.72900 
11.11945 2.73000 
11.12366 2.73100 
11.12787 2.73200 
11.13207 2.73300 
11.13628 2.73400 
11.14049 2.73500 
11.14470 2.73600 
11.14890 2.73700 
11.15311 2.73800 
11.15732 2.73900 
11.16153 2.74000 
11.16573 2.74100 
11.16994 2.74200 
11.17415 2.74300 
11.17836 2.74400 
11.18256 2.74500 
11.18677 2.74600 
11.19098 2.74700 
11.19519 2.74800 
11.19939 2.74900 
11.20360 2.75000 
11.20781 2.75100 
11.21202 2.75200 
11.21622 2.75300 
11.22043 2.75400 
11.22464 2.75500 
11.22885 2.75600 
11.23305 2.75700 
11.23726 2.75800 
11.24147 2.75900 
11.24568 2.76000 
11.24988 2.76100 
11.25409 2.76200 
11.25830 2.76300 
11.26251 2.76400 
11.26671 2.76500 
11.27092 2.76600 
11.27513 2.76700 
11.27934 2.76800 
11.28354 2.76900 
11.28775 2.77000 
11.29196 2.77100 
11.29617 2.77200 
11.30037 2.77300 
11.30458 2.77400 
11.30879 2.77500 
11.31300 2.77600 
11.31720 2.77700 
11.32141 2.77800 
11.32562 2.77900 
11.32983 2.78000 
11.33403 2.78100 
11.33824 2.78200 
11.34245 2.78300 
11.34666 2.78400 
11.35086 2.78500 
11.35507 2.78600 
11.35928 2.78700 
11.36348 2.78800 
11.36769 2.78900 
11.37190 2.79000 
11.37611 2.79100 
11.38031 2.79200 
11.38452 2.79300 
11.38873 2.79400 
11.39294 2.79500 
11.39714 2.79600 
11.40135 2.79700 
11.40556 2.79800 
11.40977 2.79900 
11.41397 2.80000 
11.41818 2.80100 
11.42239 2.80200 
11.42660 2.80300 
11.43080 2.80400 
11.43501 2.80500 
11.43922 2.80600 
11.44343 2.80700 
11.44763 2.80800 
11.45184 2.80900 
11.45605 2.81000 
11.46026 2.81100 
11.46446 2.81200 
11.46867 2.81300 
11.47288 2.81400 
11.47709 2.81500 
11.48129 2.81600 
11.48550 2.81700 
11.48971 2.81800 
11.49392 2.81900 
11.49812 2.82000 
11.50233 2.82100 
11.50654 2.82200 
11.51075 2.82300 
11.51495 2.82400 
11.51916 2.82500 
11.52337 2.82600 
11.52758 2.82700 
11.53178 2.82800 
11.53599 2.82900 
11.54020 2.83000 
11.54441 2.83100 
11.54861 2.83200 
11.55282 2.83300 
11.55703 2.83400 
11.56124 2.83500 
11.56544 2.83600 
11.56965 2.83700 
11.57386 2.83800 
11.57807 2.83900 
11.58227 2.84000 
11.58648 2.84100 
11.59069 2.84200 
11.59490 2.84300 
11.59910 2.84400 
11.60331 2.84500 
11.60752 2.84600 
11.61173 2.84700 
11.61593 2.84800 
11.62014 2.84900 
11.62435 2.85000 
11.62856 2.85100 
11.63276 2.85200 
11.63697 2.85300 
11.64118 2.85400 
11.64539 2.85500 
11.64959 2.85600 
11.65380 2.85700 
11.65801 2.85800 
11.66221 2.85900 
11.66642 2.86000 
11.67063 2.86100 
11.67484 2.86200 
11.67904 2.86300 
11.68325 2.86400 
11.68746 2.86500 
11.69167 2.86600 
11.69587 2.86700 
11.70008 2.86800 
11.70429 2.86900 
11.70850 2.87000 
11.71270 2.87100 
11.71691 2.87200 
11.72112 2.87300 
11.72533 2.87400 
11.72953 2.87500 
11.73374 2.87600 
11.73795 2.87700 
11.74216 2.87800 
11.74636 2.87900 
11.75057 2.88000 
11.75478 2.88100 
11.75899 2.88200 
11.76319 2.88300 
11.76740 2.88400 
11.77161 2.88500 
11.77582 2.88600 
11.78002 2.88700 
11.78423 2.88800 
11.78844 2.88900 
11.79265 2.89000 
11.79685 2.89100 
11.80106 2.89200 
11.80527 2.89300 
11.80948 2.89400 
11.81368 2.89500 
11.81789 2.89600 
11.82210 2.89700 
11.82631 2.89800 
11.83051 2.89900 
11.83472 2.90000 
11.83893 2.90100 
11.84314 2.90200 
11.84734 2.90300 
11.85155 2.90400 
11.85576 2.90500 
11.85997 2.90600 
11.86417 2.90700 
11.86838 2.90800 
11.87259 2.90900 
11.87680 2.91000 
11.88100 2.91100 
11.88521 2.91200 
11.88942 2.91300 
11.89363 2.91400 
11.89783 2.91500 
11.90204 2.91600 
11.90625 2.91700 
11.91046 2.91800 
11.91466 2.91900 
11.91887 2.92000 
11.92308 2.92100 
11.92729 2.92200 
11.93149 2.92300 
11.93570 2.92400 
11.93991 2.92500 
11.94411 2.92600 
11.94832 2.92700 
11.95253 2.92800 
11.95674 2.92900 
11.96094 2.93000 
11.96515 2.93100 
11.96936 2.93200 
11.97357 2.93300 
11.97777 2.93400 
11.98198 2.93500 
11.98619 2.93600 
11.99040 2.93700 
11.99460 2.93800 
11.99881 2.93900 
12.00302 2.94000 
12.00723 2.94100 
12.01143 2.94200 
12.01564 2.94300 
12.01985 2.94400 
12.02406 2.94500 
12.02826 2.94600 
12.03247 2.94700 
12.03668 2.94800 
12.04089 2.94900 
12.04509 2.95000 
12.04930 2.95100 
12.05351 2.95200 
12.05772 2.95300 
12.06192 2.95400 
12.06613 2.95500 
12.07034 2.95600 
12.07455 2.95700 
12.07875 2.95800 
12.08296 2.95900 
12.08717 2.96000 
12.09138 2.96100 
12.09558 2.96200 
12.09979 2.96300 
12.10400 2.96400 
12.10821 2.96500 
12.11241 2.96600 
12.11662 2.96700 
12.12083 2.96800 
12.12504 2.96900 
12.12924 2.97000 
12.13345 2.97100 
12.13766 2.97200 
12.14187 2.97300 
12.14607 2.97400 
12.15028 2.97500 
12.15449 2.97600 
12.15870 2.97700 
12.16290 2.97800 
12.16711 2.97900 
12.17132 2.98000 
12.17553 2.98100 
12.17973 2.98200 
12.18394 2.98300 
12.18815 2.98400 
12.19236 2.98500 
12.19656 2.98600 
12.20077 2.98700 
12.20498 2.98800 
12.20919 2.98900 
12.21339 2.99000 
12.21760 2.99100 
12.22181 2.99200 
12.22602 2.99300 
12.23022 2.99400 
12.23443 2.99500 
12.23864 2.99600 
12.24284 2.99700 
12.24705 2.99800 
12.25126 2.99900 
12.25547 3.00000 
12.25967 3.00100 
12.26388 3.00200 
12.26809 3.00300 
12.27230 3.00400 
12.27650 3.00500 
12.28071 3.00600 
12.28492 3.00700 
12.28913 3.00800 
12.29333 3.00900 
12.29754 3.01000 
12.30175 3.01100 
12.30596 3.01200 
12.31016 3.01300 
12.31437 3.01400 
12.31858 3.01500 
12.32279 3.01600 
12.32699 3.01700 
12.33120 3.01800 
12.33541 3.01900 
12.33962 3.02000 
12.34382 3.02100 
12.34803 3.02200 
12.35224 3.02300 
12.35645 3.02400 
12.36065 3.02500 
12.36486 3.02600 
12.36907 3.02700 
12.37328 3.02800 
12.37748 3.02900 
12.38169 3.03000 
12.38590 3.03100 
12.39011 3.03200 
12.39431 3.03300 
12.39852 3.03400 
12.40273 3.03500 
12.40694 3.03600 
12.41114 3.03700 
12.41535 3.03800 
12.41956 3.03900 
12.42377 3.04000 
12.42797 3.04100 
12.43218 3.04200 
12.43639 3.04300 
12.44060 3.04400 
12.44480 3.04500 
12.44901 3.04600 
12.45322 3.04700 
12.45743 3.04800 
12.46163 3.04900 
12.46584 3.05000 
12.47005 3.05100 
12.47426 3.05200 
12.47846 3.05300 
12.48267 3.05400 
12.48688 3.05500 
12.49109 3.05600 
12.49529 3.05700 
12.49950 3.05800 
12.50371 3.05900 
12.50792 3.06000 
12.51212 3.06100 
12.51633 3.06200 
12.52054 3.06300 
12.52474 3.06400 
12.52895 3.06500 
12.53316 3.06600 
12.53737 3.06700 
12.54157 3.06800 
12.54578 3.06900 
12.54999 3.07000 
12.55420 3.07100 
12.55840 3.07200 
12.56261 3.07300 
12.56682 3.07400 
12.57103 3.07500 
12.57523 3.07600 
12.57944 3.07700 
12.58365 3.07800 
12.58786 3.07900 
12.59206 3.08000 
12.59627 3.08100 
12.60048 3.08200 
12.60469 3.08300 
12.60889 3.08400 
12.61310 3.08500 
12.61731 3.08600 
12.62152 3.08700 
12.62572 3.08800 
12.62993 3.08900 
12.63414 3.09000 
12.63835 3.09100 
12.64255 3.09200 
12.64676 3.09300 
12.65097 3.09400 
12.65518 3.09500 
12.65938 3.09600 
12.66359 3.09700 
12.66780 3.09800 
12.67201 3.09900 
12.67621 3.10000 
12.68042 3.10100 
12.68463 3.10200 
12.68884 3.10300 
12.69304 3.10400 
12.69725 3.10500 
12.70146 3.10600 
12.70567 3.10700 
12.70987 3.10800 
12.71408 3.10900 
12.71829 3.11000 
12.72250 3.11100 
12.72670 3.11200 
12.73091 3.11300 
12.73512 3.11400 
12.73933 3.11500 
12.74353 3.11600 
12.74774 3.11700 
12.75195 3.11800 
12.75616 3.11900 
12.76036 3.12000 
12.76457 3.12100 
12.76878 3.12200 
12.77299 3.12300 
12.77719 3.12400 
12.78140 3.12500 
12.78561 3.12600 
12.78982 3.12700 
12.79402 3.12800 
12.79823 3.12900 
12.80244 3.13000 
12.80665 3.13100 
12.81085 3.13200 
12.81506 3.13300 
12.81927 3.13400 
12.82347 3.13500 
12.82768 3.13600 
12.83189 3.13700 
12.83610 3.13800 
12.84030 3.13900 
12.84451 3.14000 
12.84872 3.14100 
12.85293 3.14200 
12.85713 3.14300 
12.86134 3.14400 
12.86555 3.14500 
12.86976 3.14600 
12.87396 3.14700 
12.87817 3.14800 
12.88238 3.14900 
12.88659 3.15000 
12.89079 3.15100 
12.89500 3.15200 
12.89921 3.15300 
12.90342 3.15400 
12.90762 3.15500 
12.91183 3.15600 
12.91604 3.15700 
12.92025 3.15800 
12.92445 3.15900 
12.92866 3.16000 
12.93287 3.16100 
12.93708 3.16200 
12.94128 3.16300 
12.94549 3.16400 
12.94970 3.16500 
12.95391 3.16600 
12.95811 3.16700 
12.96232 3.16800 
12.96653 3.16900 
12.97074 3.17000 
12.97494 3.17100 
12.97915 3.17200 
12.98336 3.17300 
12.98757 3.17400 
12.99177 3.17500 
12.99598 3.17600 
13.00019 3.17700 
13.00440 3.17800 
13.00860 3.17900 
13.01281 3.18000 
13.01702 3.18100 
13.02123 3.18200 
13.02543 3.18300 
13.02964 3.18400 
13.03385 3.18500 
13.03806 3.18600 
13.04226 3.18700 
13.04647 3.18800 
13.05068 3.18900 
13.05489 3.19000 
13.05909 3.19100 
13.06330 3.19200 
13.06751 3.19300 
13.07172 3.19400 
13.07592 3.19500 
13.08013 3.19600 
13.08434 3.19700 
13.08855 3.19800 
13.09275 3.19900 
13.09696 3.20000 
13.10117 3.20100 
13.10538 3.20200 
13.10958 3.20300 
13.11379 3.20400 
13.11800 3.20500 
13.12220 3.20600 
13.12641 3.20700 
13.13062 3.20800 
13.13483 3.20900 
13.13903 3.21000 
13.14324 3.21100 
13.14745 3.21200 
13.15166 3.21300 
13.15586 3.21400 
13.16007 3.21500 
13.16428 3.21600 
13.16849 3.21700 
13.17269 3.21800 
13.17690 3.21900 
13.18111 3.22000 
13.18532 3.22100 
13.18952 3.22200 
13.19373 3.22300 
13.19794 3.22400 
13.20215 3.22500 
13.20635 3.22600 
13.21056 3.22700 
13.21477 3.22800 
13.21898 3.22900 
13.22318 3.23000 
13.22739 3.23100 
13.23160 3.23200 
13.23581 3.23300 
13.24001 3.23400 
13.24422 3.23500 
13.24843 3.23600 
13.25264 3.23700 
13.25684 3.23800 
13.26105 3.23900 
13.26526 3.24000 
13.26947 3.24100 
13.27367 3.24200 
13.27788 3.24300 
13.28209 3.24400 
13.28630 3.24500 
13.29050 3.24600 
13.29471 3.24700 
13.29892 3.24800 
13.30313 3.24900 
13.30733 3.25000 
13.31154 3.25100 
13.31575 3.25200 
13.31996 3.25300 
13.32416 3.25400 
13.32837 3.25500 
13.33258 3.25600 
13.33679 3.25700 
13.34099 3.25800 
13.34520 3.25900 
13.34941 3.26000 
13.35362 3.26100 
13.35782 3.26200 
13.36203 3.26300 
13.36624 3.26400 
13.37045 3.26500 
13.37465 3.26600 
13.37886 3.26700 
13.38307 3.26800 
13.38728 3.26900 
13.39148 3.27000 
13.39569 3.27100 
13.39990 3.27200 
13.40410 3.27300 
13.40831 3.27400 
13.41252 3.27500 
13.41673 3.27600 
13.42093 3.27700 
13.42514 3.27800 
13.42935 3.27900 
13.43356 3.28000 
13.43776 3.28100 
13.44197 3.28200 
13.44618 3.28300 
13.45039 3.28400 
13.45459 3.28500 
13.45880 3.28600 
13.46301 3.28700 
13.46722 3.28800 
13.47142 3.28900 
13.47563 3.29000 
13.47984 3.29100 
13.48405 3.29200 
13.48825 3.29300 
13.49246 3.29400 
13.49667 3.29500 
13.50088 3.29600 
13.50508 3.29700 
13.50929 3.29800 
13.51350 3.29900 
13.51771 3.30000 
13.52191 3.30100 
13.52612 3.30200 
13.53033 3.30300 
13.53454 3.30400 
13.53874 3.30500 
13.54295 3.30600 
13.54716 3.30700 
13.55137 3.30800 
13.55557 3.30900 
13.55978 3.31000 
13.56399 3.31100 
13.56820 3.31200 
13.57240 3.31300 
13.57661 3.31400 
13.58082 3.31500 
13.58503 3.31600 
13.58923 3.31700 
13.59344 3.31800 
13.59765 3.31900 
13.60186 3.32000 
13.60606 3.32100 
13.61027 3.32200 
13.61448 3.32300 
13.61869 3.32400 
13.62289 3.32500 
13.62710 3.32600 
13.63131 3.32700 
13.63552 3.32800 
13.63972 3.32900 
13.64393 3.33000 
13.64814 3.33100 
13.65235 3.33200 
13.65655 3.33300 
13.66076 3.33400 
13.66497 3.33500 
13.66918 3.33600 
13.67338 3.33700 
13.67759 3.33800 
13.68180 3.33900 
13.68601 3.34000 
13.69021 3.34100 
13.69442 3.34200 
13.69863 3.34300 
13.70283 3.34400 
13.70704 3.34500 
13.71125 3.34600 
13.71546 3.34700 
13.71966 3.34800 
13.72387 3.34900 
13.72808 3.35000 
13.73229 3.35100 
13.73649 3.35200 
13.74070 3.35300 
13.74491 3.35400 
13.74912 3.35500 
13.75332 3.35600 
13.75753 3.35700 
13.76174 3.35800 
13.76595 3.35900 
13.77015 3.36000 
13.77436 3.36100 
13.77857 3.36200 
13.78278 3.36300 
13.78698 3.36400 
13.79119 3.36500 
13.79540 3.36600 
13.79961 3.36700 
13.80381 3.36800 
13.80802 3.36900 
13.81223 3.37000 
13.81644 3.37100 
13.82064 3.37200 
13.82485 3.37300 
13.82906 3.37400 
13.83327 3.37500 
13.83747 3.37600 
13.84168 3.37700 
13.84589 3.37800 
13.85010 3.37900 
13.85430 3.38000 
13.85851 3.38100 
13.86272 3.38200 
13.86693 3.38300 
13.87113 3.38400 
13.87534 3.38500 
13.87955 3.38600 
13.88376 3.38700 
13.88796 3.38800 
13.89217 3.38900 
13.89638 3.39000 
13.90059 3.39100 
13.90479 3.39200 
13.90900 3.39300 
13.91321 3.39400 
13.91742 3.39500 
13.92162 3.39600 
13.92583 3.39700 
13.93004 3.39800 
13.93425 3.39900 
13.93845 3.40000 
13.94266 3.40100 
13.94687 3.40200 
13.95108 3.40300 
13.95528 3.40400 
13.95949 3.40500 
13.96370 3.40600 
13.96791 3.40700 
13.97211 3.40800 
13.97632 3.40900 
13.98053 3.41000 
13.98473 3.41100 
13.98894 3.41200 
13.99315 3.41300 
13.99736 3.41400 
14.00156 3.41500 
14.00577 3.41600 
14.00998 3.41700 
14.01419 3.41800 
14.01839 3.41900 
14.02260 3.42000 
14.02681 3.42100 
14.03102 3.42200 
14.03522 3.42300 
14.03943 3.42400 
14.04364 3.42500 
14.04785 3.42600 
14.05205 3.42700 
14.05626 3.42800 
14.06047 3.42900 
14.06468 3.43000 
14.06888 3.43100 
14.07309 3.43200 
14.07730 3.43300 
14.08151 3.43400 
14.08571 3.43500 
14.08992 3.43600 
14.09413 3.43700 
14.09834 3.43800 
14.10254 3.43900 
14.10675 3.44000 
14.11096 3.44100 
14.11517 3.44200 
14.11937 3.44300 
14.12358 3.44400 
14.12779 3.44500 
14.13200 3.44600 
14.13620 3.44700 
14.14041 3.44800 
14.14462 3.44900 
14.14883 3.45000 
14.15303 3.45100 
14.15724 3.45200 
14.16145 3.45300 
14.16566 3.45400 
14.16986 3.45500 
14.17407 3.45600 
14.17828 3.45700 
14.18249 3.45800 
14.18669 3.45900 
14.19090 3.46000 
14.19511 3.46100 
14.19932 3.46200 
14.20352 3.46300 
14.20773 3.46400 
14.21194 3.46500 
14.21615 3.46600 
14.22035 3.46700 
14.22456 3.46800 
14.22877 3.46900 
14.23298 3.47000 
14.23718 3.47100 
14.24139 3.47200 
14.24560 3.47300 
14.24981 3.47400 
14.25401 3.47500 
14.25822 3.47600 
14.26243 3.47700 
14.26664 3.47800 
14.27084 3.47900 
14.27505 3.48000 
14.27926 3.48100 
14.28346 3.48200 
14.28767 3.48300 
14.29188 3.48400 
14.29609 3.48500 
14.30029 3.48600 
14.30450 3.48700 
14.30871 3.48800 
14.31292 3.48900 
14.31712 3.49000 
14.32133 3.49100 
14.32554 3.49200 
14.32975 3.49300 
14.33395 3.49400 
14.33816 3.49500 
14.34237 3.49600 
14.34658 3.49700 
14.35078 3.49800 
14.35499 3.49900 
14.35920 3.50000 
14.36341 3.50100 
14.36761 3.50200 
14.37182 3.50300 
14.37603 3.50400 
14.38024 3.50500 
14.38444 3.50600 
14.38865 3.50700 
14.39286 3.50800 
14.39707 3.50900 
14.40127 3.51000 
14.40548 3.51100 
14.40969 3.51200 
14.41390 3.51300 
14.41810 3.51400 
14.42231 3.51500 
14.42652 3.51600 
14.43073 3.51700 
14.43493 3.51800 
14.43914 3.51900 
14.44335 3.52000 
14.44756 3.52100 
14.45176 3.52200 
14.45597 3.52300 
14.46018 3.52400 
14.46439 3.52500 
14.46859 3.52600 
14.47280 3.52700 
14.47701 3.52800 
14.48122 3.52900 
14.48542 3.53000 
14.48963 3.53100 
14.49384 3.53200 
14.49805 3.53300 
14.50225 3.53400 
14.50646 3.53500 
14.51067 3.53600 
14.51488 3.53700 
14.51908 3.53800 
14.52329 3.53900 
14.52750 3.54000 
14.53171 3.54100 
14.53591 3.54200 
14.54012 3.54300 
14.54433 3.54400 
14.54854 3.54500 
14.55274 3.54600 
14.55695 3.54700 
14.56116 3.54800 
14.56537 3.54900 
14.56957 3.55000 
14.57378 3.55100 
14.57799 3.55200 
14.58219 3.55300 
14.58640 3.55400 
14.59061 3.55500 
14.59482 3.55600 
14.59902 3.55700 
14.60323 3.55800 
14.60744 3.55900 
14.61165 3.56000 
14.61585 3.56100 
14.62006 3.56200 
14.62427 3.56300 
14.62848 3.56400 
14.63268 3.56500 
14.63689 3.56600 
14.64110 3.56700 
14.64531 3.56800 
14.64951 3.56900 
14.65372 3.57000 
14.65793 3.57100 
14.66214 3.57200 
14.66634 3.57300 
14.67055 3.57400 
14.67476 3.57500 
14.67897 3.57600 
14.68317 3.57700 
14.68738 3.57800 
14.69159 3.57900 
14.69580 3.58000 
14.70000 3.58100 
14.70421 3.58200 
14.70842 3.58300 
14.71263 3.58400 
14.71683 3.58500 
14.72104 3.58600 
14.72525 3.58700 
14.72946 3.58800 
14.73366 3.58900 
14.73787 3.59000 
14.74208 3.59100 
14.74629 3.59200 
14.75049 3.59300 
14.75470 3.59400 
14.75891 3.59500 
14.76312 3.59600 
14.76732 3.59700 
14.77153 3.59800 
14.77574 3.59900 
14.77995 3.60000 
14.78415 3.60100 
14.78836 3.60200 
14.79257 3.60300 
14.79678 3.60400 
14.80098 3.60500 
14.80519 3.60600 
14.80940 3.60700 
14.81361 3.60800 
14.81781 3.60900 
14.82202 3.61000 
14.82623 3.61100 
14.83044 3.61200 
14.83464 3.61300 
14.83885 3.61400 
14.84306 3.61500 
14.84727 3.61600 
14.85147 3.61700 
14.85568 3.61800 
14.85989 3.61900 
14.86409 3.62000 
14.86830 3.62100 
14.87251 3.62200 
14.87672 3.62300 
14.88092 3.62400 
14.88513 3.62500 
14.88934 3.62600 
14.89355 3.62700 
14.89775 3.62800 
14.90196 3.62900 
14.90617 3.63000 
14.91038 3.63100 
14.91458 3.63200 
14.91879 3.63300 
14.92300 3.63400 
14.92721 3.63500 
14.93141 3.63600 
14.93562 3.63700 
14.93983 3.63800 
14.94404 3.63900 
14.94824 3.64000 
14.95245 3.64100 
14.95666 3.64200 
14.96087 3.64300 
14.96507 3.64400 
14.96928 3.64500 
14.97349 3.64600 
14.97770 3.64700 
14.98190 3.64800 
14.98611 3.64900 
14.99032 3.65000 
14.99453 3.65100 
14.99873 3.65200 
15.00294 3.65300 
15.00715 3.65400 
15.01136 3.65500 
15.01556 3.65600 
15.01977 3.65700 
15.02398 3.65800 
15.02819 3.65900 
15.03239 3.66000 
15.03660 3.66100 
15.04081 3.66200 
15.04502 3.66300 
15.04922 3.66400 
15.05343 3.66500 
15.05764 3.66600 
15.06185 3.66700 
15.06605 3.66800 
15.07026 3.66900 
15.07447 3.67000 
15.07868 3.67100 
15.08288 3.67200 
15.08709 3.67300 
15.09130 3.67400 
15.09551 3.67500 
15.09971 3.67600 
15.10392 3.67700 
15.10813 3.67800 
15.11234 3.67900 
15.11654 3.68000 
15.12075 3.68100 
15.12496 3.68200 
15.12917 3.68300 
15.13337 3.68400 
15.13758 3.68500 
15.14179 3.68600 
15.14600 3.68700 
15.15020 3.68800 
15.15441 3.68900 
15.15862 3.69000 
15.16282 3.69100 
15.16703 3.69200 
15.17124 3.69300 
15.17545 3.69400 
15.17965 3.69500 
15.18386 3.69600 
15.18807 3.69700 
15.19228 3.69800 
15.19648 3.69900 
15.20069 3.70000 
15.20490 3.70100 
15.20911 3.70200 
15.21331 3.70300 
15.21752 3.70400 
15.22173 3.70500 
15.22594 3.70600 
15.23014 3.70700 
15.23435 3.70800 
15.23856 3.70900 
15.24277 3.71000 
15.24697 3.71100 
15.25118 3.71200 
15.25539 3.71300 
15.25960 3.71400 
15.26380 3.71500 
15.26801 3.71600 
15.27222 3.71700 
15.27643 3.71800 
15.28063 3.71900 
15.28484 3.72000 
15.28905 3.72100 
15.29326 3.72200 
15.29746 3.72300 
15.30167 3.72400 
15.30588 3.72500 
15.31009 3.72600 
15.31429 3.72700 
15.31850 3.72800 
15.32271 3.72900 
15.32692 3.73000 
15.33112 3.73100 
15.33533 3.73200 
15.33954 3.73300 
15.34375 3.73400 
15.34795 3.73500 
15.35216 3.73600 
15.35637 3.73700 
15.36058 3.73800 
15.36478 3.73900 
15.36899 3.74000 
15.37320 3.74100 
15.37741 3.74200 
15.38161 3.74300 
15.38582 3.74400 
15.39003 3.74500 
15.39424 3.74600 
15.39844 3.74700 
15.40265 3.74800 
15.40686 3.74900 
15.41107 3.75000 
15.41527 3.75100 
15.41948 3.75200 
15.42369 3.75300 
15.42790 3.75400 
15.43210 3.75500 
15.43631 3.75600 
15.44052 3.75700 
15.44472 3.75800 
15.44893 3.75900 
15.45314 3.76000 
15.45735 3.76100 
15.46155 3.76200 
15.46576 3.76300 
15.46997 3.76400 
15.47418 3.76500 
15.47838 3.76600 
15.48259 3.76700 
15.48680 3.76800 
15.49101 3.76900 
15.49521 3.77000 
15.49942 3.77100 
15.50363 3.77200 
15.50784 3.77300 
15.51204 3.77400 
15.51625 3.77500 
15.52046 3.77600 
15.52467 3.77700 
15.52887 3.77800 
15.53308 3.77900 
15.53729 3.78000 
15.54150 3.78100 
15.54570 3.78200 
15.54991 3.78300 
15.55412 3.78400 
15.55833 3.78500 
15.56253 3.78600 
15.56674 3.78700 
15.57095 3.78800 
15.57516 3.78900 
15.57936 3.79000 
15.58357 3.79100 
15.58778 3.79200 
15.59199 3.79300 
15.59619 3.79400 
15.60040 3.79500 
15.60461 3.79600 
15.60882 3.79700 
15.61302 3.79800 
15.61723 3.79900 
15.62144 3.80000 
15.62565 3.80100 
15.62985 3.80200 
15.63406 3.80300 
15.63827 3.80400 
15.64248 3.80500 
15.64668 3.80600 
15.65089 3.80700 
15.65510 3.80800 
15.65931 3.80900 
15.66351 3.81000 
15.66772 3.81100 
15.67193 3.81200 
15.67614 3.81300 
15.68034 3.81400 
15.68455 3.81500 
15.68876 3.81600 
15.69297 3.81700 
15.69717 3.81800 
15.70138 3.81900 
15.70559 3.82000 
15.70980 3.82100 
15.71400 3.82200 
15.71821 3.82300 
15.72242 3.82400 
15.72663 3.82500 
15.73083 3.82600 
15.73504 3.82700 
15.73925 3.82800 
15.74345 3.82900 
15.74766 3.83000 
15.75187 3.83100 
15.75608 3.83200 
15.76028 3.83300 
15.76449 3.83400 
15.76870 3.83500 
15.77291 3.83600 
15.77711 3.83700 
15.78132 3.83800 
15.78553 3.83900 
15.78974 3.84000 
15.79394 3.84100 
15.79815 3.84200 
15.80236 3.84300 
15.80657 3.84400 
15.81077 3.84500 
15.81498 3.84600 
15.81919 3.84700 
15.82340 3.84800 
15.82760 3.84900 
15.83181 3.85000 
15.83602 3.85100 
15.84023 3.85200 
15.84443 3.85300 
15.84864 3.85400 
15.85285 3.85500 
15.85706 3.85600 
15.86126 3.85700 
15.86547 3.85800 
15.86968 3.85900 
15.87389 3.86000 
15.87809 3.86100 
15.88230 3.86200 
15.88651 3.86300 
15.89072 3.86400 
15.89492 3.86500 
15.89913 3.86600 
15.90334 3.86700 
15.90755 3.86800 
15.91175 3.86900 
15.91596 3.87000 
15.92017 3.87100 
15.92438 3.87200 
15.92858 3.87300 
15.93279 3.87400 
15.93700 3.87500 
15.94121 3.87600 
15.94541 3.87700 
15.94962 3.87800 
15.95383 3.87900 
15.95804 3.88000 
15.96224 3.88100 
15.96645 3.88200 
15.97066 3.88300 
15.97487 3.88400 
15.97907 3.88500 
15.98328 3.88600 
15.98749 3.88700 
15.99170 3.88800 
15.99590 3.88900 
16.00011 3.89000 
16.00432 3.89100 
16.00853 3.89200 
16.01273 3.89300 
16.01694 3.89400 
16.02115 3.89500 
16.02535 3.89600 
16.02956 3.89700 
16.03377 3.89800 
16.03798 3.89900 
16.04218 3.90000 
16.04639 3.90100 
16.05060 3.90200 
16.05481 3.90300 
16.05901 3.90400 
16.06322 3.90500 
16.06743 3.90600 
16.07164 3.90700 
16.07584 3.90800 
16.08005 3.90900 
16.08426 3.91000 
16.08847 3.91100 
16.09267 3.91200 
16.09688 3.91300 
16.10109 3.91400 
16.10530 3.91500 
16.10950 3.91600 
16.11371 3.91700 
16.11792 3.91800 
16.12213 3.91900 
16.12633 3.92000 
16.13054 3.92100 
16.13475 3.92200 
16.13896 3.92300 
16.14316 3.92400 
16.14737 3.92500 
16.15158 3.92600 
16.15579 3.92700 
16.15999 3.92800 
16.16420 3.92900 
16.16841 3.93000 
16.17262 3.93100 
16.17682 3.93200 
16.18103 3.93300 
16.18524 3.93400 
16.18945 3.93500 
16.19365 3.93600 
16.19786 3.93700 
16.20207 3.93800 
16.20628 3.93900 
16.21048 3.94000 
16.21469 3.94100 
16.21890 3.94200 
16.22311 3.94300 
16.22731 3.94400 
16.23152 3.94500 
16.23573 3.94600 
16.23994 3.94700 
16.24414 3.94800 
16.24835 3.94900 
16.25256 3.95000 
16.25677 3.95100 
16.26097 3.95200 
16.26518 3.95300 
16.26939 3.95400 
16.27360 3.95500 
16.27780 3.95600 
16.28201 3.95700 
16.28622 3.95800 
16.29043 3.95900 
16.29463 3.96000 
16.29884 3.96100 
16.30305 3.96200 
16.30726 3.96300 
16.31146 3.96400 
16.31567 3.96500 
16.31988 3.96600 
16.32408 3.96700 
16.32829 3.96800 
16.33250 3.96900 
16.33671 3.97000 
16.34091 3.97100 
16.34512 3.97200 
16.34933 3.97300 
16.35354 3.97400 
16.35774 3.97500 
16.36195 3.97600 
16.36616 3.97700 
16.37037 3.97800 
16.37457 3.97900 
16.37878 3.98000 
16.38299 3.98100 
16.38720 3.98200 
16.39140 3.98300 
16.39561 3.98400 
16.39982 3.98500 
16.40403 3.98600 
16.40823 3.98700 
16.41244 3.98800 
16.41665 3.98900 
16.42086 3.99000 
16.42506 3.99100 
16.42927 3.99200 
16.43348 3.99300 
16.43769 3.99400 
16.44189 3.99500 
16.44610 3.99600 
16.45031 3.99700 
16.45452 3.99800 
16.45872 3.99900 
16.46293 4.00000 
16.46714 4.00100 
16.47135 4.00200 
16.47555 4.00300 
16.47976 4.00400 
16.48397 4.00500 
16.48818 4.00600 
16.49238 4.00700 
16.49659 4.00800 
16.50080 4.00900 
16.50501 4.01000 
16.50921 4.01100 
16.51342 4.01200 
16.51763 4.01300 
16.52184 4.01400 
16.52604 4.01500 
16.53025 4.01600 
16.53446 4.01700 
16.53867 4.01800 
16.54287 4.01900 
16.54708 4.02000 
16.55129 4.02100 
16.55550 4.02200 
16.55970 4.02300 
16.56391 4.02400 
16.56812 4.02500 
16.57233 4.02600 
16.57653 4.02700 
16.58074 4.02800 
16.58495 4.02900 
16.58916 4.03000 
16.59336 4.03100 
16.59757 4.03200 
16.60178 4.03300 
16.60599 4.03400 
16.61019 4.03500 
16.61440 4.03600 
16.61861 4.03700 
16.62281 4.03800 
16.62702 4.03900 
16.63123 4.04000 
16.63544 4.04100 
16.63964 4.04200 
16.64385 4.04300 
16.64806 4.04400 
16.65227 4.04500 
16.65647 4.04600 
16.66068 4.04700 
16.66489 4.04800 
16.66910 4.04900 
16.67330 4.05000 
16.67751 4.05100 
16.68172 4.05200 
16.68593 4.05300 
16.69013 4.05400 
16.69434 4.05500 
16.69855 4.05600 
16.70276 4.05700 
16.70696 4.05800 
16.71117 4.05900 
16.71538 4.06000 
16.71959 4.06100 
16.72379 4.06200 
16.72800 4.06300 
16.73221 4.06400 
16.73642 4.06500 
16.74062 4.06600 
16.74483 4.06700 
16.74904 4.06800 
16.75325 4.06900 
16.75745 4.07000 
16.76166 4.07100 
16.76587 4.07200 
16.77008 4.07300 
16.77428 4.07400 
16.77849 4.07500 
16.78270 4.07600 
16.78691 4.07700 
16.79111 4.07800 
16.79532 4.07900 
16.79953 4.08000 
16.80374 4.08100 
16.80794 4.08200 
16.81215 4.08300 
16.81636 4.08400 
16.82057 4.08500 
16.82477 4.08600 
16.82898 4.08700 
16.83319 4.08800 
16.83740 4.08900 
16.84160 4.09000 
16.84581 4.09100 
16.85002 4.09200 
16.85423 4.09300 
16.85843 4.09400 
16.86264 4.09500 
16.86685 4.09600 
16.87106 4.09700 
16.87526 4.09800 
16.87947 4.09900 
16.88368 4.10000 
16.88789 4.10100 
16.89209 4.10200 
16.89630 4.10300 
16.90051 4.10400 
16.90471 4.10500 
16.90892 4.10600 
16.91313 4.10700 
16.91734 4.10800 
16.92154 4.10900 
16.92575 4.11000 
16.92996 4.11100 
16.93417 4.11200 
16.93837 4.11300 
16.94258 4.11400 
16.94679 4.11500 
16.95100 4.11600 
16.95520 4.11700 
16.95941 4.11800 
16.96362 4.11900 
16.96783 4.12000 
16.97203 4.12100 
16.97624 4.12200 
16.98045 4.12300 
16.98466 4.12400 
16.98886 4.12500 
16.99307 4.12600 
16.99728 4.12700 
17.00149 4.12800 
17.00569 4.12900 
17.00990 4.13000 
17.01411 4.13100 
17.01832 4.13200 
17.02252 4.13300 
17.02673 4.13400 
17.03094 4.13500 
17.03515 4.13600 
17.03935 4.13700 
17.04356 4.13800 
17.04777 4.13900 
17.05198 4.14000 
17.05618 4.14100 
17.06039 4.14200 
17.06460 4.14300 
17.06881 4.14400 
17.07301 4.14500 
17.07722 4.14600 
17.08143 4.14700 
17.08564 4.14800 
17.08984 4.14900 
17.09405 4.15000 
17.09826 4.15100 
17.10247 4.15200 
17.10667 4.15300 
17.11088 4.15400 
17.11509 4.15500 
17.11930 4.15600 
17.12350 4.15700 
17.12771 4.15800 
17.13192 4.15900 
17.13613 4.16000 
17.14033 4.16100 
17.14454 4.16200 
17.14875 4.16300 
17.15296 4.16400 
17.15716 4.16500 
17.16137 4.16600 
17.16558 4.16700 
17.16979 4.16800 
17.17399 4.16900 
17.17820 4.17000 
17.18241 4.17100 
17.18662 4.17200 
17.19082 4.17300 
17.19503 4.17400 
17.19924 4.17500 
17.20344 4.17600 
17.20765 4.17700 
17.21186 4.17800 
17.21607 4.17900 
17.22027 4.18000 
17.22448 4.18100 
17.22869 4.18200 
17.23290 4.18300 
17.23710 4.18400 
17.24131 4.18500 
17.24552 4.18600 
17.24973 4.18700 
17.25393 4.18800 
17.25814 4.18900 
17.26235 4.19000 
17.26656 4.19100 
17.27076 4.19200 
17.27497 4.19300 
17.27918 4.19400 
17.28339 4.19500 
17.28759 4.19600 
17.29180 4.19700 
17.29601 4.19800 
17.30022 4.19900 
17.30442 4.20000 
17.30863 4.20100 
17.31284 4.20200 
17.31705 4.20300 
17.32125 4.20400 
17.32546 4.20500 
17.32967 4.20600 
17.33388 4.20700 
17.33808 4.20800 
17.34229 4.20900 
17.34650 4.21000 
17.35071 4.21100 
17.35491 4.21200 
17.35912 4.21300 
17.36333 4.21400 
17.36754 4.21500 
17.37174 4.21600 
17.37595 4.21700 
17.38016 4.21800 
17.38437 4.21900 
17.38857 4.22000 
17.39278 4.22100 
17.39699 4.22200 
17.40120 4.22300 
17.40540 4.22400 
17.40961 4.22500 
17.41382 4.22600 
17.41803 4.22700 
17.42223 4.22800 
17.42644 4.22900 
17.43065 4.23000 
17.43486 4.23100 
17.43906 4.23200 
17.44327 4.23300 
17.44748 4.23400 
17.45169 4.23500 
17.45589 4.23600 
17.46010 4.23700 
17.46431 4.23800 
17.46852 4.23900 
17.47272 4.24000 
17.47693 4.24100 
17.48114 4.24200 
17.48534 4.24300 
17.48955 4.24400 
17.49376 4.24500 
17.49797 4.24600 
17.50217 4.24700 
17.50638 4.24800 
17.51059 4.24900 
17.51480 4.25000 
17.51900 4.25100 
17.52321 4.25200 
17.52742 4.25300 
17.53163 4.25400 
17.53583 4.25500 
17.54004 4.25600 
17.54425 4.25700 
17.54846 4.25800 
17.55266 4.25900 
17.55687 4.26000 
17.56108 4.26100 
17.56529 4.26200 
17.56949 4.26300 
17.57370 4.26400 
17.57791 4.26500 
17.58212 4.26600 
17.58632 4.26700 
17.59053 4.26800 
17.59474 4.26900 
17.59895 4.27000 
17.60315 4.27100 
17.60736 4.27200 
17.61157 4.27300 
17.61578 4.27400 
17.61998 4.27500 
17.62419 4.27600 
17.62840 4.27700 
17.63261 4.27800 
17.63681 4.27900 
17.64102 4.28000 
17.64523 4.28100 
17.64944 4.28200 
17.65364 4.28300 
17.65785 4.28400 
17.66206 4.28500 
17.66627 4.28600 
17.67047 4.28700 
17.67468 4.28800 
17.67889 4.28900 
17.68310 4.29000 
17.68730 4.29100 
17.69151 4.29200 
17.69572 4.29300 
17.69993 4.29400 
17.70413 4.29500 
17.70834 4.29600 
17.71255 4.29700 
17.71676 4.29800 
17.72096 4.29900 
17.72517 4.30000 
17.72938 4.30100 
17.73359 4.30200 
17.73779 4.30300 
17.74200 4.30400 
17.74621 4.30500 
17.75042 4.30600 
17.75462 4.30700 
17.75883 4.30800 
17.76304 4.30900 
17.76725 4.31000 
17.77145 4.31100 
17.77566 4.31200 
17.77987 4.31300 
17.78407 4.31400 
17.78828 4.31500 
17.79249 4.31600 
17.79670 4.31700 
17.80090 4.31800 
17.80511 4.31900 
17.80932 4.32000 
17.81353 4.32100 
17.81773 4.32200 
17.82194 4.32300 
17.82615 4.32400 
17.83036 4.32500 
17.83456 4.32600 
17.83877 4.32700 
17.84298 4.32800 
17.84719 4.32900 
17.85139 4.33000 
17.85560 4.33100 
17.85981 4.33200 
17.86402 4.33300 
17.86822 4.33400 
17.87243 4.33500 
17.87664 4.33600 
17.88085 4.33700 
17.88505 4.33800 
17.88926 4.33900 
17.89347 4.34000 
17.89768 4.34100 
17.90188 4.34200 
17.90609 4.34300 
17.91030 4.34400 
17.91451 4.34500 
17.91871 4.34600 
17.92292 4.34700 
17.92713 4.34800 
17.93134 4.34900 
17.93554 4.35000 
17.93975 4.35100 
17.94396 4.35200 
17.94817 4.35300 
17.95237 4.35400 
17.95658 4.35500 
17.96079 4.35600 
17.96500 4.35700 
17.96920 4.35800 
17.97341 4.35900 
17.97762 4.36000 
17.98183 4.36100 
17.98603 4.36200 
17.99024 4.36300 
17.99445 4.36400 
17.99866 4.36500 
18.00286 4.36600 
18.00707 4.36700 
18.01128 4.36800 
18.01549 4.36900 
18.01969 4.37000 
18.02390 4.37100 
18.02811 4.37200 
18.03232 4.37300 
18.03652 4.37400 
18.04073 4.37500 
18.04494 4.37600 
18.04915 4.37700 
18.05335 4.37800 
18.05756 4.37900 
18.06177 4.38000 
18.06597 4.38100 
18.07018 4.38200 
18.07439 4.38300 
18.07860 4.38400 
18.08280 4.38500 
18.08701 4.38600 
18.09122 4.38700 
18.09543 4.38800 
18.09963 4.38900 
18.10384 4.39000 
18.10805 4.39100 
18.11226 4.39200 
18.11646 4.39300 
18.12067 4.39400 
18.12488 4.39500 
18.12909 4.39600 
18.13329 4.39700 
18.13750 4.39800 
18.14171 4.39900 
18.14592 4.40000 
18.15012 4.40100 
18.15433 4.40200 
18.15854 4.40300 
18.16275 4.40400 
18.16695 4.40500 
18.17116 4.40600 
18.17537 4.40700 
18.17958 4.40800 
18.18378 4.40900 
18.18799 4.41000 
18.19220 4.41100 
18.19641 4.41200 
18.20061 4.41300 
18.20482 4.41400 
18.20903 4.41500 
18.21324 4.41600 
18.21744 4.41700 
18.22165 4.41800 
18.22586 4.41900 
18.23007 4.42000 
18.23427 4.42100 
18.23848 4.42200 
18.24269 4.42300 
18.24690 4.42400 
18.25110 4.42500 
18.25531 4.42600 
18.25952 4.42700 
18.26373 4.42800 
18.26793 4.42900 
18.27214 4.43000 
18.27635 4.43100 
18.28056 4.43200 
18.28476 4.43300 
18.28897 4.43400 
18.29318 4.43500 
18.29739 4.43600 
18.30159 4.43700 
18.30580 4.43800 
18.31001 4.43900 
18.31422 4.44000 
18.31842 4.44100 
18.32263 4.44200 
18.32684 4.44300 
18.33105 4.44400 
18.33525 4.44500 
18.33946 4.44600 
18.34367 4.44700 
18.34788 4.44800 
18.35208 4.44900 
18.35629 4.45000 
18.36050 4.45100 
18.36470 4.45200 
18.36891 4.45300 
18.37312 4.45400 
18.37733 4.45500 
18.38153 4.45600 
18.38574 4.45700 
18.38995 4.45800 
18.39416 4.45900 
18.39836 4.46000 
18.40257 4.46100 
18.40678 4.46200 
18.41099 4.46300 
18.41519 4.46400 
18.41940 4.46500 
18.42361 4.46600 
18.42782 4.46700 
18.43202 4.46800 
18.43623 4.46900 
18.44044 4.47000 
18.44465 4.47100 
18.44885 4.47200 
18.45306 4.47300 
18.45727 4.47400 
18.46148 4.47500 
18.46568 4.47600 
18.46989 4.47700 
18.47410 4.47800 
18.47831 4.47900 
18.48251 4.48000 
18.48672 4.48100 
18.49093 4.48200 
18.49514 4.48300 
18.49934 4.48400 
18.50355 4.48500 
18.50776 4.48600 
18.51197 4.48700 
18.51617 4.48800 
18.52038 4.48900 
18.52459 4.49000 
18.52880 4.49100 
18.53300 4.49200 
18.53721 4.49300 
18.54142 4.49400 
18.54563 4.49500 
18.54983 4.49600 
18.55404 4.49700 
18.55825 4.49800 
18.56246 4.49900 
18.56666 4.50000 
18.57087 4.50100 
18.57508 4.50200 
18.57929 4.50300 
18.58349 4.50400 
18.58770 4.50500 
18.59191 4.50600 
18.59612 4.50700 
18.60032 4.50800 
18.60453 4.50900 
18.60874 4.51000 
18.61295 4.51100 
18.61715 4.51200 
18.62136 4.51300 
18.62557 4.51400 
18.62978 4.51500 
18.63398 4.51600 
18.63819 4.51700 
18.64240 4.51800 
18.64661 4.51900 
18.65081 4.52000 
18.65502 4.52100 
18.65923 4.52200 
18.66343 4.52300 
18.66764 4.52400 
18.67185 4.52500 
18.67606 4.52600 
18.68026 4.52700 
18.68447 4.52800 
18.68868 4.52900 
18.69289 4.53000 
18.69709 4.53100 
18.70130 4.53200 
18.70551 4.53300 
18.70972 4.53400 
18.71392 4.53500 
18.71813 4.53600 
18.72234 4.53700 
18.72655 4.53800 
18.73075 4.53900 
18.73496 4.54000 
18.73917 4.54100 
18.74338 4.54200 
18.74758 4.54300 
18.75179 4.54400 
18.75600 4.54500 
18.76021 4.54600 
18.76441 4.54700 
18.76862 4.54800 
18.77283 4.54900 
18.77704 4.55000 
18.78124 4.55100 
18.78545 4.55200 
18.78966 4.55300 
18.79387 4.55400 
18.79807 4.55500 
18.80228 4.55600 
18.80649 4.55700 
18.81070 4.55800 
18.81490 4.55900 
18.81911 4.56000 
18.82332 4.56100 
18.82753 4.56200 
18.83173 4.56300 
18.83594 4.56400 
18.84015 4.56500 
18.84436 4.56600 
18.84856 4.56700 
18.85277 4.56800 
18.85698 4.56900 
18.86119 4.57000 
18.86539 4.57100 
18.86960 4.57200 
18.87381 4.57300 
18.87802 4.57400 
18.88222 4.57500 
18.88643 4.57600 
18.89064 4.57700 
18.89485 4.57800 
18.89905 4.57900 
18.90326 4.58000 
18.90747 4.58100 
18.91168 4.58200 
18.91588 4.58300 
18.92009 4.58400 
18.92430 4.58500 
18.92851 4.58600 
18.93271 4.58700 
18.93692 4.58800 
18.94113 4.58900 
18.94533 4.59000 
18.94954 4.59100 
18.95375 4.59200 
18.95796 4.59300 
18.96216 4.59400 
18.96637 4.59500 
18.97058 4.59600 
18.97479 4.59700 
18.97899 4.59800 
18.98320 4.59900 
18.98741 4.60000 
18.99162 4.60100 
18.99582 4.60200 
19.00003 4.60300 
19.00424 4.60400 
19.00845 4.60500 
19.01265 4.60600 
19.01686 4.60700 
19.02107 4.60800 
19.02528 4.60900 
19.02948 4.61000 
19.03369 4.61100 
19.03790 4.61200 
19.04211 4.61300 
19.04631 4.61400 
19.05052 4.61500 
19.05473 4.61600 
19.05894 4.61700 
19.06314 4.61800 
19.06735 4.61900 
19.07156 4.62000 
19.07577 4.62100 
19.07997 4.62200 
19.08418 4.62300 
19.08839 4.62400 
19.09260 4.62500 
19.09680 4.62600 
19.10101 4.62700 
19.10522 4.62800 
19.10943 4.62900 
19.11363 4.63000 
19.11784 4.63100 
19.12205 4.63200 
19.12626 4.63300 
19.13046 4.63400 
19.13467 4.63500 
19.13888 4.63600 
19.14309 4.63700 
19.14729 4.63800 
19.15150 4.63900 
19.15571 4.64000 
19.15992 4.64100 
19.16412 4.64200 
19.16833 4.64300 
19.17254 4.64400 
19.17675 4.64500 
19.18095 4.64600 
19.18516 4.64700 
19.18937 4.64800 
19.19358 4.64900 
19.19778 4.65000 
19.20199 4.65100 
19.20620 4.65200 
19.21041 4.65300 
19.21461 4.65400 
19.21882 4.65500 
19.22303 4.65600 
19.22724 4.65700 
19.23144 4.65800 
19.23565 4.65900 
19.23986 4.66000 
19.24406 4.66100 
19.24827 4.66200 
19.25248 4.66300 
19.25669 4.66400 
19.26089 4.66500 
19.26510 4.66600 
19.26931 4.66700 
19.27352 4.66800 
19.27772 4.66900 
19.28193 4.67000 
19.28614 4.67100 
19.29035 4.67200 
19.29455 4.67300 
19.29876 4.67400 
19.30297 4.67500 
19.30718 4.67600 
19.31138 4.67700 
19.31559 4.67800 
19.31980 4.67900 
19.32401 4.68000 
19.32821 4.68100 
19.33242 4.68200 
19.33663 4.68300 
19.34084 4.68400 
19.34504 4.68500 
19.34925 4.68600 
19.35346 4.68700 
19.35767 4.68800 
19.36187 4.68900 
19.36608 4.69000 
19.37029 4.69100 
19.37450 4.69200 
19.37870 4.69300 
19.38291 4.69400 
19.38712 4.69500 
19.39133 4.69600 
19.39553 4.69700 
19.39974 4.69800 
19.40395 4.69900 
19.40816 4.70000 
19.41236 4.70100 
19.41657 4.70200 
19.42078 4.70300 
19.42499 4.70400 
19.42919 4.70500 
19.43340 4.70600 
19.43761 4.70700 
19.44182 4.70800 
19.44602 4.70900 
19.45023 4.71000 
19.45444 4.71100 
19.45865 4.71200 
19.46285 4.71300 
19.46706 4.71400 
19.47127 4.71500 
19.47548 4.71600 
19.47968 4.71700 
19.48389 4.71800 
19.48810 4.71900 
19.49231 4.72000 
19.49651 4.72100 
19.50072 4.72200 
19.50493 4.72300 
19.50914 4.72400 
19.51334 4.72500 
19.51755 4.72600 
19.52176 4.72700 
19.52596 4.72800 
19.53017 4.72900 
19.53438 4.73000 
19.53859 4.73100 
19.54279 4.73200 
19.54700 4.73300 
19.55121 4.73400 
19.55542 4.73500 
19.55962 4.73600 
19.56383 4.73700 
19.56804 4.73800 
19.57225 4.73900 
19.57645 4.74000 
19.58066 4.74100 
19.58487 4.74200 
19.58908 4.74300 
19.59328 4.74400 
19.59749 4.74500 
19.60170 4.74600 
19.60591 4.74700 
19.61011 4.74800 
19.61432 4.74900 
19.61853 4.75000 
19.62274 4.75100 
19.62694 4.75200 
19.63115 4.75300 
19.63536 4.75400 
19.63957 4.75500 
19.64377 4.75600 
19.64798 4.75700 
19.65219 4.75800 
19.65640 4.75900 
19.66060 4.76000 
19.66481 4.76100 
19.66902 4.76200 
19.67323 4.76300 
19.67743 4.76400 
19.68164 4.76500 
19.68585 4.76600 
19.69006 4.76700 
19.69426 4.76800 
19.69847 4.76900 
19.70268 4.77000 
19.70689 4.77100 
19.71109 4.77200 
19.71530 4.77300 
19.71951 4.77400 
19.72372 4.77500 
19.72792 4.77600 
19.73213 4.77700 
19.73634 4.77800 
19.74055 4.77900 
19.74475 4.78000 
19.74896 4.78100 
19.75317 4.78200 
19.75738 4.78300 
19.76158 4.78400 
19.76579 4.78500 
19.77000 4.78600 
19.77421 4.78700 
19.77841 4.78800 
19.78262 4.78900 
19.78683 4.79000 
19.79104 4.79100 
19.79524 4.79200 
19.79945 4.79300 
19.80366 4.79400 
19.80787 4.79500 
19.81207 4.79600 
19.81628 4.79700 
19.82049 4.79800 
19.82469 4.79900 
19.82890 4.80000 
19.83311 4.80100 
19.83732 4.80200 
19.84152 4.80300 
19.84573 4.80400 
19.84994 4.80500 
19.85415 4.80600 
19.85835 4.80700 
19.86256 4.80800 
19.86677 4.80900 
19.87098 4.81000 
19.87518 4.81100 
19.87939 4.81200 
19.88360 4.81300 
19.88781 4.81400 
19.89201 4.81500 
19.89622 4.81600 
19.90043 4.81700 
19.90464 4.81800 
19.90884 4.81900 
19.91305 4.82000 
19.91726 4.82100 
19.92147 4.82200 
19.92567 4.82300 
19.92988 4.82400 
19.93409 4.82500 
19.93830 4.82600 
19.94250 4.82700 
19.94671 4.82800 
19.95092 4.82900 
19.95513 4.83000 
19.95933 4.83100 
19.96354 4.83200 
19.96775 4.83300 
19.97196 4.83400 
19.97616 4.83500 
19.98037 4.83600 
19.98458 4.83700 
19.98879 4.83800 
19.99299 4.83900 
19.99720 4.84000 
20.00141 4.84100 
20.00562 4.84200 
20.00982 4.84300 
20.01403 4.84400 
20.01824 4.84500 
20.02245 4.84600 
20.02665 4.84700 
20.03086 4.84800 
20.03507 4.84900 
20.03928 4.85000 
20.04348 4.85100 
20.04769 4.85200 
20.05190 4.85300 
20.05611 4.85400 
20.06031 4.85500 
20.06452 4.85600 
20.06873 4.85700 
20.07294 4.85800 
20.07714 4.85900 
20.08135 4.86000 
20.08556 4.86100 
20.08977 4.86200 
20.09397 4.86300 
20.09818 4.86400 
20.10239 4.86500 
20.10660 4.86600 
20.11080 4.86700 
20.11501 4.86800 
20.11922 4.86900 
20.12342 4.87000 
20.12763 4.87100 
20.13184 4.87200 
20.13605 4.87300 
20.14025 4.87400 
20.14446 4.87500 
20.14867 4.87600 
20.15288 4.87700 
20.15708 4.87800 
20.16129 4.87900 
20.16550 4.88000 
20.16971 4.88100 
20.17391 4.88200 
20.17812 4.88300 
20.18233 4.88400 
20.18654 4.88500 
20.19074 4.88600 
20.19495 4.88700 
20.19916 4.88800 
20.20337 4.88900 
20.20757 4.89000 
20.21178 4.89100 
20.21599 4.89200 
20.22020 4.89300 
20.22440 4.89400 
20.22861 4.89500 
20.23282 4.89600 
20.23703 4.89700 
20.24123 4.89800 
20.24544 4.89900 
20.24965 4.90000 
20.25386 4.90100 
20.25806 4.90200 
20.26227 4.90300 
20.26648 4.90400 
20.27069 4.90500 
20.27489 4.90600 
20.27910 4.90700 
20.28331 4.90800 
20.28752 4.90900 
20.29172 4.91000 
20.29593 4.91100 
20.30014 4.91200 
20.30435 4.91300 
20.30855 4.91400 
20.31276 4.91500 
20.31697 4.91600 
20.32118 4.91700 
20.32538 4.91800 
20.32959 4.91900 
20.33380 4.92000 
20.33801 4.92100 
20.34221 4.92200 
20.34642 4.92300 
20.35063 4.92400 
20.35484 4.92500 
20.35904 4.92600 
20.36325 4.92700 
20.36746 4.92800 
20.37167 4.92900 
20.37587 4.93000 
20.38008 4.93100 
20.38429 4.93200 
20.38850 4.93300 
20.39270 4.93400 
20.39691 4.93500 
20.40112 4.93600 
20.40532 4.93700 
20.40953 4.93800 
20.41374 4.93900 
20.41795 4.94000 
20.42215 4.94100 
20.42636 4.94200 
20.43057 4.94300 
20.43478 4.94400 
20.43898 4.94500 
20.44319 4.94600 
20.44740 4.94700 
20.45161 4.94800 
20.45581 4.94900 
20.46002 4.95000 
20.46423 4.95100 
20.46844 4.95200 
20.47264 4.95300 
20.47685 4.95400 
20.48106 4.95500 
20.48527 4.95600 
20.48947 4.95700 
20.49368 4.95800 
20.49789 4.95900 
20.50210 4.96000 
20.50630 4.96100 
20.51051 4.96200 
20.51472 4.96300 
20.51893 4.96400 
20.52313 4.96500 
20.52734 4.96600 
20.53155 4.96700 
20.53576 4.96800 
20.53996 4.96900 
20.54417 4.97000 
20.54838 4.97100 
20.55259 4.97200 
20.55679 4.97300 
20.56100 4.97400 
20.56521 4.97500 
20.56942 4.97600 
20.57362 4.97700 
20.57783 4.97800 
20.58204 4.97900 
20.58625 4.98000 
20.59045 4.98100 
20.59466 4.98200 
20.59887 4.98300 
20.60308 4.98400 
20.60728 4.98500 
20.61149 4.98600 
20.61570 4.98700 
20.61991 4.98800 
20.62411 4.98900 
20.62832 4.99000 
20.63253 4.99100 
20.63674 4.99200 
20.64094 4.99300 
20.64515 4.99400 
20.64936 4.99500 
20.65357 4.99600 
20.65777 4.99700 
20.66198 4.99800 
20.66619 4.99900 
