0.00000 0.00000 
-0.00002 0.00100 
-0.00010 0.00200 
-0.00022 0.00300 
-0.00038 0.00400 
-0.00060 0.00500 
-0.00085 0.00600 
-0.00116 0.00700 
-0.00151 0.00800 
-0.00190 0.00900 
-0.00234 0.01000 
-0.00282 0.01100 
-0.00334 0.01200 
-0.00390 0.01300 
-0.00451 0.01400 
-0.00516 0.01500 
-0.00585 0.01600 
-0.00658 0.01700 
-0.00734 0.01800 
-0.00815 0.01900 
-0.00900 0.02000 
-0.00989 0.02100 
-0.01081 0.02200 
-0.01177 0.02300 
-0.01277 0.02400 
-0.01381 0.02500 
-0.01488 0.02600 
-0.01599 0.02700 
-0.01713 0.02800 
-0.01831 0.02900 
-0.01952 0.03000 
-0.02077 0.03100 
-0.02205 0.03200 
-0.02337 0.03300 
-0.02472 0.03400 
-0.02610 0.03500 
-0.02751 0.03600 
-0.02896 0.03700 
-0.03044 0.03800 
-0.03195 0.03900 
-0.03349 0.04000 
-0.03506 0.04100 
-0.03666 0.04200 
-0.03829 0.04300 
-0.03995 0.04400 
-0.04164 0.04500 
-0.04336 0.04600 
-0.04511 0.04700 
-0.04688 0.04800 
-0.04869 0.04900 
-0.05052 0.05000 
-0.05238 0.05100 
-0.05426 0.05200 
-0.05617 0.05300 
-0.05811 0.05400 
-0.06008 0.05500 
-0.06207 0.05600 
-0.06408 0.05700 
-0.06613 0.05800 
-0.06819 0.05900 
-0.07028 0.06000 
-0.07240 0.06100 
-0.07454 0.06200 
-0.07670 0.06300 
-0.07889 0.06400 
-0.08110 0.06500 
-0.08333 0.06600 
-0.08559 0.06700 
-0.08787 0.06800 
-0.09017 0.06900 
-0.09249 0.07000 
-0.09483 0.07100 
-0.09720 0.07200 
-0.09959 0.07300 
-0.10200 0.07400 
-0.10442 0.07500 
-0.10687 0.07600 
-0.10934 0.07700 
-0.11183 0.07800 
-0.11434 0.07900 
-0.11687 0.08000 
-0.11942 0.08100 
-0.12199 0.08200 
-0.12457 0.08300 
-0.12718 0.08400 
-0.12980 0.08500 
-0.13244 0.08600 
-0.13510 0.08700 
-0.13778 0.08800 
-0.14048 0.08900 
-0.14319 0.09000 
-0.14592 0.09100 
-0.14867 0.09200 
-0.15143 0.09300 
-0.15421 0.09400 
-0.15701 0.09500 
-0.15983 0.09600 
-0.16266 0.09700 
-0.16550 0.09800 
-0.16836 0.09900 
-0.17124 0.10000 
-0.17413 0.10100 
-0.17704 0.10200 
-0.17996 0.10300 
-0.18290 0.10400 
-0.18585 0.10500 
-0.18882 0.10600 
-0.19180 0.10700 
-0.19480 0.10800 
-0.19781 0.10900 
-0.20083 0.11000 
-0.20387 0.11100 
-0.20692 0.11200 
-0.20998 0.11300 
-0.21306 0.11400 
-0.21615 0.11500 
-0.21926 0.11600 
-0.22237 0.11700 
-0.22550 0.11800 
-0.22864 0.11900 
-0.23180 0.12000 
-0.23496 0.12100 
-0.23814 0.12200 
-0.24133 0.12300 
-0.24454 0.12400 
-0.24775 0.12500 
-0.25097 0.12600 
-0.25421 0.12700 
-0.25746 0.12800 
-0.26072 0.12900 
-0.26399 0.13000 
-0.26727 0.13100 
-0.27056 0.13200 
-0.27387 0.13300 
-0.27718 0.13400 
-0.28050 0.13500 
-0.28384 0.13600 
-0.28718 0.13700 
-0.29054 0.13800 
-0.29390 0.13900 
-0.29727 0.14000 
-0.30066 0.14100 
-0.30405 0.14200 
-0.30745 0.14300 
-0.31087 0.14400 
-0.31429 0.14500 
-0.31772 0.14600 
-0.32116 0.14700 
-0.32461 0.14800 
-0.32807 0.14900 
-0.33153 0.15000 
-0.33501 0.15100 
-0.33849 0.15200 
-0.34198 0.15300 
-0.34548 0.15400 
-0.34899 0.15500 
-0.35251 0.15600 
-0.35604 0.15700 
-0.35957 0.15800 
-0.36311 0.15900 
-0.36666 0.16000 
-0.37022 0.16100 
-0.37378 0.16200 
-0.37735 0.16300 
-0.38093 0.16400 
-0.38452 0.16500 
-0.38811 0.16600 
-0.39172 0.16700 
-0.39532 0.16800 
-0.39894 0.16900 
-0.40256 0.17000 
-0.40619 0.17100 
-0.40983 0.17200 
-0.41347 0.17300 
-0.41712 0.17400 
-0.42078 0.17500 
-0.42444 0.17600 
-0.42811 0.17700 
-0.43179 0.17800 
-0.43547 0.17900 
-0.43916 0.18000 
-0.44285 0.18100 
-0.44655 0.18200 
-0.45026 0.18300 
-0.45397 0.18400 
-0.45769 0.18500 
-0.46141 0.18600 
-0.46514 0.18700 
-0.46888 0.18800 
-0.47262 0.18900 
-0.47637 0.19000 
-0.48012 0.19100 
-0.48387 0.19200 
-0.48764 0.19300 
-0.49141 0.19400 
-0.49518 0.19500 
-0.49896 0.19600 
-0.50274 0.19700 
-0.50653 0.19800 
-0.51033 0.19900 
-0.51413 0.20000 
-0.51793 0.20100 
-0.52174 0.20200 
-0.52555 0.20300 
-0.52937 0.20400 
-0.53319 0.20500 
-0.53702 0.20600 
-0.54085 0.20700 
-0.54469 0.20800 
-0.54853 0.20900 
-0.55238 0.21000 
-0.55623 0.21100 
-0.56008 0.21200 
-0.56394 0.21300 
-0.56780 0.21400 
-0.57167 0.21500 
-0.57554 0.21600 
-0.57941 0.21700 
-0.58329 0.21800 
-0.58718 0.21900 
-0.59106 0.22000 
-0.59495 0.22100 
-0.59885 0.22200 
-0.60275 0.22300 
-0.60665 0.22400 
-0.61055 0.22500 
-0.61446 0.22600 
-0.61838 0.22700 
-0.62229 0.22800 
-0.62621 0.22900 
-0.63014 0.23000 
-0.63407 0.23100 
-0.63800 0.23200 
-0.64193 0.23300 
-0.64587 0.23400 
-0.64981 0.23500 
-0.65375 0.23600 
-0.65770 0.23700 
-0.66165 0.23800 
-0.66560 0.23900 
-0.66956 0.24000 
-0.67352 0.24100 
-0.67748 0.24200 
-0.68145 0.24300 
-0.68542 0.24400 
-0.68939 0.24500 
-0.69336 0.24600 
-0.69734 0.24700 
-0.70132 0.24800 
-0.70531 0.24900 
-0.70929 0.25000 
-0.71328 0.25100 
-0.71727 0.25200 
-0.72127 0.25300 
-0.72526 0.25400 
-0.72926 0.25500 
-0.73326 0.25600 
-0.73727 0.25700 
-0.74128 0.25800 
-0.74529 0.25900 
-0.74930 0.26000 
-0.75331 0.26100 
-0.75733 0.26200 
-0.76135 0.26300 
-0.76537 0.26400 
-0.76940 0.26500 
-0.77342 0.26600 
-0.77745 0.26700 
-0.78148 0.26800 
-0.78552 0.26900 
-0.78955 0.27000 
-0.79359 0.27100 
-0.79763 0.27200 
-0.80167 0.27300 
-0.80572 0.27400 
-0.80976 0.27500 
-0.81381 0.27600 
-0.81786 0.27700 
-0.82191 0.27800 
-0.82597 0.27900 
-0.83002 0.28000 
-0.83408 0.28100 
-0.83814 0.28200 
-0.84220 0.28300 
-0.84627 0.28400 
-0.85033 0.28500 
-0.85440 0.28600 
-0.85847 0.28700 
-0.86254 0.28800 
-0.86662 0.28900 
-0.87069 0.29000 
-0.87477 0.29100 
-0.87885 0.29200 
-0.88293 0.29300 
-0.88701 0.29400 
-0.89109 0.29500 
-0.89518 0.29600 
-0.89926 0.29700 
-0.90335 0.29800 
-0.90744 0.29900 
-0.91153 0.30000 
-0.91563 0.30100 
-0.91972 0.30200 
-0.92382 0.30300 
-0.92791 0.30400 
-0.93201 0.30500 
-0.93611 0.30600 
-0.94022 0.30700 
-0.94432 0.30800 
-0.94842 0.30900 
-0.95253 0.31000 
-0.95664 0.31100 
-0.96075 0.31200 
-0.96486 0.31300 
-0.96897 0.31400 
-0.97308 0.31500 
-0.97720 0.31600 
-0.98131 0.31700 
-0.98543 0.31800 
-0.98955 0.31900 
-0.99367 0.32000 
-0.99779 0.32100 
-1.00191 0.32200 
-1.00603 0.32300 
-1.01016 0.32400 
-1.01428 0.32500 
-1.01841 0.32600 
-1.02254 0.32700 
-1.02667 0.32800 
-1.03080 0.32900 
-1.03493 0.33000 
-1.03906 0.33100 
-1.04319 0.33200 
-1.04733 0.33300 
-1.05146 0.33400 
-1.05560 0.33500 
-1.05974 0.33600 
-1.06388 0.33700 
-1.06802 0.33800 
-1.07216 0.33900 
-1.07630 0.34000 
-1.08044 0.34100 
-1.08458 0.34200 
-1.08873 0.34300 
-1.09287 0.34400 
-1.09702 0.34500 
-1.10117 0.34600 
-1.10532 0.34700 
-1.10947 0.34800 
-1.11362 0.34900 
-1.11777 0.35000 
-1.12192 0.35100 
-1.12607 0.35200 
-1.13023 0.35300 
-1.13438 0.35400 
-1.13854 0.35500 
-1.14269 0.35600 
-1.14685 0.35700 
-1.15101 0.35800 
-1.15517 0.35900 
-1.15932 0.36000 
-1.16348 0.36100 
-1.16765 0.36200 
-1.17181 0.36300 
-1.17597 0.36400 
-1.18013 0.36500 
-1.18430 0.36600 
-1.18846 0.36700 
-1.19263 0.36800 
-1.19679 0.36900 
-1.20096 0.37000 
-1.20513 0.37100 
-1.20930 0.37200 
-1.21346 0.37300 
-1.21763 0.37400 
-1.22180 0.37500 
-1.22597 0.37600 
-1.23015 0.37700 
-1.23432 0.37800 
-1.23849 0.37900 
-1.24266 0.38000 
-1.24684 0.38100 
-1.25101 0.38200 
-1.25519 0.38300 
-1.25936 0.38400 
-1.26354 0.38500 
-1.26772 0.38600 
-1.27190 0.38700 
-1.27607 0.38800 
-1.28025 0.38900 
-1.28443 0.39000 
-1.28861 0.39100 
-1.29279 0.39200 
-1.29697 0.39300 
-1.30115 0.39400 
-1.30534 0.39500 
-1.30952 0.39600 
-1.31370 0.39700 
-1.31789 0.39800 
-1.32207 0.39900 
-1.32625 0.40000 
-1.33044 0.40100 
-1.33462 0.40200 
-1.33881 0.40300 
-1.34300 0.40400 
-1.34718 0.40500 
-1.35137 0.40600 
-1.35556 0.40700 
-1.35975 0.40800 
-1.36394 0.40900 
-1.36813 0.41000 
-1.37232 0.41100 
-1.37651 0.41200 
-1.38070 0.41300 
-1.38489 0.41400 
-1.38908 0.41500 
-1.39327 0.41600 
-1.39746 0.41700 
-1.40166 0.41800 
-1.40585 0.41900 
-1.41004 0.42000 
-1.41424 0.42100 
-1.41843 0.42200 
-1.42263 0.42300 
-1.42682 0.42400 
-1.43102 0.42500 
-1.43521 0.42600 
-1.43941 0.42700 
-1.44360 0.42800 
-1.44780 0.42900 
-1.45200 0.43000 
-1.45620 0.43100 
-1.46039 0.43200 
-1.46459 0.43300 
-1.46879 0.43400 
-1.47299 0.43500 
-1.47719 0.43600 
-1.48139 0.43700 
-1.48559 0.43800 
-1.48979 0.43900 
-1.49399 0.44000 
-1.49819 0.44100 
-1.50239 0.44200 
-1.50659 0.44300 
-1.51079 0.44400 
-1.51500 0.44500 
-1.51920 0.44600 
-1.52340 0.44700 
-1.52760 0.44800 
-1.53181 0.44900 
-1.53601 0.45000 
-1.54021 0.45100 
-1.54442 0.45200 
-1.54862 0.45300 
-1.55283 0.45400 
-1.55703 0.45500 
-1.56124 0.45600 
-1.56544 0.45700 
-1.56965 0.45800 
-1.57385 0.45900 
-1.57806 0.46000 
-1.58227 0.46100 
-1.58647 0.46200 
-1.59068 0.46300 
-1.59489 0.46400 
-1.59910 0.46500 
-1.60330 0.46600 
-1.60751 0.46700 
-1.61172 0.46800 
-1.61593 0.46900 
-1.62014 0.47000 
-1.62434 0.47100 
-1.62855 0.47200 
-1.63276 0.47300 
-1.63697 0.47400 
-1.64118 0.47500 
-1.64539 0.47600 
-1.64960 0.47700 
-1.65381 0.47800 
-1.65802 0.47900 
-1.66223 0.48000 
-1.66644 0.48100 
-1.67066 0.48200 
-1.67487 0.48300 
-1.67908 0.48400 
-1.68329 0.48500 
-1.68750 0.48600 
-1.69171 0.48700 
-1.69593 0.48800 
-1.70014 0.48900 
-1.70435 0.49000 
-1.70856 0.49100 
-1.71278 0.49200 
-1.71699 0.49300 
-1.72120 0.49400 
-1.72542 0.49500 
-1.72963 0.49600 
-1.73384 0.49700 
-1.73806 0.49800 
-1.74227 0.49900 
-1.74648 0.50000 
-1.75070 0.50100 
-1.75491 0.50200 
-1.75913 0.50300 
-1.76334 0.50400 
-1.76756 0.50500 
-1.77177 0.50600 
-1.77599 0.50700 
-1.78020 0.50800 
-1.78442 0.50900 
-1.78863 0.51000 
-1.79285 0.51100 
-1.79707 0.51200 
-1.80128 0.51300 
-1.80550 0.51400 
-1.80971 0.51500 
-1.81393 0.51600 
-1.81815 0.51700 
-1.82236 0.51800 
-1.82658 0.51900 
-1.83080 0.52000 
-1.83502 0.52100 
-1.83923 0.52200 
-1.84345 0.52300 
-1.84767 0.52400 
-1.85189 0.52500 
-1.85610 0.52600 
-1.86032 0.52700 
-1.86454 0.52800 
-1.86876 0.52900 
-1.87298 0.53000 
-1.87719 0.53100 
-1.88141 0.53200 
-1.88563 0.53300 
-1.88985 0.53400 
-1.89407 0.53500 
-1.89829 0.53600 
-1.90251 0.53700 
-1.90672 0.53800 
-1.91094 0.53900 
-1.91516 0.54000 
-1.91938 0.54100 
-1.92360 0.54200 
-1.92782 0.54300 
-1.93204 0.54400 
-1.93626 0.54500 
-1.94048 0.54600 
-1.94470 0.54700 
-1.94892 0.54800 
-1.95314 0.54900 
-1.95736 0.55000 
-1.96158 0.55100 
-1.96580 0.55200 
-1.97002 0.55300 
-1.97424 0.55400 
-1.97846 0.55500 
-1.98268 0.55600 
-1.98690 0.55700 
-1.99112 0.55800 
-1.99535 0.55900 
-1.99957 0.56000 
-2.00379 0.56100 
-2.00801 0.56200 
-2.01223 0.56300 
-2.01645 0.56400 
-2.02067 0.56500 
-2.02489 0.56600 
-2.02912 0.56700 
-2.03334 0.56800 
-2.03756 0.56900 
-2.04178 0.57000 
-2.04600 0.57100 
-2.05022 0.57200 
-2.05445 0.57300 
-2.05867 0.57400 
-2.06289 0.57500 
-2.06711 0.57600 
-2.07134 0.57700 
-2.07556 0.57800 
-2.07978 0.57900 
-2.08400 0.58000 
-2.08823 0.58100 
-2.09245 0.58200 
-2.09667 0.58300 
-2.10089 0.58400 
-2.10512 0.58500 
-2.10934 0.58600 
-2.11356 0.58700 
-2.11778 0.58800 
-2.12201 0.58900 
-2.12623 0.59000 
-2.13045 0.59100 
-2.13468 0.59200 
-2.13890 0.59300 
-2.14312 0.59400 
-2.14735 0.59500 
-2.15157 0.59600 
-2.15579 0.59700 
-2.16002 0.59800 
-2.16424 0.59900 
-2.16846 0.60000 
-2.17269 0.60100 
-2.17691 0.60200 
-2.18113 0.60300 
-2.18536 0.60400 
-2.18958 0.60500 
-2.19381 0.60600 
-2.19803 0.60700 
-2.20225 0.60800 
-2.20648 0.60900 
-2.21070 0.61000 
-2.21493 0.61100 
-2.21915 0.61200 
-2.22337 0.61300 
-2.22760 0.61400 
-2.23182 0.61500 
-2.23605 0.61600 
-2.24027 0.61700 
-2.24450 0.61800 
-2.24872 0.61900 
-2.25294 0.62000 
-2.25717 0.62100 
-2.26139 0.62200 
-2.26562 0.62300 
-2.26984 0.62400 
-2.27407 0.62500 
-2.27829 0.62600 
-2.28252 0.62700 
-2.28674 0.62800 
-2.29097 0.62900 
-2.29519 0.63000 
-2.29942 0.63100 
-2.30364 0.63200 
-2.30787 0.63300 
-2.31209 0.63400 
-2.31632 0.63500 
-2.32054 0.63600 
-2.32477 0.63700 
-2.32899 0.63800 
-2.33322 0.63900 
-2.33744 0.64000 
-2.34167 0.64100 
-2.34589 0.64200 
-2.35012 0.64300 
-2.35434 0.64400 
-2.35857 0.64500 
-2.36279 0.64600 
-2.36702 0.64700 
-2.37124 0.64800 
-2.37547 0.64900 
-2.37970 0.65000 
-2.38392 0.65100 
-2.38815 0.65200 
-2.39237 0.65300 
-2.39660 0.65400 
-2.40082 0.65500 
-2.40505 0.65600 
-2.40927 0.65700 
-2.41350 0.65800 
-2.41773 0.65900 
-2.42195 0.66000 
-2.42618 0.66100 
-2.43040 0.66200 
-2.43463 0.66300 
-2.43886 0.66400 
-2.44308 0.66500 
-2.44731 0.66600 
-2.45153 0.66700 
-2.45576 0.66800 
-2.45999 0.66900 
-2.46421 0.67000 
-2.46844 0.67100 
-2.47266 0.67200 
-2.47689 0.67300 
-2.48112 0.67400 
-2.48534 0.67500 
-2.48957 0.67600 
-2.49379 0.67700 
-2.49802 0.67800 
-2.50225 0.67900 
-2.50647 0.68000 
-2.51070 0.68100 
-2.51492 0.68200 
-2.51915 0.68300 
-2.52338 0.68400 
-2.52760 0.68500 
-2.53183 0.68600 
-2.53606 0.68700 
-2.54028 0.68800 
-2.54451 0.68900 
-2.54874 0.69000 
-2.55296 0.69100 
-2.55719 0.69200 
-2.56141 0.69300 
-2.56564 0.69400 
-2.56987 0.69500 
-2.57409 0.69600 
-2.57832 0.69700 
-2.58255 0.69800 
-2.58677 0.69900 
-2.59100 0.70000 
-2.59523 0.70100 
-2.59945 0.70200 
-2.60368 0.70300 
-2.60791 0.70400 
-2.61213 0.70500 
-2.61636 0.70600 
-2.62059 0.70700 
-2.62481 0.70800 
-2.62904 0.70900 
-2.63327 0.71000 
-2.63749 0.71100 
-2.64172 0.71200 
-2.64595 0.71300 
-2.65017 0.71400 
-2.65440 0.71500 
-2.65863 0.71600 
-2.66285 0.71700 
-2.66708 0.71800 
-2.67131 0.71900 
-2.67554 0.72000 
-2.67976 0.72100 
-2.68399 0.72200 
-2.68822 0.72300 
-2.69244 0.72400 
-2.69667 0.72500 
-2.70090 0.72600 
-2.70512 0.72700 
-2.70935 0.72800 
-2.71358 0.72900 
-2.71780 0.73000 
-2.72203 0.73100 
-2.72626 0.73200 
-2.73049 0.73300 
-2.73471 0.73400 
-2.73894 0.73500 
-2.74317 0.73600 
-2.74739 0.73700 
-2.75162 0.73800 
-2.75585 0.73900 
-2.76007 0.74000 
-2.76430 0.74100 
-2.76853 0.74200 
-2.77276 0.74300 
-2.77698 0.74400 
-2.78121 0.74500 
-2.78544 0.74600 
-2.78966 0.74700 
-2.79389 0.74800 
-2.79812 0.74900 
-2.80235 0.75000 
-2.80657 0.75100 
-2.81080 0.75200 
-2.81503 0.75300 
-2.81926 0.75400 
-2.82348 0.75500 
-2.82771 0.75600 
-2.83194 0.75700 
-2.83616 0.75800 
-2.84039 0.75900 
-2.84462 0.76000 
-2.84885 0.76100 
-2.85307 0.76200 
-2.85730 0.76300 
-2.86153 0.76400 
-2.86576 0.76500 
-2.86998 0.76600 
-2.87421 0.76700 
-2.87844 0.76800 
-2.88266 0.76900 
-2.88689 0.77000 
-2.89112 0.77100 
-2.89535 0.77200 
-2.89957 0.77300 
-2.90380 0.77400 
-2.90803 0.77500 
-2.91226 0.77600 
-2.91648 0.77700 
-2.92071 0.77800 
-2.92494 0.77900 
-2.92917 0.78000 
-2.93339 0.78100 
-2.93762 0.78200 
-2.94185 0.78300 
-2.94608 0.78400 
-2.95030 0.78500 
-2.95453 0.78600 
-2.95876 0.78700 
-2.96299 0.78800 
-2.96721 0.78900 
-2.97144 0.79000 
-2.97567 0.79100 
-2.97990 0.79200 
-2.98412 0.79300 
-2.98835 0.79400 
-2.99258 0.79500 
-2.99681 0.79600 
-3.00103 0.79700 
-3.00526 0.79800 
-3.00949 0.79900 
-3.01372 0.80000 
-3.01794 0.80100 
-3.02217 0.80200 
-3.02640 0.80300 
-3.03063 0.80400 
-3.03485 0.80500 
-3.03908 0.80600 
-3.04331 0.80700 
-3.04754 0.80800 
-3.05176 0.80900 
-3.05599 0.81000 
-3.06022 0.81100 
-3.06445 0.81200 
-3.06867 0.81300 
-3.07290 0.81400 
-3.07713 0.81500 
-3.08136 0.81600 
-3.08558 0.81700 
-3.08981 0.81800 
-3.09404 0.81900 
-3.09827 0.82000 
-3.10249 0.82100 
-3.10672 0.82200 
-3.11095 0.82300 
-3.11518 0.82400 
-3.11941 0.82500 
-3.12363 0.82600 
-3.12786 0.82700 
-3.13209 0.82800 
-3.13632 0.82900 
-3.14054 0.83000 
-3.14477 0.83100 
-3.14900 0.83200 
-3.15323 0.83300 
-3.15745 0.83400 
-3.16168 0.83500 
-3.16591 0.83600 
-3.17014 0.83700 
-3.17437 0.83800 
-3.17859 0.83900 
-3.18282 0.84000 
-3.18705 0.84100 
-3.19128 0.84200 
-3.19550 0.84300 
-3.19973 0.84400 
-3.20396 0.84500 
-3.20819 0.84600 
-3.21241 0.84700 
-3.21664 0.84800 
-3.22087 0.84900 
-3.22510 0.85000 
-3.22933 0.85100 
-3.23355 0.85200 
-3.23778 0.85300 
-3.24201 0.85400 
-3.24624 0.85500 
-3.25046 0.85600 
-3.25469 0.85700 
-3.25892 0.85800 
-3.26315 0.85900 
-3.26738 0.86000 
-3.27160 0.86100 
-3.27583 0.86200 
-3.28006 0.86300 
-3.28429 0.86400 
-3.28851 0.86500 
-3.29274 0.86600 
-3.29697 0.86700 
-3.30120 0.86800 
-3.30543 0.86900 
-3.30965 0.87000 
-3.31388 0.87100 
-3.31811 0.87200 
-3.32234 0.87300 
-3.32656 0.87400 
-3.33079 0.87500 
-3.33502 0.87600 
-3.33925 0.87700 
-3.34348 0.87800 
-3.34770 0.87900 
-3.35193 0.88000 
-3.35616 0.88100 
-3.36039 0.88200 
-3.36461 0.88300 
-3.36884 0.88400 
-3.37307 0.88500 
-3.37730 0.88600 
-3.38153 0.88700 
-3.38575 0.88800 
-3.38998 0.88900 
-3.39421 0.89000 
-3.39844 0.89100 
-3.40266 0.89200 
-3.40689 0.89300 
-3.41112 0.89400 
-3.41535 0.89500 
-3.41958 0.89600 
-3.42380 0.89700 
-3.42803 0.89800 
-3.43226 0.89900 
-3.43649 0.90000 
-3.44072 0.90100 
-3.44494 0.90200 
-3.44917 0.90300 
-3.45340 0.90400 
-3.45763 0.90500 
-3.46185 0.90600 
-3.46608 0.90700 
-3.47031 0.90800 
-3.47454 0.90900 
-3.47877 0.91000 
-3.48299 0.91100 
-3.48722 0.91200 
-3.49145 0.91300 
-3.49568 0.91400 
-3.49991 0.91500 
-3.50413 0.91600 
-3.50836 0.91700 
-3.51259 0.91800 
-3.51682 0.91900 
-3.52104 0.92000 
-3.52527 0.92100 
-3.52950 0.92200 
-3.53373 0.92300 
-3.53796 0.92400 
-3.54218 0.92500 
-3.54641 0.92600 
-3.55064 0.92700 
-3.55487 0.92800 
-3.55910 0.92900 
-3.56332 0.93000 
-3.56755 0.93100 
-3.57178 0.93200 
-3.57601 0.93300 
-3.58024 0.93400 
-3.58446 0.93500 
-3.58869 0.93600 
-3.59292 0.93700 
-3.59715 0.93800 
-3.60137 0.93900 
-3.60560 0.94000 
-3.60983 0.94100 
-3.61406 0.94200 
-3.61829 0.94300 
-3.62251 0.94400 
-3.62674 0.94500 
-3.63097 0.94600 
-3.63520 0.94700 
-3.63943 0.94800 
-3.64365 0.94900 
-3.64788 0.95000 
-3.65211 0.95100 
-3.65634 0.95200 
-3.66057 0.95300 
-3.66479 0.95400 
-3.66902 0.95500 
-3.67325 0.95600 
-3.67748 0.95700 
-3.68170 0.95800 
-3.68593 0.95900 
-3.69016 0.96000 
-3.69439 0.96100 
-3.69862 0.96200 
-3.70284 0.96300 
-3.70707 0.96400 
-3.71130 0.96500 
-3.71553 0.96600 
-3.71976 0.96700 
-3.72398 0.96800 
-3.72821 0.96900 
-3.73244 0.97000 
-3.73667 0.97100 
-3.74090 0.97200 
-3.74512 0.97300 
-3.74935 0.97400 
-3.75358 0.97500 
-3.75781 0.97600 
-3.76204 0.97700 
-3.76626 0.97800 
-3.77049 0.97900 
-3.77472 0.98000 
-3.77895 0.98100 
-3.78317 0.98200 
-3.78740 0.98300 
-3.79163 0.98400 
-3.79586 0.98500 
-3.80009 0.98600 
-3.80431 0.98700 
-3.80854 0.98800 
-3.81277 0.98900 
-3.81700 0.99000 
-3.82123 0.99100 
-3.82545 0.99200 
-3.82968 0.99300 
-3.83391 0.99400 
-3.83814 0.99500 
-3.84237 0.99600 
-3.84659 0.99700 
-3.85082 0.99800 
-3.85505 0.99900 
