-0.00151 0.01015 
-0.00631 0.02121 
-0.01338 0.03155 
-0.02361 0.04284 
-0.03468 0.05295 
-0.04873 0.06410 
-0.06500 0.07561 
-0.07511 0.08226 
-0.08373 0.08770 
-0.09064 0.09193 
-0.09953 0.09722 
-0.10732 0.10175 
-0.11682 0.10714 
-0.12479 0.11156 
-0.13443 0.11681 
-0.14273 0.12125 
-0.15226 0.12626 
-0.16283 0.13174 
-0.17322 0.13703 
-0.18204 0.14147 
-0.19249 0.14666 
-0.20163 0.15115 
-0.21418 0.15725 
-0.22445 0.16218 
-0.23630 0.16782 
-0.24535 0.17210 
-0.25656 0.17735 
-0.26857 0.18293 
-0.28101 0.18866 
-0.29015 0.19285 
-0.30178 0.19815 
-0.31094 0.20231 
-0.32306 0.20778 
-0.33259 0.21206 
-0.34438 0.21733 
-0.35442 0.22180 
-0.36659 0.22719 
-0.37883 0.23261 
-0.39063 0.23780 
-0.40041 0.24209 
-0.41246 0.24736 
-0.42265 0.25181 
-0.44443 0.26128 
-0.45691 0.26669 
-0.46726 0.27116 
-0.47921 0.27632 
-0.49030 0.28110 
-0.50533 0.28756 
-0.51538 0.29187 
-0.52773 0.29716 
-0.53807 0.30159 
-0.55033 0.30682 
-0.56080 0.31129 
-0.57343 0.31667 
-0.58394 0.32115 
-0.59573 0.32616 
-0.60681 0.33087 
-0.62118 0.33698 
-0.63182 0.34149 
-0.64453 0.34687 
-0.65510 0.35135 
-0.66750 0.35660 
-0.67811 0.36108 
-0.69160 0.36678 
-0.70221 0.37126 
-0.71396 0.37622 
-0.72516 0.38095 
-0.73917 0.38686 
-0.74975 0.39132 
-0.76162 0.39632 
-0.77286 0.40106 
-0.78515 0.40623 
-0.79644 0.41098 
-0.80831 0.41598 
-0.81946 0.42067 
-0.83122 0.42561 
-0.84167 0.43000 
-0.85620 0.43611 
-0.86745 0.44084 
-0.87964 0.44595 
-0.89086 0.45067 
-0.90260 0.45560 
-0.91315 0.46003 
-0.92611 0.46547 
-0.93863 0.47072 
-0.95059 0.47574 
-0.96111 0.48015 
-0.97649 0.48661 
-0.98725 0.49112 
-0.99919 0.49613 
-1.01042 0.50084 
-1.02227 0.50581 
-1.03284 0.51024 
-1.04531 0.51547 
-1.05602 0.51996 
-1.06815 0.52504 
-1.07947 0.52978 
-1.08975 0.53409 
-1.10446 0.54025 
-1.11691 0.54547 
-1.12741 0.54988 
-1.13772 0.55419 
-1.15017 0.55941 
-1.16084 0.56388 
-1.17467 0.56967 
-1.18544 0.57418 
-1.19796 0.57943 
-1.20905 0.58408 
-1.22386 0.59028 
-1.23644 0.59555 
-1.24696 0.59995 
-1.25727 0.60427 
-1.26974 0.60950 
-1.28039 0.61396 
-1.29284 0.61917 
-1.30284 0.62336 
-1.31605 0.62889 
-1.32610 0.63310 
-1.34128 0.63946 
-1.35246 0.64414 
-1.36502 0.64940 
-1.37566 0.65385 
-1.39662 0.66263 
-1.41314 0.66955 
-1.42836 0.67592 
-1.43883 0.68030 
-1.45186 0.68576 
-1.46504 0.69128 
-1.47697 0.69627 
-1.48819 0.70097 
-1.50050 0.70613 
-1.51178 0.71085 
-1.52375 0.71586 
-1.53426 0.72026 
-1.54687 0.72554 
-1.55737 0.72993 
-1.56772 0.73427 
-1.58310 0.74071 
-1.59505 0.74571 
-1.60558 0.75012 
-1.61713 0.75496 
-1.62858 0.75975 
-1.63922 0.76420 
-1.65159 0.76938 
-1.66401 0.77459 
-1.67585 0.77954 
-1.68787 0.78457 
-1.70460 0.79158 
-1.71720 0.79685 
-1.72784 0.80131 
-1.73975 0.80629 
-1.75100 0.81100 
-1.76293 0.81600 
-1.77704 0.82190 
-1.79006 0.82736 
-1.80063 0.83178 
-1.81356 0.83719 
-1.82656 0.84264 
-1.83898 0.84784 
-1.84917 0.85210 
-1.86172 0.85736 
-1.87228 0.86178 
-1.88481 0.86702 
-1.89539 0.87145 
-1.90903 0.87716 
-1.91972 0.88164 
-1.93546 0.88823 
-1.95461 0.89625 
-1.96871 0.90215 
-1.98591 0.90935 
-2.00167 0.91595 
-2.01583 0.92188 
-2.03301 0.92907 
-2.04870 0.93564 
-2.06277 0.94153 
-2.08279 0.94991 
-2.09807 0.95631 
-2.11215 0.96220 
-2.12973 0.96956 
-2.14545 0.97614 
-2.15842 0.98157 
-2.17090 0.98680 
-2.18159 0.99127 
-2.19586 0.99724 
-2.20651 1.00171 
