-0.00702 0.01193 
-0.02020 0.02062 
-0.04742 0.03234 
-0.07418 0.04117 
-0.11546 0.05251 
-0.15276 0.06143 
-0.20482 0.07263 
-0.24923 0.08141 
-0.27584 0.08641 
-0.30740 0.09216 
-0.33122 0.09637 
-0.36810 0.10272 
-0.39478 0.10719 
-0.42822 0.11268 
-0.45611 0.11717 
-0.48921 0.12241 
-0.52145 0.12742 
-0.56691 0.13436 
-0.60062 0.13942 
-0.63288 0.14420 
-0.66820 0.14938 
-0.70103 0.15413 
-0.73576 0.15911 
-0.76676 0.16352 
-0.80414 0.16879 
-0.83577 0.17322 
-0.86714 0.17757 
-0.91472 0.18413 
-0.95133 0.18914 
-0.98376 0.19355 
-1.02253 0.19879 
-1.05535 0.20320 
-1.09287 0.20823 
-1.12912 0.21305 
-1.16185 0.21740 
-1.20169 0.22266 
-1.23707 0.22732 
-1.28942 0.23419 
-1.32796 0.23922 
-1.36430 0.24395 
-1.40256 0.24892 
-1.43674 0.25335 
-1.47444 0.25822 
-1.51172 0.26303 
-1.54665 0.26752 
-1.58714 0.27272 
-1.62231 0.27722 
-1.67067 0.28341 
-1.70910 0.28831 
-1.74964 0.29348 
-1.79703 0.29951 
-1.83415 0.30422 
-1.90151 0.31277 
-1.93824 0.31742 
-1.98411 0.32322 
-2.03406 0.32953 
-2.08109 0.33546 
-2.12557 0.34107 
-2.15975 0.34538 
-2.20260 0.35077 
-2.23705 0.35510 
-2.28026 0.36053 
-2.31551 0.36496 
-2.35772 0.37026 
-2.39355 0.37476 
-2.43547 0.38001 
-2.47708 0.38523 
-2.52177 0.39083 
-2.55635 0.39516 
-2.59833 0.40041 
-2.63422 0.40490 
-2.67621 0.41016 
-2.71180 0.41461 
-2.75348 0.41982 
-2.78973 0.42435 
-2.82982 0.42936 
-2.87733 0.43530 
-2.91983 0.44060 
-2.95540 0.44504 
-2.99882 0.45046 
-3.03487 0.45496 
-3.07759 0.46030 
-3.11307 0.46472 
-3.18778 0.47404 
-3.22783 0.47904 
-3.26312 0.48344 
-3.31486 0.48989 
-3.35095 0.49439 
-3.39168 0.49946 
-3.42948 0.50418 
-3.47110 0.50936 
-3.50921 0.51411 
-3.54926 0.51910 
-3.58451 0.52350 
-3.63800 0.53016 
-3.67388 0.53463 
-3.72846 0.54143 
-3.76386 0.54584 
-3.80561 0.55104 
-3.83983 0.55530 
-3.88223 0.56058 
-3.91784 0.56502 
-3.96140 0.57044 
-3.99710 0.57489 
-4.03922 0.58013 
-4.07497 0.58458 
-4.12358 0.59064 
-4.15951 0.59511 
-4.20201 0.60040 
-4.23758 0.60483 
-4.28806 0.61111 
-4.33004 0.61634 
-4.37617 0.62208 
-4.40990 0.62628 
-4.45555 0.63196 
-4.48930 0.63617 
-4.54212 0.64274 
-4.57849 0.64727 
-4.62066 0.65252 
-4.65581 0.65689 
-4.69903 0.66227 
-4.73267 0.66646 
-4.77728 0.67201 
-4.81130 0.67625 
-4.85403 0.68157 
-4.89030 0.68608 
-4.94167 0.69247 
-4.97684 0.69685 
-5.01968 0.70218 
-5.05377 0.70643 
-5.12434 0.71521 
-5.16800 0.72064 
-5.20358 0.72507 
-5.24743 0.73053 
-5.28298 0.73496 
-5.34059 0.74213 
-5.37450 0.74635 
-5.42028 0.75204 
-5.45411 0.75625 
-5.49872 0.76181 
-5.53255 0.76602 
-5.57444 0.77123 
-5.60861 0.77548 
-5.65162 0.78084 
-5.68625 0.78515 
-5.75068 0.79316 
-5.80119 0.79945 
-5.84786 0.80526 
-5.90633 0.81253 
-5.95918 0.81911 
-6.00559 0.82489 
-6.05753 0.83135 
-6.10442 0.83719 
-6.16980 0.84532 
-6.22600 0.85232 
-6.26829 0.85758 
-6.32392 0.86450 
-6.37035 0.87028 
-6.40620 0.87474 
-6.44915 0.88009 
-6.48510 0.88456 
-6.52738 0.88983 
-6.56894 0.89500 
-6.61161 0.90031 
-6.64753 0.90478 
-6.68975 0.91003 
-6.72554 0.91449 
-6.76565 0.91948 
-6.80341 0.92418 
-6.84490 0.92934 
-6.88277 0.93405 
-6.92286 0.93904 
-6.95810 0.94343 
-7.01405 0.95039 
-7.04975 0.95484 
-7.09194 0.96009 
-7.12787 0.96456 
-7.16795 0.96954 
-7.20579 0.97425 
-7.24587 0.97924 
-7.28389 0.98397 
-7.32503 0.98909 
-7.36033 0.99349 
-7.40848 0.99948 
-7.44658 1.00422 
