0.00917 0.01398 
0.02441 0.02321 
0.05054 0.03408 
0.07892 0.04331 
0.11882 0.05418 
0.15736 0.06335 
0.20449 0.07348 
0.25285 0.08303 
0.27652 0.08747 
0.30328 0.09234 
0.33006 0.09707 
0.35483 0.10135 
0.38591 0.10658 
0.41582 0.11149 
0.44818 0.11669 
0.47568 0.12103 
0.51015 0.12637 
0.54965 0.13237 
0.58148 0.13713 
0.61067 0.14143 
0.64648 0.14664 
0.67688 0.15101 
0.71441 0.15634 
0.74440 0.16055 
0.78405 0.16607 
0.81452 0.17027 
0.85359 0.17560 
0.92519 0.18526 
0.95677 0.18948 
0.99961 0.19516 
1.03183 0.19940 
1.07388 0.20490 
1.10688 0.20920 
1.15553 0.21549 
1.18961 0.21988 
1.23036 0.22510 
1.26351 0.22932 
1.31488 0.23585 
1.34778 0.24001 
1.38892 0.24519 
1.42261 0.24942 
1.46648 0.25491 
1.50091 0.25921 
1.54300 0.26445 
1.57846 0.26885 
1.62089 0.27410 
1.65710 0.27857 
1.70573 0.28457 
1.74234 0.28907 
1.78520 0.29433 
1.82156 0.29878 
1.86415 0.30398 
1.90064 0.30844 
1.98149 0.31829 
2.02235 0.32325 
2.06124 0.32797 
2.10213 0.33293 
2.14698 0.33836 
2.18995 0.34355 
2.22902 0.34827 
2.27056 0.35328 
2.30984 0.35802 
2.35100 0.36298 
2.38744 0.36736 
2.43245 0.37278 
2.46906 0.37718 
2.50484 0.38147 
2.55891 0.38796 
2.60039 0.39294 
2.63706 0.39733 
2.67488 0.40187 
2.71603 0.40679 
2.75565 0.41154 
2.81157 0.41823 
2.85319 0.42320 
2.88992 0.42759 
2.93517 0.43300 
2.98154 0.43854 
3.02320 0.44351 
3.06250 0.44820 
3.10424 0.45318 
3.14124 0.45760 
3.18533 0.46285 
3.22235 0.46727 
3.26508 0.47236 
3.30512 0.47713 
3.34130 0.48144 
3.39287 0.48759 
3.43877 0.49305 
3.47593 0.49748 
3.51691 0.50236 
3.55701 0.50713 
3.59310 0.51142 
3.63721 0.51667 
3.67881 0.52162 
3.72230 0.52680 
3.75981 0.53126 
3.80375 0.53649 
3.85298 0.54234 
3.89304 0.54710 
3.93084 0.55160 
3.97439 0.55678 
4.01201 0.56125 
4.05597 0.56648 
4.09082 0.57062 
4.13703 0.57611 
4.21208 0.58503 
4.25619 0.59027 
4.30389 0.59594 
4.33903 0.60012 
4.38776 0.60591 
4.42308 0.61010 
4.47150 0.61586 
4.51161 0.62062 
4.55800 0.62613 
4.59318 0.63031 
4.63795 0.63563 
4.68354 0.64104 
4.72833 0.64637 
4.76347 0.65054 
4.81003 0.65607 
4.84516 0.66024 
4.89009 0.66558 
4.92680 0.66994 
4.97187 0.67529 
5.00731 0.67950 
5.06538 0.68640 
5.11496 0.69228 
5.16431 0.69814 
5.20955 0.70352 
5.24906 0.70821 
5.29106 0.71320 
5.32832 0.71762 
5.37237 0.72285 
5.41607 0.72804 
5.45947 0.73319 
5.49650 0.73759 
5.54683 0.74357 
5.58640 0.74827 
5.62834 0.75325 
5.66516 0.75762 
5.70926 0.76285 
5.74624 0.76725 
5.78285 0.77159 
5.82650 0.77677 
5.86412 0.78124 
5.90814 0.78647 
5.96151 0.79280 
5.99880 0.79723 
6.03500 0.80153 
6.07867 0.80672 
6.11590 0.81114 
6.16014 0.81639 
6.19547 0.82058 
6.24530 0.82650 
6.28067 0.83070 
6.32708 0.83621 
6.36217 0.84037 
6.41533 0.84669 
6.45400 0.85128 
6.49795 0.85649 
6.53329 0.86069 
6.58121 0.86638 
6.61612 0.87052 
6.66283 0.87607 
6.69800 0.88025 
6.74245 0.88552 
6.77953 0.88993 
6.83258 0.89622 
6.86799 0.90043 
6.91447 0.90595 
6.94958 0.91011 
6.99588 0.91561 
7.03311 0.92003 
7.09627 0.92753 
7.15121 0.93405 
7.18872 0.93851 
7.23063 0.94348 
7.27570 0.94883 
7.33759 0.95618 
7.42064 0.96604 
7.50062 0.97554 
7.58956 0.98609 
7.62470 0.99027 
7.68036 0.99687 
7.71929 1.00150 
