0.02779 0.02276 
0.05269 0.03179 
0.08920 0.04204 
0.13670 0.05294 
0.18311 0.06213 
0.26765 0.07678 
0.33431 0.08712 
0.40254 0.09697 
0.43907 0.10200 
0.47411 0.10669 
0.51209 0.11166 
0.54654 0.11606 
0.58533 0.12091 
0.62441 0.12570 
0.66156 0.13017 
0.71053 0.13596 
0.75299 0.14088 
0.79486 0.14566 
0.85044 0.15190 
0.89342 0.15666 
0.93873 0.16160 
1.01801 0.17012 
1.06691 0.17529 
1.11116 0.17993 
1.16190 0.18519 
1.20682 0.18981 
1.25835 0.19506 
1.31663 0.20094 
1.36404 0.20569 
1.40950 0.21021 
1.46175 0.21538 
1.50708 0.21983 
1.56063 0.22506 
1.60340 0.22921 
1.66041 0.23472 
1.71109 0.23958 
1.76666 0.24490 
1.82259 0.25022 
1.87803 0.25546 
1.92531 0.25992 
1.98123 0.26517 
2.03036 0.26977 
2.08663 0.27502 
2.13171 0.27921 
2.19094 0.28470 
2.23637 0.28890 
2.29716 0.29450 
2.35643 0.29995 
2.41405 0.30523 
2.46182 0.30959 
2.52017 0.31491 
2.56626 0.31911 
2.63602 0.32544 
2.70206 0.33143 
2.75087 0.33584 
2.81572 0.34169 
2.86458 0.34610 
2.94574 0.35340 
3.00727 0.35892 
3.06972 0.36452 
3.11653 0.36871 
3.17607 0.37403 
3.22278 0.37820 
3.28398 0.38366 
3.33181 0.38792 
3.39361 0.39343 
3.44243 0.39777 
3.51340 0.40408 
3.56281 0.40846 
3.62169 0.41369 
3.66986 0.41795 
3.72940 0.42323 
3.77967 0.42768 
3.84163 0.43316 
3.89186 0.43760 
3.95600 0.44327 
4.00633 0.44771 
4.07924 0.45414 
4.12941 0.45857 
4.18845 0.46377 
4.23668 0.46802 
4.29605 0.47325 
4.34636 0.47768 
4.40591 0.48292 
4.45685 0.48740 
4.51698 0.49269 
4.56765 0.49714 
4.63516 0.50307 
4.68659 0.50759 
4.74855 0.51303 
4.79945 0.51750 
4.85875 0.52271 
4.91418 0.52757 
4.97840 0.53320 
5.02860 0.53761 
5.08916 0.54292 
5.14441 0.54776 
5.22319 0.55467 
5.27590 0.55928 
5.38179 0.56856 
5.45197 0.57471 
5.50832 0.57964 
5.58669 0.58650 
5.64553 0.59165 
5.69587 0.59606 
5.75137 0.60092 
5.81882 0.60682 
5.87613 0.61183 
5.92962 0.61651 
5.98711 0.62154 
6.03740 0.62594 
6.10815 0.63213 
6.17082 0.63761 
6.23107 0.64288 
6.28801 0.64786 
6.34891 0.65318 
6.41186 0.65869 
6.47278 0.66401 
6.52038 0.66817 
6.58228 0.67358 
6.63056 0.67780 
6.69073 0.68306 
6.74098 0.68746 
6.80321 0.69289 
6.85407 0.69734 
6.91390 0.70257 
6.97424 0.70784 
7.03475 0.71313 
7.08549 0.71756 
7.14569 0.72282 
7.19671 0.72728 
7.25660 0.73251 
7.30777 0.73698 
7.36502 0.74198 
7.41886 0.74668 
7.49238 0.75311 
7.55523 0.75860 
7.61467 0.76379 
7.66322 0.76803 
7.72292 0.77325 
7.77352 0.77766 
7.83383 0.78293 
7.88505 0.78741 
7.94554 0.79269 
7.99659 0.79715 
8.06665 0.80327 
8.12929 0.80874 
8.19188 0.81420 
8.24245 0.81862 
8.30463 0.82405 
8.35199 0.82819 
8.41371 0.83358 
8.46235 0.83783 
8.52299 0.84312 
8.57399 0.84757 
8.63888 0.85324 
8.70073 0.85864 
8.78159 0.86570 
8.84721 0.87143 
8.89758 0.87583 
8.94725 0.88017 
9.00677 0.88537 
9.05810 0.88985 
9.11832 0.89511 
9.16610 0.89928 
9.22920 0.90479 
9.30510 0.91142 
9.35556 0.91582 
9.40563 0.92020 
9.46493 0.92537 
9.51801 0.93001 
9.57795 0.93524 
9.62798 0.93961 
9.68878 0.94492 
9.73691 0.94912 
9.80687 0.95523 
9.87776 0.96142 
9.97422 0.96984 
10.03483 0.97514 
10.08753 0.97974 
10.14784 0.98500 
10.19592 0.98920 
10.26227 0.99500 
10.31032 0.99919 
10.37371 1.00473 
