-0.00439 0.01258 
-0.01594 0.02448 
-0.02875 0.03339 
-0.05326 0.04649 
-0.07576 0.05637 
-0.10931 0.06916 
-0.13813 0.07898 
-0.16722 0.08817 
-0.18313 0.09296 
-0.19779 0.09726 
-0.21625 0.10252 
-0.23253 0.10704 
-0.25188 0.11229 
-0.26763 0.11648 
-0.28881 0.12199 
-0.30521 0.12618 
-0.32741 0.13175 
-0.35379 0.13824 
-0.37350 0.14300 
-0.39224 0.14748 
-0.41416 0.15264 
-0.43333 0.15710 
-0.45620 0.16236 
-0.47456 0.16654 
-0.49909 0.17207 
-0.51789 0.17627 
-0.54274 0.18177 
-0.56186 0.18596 
-0.59098 0.19230 
-0.61041 0.19650 
-0.63611 0.20201 
-0.65575 0.20619 
-0.68258 0.21188 
-0.70259 0.21609 
-0.72794 0.22140 
-0.74912 0.22582 
-0.77440 0.23106 
-0.79495 0.23530 
-0.82955 0.24241 
-0.85104 0.24681 
-0.87707 0.25211 
-0.89779 0.25632 
-0.92496 0.26182 
-0.94559 0.26598 
-0.97298 0.27149 
-1.01823 0.28056 
-1.04067 0.28504 
-1.07292 0.29146 
-1.09496 0.29583 
-1.12257 0.30131 
-1.14379 0.30550 
-1.17145 0.31096 
-1.19300 0.31521 
-1.21965 0.32046 
-1.24216 0.32488 
-1.26992 0.33032 
-1.29247 0.33474 
-1.32702 0.34150 
-1.34974 0.34593 
-1.37713 0.35128 
-1.39848 0.35544 
-1.42631 0.36085 
-1.44809 0.36509 
-1.47519 0.37035 
-1.49803 0.37478 
-1.52962 0.38091 
-1.55490 0.38581 
-1.59032 0.39266 
-1.62329 0.39904 
-1.64610 0.40345 
-1.67341 0.40872 
-1.69624 0.41313 
-1.71883 0.41748 
-1.74575 0.42267 
-1.76881 0.42712 
-1.79608 0.43237 
-1.81775 0.43654 
-1.85349 0.44342 
-1.88168 0.44884 
-1.90488 0.45330 
-1.93025 0.45818 
-1.95501 0.46294 
-1.97759 0.46727 
-2.00710 0.47294 
-2.02978 0.47729 
-2.05711 0.48254 
-2.07993 0.48692 
-2.11246 0.49316 
-2.13854 0.49816 
-2.16349 0.50294 
-2.18705 0.50746 
-2.21412 0.51265 
-2.23746 0.51712 
-2.26493 0.52238 
-2.28666 0.52654 
-2.31629 0.53222 
-2.33814 0.53640 
-2.36705 0.54194 
-2.39934 0.54812 
-2.42463 0.55296 
-2.44726 0.55729 
-2.47480 0.56256 
-2.49963 0.56731 
-2.53049 0.57321 
-2.55444 0.57780 
-2.58138 0.58295 
-2.60428 0.58733 
-2.63171 0.59258 
-2.66451 0.59885 
-2.68771 0.60328 
-2.71319 0.60816 
-2.73827 0.61295 
-2.76079 0.61726 
-2.78819 0.62250 
-2.81214 0.62707 
-2.83954 0.63231 
-2.86154 0.63652 
-2.89042 0.64204 
-2.92541 0.64873 
-2.94838 0.65312 
-2.97478 0.65816 
-3.00001 0.66298 
-3.02281 0.66734 
-3.05011 0.67256 
-3.09685 0.68149 
-3.11984 0.68588 
-3.14925 0.69150 
-3.17856 0.69710 
-3.20602 0.70235 
-3.22783 0.70651 
-3.25747 0.71217 
-3.27940 0.71637 
-3.30845 0.72192 
-3.33034 0.72610 
-3.35823 0.73143 
-3.38115 0.73580 
-3.40838 0.74101 
-3.43056 0.74524 
-3.46790 0.75238 
-3.48964 0.75653 
-3.51838 0.76202 
-3.54026 0.76620 
-3.56794 0.77149 
-3.59154 0.77599 
-3.61941 0.78132 
-3.64129 0.78550 
-3.67061 0.79110 
-3.69277 0.79533 
-3.72721 0.80191 
-3.74913 0.80609 
-3.77886 0.81177 
-3.80082 0.81597 
-3.82861 0.82127 
-3.85042 0.82544 
-3.88776 0.83257 
-3.92179 0.83907 
-3.95237 0.84491 
-3.99664 0.85337 
-4.03275 0.86027 
-4.06322 0.86608 
-4.09968 0.87305 
-4.13305 0.87942 
-4.16355 0.88525 
-4.20100 0.89240 
-4.23524 0.89894 
-4.27272 0.90610 
-4.30716 0.91268 
-4.34231 0.91939 
-4.37319 0.92529 
-4.41208 0.93271 
-4.44077 0.93819 
-4.46574 0.94296 
-4.48834 0.94728 
-4.52514 0.95431 
-4.55126 0.95930 
-4.57603 0.96402 
-4.60206 0.96900 
-4.62508 0.97339 
-4.65049 0.97825 
-4.67543 0.98301 
-4.70017 0.98773 
-4.72620 0.99271 
-4.74964 0.99718 
-4.78166 1.00330 
