0.00581 0.01338 
0.02182 0.02665 
0.04424 0.03886 
0.07056 0.05016 
0.09414 0.05889 
0.12819 0.07016 
0.17489 0.08401 
0.21538 0.09504 
0.23447 0.10001 
0.25504 0.10524 
0.27209 0.10948 
0.29429 0.11488 
0.31223 0.11917 
0.33451 0.12440 
0.35368 0.12884 
0.37777 0.13432 
0.39772 0.13880 
0.43153 0.14628 
0.45563 0.15153 
0.47983 0.15673 
0.50070 0.16118 
0.52556 0.16644 
0.54540 0.17059 
0.57172 0.17606 
0.59191 0.18023 
0.61762 0.18550 
0.63939 0.18993 
0.67121 0.19637 
0.69200 0.20055 
0.72657 0.20745 
0.77235 0.21653 
0.79579 0.22115 
0.82252 0.22639 
0.84386 0.23057 
0.87286 0.23622 
0.89466 0.24045 
0.92901 0.24710 
0.95224 0.25158 
0.97922 0.25677 
1.00244 0.26123 
1.02968 0.26645 
1.05150 0.27062 
1.08037 0.27612 
1.10228 0.28029 
1.13024 0.28561 
1.15333 0.28999 
1.19862 0.29856 
1.23761 0.30592 
1.27134 0.31228 
1.29685 0.31708 
1.31959 0.32136 
1.34757 0.32661 
1.37079 0.33097 
1.39906 0.33627 
1.42138 0.34045 
1.45626 0.34698 
1.48261 0.35190 
1.56402 0.36710 
1.59167 0.37226 
1.61743 0.37706 
1.64126 0.38150 
1.66923 0.38671 
1.69395 0.39131 
1.73036 0.39808 
1.75718 0.40306 
1.78497 0.40823 
1.81633 0.41405 
1.84207 0.41883 
1.87022 0.42406 
1.89426 0.42852 
1.92327 0.43390 
1.94744 0.43838 
1.97451 0.44340 
2.00415 0.44890 
2.03259 0.45417 
2.05665 0.45863 
2.08365 0.46363 
2.10905 0.46834 
2.13690 0.47349 
2.16268 0.47827 
2.18954 0.48324 
2.21491 0.48794 
2.24270 0.49308 
2.26641 0.49747 
2.29956 0.50360 
2.32501 0.50831 
2.35605 0.51406 
2.38006 0.51850 
2.40722 0.52352 
2.43276 0.52825 
2.45997 0.53328 
2.48531 0.53797 
2.51199 0.54290 
2.53564 0.54727 
2.56946 0.55353 
2.59493 0.55824 
2.62199 0.56324 
2.64731 0.56792 
2.67407 0.57287 
2.69792 0.57728 
2.72134 0.58161 
2.74930 0.58677 
2.77362 0.59127 
2.80200 0.59652 
2.83586 0.60277 
2.86008 0.60725 
2.89189 0.61313 
2.93687 0.62144 
2.96517 0.62667 
2.98984 0.63123 
3.01819 0.63647 
3.04081 0.64065 
3.07159 0.64634 
3.10018 0.65162 
3.12832 0.65682 
3.15257 0.66130 
3.18093 0.66654 
3.20534 0.67105 
3.23426 0.67640 
3.25692 0.68058 
3.28664 0.68607 
3.30926 0.69025 
3.34112 0.69614 
3.37877 0.70310 
3.40273 0.70752 
3.43112 0.71277 
3.45738 0.71762 
3.48595 0.72290 
3.50986 0.72732 
3.53719 0.73237 
3.56281 0.73710 
3.58618 0.74142 
3.61454 0.74666 
3.63824 0.75103 
3.67149 0.75718 
3.69479 0.76148 
3.72303 0.76670 
3.74706 0.77114 
3.77544 0.77638 
3.79810 0.78057 
3.82814 0.78612 
3.85080 0.79030 
3.88147 0.79597 
3.90408 0.80015 
3.93839 0.80649 
3.96085 0.81063 
3.99059 0.81613 
4.01690 0.82099 
4.04579 0.82633 
4.06839 0.83050 
4.09844 0.83605 
4.12123 0.84026 
4.14995 0.84557 
4.17353 0.84993 
4.20867 0.85642 
4.23140 0.86062 
4.26212 0.86629 
4.28491 0.87050 
4.31492 0.87605 
4.33757 0.88023 
4.36612 0.88550 
4.38980 0.88988 
4.41804 0.89510 
4.44126 0.89939 
4.47643 0.90588 
4.49925 0.91010 
4.52895 0.91559 
4.55541 0.92047 
4.59375 0.92756 
4.62440 0.93322 
4.64810 0.93760 
4.67660 0.94286 
4.70046 0.94727 
4.72391 0.95160 
4.75874 0.95804 
4.78600 0.96307 
4.80979 0.96747 
4.84245 0.97350 
4.86788 0.97820 
4.89481 0.98317 
4.91853 0.98756 
4.95076 0.99351 
4.98342 0.99954 
5.02952 1.00806 
