-0.00851 0.01172 
-0.03033 0.02259 
-0.05799 0.03178 
-0.10035 0.04266 
-0.14373 0.05192 
-0.21187 0.06444 
-0.26948 0.07387 
-0.32289 0.08199 
-0.35560 0.08673 
-0.39094 0.09169 
-0.42334 0.09611 
-0.46571 0.10173 
-0.50008 0.10617 
-0.54674 0.11207 
-0.58496 0.11678 
-0.62623 0.12178 
-0.66586 0.12650 
-0.71919 0.13272 
-0.75814 0.13720 
-0.80207 0.14218 
-0.84430 0.14690 
-0.88968 0.15191 
-0.93286 0.15663 
-0.97866 0.16158 
-1.02023 0.16603 
-1.06635 0.17093 
-1.11145 0.17567 
-1.18000 0.18281 
-1.23004 0.18798 
-1.28476 0.19358 
-1.32642 0.19782 
-1.38510 0.20375 
-1.42746 0.20801 
-1.48110 0.21338 
-1.52481 0.21773 
-1.57831 0.22302 
-1.62293 0.22742 
-1.68421 0.23344 
-1.72832 0.23775 
-1.78294 0.24307 
-1.82932 0.24758 
-1.88547 0.25301 
-1.93147 0.25745 
-1.98606 0.26270 
-2.03280 0.26719 
-2.08798 0.27247 
-2.13546 0.27700 
-2.19910 0.28307 
-2.25698 0.28857 
-2.32342 0.29486 
-2.37921 0.30014 
-2.43969 0.30585 
-2.50612 0.31211 
-2.55952 0.31714 
-2.61695 0.32253 
-2.72549 0.33271 
-2.77344 0.33720 
-2.83070 0.34256 
-2.87906 0.34707 
-2.93658 0.35244 
-2.98510 0.35696 
-3.03873 0.36196 
-3.08944 0.36668 
-3.14430 0.37178 
-3.19481 0.37648 
-3.25895 0.38244 
-3.30775 0.38697 
-3.36170 0.39197 
-3.41254 0.39669 
-3.46647 0.40168 
-3.51408 0.40609 
-3.57655 0.41188 
-3.62783 0.41662 
-3.68142 0.42158 
-3.72908 0.42599 
-3.78780 0.43142 
-3.84792 0.43697 
-3.90212 0.44198 
-3.95299 0.44667 
-4.00857 0.45181 
-4.05965 0.45652 
-4.11702 0.46181 
-4.17192 0.46688 
-4.22593 0.47186 
-4.27714 0.47658 
-4.33119 0.48156 
-4.39199 0.48717 
-4.45032 0.49254 
-4.49898 0.49702 
-4.55313 0.50201 
-4.60410 0.50671 
-4.66236 0.51207 
-4.71378 0.51681 
-4.76809 0.52181 
-4.81933 0.52652 
-4.87313 0.53148 
-4.93308 0.53699 
-4.98734 0.54199 
-5.03857 0.54670 
-5.09469 0.55186 
-5.14622 0.55661 
-5.20025 0.56158 
-5.24824 0.56599 
-5.30122 0.57086 
-5.35328 0.57565 
-5.40187 0.58012 
-5.47230 0.58660 
-5.52718 0.59165 
-5.57510 0.59605 
-5.63261 0.60134 
-5.68100 0.60579 
-5.73585 0.61083 
-5.79310 0.61610 
-5.85006 0.62133 
-5.89813 0.62575 
-5.94504 0.63006 
-6.01157 0.63618 
-6.07005 0.64156 
-6.11803 0.64597 
-6.17114 0.65085 
-6.22382 0.65569 
-6.27114 0.66004 
-6.32785 0.66525 
-6.37815 0.66988 
-6.43512 0.67511 
-6.48266 0.67948 
-6.54083 0.68483 
-6.61475 0.69162 
-6.66876 0.69658 
-6.72307 0.70158 
-6.77142 0.70602 
-6.83015 0.71142 
-6.88695 0.71664 
-6.94097 0.72160 
-6.98918 0.72603 
-7.11802 0.73787 
-7.19632 0.74506 
-7.26876 0.75172 
-7.33144 0.75748 
-7.40324 0.76408 
-7.46612 0.76986 
-7.53446 0.77614 
-7.60795 0.78289 
-7.68444 0.78992 
-7.75951 0.79682 
-7.82691 0.80301 
-7.88292 0.80816 
-7.94660 0.81401 
-8.00020 0.81893 
-8.06034 0.82446 
-8.10594 0.82865 
-8.16397 0.83398 
-8.20969 0.83818 
-8.28309 0.84492 
-8.32860 0.84911 
-8.39027 0.85477 
-8.43589 0.85896 
-8.49597 0.86448 
-8.54183 0.86870 
-8.59954 0.87400 
-8.64480 0.87816 
-8.70359 0.88356 
-8.75001 0.88783 
-8.81901 0.89417 
-8.86727 0.89860 
-8.92383 0.90380 
-8.96997 0.90804 
-9.03120 0.91366 
-9.07760 0.91793 
-9.14366 0.92399 
-9.18897 0.92816 
-9.24829 0.93361 
-9.29445 0.93785 
-9.36341 0.94419 
-9.41239 0.94869 
-9.47081 0.95405 
-9.51869 0.95845 
-9.57553 0.96367 
-9.62180 0.96793 
-9.68304 0.97355 
-9.72918 0.97779 
-9.78700 0.98310 
-9.83538 0.98755 
-9.90357 0.99382 
-9.94996 0.99808 
-10.00820 1.00343 
