0.00851 0.01048 
0.03758 0.02250 
0.07133 0.03148 
0.13379 0.04405 
0.19519 0.05411 
0.28190 0.06634 
0.35350 0.07538 
0.43916 0.08534 
0.48708 0.09062 
0.52793 0.09498 
0.57916 0.10029 
0.62050 0.10446 
0.67813 0.11014 
0.72140 0.11431 
0.77746 0.11959 
0.82487 0.12397 
0.88249 0.12921 
0.93007 0.13345 
1.00420 0.13996 
1.10500 0.14860 
1.15789 0.15306 
1.23025 0.15907 
1.28224 0.16334 
1.36615 0.17015 
1.41827 0.17434 
1.48941 0.17999 
1.54235 0.18417 
1.62686 0.19077 
1.68460 0.19524 
1.75264 0.20048 
1.80710 0.20464 
1.87922 0.21011 
1.93471 0.21430 
2.00567 0.21963 
2.06425 0.22400 
2.13804 0.22949 
2.19750 0.23389 
2.28332 0.24020 
2.34031 0.24438 
2.41601 0.24990 
2.47368 0.25409 
2.55576 0.26004 
2.61465 0.26429 
2.68874 0.26962 
2.75018 0.27403 
2.82387 0.27931 
2.88399 0.28360 
2.97677 0.29020 
3.03586 0.29440 
3.11433 0.29996 
3.17357 0.30414 
3.25593 0.30996 
3.31531 0.31414 
3.39315 0.31961 
3.45546 0.32398 
3.52953 0.32917 
3.59059 0.33344 
3.68455 0.34001 
3.74537 0.34425 
3.82722 0.34995 
3.88753 0.35415 
3.96390 0.35946 
4.02400 0.36363 
4.11525 0.36996 
4.17547 0.37413 
4.25239 0.37946 
4.31274 0.38363 
4.39241 0.38914 
4.46955 0.39447 
4.54995 0.40001 
4.61041 0.40418 
4.68918 0.40961 
4.75314 0.41402 
4.82878 0.41922 
4.89029 0.42345 
4.96817 0.42881 
5.03115 0.43314 
5.10733 0.43837 
5.18768 0.44389 
5.26686 0.44932 
5.33883 0.45426 
5.43919 0.46114 
5.50446 0.46561 
5.57994 0.47079 
5.66040 0.47630 
5.73010 0.48107 
5.79311 0.48538 
5.86980 0.49063 
5.96095 0.49687 
6.02558 0.50129 
6.10912 0.50700 
6.17375 0.51142 
6.24491 0.51629 
6.31477 0.52106 
6.39825 0.52677 
6.46385 0.53125 
6.52714 0.53557 
6.60306 0.54076 
6.76753 0.55199 
6.84226 0.55709 
6.90658 0.56148 
6.99111 0.56725 
7.07250 0.57281 
7.16446 0.57908 
7.22654 0.58332 
7.30774 0.58886 
7.38716 0.59428 
7.46543 0.59961 
7.52954 0.60399 
7.60634 0.60923 
7.66835 0.61345 
7.74497 0.61868 
7.80965 0.62309 
7.91279 0.63012 
7.99139 0.63548 
8.06792 0.64070 
8.16165 0.64709 
8.22567 0.65145 
8.30780 0.65705 
8.37255 0.66147 
8.44430 0.66636 
8.52032 0.67154 
8.59714 0.67677 
8.66210 0.68120 
8.74768 0.68704 
8.82114 0.69204 
8.90867 0.69801 
8.97413 0.70247 
9.05394 0.70791 
9.11992 0.71240 
9.19304 0.71738 
9.26166 0.72206 
9.33586 0.72712 
9.40049 0.73152 
9.47800 0.73680 
9.54244 0.74119 
9.63084 0.74722 
9.69525 0.75160 
9.77243 0.75686 
9.83686 0.76125 
9.91088 0.76630 
9.98108 0.77108 
10.06481 0.77678 
10.12923 0.78117 
10.19237 0.78547 
10.26893 0.79069 
10.33463 0.79517 
10.42438 0.80128 
10.48760 0.80559 
10.56365 0.81077 
10.62882 0.81521 
10.70586 0.82046 
10.76728 0.82464 
10.85069 0.83032 
10.91183 0.83449 
10.99485 0.84014 
11.05596 0.84431 
11.14896 0.85064 
11.21274 0.85499 
11.28985 0.86024 
11.35156 0.86444 
11.43261 0.86996 
11.49365 0.87412 
11.58302 0.88021 
11.66068 0.88550 
11.73698 0.89070 
11.80067 0.89504 
11.89073 0.90117 
11.95387 0.90547 
12.03054 0.91070 
12.09445 0.91505 
12.17220 0.92035 
12.23328 0.92451 
12.31452 0.93004 
12.37573 0.93421 
12.45336 0.93950 
12.51794 0.94390 
12.66442 0.95387 
12.74301 0.95923 
12.80551 0.96349 
12.88946 0.96920 
12.95129 0.97342 
13.04080 0.97951 
13.10493 0.98388 
13.18135 0.98909 
13.24437 0.99338 
13.32172 0.99865 
13.40225 1.00413 
