0.00705 0.02372 
0.01107 0.03007 
0.02163 0.04300 
0.03522 0.05611 
0.04201 0.06187 
0.05638 0.07300 
0.07214 0.08407 
0.07918 0.08873 
0.08687 0.09366 
0.09387 0.09803 
0.10124 0.10251 
0.10951 0.10743 
0.11711 0.11184 
0.12623 0.11703 
0.13369 0.12118 
0.14417 0.12692 
0.15457 0.13249 
0.16394 0.13743 
0.17254 0.14190 
0.18267 0.14709 
0.19084 0.15122 
0.20189 0.15675 
0.21036 0.16093 
0.22115 0.16621 
0.23019 0.17058 
0.24363 0.17703 
0.25732 0.18351 
0.26834 0.18868 
0.27896 0.19363 
0.28849 0.19804 
0.29898 0.20286 
0.30954 0.20768 
0.31899 0.21197 
0.33056 0.21720 
0.34026 0.22156 
0.35214 0.22687 
0.36399 0.23215 
0.38415 0.24106 
0.39734 0.24686 
0.40693 0.25106 
0.41990 0.25672 
0.42954 0.26091 
0.44258 0.26657 
0.45222 0.27074 
0.46446 0.27601 
0.47404 0.28014 
0.48917 0.28663 
0.50059 0.29151 
0.51306 0.29684 
0.52289 0.30102 
0.53620 0.30668 
0.54605 0.31086 
0.55940 0.31652 
0.56936 0.32073 
0.58187 0.32602 
0.59175 0.33018 
0.60725 0.33671 
0.61717 0.34088 
0.63046 0.34647 
0.64048 0.35067 
0.65282 0.35584 
0.66288 0.36006 
0.67637 0.36570 
0.68652 0.36994 
0.69915 0.37521 
0.70972 0.37962 
0.72451 0.38579 
0.74405 0.39393 
0.75682 0.39924 
0.76885 0.40424 
0.78016 0.40894 
0.79212 0.41391 
0.80352 0.41864 
0.81594 0.42379 
0.82657 0.42820 
0.83924 0.43345 
0.85246 0.43893 
0.86757 0.44519 
0.88080 0.45066 
0.89349 0.45591 
0.90374 0.46015 
0.91671 0.46551 
0.92709 0.46980 
0.93980 0.47506 
0.95047 0.47947 
0.96378 0.48496 
0.97644 0.49019 
0.99092 0.49617 
1.00157 0.50056 
1.01720 0.50701 
1.02733 0.51119 
1.04067 0.51670 
1.05078 0.52087 
1.06364 0.52617 
1.07422 0.53053 
1.08684 0.53573 
1.09959 0.54099 
1.11332 0.54665 
1.12343 0.55081 
1.13625 0.55609 
1.14628 0.56023 
1.15950 0.56567 
1.16973 0.56989 
1.18283 0.57528 
1.19356 0.57970 
1.20636 0.58497 
1.21914 0.59023 
1.23433 0.59649 
1.24450 0.60067 
1.25768 0.60610 
1.26770 0.61022 
1.28093 0.61567 
1.29113 0.61987 
1.30399 0.62516 
1.31473 0.62958 
1.32749 0.63483 
1.35107 0.64454 
1.36198 0.64903 
1.37447 0.65416 
1.38582 0.65884 
1.39862 0.66410 
1.41020 0.66887 
1.42265 0.67399 
1.43412 0.67871 
1.44608 0.68363 
1.45679 0.68803 
1.47142 0.69405 
1.48402 0.69923 
1.49712 0.70462 
1.50794 0.70908 
1.52006 0.71406 
1.53141 0.71873 
1.54379 0.72382 
1.55444 0.72820 
1.56724 0.73347 
1.57790 0.73785 
1.59278 0.74397 
1.60417 0.74866 
1.61633 0.75366 
1.62702 0.75805 
1.63893 0.76295 
1.65042 0.76768 
1.66084 0.77196 
1.67351 0.77717 
1.68461 0.78174 
1.69733 0.78697 
1.71080 0.79251 
1.72283 0.79746 
1.73730 0.80341 
1.74798 0.80780 
1.75846 0.81211 
1.77107 0.81730 
1.78199 0.82179 
1.79471 0.82702 
1.80484 0.83118 
1.81853 0.83681 
1.83140 0.84211 
1.84411 0.84733 
1.85496 0.85180 
1.86775 0.85705 
1.87788 0.86122 
1.89127 0.86672 
1.90140 0.87089 
1.91439 0.87623 
1.92506 0.88062 
1.93774 0.88584 
1.94803 0.89007 
1.96400 0.89663 
1.97534 0.90130 
1.98919 0.90699 
1.99940 0.91119 
2.01273 0.91667 
2.02290 0.92086 
2.03589 0.92620 
2.04653 0.93057 
2.05917 0.93577 
2.06947 0.94001 
2.08925 0.94814 
2.10637 0.95518 
2.12079 0.96111 
2.13791 0.96815 
2.15494 0.97515 
2.16941 0.98110 
2.18597 0.98791 
2.20546 0.99592 
2.22556 1.00419 
