-0.02078 0.01855 
-0.08809 0.03937 
-0.14069 0.05056 
-0.20434 0.06190 
-0.26269 0.07108 
-0.33062 0.08080 
-0.41672 0.09209 
-0.49233 0.10132 
-0.58929 0.11246 
-0.67274 0.12155 
-0.72885 0.12747 
-0.77440 0.13216 
-0.83231 0.13801 
-0.87741 0.14248 
-0.92858 0.14747 
-0.97791 0.15221 
-1.03152 0.15728 
-1.08186 0.16198 
-1.14767 0.16803 
-1.21690 0.17430 
-1.28073 0.18000 
-1.33560 0.18484 
-1.39647 0.19016 
-1.44527 0.19438 
-1.50983 0.19992 
-1.55946 0.20414 
-1.62210 0.20942 
-1.67465 0.21382 
-1.73714 0.21902 
-1.80160 0.22433 
-1.86991 0.22993 
-1.92182 0.23415 
-1.99212 0.23984 
-2.04423 0.24403 
-2.11101 0.24937 
-2.16361 0.25356 
-2.23517 0.25923 
-2.28934 0.26350 
-2.35824 0.26891 
-2.42494 0.27412 
-2.49317 0.27943 
-2.55661 0.28435 
-2.62843 0.28989 
-2.68291 0.29409 
-2.75419 0.29955 
-2.81210 0.30398 
-2.88233 0.30934 
-2.93723 0.31351 
-3.00886 0.31894 
-3.07912 0.32426 
-3.14930 0.32955 
-3.20807 0.33397 
-3.27778 0.33921 
-3.33444 0.34345 
-3.45928 0.35278 
-3.53356 0.35831 
-3.59347 0.36277 
-3.66678 0.36821 
-3.72756 0.37272 
-3.81395 0.37911 
-3.87169 0.38338 
-3.95537 0.38955 
-4.01507 0.39395 
-4.08678 0.39923 
-4.14435 0.40346 
-4.21724 0.40881 
-4.27602 0.41312 
-4.35032 0.41856 
-4.41062 0.42298 
-4.51456 0.43058 
-4.57412 0.43493 
-4.64705 0.44025 
-4.70496 0.44447 
-4.78109 0.45001 
-4.83909 0.45424 
-4.91196 0.45954 
-4.97251 0.46394 
-5.04398 0.46913 
-5.10241 0.47337 
-5.19444 0.48005 
-5.25274 0.48428 
-5.33530 0.49026 
-5.39312 0.49445 
-5.46969 0.49999 
-5.52770 0.50419 
-5.60153 0.50953 
-5.66277 0.51396 
-5.73807 0.51940 
-5.79920 0.52381 
-5.88664 0.53013 
-5.94491 0.53434 
-6.02419 0.54006 
-6.08269 0.54428 
-6.15980 0.54984 
-6.21796 0.55403 
-6.29171 0.55934 
-6.34962 0.56352 
-6.42516 0.56896 
-6.48420 0.57321 
-6.57169 0.57951 
-6.63265 0.58390 
-6.70485 0.58909 
-6.77412 0.59408 
-6.85500 0.59989 
-6.91380 0.60412 
-6.98760 0.60943 
-7.04910 0.61385 
-7.12175 0.61907 
-7.18115 0.62334 
-7.27100 0.62980 
-7.32956 0.63401 
-7.40407 0.63936 
-7.46174 0.64350 
-7.53958 0.64909 
-7.59896 0.65336 
-7.67688 0.65895 
-7.73602 0.66320 
-7.80980 0.66850 
-7.87155 0.67293 
-7.98539 0.68110 
-8.07451 0.68749 
-8.16789 0.69420 
-8.26133 0.70090 
-8.34911 0.70720 
-8.43064 0.71305 
-8.53058 0.72021 
-8.62165 0.72675 
-8.71441 0.73340 
-8.81514 0.74062 
-8.97611 0.75217 
-9.06829 0.75877 
-9.14669 0.76439 
-9.24213 0.77124 
-9.32426 0.77712 
-9.40163 0.78267 
-9.47445 0.78789 
-9.53732 0.79240 
-9.61836 0.79821 
-9.68050 0.80266 
-9.75322 0.80787 
-9.81562 0.81234 
-9.88560 0.81736 
-9.95163 0.82209 
-10.02153 0.82710 
-10.09820 0.83260 
-10.17460 0.83807 
-10.23717 0.84255 
-10.30665 0.84753 
-10.37344 0.85232 
-10.44322 0.85732 
-10.50887 0.86202 
-10.57854 0.86702 
-10.63982 0.87141 
-10.70787 0.87628 
-10.77507 0.88110 
-10.86078 0.88724 
-10.92650 0.89195 
-11.00892 0.89785 
-11.07127 0.90232 
-11.14359 0.90750 
-11.20934 0.91221 
-11.27907 0.91721 
-11.34483 0.92192 
-11.41428 0.92689 
-11.47560 0.93129 
-11.56153 0.93744 
-11.62710 0.94214 
-11.69670 0.94713 
-11.75809 0.95153 
-11.83349 0.95693 
-11.89498 0.96133 
-11.96307 0.96621 
-12.02967 0.97098 
-12.09011 0.97531 
-12.16346 0.98057 
-12.25231 0.98693 
-12.31452 0.99139 
-12.40401 0.99780 
-12.47783 1.00309 
