0.00000 0.00000 
-0.01906 0.02000 
-0.07035 0.04000 
-0.14652 0.06000 
-0.24192 0.08000 
-0.35218 0.10000 
-0.47391 0.12000 
-0.60451 0.14000 
-0.74196 0.16000 
-0.88470 0.18000 
-1.03152 0.20000 
-1.18150 0.22000 
-1.33393 0.24000 
-1.48823 0.26000 
-1.64400 0.28000 
-1.80089 0.30000 
-1.95864 0.32000 
-2.11707 0.34000 
-2.27602 0.36000 
-2.43536 0.38000 
-2.59502 0.40000 
-2.75492 0.42000 
-2.91500 0.44000 
-3.07522 0.46000 
-3.23555 0.48000 
-3.39597 0.50000 
-3.55645 0.52000 
-3.71699 0.54000 
-3.87756 0.56000 
-4.03817 0.58000 
-4.19880 0.60000 
-4.35944 0.62000 
-4.52010 0.64000 
-4.68077 0.66000 
-4.84145 0.68000 
-5.00214 0.70000 
-5.16283 0.72000 
-5.32352 0.74000 
-5.48422 0.76000 
-5.64491 0.78000 
-5.80561 0.80000 
-5.96632 0.82000 
-6.12702 0.84000 
-6.28772 0.86000 
-6.44843 0.88000 
-6.60913 0.90000 
-6.76984 0.92000 
-6.93055 0.94000 
-7.09125 0.96000 
-7.25196 0.98000 
-7.41266 1.00000 
