0.00000 0.00000 
-0.02405 0.02000 
-0.09075 0.04000 
-0.19298 0.06000 
-0.32479 0.08000 
-0.48124 0.10000 
-0.65822 0.12000 
-0.85229 0.14000 
-1.06059 0.16000 
-1.28074 0.18000 
-1.51077 0.20000 
-1.74902 0.22000 
-1.99413 0.24000 
-2.24493 0.26000 
-2.50049 0.28000 
-2.76000 0.30000 
-3.02281 0.32000 
-3.28836 0.34000 
-3.55620 0.36000 
-3.82594 0.38000 
-4.09727 0.40000 
-4.36991 0.42000 
-4.64366 0.44000 
-4.91832 0.46000 
-5.19374 0.48000 
-5.46980 0.50000 
-5.74639 0.52000 
-6.02342 0.54000 
-6.30081 0.56000 
-6.57851 0.58000 
-6.85647 0.60000 
-7.13464 0.62000 
-7.41298 0.64000 
-7.69147 0.66000 
-7.97008 0.68000 
-8.24880 0.70000 
-8.52760 0.72000 
-8.80647 0.74000 
-9.08540 0.76000 
-9.36438 0.78000 
-9.64340 0.80000 
-9.92245 0.82000 
-10.20153 0.84000 
-10.48064 0.86000 
-10.75976 0.88000 
-11.03890 0.90000 
-11.31805 0.92000 
-11.59722 0.94000 
-11.87639 0.96000 
-12.15558 0.98000 
-12.43477 1.00000 
