0.00000 0.00000 
-0.01081 0.02000 
-0.04031 0.04000 
-0.08479 0.06000 
-0.14126 0.08000 
-0.20734 0.10000 
-0.28111 0.12000 
-0.36104 0.14000 
-0.44590 0.16000 
-0.53472 0.18000 
-0.62671 0.20000 
-0.72123 0.22000 
-0.81778 0.24000 
-0.91596 0.26000 
-1.01544 0.28000 
-1.11597 0.30000 
-1.21733 0.32000 
-1.31936 0.34000 
-1.42193 0.36000 
-1.52492 0.38000 
-1.62826 0.40000 
-1.73188 0.42000 
-1.83571 0.44000 
-1.93972 0.46000 
-2.04388 0.48000 
-2.14815 0.50000 
-2.25250 0.52000 
-2.35693 0.54000 
-2.46142 0.56000 
-2.56596 0.58000 
-2.67053 0.60000 
-2.77514 0.62000 
-2.87976 0.64000 
-2.98441 0.66000 
-3.08907 0.68000 
-3.19374 0.70000 
-3.29843 0.72000 
-3.40312 0.74000 
-3.50782 0.76000 
-3.61252 0.78000 
-3.71722 0.80000 
-3.82193 0.82000 
-3.92665 0.84000 
-4.03136 0.86000 
-4.13608 0.88000 
-4.24079 0.90000 
-4.34551 0.92000 
-4.45023 0.94000 
-4.55495 0.96000 
-4.65967 0.98000 
-4.76439 1.00000 
