0.00000 0.00000 
-0.02400 0.02000 
-0.08909 0.04000 
-0.18655 0.06000 
-0.30950 0.08000 
-0.45255 0.10000 
-0.61143 0.12000 
-0.78278 0.14000 
-0.96396 0.16000 
-1.15288 0.18000 
-1.34790 0.20000 
-1.54773 0.22000 
-1.75134 0.24000 
-1.95794 0.26000 
-2.16689 0.28000 
-2.37769 0.30000 
-2.58995 0.32000 
-2.80336 0.34000 
-3.01768 0.36000 
-3.23270 0.38000 
-3.44829 0.40000 
-3.66433 0.42000 
-3.88071 0.44000 
-4.09737 0.46000 
-4.31424 0.48000 
-4.53129 0.50000 
-4.74847 0.52000 
-4.96575 0.54000 
-5.18312 0.56000 
-5.40055 0.58000 
-5.61804 0.60000 
-5.83557 0.62000 
-6.05313 0.64000 
-6.27071 0.66000 
-6.48831 0.68000 
-6.70593 0.70000 
-6.92357 0.72000 
-7.14121 0.74000 
-7.35886 0.76000 
-7.57651 0.78000 
-7.79417 0.80000 
-8.01183 0.82000 
-8.22950 0.84000 
-8.44717 0.86000 
-8.66484 0.88000 
-8.88251 0.90000 
-9.10019 0.92000 
-9.31786 0.94000 
-9.53554 0.96000 
-9.75321 0.98000 
-9.97089 1.00000 
