0.00000 0.00000 
-0.00564 0.02000 
-0.02081 0.04000 
-0.04336 0.06000 
-0.07161 0.08000 
-0.10429 0.10000 
-0.14038 0.12000 
-0.17911 0.14000 
-0.21989 0.16000 
-0.26225 0.18000 
-0.30584 0.20000 
-0.35037 0.22000 
-0.39564 0.24000 
-0.44148 0.26000 
-0.48775 0.28000 
-0.53436 0.30000 
-0.58124 0.32000 
-0.62831 0.34000 
-0.67555 0.36000 
-0.72291 0.38000 
-0.77036 0.40000 
-0.81788 0.42000 
-0.86546 0.44000 
-0.91308 0.46000 
-0.96074 0.48000 
-1.00843 0.50000 
-1.05613 0.52000 
-1.10385 0.54000 
-1.15158 0.56000 
-1.19932 0.58000 
-1.24707 0.60000 
-1.29482 0.62000 
-1.34258 0.64000 
-1.39034 0.66000 
-1.43811 0.68000 
-1.48587 0.70000 
-1.53364 0.72000 
-1.58141 0.74000 
-1.62918 0.76000 
-1.67695 0.78000 
-1.72472 0.80000 
-1.77249 0.82000 
-1.82026 0.84000 
-1.86803 0.86000 
-1.91580 0.88000 
-1.96358 0.90000 
-2.01135 0.92000 
-2.05912 0.94000 
-2.10689 0.96000 
-2.15467 0.98000 
-2.20244 1.00000 
