0.00000 0.00000 
0.02996 0.02000 
0.11182 0.04000 
0.23537 0.06000 
0.39240 0.08000 
0.57632 0.10000 
0.78184 0.12000 
1.00470 0.14000 
1.24149 0.16000 
1.48946 0.18000 
1.74643 0.20000 
2.01060 0.22000 
2.28057 0.24000 
2.55520 0.26000 
2.83357 0.28000 
3.11494 0.30000 
3.39872 0.32000 
3.68444 0.34000 
3.97171 0.36000 
4.26023 0.38000 
4.54976 0.40000 
4.84009 0.42000 
5.13106 0.44000 
5.42256 0.46000 
5.71447 0.48000 
6.00672 0.50000 
6.29924 0.52000 
6.59197 0.54000 
6.88488 0.56000 
7.17793 0.58000 
7.47109 0.60000 
7.76434 0.62000 
8.05766 0.64000 
8.35104 0.66000 
8.64447 0.68000 
8.93793 0.70000 
9.23142 0.72000 
9.52494 0.74000 
9.81848 0.76000 
10.11203 0.78000 
10.40559 0.80000 
10.69917 0.82000 
10.99275 0.84000 
11.28634 0.86000 
11.57993 0.88000 
11.87353 0.90000 
12.16713 0.92000 
12.46074 0.94000 
12.75434 0.96000 
13.04795 0.98000 
13.34156 1.00000 
