0.00000 0.00000 
0.00507 0.02000 
0.01891 0.04000 
0.03975 0.06000 
0.06619 0.08000 
0.09708 0.10000 
0.13155 0.12000 
0.16887 0.14000 
0.20847 0.16000 
0.24988 0.18000 
0.29275 0.20000 
0.33678 0.22000 
0.38173 0.24000 
0.42743 0.26000 
0.47372 0.28000 
0.52048 0.30000 
0.56762 0.32000 
0.61506 0.34000 
0.66274 0.36000 
0.71062 0.38000 
0.75865 0.40000 
0.80680 0.42000 
0.85505 0.44000 
0.90337 0.46000 
0.95176 0.48000 
1.00020 0.50000 
1.04868 0.52000 
1.09719 0.54000 
1.14573 0.56000 
1.19429 0.58000 
1.24286 0.60000 
1.29145 0.62000 
1.34005 0.64000 
1.38865 0.66000 
1.43726 0.68000 
1.48588 0.70000 
1.53450 0.72000 
1.58313 0.74000 
1.63175 0.76000 
1.68038 0.78000 
1.72901 0.80000 
1.77765 0.82000 
1.82628 0.84000 
1.87491 0.86000 
1.92355 0.88000 
1.97218 0.90000 
2.02082 0.92000 
2.06946 0.94000 
2.11809 0.96000 
2.16673 0.98000 
2.21537 1.00000 
