0.00000 0.00000 
0.01263 0.02000 
0.04666 0.04000 
0.09731 0.06000 
0.16086 0.08000 
0.23441 0.10000 
0.31574 0.12000 
0.40309 0.14000 
0.49513 0.16000 
0.59079 0.18000 
0.68928 0.20000 
0.78995 0.22000 
0.89233 0.24000 
0.99602 0.26000 
1.10073 0.28000 
1.20624 0.30000 
1.31237 0.32000 
1.41897 0.34000 
1.52595 0.36000 
1.63321 0.38000 
1.74070 0.40000 
1.84836 0.42000 
1.95616 0.44000 
2.06406 0.46000 
2.17204 0.48000 
2.28008 0.50000 
2.38818 0.52000 
2.49631 0.54000 
2.60447 0.56000 
2.71265 0.58000 
2.82085 0.60000 
2.92907 0.62000 
3.03729 0.64000 
3.14553 0.66000 
3.25377 0.68000 
3.36201 0.70000 
3.47026 0.72000 
3.57852 0.74000 
3.68677 0.76000 
3.79503 0.78000 
3.90328 0.80000 
4.01154 0.82000 
4.11980 0.84000 
4.22806 0.86000 
4.33632 0.88000 
4.44458 0.90000 
4.55285 0.92000 
4.66111 0.94000 
4.76937 0.96000 
4.87763 0.98000 
4.98589 1.00000 
