0.00000 0.00000 
0.01834 0.02000 
0.06814 0.04000 
0.14280 0.06000 
0.23711 0.08000 
0.34696 0.10000 
0.46910 0.12000 
0.60094 0.14000 
0.74045 0.16000 
0.88603 0.18000 
1.03641 0.20000 
1.19057 0.22000 
1.34773 0.24000 
1.50726 0.26000 
1.66866 0.28000 
1.83154 0.30000 
1.99559 0.32000 
2.16057 0.34000 
2.32627 0.36000 
2.49256 0.38000 
2.65930 0.40000 
2.82640 0.42000 
2.99379 0.44000 
3.16140 0.46000 
3.32919 0.48000 
3.49712 0.50000 
3.66516 0.52000 
3.83330 0.54000 
4.00150 0.56000 
4.16975 0.58000 
4.33805 0.60000 
4.50638 0.62000 
4.67475 0.64000 
4.84313 0.66000 
5.01153 0.68000 
5.17994 0.70000 
5.34836 0.72000 
5.51679 0.74000 
5.68523 0.76000 
5.85367 0.78000 
6.02212 0.80000 
6.19057 0.82000 
6.35902 0.84000 
6.52748 0.86000 
6.69593 0.88000 
6.86439 0.90000 
7.03285 0.92000 
7.20131 0.94000 
7.36977 0.96000 
7.53823 0.98000 
7.70669 1.00000 
