0.00000 0.00000 
0.02166 0.02000 
0.08126 0.04000 
0.17186 0.06000 
0.28780 0.08000 
0.42443 0.10000 
0.57797 0.12000 
0.74533 0.14000 
0.92398 0.16000 
1.11185 0.18000 
1.30725 0.20000 
1.50882 0.22000 
1.71541 0.24000 
1.92612 0.26000 
2.14018 0.28000 
2.35699 0.30000 
2.57605 0.32000 
2.79693 0.34000 
3.01931 0.36000 
3.24292 0.38000 
3.46752 0.40000 
3.69294 0.42000 
3.91903 0.44000 
4.14566 0.46000 
4.37274 0.48000 
4.60018 0.50000 
4.82791 0.52000 
5.05589 0.54000 
5.28407 0.56000 
5.51241 0.58000 
5.74089 0.60000 
5.96947 0.62000 
6.19814 0.64000 
6.42688 0.66000 
6.65568 0.68000 
6.88453 0.70000 
7.11342 0.72000 
7.34234 0.74000 
7.57129 0.76000 
7.80026 0.78000 
8.02925 0.80000 
8.25825 0.82000 
8.48726 0.84000 
8.71628 0.86000 
8.94531 0.88000 
9.17435 0.90000 
9.40339 0.92000 
9.63243 0.94000 
9.86148 0.96000 
10.09053 0.98000 
10.31959 1.00000 
